 0.00000000000000E+00
-0.41277693348252E-23
-0.48032224987057E-21
 0.79253171228644E-21
-0.38954518722303E-19
-0.59204164724787E-20
-0.91773757922792E-20
-0.21518436794202E-19
-0.64770368245921E-19
-0.83417757263922E-19
-0.48482883458611E-19
-0.16941499444324E-18
-0.12895111092747E-18
 0.40156811988482E-11
 0.14243663080546E-13
-0.19310613674588E-10
 0.13232079753470E-11
 0.50376755242669E-11
-0.25690472367213E-11
-0.86279557482145E-11
 0.11693436089918E-10
-0.11281856275239E-09
-0.48974346119789E-09
 0.20578717339680E-08
 0.25621628378190E-06
-0.27415398848947E-06
-0.55049601280821E-07
 0.20386037447735E-06
 0.46471958838588E-06
 0.52079998201844E-06
-0.29824959003146E-06
-0.17247931854421E-06
-0.30473162277941E-08
 0.35479852500573E-07
-0.54957114525252E-08
 0.44607943688779E-06
-0.19814179472360E-06
-0.21507132273905E-06
-0.23396860127197E-06
 0.24415472052792E-06
 0.14032010762806E-06
 0.18808653971136E-07
 0.12679925559177E-06
 0.17326834879830E-06
 0.53091153024147E-06
 0.60885434007092E-06
 0.77092125914472E-06
 0.14221381556503E-05
 0.16747299842866E-05
 0.24283394467454E-05
 0.31910672797224E-05
 0.40261323008950E-05
 0.53248191070606E-05
 0.68577518068130E-05
 0.88521738216079E-05
 0.11295560834698E-04
 0.14297485270682E-04
 0.17602138385283E-04
 0.21929994419058E-04
 0.26850646810701E-04
 0.32895112060064E-04
 0.39839582851644E-04
 0.48054970578343E-04
 0.57618288278595E-04
 0.68632995942314E-04
 0.81327411291947E-04
 0.95919888059148E-04
 0.11240825448093E-03
 0.13126155255308E-03
 0.15258054618656E-03
 0.17653081813549E-03
 0.20336667603019E-03
 0.23347222675397E-03
 0.26702631730184E-03
 0.30416757284895E-03
 0.34540190258992E-03
 0.39076637409472E-03
 0.44076622245868E-03
 0.49530866091584E-03
 0.55603389743395E-03
 0.62046030790189E-03
 0.69362041209132E-03
 0.77291673201525E-03
 0.85337368982197E-03
 0.94596063239810E-03
 0.10429752940319E-02
 0.11485415162704E-02
 0.12620471714372E-02
 0.13838181757469E-02
 0.15143049410078E-02
 0.16537879545746E-02
 0.18026478833119E-02
 0.19613711368265E-02
 0.21303581619411E-02
 0.23098602095722E-02
 0.25003886873243E-02
 0.27022931641008E-02
 0.29160307999218E-02
 0.31419777162448E-02
 0.33805669425450E-02
 0.36321884144741E-02
 0.38973255352142E-02
 0.41763657125483E-02
 0.44697175940682E-02
 0.47778411075210E-02
 0.51011181897111E-02
 0.54400713892721E-02
 0.57950707063969E-02
 0.61665969887815E-02
 0.65550999942582E-02
 0.69609713654548E-02
 0.73846533948690E-02
 0.78266164854096E-02
 0.82869888050334E-02
 0.87672597846111E-02
 0.92661752398373E-02
 0.97850835725660E-02
 0.10325938023334E-01
 0.10887674199244E-01
 0.11467893724699E-01
 0.12069517453496E-01
 0.12694201032465E-01
 0.13340594561300E-01
 0.14009212961853E-01
 0.14700243048760E-01
 0.15413927429112E-01
 0.16150115180467E-01
 0.16909074427258E-01
 0.17690636727083E-01
 0.18494765791244E-01
 0.19321305865366E-01
 0.20169864604258E-01
 0.21040310835950E-01
 0.21931976798761E-01
 0.22844527103738E-01
 0.23777166098498E-01
 0.24729146549752E-01
 0.25699612480420E-01
 0.26687620893334E-01
 0.27692090802817E-01
 0.28711965354669E-01
 0.29745367168880E-01
 0.30791911632954E-01
 0.31849565682166E-01
 0.32916560317758E-01
 0.33991160983167E-01
 0.35072176189581E-01
 0.36157827720996E-01
 0.37246527737562E-01
 0.38336066198911E-01
 0.39423924463848E-01
 0.40507919098479E-01
 0.41587123248231E-01
 0.42659837607602E-01
 0.43724039428636E-01
 0.44776793143329E-01
 0.45817674703307E-01
 0.46843335322931E-01
 0.47853242554866E-01
 0.48844904147467E-01
 0.49816876451776E-01
 0.50767251738352E-01
 0.51694840080326E-01
 0.52598254157989E-01
 0.53475887646433E-01
 0.54326655577642E-01
 0.55148946220966E-01
 0.55942226958291E-01
 0.56705306305353E-01
 0.57437404598679E-01
 0.58137932065330E-01
 0.58806531418225E-01
 0.59442695908523E-01
 0.60046074714931E-01
 0.60616960326684E-01
 0.61155404143408E-01
 0.61661863137805E-01
 0.62136802981683E-01
 0.62580944610503E-01
 0.62995197333965E-01
 0.63380326062729E-01
 0.63736884272650E-01
 0.64065935542414E-01
 0.64369283208583E-01
 0.64648085758257E-01
 0.64903178824257E-01
 0.65135597588813E-01
 0.65346503690402E-01
 0.65537270300843E-01
 0.65708552416474E-01
 0.65861859774686E-01
 0.65998177210178E-01
 0.66118294384290E-01
 0.66223123589910E-01
 0.66313515283735E-01
 0.66390380459363E-01
 0.66454433046201E-01
 0.66506389798665E-01
 0.66546933882998E-01
 0.66576548104813E-01
 0.66595963363657E-01
 0.66605878794200E-01
 0.66606816156683E-01
 0.66599100377796E-01
 0.66583141581392E-01
 0.66559476659394E-01
 0.66528622508498E-01
 0.66490891894955E-01
 0.66446797993547E-01
 0.66396682322525E-01
 0.66340605756609E-01
 0.66278987836811E-01
 0.66212504706199E-01
 0.66141308190143E-01
 0.66065190166634E-01
 0.65984945148498E-01
 0.65900738847428E-01
 0.65812622919148E-01
 0.65721018893984E-01
 0.65625977198498E-01
 0.65527810153979E-01
 0.65426836667506E-01
 0.65322897694469E-01
 0.65216360901307E-01
 0.65107372244985E-01
 0.64996105741617E-01
 0.64882687462912E-01
 0.64767277508469E-01
 0.64649926661232E-01
 0.64530904560873E-01
 0.64410213179061E-01
 0.64288009309723E-01
 0.64164400097110E-01
 0.64039455682761E-01
 0.63913319125950E-01
 0.63786054709013E-01
 0.63657723015672E-01
 0.63528457900883E-01
 0.63398209190667E-01
 0.63267259209664E-01
 0.63135634929938E-01
 0.63003144371545E-01
 0.62870086191056E-01
 0.62736629369194E-01
 0.62602574515057E-01
 0.62468022950900E-01
 0.62333109871558E-01
 0.62197861439077E-01
 0.62062278403426E-01
 0.61926428462475E-01
 0.61790363467208E-01
 0.61654110148902E-01
 0.61517696780344E-01
 0.61381162358719E-01
 0.61244605305722E-01
 0.61107970159902E-01
 0.60971247790745E-01
 0.60834506520009E-01
 0.60697968152386E-01
 0.60561369841125E-01
 0.60424856851897E-01
 0.60288385423719E-01
 0.60152046184041E-01
 0.60015864835721E-01
 0.59879870511808E-01
 0.59744040934205E-01
 0.59608382373734E-01
 0.59472909216493E-01
 0.59337684254889E-01
 0.59202685057377E-01
 0.59067886801187E-01
 0.58933357780983E-01
 0.58799115747719E-01
 0.58665178463829E-01
 0.58531479107533E-01
 0.58398117339751E-01
 0.58265031014504E-01
 0.58132279493524E-01
 0.57999877642763E-01
 0.57867805560244E-01
 0.57736015168990E-01
 0.57604583344361E-01
 0.57473469872911E-01
 0.57342729796703E-01
 0.57212350389122E-01
 0.57082373615529E-01
 0.56952645633760E-01
 0.56823439020798E-01
 0.56694493875586E-01
 0.56565916347960E-01
 0.56437793319581E-01
 0.56310105197349E-01
 0.56182668381405E-01
 0.56055643657672E-01
 0.55929043139476E-01
 0.55802849961464E-01
 0.55677096448180E-01
 0.55551645577438E-01
 0.55426576611971E-01
 0.55301912332595E-01
