 0.00000000000000E+00
-0.17555778232769E-22
-0.48740967151310E-21
-0.35751345702366E-20
-0.57416599716752E-19
-0.97932796787833E-19
-0.90452215808704E-19
-0.15188327501827E-18
-0.26022143146481E-18
-0.42004775582256E-18
-0.58065939252479E-18
-0.77017149473860E-18
-0.92982347719437E-18
-0.50951412470823E-11
-0.12997405330138E-11
-0.24565724336127E-11
 0.43188572854861E-11
-0.45777294895642E-11
 0.37486915624189E-11
 0.38911622893473E-10
 0.58642229258319E-10
 0.22307233120014E-09
 0.86392138711348E-10
 0.33549851471000E-08
-0.35786541883428E-06
-0.26578767277545E-06
 0.54496436372150E-06
-0.23945385335844E-06
-0.63077919207287E-06
 0.10365054896766E-05
 0.20022451369734E-06
-0.59903939436982E-06
 0.94115954622879E-06
 0.14900040914208E-07
 0.59550485945217E-06
 0.62148511356170E-07
-0.45909179734802E-07
 0.26820652314410E-06
 0.11553473054021E-06
-0.52092917919880E-06
 0.35641723767449E-06
 0.39171710568065E-06
 0.52412032421862E-07
 0.46041384646939E-07
 0.64259587881241E-06
 0.32769836093321E-06
 0.63207821343466E-06
 0.14499997104592E-05
 0.19248480223683E-05
 0.27061360881183E-05
 0.32638400990071E-05
 0.44899369789778E-05
 0.59073139664870E-05
 0.70286716165342E-05
 0.94037436448351E-05
 0.11715108363582E-04
 0.15059751986270E-04
 0.19032740231985E-04
 0.23446460447081E-04
 0.29085710244246E-04
 0.35633623825413E-04
 0.42992914538279E-04
 0.52412235157256E-04
 0.62870291823568E-04
 0.74953772432124E-04
 0.89803310650960E-04
 0.10589347018891E-03
 0.12502896255754E-03
 0.14664253396696E-03
 0.17095155518061E-03
 0.19903592497638E-03
 0.23053666694062E-03
 0.26577351183383E-03
 0.30545300226667E-03
 0.34952648483858E-03
 0.39897265662694E-03
 0.45373469480488E-03
 0.51447091856823E-03
 0.58297729402906E-03
 0.65367332580225E-03
 0.73723882930749E-03
 0.83235517582830E-03
 0.91826527256223E-03
 0.10238852884599E-02
 0.11481751689720E-02
 0.12691380472780E-02
 0.14052620752246E-02
 0.15523255767178E-02
 0.17113669267463E-02
 0.18828378953073E-02
 0.20676939048705E-02
 0.22663021144489E-02
 0.24792136906482E-02
 0.27078335156545E-02
 0.29520269514164E-02
 0.32132685614749E-02
 0.34919640747209E-02
 0.37891295851922E-02
 0.41055689239240E-02
 0.44419555573856E-02
 0.47990993894242E-02
 0.51781874580252E-02
 0.55798801966122E-02
 0.60051931783311E-02
 0.64550279395524E-02
 0.69303393539785E-02
 0.74321338482421E-02
 0.79614663821597E-02
 0.85191513088857E-02
 0.91064339061723E-02
 0.97241499692802E-02
 0.10373422609965E-01
 0.11055312041783E-01
 0.11772777202175E-01
 0.12520926865180E-01
 0.13305379596099E-01
 0.14134318695825E-01
 0.14999786266805E-01
 0.15894510684036E-01
 0.16825368838741E-01
 0.17816755382416E-01
 0.18837565209740E-01
 0.19903563701890E-01
 0.21013749975585E-01
 0.22168671270687E-01
 0.23368805938587E-01
 0.24614905665761E-01
 0.25907348383259E-01
 0.27246914186987E-01
 0.28634062107919E-01
 0.30067801595138E-01
 0.31549933500598E-01
 0.33079037275923E-01
 0.34655465583770E-01
 0.36278525296314E-01
 0.37946918854308E-01
 0.39660878338553E-01
 0.41418533356575E-01
 0.43218939335184E-01
 0.45060432431893E-01
 0.46939885330995E-01
 0.48860999086739E-01
 0.50815343625316E-01
 0.52800626279028E-01
 0.54816162191094E-01
 0.56862078359530E-01
 0.58935224640295E-01
 0.61030899421956E-01
 0.63143888257670E-01
 0.65269969010114E-01
 0.67403671571480E-01
 0.69551416147519E-01
 0.71707089259101E-01
 0.73866588819424E-01
 0.76018326830698E-01
 0.78167261205943E-01
 0.80308183472843E-01
 0.82434404755873E-01
 0.84545946895609E-01
 0.86636232960986E-01
 0.88701612644570E-01
 0.90741840317825E-01
 0.92753048140383E-01
 0.94730276207260E-01
 0.96670580169840E-01
 0.98570405421438E-01
 0.10042885672166E+00
 0.10224220121027E+00
 0.10400900606562E+00
 0.10572892991342E+00
 0.10739574856096E+00
 0.10901216674315E+00
 0.11057526553536E+00
 0.11208594870835E+00
 0.11354420690285E+00
 0.11494990861925E+00
 0.11630407454758E+00
 0.11760964592658E+00
 0.11886629628080E+00
 0.12007429301428E+00
 0.12123499206634E+00
 0.12234983999858E+00
 0.12342666792440E+00
 0.12446712875129E+00
 0.12546802194741E+00
 0.12643152934606E+00
 0.12736284775514E+00
 0.12826200854015E+00
 0.12913146200039E+00
 0.12997333678657E+00
 0.13079018262746E+00
 0.13158075093292E+00
 0.13234729967901E+00
 0.13309125991789E+00
 0.13381438185828E+00
 0.13451708994694E+00
 0.13520095170208E+00
 0.13586535350438E+00
 0.13651176541550E+00
 0.13714108219348E+00
 0.13775563099722E+00
 0.13835513967935E+00
 0.13893845165192E+00
 0.13950582057972E+00
 0.14006057817537E+00
 0.14060309784990E+00
 0.14113223993448E+00
 0.14164949381209E+00
 0.14215515921550E+00
 0.14264900747140E+00
 0.14313084352451E+00
 0.14360394258696E+00
 0.14406890134010E+00
 0.14452004674451E+00
 0.14496307255525E+00
 0.14539771589690E+00
 0.14582293700626E+00
 0.14624137821779E+00
 0.14665072225682E+00
 0.14705316248512E+00
 0.14744769160609E+00
 0.14783411542383E+00
 0.14821555812969E+00
 0.14858980640280E+00
 0.14895624005361E+00
 0.14931794628211E+00
 0.14967263238368E+00
 0.15002183712250E+00
 0.15036575009756E+00
 0.15070462876253E+00
 0.15103756727324E+00
 0.15136580225351E+00
 0.15168909275725E+00
 0.15200759235091E+00
 0.15232161762411E+00
 0.15263129150083E+00
 0.15293626621602E+00
 0.15323735894479E+00
 0.15353457884217E+00
 0.15382941215788E+00
 0.15411790661639E+00
 0.15440351801456E+00
 0.15468718204633E+00
 0.15496644532058E+00
 0.15524085956968E+00
 0.15551337246031E+00
 0.15578292118067E+00
 0.15604976164010E+00
 0.15631239204250E+00
 0.15657242729880E+00
 0.15682994657435E+00
 0.15708491063491E+00
 0.15733692314560E+00
 0.15758676720965E+00
 0.15783377974464E+00
 0.15807747231732E+00
 0.15831976744368E+00
 0.15855868055174E+00
 0.15879654994157E+00
 0.15903270330841E+00
 0.15926532583869E+00
 0.15949552962031E+00
 0.15972395804172E+00
 0.15995045579046E+00
 0.16017512461781E+00
 0.16039787444605E+00
 0.16061878616280E+00
 0.16083748340845E+00
 0.16105437687520E+00
 0.16126901335380E+00
 0.16148210875464E+00
 0.16169416191569E+00
 0.16190399796083E+00
 0.16211192721007E+00
 0.16231840368900E+00
 0.16252305765607E+00
 0.16272625683632E+00
 0.16292830259503E+00
 0.16312853285245E+00
 0.16332733673702E+00
 0.16352403873990E+00
 0.16371953761743E+00
 0.16391400542100E+00
 0.16410586220659E+00
 0.16429766162320E+00
 0.16448662780243E+00
 0.16467593663736E+00
 0.16486311133961E+00
 0.16504809076955E+00
 0.16523275541891E+00
 0.16541681115176E+00
 0.16559694505703E+00
 0.16577767856431E+00
 0.16595711203734E+00
 0.16613526402796E+00
 0.16631266427191E+00
 0.16648733719516E+00
 0.16666150585317E+00
 0.16683439904786E+00
 0.16700648309571E+00
