 0.00000000000000E+00
 0.16369382275589E-24
 0.18641114388577E-22
 0.23608799225638E-22
 0.53185902895518E-20
 0.59683044442413E-20
 0.48350820814107E-20
 0.82347491699026E-20
 0.34382805912254E-19
 0.40614689483850E-19
 0.50988138313058E-19
 0.10919227033853E-18
 0.12348055777141E-18
-0.68927396830640E-11
-0.12495872053830E-11
 0.11548525437231E-10
 0.17198546495689E-11
-0.22717858624758E-11
 0.54786012541013E-12
 0.35457922154412E-10
 0.43274786710722E-10
 0.37510966033850E-09
 0.10177322659367E-08
-0.78818858871034E-09
-0.96211533681887E-06
 0.66871846338336E-06
 0.75767053735245E-06
-0.13090713524269E-05
-0.20155617825583E-05
-0.26740861044273E-05
 0.66503499942014E-06
 0.13705705885914E-05
 0.16811843769648E-06
-0.20172587844909E-06
 0.19776266913573E-06
-0.21048130999367E-05
 0.10085969289595E-05
 0.10972825401724E-05
 0.11937481059559E-05
-0.27576258540774E-06
 0.44010214964909E-06
 0.15454913442376E-05
 0.59135845613110E-06
 0.10679542454433E-05
-0.80540056346077E-06
 0.72042596441795E-06
 0.22773298715203E-05
-0.28468126219530E-06
 0.16532402140359E-05
 0.12885175282751E-05
 0.30134117503040E-05
 0.47420648053575E-05
 0.57237228095573E-05
 0.74228437198711E-05
 0.90158227303512E-05
 0.10969579503421E-04
 0.13060926807300E-04
 0.18279798116671E-04
 0.20713639354635E-04
 0.27462125073204E-04
 0.32757520930970E-04
 0.41171918044461E-04
 0.48650500880072E-04
 0.57524084532754E-04
 0.68624778810299E-04
 0.81014125140571E-04
 0.94802442149290E-04
 0.11285850720583E-03
 0.13076462818315E-03
 0.15184578706378E-03
 0.17599953062898E-03
 0.20448818527505E-03
 0.23397235104233E-03
 0.26562274152685E-03
 0.30441517344310E-03
 0.34404242803177E-03
 0.39111591039925E-03
 0.44040666691261E-03
 0.50687250845194E-03
 0.53966883252368E-03
 0.64629165256158E-03
 0.69604452410835E-03
 0.73417921991140E-03
 0.89542867492579E-03
 0.89997279511454E-03
 0.10439066293000E-02
 0.11500592911056E-02
 0.12636710565836E-02
 0.13862666505473E-02
 0.15160153650833E-02
 0.16561869437551E-02
 0.18067741211606E-02
 0.19660809608452E-02
 0.21340416211135E-02
 0.23152544176167E-02
 0.25057507914318E-02
 0.27097449764525E-02
 0.29246607397338E-02
 0.31522130637524E-02
 0.33925167688768E-02
 0.36469431038195E-02
 0.39141864373730E-02
 0.41950126601413E-02
 0.44907718913487E-02
 0.48010935716940E-02
 0.51293693646306E-02
 0.54714508049238E-02
 0.58314763195761E-02
 0.62075414379476E-02
 0.66003897368748E-02
 0.70113594175921E-02
 0.74417026946555E-02
 0.78892637389883E-02
 0.83767599435814E-02
 0.88242582977351E-02
 0.93513178780199E-02
 0.99236065589301E-02
 0.10430145763333E-01
 0.10928742136166E-01
 0.11580053236219E-01
 0.12194448217320E-01
 0.12819186199700E-01
 0.13472132987310E-01
 0.14145938535608E-01
 0.14843032510040E-01
 0.15553196081680E-01
 0.16292331663257E-01
 0.17046391310302E-01
 0.17820829177649E-01
 0.18616540730977E-01
 0.19424413179809E-01
 0.20254962530151E-01
 0.21095170165861E-01
 0.21955370500742E-01
 0.22821516306424E-01
 0.23700482158006E-01
 0.24586765210023E-01
 0.25481086657819E-01
 0.26380117625320E-01
 0.27278051046280E-01
 0.28160594519162E-01
 0.29094551756738E-01
 0.29968787810544E-01
 0.30824100335604E-01
 0.31686624574759E-01
 0.32571539163169E-01
 0.33432019236556E-01
 0.34258329197205E-01
 0.35017994312248E-01
 0.35738009006595E-01
 0.36461363454610E-01
 0.37224792691857E-01
 0.37893777499474E-01
 0.38511969126382E-01
 0.39077935922041E-01
 0.39640942034576E-01
 0.40100750721043E-01
 0.40577337009433E-01
 0.40952622611315E-01
 0.41283169122546E-01
 0.41553628186111E-01
 0.41785917213829E-01
 0.41950462556278E-01
 0.42039603915412E-01
 0.42072259010694E-01
 0.42017383009146E-01
 0.41929644973947E-01
 0.41747725185566E-01
 0.41515038392319E-01
 0.41218237162508E-01
 0.40862441379070E-01
 0.40415633088807E-01
 0.39919641722180E-01
 0.39395326361268E-01
 0.38821960110485E-01
 0.38211336259894E-01
 0.37558113148099E-01
 0.36885028189811E-01
 0.36202021847110E-01
 0.35472450704766E-01
 0.34710776859167E-01
 0.33982643870565E-01
 0.33301749715550E-01
 0.32592246825428E-01
 0.31868941723823E-01
 0.31157105307976E-01
 0.30464107540421E-01
 0.29816933678585E-01
 0.29162833428306E-01
 0.28573890705386E-01
 0.27977380292300E-01
 0.27384283740133E-01
 0.26817517494799E-01
 0.26280943315110E-01
 0.25769749876254E-01
 0.25270909650776E-01
 0.24788965329617E-01
 0.24324824897056E-01
 0.23872975368936E-01
 0.23456069731287E-01
 0.23059975143871E-01
 0.22660667032683E-01
 0.22256287645545E-01
 0.21876868939830E-01
 0.21530437193368E-01
 0.21205050608348E-01
 0.20874269199867E-01
 0.20553560287142E-01
 0.20232644590604E-01
 0.19919375693348E-01
 0.19650457658176E-01
 0.19397250133091E-01
 0.19102331026752E-01
 0.18814656315123E-01
 0.18592689256726E-01
 0.18349014497531E-01
 0.18097674276924E-01
 0.17875555694896E-01
 0.17646423152064E-01
 0.17439130454002E-01
 0.17229830777923E-01
 0.17008379359696E-01
 0.16820709325532E-01
 0.16632730125410E-01
 0.16444054142479E-01
 0.16261633843484E-01
 0.16091457154580E-01
 0.15913923278930E-01
 0.15756463734258E-01
 0.15588672237747E-01
 0.15433885160145E-01
 0.15276690570766E-01
 0.15124532926285E-01
 0.14979267135494E-01
 0.14835382352830E-01
 0.14695353388219E-01
 0.14563725706253E-01
 0.14428793323470E-01
 0.14316098039802E-01
 0.14188572748606E-01
 0.14045730112974E-01
 0.13945963997986E-01
 0.13837539374009E-01
 0.13701664233851E-01
 0.13584843413588E-01
 0.13482969523231E-01
 0.13377872029381E-01
 0.13269242915061E-01
 0.13173169345002E-01
 0.13075305211211E-01
 0.12976288345758E-01
 0.12882573772904E-01
 0.12795161643940E-01
 0.12708448995216E-01
 0.12605586768367E-01
 0.12513543054509E-01
 0.12428974226570E-01
 0.12368179297950E-01
 0.12259880881098E-01
 0.12183150248887E-01
 0.12100954237592E-01
 0.12034932137009E-01
 0.11960462166688E-01
 0.11883691747731E-01
 0.11799949640249E-01
 0.11724421968707E-01
 0.11657327613869E-01
 0.11593760405319E-01
 0.11521891180067E-01
 0.11447403091699E-01
 0.11392861443357E-01
 0.11331393635079E-01
 0.11266750290572E-01
 0.11193218087333E-01
 0.11137684985254E-01
 0.11077355300538E-01
 0.11019319679021E-01
 0.10962521961546E-01
 0.10893994723298E-01
 0.10837201112829E-01
 0.10785240388508E-01
 0.10728017933587E-01
 0.10685053204161E-01
 0.10626910155551E-01
 0.10576481995064E-01
 0.10516529704179E-01
 0.10481157102671E-01
 0.10409626715806E-01
 0.10377824686208E-01
 0.10328387087159E-01
 0.10278395012876E-01
 0.10213020190055E-01
 0.10175465210385E-01
 0.10136749748934E-01
 0.10090984796462E-01
 0.10044442638081E-01
 0.99865559819482E-02
 0.99450713595594E-02
 0.99076892295262E-02
 0.98743617186286E-02
