 0.00000000000000E+00
 0.23018579244997E-24
 0.14316375850427E-22
 0.19038135695555E-21
 0.47722260143524E-20
 0.12184406845155E-19
 0.14853372154094E-19
 0.33458768003362E-19
 0.68464762272776E-19
 0.14327315223636E-18
 0.24461647266273E-18
 0.37783265416976E-18
 0.50625243425203E-18
 0.13786024179585E-11
-0.26480644048788E-12
 0.12677494692345E-11
-0.31064139800071E-11
 0.39854496236410E-11
-0.14014574700302E-11
-0.72658866338749E-10
-0.60778648227519E-10
-0.51426567054869E-09
 0.11894593276096E-09
-0.44241805774667E-08
 0.99480749730157E-06
 0.12228110700602E-05
-0.66016166406788E-06
 0.12543880837878E-05
 0.18134597161378E-05
-0.32267100264818E-05
-0.47866528076341E-06
 0.12513348539305E-05
-0.32778084387166E-05
 0.78217124692911E-08
-0.14975312824443E-05
-0.53606640744079E-06
 0.23603955111510E-06
-0.61309098092144E-06
-0.36734753406060E-06
 0.30566123686909E-05
-0.21624762465430E-05
-0.13917575530426E-05
 0.11665008874549E-05
 0.22754243585940E-05
-0.71145130344850E-06
 0.20546109116197E-05
 0.30733078753532E-05
 0.17807453632709E-06
 0.37974948156423E-06
 0.32484183843304E-06
 0.39854598261020E-05
 0.27219074276665E-05
 0.22370757892524E-05
 0.10035404709875E-04
 0.86860159622509E-05
 0.15322815651253E-04
 0.15085691069802E-04
 0.16325064591774E-04
 0.23311946269342E-04
 0.27517754127589E-04
 0.33683645951326E-04
 0.46414684971291E-04
 0.50592261451068E-04
 0.63341772733632E-04
 0.79307276425876E-04
 0.85758193489425E-04
 0.10856108267067E-03
 0.12470408280500E-03
 0.14489464003440E-03
 0.17500270166352E-03
 0.19707447313513E-03
 0.22783304267986E-03
 0.26511359800164E-03
 0.30303489583566E-03
 0.35134067797711E-03
 0.39843697953583E-03
 0.45255386971871E-03
 0.51142530993630E-03
 0.53635410481951E-03
 0.68523065796098E-03
 0.76061741055744E-03
 0.70167108025914E-03
 0.99974412798114E-03
 0.10636696832243E-02
 0.10301095653445E-02
 0.12714878910603E-02
 0.14053259248773E-02
 0.15568523276121E-02
 0.17173847871690E-02
 0.18921292406870E-02
 0.20728235337180E-02
 0.22696591316579E-02
 0.24889536041084E-02
 0.27123853901008E-02
 0.29643187087144E-02
 0.32266464710767E-02
 0.35087542113550E-02
 0.38084450803735E-02
 0.41233044237485E-02
 0.44647627760748E-02
 0.48297524358452E-02
 0.52118635643134E-02
 0.56208961827835E-02
 0.60525706524221E-02
 0.65087127842302E-02
 0.69916554061369E-02
 0.75014159954990E-02
 0.80365755706779E-02
 0.86067484825503E-02
 0.92021038212298E-02
 0.98309589467225E-02
 0.10493587947555E-01
 0.11191086248246E-01
 0.11814743356522E-01
 0.12681164813746E-01
 0.13665418935396E-01
 0.14291340058927E-01
 0.14948350638144E-01
 0.16054526669719E-01
 0.17358902225659E-01
 0.17860906726697E-01
 0.19114719140240E-01
 0.20217394528363E-01
 0.21323448525730E-01
 0.22489831889291E-01
 0.23688479328033E-01
 0.24933993597799E-01
 0.26226989463514E-01
 0.27555940551403E-01
 0.28901726665778E-01
 0.30331636523335E-01
 0.31762057694126E-01
 0.33241462358967E-01
 0.34744497534120E-01
 0.36266773464109E-01
 0.37840582545258E-01
 0.39411673872917E-01
 0.41017050671480E-01
 0.42629124310269E-01
 0.44250685809275E-01
 0.46019674991515E-01
 0.47438287571099E-01
 0.49001268105783E-01
 0.50753270556539E-01
 0.52551648832429E-01
 0.54182983650386E-01
 0.55590579590685E-01
 0.56907693111852E-01
 0.58286882862496E-01
 0.59765123328735E-01
 0.61548209020743E-01
 0.62871873975896E-01
 0.64001006782554E-01
 0.65070804737367E-01
 0.66326369826651E-01
 0.67405590208340E-01
 0.68288708891880E-01
 0.69166371046122E-01
 0.69821554328187E-01
 0.70439215074423E-01
 0.71101223646535E-01
 0.71502748052163E-01
 0.71688169892773E-01
 0.71788856884636E-01
 0.71738973830269E-01
 0.71625808437789E-01
 0.71359010870724E-01
 0.70966882197692E-01
 0.70375263018782E-01
 0.69483674736581E-01
 0.68687869854643E-01
 0.67719135255020E-01
 0.66738204467132E-01
 0.65649518790945E-01
 0.64450703855255E-01
 0.63218958177375E-01
 0.62035827499353E-01
 0.60676416158743E-01
 0.59226445425979E-01
 0.57849865146980E-01
 0.56671159893209E-01
 0.55821623089992E-01
 0.54692730191567E-01
 0.53318232763928E-01
 0.52215210226904E-01
 0.51339034377203E-01
 0.50408289977895E-01
 0.49599046289703E-01
 0.48890807593938E-01
 0.48088830237414E-01
 0.47213082541063E-01
 0.46534048137349E-01
 0.45929829630776E-01
 0.45381259315186E-01
 0.44784629303964E-01
 0.44234298401436E-01
 0.43614183164503E-01
 0.43132735235873E-01
 0.42709098758552E-01
 0.42362103371654E-01
 0.41840931132611E-01
 0.41268732700981E-01
 0.40857065946413E-01
 0.40691204608721E-01
 0.40374204807793E-01
 0.39911248014543E-01
 0.39523790889873E-01
 0.39171458579017E-01
 0.38856503684242E-01
 0.38535922937268E-01
 0.38334904761578E-01
 0.37949342867012E-01
 0.37374724305490E-01
 0.37361050014200E-01
 0.37108339753366E-01
 0.36894683549587E-01
 0.36748091314514E-01
 0.36365224492836E-01
 0.36200025820239E-01
 0.35862159980725E-01
 0.35613203019773E-01
 0.35543002488310E-01
 0.35198933343353E-01
 0.34983378388964E-01
 0.34919506758563E-01
 0.34609577028079E-01
 0.34473058447852E-01
 0.34376160166537E-01
 0.34170365417004E-01
 0.33933659199820E-01
 0.33787866876642E-01
 0.33602503201362E-01
 0.33458533187174E-01
 0.33349366309966E-01
 0.33222316484906E-01
 0.33077851831496E-01
 0.33017124755931E-01
 0.32894916143879E-01
 0.32784343291778E-01
 0.32394782644547E-01
 0.32472753428770E-01
 0.32415576506655E-01
 0.32080794952324E-01
 0.31913315098004E-01
 0.32026935770070E-01
 0.31913784291864E-01
 0.31755813600308E-01
 0.31533197211616E-01
 0.31547931753524E-01
 0.31507608613818E-01
 0.31422088365930E-01
 0.31298636500343E-01
 0.31219640047011E-01
 0.31031812270904E-01
 0.30936223427123E-01
 0.31032816777518E-01
 0.30937095919727E-01
 0.30924482759680E-01
 0.30765225585071E-01
 0.30466625404400E-01
 0.30486507406190E-01
 0.30558615336522E-01
 0.30525494664942E-01
 0.30514460133212E-01
 0.30421089558485E-01
 0.30333013249268E-01
 0.30174390581829E-01
 0.30114761431356E-01
 0.30054993813219E-01
 0.30122280932132E-01
 0.30127097674144E-01
 0.29938700842617E-01
 0.29892059050666E-01
 0.29932882767115E-01
 0.29876161167136E-01
 0.29864470606688E-01
 0.29820714038731E-01
 0.29709481280511E-01
 0.29652139024713E-01
 0.29509161463711E-01
 0.29566560024354E-01
 0.29564728567276E-01
 0.29461345561950E-01
 0.29575201024417E-01
 0.29458459328330E-01
 0.29570805787676E-01
 0.29387180088696E-01
 0.29324395754917E-01
 0.29337671133061E-01
 0.29344252793482E-01
 0.29088414995903E-01
 0.29385586204338E-01
 0.29298429238239E-01
 0.29268432221238E-01
 0.29225061111114E-01
 0.28999089546735E-01
 0.29197065684805E-01
 0.29159494558309E-01
 0.29196339337661E-01
 0.29116108321105E-01
