-0.90841336519736E+01
-0.90841334423414E+01
-0.90841313329113E+01
-0.90841230309396E+01
-0.90841018409921E+01
-0.90840591636450E+01
-0.90839851100669E+01
-0.90838710513415E+01
-0.90837173956335E+01
-0.90835480861360E+01
-0.90834286606321E+01
-0.90834816214391E+01
-0.90838936091737E+01
-0.90849123801219E+01
-0.90868346981423E+01
-0.90899883477005E+01
-0.90947118190182E+01
-0.91013345215850E+01
-0.91101597307888E+01
-0.91214512039686E+01
-0.91354237715959E+01
-0.91522380409232E+01
-0.91719981408257E+01
-0.91947517618428E+01
-0.92204938086620E+01
-0.92491703539423E+01
-0.92806830581691E+01
-0.93148952784974E+01
-0.93516380491468E+01
-0.93907157085636E+01
-0.94319119866852E+01
-0.94749948840656E+01
-0.95197218324703E+01
-0.95658439477899E+01
-0.96131099803737E+01
-0.96612698471194E+01
-0.97100770161413E+01
-0.97592914659886E+01
-0.98086812705403E+01
-0.98580246927379E+01
-0.99071109954419E+01
-0.99557414544294E+01
-0.10003729948927E+02
-0.10050903330762E+02
-0.10097101599172E+02
-0.10142177862847E+02
-0.10185998179193E+02
-0.10228441268727E+02
-0.10269398123340E+02
-0.10308771541489E+02
-0.10346475678099E+02
-0.10382435421232E+02
-0.10416585900216E+02
-0.10448871889192E+02
-0.10479247128021E+02
-0.10507673808670E+02
-0.10534122627587E+02
-0.10558571994617E+02
-0.10581005007937E+02
-0.10601413778063E+02
-0.10619795298523E+02
-0.10636152237423E+02
-0.10650492302274E+02
-0.10662827975699E+02
-0.10673176197013E+02
-0.10681557929870E+02
-0.10687997647960E+02
-0.10692523402213E+02
-0.10695166429852E+02
-0.10695960712526E+02
-0.10694943125180E+02
-0.10692152902523E+02
-0.10687631509678E+02
-0.10681422467306E+02
-0.10673571213423E+02
-0.10664124811095E+02
-0.10653131867731E+02
-0.10640642223803E+02
-0.10626706600827E+02
-0.10611378743825E+02
-0.10594711528324E+02
-0.10576759185470E+02
-0.10557581799162E+02
-0.10537225824890E+02
-0.10515751736899E+02
-0.10493216534830E+02
-0.10469677293386E+02
-0.10445191559832E+02
-0.10419817128845E+02
-0.10393611709250E+02
-0.10366633441151E+02
-0.10338940509160E+02
-0.10310590862497E+02
-0.10281641963096E+02
-0.10252153251347E+02
-0.10222181785422E+02
-0.10191785265910E+02
-0.10161021095396E+02
-0.10129946653699E+02
-0.10098619022488E+02
-0.10067094638928E+02
-0.10035429168987E+02
-0.10003679185746E+02
-0.99719003342186E+01
-0.99401477673242E+01
-0.99084762154818E+01
-0.98769401529212E+01
-0.98455935057624E+01
-0.98144896910758E+01
-0.97836816272073E+01
-0.97532217075120E+01
-0.97231617354636E+01
-0.96935530193895E+01
-0.96644459589355E+01
-0.96358899957591E+01
-0.96079344227701E+01
-0.95806272787449E+01
-0.95540155122817E+01
-0.95281451782780E+01
-0.95030672374245E+01
-0.94788126208966E+01
-0.94554294586801E+01
-0.94329578475279E+01
-0.94114351593686E+01
-0.93908975958677E+01
-0.93713778516673E+01
-0.93529066086821E+01
-0.93355119667300E+01
-0.93192174289433E+01
-0.93040429100968E+01
-0.92900042673985E+01
-0.92771120982870E+01
-0.92653723656763E+01
-0.92547848647515E+01
-0.92453421101273E+01
-0.92370308504186E+01
-0.92298300040080E+01
-0.92237103853205E+01
-0.92186337050852E+01
-0.92145525013104E+01
-0.92114092244461E+01
-0.92091359376428E+01
-0.92076532771042E+01
-0.92068694931286E+01
-0.92066821094219E+01
-0.92069749066087E+01
-0.92076191172723E+01
-0.92084724493170E+01
-0.92093785541322E+01
-0.92101697207569E+01
-0.92106679754058E+01
-0.92106668643713E+01
-0.92099611337801E+01
-0.92083321783110E+01
-0.92055470955883E+01
-0.92013624490466E+01
-0.91955278195229E+01
-0.91877862737734E+01
-0.91778762723813E+01
-0.91655336038425E+01
-0.91504989439201E+01
-0.91325190583086E+01
-0.91113515173736E+01
-0.90867731345860E+01
-0.90585802538954E+01
-0.90265984650654E+01
-0.89906964310552E+01
-0.89507827157251E+01
-0.89068223207616E+01
-0.88588395448898E+01
-0.88069252662795E+01
-0.87512422459046E+01
-0.86920292157857E+01
-0.86295972409997E+01
-0.85643329582049E+01
-0.84966857591835E+01
-0.84271628300410E+01
-0.83563071151381E+01
-0.82846851079602E+01
-0.82128739524621E+01
-0.81414307962495E+01
-0.80708819452778E+01
-0.80017092875649E+01
-0.79343309411409E+01
-0.78690959439589E+01
-0.78062828782907E+01
-0.77460983715262E+01
-0.76886813168916E+01
-0.76341118144066E+01
-0.75824177152348E+01
-0.75335844506472E+01
-0.74875657835818E+01
-0.74442940206856E+01
-0.74036854508754E+01
-0.73656490899580E+01
-0.73300904287831E+01
-0.72969161443094E+01
-0.72660364401859E+01
-0.72373659444941E+01
-0.72108249188951E+01
-0.71863368247329E+01
-0.71638306314897E+01
-0.71432391933634E+01
-0.71244968613233E+01
-0.71075391149824E+01
-0.70923029976776E+01
-0.70787239858335E+01
-0.70667361390055E+01
-0.70562747296477E+01
-0.70472709541731E+01
-0.70396541844561E+01
-0.70333495179240E+01
-0.70282830509413E+01
-0.70243794974111E+01
-0.70215581885500E+01
-0.70197378655893E+01
-0.70188390445919E+01
-0.70187775244595E+01
-0.70194712830875E+01
-0.70208373207761E+01
-0.70227926203418E+01
-0.70252553254091E+01
-0.70281436086013E+01
-0.70313776094996E+01
-0.70348793624309E+01
-0.70385714695244E+01
-0.70423807620888E+01
-0.70462332871376E+01
-0.70500598844649E+01
-0.70537935117056E+01
-0.70573684026306E+01
-0.70607237367760E+01
-0.70638006411210E+01
-0.70665432753196E+01
-0.70688990748483E+01
-0.70708183148969E+01
-0.70722536919562E+01
-0.70731626448295E+01
-0.70735046651249E+01
-0.70732406992991E+01
-0.70723391442295E+01
-0.70707674305131E+01
-0.70684969220264E+01
-0.70655021605172E+01
-0.70617603467550E+01
-0.70572513210478E+01
-0.70519575045921E+01
-0.70458640607644E+01
-0.70389585100706E+01
-0.70312305286298E+01
-0.70226724034540E+01
-0.70132782542522E+01
-0.70030442661470E+01
-0.69919689786245E+01
-0.69800520816862E+01
-0.69672959227541E+01
-0.69537040297970E+01
-0.69392817055659E+01
-0.69240352573477E+01
-0.69079732973211E+01
-0.68911048529249E+01
-0.68734405758058E+01
-0.68549923420684E+01
-0.68357728811231E+01
-0.68157959856870E+01
-0.67950765270970E+01
-0.67736297893430E+01
-0.67514720460535E+01
-0.67286201406402E+01
-0.67050915572075E+01
-0.66809041432195E+01
-0.66560766292178E+01
-0.66306276624065E+01
-0.66045765972548E+01
-0.65779430237334E+01
-0.65507457722745E+01
-0.65230057629428E+01
-0.64947425694727E+01
-0.64659764393672E+01
-0.64367271492486E+01
-0.64070152621805E+01
-0.63768606747474E+01
-0.63462834424783E+01
-0.63153035448481E+01
-0.62839406617009E+01
-0.62522145914006E+01
-0.62201444257484E+01
-0.61877496397979E+01
-0.61550491304874E+01
-0.61220612540960E+01
-0.60888046187944E+01
-0.60552976686970E+01
-0.60215576112096E+01
-0.59876020114716E+01
-0.59534481202726E+01
-0.59191125181879E+01
-0.58846119289290E+01
-0.58499618727681E+01
-0.58151783549793E+01
-0.57802764110453E+01
