 0.28753719721705E+03
 0.28753717235248E+03
 0.28753693970895E+03
 0.28753608120133E+03
 0.28753399983165E+03
 0.28752998221766E+03
 0.28752338812396E+03
 0.28751451760249E+03
 0.28750674396842E+03
 0.28750956273444E+03
 0.28754115437222E+03
 0.28762913433762E+03
 0.28780910193061E+03
 0.28812153266342E+03
 0.28860795586403E+03
 0.28930728866218E+03
 0.29025289396590E+03
 0.29147059993286E+03
 0.29297768431516E+03
 0.29478267661096E+03
 0.29688577335755E+03
 0.29927969157938E+03
 0.30195073665789E+03
 0.30487991742350E+03
 0.30804421575196E+03
 0.31141767239259E+03
 0.31497232024957E+03
 0.31867909642452E+03
 0.32250858366954E+03
 0.32643161092062E+03
 0.33041975912132E+03
 0.33444573180554E+03
 0.33848366020194E+03
 0.34250929149042E+03
 0.34650013623012E+03
 0.35043556751601E+03
 0.35429678385736E+03
 0.35806688151177E+03
 0.36173076882528E+03
 0.36527516484256E+03
 0.36868847541693E+03
 0.37196071904312E+03
 0.37508342703215E+03
 0.37804954301399E+03
 0.38085331809867E+03
 0.38349020547673E+03
 0.38595675731692E+03
 0.38825052610864E+03
 0.39036996665251E+03
 0.39231433916255E+03
 0.39408363518934E+03
 0.39567848505396E+03
 0.39710009206187E+03
 0.39835016081811E+03
 0.39943082386578E+03
 0.40034459022844E+03
 0.40109435050619E+03
 0.40168330588421E+03
 0.40211468442751E+03
 0.40239216923234E+03
 0.40251950643041E+03
 0.40250060462976E+03
 0.40233947796187E+03
 0.40204023842674E+03
 0.40160709452334E+03
 0.40104429318547E+03
 0.40035606237983E+03
 0.39954673622047E+03
 0.39862064267551E+03
 0.39758209989839E+03
 0.39643544490646E+03
 0.39518499382581E+03
 0.39383504207507E+03
 0.39238986416338E+03
 0.39085371247239E+03
 0.38923078244665E+03
 0.38752523747769E+03
 0.38574118124105E+03
 0.38388263381602E+03
 0.38195374407559E+03
 0.37995843467588E+03
 0.37790059202036E+03
 0.37578427850005E+03
 0.37361287139867E+03
 0.37139025117073E+03
 0.36912009699267E+03
 0.36680596312430E+03
 0.36445134914636E+03
 0.36205967331895E+03
 0.35963426672500E+03
 0.35717840409594E+03
 0.35469526591297E+03
 0.35218795390718E+03
 0.34965945212503E+03
 0.34711278885698E+03
 0.34455074663589E+03
 0.34197608214634E+03
 0.33939143895143E+03
 0.33679941777080E+03
 0.33420252101098E+03
 0.33160313353713E+03
 0.32900347917960E+03
 0.32640581101641E+03
 0.32381222703017E+03
 0.32122472467362E+03
 0.31864520420817E+03
 0.31607547017465E+03
 0.31351721975582E+03
 0.31097204237050E+03
 0.30844141962489E+03
 0.30592671974194E+03
 0.30342919857436E+03
 0.30095000021648E+03
 0.29849013108731E+03
 0.29605046406402E+03
 0.29363175180956E+03
 0.29123462842882E+03
 0.28885953478973E+03
 0.28650676411271E+03
 0.28417666700764E+03
 0.28186885318927E+03
 0.27958327992055E+03
 0.27731953820171E+03
 0.27507696569499E+03
 0.27285472128430E+03
 0.27065169719209E+03
 0.26846650780497E+03
 0.26629757352730E+03
 0.26414293211524E+03
 0.26200032109828E+03
 0.25986714497654E+03
 0.25774041801096E+03
 0.25561679656323E+03
 0.25349252218205E+03
 0.25136331055397E+03
 0.24922445412738E+03
 0.24707078004245E+03
 0.24489656931534E+03
 0.24269553905840E+03
 0.24046084197104E+03
 0.23818503040599E+03
 0.23586005477776E+03
 0.23347721579210E+03
 0.23102714923265E+03
 0.22849992105730E+03
 0.22588489971658E+03
 0.22317084883429E+03
 0.22034587859605E+03
 0.21739755451012E+03
 0.21431296528176E+03
 0.21107872536649E+03
 0.20768092398429E+03
 0.20410555202115E+03
 0.20033855193305E+03
 0.19636568534530E+03
 0.19217302754164E+03
 0.18774715256215E+03
 0.18307535124062E+03
 0.17814590845241E+03
 0.17294833774498E+03
 0.16747399545010E+03
 0.16171624375302E+03
 0.15567079910833E+03
 0.14933624911538E+03
 0.14271407145890E+03
 0.13580907649115E+03
 0.12862976807028E+03
 0.12118815719434E+03
 0.11349992782144E+03
 0.10558423012477E+03
 0.97463296728447E+02
 0.89162474330309E+02
 0.80709535893165E+02
 0.72134358134138E+02
 0.63468737461275E+02
 0.54745897963155E+02
 0.46000514948935E+02
 0.37268646708514E+02
 0.28587841858504E+02
 0.19997530703036E+02
 0.11539175984310E+02
 0.32565110541376E+01
-0.48042112810289E+01
-0.12594450946670E+02
-0.20063635912367E+02
-0.27159466324755E+02
-0.33828908923716E+02
-0.40018708212125E+02
-0.45676954566963E+02
-0.50753316768140E+02
-0.55200488046776E+02
-0.58974853545078E+02
-0.62037227440216E+02
-0.64353342742687E+02
-0.65894118508804E+02
-0.66635956726830E+02
-0.66560582272706E+02
-0.65654998520855E+02
-0.63911217117095E+02
-0.61325923596035E+02
-0.57900166301829E+02
-0.53638818900937E+02
-0.48550223147500E+02
-0.42645836647450E+02
-0.35939789039578E+02
-0.28448513123225E+02
-0.20190398051623E+02
-0.11185477031425E+02
-0.14550954004441E+01
 0.89781990849760E+01
 0.20090873283168E+02
 0.31858652831480E+02
 0.44256779020078E+02
 0.57260126207206E+02
 0.70842928956173E+02
 0.84979276775087E+02
 0.99643278362896E+02
 0.11480852672851E+03
 0.13044909402280E+03
 0.14653871615775E+03
 0.16305116137049E+03
 0.17996037246264E+03
 0.19724039091884E+03
 0.21486500657065E+03
 0.23280887563768E+03
 0.25104595462203E+03
 0.26955132558626E+03
 0.28829950826345E+03
 0.30726558804750E+03
 0.32642485743803E+03
 0.34575241970011E+03
 0.36522445420259E+03
 0.38481702887417E+03
 0.40450652337043E+03
 0.42426973547981E+03
 0.44408383007526E+03
 0.46392599329313E+03
 0.48377444218064E+03
 0.50360761517723E+03
 0.52340310161067E+03
 0.54314149249729E+03
 0.56280204140460E+03
 0.58236491851076E+03
 0.60181098609348E+03
 0.62112139487277E+03
 0.64027809319944E+03
 0.65926370557581E+03
 0.67806108524158E+03
 0.69665411553898E+03
 0.71502690664622E+03
 0.73316452884114E+03
 0.75105244806826E+03
 0.76867675772214E+03
 0.78602492919932E+03
 0.80308412533919E+03
 0.81984279636883E+03
 0.83628996704827E+03
 0.85241542658428E+03
 0.86820932671477E+03
 0.88366338461669E+03
 0.89876850569370E+03
 0.91351744922832E+03
 0.92790335570928E+03
 0.94192005635321E+03
 0.95556201371584E+03
 0.96882406223898E+03
 0.98170212864001E+03
 0.99419274973584E+03
 0.10062926323763E+04
 0.10179994166108E+04
 0.10293109087215E+04
 0.10402264937595E+04
 0.10507450301636E+04
 0.10608665037458E+04
 0.10705914421370E+04
 0.10799190861434E+04
 0.10888524959437E+04
 0.10973926056149E+04
 0.11055422524544E+04
 0.11133027889708E+04
 0.11206781026205E+04
 0.11276711893823E+04
 0.11342859131859E+04
 0.11405260467288E+04
 0.11463960372613E+04
 0.11519004334725E+04
 0.11570440802470E+04
 0.11618323260317E+04
 0.11662703017073E+04
 0.11703633826616E+04
 0.11741175181261E+04
 0.11775389054368E+04
 0.11806336594343E+04
 0.11834070079792E+04
 0.11858664082638E+04
 0.11880181156544E+04
 0.11898691583601E+04
 0.11914247341824E+04
 0.11926927580166E+04
 0.11936795681096E+04
