 0.92160004389117E+02
 0.92160004389073E+02
 0.92160004388592E+02
 0.92160004389583E+02
 0.92160004412022E+02
 0.92160004500091E+02
 0.92160004735360E+02
 0.92160005214715E+02
 0.92160005844000E+02
 0.92160005913666E+02
 0.92160003349846E+02
 0.92159993707264E+02
 0.92159969136010E+02
 0.92159917382986E+02
 0.92159821152294E+02
 0.92159657780288E+02
 0.92159399231218E+02
 0.92159012520399E+02
 0.92158460256341E+02
 0.92157701434442E+02
 0.92156692357709E+02
 0.92155387426925E+02
 0.92153740084351E+02
 0.92151703960018E+02
 0.92149233008816E+02
 0.92146282301202E+02
 0.92142808850047E+02
 0.92138771768861E+02
 0.92134132317943E+02
 0.92128854582159E+02
 0.92122904450446E+02
 0.92116250703820E+02
 0.92108864118747E+02
 0.92100717510655E+02
 0.92091785566878E+02
 0.92082044480292E+02
 0.92071472099212E+02
 0.92060047360279E+02
 0.92047750373251E+02
 0.92034562017099E+02
 0.92020464015996E+02
 0.92005438809891E+02
 0.91989469453749E+02
 0.91972539593545E+02
 0.91954633392486E+02
 0.91935735513810E+02
 0.91915831085645E+02
 0.91894905671638E+02
 0.91872945263874E+02
 0.91849936208226E+02
 0.91825865191822E+02
 0.91800719149072E+02
 0.91774485216665E+02
 0.91747150634711E+02
 0.91718702685148E+02
 0.91689128557914E+02
 0.91658414950976E+02
 0.91626548022213E+02
 0.91593514392131E+02
 0.91559298764709E+02
 0.91523885401459E+02
 0.91487257481966E+02
 0.91449396886492E+02
 0.91410283977578E+02
 0.91369897367712E+02
 0.91328213779721E+02
 0.91285207871834E+02
 0.91240852023957E+02
 0.91195116022393E+02
 0.91147966991983E+02
 0.91099369000012E+02
 0.91049283064677E+02
 0.90997666878594E+02
 0.90944474601783E+02
 0.90889656703049E+02
 0.90833159807982E+02
 0.90774926551927E+02
 0.90714895388650E+02
 0.90653000635306E+02
 0.90589171023512E+02
 0.90523331638432E+02
 0.90455402528629E+02
 0.90385279275525E+02
 0.90312907145851E+02
 0.90238174464844E+02
 0.90160980034288E+02
 0.90081217785230E+02
 0.89998775532527E+02
 0.89913535240766E+02
 0.89825373377661E+02
 0.89734160050435E+02
 0.89639758877131E+02
 0.89542027345269E+02
 0.89440816707292E+02
 0.89335970022676E+02
 0.89227325612936E+02
 0.89114713637884E+02
 0.88997957088771E+02
 0.88876871838682E+02
 0.88751266266863E+02
 0.88620941268371E+02
 0.88485690536045E+02
 0.88345298504068E+02
 0.88199541913715E+02
 0.88048189749141E+02
 0.87891002733794E+02
 0.87727732222999E+02
 0.87558121378116E+02
 0.87381904719616E+02
 0.87198807917768E+02
 0.87008547607996E+02
 0.86810831521129E+02
 0.86605357961014E+02
 0.86391817180783E+02
 0.86169891897910E+02
 0.85939251974558E+02
 0.85699563223634E+02
 0.85450480495484E+02
 0.85191651450223E+02
 0.84922678429057E+02
 0.84643267125529E+02
 0.84353009350609E+02
 0.84051525759697E+02
 0.83738435628792E+02
 0.83413350613574E+02
 0.83075880267382E+02
 0.82725633568349E+02
 0.82362216887168E+02
 0.81985240435771E+02
 0.81594316675796E+02
 0.81189061215317E+02
 0.80769098544069E+02
 0.80334058391034E+02
 0.79883582678800E+02
 0.79417327630231E+02
 0.78934959496966E+02
 0.78436164705064E+02
 0.77920646251872E+02
 0.77388129242953E+02
 0.76838360326627E+02
 0.76271110412502E+02
 0.75686176060364E+02
 0.75083378773598E+02
 0.74462573913069E+02
 0.73823639765104E+02
 0.73166487847990E+02
 0.72491057550293E+02
 0.71797317233374E+02
 0.71085269337957E+02
 0.70354939417266E+02
 0.69606347905501E+02
 0.68839662159285E+02
 0.68054964291342E+02
 0.67252396229310E+02
 0.66432132635271E+02
 0.65594379331702E+02
 0.64739372541188E+02
 0.63867373359676E+02
 0.62978683321920E+02
 0.62073639159956E+02
 0.61152613262835E+02
 0.60216024385830E+02
 0.59264341678299E+02
 0.58298082649060E+02
 0.57317831135825E+02
 0.56324244798964E+02
 0.55318049583364E+02
 0.54300063591311E+02
 0.53271195362542E+02
 0.52232458987643E+02
 0.51184969811438E+02
 0.50129969808578E+02
 0.49068809117187E+02
 0.48002966433933E+02
 0.46934025787551E+02
 0.45863687667251E+02
 0.44793743399765E+02
 0.43726069698885E+02
 0.42662602760887E+02
 0.41605308865824E+02
 0.40556170642914E+02
 0.39517141180996E+02
 0.38490131631885E+02
 0.37476968153379E+02
 0.36479369335808E+02
 0.35498931645183E+02
 0.34537098522754E+02
 0.33595171061299E+02
 0.32674228892710E+02
 0.31775228630905E+02
 0.30898935017979E+02
 0.30045942723362E+02
 0.29216674999103E+02
 0.28411414348993E+02
 0.27630292505649E+02
 0.26873312887409E+02
 0.26140365087131E+02
 0.25431235604866E+02
 0.24745622180530E+02
 0.24082904125431E+02
 0.23443123421029E+02
 0.22825547646240E+02
 0.22229639139584E+02
 0.21654829642326E+02
 0.21100526309652E+02
 0.20566117542675E+02
 0.20050980646163E+02
 0.19554488279094E+02
 0.19076011572899E+02
 0.18614924545638E+02
 0.18170607962206E+02
 0.17742452177875E+02
 0.17329858836812E+02
 0.16932241566211E+02
 0.16549030914601E+02
 0.16179671999769E+02
 0.15823625093741E+02
 0.15480373052125E+02
 0.15149405402889E+02
 0.14830239201221E+02
 0.14522405435656E+02
 0.14225452658241E+02
 0.13938947415932E+02
 0.13662472125017E+02
 0.13395625874095E+02
 0.13138024708700E+02
 0.12889299489017E+02
 0.12649097392578E+02
 0.12417079252633E+02
 0.12192920875182E+02
 0.11976311839132E+02
 0.11766954473270E+02
 0.11564563983943E+02
 0.11368868153308E+02
 0.11179606027035E+02
 0.10996528020384E+02
 0.10819395345566E+02
 0.10647979480858E+02
 0.10482061643992E+02
 0.10321432868335E+02
 0.10165892382450E+02
 0.10015248585090E+02
 0.98693181261152E+01
 0.97279251110029E+01
 0.95909012395127E+01
 0.94580854246308E+01
 0.93293234609090E+01
 0.92044673995174E+01
 0.90833755124236E+01
 0.89659122087464E+01
 0.88519472559139E+01
 0.87413559374718E+01
 0.86340187661475E+01
 0.85298210120465E+01
 0.84286526511376E+01
 0.83304081121369E+01
 0.82349861189458E+01
 0.81422894285834E+01
 0.80522248231628E+01
 0.79647025880472E+01
 0.78796365288072E+01
 0.77969440546976E+01
 0.77165457037848E+01
 0.76383650926773E+01
 0.75623288058761E+01
 0.74883662103564E+01
 0.74164094340588E+01
 0.73463932015319E+01
 0.72782546506869E+01
 0.72119332808003E+01
 0.71473709888428E+01
 0.70845116828227E+01
 0.70233013987769E+01
 0.69636881434337E+01
 0.69056218988014E+01
 0.68490544506720E+01
 0.67939392456158E+01
 0.67402315166533E+01
 0.66878880543943E+01
 0.66368671678083E+01
 0.65871286930494E+01
 0.65386338618760E+01
 0.64913452715570E+01
 0.64452267862636E+01
 0.64002436588346E+01
 0.63563621246114E+01
 0.63135498591795E+01
 0.62717754047749E+01
 0.62310083860663E+01
 0.61912197269235E+01
 0.61523810563475E+01
 0.61144649272269E+01
 0.60774450733621E+01
 0.60412959087656E+01
 0.60059927541864E+01
 0.59715117092059E+01
 0.59378295907436E+01
 0.59049241396919E+01
 0.58727737238474E+01
 0.58413574388677E+01
