 0.10000000133514E-09
 0.10000000133514E-09
 0.10000000133514E-09
 0.10000000133514E-09
 0.10000000133514E-09
 0.10000000133514E-09
 0.10000000133514E-09
 0.10000000133514E-09
 0.10000000133514E-09
 0.10000000133514E-09
 0.10000000133514E-09
 0.10000000133514E-09
 0.10000000133514E-09
 0.10000000133514E-09
 0.10000000133514E-09
 0.10000000133514E-09
 0.10000000133514E-09
 0.10000000133514E-09
 0.10000000133514E-09
 0.10000000133514E-09
 0.10000000133514E-09
 0.10000000133514E-09
 0.10000000133514E-09
 0.10000000133514E-09
 0.10000000133514E-09
 0.10000000133514E-09
 0.10000000133514E-09
 0.10000000133514E-09
 0.15010748583831E-04
 0.15010748583831E-04
 0.29910195807519E-04
 0.40880369323075E-04
 0.54831515749800E-04
 0.72295398696825E-04
 0.93845453994098E-04
 0.12009394614882E-03
 0.15168898621386E-03
 0.18931134763487E-03
 0.23367126272182E-03
 0.28550531360483E-03
 0.34557356491732E-03
 0.41465674652834E-03
 0.49355385068674E-03
 0.58307988368634E-03
 0.68406391627642E-03
 0.79734748521657E-03
 0.92378260713489E-03
 0.10642308198243E-02
 0.12195620584496E-02
 0.13906537644087E-02
 0.15783897259416E-02
 0.17836597130300E-02
 0.20073588301212E-02
 0.22503871828222E-02
 0.25136491761062E-02
 0.27980534875582E-02
 0.31045126629919E-02
 0.34339412587392E-02
 0.37872605252560E-02
 0.41653927780626E-02
 0.45692620727662E-02
 0.49997980389793E-02
 0.54579349739716E-02
 0.59446083206305E-02
 0.64607572769234E-02
 0.70073249842157E-02
 0.75852558642881E-02
 0.81955032409601E-02
 0.88390213218488E-02
 0.95167712159313E-02
 0.10229720442717E-01
 0.10978837569383E-01
 0.11765097651256E-01
 0.12589492932966E-01
 0.13453015395887E-01
 0.14356668117377E-01
 0.15301455434341E-01
 0.16288408198294E-01
 0.17318559698587E-01
 0.18392958947240E-01
 0.19512665596387E-01
 0.20678757407680E-01
 0.21894460710209E-01
 0.23156892032944E-01
 0.24469069872621E-01
 0.25832158666476E-01
 0.27247315124239E-01
 0.28715747205465E-01
 0.30238681939045E-01
 0.31817362392711E-01
 0.33453054459020E-01
 0.35147075176982E-01
 0.36900765153974E-01
 0.38715494705927E-01
 0.40592676770094E-01
 0.42533709209925E-01
 0.44540078362765E-01
 0.46613301760460E-01
 0.48754927828387E-01
 0.50966536693806E-01
 0.53249751775939E-01
 0.55606226921627E-01
 0.58037678173140E-01
 0.60545860822426E-01
 0.63132545942184E-01
 0.65799539318061E-01
 0.68548723934755E-01
 0.71381997689672E-01
 0.74301289176966E-01
 0.77308557919390E-01
 0.80405798677572E-01
 0.83595033979715E-01
 0.86878322815544E-01
 0.90257708969959E-01
 0.93735197903912E-01
 0.97312952522222E-01
 0.10099295408386E+00
 0.10477728449924E+00
 0.10866794904081E+00
 0.11266820677138E+00
 0.11677753886320E+00
 0.12099898654336E+00
 0.12533433422127E+00
 0.12978518430349E+00
 0.13435310705967E+00
 0.13903952536778E+00
 0.14384566943677E+00
 0.14877263249677E+00
 0.15382124575235E+00
 0.15899211677372E+00
 0.16428563104771E+00
 0.16970183097251E+00
 0.17524052144385E+00
 0.18090113165740E+00
 0.18668270711002E+00
 0.19258401050337E+00
 0.19860333497211E+00
 0.20473861218762E+00
 0.21098732789596E+00
 0.21734655977248E+00
 0.22381296253796E+00
 0.23038277153096E+00
 0.23705185396740E+00
 0.24381554528997E+00
 0.25066895125947E+00
 0.25760672909059E+00
 0.26462325855082E+00
 0.27171263532378E+00
 0.27886865121838E+00
 0.28608494773604E+00
 0.29335574472409E+00
 0.30067280842933E+00
 0.30803010371392E+00
 0.31542083705580E+00
 0.32283818412238E+00
 0.33027538737854E+00
 0.33772571161057E+00
 0.34518261491178E+00
 0.35263962566046E+00
 0.36009045642046E+00
 0.36752902117368E+00
 0.37494938780464E+00
 0.38234583010518E+00
 0.38971287585507E+00
 0.39704528798891E+00
 0.40433796562697E+00
 0.41158608273283E+00
 0.41878497295386E+00
 0.42593020529217E+00
 0.43301749152964E+00
 0.44004284421556E+00
 0.44700230239240E+00
 0.45389220721216E+00
 0.46070898105517E+00
 0.46744934579462E+00
 0.47411012981922E+00
 0.48068839287297E+00
 0.48718146742928E+00
 0.49358694327485E+00
 0.49990265303787E+00
 0.50612671641988E+00
 0.51225766873520E+00
 0.51829415522755E+00
 0.52423538724261E+00
 0.53008092114861E+00
 0.53583053164830E+00
 0.54148443556237E+00
 0.54704280489002E+00
 0.55250704818734E+00
 0.55787790813725E+00
 0.56315666797293E+00
 0.56834481408985E+00
 0.57344411760033E+00
 0.57845636034236E+00
 0.58338344538393E+00
 0.58822746023361E+00
 0.59299045092092E+00
 0.59767453667025E+00
 0.60228184464202E+00
 0.60681462945972E+00
 0.61127465450275E+00
 0.61566414017535E+00
 0.61998510644383E+00
 0.62423949331093E+00
 0.62842918492818E+00
 0.63255599989874E+00
 0.63662171860809E+00
 0.64062803873497E+00
 0.64457655698483E+00
 0.64846884260657E+00
 0.65230637770910E+00
 0.65609061403139E+00
 0.65982288631993E+00
 0.66350450118102E+00
 0.66713669176769E+00
 0.67072065470010E+00
 0.67425753899536E+00
 0.67774825828140E+00
 0.68119417044395E+00
 0.68459609410703E+00
 0.68795499010021E+00
 0.69127177118360E+00
 0.69454729198568E+00
 0.69778240133170E+00
 0.70097790623913E+00
 0.70413457955935E+00
 0.70725316469400E+00
 0.71033436653436E+00
 0.71337889935181E+00
 0.71638741726307E+00
 0.71936055483987E+00
 0.72229894666497E+00
 0.72520320133491E+00
 0.72807388288036E+00
 0.73091156355379E+00
 0.73371680321714E+00
 0.73649012658978E+00
 0.73923204513681E+00
 0.74194306928094E+00
 0.74462368360800E+00
 0.74727436360464E+00
 0.74989558089836E+00
 0.75248778382765E+00
 0.75505141039710E+00
 0.75758689155842E+00
 0.76009465213769E+00
 0.76257510034703E+00
 0.76502863808632E+00
 0.76745565818975E+00
 0.76985654246834E+00
 0.77223167070196E+00
 0.77458141050247E+00
 0.77690611712281E+00
 0.77920614993383E+00
 0.78148185169191E+00
 0.78373356488105E+00
 0.78596162013440E+00
 0.78816634367016E+00
 0.79034805518693E+00
 0.79250707246372E+00
 0.79464370248558E+00
 0.79675824758522E+00
 0.79885100509965E+00
 0.80092226950437E+00
 0.80297232629393E+00
 0.80500145860068E+00
 0.80700994482712E+00
 0.80899805420181E+00
 0.81096605665739E+00
 0.81291422077644E+00
 0.81484279581287E+00
 0.81675204452947E+00
 0.81864221428696E+00
 0.82051355421344E+00
 0.82236630367051E+00
 0.82420070350886E+00
 0.82601698727073E+00
 0.82781538659877E+00
 0.82959613102526E+00
 0.83135944325295E+00
 0.83310554096713E+00
 0.83483464331022E+00
 0.83654696552893E+00
 0.83824271559877E+00
 0.83992210184953E+00
 0.84158532772990E+00
 0.84323259304725E+00
 0.84486409612659E+00
 0.84648003517418E+00
 0.84808059665541E+00
 0.84966597128724E+00
 0.85123634563549E+00
 0.85279190303446E+00
 0.85433282477316E+00
 0.85585928733989E+00
 0.85737146667108E+00
 0.85886953622515E+00
 0.86035366483534E+00
 0.86182402189893E+00
 0.86328077081710E+00
