 0.46769851438376E+03
 0.46769851438465E+03
 0.46769851441572E+03
 0.46769851468688E+03
 0.46769851592196E+03
 0.46769851929701E+03
 0.46769852497016E+03
 0.46769852250872E+03
 0.46769845921348E+03
 0.46769818046661E+03
 0.46769735084805E+03
 0.46769537985460E+03
 0.46769137562310E+03
 0.46768413591228E+03
 0.46767217770735E+03
 0.46765379397954E+03
 0.46762712538595E+03
 0.46759023750764E+03
 0.46754119171136E+03
 0.46747810806825E+03
 0.46739921583629E+03
 0.46730289128866E+03
 0.46718768370069E+03
 0.46705233263556E+03
 0.46689577460189E+03
 0.46671714498261E+03
 0.46651577442908E+03
 0.46629118215474E+03
 0.46604306556295E+03
 0.46577128934370E+03
 0.46547587229373E+03
 0.46515697468332E+03
 0.46481488516981E+03
 0.46445000633972E+03
 0.46406284266034E+03
 0.46365398570565E+03
 0.46322410403222E+03
 0.46277392869682E+03
 0.46230424256789E+03
 0.46181586875814E+03
 0.46130966021501E+03
 0.46078649039463E+03
 0.46024724347513E+03
 0.45969280667793E+03
 0.45912406239589E+03
 0.45854188158971E+03
 0.45794711774063E+03
 0.45734060167707E+03
 0.45672313747431E+03
 0.45609549809845E+03
 0.45545842319724E+03
 0.45481261588763E+03
 0.45415874167534E+03
 0.45349742701188E+03
 0.45282925864760E+03
 0.45215478345528E+03
 0.45147450723705E+03
 0.45078889522591E+03
 0.45009837936956E+03
 0.44940334787157E+03
 0.44870415492798E+03
 0.44800111933581E+03
 0.44729452643920E+03
 0.44658462933707E+03
 0.44587165047901E+03
 0.44515578385137E+03
 0.44443719754275E+03
 0.44371603309142E+03
 0.44299240884553E+03
 0.44226642113278E+03
 0.44153814525859E+03
 0.44080763770472E+03
 0.44007493681953E+03
 0.43934006494765E+03
 0.43860302864040E+03
 0.43786382037035E+03
 0.43712241911194E+03
 0.43637879265705E+03
 0.43563289816690E+03
 0.43488467422718E+03
 0.43413405644279E+03
 0.43338096904296E+03
 0.43262531444705E+03
 0.43186701884796E+03
 0.43110597015090E+03
 0.43034205350742E+03
 0.42957514888089E+03
 0.42880512635854E+03
 0.42803184725838E+03
 0.42725516567319E+03
 0.42647492554265E+03
 0.42569096103114E+03
 0.42490309935247E+03
 0.42411116131873E+03
 0.42331494520690E+03
 0.42251425178575E+03
 0.42170886719698E+03
 0.42089856723765E+03
 0.42008311508788E+03
 0.41926226241051E+03
 0.41843575145925E+03
 0.41760331346028E+03
 0.41676465998215E+03
 0.41591949222025E+03
 0.41506749772484E+03
 0.41420834974958E+03
 0.41334170572723E+03
 0.41246720818714E+03
 0.41158448371397E+03
 0.41069314234176E+03
 0.40979277761433E+03
 0.40888296594617E+03
 0.40796326383129E+03
 0.40703321512006E+03
 0.40609234528325E+03
 0.40514015884936E+03
 0.40417614074262E+03
 0.40319976255966E+03
 0.40221047417326E+03
 0.40120767612867E+03
 0.40019085711372E+03
 0.39915938083850E+03
 0.39811262849494E+03
 0.39704998655720E+03
 0.39597080906458E+03
 0.39487444852663E+03
 0.39376024490121E+03
 0.39262753152265E+03
 0.39147564194450E+03
 0.39030390803978E+03
 0.38911166482078E+03
 0.38789825536500E+03
 0.38666303464683E+03
 0.38540537588233E+03
 0.38412468155985E+03
 0.38282037327140E+03
 0.38149191287299E+03
 0.38013880499494E+03
 0.37876060925746E+03
 0.37735693986870E+03
 0.37592748180959E+03
 0.37447199782726E+03
 0.37299034030275E+03
 0.37148247113345E+03
 0.36994844979804E+03
 0.36838846941605E+03
 0.36680285990396E+03
 0.36519210660165E+03
 0.36355687312076E+03
 0.36189799785364E+03
 0.36021648111658E+03
 0.35851371828315E+03
 0.35679121454698E+03
 0.35505077553147E+03
 0.35329452827656E+03
 0.35152496455764E+03
 0.34974490929573E+03
 0.34795762487476E+03
 0.34616679693881E+03
 0.34437661042090E+03
 0.34259175505707E+03
 0.34081747826397E+03
 0.33905962340671E+03
 0.33732465651168E+03
 0.33561966994450E+03
 0.33395242984698E+03
 0.33233133307051E+03
 0.33076545830009E+03
 0.32926447236691E+03
 0.32783860274539E+03
 0.32649856339974E+03
 0.32525545846213E+03
 0.32412065171086E+03
 0.32310563552570E+03
 0.32222186395938E+03
 0.32148057837509E+03
 0.32089264269090E+03
 0.32046831569278E+03
 0.32021712201933E+03
 0.32014769984425E+03
 0.32026760586705E+03
 0.32058324713367E+03
 0.32109980731355E+03
 0.32182116965279E+03
 0.32274990943726E+03
 0.32388730999456E+03
 0.32523341293744E+03
 0.32678703445823E+03
 0.32854599475966E+03
 0.33050701546915E+03
 0.33266595409976E+03
 0.33501788748472E+03
 0.33755725538050E+03
 0.34027792233529E+03
 0.34317330163130E+03
 0.34623649267746E+03
 0.34946031843651E+03
 0.35283744413476E+03
 0.35636043884333E+03
 0.36002080750766E+03
 0.36381315550046E+03
 0.36772907778999E+03
 0.37176131099554E+03
 0.37590271080008E+03
 0.38014628673781E+03
 0.38448524268473E+03
 0.38891297015325E+03
 0.39342304830346E+03
 0.39800928007122E+03
 0.40266568079443E+03
 0.40738646539528E+03
 0.41216605272747E+03
 0.41699908539354E+03
 0.42188041587263E+03
 0.42680506873471E+03
 0.43176827708379E+03
 0.43676548682663E+03
 0.44179224168273E+03
 0.44684442433010E+03
 0.45191793990935E+03
 0.45700891024978E+03
 0.46211361726455E+03
 0.46722847765539E+03
 0.47235007563761E+03
 0.47747513935149E+03
 0.48260051223029E+03
 0.48772319444259E+03
 0.49284028287367E+03
 0.49794902472654E+03
 0.50304676812322E+03
 0.50813097183046E+03
 0.51319921803886E+03
 0.51824919021274E+03
 0.52327866469103E+03
 0.52828552978539E+03
 0.53326776129112E+03
 0.53822343105400E+03
 0.54315070289309E+03
 0.54804782885482E+03
 0.55291313006274E+03
 0.55774504328282E+03
 0.56254206035687E+03
 0.56730275098982E+03
 0.57202577414809E+03
 0.57670985997680E+03
 0.58135380579482E+03
 0.58595647544077E+03
 0.59051681238836E+03
 0.59503382413730E+03
 0.59950657347940E+03
 0.60393420046524E+03
 0.60831589885422E+03
 0.61265091660356E+03
 0.61693856779912E+03
 0.62117822058387E+03
 0.62536929963763E+03
 0.62951128199822E+03
 0.63360369600948E+03
 0.63764611691345E+03
 0.64163817541266E+03
 0.64557955182519E+03
 0.64946996210202E+03
 0.65330917117103E+03
 0.65709698828234E+03
 0.66083326276019E+03
 0.66451788661800E+03
 0.66815078756360E+03
 0.67173192916844E+03
 0.67526131484853E+03
 0.67873898297132E+03
 0.68216499596731E+03
 0.68553945956993E+03
 0.68886250517430E+03
 0.69213429454587E+03
 0.69535501333661E+03
 0.69852487543837E+03
 0.70164412557418E+03
 0.70471302670635E+03
 0.70773186379432E+03
 0.71070095051350E+03
 0.71362061517869E+03
 0.71649120923491E+03
 0.71931309875425E+03
 0.72208667263689E+03
 0.72481232899737E+03
 0.72749049241096E+03
 0.73012158277096E+03
 0.73270605532951E+03
 0.73524436743649E+03
 0.73773697806605E+03
 0.74018437324744E+03
 0.74258704824255E+03
 0.74494549280017E+03
 0.74726021428754E+03
 0.74953172586954E+03
 0.75176054961155E+03
 0.75394721755290E+03
 0.75609225345995E+03
 0.75819619404294E+03
 0.76025957732257E+03
