 0.00000000000000E+00
 0.00000000000000E+00
 0.00000000000000E+00
 0.00000000000000E+00
 0.11082470493891E-35
 0.23470971702686E-31
 0.28870619539213E-28
 0.59965350875198E-26
 0.38050265587444E-24
 0.10527481249286E-22
 0.15926374589911E-21
 0.15320734916998E-20
 0.10403753240573E-19
 0.53735518279859E-19
 0.22297909922702E-18
 0.77450960933306E-18
 0.23237272671726E-17
 0.61709824551417E-17
 0.14789691676555E-16
 0.32502605072029E-16
 0.66442560569099E-16
 0.12836531424162E-15
 0.24000396000022E-15
 0.45245240619239E-15
 0.91457677012843E-15
 0.20928514024645E-14
 0.54097620604192E-14
 0.14930697623078E-13
 0.50544216507930E-09
 0.71336580700728E-09
 0.19619919084079E-08
 0.36286294024131E-08
 0.64674882673457E-08
 0.11146120736797E-07
 0.18628864334183E-07
 0.30273313519443E-07
 0.47946599328924E-07
 0.74162816890362E-07
 0.11224266522419E-06
 0.16649606619236E-06
 0.24242829454617E-06
 0.34696970786266E-06
 0.48872925834991E-06
 0.67827144153303E-06
 0.92841642920776E-06
 0.12545630644423E-05
 0.16750330340104E-05
 0.22114374775697E-05
 0.28890639617657E-05
 0.37372836199913E-05
 0.47899763248902E-05
 0.60859757933800E-05
 0.76695313189305E-05
 0.95907869457997E-05
 0.11906274696239E-04
 0.14679424921047E-04
 0.17981088946791E-04
 0.21890064880305E-04
 0.26493673832120E-04
 0.31888287588006E-04
 0.38179896352430E-04
 0.45484715739465E-04
 0.53929772346962E-04
 0.63653465375098E-04
 0.74806186822655E-04
 0.87550928869551E-04
 0.10206385876392E-03
 0.11853502618344E-03
 0.13716887973710E-03
 0.15818496458646E-03
 0.18181854436173E-03
 0.20832113006040E-03
 0.23796118302293E-03
 0.27102496334476E-03
 0.30781683371809E-03
 0.34866010623910E-03
 0.39389744676840E-03
 0.44389211998595E-03
 0.49902807681602E-03
 0.55971093463676E-03
 0.62636849129055E-03
 0.69945161187414E-03
 0.77950711392366E-03
 0.86690276043606E-03
 0.96222377152335E-03
 0.10660210566224E-02
 0.11788711754014E-02
 0.13013793864869E-02
 0.14341792331422E-02
 0.15779331445579E-02
 0.17333335052196E-02
 0.19011049325260E-02
 0.20820038884021E-02
 0.22768198682892E-02
 0.24863771532771E-02
 0.27115323369028E-02
 0.29531812931684E-02
 0.32122571785958E-02
 0.34897313715807E-02
 0.37866146399431E-02
 0.41039590501449E-02
 0.44428582604731E-02
 0.48044511906847E-02
 0.51899217081679E-02
 0.56004979919929E-02
 0.60374551877716E-02
 0.65021205450328E-02
 0.69958696286842E-02
 0.75201289295389E-02
 0.80763772870973E-02
 0.86661477300469E-02
 0.92910281903069E-02
 0.99526639650620E-02
 0.10652753410760E-01
 0.11393046339083E-01
 0.12175367372400E-01
 0.13001578890968E-01
 0.13873613839398E-01
 0.14793456552679E-01
 0.15763314357744E-01
 0.16784971573333E-01
 0.17860727260929E-01
 0.18992783675506E-01
 0.20183378382071E-01
 0.21434806590631E-01
 0.22749403174161E-01
 0.24129534088834E-01
 0.25577603222505E-01
 0.27096030180026E-01
 0.28687253353796E-01
 0.30353726716720E-01
 0.32097895408016E-01
 0.33922208965133E-01
 0.35829092071908E-01
 0.37820936622885E-01
 0.39900114120639E-01
 0.42068933931369E-01
 0.44329655523631E-01
 0.46684464223941E-01
 0.49135470557861E-01
 0.51684697820252E-01
 0.54334073883585E-01
 0.57085432900566E-01
 0.59940470184208E-01
 0.62900798081777E-01
 0.65967889463321E-01
 0.69143105633342E-01
 0.72427687338980E-01
 0.75822736736594E-01
 0.79329251824726E-01
 0.82948298529854E-01
 0.86680226066169E-01
 0.90525840308522E-01
 0.94485653857708E-01
 0.98560050291198E-01
 0.10274928847705E+00
 0.10705349438291E+00
 0.11147267923312E+00
 0.11600669033770E+00
 0.12065521509957E+00
 0.12541776980130E+00
 0.13029364858304E+00
 0.13528190085154E+00
 0.14038130895702E+00
 0.14559033432601E+00
 0.15090702534160E+00
 0.15632902577779E+00
 0.16185344458343E+00
 0.16747683695397E+00
 0.17319509534781E+00
 0.17900343836569E+00
 0.18489624260221E+00
 0.19086709623595E+00
 0.19690866035565E+00
 0.20301273415607E+00
 0.20917017372162E+00
 0.21537097014634E+00
 0.22160429728453E+00
 0.22785860030547E+00
 0.23412172307494E+00
 0.24038105180935E+00
 0.24662375184014E+00
 0.25283684404194E+00
 0.25900753233438E+00
 0.26512336628283E+00
 0.27117237016566E+00
 0.27714328539239E+00
 0.28302557231200E+00
 0.28880993351417E+00
 0.29448777811088E+00
 0.30005168800091E+00
 0.30549532451606E+00
 0.31081347161257E+00
 0.31600187807034E+00
 0.32105734729787E+00
 0.32597760801249E+00
 0.33076123979059E+00
 0.33540761140734E+00
 0.33991679512426E+00
 0.34429100937680E+00
 0.34852846466992E+00
 0.35263236003865E+00
 0.35660481177684E+00
 0.36044825788047E+00
 0.36416541276943E+00
 0.36775921576597E+00
 0.37123278501753E+00
 0.37458936566048E+00
 0.37783229199217E+00
 0.38096496399545E+00
 0.38399081544820E+00
 0.38691328949670E+00
 0.38973580737308E+00
 0.39246177234463E+00
 0.39509453266595E+00
 0.39763738582548E+00
 0.40009356776624E+00
 0.40246621432010E+00
 0.40475843456238E+00
 0.40697320201758E+00
 0.40911342216908E+00
 0.41118190760559E+00
 0.41318137764172E+00
 0.41511446386480E+00
 0.41698370442090E+00
 0.41879154499283E+00
 0.42054034241183E+00
 0.42223236245611E+00
 0.42386978871464E+00
 0.42545471621865E+00
 0.42698915772275E+00
 0.42847504783803E+00
 0.42991424301137E+00
 0.43130852221949E+00
 0.43265959422738E+00
 0.43396909833943E+00
 0.43523860474083E+00
 0.43646961850486E+00
 0.43766358346890E+00
 0.43882188234493E+00
 0.43994584204433E+00
 0.44103673338774E+00
 0.44209577338613E+00
 0.44312412995194E+00
 0.44412292170553E+00
 0.44509322094364E+00
 0.44603605514628E+00
 0.44695240984610E+00
 0.44784323016862E+00
 0.44870942129552E+00
 0.44955185214568E+00
 0.45037135570228E+00
 0.45116873088174E+00
 0.45194474437174E+00
 0.45270013192896E+00
 0.45343559944391E+00
 0.45415182423114E+00
 0.45484945697219E+00
 0.45552912136124E+00
 0.45619141766167E+00
 0.45683692247527E+00
 0.45746618868049E+00
 0.45807974807235E+00
 0.45867811171108E+00
 0.45926177092125E+00
 0.45983119820824E+00
 0.46038684772761E+00
 0.46092915634147E+00
 0.46145854448960E+00
 0.46197541669695E+00
 0.46248016205629E+00
 0.46297315529881E+00
 0.46345475740451E+00
 0.46392531596218E+00
 0.46438516557579E+00
 0.46483462855933E+00
 0.46527401596556E+00
 0.46570362703640E+00
 0.46612375087081E+00
 0.46653466579436E+00
 0.46693664037314E+00
 0.46732993351807E+00
 0.46771479541149E+00
 0.46809146739791E+00
 0.46846018165780E+00
 0.46882116367688E+00
 0.46917462999545E+00
 0.46952079027679E+00
 0.46985984780161E+00
 0.47019199724581E+00
 0.47051742796570E+00
 0.47083632340957E+00
 0.47114885941439E+00
 0.47145520718596E+00
 0.47175553184708E+00
 0.47204999325156E+00
 0.47233874639303E+00
 0.47262194064687E+00
 0.47289972084790E+00
 0.47317222714891E+00
