 0.10906081480649E+00
 0.10906081480638E+00
 0.10906081480525E+00
 0.10906081480759E+00
 0.10906081486070E+00
 0.10906081506914E+00
 0.10906081562597E+00
 0.10906081676049E+00
 0.10906081824986E+00
 0.10906081841475E+00
 0.10906081234677E+00
 0.10906078952499E+00
 0.10906073137047E+00
 0.10906060888299E+00
 0.10906038112731E+00
 0.10905999446429E+00
 0.10905938254100E+00
 0.10905846729296E+00
 0.10905716022836E+00
 0.10905536430815E+00
 0.10905297612732E+00
 0.10904988778778E+00
 0.10904598913525E+00
 0.10904117047594E+00
 0.10903532290531E+00
 0.10902834018400E+00
 0.10902012069935E+00
 0.10901056784455E+00
 0.10899959013264E+00
 0.10898710280474E+00
 0.10897302541979E+00
 0.10895728443291E+00
 0.10893981107775E+00
 0.10892054147308E+00
 0.10889941623097E+00
 0.10887637959349E+00
 0.10885137979030E+00
 0.10882436770041E+00
 0.10879529705576E+00
 0.10876412348921E+00
 0.10873080471726E+00
 0.10869530023699E+00
 0.10865757109092E+00
 0.10861757981317E+00
 0.10857529025802E+00
 0.10853066756210E+00
 0.10848367806418E+00
 0.10843428923856E+00
 0.10838246968097E+00
 0.10832818893503E+00
 0.10827141746542E+00
 0.10821212643883E+00
 0.10815028762078E+00
 0.10808587314562E+00
 0.10801885537465E+00
 0.10794920658448E+00
 0.10787689802958E+00
 0.10780189983477E+00
 0.10772418336006E+00
 0.10764371560851E+00
 0.10756046270367E+00
 0.10747438839393E+00
 0.10738545355210E+00
 0.10729361567448E+00
 0.10719882834941E+00
 0.10710104094551E+00
 0.10700019821910E+00
 0.10689623983296E+00
 0.10678909964004E+00
 0.10667870554996E+00
 0.10656497862980E+00
 0.10644783315561E+00
 0.10632717600000E+00
 0.10620290618649E+00
 0.10607491456093E+00
 0.10594308348259E+00
 0.10580728653108E+00
 0.10566738811476E+00
 0.10552324363467E+00
 0.10537469617650E+00
 0.10522158109765E+00
 0.10506372286578E+00
 0.10490089004152E+00
 0.10473296753392E+00
 0.10455970908518E+00
 0.10438089396862E+00
 0.10419629144653E+00
 0.10400565800839E+00
 0.10380873812330E+00
 0.10360526520018E+00
 0.10339495974859E+00
 0.10317752925424E+00
 0.10295266918907E+00
 0.10272006296483E+00
 0.10247937764961E+00
 0.10223027213488E+00
 0.10197238951823E+00
 0.10170535965664E+00
 0.10142879956973E+00
 0.10114231289072E+00
 0.10084549022283E+00
 0.10053791013715E+00
 0.10021913488321E+00
 0.99888714375185E-01
 0.99546186486824E-01
 0.99191076385276E-01
 0.98822894548146E-01
 0.98441139973590E-01
 0.98045299759188E-01
 0.97634849263017E-01
 0.97209252366680E-01
 0.96767962489427E-01
 0.96310422192817E-01
 0.95836067063214E-01
 0.95344327693698E-01
 0.94834618820700E-01
 0.94306359796633E-01
 0.93758960301247E-01
 0.93191829750038E-01
 0.92604295235340E-01
 0.91995927221720E-01
 0.91366066158373E-01
 0.90714135767748E-01
 0.90039578047985E-01
 0.89341841073625E-01
 0.88620392251743E-01
 0.87874722876510E-01
 0.87104345119004E-01
 0.86308807033560E-01
 0.85487690381227E-01
 0.84640613759267E-01
 0.83767245735096E-01
 0.82867298269312E-01
 0.81940542115890E-01
 0.80986811840032E-01
 0.80005997709363E-01
 0.78998066896470E-01
 0.77963056328545E-01
 0.76901083893787E-01
 0.75812347051681E-01
 0.74697127798321E-01
 0.73555794674327E-01
 0.72388800452043E-01
 0.71196698122073E-01
 0.69980118212486E-01
 0.68739786891602E-01
 0.67476513672560E-01
 0.66191191378249E-01
 0.64884803099341E-01
 0.63558399332182E-01
 0.62213045279833E-01
 0.60850090026777E-01
 0.59470745874125E-01
 0.58076346883135E-01
 0.56668295994780E-01
 0.55248058207869E-01
 0.53817155103917E-01
 0.52377151459135E-01
 0.50929676541308E-01
 0.49476409923654E-01
 0.48019076763071E-01
 0.46559458672727E-01
 0.45099392675172E-01
 0.43640760251871E-01
 0.42185505915937E-01
 0.40735637685246E-01
 0.39293207621261E-01
 0.37860333995573E-01
 0.36439184476581E-01
 0.35031981946372E-01
 0.33640982220032E-01
 0.32268490556445E-01
 0.30916818782447E-01
 0.29588293431157E-01
 0.28285208195120E-01
 0.27009821056913E-01
 0.25764307872423E-01
 0.24550743555911E-01
 0.23371062629952E-01
 0.22227021284189E-01
 0.21120181590559E-01
 0.20051866364916E-01
 0.19023155465939E-01
 0.18034855370170E-01
 0.17087495278328E-01
 0.16181334305127E-01
 0.15316356399461E-01
 0.14492305420993E-01
 0.13708642746760E-01
 0.12964660026186E-01
 0.12259444349394E-01
 0.11591921582276E-01
 0.10960877994392E-01
 0.10365003957879E-01
 0.98029035490276E-02
 0.92731264481657E-02
 0.87741905572942E-02
 0.83045993921508E-02
 0.78628595841217E-02
 0.74473450836638E-02
 0.70569121736864E-02
 0.66900009116770E-02
 0.63452478402185E-02
 0.60213421740876E-02
 0.57170282805369E-02
 0.54311074088974E-02
 0.51624397973062E-02
 0.49099455427331E-02
 0.46726033819433E-02
 0.44494499388899E-02
 0.42395785025996E-02
 0.40421372066459E-02
 0.38563266592529E-02
 0.36813971862611E-02
 0.35166479947868E-02
 0.33614231822464E-02
 0.32151092427304E-02
 0.30771354182195E-02
 0.29469647406760E-02
 0.28241000363491E-02
 0.27080761907289E-02
 0.25984595096621E-02
 0.24948458908432E-02
 0.23968582037633E-02
 0.23041448832792E-02
 0.22163784208731E-02
 0.21332531431438E-02
 0.20544843502857E-02
 0.19798061572041E-02
 0.19089707565266E-02
 0.18417469349998E-02
 0.17779187531646E-02
 0.17172846624304E-02
 0.16596565503628E-02
 0.16048585591269E-02
 0.15527263921272E-02
 0.15031064738485E-02
 0.14558551786278E-02
 0.14108381128858E-02
 0.13679296056169E-02
 0.13270117865124E-02
 0.12879743999569E-02
 0.12507141430535E-02
 0.12151340808379E-02
 0.11811433316244E-02
 0.11486566439276E-02
 0.11175940125233E-02
 0.10878802496334E-02
 0.10594447217911E-02
 0.10322210911489E-02
 0.10061469141816E-02
 0.98116347702259E-03
 0.95721554098164E-03
 0.93425106316757E-03
 0.91222102550819E-03
 0.89107923042021E-03
 0.87078212888192E-03
 0.85128863666571E-03
 0.83256001393845E-03
 0.81455964643797E-03
 0.79725294874087E-03
 0.78060728605413E-03
 0.76459178948843E-03
 0.74917726531696E-03
 0.73433609742174E-03
 0.72004214069281E-03
 0.70627065148383E-03
 0.69299819480467E-03
 0.68020255297951E-03
 0.66786266347963E-03
 0.65595857620870E-03
 0.64447133603706E-03
 0.63338296228092E-03
 0.62267638014692E-03
 0.61233538437225E-03
 0.60234457373427E-03
 0.59268929378274E-03
 0.58335562887963E-03
 0.57433033380001E-03
 0.56560080091669E-03
 0.55715503709619E-03
 0.54898161815627E-03
 0.54106966235400E-03
 0.53340879378840E-03
 0.52598914368942E-03
 0.51880126560019E-03
 0.51183619421691E-03
 0.50508533587080E-03
 0.49854048977831E-03
 0.49219386871910E-03
 0.48603799095309E-03
 0.48006570394099E-03
 0.47427021324912E-03
 0.46864499297956E-03
 0.46318381166849E-03
 0.45788070301970E-03
 0.45272994787494E-03
 0.44772609754532E-03
 0.44286392050551E-03
 0.43813841063326E-03
