 0.26482300296472E+01
 0.26482300296430E+01
 0.26482300295409E+01
 0.26482300288623E+01
 0.26482300262642E+01
 0.26482300202198E+01
 0.26482300089857E+01
 0.26482299899724E+01
 0.26482299646144E+01
 0.26482299431219E+01
 0.26482299556176E+01
 0.26482300666411E+01
 0.26482303884973E+01
 0.26482310975183E+01
 0.26482324414483E+01
 0.26482347439683E+01
 0.26482384054081E+01
 0.26482438953330E+01
 0.26482517492597E+01
 0.26482625564100E+01
 0.26482769513585E+01
 0.26482955975408E+01
 0.26483191828754E+01
 0.26483484228638E+01
 0.26483840271194E+01
 0.26484266975985E+01
 0.26484771462646E+01
 0.26485360750557E+01
 0.26486041687842E+01
 0.26486821172992E+01
 0.26487705653885E+01
 0.26488701646749E+01
 0.26489815336697E+01
 0.26491052744327E+01
 0.26492419616936E+01
 0.26493921440624E+01
 0.26495563467049E+01
 0.26497350604327E+01
 0.26499287458954E+01
 0.26501378183753E+01
 0.26503626558693E+01
 0.26506035889672E+01
 0.26508609016060E+01
 0.26511348235060E+01
 0.26514255267870E+01
 0.26517331216177E+01
 0.26520576522168E+01
 0.26523990924489E+01
 0.26527573403453E+01
 0.26531322177910E+01
 0.26535234606230E+01
 0.26539307217925E+01
 0.26543535619573E+01
 0.26547914478313E+01
 0.26552437525187E+01
 0.26557097501482E+01
 0.26561885970130E+01
 0.26566793399042E+01
 0.26571809672715E+01
 0.26576922958865E+01
 0.26582120549386E+01
 0.26587388561922E+01
 0.26592711964569E+01
 0.26598074522156E+01
 0.26603458778436E+01
 0.26608846072164E+01
 0.26614216523400E+01
 0.26619549063128E+01
 0.26624821314588E+01
 0.26630009719242E+01
 0.26635089379201E+01
 0.26640034154783E+01
 0.26644816655783E+01
 0.26649408181717E+01
 0.26653778750491E+01
 0.26657897109174E+01
 0.26661730738728E+01
 0.26665245797197E+01
 0.26668407280218E+01
 0.26671178350327E+01
 0.26673521341747E+01
 0.26675397136868E+01
 0.26676757627141E+01
 0.26677574931280E+01
 0.26677799387812E+01
 0.26677386326087E+01
 0.26676289838687E+01
 0.26674462479381E+01
 0.26671855373318E+01
 0.26668418368587E+01
 0.26664099723984E+01
 0.26658846183976E+01
 0.26652603013488E+01
 0.26645314034281E+01
 0.26636920941619E+01
 0.26627364697239E+01
 0.26616584177687E+01
 0.26604516629622E+01
 0.26591097670091E+01
 0.26576261214824E+01
 0.26559939520435E+01
 0.26542063392828E+01
 0.26522561294207E+01
 0.26501360104481E+01
 0.26478385098820E+01
 0.26453559792485E+01
 0.26426805598159E+01
 0.26398042289387E+01
 0.26367187913437E+01
 0.26334158753441E+01
 0.26298869314143E+01
 0.26261232444316E+01
 0.26221159287362E+01
 0.26178559583752E+01
 0.26133342165811E+01
 0.26085413089154E+01
 0.26034678862621E+01
 0.25981043980340E+01
 0.25924412483735E+01
 0.25864674526695E+01
 0.25801758464020E+01
 0.25735555241139E+01
 0.25665968380456E+01
 0.25592902634531E+01
 0.25516263144894E+01
 0.25435956956581E+01
 0.25351893334613E+01
 0.25263983239104E+01
 0.25172141989546E+01
 0.25076288500125E+01
 0.24976345613936E+01
 0.24872242290055E+01
 0.24763912110970E+01
 0.24651295891632E+01
 0.24534342407127E+01
 0.24413006885647E+01
 0.24287254252572E+01
 0.24157057981299E+01
 0.24022401820285E+01
 0.23883279641940E+01
 0.23739696060764E+01
 0.23591666734182E+01
 0.23439218066124E+01
 0.23282389657144E+01
 0.23121230749432E+01
 0.22955803290728E+01
 0.22786179736630E+01
 0.22612443267469E+01
 0.22434688784075E+01
 0.22253019148718E+01
 0.22067536867941E+01
 0.21878388245672E+01
 0.21685693796892E+01
 0.21489590965115E+01
 0.21290225940690E+01
 0.21087751204383E+01
 0.20882326051895E+01
 0.20674112348278E+01
 0.20463279708280E+01
 0.20250002151055E+01
 0.20034456601648E+01
 0.19816825277038E+01
 0.19597294960060E+01
 0.19376054026479E+01
 0.19153298253193E+01
 0.18929228787777E+01
 0.18704048350926E+01
 0.18477966377076E+01
 0.18251196052264E+01
 0.18023956805838E+01
 0.17796470906688E+01
 0.17568968313027E+01
 0.17341680491920E+01
 0.17114845420713E+01
 0.16888700224126E+01
 0.16663485778054E+01
 0.16439439489751E+01
 0.16216800899145E+01
 0.15995804368350E+01
 0.15776674190959E+01
 0.15559631510058E+01
 0.15344884318308E+01
 0.15132627907844E+01
 0.14923044032147E+01
 0.14716299065950E+01
 0.14512543434927E+01
 0.14311909225734E+01
 0.14114515521175E+01
 0.13920452031879E+01
 0.13729803496833E+01
 0.13542634741069E+01
 0.13358995396361E+01
 0.13178918565247E+01
 0.13002427146816E+01
 0.12829530769570E+01
 0.12660228037141E+01
 0.12494508917291E+01
 0.12332354673653E+01
 0.12173739481013E+01
 0.12018629917048E+01
 0.11866992627144E+01
 0.11718784662732E+01
 0.11573960864972E+01
 0.11432473795954E+01
 0.11294273993644E+01
 0.11159309344022E+01
 0.11027526747379E+01
 0.10898872840232E+01
 0.10773292534870E+01
 0.10650730373573E+01
 0.10531131595728E+01
 0.10414441708072E+01
 0.10300605261082E+01
 0.10189567564950E+01
 0.10081275008330E+01
 0.99756740820031E+00
 0.98727112505712E+00
 0.97723355806800E+00
 0.96744933690099E+00
 0.95791347554310E+00
 0.94862096075161E+00
 0.93956683538676E+00
 0.93074627597920E+00
 0.92215449899263E+00
 0.91378677738903E+00
 0.90563852552173E+00
 0.89770516902821E+00
 0.88998228999230E+00
 0.88246548344533E+00
 0.87515045792673E+00
 0.86803300889252E+00
 0.86110897599200E+00
 0.85437428904665E+00
 0.84782496836025E+00
 0.84145708236186E+00
 0.83526680832525E+00
 0.82925037205879E+00
 0.82340406359992E+00
 0.81772425303796E+00
 0.81220741109877E+00
 0.80685000743978E+00
 0.80164863446677E+00
 0.79659994112986E+00
 0.79170063060833E+00
 0.78694746337031E+00
 0.78233727576784E+00
 0.77786697239507E+00
 0.77353349659883E+00
 0.76933386501694E+00
 0.76526515928102E+00
 0.76132449383884E+00
 0.75750905770077E+00
 0.75381610565740E+00
 0.75024293046095E+00
 0.74678688850448E+00
 0.74344537960851E+00
 0.74021585489731E+00
 0.73709582807609E+00
 0.73408284482803E+00
 0.73117451378877E+00
 0.72836848812689E+00
 0.72566246771966E+00
 0.72305419955240E+00
 0.72054147181589E+00
 0.71812212240269E+00
 0.71579402922555E+00
 0.71355511454159E+00
 0.71140334669986E+00
 0.70933672941015E+00
 0.70735330523964E+00
 0.70545117055746E+00
 0.70362844059273E+00
 0.70188328193801E+00
 0.70021389655028E+00
 0.69861852525166E+00
 0.69709544087191E+00
 0.69564295207403E+00
 0.69425939891005E+00
 0.69294317451607E+00
 0.69169268030385E+00
 0.69050636572217E+00
 0.68938270094901E+00
 0.68832020594983E+00
 0.68731741802505E+00
 0.68637289631709E+00
 0.68548524889649E+00
 0.68465311176798E+00
 0.68387512396687E+00
 0.68314999757805E+00
 0.68247643104488E+00
 0.68185316322906E+00
 0.68127897062819E+00
 0.68075263609540E+00
 0.68027298709107E+00
 0.67983886442572E+00
 0.67944913348836E+00
 0.67910268509460E+00
 0.67879844094061E+00
 0.67853533764624E+00
 0.67831233681840E+00
