 0.10963120135019E+01
 0.10963120131949E+01
 0.10963120098811E+01
 0.10963119959204E+01
 0.10963119580722E+01
 0.10963118780497E+01
 0.10963117329475E+01
 0.10963114964922E+01
 0.10963111453546E+01
 0.10963106725916E+01
 0.10963101104744E+01
 0.10963095590068E+01
 0.10963092132835E+01
 0.10963093853661E+01
 0.10963105142990E+01
 0.10963131649606E+01
 0.10963180168551E+01
 0.10963258436728E+01
 0.10963374897954E+01
 0.10963538431948E+01
 0.10963758088505E+01
 0.10964042846887E+01
 0.10964401398316E+01
 0.10964841951890E+01
 0.10965372112900E+01
 0.10965998763485E+01
 0.10966727973921E+01
 0.10967564954998E+01
 0.10968514038380E+01
 0.10969578664438E+01
 0.10970761400751E+01
 0.10972063958802E+01
 0.10973487226652E+01
 0.10975031319608E+01
 0.10976695616222E+01
 0.10978478822526E+01
 0.10980379016234E+01
 0.10982393709388E+01
 0.10984519899332E+01
 0.10986754130710E+01
 0.10989092549906E+01
 0.10991530954554E+01
 0.10994064853323E+01
 0.10996689509437E+01
 0.10999399991570E+01
 0.11002191217212E+01
 0.11005057995575E+01
 0.11007995065921E+01
 0.11010997130508E+01
 0.11014058894920E+01
 0.11017175088194E+01
 0.11020340499024E+01
 0.11023549992785E+01
 0.11026798535388E+01
 0.11030081211724E+01
 0.11033393241554E+01
 0.11036730004652E+01
 0.11040087055713E+01
 0.11043460067707E+01
 0.11046844955369E+01
 0.11050237799023E+01
 0.11053634872314E+01
 0.11057032647356E+01
 0.11060427796998E+01
 0.11063817191624E+01
 0.11067197911225E+01
 0.11070567250550E+01
 0.11073922684254E+01
 0.11077261893292E+01
 0.11080582757852E+01
 0.11083883356581E+01
 0.11087161956449E+01
 0.11090417016647E+01
 0.11093647177007E+01
 0.11096851258369E+01
 0.11100028262677E+01
 0.11103177362869E+01
 0.11106297890609E+01
 0.11109389337420E+01
 0.11112451397738E+01
 0.11115483870618E+01
 0.11118486729202E+01
 0.11121460315528E+01
 0.11124404465105E+01
 0.11127319762238E+01
 0.11130206730620E+01
 0.11133066024582E+01
 0.11135898426578E+01
 0.11138704844205E+01
 0.11141486289442E+01
 0.11144243899689E+01
 0.11146978934353E+01
 0.11149692738352E+01
 0.11152386742836E+01
 0.11155062580566E+01
 0.11157721896403E+01
 0.11160366462652E+01
 0.11162998153338E+01
 0.11165618932648E+01
 0.11168230854672E+01
 0.11170836049027E+01
 0.11173436740055E+01
 0.11176035267373E+01
 0.11178634043655E+01
 0.11181235558098E+01
 0.11183842377312E+01
 0.11186457157348E+01
 0.11189082623751E+01
 0.11191721575824E+01
 0.11194376881815E+01
 0.11197051479467E+01
 0.11199748367503E+01
 0.11202470612243E+01
 0.11205221311458E+01
 0.11208003597968E+01
 0.11210820692280E+01
 0.11213675801872E+01
 0.11216572173199E+01
 0.11219513085153E+01
 0.11222502168979E+01
 0.11225541852265E+01
 0.11228635769578E+01
 0.11231787095467E+01
 0.11234998852819E+01
 0.11238274070288E+01
 0.11241615592700E+01
 0.11245026192953E+01
 0.11248508461223E+01
 0.11252064756646E+01
 0.11255697218632E+01
 0.11259407726159E+01
 0.11263197835661E+01
 0.11267068773464E+01
 0.11271021342555E+01
 0.11275055887601E+01
 0.11279172350160E+01
 0.11283370079705E+01
 0.11287647867609E+01
 0.11292003855867E+01
 0.11296435532115E+01
 0.11300939651867E+01
 0.11305512205263E+01
 0.11310148364183E+01
 0.11314842398357E+01
 0.11319587748577E+01
 0.11324376873654E+01
 0.11329201271076E+01
 0.11334051464045E+01
 0.11338916844939E+01
 0.11343785930627E+01
 0.11348646392565E+01
 0.11353483702144E+01
 0.11358283141580E+01
 0.11363028814492E+01
 0.11367703597651E+01
 0.11372288968758E+01
 0.11376765507876E+01
 0.11381112495262E+01
 0.11385308129529E+01
 0.11389329374274E+01
 0.11393152175905E+01
 0.11396751413864E+01
 0.11400100929431E+01
 0.11403173663837E+01
 0.11405941657013E+01
 0.11408376150851E+01
 0.11410448246430E+01
 0.11412128228484E+01
 0.11413386620426E+01
 0.11414194098622E+01
 0.11414522005659E+01
 0.11414342454979E+01
 0.11413629112323E+01
 0.11412357368536E+01
 0.11410505006413E+01
 0.11408052681790E+01
 0.11404984482259E+01
 0.11401287987606E+01
 0.11396955068522E+01
 0.11391982352626E+01
 0.11386370964083E+01
 0.11380127022073E+01
 0.11373261775610E+01
 0.11365791114271E+01
 0.11357735538157E+01
 0.11349119817113E+01
 0.11339972718115E+01
 0.11330326362149E+01
 0.11320215391885E+01
 0.11309676991290E+01
 0.11298749768908E+01
 0.11287473292831E+01
 0.11275887585108E+01
 0.11264032463638E+01
 0.11251947238966E+01
 0.11239670052624E+01
 0.11227237747164E+01
 0.11214685476464E+01
 0.11202046488559E+01
 0.11189351895308E+01
 0.11176630920475E+01
 0.11163910307155E+01
 0.11151214655066E+01
 0.11138566360915E+01
 0.11125985693197E+01
 0.11113490834322E+01
 0.11101097978279E+01
 0.11088821452674E+01
 0.11076673881685E+01
 0.11064666162983E+01
 0.11052807699033E+01
 0.11041106462915E+01
 0.11029569199346E+01
 0.11018201490302E+01
 0.11007007758059E+01
 0.10995991522665E+01
 0.10985155452568E+01
 0.10974501459499E+01
 0.10964030554556E+01
 0.10953743371760E+01
 0.10943639889727E+01
 0.10933719652047E+01
 0.10923981737074E+01
 0.10914424828471E+01
 0.10905047332290E+01
 0.10895847355083E+01
 0.10886822739581E+01
 0.10877971180800E+01
 0.10869290149005E+01
 0.10860776983194E+01
 0.10852428912651E+01
 0.10844243067557E+01
 0.10836216495349E+01
 0.10828346197812E+01
 0.10820629133719E+01
 0.10813062216869E+01
 0.10805642365447E+01
 0.10798366488857E+01
 0.10791231501268E+01
 0.10784234348046E+01
 0.10777371946996E+01
 0.10770641290963E+01
 0.10764039405118E+01
 0.10757563309412E+01
 0.10751210101867E+01
 0.10744976915964E+01
 0.10738860942508E+01
 0.10732859408732E+01
 0.10726969581222E+01
 0.10721188807866E+01
 0.10715514475159E+01
 0.10709944021269E+01
 0.10704474953619E+01
 0.10699104821927E+01
 0.10693831227265E+01
 0.10688651842184E+01
 0.10683564384504E+01
 0.10678566621649E+01
 0.10673656408901E+01
 0.10668831617269E+01
 0.10664090160267E+01
 0.10659430039054E+01
 0.10654849298452E+01
 0.10650346026015E+01
 0.10645918357206E+01
 0.10641564478209E+01
 0.10637282622802E+01
 0.10633071073331E+01
 0.10628928155720E+01
 0.10624852241562E+01
 0.10620841744349E+01
 0.10616895125957E+01
 0.10613010878362E+01
 0.10609187540303E+01
 0.10605423688428E+01
 0.10601717945352E+01
 0.10598068954595E+01
 0.10594475417121E+01
 0.10590936046128E+01
 0.10587449605540E+01
 0.10584014886677E+01
 0.10580630719115E+01
 0.10577295949940E+01
 0.10574009465072E+01
 0.10570770208696E+01
 0.10567577094893E+01
 0.10564429122176E+01
 0.10561325293484E+01
 0.10558264599804E+01
 0.10555246141430E+01
 0.10552268987569E+01
 0.10549332218809E+01
 0.10546434988585E+01
 0.10543576442948E+01
 0.10540755754892E+01
 0.10537972118297E+01
 0.10535224745999E+01
 0.10532512872223E+01
 0.10529835763954E+01
 0.10527192699501E+01
