 0.40370578283780+250
 0.63537844174379+120
 0.34304799886712E+77
 0.79710560889471E+55
 0.83408831098647E+42
 0.18521473945404E+34
 0.12206109599345E+28
 0.28232711263750E+23
 0.70001929074351E+19
 0.91326023141252E+16
 0.39859761862160E+14
 0.43034413275186E+12
 0.93253706806580E+10
 0.34933952027565E+09
 0.20277197385093E+08
 0.16799426486307E+07
 0.18656337149684E+06
 0.26448224270070E+05
 0.46052524582053E+04
 0.95499979555441E+03
 0.23003521035410E+03
 0.63060243204513E+02
 0.19344166473370E+02
 0.65474428002208E+01
 0.24164760969293E+01
 0.96281716401135E+00
 0.41062978140284E+00
 0.18609541279731E+00
 0.89055466340424E-01
 0.16705401315600E+05
 0.87753296778337E+04
 0.88354715689079E+04
 0.50102435993710E+04
 0.50346736158597E+04
 0.38930325249833E+04
 0.30536030823405E+04
 0.24269228809939E+04
 0.19524389741395E+04
 0.15885035155532E+04
 0.13059646343733E+04
 0.10841439573180E+04
 0.90816530001038E+03
 0.76718447798992E+03
 0.65321549531918E+03
 0.56029222090849E+03
 0.48392067168182E+03
 0.42068034047420E+03
 0.36794303464246E+03
 0.32367165285284E+03
 0.28627267779371E+03
 0.25449453716115E+03
 0.22734033293806E+03
 0.20401440881417E+03
 0.18387659677869E+03
 0.16640854962922E+03
 0.15118801915300E+03
 0.13786904421884E+03
 0.12616663221845E+03
 0.11584431201591E+03
 0.10670642928410E+03
 0.98588375638074E+02
 0.91352104561387E+02
 0.84881183826851E+02
 0.79076975897939E+02
 0.73855587671335E+02
 0.69145358528374E+02
 0.64884880853096E+02
 0.61021335951661E+02
 0.57509138328983E+02
 0.54308825003998E+02
 0.51386129944021E+02
 0.48711197035690E+02
 0.46257936788850E+02
 0.44003340717027E+02
 0.41927595257929E+02
 0.40012858562576E+02
 0.38243536597145E+02
 0.36605778956623E+02
 0.35087311051738E+02
 0.33677212000374E+02
 0.32365745658325E+02
 0.31144211737352E+02
 0.30004832650430E+02
 0.28940631294915E+02
 0.27947996756198E+02
 0.27016015251548E+02
 0.26142171996041E+02
 0.25321853900405E+02
 0.24550895580985E+02
 0.23825443985377E+02
 0.23142164686459E+02
 0.22497878786623E+02
 0.21889726253678E+02
 0.21315098900920E+02
 0.20771603657172E+02
 0.20257056430205E+02
 0.19769449697156E+02
 0.19306934727862E+02
 0.18867816043223E+02
 0.18450527624822E+02
 0.18053622019377E+02
 0.17675759655417E+02
 0.17315703329402E+02
 0.16972257412221E+02
 0.16644436715975E+02
 0.16331195673327E+02
 0.16031613424837E+02
 0.15744816780732E+02
 0.15469992541914E+02
 0.15206376088011E+02
 0.14953246154230E+02
 0.14709931474412E+02
 0.14475788722938E+02
 0.14250222832455E+02
 0.14032630957931E+02
 0.13822514884240E+02
 0.13619336110412E+02
 0.13422601166742E+02
 0.13231835553907E+02
 0.13046588077311E+02
 0.12866549505209E+02
 0.12691060054681E+02
 0.12519834876899E+02
 0.12352486603325E+02
 0.12188617635026E+02
 0.12027907342031E+02
 0.11869987617366E+02
 0.11714518194690E+02
 0.11561169421184E+02
 0.11409625382798E+02
 0.11259581392123E+02
 0.11110743065008E+02
 0.10962812103773E+02
 0.10815548010976E+02
 0.10668678425190E+02
 0.10521960680886E+02
 0.10375165690768E+02
 0.10228078520287E+02
 0.10080503985863E+02
 0.99322504788345E+01
 0.97831801005782E+01
 0.96331413662656E+01
 0.94820144723415E+01
 0.93297002977063E+01
 0.91761227956468E+01
 0.90212204571915E+01
 0.88649795248059E+01
 0.87073842691180E+01
 0.85484503392462E+01
 0.83882162397616E+01
 0.82267424926300E+01
 0.80641052609950E+01
 0.79004281512602E+01
 0.77358044181950E+01
 0.75703820271437E+01
 0.74043150939913E+01
 0.72377665133666E+01
 0.70709244651946E+01
 0.69039739595962E+01
 0.67371142033234E+01
 0.65705494026402E+01
 0.64044870038654E+01
 0.62391446675154E+01
 0.60747345045407E+01
 0.59114708389981E+01
 0.57495645130193E+01
 0.55892307456168E+01
 0.54306744152249E+01
 0.52740977800174E+01
 0.51196975107390E+01
 0.49676620495651E+01
 0.48181780454383E+01
 0.46714184904413E+01
 0.45275483673573E+01
 0.43867271029029E+01
 0.42491005126912E+01
 0.41148048778132E+01
 0.39839645575116E+01
 0.38566948148829E+01
 0.37330956726114E+01
 0.36132543757388E+01
 0.34972464631846E+01
 0.33851315366362E+01
 0.32769546696324E+01
 0.31727456471102E+01
 0.30725205158492E+01
 0.29762780715933E+01
 0.28840020312196E+01
 0.27956620026503E+01
 0.27112119210844E+01
 0.26305914250920E+01
 0.25537283482037E+01
 0.24805375456097E+01
 0.24109234388988E+01
 0.23447808779084E+01
 0.22819973997880E+01
 0.22224535314248E+01
 0.21660251459167E+01
 0.21125844787780E+01
 0.20619861005684E+01
 0.20141310859742E+01
 0.19688737008769E+01
 0.19260851470175E+01
 0.18856391177275E+01
 0.18474120997970E+01
 0.18112842684809E+01
 0.17771398925136E+01
 0.17448676307555E+01
 0.17143609949005E+01
 0.16855181902342E+01
 0.16582424268926E+01
 0.16324418329661E+01
 0.16080294485365E+01
 0.15849231100882E+01
 0.15630453124640E+01
 0.15423230891992E+01
 0.15226878131032E+01
 0.15040750038192E+01
 0.14864241416527E+01
 0.14696784433195E+01
 0.14537846255697E+01
 0.14386929980930E+01
 0.14243567646703E+01
 0.14107321877658E+01
 0.13977782982372E+01
 0.13854567643761E+01
 0.13737316845069E+01
 0.13625694328593E+01
 0.13519385085403E+01
 0.13418094155009E+01
 0.13321545295795E+01
 0.13229479333494E+01
 0.13141653394478E+01
 0.13057839821716E+01
 0.12977824531818E+01
 0.12901407142967E+01
 0.12828399215692E+01
 0.12758623851311E+01
 0.12691914677012E+01
 0.12628115183289E+01
 0.12567078324460E+01
 0.12508665674600E+01
 0.12452746832037E+01
 0.12399198992359E+01
 0.12347906308742E+01
 0.12298759552984E+01
 0.12251655739505E+01
 0.12206497697463E+01
 0.12163193508549E+01
 0.12121656515806E+01
 0.12081804625691E+01
 0.12043560283305E+01
 0.12006850126811E+01
 0.11971604605476E+01
 0.11937757962515E+01
 0.11905247840732E+01
 0.11874015096479E+01
 0.11844003679350E+01
 0.11815160408419E+01
 0.11787434805511E+01
 0.11760778893926E+01
 0.11735147113451E+01
 0.11710496195177E+01
 0.11686784934218E+01
 0.11663974130865E+01
 0.11642026562165E+01
 0.11620906738783E+01
 0.11600580827675E+01
 0.11581016654120E+01
 0.11562183515064E+01
 0.11544052150165E+01
 0.11526594636692E+01
 0.11509784330043E+01
 0.11493595818355E+01
 0.11478004817758E+01
 0.11462988141791E+01
 0.11448523603678E+01
 0.11434590037920E+01
 0.11421167196507E+01
 0.11408235703156E+01
 0.11395777033243E+01
 0.11383773426122E+01
 0.11372207906966E+01
 0.11361064209299E+01
 0.11350326754132E+01
 0.11339980613327E+01
 0.11330011463878E+01
 0.11320405596797E+01
 0.11311149847291E+01
 0.11302231597073E+01
 0.11293638725914E+01
 0.11285359618420E+01
 0.11277383113211E+01
 0.11269698482104E+01
 0.11262295447560E+01
 0.11255164089045E+01
 0.11248294925716E+01
 0.11241678810550E+01
 0.11235306954578E+01
 0.11229170914850E+01
