 0.10897140158723E+00
 0.10897140158705E+00
 0.10897140158260E+00
 0.10897140155276E+00
 0.10897140144682E+00
 0.10897140118392E+00
 0.10897140065987E+00
 0.10897139975882E+00
 0.10897139839079E+00
 0.10897139660982E+00
 0.10897139488136E+00
 0.10897139453686E+00
 0.10897139839052E+00
 0.10897141143690E+00
 0.10897128160418E+00
 0.10897133990689E+00
 0.10897126461309E+00
 0.10897123595328E+00
 0.10897107593192E+00
 0.10897097229953E+00
 0.10897070367791E+00
 0.10897046634179E+00
 0.10896999872552E+00
 0.10896953044970E+00
 0.10896876884488E+00
 0.10896797191766E+00
 0.10896682738301E+00
 0.10896560650963E+00
 0.10896399270561E+00
 0.10896225444773E+00
 0.10896008810039E+00
 0.10895774802842E+00
 0.10895509310550E+00
 0.10895193642498E+00
 0.10894855310681E+00
 0.10894479708271E+00
 0.10894064676456E+00
 0.10893592682009E+00
 0.10893092443170E+00
 0.10892548825991E+00
 0.10891960066426E+00
 0.10891324835860E+00
 0.10890625888411E+00
 0.10889892445883E+00
 0.10889108863872E+00
 0.10888273408266E+00
 0.10887384597886E+00
 0.10886440858552E+00
 0.10885440503275E+00
 0.10884365789031E+00
 0.10883245680105E+00
 0.10882063259088E+00
 0.10880815962908E+00
 0.10879501243356E+00
 0.10878116339668E+00
 0.10876658237382E+00
 0.10875123657764E+00
 0.10873509039709E+00
 0.10871795289672E+00
 0.10870008102169E+00
 0.10868128482977E+00
 0.10866151410885E+00
 0.10864071648054E+00
 0.10861883571335E+00
 0.10859581153336E+00
 0.10857157946324E+00
 0.10854607063222E+00
 0.10851921167489E+00
 0.10849092450679E+00
 0.10846112615257E+00
 0.10842972858870E+00
 0.10839663864335E+00
 0.10836175767874E+00
 0.10832483054462E+00
 0.10828604530713E+00
 0.10824514043859E+00
 0.10820199350657E+00
 0.10815647594642E+00
 0.10810845336987E+00
 0.10805778480818E+00
 0.10800432252039E+00
 0.10794791180987E+00
 0.10788839079796E+00
 0.10782559016154E+00
 0.10775929970861E+00
 0.10768939575048E+00
 0.10761565754799E+00
 0.10753788435262E+00
 0.10745586669903E+00
 0.10736923972867E+00
 0.10727806689093E+00
 0.10718196949758E+00
 0.10708070146338E+00
 0.10697400763201E+00
 0.10686162315709E+00
 0.10674327301255E+00
 0.10661867188635E+00
 0.10648752221422E+00
 0.10634951615304E+00
 0.10620433527130E+00
 0.10605164873567E+00
 0.10589111402899E+00
 0.10572237584573E+00
 0.10554492072334E+00
 0.10535865706663E+00
 0.10516304871957E+00
 0.10495768867366E+00
 0.10474215687895E+00
 0.10451601906304E+00
 0.10427882691580E+00
 0.10403012062443E+00
 0.10376942043230E+00
 0.10349623794910E+00
 0.10321006746769E+00
 0.10291024469923E+00
 0.10259652498068E+00
 0.10226822135175E+00
 0.10192477458593E+00
 0.10156561319507E+00
 0.10119015424828E+00
 0.10079774711783E+00
 0.10038789478411E+00
 0.99959934844922E-01
 0.99513247509622E-01
 0.99047061199894E-01
 0.98561037830522E-01
 0.98054404369152E-01
 0.97526533307866E-01
 0.96976802311352E-01
 0.96404593465557E-01
 0.95809299027896E-01
 0.95190326123169E-01
 0.94546952163887E-01
 0.93878911761261E-01
 0.93185535898911E-01
 0.92466324601633E-01
 0.91720813544519E-01
 0.90948579749013E-01
 0.90149237454902E-01
 0.89322307559694E-01
 0.88467790304899E-01
 0.87585318313649E-01
 0.86674721556848E-01
 0.85735894251969E-01
 0.84768793445401E-01
 0.83773302525482E-01
 0.82749789588171E-01
 0.81698284894110E-01
 0.80619024364649E-01
 0.79512317860100E-01
 0.78378545580905E-01
 0.77218020925038E-01
 0.76031470510379E-01
 0.74819482714693E-01
 0.73582658370677E-01
 0.72321732339392E-01
 0.71037373394155E-01
 0.69730702466092E-01
 0.68402527433878E-01
 0.67053855029428E-01
 0.65685741513543E-01
 0.64299206301387E-01
 0.62895697548901E-01
 0.61476378158839E-01
 0.60042598428580E-01
 0.58595669374536E-01
 0.57137321824560E-01
 0.55669035141149E-01
 0.54192471735379E-01
 0.52709381489841E-01
 0.51221491419004E-01
 0.49730954151838E-01
 0.48239671617001E-01
 0.46749645168323E-01
 0.45263248177340E-01
 0.43782647512431E-01
 0.42310171314427E-01
 0.40848115597303E-01
 0.39399093928864E-01
 0.37965484026728E-01
 0.36549682039369E-01
 0.35154303380078E-01
 0.33781710284049E-01
 0.32434264218902E-01
 0.31114165828866E-01
 0.29823727953626E-01
 0.28564892628053E-01
 0.27339443217703E-01
 0.26149150028284E-01
 0.24995406732607E-01
 0.23879313821996E-01
 0.22801954254729E-01
 0.21763980665120E-01
 0.20765846305559E-01
 0.19807711704225E-01
 0.18889636345353E-01
 0.18011321982487E-01
 0.17172310222353E-01
 0.16371918009795E-01
 0.15609404598773E-01
 0.14883793927756E-01
 0.14194011278934E-01
 0.13538863085892E-01
 0.12917169495803E-01
 0.12327608803239E-01
 0.11768852683197E-01
 0.11239554417867E-01
 0.10738336847154E-01
 0.10263904438189E-01
 0.98149068038789E-02
 0.93900462767235E-02
 0.89880576915534E-02
 0.86077165286880E-02
 0.82478419804876E-02
 0.79072995356456E-02
 0.75850040447855E-02
 0.72799199383922E-02
 0.69910618892861E-02
 0.67174945918084E-02
 0.64583315687082E-02
 0.62127562897799E-02
 0.59799335373244E-02
 0.57591392833766E-02
 0.55496705112540E-02
 0.53508653104243E-02
 0.51621016083651E-02
 0.49827946321175E-02
 0.48123955806772E-02
 0.46503887435761E-02
 0.44962905493672E-02
 0.43496469850026E-02
 0.42100323826047E-02
 0.40770475326211E-02
 0.39503364658178E-02
 0.38295104080250E-02
 0.37142590106183E-02
 0.36042732221047E-02
 0.34992632479628E-02
 0.33989569931728E-02
 0.33030990228761E-02
 0.32114497714173E-02
 0.31237841536040E-02
 0.30398909183242E-02
 0.29595892823602E-02
 0.28826564786965E-02
 0.28089350857361E-02
 0.27382601747530E-02
 0.26704764728909E-02
 0.26054376931499E-02
 0.25430062526337E-02
 0.24830525729016E-02
 0.24254544640340E-02
 0.23701142493804E-02
 0.23168879510829E-02
 0.22656909466215E-02
 0.22164265738663E-02
 0.21690034365433E-02
 0.21233353195247E-02
 0.20793406979269E-02
 0.20369424833471E-02
 0.19960677731430E-02
 0.19566645536805E-02
 0.19186332102424E-02
 0.18819291038657E-02
 0.18464938970126E-02
 0.18122719662966E-02
 0.17792106557885E-02
 0.17472600442326E-02
 0.17163727241277E-02
 0.16865204793780E-02
 0.16576266535006E-02
 0.16296677548783E-02
 0.16026051384902E-02
 0.15764023673985E-02
 0.15510244208670E-02
 0.15264380872699E-02
 0.15026117655461E-02
 0.14795319980327E-02
 0.14571365073729E-02
 0.14354148695550E-02
 0.14143409748348E-02
 0.13938902636689E-02
 0.13740388932517E-02
 0.13547642428497E-02
 0.13360447189455E-02
 0.13178762332312E-02
 0.13002057499054E-02
 0.12830311728806E-02
 0.12663345970085E-02
 0.12500988176561E-02
 0.12343072378489E-02
 0.12189443753447E-02
 0.12039950187198E-02
 0.11894611955336E-02
 0.11752958754667E-02
 0.11615024178726E-02
 0.11480682586559E-02
 0.11349812130824E-02
 0.11222296084283E-02
 0.11098022411591E-02
