 0.00000000000000E+00
 0.00000000000000E+00
 0.00000000000000E+00
 0.00000000000000E+00
 0.10949492519083E-35
 0.23236046460822E-31
 0.28622751237671E-28
 0.59514626907551E-26
 0.37795927267510E-24
 0.10464120580945E-22
 0.15839178708214E-21
 0.15243758702578E-20
 0.10355401854040E-19
 0.53502755623535E-19
 0.22207315756810E-18
 0.77153040567535E-18
 0.23152034764221E-17
 0.61491943986450E-17
 0.14738989486499E-16
 0.32393149171316E-16
 0.66219710352339E-16
 0.12792523001008E-15
 0.23912047014856E-15
 0.45050043454413E-15
 0.90951233192465E-15
 0.20776312177169E-14
 0.53609448197965E-14
 0.14774721117380E-13
 0.40979014959211E-13
 0.17648881126650E-08
 0.24354809270977E-08
 0.60656550285920E-08
 0.80569707969894E-08
 0.18041934353280E-07
 0.29708272425538E-07
 0.47597631010486E-07
 0.74369233722716E-07
 0.11354904180816E-06
 0.16972481273555E-06
 0.24876571341442E-06
 0.35806371385187E-06
 0.50679747521151E-06
 0.70621804174351E-06
 0.96994973671409E-06
 0.13143184010236E-05
 0.17586870951246E-05
 0.23258132450983E-05
 0.30422175046288E-05
 0.39385672249211E-05
 0.50500783581305E-05
 0.64168911525238E-05
 0.80845229195673E-05
 0.10104266552603E-04
 0.12533625754169E-04
 0.15436752547382E-04
 0.18884891157166E-04
 0.22956825548559E-04
 0.27739336811347E-04
 0.33327711201124E-04
 0.39825951332016E-04
 0.47347646379551E-04
 0.56016134060224E-04
 0.65965073928392E-04
 0.77338915986524E-04
 0.90293386963894E-04
 0.10499593016721E-03
 0.12162621716967E-03
 0.14037661601591E-03
 0.16145267280609E-03
 0.18507362332083E-03
 0.21147291556020E-03
 0.24089867531765E-03
 0.27361420751365E-03
 0.30989897045825E-03
 0.35004710078072E-03
 0.39437085298751E-03
 0.44319968513928E-03
 0.49688043838823E-03
 0.55577847232799E-03
 0.62027802943979E-03
 0.69078283032449E-03
 0.76771662075054E-03
 0.85152411744072E-03
 0.94267146388800E-03
 0.10417431465772E-02
 0.11490735251124E-02
 0.12652786404398E-02
 0.13909167572192E-02
 0.15265716945590E-02
 0.16728547806591E-02
 0.18303955935105E-02
 0.19998601508327E-02
 0.21819392054212E-02
 0.23773529101415E-02
 0.25868506408415E-02
 0.28112136778829E-02
 0.30512549548268E-02
 0.33078199863619E-02
 0.35817893708274E-02
 0.38740785760926E-02
 0.41856392797356E-02
 0.45174605577954E-02
 0.48705712723553E-02
 0.52460440874224E-02
 0.56449787114729E-02
 0.60685293870344E-02
 0.65178946387200E-02
 0.69943135161685E-02
 0.74990729382410E-02
 0.80335064782214E-02
 0.85989942982415E-02
 0.91969712188213E-02
 0.98289164380997E-02
 0.10496369279937E-01
 0.11200925123965E-01
 0.11944194203947E-01
 0.12727882411435E-01
 0.13553734568646E-01
 0.14423545586591E-01
 0.15339165920985E-01
 0.16302660369571E-01
 0.17315676800214E-01
 0.18380357598240E-01
 0.19498750472371E-01
 0.20672958161770E-01
 0.21905080186579E-01
 0.23197303492272E-01
 0.24551824334319E-01
 0.25970862858983E-01
 0.27456665189097E-01
 0.29011491591884E-01
 0.30637605463259E-01
 0.32337288743893E-01
 0.34112746487099E-01
 0.35966227988898E-01
 0.37899935237399E-01
 0.39916025706724E-01
 0.42016597933205E-01
 0.44203703892676E-01
 0.46479336214015E-01
 0.48845330409391E-01
 0.51303509180335E-01
 0.53855567459940E-01
 0.56503083691324E-01
 0.59247524605138E-01
 0.62090264702611E-01
 0.65032457975894E-01
 0.68075210497398E-01
 0.71219466839993E-01
 0.74466030513892E-01
 0.77815568818182E-01
 0.81268647417865E-01
 0.84825788607909E-01
 0.88486901463931E-01
 0.92252286966591E-01
 0.96121933486331E-01
 0.10009572977671E+00
 0.10417333026874E+00
 0.10835435465632E+00
 0.11263824934101E+00
 0.11702433257826E+00
 0.12151177895562E+00
 0.12609950345911E+00
 0.13078633617050E+00
 0.13557089223250E+00
 0.14045160166328E+00
 0.14542656144448E+00
 0.15049369695074E+00
 0.15565063897772E+00
 0.16089468805087E+00
 0.16622282412262E+00
 0.17163154722035E+00
 0.17711704664822E+00
 0.18267504247892E+00
 0.18830070952683E+00
 0.19398878037432E+00
 0.19973343541764E+00
 0.20552833313294E+00
 0.21136650389804E+00
 0.21724049654950E+00
 0.22314232038755E+00
 0.22906344740099E+00
 0.23499489716336E+00
 0.24092731467456E+00
 0.24685103761106E+00
 0.25275607671435E+00
 0.25863239214896E+00
 0.26446991021957E+00
 0.27025860582926E+00
 0.27598862202173E+00
 0.28165076025306E+00
 0.28723589935427E+00
 0.29273562610374E+00
 0.29814216073349E+00
 0.30344845839131E+00
 0.30864821589674E+00
 0.31373597001036E+00
 0.31870707882103E+00
 0.32355774648886E+00
 0.32828604893661E+00
 0.33288768188217E+00
 0.33736222274246E+00
 0.34170892164594E+00
 0.34592765912568E+00
 0.35001891333768E+00
 0.35398368043286E+00
 0.35782341412017E+00
 0.36153997195008E+00
 0.36513553708535E+00
 0.36861259117999E+00
 0.37197384251793E+00
 0.37522218793257E+00
 0.37836066550180E+00
 0.38139241836225E+00
 0.38432066358166E+00
 0.38714865698438E+00
 0.38987967174800E+00
 0.39251697419551E+00
 0.39506380775619E+00
 0.39752337672073E+00
 0.39989881120687E+00
 0.40219323993450E+00
 0.40440965437360E+00
 0.40655099134094E+00
 0.40862010566823E+00
 0.41061976369386E+00
 0.41255264418989E+00
 0.41442133301356E+00
 0.41622832746881E+00
 0.41797603320267E+00
 0.41966676722412E+00
 0.42130275599858E+00
 0.42288613922769E+00
 0.42441897052524E+00
 0.42590322637993E+00
 0.42734079528299E+00
 0.42873349111328E+00
 0.43008305116936E+00
 0.43139114094546E+00
 0.43265935657292E+00
 0.43388922455965E+00
 0.43508220666006E+00
 0.43623970291123E+00
 0.43736305334764E+00
 0.43845354160826E+00
 0.43951239657051E+00
 0.44054079329665E+00
 0.44153985729570E+00
 0.44251066675354E+00
 0.44345425237255E+00
 0.44437160329670E+00
 0.44526366498766E+00
 0.44613134347709E+00
 0.44697550763395E+00
 0.44779698879033E+00
 0.44859658393606E+00
 0.44937505762739E+00
 0.45013314158966E+00
 0.45087153795775E+00
 0.45159092012973E+00
 0.45229193389397E+00
 0.45297519850832E+00
 0.45364130932533E+00
 0.45429083647022E+00
 0.45492432806606E+00
 0.45554230995343E+00
 0.45614528733246E+00
 0.45673374558929E+00
 0.45730815111842E+00
 0.45786895220822E+00
 0.45841657990630E+00
 0.45895144835570E+00
 0.45947395607423E+00
 0.45998448642397E+00
 0.46048340827076E+00
 0.46097107668778E+00
 0.46144783348501E+00
 0.46191400771050E+00
 0.46236991636236E+00
 0.46281586476059E+00
 0.46325214714829E+00
 0.46367904706999E+00
 0.46409683786456E+00
 0.46450578326617E+00
 0.46490613744546E+00
 0.46529814567785E+00
 0.46568204441838E+00
 0.46605806212718E+00
 0.46642641928452E+00
 0.46678732868423E+00
 0.46714099588610E+00
 0.46748761945083E+00
 0.46782739123836E+00
 0.46816049665947E+00
 0.46848711459803E+00
 0.46880741865762E+00
 0.46912157603724E+00
 0.46942974882607E+00
 0.46973209377150E+00
 0.47002876243000E+00
