                  NaN
                  NaN
                  NaN
                  NaN
 0.83408831098647E+42
 0.18521473945404E+34
 0.12206109599345E+28
 0.28232711263750E+23
 0.70001929074352E+19
 0.91326023141272E+16
 0.39859761862287E+14
 0.43034413276598E+12
 0.93253706835893E+10
 0.34933952164946E+09
 0.20277198475153E+08
 0.16799436745533E+07
 0.18656438013544E+06
 0.26449227522652E+05
 0.46062538154455E+04
 0.95600041361583E+03
 0.23103551369234E+03
 0.64060402025474E+02
 0.20344254437378E+02
 0.75474939761639E+01
 0.34165071869671E+01
 0.19628367886609E+01
 0.14106425974832E+01
 0.11861040405529E+01
 0.10890614347730E+01
 0.16711198261052E+05
 0.87798063844359E+04
 0.88408876297566E+04
 0.50145690430566E+04
 0.50397783230332E+04
 0.38980025275801E+04
 0.30584502416515E+04
 0.24316577591014E+04
 0.19570710051743E+04
 0.15930411928669E+04
 0.13104156031705E+04
 0.10885151327753E+04
 0.91246295856995E+03
 0.77141432460986E+03
 0.65738275791310E+03
 0.56440168074989E+03
 0.48797671813216E+03
 0.42468701470684E+03
 0.37190406551612E+03
 0.32759048932436E+03
 0.29015250919310E+03
 0.25833833902678E+03
 0.23115086630121E+03
 0.20779424588669E+03
 0.18762813767130E+03
 0.17013403725550E+03
 0.15488955253558E+03
 0.14154859011711E+03
 0.12982603592388E+03
 0.11948530103624E+03
 0.11033063460060E+03
 0.10219732914894E+03
 0.94947247051738E+02
 0.88463872110158E+02
 0.82648488621728E+02
 0.77417130742146E+02
 0.72698068840903E+02
 0.68429830736577E+02
 0.64559536798725E+02
 0.61041543889199E+02
 0.57836334766646E+02
 0.54909592434395E+02
 0.52231412228784E+02
 0.49775658303409E+02
 0.47519273386351E+02
 0.45442408837335E+02
 0.43527177704102E+02
 0.41757948674741E+02
 0.40120832576479E+02
 0.38603518365287E+02
 0.37195049563491E+02
 0.35885655319889E+02
 0.34666601297827E+02
 0.33530077448240E+02
 0.32469074811511E+02
 0.31480170447919E+02
 0.30551993215972E+02
 0.29682202784346E+02
 0.28866154723142E+02
 0.28099653499897E+02
 0.27378811308044E+02
 0.26700267479592E+02
 0.26060810003239E+02
 0.25457546756890E+02
 0.24887837474437E+02
 0.24349255668372E+02
 0.23839584232972E+02
 0.23356781578353E+02
 0.22898963725830E+02
 0.22464399882477E+02
 0.22051487466058E+02
 0.21658741274248E+02
 0.21284782801489E+02
 0.20928335248389E+02
 0.20588157762424E+02
 0.20263229851375E+02
 0.19952457465733E+02
 0.19654875406716E+02
 0.19369562844450E+02
 0.19095657954214E+02
 0.18832345574293E+02
 0.18578851803747E+02
 0.18334452287437E+02
 0.18098447339784E+02
 0.17870185728147E+02
 0.17649002248941E+02
 0.17434342054325E+02
 0.17225602344101E+02
 0.17022225623403E+02
 0.16823671541600E+02
 0.16629422254621E+02
 0.16439118095353E+02
 0.16251996339667E+02
 0.16067719338529E+02
 0.15885830082707E+02
 0.15705858629891E+02
 0.15527420172608E+02
 0.15350076433498E+02
 0.15173420410589E+02
 0.14997057794715E+02
 0.14820611145255E+02
 0.14643717744737E+02
 0.14466029351529E+02
 0.14287196911149E+02
 0.14106940811655E+02
 0.13924950752405E+02
 0.13740955706591E+02
 0.13554706650926E+02
 0.13365978025789E+02
 0.13174574359460E+02
 0.12980313024159E+02
 0.12783081105240E+02
 0.12582759829747E+02
 0.12379276022563E+02
 0.12172589964524E+02
 0.11962697880165E+02
 0.11749622177304E+02
 0.11533448859514E+02
 0.11314270776741E+02
 0.11092224667240E+02
 0.10867480878727E+02
 0.10640241416285E+02
 0.10410731728142E+02
 0.10179231331135E+02
 0.99460023250496E+01
 0.97113581535211E+01
 0.94756245071237E+01
 0.92391371023652E+01
 0.90022591768197E+01
 0.87653481138545E+01
 0.85287737900589E+01
 0.82929073581906E+01
 0.80581186372960E+01
 0.78247833609538E+01
 0.75932639495820E+01
 0.73639179870357E+01
 0.71370913601709E+01
 0.69131267894688E+01
 0.66923467221323E+01
 0.64750613424164E+01
 0.62615658227615E+01
 0.60521369490339E+01
 0.58470402465977E+01
 0.56465165917752E+01
 0.54507888884923E+01
 0.52600644794553E+01
 0.50745266344999E+01
 0.48943391203622E+01
 0.47196436981362E+01
 0.45505635602160E+01
 0.43871968453845E+01
 0.42296196656031E+01
 0.40778872935208E+01
 0.39320308704154E+01
 0.37920585071781E+01
 0.36579552659463E+01
 0.35296859380126E+01
 0.34071913638386E+01
 0.32903917025505E+01
 0.31791882873719E+01
 0.30734636054320E+01
 0.29730795481205E+01
 0.28778872681521E+01
 0.27877223623266E+01
 0.27024094284749E+01
 0.26217636867919E+01
 0.25455940276016E+01
 0.24737040024462E+01
 0.24058946794177E+01
 0.23419661566143E+01
 0.22817042032542E+01
 0.22249438072379E+01
 0.21714772206673E+01
 0.21211172304421E+01
 0.20736828364333E+01
 0.20289995959838E+01
 0.19869004244500E+01
 0.19472259226747E+01
 0.19098245385065E+01
 0.18745528482680E+01
 0.18412752477843E+01
 0.18098640620130E+01
 0.17801992677392E+01
 0.17521682961822E+01
 0.17256657319347E+01
 0.17005929781168E+01
 0.16768579729422E+01
 0.16543748092896E+01
 0.16330634024434E+01
 0.16128491297195E+01
 0.15936624904371E+01
 0.15754389287405E+01
 0.15581179734830E+01
 0.15416437537699E+01
 0.15259641388820E+01
 0.15110306063858E+01
 0.14967980132056E+01
 0.14832243242941E+01
 0.14702704126121E+01
 0.14578998193449E+01
 0.14460785813628E+01
 0.14347750345717E+01
 0.14239596570609E+01
 0.14136049060975E+01
 0.14036850796028E+01
 0.13941761331937E+01
 0.13850556498453E+01
 0.13763026473562E+01
 0.13678975054714E+01
 0.13598218518809E+01
 0.13520584739113E+01
 0.13445912554558E+01
 0.13374050834328E+01
 0.13304857743789E+01
 0.13238200144642E+01
 0.13173952915578E+01
 0.13111998442956E+01
 0.13052226195684E+01
 0.12994532123406E+01
 0.12938818200743E+01
 0.12884992175523E+01
 0.12832966940689E+01
 0.12782660434641E+01
 0.12733995179563E+01
 0.12686897946702E+01
 0.12641299608006E+01
 0.12597134783973E+01
 0.12554341581609E+01
 0.12512861487941E+01
 0.12472639056617E+01
 0.12433621744387E+01
 0.12395759743342E+01
 0.12359005825427E+01
 0.12323315106637E+01
 0.12288645038032E+01
 0.12254955152226E+01
 0.12222207014587E+01
 0.12190364065247E+01
 0.12159391515757E+01
 0.12129256253400E+01
 0.12099926741158E+01
 0.12071372927350E+01
 0.12043566183977E+01
 0.12016479199646E+01
 0.11990085917887E+01
 0.11964361470229E+01
 0.11939282105832E+01
 0.11914825136962E+01
 0.11890968885834E+01
 0.11867692620974E+01
 0.11844976517793E+01
 0.11822801603498E+01
 0.11801149719483E+01
 0.11780003476861E+01
 0.11759346208208E+01
 0.11739161951059E+01
 0.11719435395123E+01
 0.11700151875311E+01
 0.11681297301235E+01
 0.11662858155314E+01
 0.11644821464328E+01
 0.11627174766211E+01
 0.11609906087529E+01
 0.11593003920040E+01
 0.11576457200450E+01
 0.11560255306996E+01
 0.11544387985824E+01
 0.11528845405458E+01
 0.11513618082062E+01
 0.11498696886795E+01
 0.11484073032394E+01
