 0.10897039088326E+00
 0.10897039088315E+00
 0.10897039088202E+00
 0.10897039088485E+00
 0.10897039093249E+00
 0.10897039114299E+00
 0.10897039173984E+00
 0.10897039305254E+00
 0.10897039545327E+00
 0.10897039913533E+00
 0.10897040360393E+00
 0.10897040679544E+00
 0.10897040385109E+00
 0.10897038568409E+00
 0.10897050216482E+00
 0.10897040230137E+00
 0.10897040311578E+00
 0.10897030030944E+00
 0.10897025377193E+00
 0.10897004205748E+00
 0.10896986070512E+00
 0.10896947095320E+00
 0.10896910230085E+00
 0.10896847517117E+00
 0.10896784620132E+00
 0.10896690254947E+00
 0.10896591975964E+00
 0.10896457052751E+00
 0.10896313547849E+00
 0.10896128914225E+00
 0.10895930623346E+00
 0.10895687815641E+00
 0.10895411307366E+00
 0.10895116198762E+00
 0.10894770701480E+00
 0.10894386435193E+00
 0.10893962420593E+00
 0.10893513947702E+00
 0.10893008066097E+00
 0.10892457790295E+00
 0.10891862245688E+00
 0.10891220149499E+00
 0.10890547055657E+00
 0.10889809404742E+00
 0.10889020938359E+00
 0.10888180571725E+00
 0.10887286847726E+00
 0.10886338199450E+00
 0.10885332946437E+00
 0.10884286396669E+00
 0.10883163369977E+00
 0.10881977571956E+00
 0.10880726912090E+00
 0.10879408851423E+00
 0.10878020630119E+00
 0.10876559234055E+00
 0.10875021384384E+00
 0.10873403519387E+00
 0.10871718578373E+00
 0.10869929485229E+00
 0.10868047645052E+00
 0.10866068361086E+00
 0.10863986397047E+00
 0.10861796127616E+00
 0.10859491522938E+00
 0.10857066132560E+00
 0.10854513066443E+00
 0.10851824984920E+00
 0.10848994076127E+00
 0.10846012038916E+00
 0.10842870067118E+00
 0.10839558839572E+00
 0.10836068488278E+00
 0.10832406006891E+00
 0.10828526112918E+00
 0.10824434003351E+00
 0.10820117658867E+00
 0.10815564220590E+00
 0.10810760246470E+00
 0.10805691635862E+00
 0.10800343610726E+00
 0.10794700697451E+00
 0.10788746704090E+00
 0.10782464693957E+00
 0.10775833629541E+00
 0.10768841176565E+00
 0.10761465219943E+00
 0.10753685691314E+00
 0.10745481639224E+00
 0.10736848790986E+00
 0.10727729962872E+00
 0.10718118465352E+00
 0.10707989834685E+00
 0.10697318551821E+00
 0.10686078127955E+00
 0.10674241056594E+00
 0.10661778800818E+00
 0.10648661599536E+00
 0.10634858663941E+00
 0.10620338145946E+00
 0.10605066956284E+00
 0.10589010837780E+00
 0.10572134253671E+00
 0.10554418000350E+00
 0.10535789646830E+00
 0.10516226629818E+00
 0.10495688342352E+00
 0.10474132774114E+00
 0.10451516491904E+00
 0.10427794658094E+00
 0.10402921288007E+00
 0.10376848396281E+00
 0.10349527136939E+00
 0.10320906935515E+00
 0.10290952691076E+00
 0.10259578378099E+00
 0.10226745490834E+00
 0.10192398164793E+00
 0.10156479244730E+00
 0.10118930429638E+00
 0.10079686641336E+00
 0.10038698195209E+00
 0.99958988186529E-01
 0.99512265311475E-01
 0.99046351332363E-01
 0.98560300988019E-01
 0.98053638688647E-01
 0.97525737295110E-01
 0.96975974398770E-01
 0.96403731999462E-01
 0.95808402268291E-01
 0.95189392242054E-01
 0.94546273259637E-01
 0.93878204226882E-01
 0.93184797903624E-01
 0.92465554541894E-01
 0.91720009739554E-01
 0.90947740439952E-01
 0.90148360785125E-01
 0.89321665931829E-01
 0.88467119484654E-01
 0.87584616530457E-01
 0.86673987183284E-01
 0.85735125583008E-01
 0.84767988696748E-01
 0.83772709260206E-01
 0.82749167789786E-01
 0.81697632866670E-01
 0.80618340523791E-01
 0.79511600542585E-01
 0.78377793042915E-01
 0.77217461333584E-01
 0.76030882646308E-01
 0.74818865044318E-01
 0.73582009261777E-01
 0.72321050151258E-01
 0.71036861759105E-01
 0.69730164024124E-01
 0.68401960623546E-01
 0.67053258412129E-01
 0.65685113490160E-01
 0.64298730813388E-01
 0.62895196358127E-01
 0.61475849898862E-01
 0.60042041714326E-01
 0.58595244339976E-01
 0.57136873332340E-01
 0.55668561982008E-01
 0.54191972730907E-01
 0.52708855460897E-01
 0.51221085857057E-01
 0.49730526262863E-01
 0.48239219875046E-01
 0.46749294590826E-01
 0.45262878258398E-01
 0.43782257500696E-01
 0.42309760538587E-01
 0.40847794062396E-01
 0.39398755313634E-01
 0.37965127886263E-01
 0.36549402323226E-01
 0.35154009483832E-01
 0.33781401432271E-01
 0.32433940928315E-01
 0.31113910907271E-01
 0.29823461675624E-01
 0.28564615142497E-01
 0.27339223586185E-01
 0.26148921834360E-01
 0.24995170284656E-01
 0.23879126911331E-01
 0.22801761291140E-01
 0.21763782029258E-01
 0.20765642434800E-01
 0.19807550734037E-01
 0.18889471410223E-01
 0.18011153808507E-01
 0.17172139217304E-01
 0.16371783156343E-01
 0.15609061287344E-01
 0.14883444623951E-01
 0.14193657126845E-01
 0.13538535625799E-01
 0.12916839323051E-01
 0.12327276869968E-01
 0.11768519887975E-01
 0.11239221595533E-01
 0.10738028175746E-01
 0.10263596837659E-01
 0.98146010476391E-02
 0.93897428992565E-02
 0.89877571646726E-02
 0.86074192643736E-02
 0.82475483349239E-02
 0.79070098117382E-02
 0.75847184977654E-02
 0.72796387787714E-02
 0.69907852876659E-02
 0.67172226827127E-02
 0.64580644538302E-02
 0.62124744287783E-02
 0.59796569379541E-02
 0.57588679817375E-02
 0.55494045133372E-02
 0.53506046035182E-02
 0.51618461648001E-02
 0.49825444106450E-02
 0.48121505288825E-02
 0.46501487996424E-02
 0.44960556430016E-02
 0.43494170394565E-02
 0.42098073158499E-02
 0.40768272580866E-02
 0.39501023644437E-02
 0.38292813145574E-02
 0.37140348402659E-02
 0.36040538720532E-02
 0.34990486144993E-02
 0.33987469722254E-02
 0.33028935105139E-02
 0.32112486639789E-02
 0.31235873483082E-02
 0.30396983132179E-02
 0.29593828248248E-02
 0.28824544240642E-02
 0.28087373519314E-02
 0.27380666560538E-02
 0.26702870657041E-02
 0.26052522951320E-02
 0.25428248787092E-02
 0.24828750066320E-02
 0.24252806097967E-02
 0.23699264991325E-02
 0.23167041200612E-02
 0.22655109701270E-02
 0.22162503542649E-02
 0.21688308784558E-02
 0.21231663298713E-02
 0.20791751859087E-02
 0.20367803604057E-02
 0.19959089529450E-02
 0.19564919664046E-02
 0.19184641289662E-02
 0.18817636056337E-02
 0.18463317682933E-02
 0.18121131206231E-02
 0.17790550093138E-02
 0.17471075153252E-02
 0.17162232332554E-02
 0.16863571271797E-02
 0.16574665353569E-02
 0.16295108469618E-02
 0.16024514842945E-02
 0.15762517573929E-02
 0.15508767769674E-02
 0.15262933339366E-02
 0.15024698292719E-02
 0.14793761429120E-02
 0.14569836510812E-02
 0.14352650098097E-02
 0.14141941704154E-02
 0.13937463011762E-02
 0.13738976999442E-02
 0.13546257485530E-02
 0.13359088554602E-02
 0.13177263867712E-02
 0.13000586965331E-02
 0.12828869336735E-02
 0.12661931012403E-02
 0.12499599960585E-02
 0.12341711583461E-02
 0.12188108331426E-02
 0.12038639494481E-02
 0.11893160414942E-02
 0.11751533329231E-02
 0.11613625335650E-02
 0.11479309669536E-02
 0.11348464492005E-02
 0.11220973093418E-02
 0.11096723456717E-02
