 0.65371971211632E+01
 0.65371971211632E+01
 0.65371971211649E+01
 0.65371971211842E+01
 0.65371971212908E+01
 0.65371971216679E+01
 0.65371971226781E+01
 0.65371971249189E+01
 0.65371971292618E+01
 0.65371971368554E+01
 0.65371971490566E+01
 0.65371971672429E+01
 0.65371971924635E+01
 0.65371972249051E+01
 0.65371974640610E+01
 0.65371975043632E+01
 0.65371977615364E+01
 0.65371980211478E+01
 0.65371985180295E+01
 0.65371990253279E+01
 0.65371998279746E+01
 0.65372006811423E+01
 0.65372019098446E+01
 0.65372032151386E+01
 0.65372049470709E+01
 0.65372067550977E+01
 0.65372089992098E+01
 0.65372112959284E+01
 0.65372139934158E+01
 0.65372166886521E+01
 0.65372197097355E+01
 0.65372226556421E+01
 0.65372256248866E+01
 0.65372287630570E+01
 0.65372316316827E+01
 0.65372343151652E+01
 0.65372367365495E+01
 0.65372390091790E+01
 0.65372406562920E+01
 0.65372417521759E+01
 0.65372421984870E+01
 0.65372418879080E+01
 0.65372409124563E+01
 0.65372387696133E+01
 0.65372355296197E+01
 0.65372310663806E+01
 0.65372252640815E+01
 0.65372179987558E+01
 0.65372091442206E+01
 0.65371987760573E+01
 0.65371863670892E+01
 0.65371719731272E+01
 0.65371554607488E+01
 0.65371366910007E+01
 0.65371155222582E+01
 0.65370918090542E+01
 0.65370654021647E+01
 0.65370361482345E+01
 0.65370040862949E+01
 0.65369686674661E+01
 0.65369299104299E+01
 0.65368876429037E+01
 0.65368416841232E+01
 0.65367918462372E+01
 0.65367379337293E+01
 0.65366797427971E+01
 0.65366170604616E+01
 0.65365496644991E+01
 0.65364773222108E+01
 0.65363997896213E+01
 0.65363168109025E+01
 0.65362281179583E+01
 0.65361334281806E+01
 0.65360326420218E+01
 0.65359250583425E+01
 0.65358105386708E+01
 0.65356887377925E+01
 0.65355592914955E+01
 0.65354218150925E+01
 0.65352759028886E+01
 0.65351211268975E+01
 0.65349570353536E+01
 0.65347831517075E+01
 0.65345989728479E+01
 0.65344039599241E+01
 0.65341975649680E+01
 0.65339791890826E+01
 0.65337482066292E+01
 0.65335039562523E+01
 0.65332459304669E+01
 0.65329730141948E+01
 0.65326846126369E+01
 0.65323799025617E+01
 0.65320580133068E+01
 0.65317180248403E+01
 0.65313589640063E+01
 0.65309798018088E+01
 0.65305794532769E+01
 0.65301567706363E+01
 0.65297105436208E+01
 0.65292394903508E+01
 0.65287422570094E+01
 0.65282174128197E+01
 0.65276636312534E+01
 0.65270789460865E+01
 0.65264618532986E+01
 0.65258105762461E+01
 0.65251232306797E+01
 0.65243978293029E+01
 0.65236322704288E+01
 0.65228243339232E+01
 0.65219716866564E+01
 0.65210718643211E+01
 0.65201222418068E+01
 0.65191202655630E+01
 0.65180626714367E+01
 0.65169465806985E+01
 0.65157687643179E+01
 0.65145258187691E+01
 0.65132141616684E+01
 0.65118300016219E+01
 0.65103693829608E+01
 0.65088281139312E+01
 0.65072017893510E+01
 0.65054859442080E+01
 0.65036753836209E+01
 0.65017651542064E+01
 0.64997498877407E+01
 0.64976239520662E+01
 0.64953814425846E+01
 0.64930161730295E+01
 0.64905216686571E+01
 0.64878913120683E+01
 0.64851177327253E+01
 0.64821936952186E+01
 0.64791115036855E+01
 0.64758631437651E+01
 0.64724402781604E+01
 0.64688342479620E+01
 0.64650362033194E+01
 0.64610365712452E+01
 0.64568258489437E+01
 0.64523940863195E+01
 0.64477310156589E+01
 0.64428260586496E+01
 0.64376684519769E+01
 0.64322467899267E+01
 0.64265497308469E+01
 0.64205655463974E+01
 0.64142822459848E+01
 0.64076875890728E+01
 0.64007691877534E+01
 0.63935141495483E+01
 0.63859096789580E+01
 0.63779426683462E+01
 0.63695998520314E+01
 0.63608678803339E+01
 0.63517330060812E+01
 0.63421815975268E+01
 0.63321998512148E+01
 0.63217738185627E+01
 0.63108895896886E+01
 0.62995329123631E+01
 0.62876897567075E+01
 0.62753459254891E+01
 0.62624872732044E+01
 0.62490994825206E+01
 0.62351684100641E+01
 0.62206798321530E+01
 0.62056195792171E+01
 0.61899735759950E+01
 0.61737276601914E+01
 0.61568678919480E+01
 0.61393804047364E+01
 0.61212513115384E+01
 0.61024669933801E+01
 0.60830138945890E+01
 0.60628786508259E+01
 0.60420479777710E+01
 0.60205088294846E+01
 0.59982483500190E+01
 0.59752538096141E+01
 0.59515127488892E+01
 0.59270128577394E+01
 0.59017420471587E+01
 0.58756883742699E+01
 0.58488401258201E+01
 0.58211857509777E+01
 0.57927138717151E+01
 0.57634132016981E+01
 0.57332725917867E+01
 0.57022809475461E+01
 0.56704273088564E+01
 0.56377006807262E+01
 0.56040901386577E+01
 0.55695846845463E+01
 0.55341733053647E+01
 0.54978449277634E+01
 0.54605883771254E+01
 0.54223923779499E+01
 0.53832455350752E+01
 0.53431363201326E+01
 0.53020530577360E+01
 0.52599839129557E+01
 0.52169169089488E+01
 0.51728399000394E+01
 0.51277405723100E+01
 0.50816065032935E+01
 0.50344250159337E+01
 0.49861833219757E+01
 0.49368684625674E+01
 0.48864673485951E+01
 0.48349667361404E+01
 0.47823532335078E+01
 0.47286132901875E+01
 0.46737332516517E+01
 0.46176993297653E+01
 0.45604976097936E+01
 0.45021140488405E+01
 0.44425344772496E+01
 0.43817446309976E+01
 0.43197301303993E+01
 0.42564765025601E+01
 0.41919691681666E+01
 0.41261934153349E+01
 0.40591344945476E+01
 0.39907775349889E+01
 0.39211075847808E+01
 0.38501095807664E+01
 0.37777683983678E+01
 0.37040688427865E+01
 0.36289956088088E+01
 0.35525333358484E+01
 0.34746665952424E+01
 0.33953797986647E+01
 0.33146574085243E+01
 0.32324837347003E+01
 0.31488430743220E+01
 0.30637195946023E+01
 0.29770973685227E+01
 0.28889604822097E+01
 0.27992929557835E+01
 0.27080787032733E+01
 0.26153015705284E+01
 0.25209453734008E+01
 0.24249937818246E+01
 0.23274304742066E+01
 0.22282390795510E+01
 0.21274030838544E+01
 0.20249060429140E+01
 0.19207312952113E+01
 0.18148622354313E+01
 0.17072821519394E+01
 0.15979742801115E+01
 0.14869218029346E+01
 0.13741078425797E+01
 0.12595154015573E+01
 0.11431275172127E+01
 0.10249271325676E+01
 0.90489712762291E+00
 0.78302032179297E+00
 0.65927949148495E+00
 0.53365732617416E+00
 0.40613649001439E+00
 0.27669954121653E+00
 0.14532904827530E+00
 0.12007493347978E-01
-0.12328271474926E+00
-0.26055920348594E+00
-0.39983967605694E+00
-0.54114188694845E+00
-0.68448362961639E+00
-0.82988276940472E+00
-0.97735722014064E+00
-0.11269249550653E+01
-0.12786040079422E+01
-0.14324124793875E+01
-0.15883684909752E+01
-0.17464902624050E+01
-0.19067960376329E+01
-0.20693041279366E+01
-0.22340329055484E+01
-0.24010007849417E+01
-0.25702262690262E+01
-0.27417278864012E+01
-0.29155242153806E+01
-0.30916339210768E+01
-0.32700757005842E+01
-0.34508683227446E+01
-0.36340305953547E+01
-0.38195813983414E+01
-0.40075396544671E+01
-0.41979243712866E+01
-0.43907545394964E+01
-0.45860492860278E+01
-0.47838278157235E+01
-0.49841092691572E+01
-0.51869129339282E+01
-0.53922581570666E+01
-0.56001642965908E+01
