 0.92107344900929E+02
 0.92107344900884E+02
 0.92107344900415E+02
 0.92107344901441E+02
 0.92107344920141E+02
 0.92107345003060E+02
 0.92107345228963E+02
 0.92107345644618E+02
 0.92107346015824E+02
 0.92107345258921E+02
 0.92107340521744E+02
 0.92107326039114E+02
 0.92107291983881E+02
 0.92107297485686E+02
 0.92107248256528E+02
 0.92107132272554E+02
 0.92107017376568E+02
 0.92106864088157E+02
 0.92106574266532E+02
 0.92106237549401E+02
 0.92105801012329E+02
 0.92105174972774E+02
 0.92104452390475E+02
 0.92103505226683E+02
 0.92102426927080E+02
 0.92101080722629E+02
 0.92099563076040E+02
 0.92097737265874E+02
 0.92095633519930E+02
 0.92093305564659E+02
 0.92090602927757E+02
 0.92087559780474E+02
 0.92084225036692E+02
 0.92080445925869E+02
 0.92076254398298E+02
 0.92071624442611E+02
 0.92066594262002E+02
 0.92061000938256E+02
 0.92054868737295E+02
 0.92048160014898E+02
 0.92040832235687E+02
 0.92032906568408E+02
 0.92024203114809E+02
 0.92014728671890E+02
 0.92004425604151E+02
 0.91993230753686E+02
 0.91981076319849E+02
 0.91967954566972E+02
 0.91953662236567E+02
 0.91938177276203E+02
 0.91921413029478E+02
 0.91903276964798E+02
 0.91883671374450E+02
 0.91862493305306E+02
 0.91839634488754E+02
 0.91814981287744E+02
 0.91788480445899E+02
 0.91759878740441E+02
 0.91729108406441E+02
 0.91696034399731E+02
 0.91660496272507E+02
 0.91622381183638E+02
 0.91581520274972E+02
 0.91537754638545E+02
 0.91490919275642E+02
 0.91440907089589E+02
 0.91387415240902E+02
 0.91330320998293E+02
 0.91269434288610E+02
 0.91204557823509E+02
 0.91135487442550E+02
 0.91062011843882E+02
 0.90983912296387E+02
 0.90900962469002E+02
 0.90812990101639E+02
 0.90719630859004E+02
 0.90620693266985E+02
 0.90515917829361E+02
 0.90405035300762E+02
 0.90287766817576E+02
 0.90163823832648E+02
 0.90032963789996E+02
 0.89894765749164E+02
 0.89748961774503E+02
 0.89595218625197E+02
 0.89433191021621E+02
 0.89262520105418E+02
 0.89082832739678E+02
 0.88893763151606E+02
 0.88694864845504E+02
 0.88485743864280E+02
 0.88265967204867E+02
 0.88035085415636E+02
 0.87792676419354E+02
 0.87538164083816E+02
 0.87271087442037E+02
 0.86990922650265E+02
 0.86697125455120E+02
 0.86389171386722E+02
 0.86066392340040E+02
 0.85728214952567E+02
 0.85374015545748E+02
 0.85003168597893E+02
 0.84614931044350E+02
 0.84208636349635E+02
 0.83783558301516E+02
 0.83338977563318E+02
 0.82874066243871E+02
 0.82388013502771E+02
 0.81880084604808E+02
 0.81349430876056E+02
 0.80795144337419E+02
 0.80216378985841E+02
 0.79612262831186E+02
 0.78981853501987E+02
 0.78324276648420E+02
 0.77638581770166E+02
 0.76923869469332E+02
 0.76179239922978E+02
 0.75403768035125E+02
 0.74596603082436E+02
 0.73756872771899E+02
 0.72883789586548E+02
 0.71976607626621E+02
 0.71034655321030E+02
 0.70057377172963E+02
 0.69044319415066E+02
 0.67995151970363E+02
 0.66909854809616E+02
 0.65788526344325E+02
 0.64631568084792E+02
 0.63439763456336E+02
 0.62214220441585E+02
 0.60956499977805E+02
 0.59668656383532E+02
 0.58353272585836E+02
 0.57013443709964E+02
 0.55652823104592E+02
 0.54275580304115E+02
 0.52886401566462E+02
 0.51490238007649E+02
 0.50092456146985E+02
 0.48698500204125E+02
 0.47313853944544E+02
 0.45943856589106E+02
 0.44593548180140E+02
 0.43267540998222E+02
 0.41969899146283E+02
 0.40704127802495E+02
 0.39473084233181E+02
 0.38279001683651E+02
 0.37123495004922E+02
 0.36007634183920E+02
 0.34931967871962E+02
 0.33896639678775E+02
 0.32901413508553E+02
 0.31945755051979E+02
 0.31028868836784E+02
 0.30149793620733E+02
 0.29307413242055E+02
 0.28500639389219E+02
 0.27727952324569E+02
 0.26988152424999E+02
 0.26279908193995E+02
 0.25601884448982E+02
 0.24952766474264E+02
 0.24331280958470E+02
 0.23736124361736E+02
 0.23166099014353E+02
 0.22620030049648E+02
 0.22096784298503E+02
 0.21595279247319E+02
 0.21114502806713E+02
 0.20653412449755E+02
 0.20211091367330E+02
 0.19786643077571E+02
 0.19379212581782E+02
 0.18988018644072E+02
 0.18612233790601E+02
 0.18251158046617E+02
 0.17904095798307E+02
 0.17570393187080E+02
 0.17249456103261E+02
 0.16940632263228E+02
 0.16643393454563E+02
 0.16357208768140E+02
 0.16081607836257E+02
 0.15816048031636E+02
 0.15560109583298E+02
 0.15313397681478E+02
 0.15075435712358E+02
 0.14845872225739E+02
 0.14624340073593E+02
 0.14410526208115E+02
 0.14204027922090E+02
 0.14004567714442E+02
 0.13811846166409E+02
 0.13625616748458E+02
 0.13445534996718E+02
 0.13270873394688E+02
 0.13102413422262E+02
 0.12939403787817E+02
 0.12781623920303E+02
 0.12628862485858E+02
 0.12480919534890E+02
 0.12337601863838E+02
 0.12198727785797E+02
 0.12064123937012E+02
 0.11933622621722E+02
 0.11807066015598E+02
 0.11684303504921E+02
 0.11565190015955E+02
 0.11449587206651E+02
 0.11337363599389E+02
 0.11228394013172E+02
 0.11122556944288E+02
 0.11019737426761E+02
 0.10919825653953E+02
 0.10822715787658E+02
 0.10728307352393E+02
 0.10636503659860E+02
 0.10547212160775E+02
 0.10460344096046E+02
 0.10375814693078E+02
 0.10293542604570E+02
 0.10213450037691E+02
 0.10135461726188E+02
 0.10059506171102E+02
 0.99855146051116E+01
 0.99134206778952E+01
 0.98431611393562E+01
 0.97746750940621E+01
 0.97079041842033E+01
 0.96427918837315E+01
 0.95792843736842E+01
 0.95173297489811E+01
 0.94568781107308E+01
 0.93978814247751E+01
 0.93402936348491E+01
 0.92840701790065E+01
 0.92291685379572E+01
 0.91755475156057E+01
 0.91231673982377E+01
 0.90719901566371E+01
 0.90219791301462E+01
 0.89730988673933E+01
 0.89253152628580E+01
 0.88785954781774E+01
 0.88329078626551E+01
 0.87882220141690E+01
 0.87445081824430E+01
 0.87017383031528E+01
 0.86598847132240E+01
 0.86189211622794E+01
 0.85788219294030E+01
 0.85395623880680E+01
 0.85011190125219E+01
 0.84634686032035E+01
 0.84265890318365E+01
 0.83904588091875E+01
 0.83550572421326E+01
 0.83203643291462E+01
 0.82863606551115E+01
 0.82530275613116E+01
 0.82203469395819E+01
 0.81883012861784E+01
 0.81568736680047E+01
 0.81260476980025E+01
 0.80958075361223E+01
 0.80661378487673E+01
 0.80370237626601E+01
 0.80084508952494E+01
 0.79804053202272E+01
 0.79528735159107E+01
 0.79258424826644E+01
 0.78992995350669E+01
 0.78732323951213E+01
 0.78476291734130E+01
 0.78224783436821E+01
 0.77977686543434E+01
 0.77734893924765E+01
 0.77496300069158E+01
 0.77261803023688E+01
 0.77031303920081E+01
 0.76804706813383E+01
 0.76581917972944E+01
 0.76362848267272E+01
 0.76147409377059E+01
 0.75935516132370E+01
 0.75727085832230E+01
 0.75522038174069E+01
 0.75320295152613E+01
 0.75121780232458E+01
 0.74926421398242E+01
 0.74734146421387E+01
 0.74544885605464E+01
 0.74358571373321E+01
 0.74175139254211E+01
 0.73994522761542E+01
 0.73816660313962E+01
