 0.64908541143723E+01
 0.64908541137208E+01
 0.64908541065119E+01
 0.64908540756200E+01
 0.64908539911109E+01
 0.64908538111276E+01
 0.64908534823001E+01
 0.64908529376264E+01
 0.64908520886213E+01
 0.64908508084724E+01
 0.64908489064830E+01
 0.64908460987456E+01
 0.64908419820748E+01
 0.64908317339006E+01
 0.64908189505909E+01
 0.64908019933874E+01
 0.64907741520129E+01
 0.64907345330778E+01
 0.64906853058772E+01
 0.64906174900510E+01
 0.64905301660383E+01
 0.64904244158150E+01
 0.64902906553627E+01
 0.64901321026988E+01
 0.64899391470037E+01
 0.64897156035259E+01
 0.64894518690328E+01
 0.64891519954002E+01
 0.64888104880440E+01
 0.64884206391762E+01
 0.64879878544364E+01
 0.64875069375417E+01
 0.64869720509337E+01
 0.64863893714483E+01
 0.64857544775025E+01
 0.64850665553338E+01
 0.64843212161976E+01
 0.64835261329630E+01
 0.64826781533097E+01
 0.64817779602709E+01
 0.64808267040337E+01
 0.64798219041713E+01
 0.64787731914283E+01
 0.64776792276061E+01
 0.64765426153498E+01
 0.64753663801259E+01
 0.64741538974774E+01
 0.64729049683399E+01
 0.64716312120353E+01
 0.64703333403885E+01
 0.64690159432576E+01
 0.64676839326498E+01
 0.64663424809605E+01
 0.64649970054811E+01
 0.64636531534869E+01
 0.64623167869812E+01
 0.64609899074149E+01
 0.64596866922662E+01
 0.64584097287713E+01
 0.64571655626367E+01
 0.64559618208571E+01
 0.64548037713573E+01
 0.64536991697132E+01
 0.64526551487216E+01
 0.64516789621735E+01
 0.64507739289860E+01
 0.64499554383788E+01
 0.64492272195916E+01
 0.64485969342140E+01
 0.64480723749072E+01
 0.64476614355279E+01
 0.64473721156451E+01
 0.64472125264032E+01
 0.64471908912780E+01
 0.64473115261060E+01
 0.64475907969858E+01
 0.64480334587847E+01
 0.64486482396666E+01
 0.64494440486498E+01
 0.64504299605176E+01
 0.64516152107458E+01
 0.64530054580015E+01
 0.64546177254772E+01
 0.64564582943512E+01
 0.64585372481464E+01
 0.64608649112495E+01
 0.64634519013091E+01
 0.64663091492638E+01
 0.64694454731356E+01
 0.64728772468794E+01
 0.64766139741931E+01
 0.64806679105448E+01
 0.64850516863087E+01
 0.64897751328226E+01
 0.64948581345314E+01
 0.65003115644585E+01
 0.65061498416415E+01
 0.65123878832267E+01
 0.65190381249471E+01
 0.65261224537044E+01
 0.65336546675565E+01
 0.65416515362831E+01
 0.65501282744619E+01
 0.65591081608215E+01
 0.65686074006768E+01
 0.65786453809040E+01
 0.65892396179992E+01
 0.66004151471320E+01
 0.66121921250388E+01
 0.66245891262487E+01
 0.66376269870473E+01
 0.66513321687984E+01
 0.66657247930265E+01
 0.66808254966169E+01
 0.66966605609409E+01
 0.67132488504061E+01
 0.67306156656891E+01
 0.67487809737963E+01
 0.67677641828345E+01
 0.67875880010290E+01
 0.68082680657079E+01
 0.68298238502690E+01
 0.68522678001108E+01
 0.68756138400907E+01
 0.68998694778735E+01
 0.69250407731988E+01
 0.69511298600856E+01
 0.69781332110981E+01
 0.70060405501052E+01
 0.70348390963872E+01
 0.70645065830835E+01
 0.70950142479872E+01
 0.71263277057407E+01
 0.71584056502099E+01
 0.71911986745931E+01
 0.72246517920248E+01
 0.72587062903042E+01
 0.72932981557755E+01
 0.73283613811188E+01
 0.73638274540871E+01
 0.73996313061114E+01
 0.74357054530150E+01
 0.74719893442557E+01
 0.75084234379999E+01
 0.75449520015480E+01
 0.75815241138059E+01
 0.76180917290979E+01
 0.76546117061425E+01
 0.76910403326064E+01
 0.77273363589809E+01
 0.77634590118335E+01
 0.77993677595304E+01
 0.78350226730636E+01
 0.78703809936918E+01
 0.79054015243408E+01
 0.79400421773889E+01
 0.79742614003076E+01
 0.80080190354149E+01
 0.80412750822402E+01
 0.80739917192278E+01
 0.81061333816708E+01
 0.81376653250617E+01
 0.81685566642240E+01
 0.81987784691601E+01
 0.82283049045303E+01
 0.82571133393448E+01
 0.82851815812567E+01
 0.83124929556238E+01
 0.83390325863009E+01
 0.83647877556649E+01
 0.83897485098177E+01
 0.84139070054373E+01
 0.84372576471964E+01
 0.84597972166445E+01
 0.84815239879211E+01
 0.85024379606201E+01
 0.85225411729179E+01
 0.85418367510117E+01
 0.85603296727418E+01
 0.85780255047104E+01
 0.85949319038815E+01
 0.86110564126683E+01
 0.86264083234802E+01
 0.86409980668215E+01
 0.86548360700890E+01
 0.86679337258663E+01
 0.86803026405135E+01
 0.86919559638093E+01
 0.87029065294939E+01
 0.87131675495785E+01
 0.87227531399718E+01
 0.87316772604660E+01
 0.87399542628199E+01
 0.87475985997386E+01
 0.87546254270471E+01
 0.87610491962122E+01
 0.87668850728148E+01
 0.87721477809915E+01
 0.87768526060151E+01
 0.87810137395061E+01
 0.87846477223478E+01
 0.87877689148209E+01
 0.87903919933273E+01
 0.87925318181698E+01
 0.87942025708569E+01
 0.87954196049474E+01
 0.87961967711242E+01
 0.87965478794245E+01
 0.87964878802400E+01
 0.87960301073970E+01
 0.87951878586889E+01
 0.87939748974820E+01
 0.87924045983348E+01
 0.87904896978981E+01
 0.87882425195414E+01
 0.87856761030692E+01
 0.87828025783710E+01
 0.87796336752147E+01
 0.87761814387713E+01
 0.87724570485636E+01
 0.87684717492647E+01
 0.87642365155538E+01
 0.87597621738404E+01
 0.87550590384274E+01
 0.87501372477443E+01
 0.87450065475315E+01
 0.87396769206781E+01
 0.87341575373836E+01
 0.87284574601629E+01
 0.87225857910654E+01
 0.87165510071654E+01
 0.87103614647935E+01
 0.87040251701632E+01
 0.86975502855953E+01
 0.86909442993167E+01
 0.86842146306102E+01
 0.86773683972647E+01
 0.86704127000976E+01
 0.86633541136647E+01
 0.86561992892934E+01
 0.86489543495561E+01
 0.86416254424093E+01
 0.86342185549606E+01
 0.86267392893992E+01
 0.86191930004545E+01
 0.86115850935050E+01
 0.86039207925532E+01
 0.85962047938670E+01
 0.85884420193474E+01
 0.85806367347781E+01
 0.85727936829711E+01
 0.85649167924969E+01
 0.85570104263401E+01
 0.85490781563670E+01
 0.85411240951376E+01
 0.85331516686262E+01
 0.85251642250390E+01
 0.85171653062589E+01
 0.85091578884076E+01
 0.85011452527168E+01
 0.84931302360071E+01
 0.84851156482246E+01
 0.84771041719379E+01
 0.84690982846902E+01
 0.84611006109426E+01
 0.84531134239102E+01
 0.84451389683052E+01
 0.84371793931734E+01
 0.84292366398128E+01
 0.84213128229150E+01
 0.84134097323549E+01
 0.84055291358124E+01
 0.83976727146351E+01
 0.83898420042785E+01
 0.83820386491476E+01
 0.83742640203485E+01
 0.83665194951486E+01
 0.83588063688692E+01
 0.83511258679686E+01
 0.83434791126974E+01
 0.83358672946405E+01
 0.83282913881891E+01
 0.83207523639438E+01
 0.83132511393486E+01
 0.83057885748331E+01
 0.82983654278950E+01
 0.82909825543883E+01
 0.82836406104786E+01
 0.82763402542317E+01
 0.82690820986980E+01
 0.82618667132567E+01
 0.82546946250460E+01
 0.82475662786343E+01
 0.82404822015272E+01
 0.82334427594386E+01
 0.82264483361801E+01
 0.82194992720815E+01
 0.82125957364258E+01
 0.82057382837142E+01
 0.81989269811039E+01
