 0.29892798623853E+03
 0.29892798620835E+03
 0.29892798587366E+03
 0.29892798444325E+03
 0.29892798056049E+03
 0.29892797238302E+03
 0.29892795761034E+03
 0.29892793324655E+03
 0.29892789468787E+03
 0.29892783368869E+03
 0.29892773515407E+03
 0.29892757326451E+03
 0.29892730774561E+03
 0.29892679745741E+03
 0.29892604938191E+03
 0.29892495214606E+03
 0.29892327958410E+03
 0.29892090502091E+03
 0.29891775013829E+03
 0.29891350859444E+03
 0.29890802475422E+03
 0.29890117830716E+03
 0.29889263512255E+03
 0.29888231412010E+03
 0.29886987901576E+03
 0.29885526384083E+03
 0.29883813646130E+03
 0.29881844344442E+03
 0.29879594182832E+03
 0.29877036505976E+03
 0.29874170382580E+03
 0.29870973011492E+03
 0.29867420508567E+03
 0.29863514910199E+03
 0.29859235888608E+03
 0.29854570974902E+03
 0.29849499798174E+03
 0.29844028827571E+03
 0.29838140500372E+03
 0.29831825606466E+03
 0.29825075776191E+03
 0.29817873831537E+03
 0.29810230449881E+03
 0.29802130316705E+03
 0.29793566731981E+03
 0.29784533366810E+03
 0.29775024021986E+03
 0.29765022861261E+03
 0.29754542313054E+03
 0.29743567064004E+03
 0.29732090326466E+03
 0.29720105050790E+03
 0.29707603725484E+03
 0.29694578279396E+03
 0.29681019987344E+03
 0.29666919378990E+03
 0.29652255390248E+03
 0.29637037713347E+03
 0.29621244022185E+03
 0.29604860915717E+03
 0.29587871832521E+03
 0.29570264703511E+03
 0.29552020760448E+03
 0.29533121507350E+03
 0.29513546962936E+03
 0.29493264270325E+03
 0.29472272311015E+03
 0.29450535475808E+03
 0.29428026988952E+03
 0.29404718248561E+03
 0.29380578697222E+03
 0.29355575727251E+03
 0.29329674583847E+03
 0.29302838279931E+03
 0.29275015595959E+03
 0.29246187913165E+03
 0.29216299663561E+03
 0.29185303832222E+03
 0.29153150628558E+03
 0.29119787346854E+03
 0.29085158261132E+03
 0.29049192728123E+03
 0.29011851272125E+03
 0.28973056875854E+03
 0.28932739972732E+03
 0.28890827224149E+03
 0.28847241116513E+03
 0.28801899713519E+03
 0.28754699986125E+03
 0.28705582588631E+03
 0.28654436027071E+03
 0.28601158762225E+03
 0.28545643728121E+03
 0.28487766630139E+03
 0.28427429796633E+03
 0.28364496771327E+03
 0.28298834733484E+03
 0.28230303506370E+03
 0.28158744320332E+03
 0.28084021876490E+03
 0.28005960732688E+03
 0.27924388362937E+03
 0.27839110381278E+03
 0.27749953658110E+03
 0.27656705150947E+03
 0.27559149826616E+03
 0.27457051312464E+03
 0.27350190872582E+03
 0.27238299776222E+03
 0.27121129510765E+03
 0.26998385749830E+03
 0.26869796316632E+03
 0.26735047075630E+03
 0.26593807497834E+03
 0.26445761309533E+03
 0.26290541037817E+03
 0.26127798059999E+03
 0.25957145222993E+03
 0.25778179735135E+03
 0.25590511197171E+03
 0.25393705065822E+03
 0.25187346397969E+03
 0.24970982579703E+03
 0.24744190722971E+03
 0.24506512040615E+03
 0.24257526562100E+03
 0.23996820527950E+03
 0.23723978013289E+03
 0.23438672385710E+03
 0.23140601336176E+03
 0.22829521492049E+03
 0.22505314243937E+03
 0.22167957710219E+03
 0.21817580717135E+03
 0.21454469773917E+03
 0.21079114181414E+03
 0.20692201446306E+03
 0.20294639946419E+03
 0.19887560797184E+03
 0.19472323450697E+03
 0.19050446120842E+03
 0.18623643891869E+03
 0.18193739385992E+03
 0.17762627455139E+03
 0.17332213960297E+03
 0.16904356795415E+03
 0.16480808700292E+03
 0.16063167396013E+03
 0.15652857265069E+03
 0.15251092348087E+03
 0.14858875434290E+03
 0.14476991518785E+03
 0.14106033504632E+03
 0.13746396453693E+03
 0.13398328965017E+03
 0.13061931880225E+03
 0.12737191361324E+03
 0.12423989672307E+03
 0.12122140226075E+03
 0.11831391566337E+03
 0.11551499217596E+03
 0.11282039808330E+03
 0.11022712617316E+03
 0.10773157273622E+03
 0.10533005568839E+03
 0.10301891045410E+03
 0.10079454042275E+03
 0.98653183275371E+02
 0.96591427289084E+02
 0.94605875196032E+02
 0.92693231570064E+02
 0.90850335671696E+02
 0.89074250136344E+02
 0.87361840578323E+02
 0.85710428127039E+02
 0.84117352607992E+02
 0.82580068563482E+02
 0.81096277741413E+02
 0.79663428596844E+02
 0.78279449607188E+02
 0.76942242093509E+02
 0.75649823463354E+02
 0.74400425852337E+02
 0.73191985318644E+02
 0.72022920999618E+02
 0.70891600771197E+02
 0.69796611482384E+02
 0.68736196506236E+02
 0.67709089646062E+02
 0.66714099876022E+02
 0.65749652098206E+02
 0.64814682462632E+02
 0.63908031683564E+02
 0.63028749439800E+02
 0.62175472006608E+02
 0.61347353358956E+02
 0.60543433992151E+02
 0.59762961862313E+02
 0.59004739437607E+02
 0.58265865077590E+02
 0.57550047460013E+02
 0.56854249298492E+02
 0.56177746165722E+02
 0.55519841286844E+02
 0.54879871078380E+02
 0.54257196201992E+02
 0.53651208337180E+02
 0.53061325358477E+02
 0.52486986636148E+02
 0.51927657161246E+02
 0.51382825335284E+02
 0.50851998349929E+02
 0.50334704453383E+02
 0.49830491663286E+02
 0.49338927635805E+02
 0.48859594022272E+02
 0.48392091654895E+02
 0.47936037122066E+02
 0.47491061176486E+02
 0.47056810072752E+02
 0.46632943156237E+02
 0.46219133295966E+02
 0.45815065472899E+02
 0.45420437201053E+02
 0.45034957271045E+02
 0.44658345804673E+02
 0.44290332443483E+02
 0.43930657708046E+02
 0.43579071696456E+02
 0.43235333052391E+02
 0.42899209862637E+02
 0.42570478341595E+02
 0.42248922976149E+02
 0.41934335360841E+02
 0.41626515090874E+02
 0.41325268682565E+02
 0.41030409268201E+02
 0.40741756795971E+02
 0.40459137138466E+02
 0.40182382272746E+02
 0.39911330196570E+02
 0.39645823875864E+02
 0.39385711998399E+02
 0.39130848282373E+02
 0.38881091088926E+02
 0.38636303568497E+02
 0.38396354072023E+02
 0.38161113738954E+02
 0.37930459701764E+02
 0.37704271582016E+02
 0.37482433460391E+02
 0.37264833415620E+02
 0.37051363001282E+02
 0.36841916505338E+02
 0.36636392483147E+02
 0.36434691613608E+02
 0.36236718888942E+02
 0.36042381587480E+02
 0.35851589348156E+02
 0.35664255577658E+02
 0.35480295643895E+02
 0.35299627746312E+02
 0.35122172165548E+02
 0.34947851778257E+02
 0.34776592216644E+02
 0.34608320685064E+02
 0.34442966726845E+02
 0.34280461950359E+02
 0.34120739683151E+02
 0.33963735943002E+02
 0.33809387834062E+02
 0.33657634497605E+02
 0.33508416806446E+02
 0.33361677009305E+02
 0.33217359849044E+02
 0.33075410752538E+02
 0.32935776945009E+02
 0.32798407113932E+02
 0.32663251354344E+02
 0.32530260742555E+02
 0.32399388766380E+02
 0.32270589168695E+02
 0.32143817227409E+02
 0.32019029450044E+02
 0.31896183490543E+02
 0.31775237762049E+02
 0.31656152853476E+02
 0.31538889326053E+02
 0.31423409113658E+02
 0.31309675139949E+02
 0.31197651292892E+02
 0.31087302385627E+02
 0.30978593739647E+02
 0.30871492746432E+02
 0.30765966465515E+02
 0.30661983117550E+02
 0.30559511754942E+02
 0.30458522192821E+02
 0.30358984966859E+02
 0.30260871008901E+02
