 0.13589978382288E+03
 0.13589978382296E+03
 0.13589978382462E+03
 0.13589978383269E+03
 0.13589978385029E+03
 0.13589978386710E+03
 0.13589978385419E+03
 0.13589978379760E+03
 0.13589978383683E+03
 0.13589978458085E+03
 0.13589978761573E+03
 0.13589979613320E+03
 0.13589981555985E+03
 0.13589975312538E+03
 0.13589972091678E+03
 0.13589971405173E+03
 0.13589961413679E+03
 0.13589944521574E+03
 0.13589930799051E+03
 0.13589904415237E+03
 0.13589868811719E+03
 0.13589832340888E+03
 0.13589778383388E+03
 0.13589720528556E+03
 0.13589642212861E+03
 0.13589558442531E+03
 0.13589452591722E+03
 0.13589340062735E+03
 0.13589213701721E+03
 0.13589063387942E+03
 0.13588907188122E+03
 0.13588738154865E+03
 0.13588547611113E+03
 0.13588354704796E+03
 0.13588153551701E+03
 0.13587946415194E+03
 0.13587726964822E+03
 0.13587516595384E+03
 0.13587311230360E+03
 0.13587115409195E+03
 0.13586934458165E+03
 0.13586765059280E+03
 0.13586631544312E+03
 0.13586532692764E+03
 0.13586476149793E+03
 0.13586470328994E+03
 0.13586524272184E+03
 0.13586638738740E+03
 0.13586841312439E+03
 0.13587134618796E+03
 0.13587530084951E+03
 0.13588039857092E+03
 0.13588676692547E+03
 0.13589453957907E+03
 0.13590385628387E+03
 0.13591486286067E+03
 0.13592762046715E+03
 0.13594246443324E+03
 0.13595947293018E+03
 0.13597881527550E+03
 0.13600069127570E+03
 0.13602524151130E+03
 0.13605267456056E+03
 0.13608318598390E+03
 0.13611697805995E+03
 0.13615417120757E+03
 0.13619515513699E+03
 0.13624006866519E+03
 0.13628914221298E+03
 0.13634261466074E+03
 0.13640073298316E+03
 0.13646375270317E+03
 0.13653193839084E+03
 0.13660556403748E+03
 0.13668482715097E+03
 0.13677019215511E+03
 0.13686188190361E+03
 0.13696021356575E+03
 0.13706551760389E+03
 0.13717813792369E+03
 0.13729843229141E+03
 0.13742669420046E+03
 0.13756346925824E+03
 0.13770908886673E+03
 0.13786397825849E+03
 0.13802858205752E+03
 0.13820336680647E+03
 0.13838882258849E+03
 0.13858542604153E+03
 0.13879379410966E+03
 0.13901445551166E+03
 0.13924800763689E+03
 0.13949507941100E+03
 0.13975626897012E+03
 0.14003240802530E+03
 0.14032417384819E+03
 0.14063234878487E+03
 0.14095776065319E+03
 0.14130122601100E+03
 0.14166379343848E+03
 0.14204639493673E+03
 0.14245006556008E+03
 0.14287586994985E+03
 0.14332508486961E+03
 0.14379891072376E+03
 0.14429868043870E+03
 0.14482576533862E+03
 0.14538175937752E+03
 0.14596828097192E+03
 0.14658693420695E+03
 0.14723954654324E+03
 0.14792813834081E+03
 0.14865473374869E+03
 0.14942150773164E+03
 0.15023087566472E+03
 0.15108528444626E+03
 0.15198746235811E+03
 0.15294023212586E+03
 0.15394661459150E+03
 0.15500989358477E+03
 0.15613347630454E+03
 0.15732107774448E+03
 0.15857657637598E+03
 0.15990411930299E+03
 0.16130809237942E+03
 0.16279309878934E+03
 0.16436400304998E+03
 0.16602593827204E+03
 0.16778402901942E+03
 0.16964372234529E+03
 0.17161050045908E+03
 0.17368973973534E+03
 0.17588680331425E+03
 0.17820676987101E+03
 0.18065430297531E+03
 0.18323344731954E+03
 0.18594755539454E+03
 0.18879898592053E+03
 0.19178898080142E+03
 0.19491738578268E+03
 0.19818291157979E+03
 0.20158251681786E+03
 0.20511186547513E+03
 0.20876512370799E+03
 0.21253518555108E+03
 0.21641390405647E+03
 0.22039231395806E+03
 0.22446101349129E+03
 0.22861016555367E+03
 0.23282996949647E+03
 0.23711076897257E+03
 0.24144330634310E+03
 0.24581872380942E+03
 0.25022875158803E+03
 0.25466560115065E+03
 0.25912212151059E+03
 0.26359170637032E+03
 0.26806842053469E+03
 0.27254672795292E+03
 0.27702166731637E+03
 0.28148884473659E+03
 0.28594382327858E+03
 0.29038300208489E+03
 0.29480293532626E+03
 0.29920051360082E+03
 0.30357287620249E+03
 0.30791741230910E+03
 0.31223172206969E+03
 0.31651363890428E+03
 0.32076113971687E+03
 0.32497240000799E+03
 0.32914571785170E+03
 0.33327956491411E+03
 0.33737251601631E+03
 0.34142328507188E+03
 0.34543067903673E+03
 0.34939364277153E+03
 0.35331119690790E+03
 0.35718245715167E+03
 0.36100661810982E+03
 0.36478301456375E+03
 0.36851097684085E+03
 0.37218998006390E+03
 0.37581955747981E+03
 0.37939929310421E+03
 0.38292884932619E+03
 0.38640793444673E+03
 0.38983634686910E+03
 0.39321392768913E+03
 0.39654057212432E+03
 0.39981622733443E+03
 0.40304089563377E+03
 0.40621462939875E+03
 0.40933752991746E+03
 0.41240973068958E+03
 0.41543140146493E+03
 0.41840277305605E+03
 0.42132409562817E+03
 0.42419565015108E+03
 0.42701752608270E+03
 0.42979056259214E+03
 0.43251491819193E+03
 0.43519098090394E+03
 0.43781919413797E+03
 0.44039998392171E+03
 0.44293388740983E+03
 0.44542137288644E+03
 0.44786293195501E+03
 0.45025916049692E+03
 0.45261058116611E+03
 0.45491773427593E+03
 0.45718122439396E+03
 0.45940164992404E+03
 0.46157959654357E+03
 0.46371564100473E+03
 0.46581044067574E+03
 0.46786460661481E+03
 0.46987874698556E+03
 0.47185351594553E+03
 0.47378952641047E+03
 0.47568741679170E+03
 0.47754782256005E+03
 0.47937139443063E+03
 0.48115876020142E+03
 0.48291055440519E+03
 0.48462739831027E+03
 0.48630995043322E+03
 0.48795882408107E+03
 0.48957463720247E+03
 0.49115803077623E+03
 0.49270960938802E+03
 0.49422998374208E+03
 0.49571974930118E+03
 0.49717952957446E+03
 0.49860990588352E+03
 0.50001146596072E+03
 0.50138478524622E+03
 0.50273045013300E+03
 0.50404901613673E+03
 0.50534105077154E+03
 0.50660709074830E+03
 0.50784768994718E+03
 0.50906338712958E+03
 0.51025470423919E+03
 0.51142215091827E+03
 0.51256625083295E+03
 0.51368750713423E+03
 0.51478640586452E+03
 0.51586343793431E+03
 0.51691906287759E+03
 0.51795377635952E+03
 0.51896801476175E+03
 0.51996224672010E+03
 0.52093689416337E+03
 0.52189241681424E+03
 0.52282923014215E+03
 0.52374773991722E+03
 0.52464836947028E+03
 0.52553150663230E+03
 0.52639756140400E+03
 0.52724691073710E+03
 0.52807993094090E+03
 0.52889699266266E+03
 0.52969844806788E+03
 0.53048466514969E+03
 0.53125598309397E+03
 0.53201274039463E+03
 0.53275526856098E+03
 0.53348388303756E+03
 0.53419891480246E+03
 0.53490066746626E+03
 0.53558944377054E+03
 0.53626553964924E+03
 0.53692923860115E+03
 0.53758083485998E+03
 0.53822059844173E+03
 0.53884879993886E+03
 0.53946570308367E+03
 0.54007156558030E+03
 0.54066663551702E+03
 0.54125116776181E+03
 0.54182539700232E+03
 0.54238955764964E+03
 0.54294387871484E+03
 0.54348858380848E+03
 0.54402388654661E+03
 0.54455000960849E+03
 0.54506715634351E+03
 0.54557552980446E+03
 0.54607532831365E+03
 0.54656674541591E+03
 0.54704997005323E+03
 0.54752518250534E+03
 0.54799257052959E+03
 0.54845230539357E+03
 0.54890455937621E+03
 0.54934949976782E+03
 0.54978728007152E+03
 0.55021807977503E+03
 0.55064204012374E+03
