 0.44712779226085E+03
 0.44712779226165E+03
 0.44712779228877E+03
 0.44712779252285E+03
 0.44712779352793E+03
 0.44712779625956E+03
 0.44712779987123E+03
 0.44712778934501E+03
 0.44712769972285E+03
 0.44712735228770E+03
 0.44712637702943E+03
 0.44712414669159E+03
 0.44711974291933E+03
 0.44711175722983E+03
 0.44709894420288E+03
 0.44707963241890E+03
 0.44705180418015E+03
 0.44701368798458E+03
 0.44696369211528E+03
 0.44689977894305E+03
 0.44682042376431E+03
 0.44672435444049E+03
 0.44660996259129E+03
 0.44647643556484E+03
 0.44632253002794E+03
 0.44614782721904E+03
 0.44595142989569E+03
 0.44573325959892E+03
 0.44549292274495E+03
 0.44523009624779E+03
 0.44494515362096E+03
 0.44463806055949E+03
 0.44430883182403E+03
 0.44395813044863E+03
 0.44358616555287E+03
 0.44319336266940E+03
 0.44278000700957E+03
 0.44234698306682E+03
 0.44189466668683E+03
 0.44142362019985E+03
 0.44093442308744E+03
 0.44042747061152E+03
 0.43990371742984E+03
 0.43936357180309E+03
 0.43880760406911E+03
 0.43823637451527E+03
 0.43765042711960E+03
 0.43705010303683E+03
 0.43643626201539E+03
 0.43580921188302E+03
 0.43516940400755E+03
 0.43451726469189E+03
 0.43385319203040E+03
 0.43317755490624E+03
 0.43249069222346E+03
 0.43179291233911E+03
 0.43108430885380E+03
 0.43036548714504E+03
 0.42963648729370E+03
 0.42889749076486E+03
 0.42814861596692E+03
 0.42739004078123E+03
 0.42662182576352E+03
 0.42584402661806E+03
 0.42505666740257E+03
 0.42425956858991E+03
 0.42345302903769E+03
 0.42263681310892E+03
 0.42181081743091E+03
 0.42097490807231E+03
 0.42012891949945E+03
 0.41927265439566E+03
 0.41840588338007E+03
 0.41752834498495E+03
 0.41663958724303E+03
 0.41573959307102E+03
 0.41482785036358E+03
 0.41390396443319E+03
 0.41296750624882E+03
 0.41201801160518E+03
 0.41105498222948E+03
 0.41007774391371E+03
 0.40908599045441E+03
 0.40807897527522E+03
 0.40705604433512E+03
 0.40601650368188E+03
 0.40495961550670E+03
 0.40388459529612E+03
 0.40279043730535E+03
 0.40167660881769E+03
 0.40054201761505E+03
 0.39938568628757E+03
 0.39820658987027E+03
 0.39700354083655E+03
 0.39577557994540E+03
 0.39452141271032E+03
 0.39323977100572E+03
 0.39192932880035E+03
 0.39058860466687E+03
 0.38921627975549E+03
 0.38781073151045E+03
 0.38637036486051E+03
 0.38489341914152E+03
 0.38337824284303E+03
 0.38182294328362E+03
 0.38022559411376E+03
 0.37858415065362E+03
 0.37689662394801E+03
 0.37516071936269E+03
 0.37337438409069E+03
 0.37153522370170E+03
 0.36964094862168E+03
 0.36768914053477E+03
 0.36567734654309E+03
 0.36360317388738E+03
 0.36146415600457E+03
 0.35925791511120E+03
 0.35698215432219E+03
 0.35463467176760E+03
 0.35221348659324E+03
 0.34971689953834E+03
 0.34714356181098E+03
 0.34449262818879E+03
 0.34176392631295E+03
 0.33895807676040E+03
 0.33607685255440E+03
 0.33312330417695E+03
 0.33010210509267E+03
 0.32702023775842E+03
 0.32388685886211E+03
 0.32071407074797E+03
 0.31751731512103E+03
 0.31431544728124E+03
 0.31113111481234E+03
 0.30799068952105E+03
 0.30492390693154E+03
 0.30196326221376E+03
 0.29914316047982E+03
 0.29649876633212E+03
 0.29406475594367E+03
 0.29187364393347E+03
 0.28995485605857E+03
 0.28833313788658E+03
 0.28702778844357E+03
 0.28605198404561E+03
 0.28541263813332E+03
 0.28511046405750E+03
 0.28514077970922E+03
 0.28549400590851E+03
 0.28615678253785E+03
 0.28711285497500E+03
 0.28834406359194E+03
 0.28983104317780E+03
 0.29155398518698E+03
 0.29349305931896E+03
 0.29562891431477E+03
 0.29794287179654E+03
 0.30041724653053E+03
 0.30303527801504E+03
 0.30578134592673E+03
 0.30864130197960E+03
 0.31160083749740E+03
 0.31464791259956E+03
 0.31777103632843E+03
 0.32095966508227E+03
 0.32420409993515E+03
 0.32749547723755E+03
 0.33082554674925E+03
 0.33418688476861E+03
 0.33757261806891E+03
 0.34097647248370E+03
 0.34439267424285E+03
 0.34781599517398E+03
 0.35124151512001E+03
 0.35466484773068E+03
 0.35808192340777E+03
 0.36148904320838E+03
 0.36488283907969E+03
 0.36826012605500E+03
 0.37161808594469E+03
 0.37495416391600E+03
 0.37826595493009E+03
 0.38155136341401E+03
 0.38480837633763E+03
 0.38803524701585E+03
 0.39123037611755E+03
 0.39439233662197E+03
 0.39751978069942E+03
 0.40061158104376E+03
 0.40366673577495E+03
 0.40668426462972E+03
 0.40966340194784E+03
 0.41260345478826E+03
 0.41550386124788E+03
 0.41836404724331E+03
 0.42118361300312E+03
 0.42396222691951E+03
 0.42669964454789E+03
 0.42939559798175E+03
 0.43204935897142E+03
 0.43466213355830E+03
 0.43723327292121E+03
 0.43976279037712E+03
 0.44225077634036E+03
 0.44469732664398E+03
 0.44710266834370E+03
 0.44946697804036E+03
 0.45179047350283E+03
 0.45407349326683E+03
 0.45631631713915E+03
 0.45851925730236E+03
 0.46068270342942E+03
 0.46280705104381E+03
 0.46489269449274E+03
 0.46694003027264E+03
 0.46894954528843E+03
 0.47092168967866E+03
 0.47285691940428E+03
 0.47475574495105E+03
 0.47661864314345E+03
 0.47844612354012E+03
 0.48023869953675E+03
 0.48199690657140E+03
 0.48372126283600E+03
 0.48541229905557E+03
 0.48707053799150E+03
 0.48869654481162E+03
 0.49029084403821E+03
 0.49185396933476E+03
 0.49338648172731E+03
 0.49488890965612E+03
 0.49636179148662E+03
 0.49780565380780E+03
 0.49922105475810E+03
 0.50060851327558E+03
 0.50196855773002E+03
 0.50330170699293E+03
 0.50460849370198E+03
 0.50588942192637E+03
 0.50714501017565E+03
 0.50837574845913E+03
 0.50958214624740E+03
 0.51076469959509E+03
 0.51192388992148E+03
 0.51306018799105E+03
 0.51417408051186E+03
 0.51526603518534E+03
 0.51633650419614E+03
 0.51738594612618E+03
 0.51841478942169E+03
 0.51942350024451E+03
 0.52041248664525E+03
 0.52138219005970E+03
 0.52233300637958E+03
 0.52326537052609E+03
 0.52417967408419E+03
 0.52507630000921E+03
 0.52595564969313E+03
 0.52681808989885E+03
 0.52766401057481E+03
 0.52849376931289E+03
 0.52930772387188E+03
 0.53010622710175E+03
 0.53088961404240E+03
 0.53165823635312E+03
 0.53241241741942E+03
 0.53315248059237E+03
 0.53387874283092E+03
 0.53459150555872E+03
 0.53529108638180E+03
 0.53597777594228E+03
 0.53665186454490E+03
 0.53731363615983E+03
 0.53796336273742E+03
 0.53860132750444E+03
 0.53922778977424E+03
 0.53984300986700E+03
 0.54044724162384E+03
 0.54104073322047E+03
 0.54162372352518E+03
 0.54219645863346E+03
 0.54275916467133E+03
 0.54331206782715E+03
 0.54385538918583E+03
 0.54438934471232E+03
 0.54491414061377E+03
 0.54542999252134E+03
 0.54593709688369E+03
 0.54643565012511E+03
 0.54692584416900E+03
 0.54740786638198E+03
 0.54788189973919E+03
 0.54834811872474E+03
 0.54880670559399E+03
 0.54925782620291E+03
 0.54970164762725E+03
 0.55013833213083E+03
 0.55056802837402E+03
 0.55099091110807E+03
 0.55140711702327E+03
