                  NaN
                  NaN
                  NaN
                  NaN
 0.10000000133514E-09
 0.10000000133514E-09
 0.10000000133514E-09
 0.10000000133514E-09
 0.10000000133514E-09
 0.10000000133517E-09
 0.10000000133562E-09
 0.10000000133993E-09
 0.10000000137675E-09
 0.10000000177956E-09
 0.10000000690179E-09
 0.10000006284285E-09
 0.13582762580248E-06
 0.13590204808424E-06
 0.66138239503247E-06
 0.12753161114041E-05
 0.22770518589939E-05
 0.38536758700417E-05
 0.62267814135130E-05
 0.96639596787889E-05
 0.14479075446167E-04
 0.21031676810843E-04
 0.29725770907938E-04
 0.41007901917885E-04
 0.55365190025602E-04
 0.73323390241075E-04
 0.95446366258444E-04
 0.12233260419683E-03
 0.15461670228687E-03
 0.19296897900403E-03
 0.23809416391995E-03
 0.29073232350013E-03
 0.35165972539110E-03
 0.42169215764967E-03
 0.50168143229719E-03
 0.59252043833629E-03
 0.69514466110103E-03
 0.81053118266806E-03
 0.93970476603522E-03
 0.10837346412054E-02
 0.12437386492617E-02
 0.14208853198708E-02
 0.16163959228696E-02
 0.18315443897503E-02
 0.20676560472848E-02
 0.23261227853418E-02
 0.26083874492778E-02
 0.29159573722052E-02
 0.32503992288848E-02
 0.36133431524764E-02
 0.40064856260761E-02
 0.44315911543688E-02
 0.48904999967979E-02
 0.53851073448642E-02
 0.59173996683404E-02
 0.64894254312428E-02
 0.71049664325319E-02
 0.77631636150346E-02
 0.84677633420398E-02
 0.92211443210052E-02
 0.10025774268459E-01
 0.10884207292618E-01
 0.11799095456793E-01
 0.12773183028130E-01
 0.13809317106568E-01
 0.14910450731436E-01
 0.16079638410176E-01
 0.17320044393275E-01
 0.18634949490686E-01
 0.20027752187318E-01
 0.21501982257166E-01
 0.23061299940127E-01
 0.24709490254104E-01
 0.26450475334178E-01
 0.28288340292719E-01
 0.30227319800352E-01
 0.32271806054672E-01
 0.34426364228344E-01
 0.36695685200475E-01
 0.39084727563016E-01
 0.41598591662066E-01
 0.44242557202610E-01
 0.47022136715948E-01
 0.49943078484362E-01
 0.53012454746527E-01
 0.56234374529229E-01
 0.59616246718974E-01
 0.63164755912113E-01
 0.66886859437315E-01
 0.70789801942676E-01
 0.74881043295423E-01
 0.79168411329903E-01
 0.83660001674171E-01
 0.88364245454960E-01
 0.93289892242561E-01
 0.98445944511059E-01
 0.10384190570583E+00
 0.10948733250758E+00
 0.11539241187874E+00
 0.12156739989097E+00
 0.12802303554066E+00
 0.13477041698125E+00
 0.14182098163837E+00
 0.14918625865135E+00
 0.15687952087610E+00
 0.16491085700266E+00
 0.17329387114129E+00
 0.18204120299314E+00
 0.19116578719905E+00
 0.20068089315503E+00
 0.21059955691865E+00
 0.22093516616638E+00
 0.23170079363769E+00
 0.24290966032000E+00
 0.25457475738680E+00
 0.26670851105432E+00
 0.27932321267355E+00
 0.29243044260326E+00
 0.30604124994810E+00
 0.32016487546081E+00
 0.33481056677244E+00
 0.34998453435286E+00
 0.36569183238779E+00
 0.38193607480202E+00
 0.39871441922148E+00
 0.41602286576974E+00
 0.43385301669338E+00
 0.45218946221533E+00
 0.47101137199619E+00
 0.49029006026383E+00
 0.50998787965180E+00
 0.53005786283307E+00
 0.55044321702864E+00
 0.57107688641011E+00
 0.59188165763179E+00
 0.61277029635572E+00
 0.63365074157597E+00
 0.65442255396081E+00
 0.67498374136569E+00
 0.69523242526633E+00
 0.71507025872489E+00
 0.73440578415180E+00
 0.75315724420518E+00
 0.77125493895367E+00
 0.78864200742577E+00
 0.80527563633397E+00
 0.82112655547557E+00
 0.83617859907971E+00
 0.85042698780928E+00
 0.86387765942246E+00
 0.87654430108499E+00
 0.88844774335059E+00
 0.89961404604626E+00
 0.91007336026087E+00
 0.91985815827318E+00
 0.92900265171771E+00
 0.93754073888856E+00
 0.94550910482973E+00
 0.95294120376737E+00
 0.95987041802413E+00
 0.96632899850374E+00
 0.97234772453221E+00
 0.97795577936322E+00
 0.98318113999367E+00
 0.98804975167586E+00
 0.99258608495374E+00
 0.99681307754280E+00
 0.10007521058377E+01
 0.10044230083410E+01
 0.10078446184356E+01
 0.10110340762539E+01
 0.10140074186398E+01
 0.10167795487299E+01
 0.10193641607092E+01
 0.10217743335055E+01
 0.10240218320745E+01
 0.10261176835957E+01
 0.10280721267718E+01
 0.10298945240966E+01
 0.10315939307197E+01
 0.10331783921324E+01
 0.10346554826737E+01
 0.10360321476974E+01
 0.10373151427559E+01
 0.10385104307445E+01
 0.10396235584742E+01
 0.10406599879472E+01
 0.10416244987667E+01
 0.10425216426038E+01
 0.10433555640048E+01
 0.10441304026572E+01
 0.10448497249200E+01
 0.10455169768675E+01
 0.10461352678544E+01
 0.10467077573260E+01
 0.10472382657645E+01
 0.10477271069577E+01
 0.10481779082931E+01
 0.10485929287091E+01
 0.10489743138208E+01
 0.10493240559940E+01
 0.10496440212984E+01
 0.10499359685273E+01
 0.10502015376632E+01
 0.10504422637449E+01
 0.10506595983677E+01
 0.10508548962591E+01
 0.10510294324014E+01
 0.10511843976630E+01
 0.10513209223267E+01
 0.10514400637824E+01
 0.10515428161421E+01
 0.10516301125060E+01
 0.10517028369462E+01
 0.10517618180179E+01
 0.10518078385164E+01
 0.10518416332214E+01
 0.10518638978558E+01
 0.10518752866979E+01
 0.10518764174963E+01
 0.10518678730469E+01
 0.10518502032284E+01
 0.10518239282012E+01
 0.10517895380188E+01
 0.10517474964751E+01
 0.10516982419716E+01
 0.10516421893307E+01
 0.10515797293374E+01
 0.10515112338917E+01
 0.10514370520794E+01
 0.10513575158752E+01
 0.10512729408620E+01
 0.10511836220777E+01
 0.10510898425737E+01
 0.10509918686970E+01
 0.10508899535503E+01
 0.10507843361835E+01
 0.10506752435696E+01
 0.10505628910078E+01
 0.10504474823605E+01
 0.10503292116989E+01
 0.10502082610855E+01
 0.10500848064121E+01
 0.10499590117166E+01
 0.10498310337126E+01
 0.10497010215865E+01
 0.10495691161178E+01
 0.10494354507438E+01
 0.10493001537664E+01
 0.10491633458805E+01
 0.10490251411205E+01
 0.10488856478107E+01
 0.10487449704021E+01
 0.10486032069560E+01
 0.10484604498246E+01
 0.10483167888790E+01
 0.10481723070906E+01
 0.10480270852244E+01
 0.10478811982173E+01
 0.10477347185146E+01
 0.10475877145677E+01
 0.10474402513704E+01
 0.10472923906312E+01
 0.10471441907602E+01
 0.10469957077307E+01
 0.10468469940595E+01
 0.10466981001013E+01
 0.10465490735078E+01
 0.10463999593951E+01
 0.10462508005520E+01
 0.10461016378113E+01
 0.10459525097463E+01
 0.10458034530028E+01
 0.10456545022641E+01
 0.10455056904643E+01
 0.10453570488245E+01
 0.10452086069044E+01
 0.10450603926513E+01
 0.10449124325847E+01
 0.10447647518201E+01
 0.10446173741334E+01
 0.10444703219782E+01
 0.10443236166189E+01
 0.10441772781328E+01
 0.10440313254696E+01
 0.10438857765221E+01
 0.10437406481606E+01
 0.10435959562904E+01
 0.10434517158979E+01
 0.10433079410779E+01
 0.10431646451108E+01
 0.10430218404723E+01
 0.10428795388508E+01
 0.10427377512254E+01
 0.10425964878669E+01
 0.10424557584116E+01
