                  NaN
                  NaN
                  NaN
                  NaN
 0.84939359806072E+42
 0.18804262420073E+34
 0.12365675806029E+28
 0.28555382355644E+23
 0.70712583694739E+19
 0.92159845381917E+16
 0.40190283732962E+14
 0.43360997600332E+12
 0.93905120488287E+10
 0.35159035635868E+09
 0.20398169433135E+08
 0.16892052483685E+07
 0.25469197235464E+09
 0.36110794112138E+08
 0.30587210707303E+08
 0.12225494677124E+08
 0.52555818261398E+07
 0.24371747580879E+07
 0.12074372147487E+07
 0.63396467653082E+06
 0.35038151038963E+06
 0.20267833112256E+06
 0.12210620440697E+06
 0.76298271940649E+05
 0.49267684376393E+05
 0.32772536503098E+05
 0.22396208399934E+05
 0.15685670525309E+05
 0.11234989888861E+05
 0.82143599710812E+04
 0.61203771245519E+04
 0.46402102285224E+04
 0.35749435986252E+04
 0.27954835018897E+04
 0.22162896072757E+04
 0.17797193200331E+04
 0.14462569062970E+04
 0.11883744134042E+04
 0.98663847024529E+03
 0.82710967979964E+03
 0.69967807273769E+03
 0.59691905297109E+03
 0.51331786244921E+03
 0.44473200825108E+03
 0.38802447653886E+03
 0.34079073481319E+03
 0.30117332051908E+03
 0.26772576366913E+03
 0.23931177381096E+03
 0.21503216848648E+03
 0.19417027711551E+03
 0.17615091518344E+03
 0.16050898964490E+03
 0.14686758936581E+03
 0.13491737830944E+03
 0.12440410906700E+03
 0.11514435278890E+03
 0.10690928163614E+03
 0.99580692838696E+02
 0.93036084016267E+02
 0.87172195887577E+02
 0.81901280165487E+02
 0.77149577016148E+02
 0.72853310151993E+02
 0.68958088271666E+02
 0.65417134263138E+02
 0.62190038924333E+02
 0.59241795473515E+02
 0.56541984680031E+02
 0.54064077733270E+02
 0.51784723207820E+02
 0.49683910565345E+02
 0.47743551780640E+02
 0.45947829083039E+02
 0.44282775836956E+02
 0.42735991204939E+02
 0.41296438991977E+02
 0.39954166357870E+02
 0.38700553740082E+02
 0.37527644810563E+02
 0.36428338118102E+02
 0.35396221947660E+02
 0.34425527423452E+02
 0.33511041973755E+02
 0.32648582519318E+02
 0.31832726340987E+02
 0.31060066070240E+02
 0.30326992428269E+02
 0.29630199311440E+02
 0.28966579426167E+02
 0.28333443430580E+02
 0.27728137588903E+02
 0.27148251177465E+02
 0.26591549825653E+02
 0.26055889368074E+02
 0.25539413149049E+02
 0.25040256764195E+02
 0.24556658865196E+02
 0.24086967619003E+02
 0.23629711636892E+02
 0.23183389051975E+02
 0.22746619454277E+02
 0.22318047395427E+02
 0.21896473868616E+02
 0.21480800393091E+02
 0.21069634013495E+02
 0.20661970720626E+02
 0.20256831152641E+02
 0.19853193039221E+02
 0.19450102268654E+02
 0.19046729148133E+02
 0.18642202038059E+02
 0.18235800529676E+02
 0.17826808884914E+02
 0.17414575140543E+02
 0.16998585279546E+02
 0.16578330206281E+02
 0.16153470843076E+02
 0.15723692336425E+02
 0.15288838350377E+02
 0.14848834971715E+02
 0.14403749928586E+02
 0.13953803610365E+02
 0.13499335656169E+02
 0.13040838065577E+02
 0.12579000345883E+02
 0.12114660181924E+02
 0.11648852699623E+02
 0.11182781912028E+02
 0.10717831805849E+02
 0.10255521526094E+02
 0.97975346663445E+01
 0.93456492878957E+01
 0.89017111953955E+01
 0.84675805270997E+01
 0.80450843211768E+01
 0.76359441870395E+01
 0.72417306310722E+01
 0.68638078320160E+01
 0.65032916911755E+01
 0.61610169506114E+01
 0.58375230306463E+01
 0.55330521818893E+01
 0.52475636721485E+01
 0.49807700105346E+01
 0.47321654622172E+01
 0.45010713030615E+01
 0.42866746170451E+01
 0.40880755251846E+01
 0.39043142523398E+01
 0.37344132793675E+01
 0.35773940534442E+01
 0.34323006363489E+01
 0.32982102021013E+01
 0.31742480267886E+01
 0.30595894361375E+01
 0.29534807348877E+01
 0.28551778935045E+01
 0.27640385036846E+01
 0.26794583865515E+01
 0.26008840092590E+01
 0.25278103766055E+01
 0.24597778489218E+01
 0.23963624612096E+01
 0.23371847274516E+01
 0.22818974786959E+01
 0.22301848578952E+01
 0.21817599180451E+01
 0.21363637575142E+01
 0.20937543781430E+01
 0.20537179270995E+01
 0.20160575824947E+01
 0.19805938226676E+01
 0.19471651290431E+01
 0.19156177304441E+01
 0.18858173182230E+01
 0.18576388276054E+01
 0.18309680321952E+01
 0.18057020035176E+01
 0.17817405166697E+01
 0.17589973435072E+01
 0.17373912548173E+01
 0.17168495019721E+01
 0.16972992807579E+01
 0.16786791264390E+01
 0.16609324044435E+01
 0.16440009771969E+01
 0.16278368094233E+01
 0.16123935257760E+01
 0.15976300412965E+01
 0.15835026648339E+01
 0.15699763376637E+01
 0.15570166712161E+01
 0.15445935149722E+01
 0.15326733479701E+01
 0.15212057219714E+01
 0.15102147734437E+01
 0.14996508601019E+01
 0.14894914127548E+01
 0.14797153284865E+01
 0.14703028682877E+01
 0.14612354987851E+01
 0.14524959028097E+01
 0.14440678277004E+01
 0.14359359812819E+01
 0.14280860357131E+01
 0.14205045220898E+01
 0.14131787500247E+01
 0.14060967717939E+01
 0.13992473521343E+01
 0.13926199049620E+01
 0.13862044120715E+01
 0.13799914371998E+01
 0.13739720743364E+01
 0.13681378926731E+01
 0.13624809316750E+01
 0.13569936490489E+01
 0.13516689108459E+01
 0.13464999525854E+01
 0.13414803674218E+01
 0.13366040772435E+01
 0.13318653169972E+01
 0.13272586065280E+01
 0.13227787451495E+01
 0.13184207908113E+01
 0.13141800391484E+01
 0.13100520199241E+01
 0.13060324740299E+01
 0.13021173498296E+01
 0.12983027789555E+01
 0.12945850804288E+01
 0.12909607442189E+01
 0.12874264154409E+01
 0.12839788983970E+01
 0.12806151368493E+01
 0.12773322126611E+01
 0.12741273376515E+01
 0.12709978425009E+01
 0.12679411768573E+01
 0.12649548994092E+01
 0.12620366722333E+01
 0.12591842544516E+01
 0.12563955075059E+01
 0.12536683680957E+01
 0.12510008710384E+01
 0.12483911221516E+01
 0.12458373067939E+01
 0.12433376847741E+01
 0.12408905865120E+01
 0.12384944025934E+01
 0.12361475918740E+01
 0.12338486665670E+01
 0.12315962056305E+01
 0.12293888368980E+01
 0.12272252363288E+01
 0.12251041382714E+01
 0.12230243173921E+01
 0.12209845976210E+01
 0.12189838417363E+01
 0.12170209566912E+01
 0.12150948911821E+01
 0.12132046279272E+01
 0.12113491869685E+01
 0.12095276227467E+01
 0.12077390219026E+01
 0.12059825063761E+01
 0.12042572247460E+01
 0.12025623559090E+01
 0.12008971065406E+01
 0.11992607084389E+01
 0.11976524241154E+01
 0.11960715357192E+01
 0.11945173506742E+01
 0.11929891990210E+01
 0.11914864326211E+01
 0.11900084222542E+01
 0.11885545644873E+01
 0.11871242697729E+01
 0.11857169687716E+01
 0.11843321101836E+01
 0.11829691598314E+01
 0.11816275981941E+01
 0.11803069271968E+01
 0.11790066585866E+01
 0.11777263206277E+01
 0.11764654557975E+01
 0.11752236202745E+01
 0.11740003834046E+01
 0.11727953253451E+01
 0.11716080442950E+01
 0.11704381445647E+01
 0.11692852435117E+01
 0.11681489696296E+01
 0.11670289619932E+01
 0.11659248697637E+01
 0.11648363504771E+01
