 0.13343248026524E+01
 0.13343248026502E+01
 0.13343248025986E+01
 0.13343248022521E+01
 0.13343248010190E+01
 0.13343247979566E+01
 0.13343247919184E+01
 0.13343247820978E+01
 0.13343247698027E+01
 0.13343247625145E+01
 0.13343247805812E+01
 0.13343248656868E+01
 0.13343250894295E+01
 0.13343273821409E+01
 0.13343300734799E+01
 0.13343337036096E+01
 0.13343409567700E+01
 0.13343520325544E+01
 0.13343658194917E+01
 0.13343859382268E+01
 0.13344125708344E+01
 0.13344450358055E+01
 0.13344871678906E+01
 0.13345373405760E+01
 0.13345993534689E+01
 0.13346712775834E+01
 0.13347568501124E+01
 0.13348539860501E+01
 0.13349646232566E+01
 0.13350911854165E+01
 0.13352309398701E+01
 0.13353856328341E+01
 0.13355572622676E+01
 0.13357427395066E+01
 0.13359434587375E+01
 0.13361592933049E+01
 0.13363916336767E+01
 0.13366368032666E+01
 0.13368957113008E+01
 0.13371676754974E+01
 0.13374518462714E+01
 0.13377489264619E+01
 0.13380545761086E+01
 0.13383690898734E+01
 0.13386911446906E+01
 0.13390192756479E+01
 0.13393519058016E+01
 0.13396889752000E+01
 0.13400255428749E+01
 0.13403612324241E+01
 0.13406940807534E+01
 0.13410220151589E+01
 0.13413428764191E+01
 0.13416544226459E+01
 0.13419543328731E+01
 0.13422402108162E+01
 0.13425112470751E+01
 0.13427616627147E+01
 0.13429904257166E+01
 0.13431948874111E+01
 0.13433719578026E+01
 0.13435195139048E+01
 0.13436344130571E+01
 0.13437137652764E+01
 0.13437546279345E+01
 0.13437556259596E+01
 0.13437105506203E+01
 0.13436178562671E+01
 0.13434744157574E+01
 0.13432770443350E+01
 0.13430225118567E+01
 0.13427075416379E+01
 0.13423288088858E+01
 0.13418829414855E+01
 0.13413680807548E+01
 0.13407776844717E+01
 0.13401097284141E+01
 0.13393606427818E+01
 0.13385267910297E+01
 0.13376044781010E+01
 0.13365899555852E+01
 0.13354808270390E+01
 0.13342704262663E+01
 0.13329561531779E+01
 0.13315339884675E+01
 0.13299998429362E+01
 0.13283495391067E+01
 0.13265788071378E+01
 0.13246840923592E+01
 0.13226593464371E+01
 0.13205008498730E+01
 0.13182039855859E+01
 0.13157640483461E+01
 0.13131773380524E+01
 0.13104367155462E+01
 0.13075382364737E+01
 0.13044767821155E+01
 0.13012471336200E+01
 0.12978449494058E+01
 0.12942628403343E+01
 0.12904961772319E+01
 0.12865394764391E+01
 0.12823877678955E+01
 0.12780337051141E+01
 0.12734722720470E+01
 0.12686975666378E+01
 0.12637043544028E+01
 0.12584853640441E+01
 0.12530347327859E+01
 0.12473477075776E+01
 0.12414185274994E+01
 0.12352403109481E+01
 0.12288080946779E+01
 0.12221169022901E+01
 0.12151606747728E+01
 0.12079353506970E+01
 0.12004356926986E+01
 0.11926579782796E+01
 0.11845988312684E+01
 0.11762546981699E+01
 0.11676237490811E+01
 0.11587039858519E+01
 0.11494950406480E+01
 0.11399972131317E+01
 0.11302121455764E+01
 0.11201429203357E+01
 0.11097940726009E+01
 0.10991715400976E+01
 0.10882846256027E+01
 0.10771437173069E+01
 0.10657622253156E+01
 0.10541571804756E+01
 0.10423481189701E+01
 0.10303583611703E+01
 0.10182147461935E+01
 0.10059483947788E+01
 0.99359341998571E+00
 0.98118774093756E+00
 0.96877201218582E+00
 0.95638947867289E+00
 0.94408376096293E+00
 0.93189942316793E+00
 0.91987928119914E+00
 0.90806451671278E+00
 0.89649297491120E+00
 0.88519802672537E+00
 0.87420830254705E+00
 0.86354625844252E+00
 0.85322992920661E+00
 0.84327164315166E+00
 0.83367892359253E+00
 0.82445460137415E+00
 0.81559793695689E+00
 0.80710526390181E+00
 0.79897038893240E+00
 0.79118500473216E+00
 0.78373969128610E+00
 0.77662364846592E+00
 0.76982593953849E+00
 0.76333501566087E+00
 0.75713920409059E+00
 0.75122735091273E+00
 0.74558809722686E+00
 0.74021058674489E+00
 0.73508428078437E+00
 0.73019896091883E+00
 0.72554537326910E+00
 0.72111402664612E+00
 0.71689617286675E+00
 0.71288351166671E+00
 0.70906812936395E+00
 0.70544254070447E+00
 0.70199965981257E+00
 0.69873262366632E+00
 0.69563505954229E+00
 0.69270088890975E+00
 0.68992427315866E+00
 0.68729973019678E+00
 0.68482189751088E+00
 0.68248583301479E+00
 0.68028665341153E+00
 0.67821985391137E+00
 0.67628103099622E+00
 0.67446586022662E+00
 0.67277035270376E+00
 0.67119064044244E+00
 0.66972307065175E+00
 0.66836391747015E+00
 0.66710976958824E+00
 0.66595734158541E+00
 0.66490332932618E+00
 0.66394465976286E+00
 0.66307832660479E+00
 0.66230145546219E+00
 0.66161113520958E+00
 0.66100470393628E+00
 0.66047949539688E+00
 0.66003299630909E+00
 0.65966265141134E+00
 0.65936619340095E+00
 0.65914103763065E+00
 0.65898498305663E+00
 0.65889584472276E+00
 0.65887146138949E+00
 0.65890981399694E+00
 0.65900871641856E+00
 0.65916627535978E+00
 0.65938062636203E+00
 0.65964972596356E+00
 0.65997183272021E+00
 0.66034522121540E+00
 0.66076808217954E+00
 0.66123870660049E+00
 0.66175548360933E+00
 0.66231687561306E+00
 0.66292122098035E+00
 0.66356702032592E+00
 0.66425283870411E+00
 0.66497716568394E+00
 0.66573864883737E+00
 0.66653591291016E+00
 0.66736762657000E+00
 0.66823245381653E+00
 0.66912915310306E+00
 0.67005649595066E+00
 0.67101331219394E+00
 0.67199836737903E+00
 0.67301056328690E+00
 0.67404880902730E+00
 0.67511197771472E+00
 0.67619904882626E+00
 0.67730900350809E+00
 0.67844087265288E+00
 0.67959363354242E+00
 0.68076637637157E+00
 0.68195818465695E+00
 0.68316818332919E+00
 0.68439547130705E+00
 0.68563923838111E+00
 0.68689864202692E+00
 0.68817291957309E+00
 0.68946128203772E+00
 0.69076296051317E+00
 0.69207723980838E+00
 0.69340343545735E+00
 0.69474083302251E+00
 0.69608874250710E+00
 0.69744655869997E+00
 0.69881361379202E+00
 0.70018935468961E+00
 0.70157312163987E+00
 0.70296439404594E+00
 0.70436255866013E+00
 0.70576714041041E+00
 0.70717754363778E+00
 0.70859329984913E+00
 0.71001393343574E+00
 0.71143892729569E+00
 0.71286786341009E+00
 0.71430024731805E+00
 0.71573566552807E+00
 0.71717369722283E+00
 0.71861393936546E+00
 0.72005601799622E+00
 0.72149951791403E+00
 0.72294408870705E+00
 0.72438937556737E+00
 0.72583503438400E+00
 0.72728075588810E+00
 0.72872618426112E+00
 0.73017102564880E+00
 0.73161498210712E+00
 0.73305776621248E+00
 0.73449911499220E+00
 0.73593873272754E+00
 0.73737637747491E+00
 0.73881179896433E+00
 0.74024475807122E+00
 0.74167502450215E+00
 0.74310238674034E+00
 0.74452660839351E+00
 0.74594749797100E+00
 0.74736485922828E+00
 0.74877850255221E+00
 0.75018824633073E+00
 0.75159392808858E+00
 0.75299535693003E+00
 0.75439238456907E+00
 0.75578485779062E+00
 0.75717262976113E+00
 0.75855556000223E+00
 0.75993351422825E+00
 0.76130637452566E+00
 0.76267399857452E+00
 0.76403628042746E+00
 0.76539310715104E+00
 0.76674437282316E+00
 0.76809000667562E+00
 0.76942985313594E+00
 0.77076386079300E+00
