 0.00000000000000E+00
 0.35966530070308E-24
 0.27986264082059E-22
 0.18946061378575E-21
 0.94435196902553E-21
 0.46588030471927E-21
 0.77490824429752E-20
 0.14958535189364E-19
 0.48350820814107E-20
 0.22483131678560E-19
 0.69449360805718E-19
 0.83002242397551E-19
-0.18958624124549E-11
 0.20544183245983E-11
-0.51505481864150E-11
 0.89013065747768E-13
-0.11402981243386E-11
 0.16415244713255E-10
-0.42036418211996E-11
 0.90241584619354E-11
-0.12309697667717E-10
-0.96225083507714E-11
 0.26411043426678E-10
 0.10016445430848E-09
 0.14939815651861E-07
-0.12670834338546E-07
 0.24135733706829E-07
-0.10392353449573E-06
 0.19028747630580E-06
-0.28987959586589E-06
 0.46787250255847E-06
-0.19339616608531E-06
-0.27117554463407E-06
 0.76949822853672E-06
-0.46776082558925E-06
 0.11834292549846E-07
 0.16949373098370E-07
 0.26066484571787E-07
 0.38860501178496E-07
 0.62789124042858E-07
 0.12421050858613E-06
 0.17893743442940E-06
 0.26071975848086E-06
 0.38119619543205E-06
 0.55847764040850E-06
 0.79364589149142E-06
 0.11108834169929E-05
 0.15523756341149E-05
 0.21184616967695E-05
 0.28577390724665E-05
 0.38132174742334E-05
 0.50273661454653E-05
 0.65589165463711E-05
 0.84722474212529E-05
 0.10831449946222E-04
 0.13736770109295E-04
 0.17264781168565E-04
 0.21527602343708E-04
 0.26620422153171E-04
 0.32681110562257E-04
 0.39859222585584E-04
 0.48279306092550E-04
 0.58119051462668E-04
 0.69553031440281E-04
 0.82756064665237E-04
 0.97942189140413E-04
 0.11531306284366E-03
 0.13509679974397E-03
 0.15752896747141E-03
 0.18286517219104E-03
 0.21135970876428E-03
 0.24328682846835E-03
 0.27893755433462E-03
 0.31860206130366E-03
 0.36259124869431E-03
 0.41122084836210E-03
 0.46481439260330E-03
 0.52371650146239E-03
 0.59996433890932E-03
 0.64029230635907E-03
 0.77306595809148E-03
 0.80107859485761E-03
 0.86505062887990E-03
 0.10607845138522E-02
 0.10677174586200E-02
 0.12295365178730E-02
 0.13527795217863E-02
 0.14851362637932E-02
 0.16270310471754E-02
 0.17791601163271E-02
 0.19411622269870E-02
 0.21142476053546E-02
 0.22986076464236E-02
 0.24946884702403E-02
 0.27029257199296E-02
 0.29238057725719E-02
 0.31577864614296E-02
 0.34052628728420E-02
 0.36667583672332E-02
 0.39444049071077E-02
 0.42341930742013E-02
 0.45405039899151E-02
 0.48629517305580E-02
 0.52020979852708E-02
 0.55579456745724E-02
 0.59315008169646E-02
 0.63230030717756E-02
 0.67328721697802E-02
 0.71617826360100E-02
 0.76104288585609E-02
 0.80784682158635E-02
 0.85680068489563E-02
 0.90570973085119E-02
 0.96297908987136E-02
 0.10130308586477E-01
 0.10740003283215E-01
 0.11395914285724E-01
 0.11967155094441E-01
 0.12525000049065E-01
 0.13305137823478E-01
 0.13969367649611E-01
 0.14677371770389E-01
 0.15418485604347E-01
 0.16182593383858E-01
 0.16968851481561E-01
 0.17786682685239E-01
 0.18610884417671E-01
 0.19472732282785E-01
 0.20352695872665E-01
 0.21253396439906E-01
 0.22174510736672E-01
 0.23112929581486E-01
 0.24070468301310E-01
 0.25047224522144E-01
 0.26035533956829E-01
 0.27034982148348E-01
 0.28045888510816E-01
 0.29066872917466E-01
 0.30092413115055E-01
 0.31122639121430E-01
 0.32133716323976E-01
 0.33204434547989E-01
 0.34209607533955E-01
 0.35181877606431E-01
 0.36198619007984E-01
 0.37224166761942E-01
 0.38227344208742E-01
 0.39150877043073E-01
 0.40026324107006E-01
 0.40880484042441E-01
 0.41755176934640E-01
 0.42663903975461E-01
 0.43433898711156E-01
 0.44181179099832E-01
 0.44869715395549E-01
 0.45531685192046E-01
 0.46155271177290E-01
 0.46694428745244E-01
 0.47202344264852E-01
 0.47623642782159E-01
 0.47981522579513E-01
 0.48295331450746E-01
 0.48529979826376E-01
 0.48687484152412E-01
 0.48784646868222E-01
 0.48782803976176E-01
 0.48705631380642E-01
 0.48553178034020E-01
 0.48349912821266E-01
 0.48052293904695E-01
 0.47674411860442E-01
 0.47199082630563E-01
 0.46665604618037E-01
 0.46064022344166E-01
 0.45417722107321E-01
 0.44715053189839E-01
 0.43961777237895E-01
 0.43175961331699E-01
 0.42348124562175E-01
 0.41514615356321E-01
 0.40621341650804E-01
 0.39734007772201E-01
 0.38879364968369E-01
 0.38044239596209E-01
 0.37173752611544E-01
 0.36318848614415E-01
 0.35506877493571E-01
 0.34723825331455E-01
 0.33934579171655E-01
 0.33184803236648E-01
 0.32465370147748E-01
 0.31758577563643E-01
 0.31094738570631E-01
 0.30453790419147E-01
 0.29823400944400E-01
 0.29222771601259E-01
 0.28647320501629E-01
 0.28102816046299E-01
 0.27565443187898E-01
 0.27042330690865E-01
 0.26530821680354E-01
 0.26046474965562E-01
 0.25602749027865E-01
 0.25149703537268E-01
 0.24691370062672E-01
 0.24254895883286E-01
 0.23855330330270E-01
 0.23457981194950E-01
 0.23077761435880E-01
 0.22692251134592E-01
 0.22307840964532E-01
 0.21964746498053E-01
 0.21638720675969E-01
 0.21281117779291E-01
 0.20929959452216E-01
 0.20628636122800E-01
 0.20319547736145E-01
 0.20011666757876E-01
 0.19717826110308E-01
 0.19426855674904E-01
 0.19144922827159E-01
 0.18854320896167E-01
 0.18596208663019E-01
 0.18345787599463E-01
 0.18077688672786E-01
 0.17827854168346E-01
 0.17586199284438E-01
 0.17339791811606E-01
 0.17119816146357E-01
 0.16893198626183E-01
 0.16672810911736E-01
 0.16454760905977E-01
 0.16238877926691E-01
 0.16033528982926E-01
 0.15833475259276E-01
 0.15640897669851E-01
 0.15448538539893E-01
 0.15253882893386E-01
 0.15068901564090E-01
 0.14902247606439E-01
 0.14725689726817E-01
 0.14552650294090E-01
 0.14380243327270E-01
 0.14232543841293E-01
 0.14070430356734E-01
 0.13907265918637E-01
 0.13756445847352E-01
 0.13613256179204E-01
 0.13469733294947E-01
 0.13326893750901E-01
 0.13194917919665E-01
 0.13058878286822E-01
 0.12922616470647E-01
 0.12791296169017E-01
 0.12671495164202E-01
 0.12560492532024E-01
 0.12441159117404E-01
 0.12327931882195E-01
 0.12195375774634E-01
 0.12084539315583E-01
 0.11989641223156E-01
 0.11890549094585E-01
 0.11784255324527E-01
 0.11684006428743E-01
 0.11592730406480E-01
 0.11499479937276E-01
 0.11403965158652E-01
 0.11305430192376E-01
 0.11223077387927E-01
 0.11137345968418E-01
 0.11048834033231E-01
 0.10965288613818E-01
 0.10890446380997E-01
 0.10811985369139E-01
 0.10739489949554E-01
 0.10659501212332E-01
 0.10584686631009E-01
 0.10517446140772E-01
 0.10450805744723E-01
 0.10384525365624E-01
 0.10319325320932E-01
 0.10256642848215E-01
 0.10193146914193E-01
 0.10132460523747E-01
 0.10075686482276E-01
 0.10015161668530E-01
 0.99537568214898E-02
 0.99020696345898E-02
 0.98542319600385E-02
 0.97905517004381E-02
 0.97395678454069E-02
 0.96972266852678E-02
 0.96504484018986E-02
 0.95933860393758E-02
 0.95409737242598E-02
 0.95000820103123E-02
 0.94610006050591E-02
 0.94226000947271E-02
 0.93762403039969E-02
 0.93210240084059E-02
