 0.30369300714823E+03
 0.30369298121885E+03
 0.30369273905959E+03
 0.30369184695522E+03
 0.30368968678491E+03
 0.30368550640340E+03
 0.30367845360428E+03
 0.30366774884860E+03
 0.30365332607726E+03
 0.30363720883366E+03
 0.30362540639970E+03
 0.30362963637045E+03
 0.30366814626054E+03
 0.30376529572671E+03
 0.30395001829292E+03
 0.30425357889490E+03
 0.30470711586682E+03
 0.30533937176446E+03
 0.30617486759055E+03
 0.30723265100413E+03
 0.30852559610039E+03
 0.31006020528811E+03
 0.31183681082906E+03
 0.31385007048098E+03
 0.31608962008057E+03
 0.31854085045435E+03
 0.32118577152248E+03
 0.32400379230490E+03
 0.32697243856249E+03
 0.33006804597500E+03
 0.33326638881959E+03
 0.33654316962780E+03
 0.33987447233145E+03
 0.34323709835967E+03
 0.34660884736830E+03
 0.34996874447170E+03
 0.35329717837006E+03
 0.35657600760493E+03
 0.35978864608157E+03
 0.36292002114318E+03
 0.36595661353680E+03
 0.36888643569634E+03
 0.37169896070011E+03
 0.37438507908796E+03
 0.37693701036612E+03
 0.37934822521385E+03
 0.38161336111417E+03
 0.38372810970191E+03
 0.38568923841705E+03
 0.38749433603409E+03
 0.38914184622880E+03
 0.39063095748185E+03
 0.39196152843295E+03
 0.39313401601119E+03
 0.39414940827857E+03
 0.39500916626556E+03
 0.39571517403931E+03
 0.39626965778717E+03
 0.39667516917483E+03
 0.39693453251056E+03
 0.39705075252998E+03
 0.39702715792152E+03
 0.39686716115753E+03
 0.39657434304566E+03
 0.39615238892390E+03
 0.39560508130598E+03
 0.39493629277223E+03
 0.39414994600572E+03
 0.39324999421006E+03
 0.39224043471761E+03
 0.39112528482601E+03
 0.38990857127209E+03
 0.38859434930621E+03
 0.38718658002746E+03
 0.38568930265329E+03
 0.38410650088438E+03
 0.38244213245222E+03
 0.38070013523996E+03
 0.37888438712374E+03
 0.37699873393635E+03
 0.37504689540535E+03
 0.37303275161920E+03
 0.37096018895109E+03
 0.36883243856356E+03
 0.36665326300299E+03
 0.36442618048838E+03
 0.36215464958497E+03
 0.35984205638420E+03
 0.35749171882256E+03
 0.35510688087149E+03
 0.35269065771985E+03
 0.35024628069293E+03
 0.34777670783080E+03
 0.34528488778388E+03
 0.34277367335746E+03
 0.34024583414053E+03
 0.33770407826048E+03
 0.33515096505811E+03
 0.33258917009864E+03
 0.33002107771068E+03
 0.32744892913141E+03
 0.32487507324167E+03
 0.32230169986197E+03
 0.31973087875079E+03
 0.31716460559685E+03
 0.31460475416733E+03
 0.31205308579651E+03
 0.30951132802496E+03
 0.30698107135041E+03
 0.30446380321847E+03
 0.30196090971897E+03
 0.29947366778062E+03
 0.29700323685609E+03
 0.29455066211642E+03
 0.29211688252124E+03
 0.28970267702144E+03
 0.28730872150413E+03
 0.28493552481929E+03
 0.28258370721282E+03
 0.28025309168663E+03
 0.27794390064716E+03
 0.27565601687314E+03
 0.27338921722571E+03
 0.27114299679739E+03
 0.26891662282469E+03
 0.26670921809744E+03
 0.26451955705988E+03
 0.26234618125235E+03
 0.26018750842195E+03
 0.25804150142883E+03
 0.25590586004310E+03
 0.25377793756465E+03
 0.25165473976448E+03
 0.24953288944316E+03
 0.24740864402306E+03
 0.24527770382715E+03
 0.24313541403757E+03
 0.24097665366351E+03
 0.23879577428634E+03
 0.23658660035510E+03
 0.23434241497033E+03
 0.23205595255061E+03
 0.22971937030213E+03
 0.22732420269728E+03
 0.22486145032792E+03
 0.22232147576760E+03
 0.21969407949538E+03
 0.21696849564324E+03
 0.21413338015687E+03
 0.21117689807904E+03
 0.20808688472515E+03
 0.20485056913756E+03
 0.20145502635696E+03
 0.19788716175870E+03
 0.19413394752004E+03
 0.19018211690363E+03
 0.18601928072502E+03
 0.18163304253144E+03
 0.17701228831294E+03
 0.17214677464272E+03
 0.16702769358417E+03
 0.16164813337426E+03
 0.15600323168185E+03
 0.15009059652324E+03
 0.14391076637936E+03
 0.13746706357931E+03
 0.13076637051879E+03
 0.12381904699086E+03
 0.11663889254695E+03
 0.10924331838367E+03
 0.10165295335930E+03
 0.93891572595927E+02
 0.85985820717348E+02
 0.77964759954443E+02
 0.69859558949962E+02
 0.61703339217289E+02
 0.53530888407534E+02
 0.45378971394756E+02
 0.37285903257849E+02
 0.29292237167766E+02
 0.21441026670959E+02
 0.13777883626187E+02
 0.63513367025256E+01
-0.78709063329553E+00
-0.75831817053925E+01
-0.13980331823852E+02
-0.19920379316931E+02
-0.25344102332030E+02
-0.30192641106730E+02
-0.34408414028084E+02
-0.37935963089015E+02
-0.40723341297826E+02
-0.42722647763111E+02
-0.43890993687229E+02
-0.44190841237615E+02
-0.43590467054523E+02
-0.42064078300349E+02
-0.39591812160243E+02
-0.36159646959556E+02
-0.31759010453168E+02
-0.26386738790121E+02
-0.20044408304030E+02
-0.12738127708950E+02
-0.44780382514028E+01
 0.47221837307532E+01
 0.14845578765404E+02
 0.25872167495420E+02
 0.37779598721297E+02
 0.50543494987922E+02
 0.64137348950366E+02
 0.78533402872573E+02
 0.93702537527262E+02
 0.10961411411993E+03
 0.12623672175558E+03
 0.14353844280096E+03
 0.16148658464024E+03
 0.18004767612023E+03
 0.19918853733165E+03
 0.21887485387186E+03
 0.23907350986596E+03
 0.25974945613367E+03
 0.28086983190345E+03
 0.30239944492259E+03
 0.32430503599197E+03
 0.34655354269297E+03
 0.36911124868960E+03
 0.39194392369219E+03
 0.41502044053434E+03
 0.43830805406648E+03
 0.46177486077047E+03
 0.48538915912329E+03
 0.50912043320020E+03
 0.53293799681503E+03
 0.55681308877631E+03
 0.58071489496247E+03
 0.60461553698375E+03
 0.62848789055448E+03
 0.65230483631974E+03
 0.67603965487655E+03
 0.69966673738535E+03
 0.72316140616498E+03
 0.74649952940648E+03
 0.76965819943844E+03
 0.79261449620096E+03
 0.81534724258253E+03
 0.83783584375512E+03
 0.86006044161001E+03
 0.88200216784390E+03
 0.90364277221806E+03
 0.92496555158868E+03
 0.94595457459208E+03
 0.96659431054065E+03
 0.98686951901105E+03
 0.10067679412252E+04
 0.10262757586001E+04
 0.10453818046143E+04
 0.10640751765725E+04
 0.10823463845616E+04
 0.11001852503013E+04
 0.11175857222162E+04
 0.11345380713603E+04
 0.11510361099232E+04
 0.11670742213574E+04
 0.11826475975702E+04
 0.11977518029241E+04
 0.12123832798551E+04
 0.12265391502613E+04
 0.12402178175607E+04
 0.12534171663128E+04
 0.12661368059711E+04
 0.12783759316378E+04
 0.12901355692146E+04
 0.13014172216156E+04
 0.13122217186976E+04
 0.13225515406720E+04
 0.13324091156742E+04
 0.13417977085951E+04
 0.13507208353384E+04
 0.13591825160197E+04
 0.13671872306193E+04
 0.13747399048424E+04
 0.13818456019677E+04
 0.13885096384935E+04
 0.13947382046456E+04
 0.14005369155997E+04
 0.14059124780439E+04
 0.14108717771719E+04
 0.14154210257940E+04
 0.14195674322359E+04
 0.14233191195853E+04
 0.14266822915384E+04
 0.14296647287252E+04
 0.14322745406507E+04
 0.14345202469381E+04
 0.14364087069709E+04
 0.14379467224033E+04
 0.14391440517992E+04
 0.14400088380415E+04
 0.14405487832734E+04
 0.14407725294080E+04
