 0.10909164672639E+00
 0.10909164672628E+00
 0.10909164672512E+00
 0.10909164672767E+00
 0.10909164677424E+00
 0.10909164698344E+00
 0.10909164758244E+00
 0.10909164890567E+00
 0.10909165133494E+00
 0.10909165505523E+00
 0.10909165953019E+00
 0.10909166256428E+00
 0.10909165902893E+00
 0.10909163933323E+00
 0.10909158789929E+00
 0.10909148183290E+00
 0.10909128992664E+00
 0.10909097211695E+00
 0.10909047949073E+00
 0.10908975453456E+00
 0.10908873198546E+00
 0.10908733991739E+00
 0.10908550097377E+00
 0.10908313367635E+00
 0.10908015399817E+00
 0.10907647680129E+00
 0.10907201623405E+00
 0.10906668701601E+00
 0.10906040537771E+00
 0.10905309053516E+00
 0.10904466269500E+00
 0.10903504590030E+00
 0.10902416621505E+00
 0.10901195237038E+00
 0.10899833543333E+00
 0.10898324883662E+00
 0.10896662795648E+00
 0.10894840997310E+00
 0.10892853350373E+00
 0.10890693897245E+00
 0.10888356816890E+00
 0.10885836402250E+00
 0.10883127084169E+00
 0.10880223402696E+00
 0.10877120026636E+00
 0.10873811750328E+00
 0.10870293496451E+00
 0.10866560359853E+00
 0.10862607431776E+00
 0.10858430053079E+00
 0.10854023639915E+00
 0.10849383717570E+00
 0.10844505902306E+00
 0.10839385886592E+00
 0.10834019420612E+00
 0.10828402283521E+00
 0.10822530250130E+00
 0.10816399080186E+00
 0.10810004462425E+00
 0.10803341984387E+00
 0.10796407157211E+00
 0.10789195155129E+00
 0.10781701013714E+00
 0.10773919493354E+00
 0.10765845030797E+00
 0.10757471696948E+00
 0.10748793139179E+00
 0.10739802540400E+00
 0.10730492584395E+00
 0.10720855399171E+00
 0.10710882505737E+00
 0.10700564769093E+00
 0.10689892330702E+00
 0.10678854822494E+00
 0.10667440854070E+00
 0.10655638315604E+00
 0.10643434261566E+00
 0.10630814876833E+00
 0.10617765406837E+00
 0.10604270162142E+00
 0.10590312605473E+00
 0.10575874883681E+00
 0.10560933768448E+00
 0.10545477839525E+00
 0.10529482399876E+00
 0.10512925470515E+00
 0.10495783968152E+00
 0.10478033609265E+00
 0.10459648933405E+00
 0.10440603375269E+00
 0.10420869208841E+00
 0.10400417108484E+00
 0.10379216848528E+00
 0.10357236826462E+00
 0.10334444027011E+00
 0.10310804361820E+00
 0.10286282362552E+00
 0.10260841427491E+00
 0.10234443059478E+00
 0.10207047619623E+00
 0.10178614717291E+00
 0.10149101765903E+00
 0.10118465330353E+00
 0.10086660515457E+00
 0.10053640990402E+00
 0.10019359199722E+00
 0.99837663464826E-01
 0.99468121058329E-01
 0.99084450095392E-01
 0.98686124327798E-01
 0.98272604712866E-01
 0.97843340875671E-01
 0.97397773377213E-01
 0.96935331209694E-01
 0.96455433269274E-01
 0.95957498655328E-01
 0.95440930979870E-01
 0.94905133517090E-01
 0.94349431268100E-01
 0.93773362427950E-01
 0.93176261378186E-01
 0.92557530768324E-01
 0.91916579227316E-01
 0.91252824308647E-01
 0.90565695509907E-01
 0.89854641380235E-01
 0.89119129049531E-01
 0.88358650280508E-01
 0.87572718176371E-01
 0.86760886905672E-01
 0.85922743213729E-01
 0.85057921311141E-01
 0.84166097087432E-01
 0.83247003636287E-01
 0.82300426531803E-01
 0.81326222099025E-01
 0.80324306581766E-01
 0.79294671286158E-01
 0.78237383877904E-01
 0.77152591459069E-01
 0.76040525514852E-01
 0.74901498654462E-01
 0.73735915640592E-01
 0.72544266585010E-01
 0.71327133297400E-01
 0.70085187090976E-01
 0.68819185567475E-01
 0.67529972882504E-01
 0.66218475399173E-01
 0.64885709596739E-01
 0.63532681846799E-01
 0.62160713900402E-01
 0.60770970749452E-01
 0.59364767383589E-01
 0.57943476596238E-01
 0.56508530143253E-01
 0.55061449121988E-01
 0.53603792580001E-01
 0.52137187514969E-01
 0.50663319721284E-01
 0.49183934376702E-01
 0.47700838035025E-01
 0.46215906667367E-01
 0.44731070097851E-01
 0.43248327351495E-01
 0.41769746822184E-01
 0.40297461799030E-01
 0.38833680504368E-01
 0.37380663117824E-01
 0.35940743297796E-01
 0.34516297723200E-01
 0.33109747603699E-01
 0.31723552514543E-01
 0.30360166956176E-01
 0.29022045990136E-01
 0.27711590155450E-01
 0.26431148668921E-01
 0.25182940308418E-01
 0.23969060588778E-01
 0.22791425788237E-01
 0.21651730688610E-01
 0.20551449357595E-01
 0.19491778851888E-01
 0.18473639452689E-01
 0.17497651379957E-01
 0.16564149907030E-01
 0.15673173514402E-01
 0.14824491356863E-01
 0.14017625234857E-01
 0.13251821023742E-01
 0.12526168846725E-01
 0.11839561515680E-01
 0.11190752108921E-01
 0.10578373105544E-01
 0.10000974285891E-01
 0.94570453381472E-02
 0.89450362813987E-02
 0.84633849371650E-02
 0.80105304641363E-02
 0.75849267897064E-02
 0.71850715821647E-02
 0.68094900812120E-02
 0.64567613529134E-02
 0.61255185605414E-02
 0.58144525385302E-02
 0.55223166740663E-02
 0.52479266550232E-02
 0.49901602751957E-02
 0.47479579321909E-02
 0.45203217250384E-02
 0.43063123259952E-02
 0.41050476499894E-02
 0.39157014432333E-02
 0.37375001250808E-02
 0.35697201212294E-02
 0.34116847420469E-02
 0.32627630044608E-02
 0.31223649005821E-02
 0.29899421956650E-02
 0.28649799586768E-02
 0.27470019421540E-02
 0.26355626462797E-02
 0.25302473025906E-02
 0.24306693556397E-02
 0.23364684199644E-02
 0.22473090415035E-02
 0.21628784256121E-02
 0.20828848517232E-02
 0.20070567130681E-02
 0.19351405368732E-02
 0.18668999099432E-02
 0.18021143529801E-02
 0.17405781085363E-02
 0.16820989626232E-02
 0.16264976395601E-02
 0.15736065198699E-02
 0.15232689091944E-02
 0.14753383856172E-02
 0.14296780249005E-02
 0.13861597437947E-02
 0.13446635568752E-02
 0.13050771486665E-02
 0.12672952978125E-02
 0.12312193585562E-02
 0.11967569032957E-02
 0.11638211517566E-02
 0.11323306712691E-02
 0.11022090821135E-02
 0.10733845421894E-02
 0.10457895684817E-02
 0.10193607295409E-02
 0.99403835481553E-03
 0.96976630318901E-03
 0.94649170504552E-03
 0.92416476417001E-03
 0.90273856969038E-03
 0.88216889477093E-03
 0.86241402313896E-03
 0.84343460565696E-03
 0.82519345976809E-03
 0.80765554491005E-03
 0.79078769319844E-03
 0.77455859244812E-03
 0.75893860564663E-03
 0.74389972105965E-03
 0.72941542390987E-03
 0.71546061077828E-03
 0.70201149536014E-03
 0.68904556862732E-03
 0.67654145958846E-03
 0.66447891914868E-03
 0.65283874916451E-03
 0.64160270789034E-03
 0.63075349579785E-03
 0.62027467298343E-03
 0.61015062952614E-03
 0.60036651310518E-03
 0.59090821361939E-03
 0.58176230686461E-03
 0.57291602282981E-03
 0.56435719541400E-03
 0.55607425139625E-03
 0.54805617433570E-03
 0.54029243717114E-03
 0.53277304034204E-03
 0.52548843239906E-03
 0.51842949267204E-03
 0.51158754415646E-03
 0.50495428573265E-03
 0.49852179428446E-03
 0.49228250325731E-03
 0.48622919198964E-03
 0.48035495239707E-03
 0.47465318023496E-03
 0.46911754788536E-03
 0.46374203043678E-03
 0.45852084530775E-03
 0.45344845812038E-03
 0.44851957070211E-03
 0.44372910598946E-03
