 0.00000000000000E+00
 0.00000000000000E+00
 0.00000000000000E+00
 0.00000000000000E+00
 0.11019753867043E-35
 0.23360231772262E-31
 0.28753821219216E-28
 0.59753018928974E-26
 0.37930467059188E-24
 0.10497636885621E-22
 0.15885290959164E-21
 0.15284435653831E-20
 0.10380911795698E-19
 0.53625205850951E-19
 0.22254694221176E-18
 0.77307741126154E-18
 0.23195797854405E-17
 0.61602180395571E-17
 0.14764143094147E-16
 0.32446206450548E-16
 0.66324738606918E-16
 0.12812634039423E-15
 0.23951041979291E-15
 0.45133183962335E-15
 0.91159010095877E-15
 0.20836574013833E-14
 0.53796133689242E-14
 0.14832579690329E-13
 0.50251629345020E-09
 0.70911927302555E-09
 0.19495264517972E-08
 0.36044888738052E-08
 0.64224755537822E-08
 0.11065050175764E-07
 0.18487434988874E-07
 0.30033771735077E-07
 0.47551825499536E-07
 0.73528422853417E-07
 0.11124671826969E-06
 0.16496599349285E-06
 0.24012455927093E-06
 0.34356553627530E-06
 0.48378613868146E-06
 0.67120969775372E-06
 0.91848043474814E-06
 0.12407802184963E-05
 0.16561668068713E-05
 0.21859328949341E-05
 0.28549871211691E-05
 0.36922512761666E-05
 0.47310784825156E-05
 0.60096895661959E-05
 0.75716267565006E-05
 0.94662240689040E-05
 0.11749089968713E-04
 0.14482606658028E-04
 0.17736443615226E-04
 0.21588090193784E-04
 0.26123385917308E-04
 0.31437065107245E-04
 0.37633335104181E-04
 0.44826417822517E-04
 0.53141151580007E-04
 0.62713574777086E-04
 0.73691515069077E-04
 0.86235159036966E-04
 0.10051767744224E-03
 0.11672586203511E-03
 0.13506073323738E-03
 0.15573811125135E-03
 0.17898922614968E-03
 0.20506147304598E-03
 0.23421888416937E-03
 0.26674272810823E-03
 0.30293247356111E-03
 0.34310623997723E-03
 0.38760133971164E-03
 0.43677475732333E-03
 0.49100460774783E-03
 0.55069016810300E-03
 0.61625249018377E-03
 0.68813560410002E-03
 0.76687966995483E-03
 0.85284394482180E-03
 0.94660621318956E-03
 0.10487091576515E-02
 0.11597213833972E-02
 0.12802396449777E-02
 0.14108883491232E-02
 0.15523206468999E-02
 0.17052200645618E-02
 0.18703012358803E-02
 0.20483103617979E-02
 0.22400266620936E-02
 0.24462643391948E-02
 0.26678710959100E-02
 0.29057302676060E-02
 0.31607622221920E-02
 0.34339279086038E-02
 0.37262278983166E-02
 0.40387015142551E-02
 0.43724315250194E-02
 0.47285428908168E-02
 0.51082058649212E-02
 0.55126382243190E-02
 0.59431031606440E-02
 0.64009124109208E-02
 0.68874293535636E-02
 0.74040676374225E-02
 0.79522920965073E-02
 0.85336229087261E-02
 0.91496351149496E-02
 0.98019566927552E-02
 0.10492274766686E-01
 0.11222337367664E-01
 0.11993935161922E-01
 0.12808933201966E-01
 0.13669246196429E-01
 0.14576989785581E-01
 0.15533926271680E-01
 0.16542262868715E-01
 0.17604141368181E-01
 0.18721748835653E-01
 0.19897324314317E-01
 0.21133155524277E-01
 0.22431560541430E-01
 0.23794902456805E-01
 0.25225569737803E-01
 0.26725989605355E-01
 0.28298593045025E-01
 0.29945831707876E-01
 0.31670149389991E-01
 0.33473996364567E-01
 0.35359796844721E-01
 0.37329960843636E-01
 0.39386849034760E-01
 0.41532787961504E-01
 0.43770043811143E-01
 0.46100814395878E-01
 0.48527222736617E-01
 0.51051302708964E-01
 0.53675003649320E-01
 0.56400162597099E-01
 0.59228515711803E-01
 0.62161679836516E-01
 0.65201151572399E-01
 0.68348311049285E-01
 0.71604415601895E-01
 0.74970603361656E-01
 0.78447874802662E-01
 0.82037337928280E-01
 0.85739349403833E-01
 0.89554755747623E-01
 0.93484079241792E-01
 0.97527734934938E-01
 0.10168603484094E+00
 0.10595911025224E+00
 0.11034701491166E+00
 0.11484963501912E+00
 0.11946670705395E+00
 0.12419780343325E+00
 0.12904228247405E+00
 0.13399925845645E+00
 0.13906760351487E+00
 0.14424585454707E+00
 0.14953220440139E+00
 0.15492442190260E+00
 0.16041975420294E+00
 0.16601494886924E+00
 0.17170607683943E+00
 0.17748855395677E+00
 0.18335703091535E+00
 0.18930529474054E+00
 0.19532631648566E+00
 0.20141210981892E+00
 0.20755383405748E+00
 0.21374167956358E+00
 0.21996505677886E+00
 0.22621260851354E+00
 0.23247230913077E+00
 0.23873166639406E+00
 0.24497783241735E+00
 0.25119786101720E+00
 0.25737883438809E+00
 0.26350816650849E+00
 0.26957369763667E+00
 0.27556394925877E+00
 0.28146818789122E+00
 0.28727655073773E+00
 0.29298045841786E+00
 0.29857206819992E+00
 0.30404478052459E+00
 0.30939303613287E+00
 0.31461238429575E+00
 0.31969935851575E+00
 0.32465144626965E+00
 0.32946704871104E+00
 0.33414534948162E+00
 0.33868627350670E+00
 0.34309190737430E+00
 0.34736036847027E+00
 0.35149475489268E+00
 0.35549709799476E+00
 0.35936978369639E+00
 0.36311549014089E+00
 0.36673711739019E+00
 0.37023775293845E+00
 0.37362063090913E+00
 0.37688908219877E+00
 0.38004649714130E+00
 0.38309631248374E+00
 0.38604197789647E+00
 0.38888693194381E+00
 0.39163458363083E+00
 0.39428829872147E+00
 0.39685139442399E+00
 0.39932711455217E+00
 0.40171864357460E+00
 0.40402905847607E+00
 0.40626140136182E+00
 0.40841857861729E+00
 0.41050342471345E+00
 0.41251868488513E+00
 0.41446700612076E+00
 0.41635094906840E+00
 0.41817297857011E+00
 0.41993547056213E+00
 0.42164071226178E+00
 0.42329090101327E+00
 0.42488815298083E+00
 0.42643449930501E+00
 0.42793188917985E+00
 0.42938219450423E+00
 0.43078721337809E+00
 0.43214866729386E+00
 0.43346820876124E+00
 0.43474742329046E+00
 0.43598783034279E+00
 0.43719088562335E+00
 0.43835798404514E+00
 0.43949046413673E+00
 0.44058960761929E+00
 0.44165664326723E+00
 0.44269274918899E+00
 0.44369905315026E+00
 0.44467663711141E+00
 0.44562653873183E+00
 0.44654975086244E+00
 0.44744722725400E+00
 0.44831988145511E+00
 0.44916858920043E+00
 0.44999419117970E+00
 0.45079749319793E+00
 0.45157926855431E+00
 0.45234025909470E+00
 0.45308117666287E+00
 0.45380270447930E+00
 0.45450549860058E+00
 0.45519018897971E+00
 0.45585737945672E+00
 0.45650765189934E+00
 0.45714156413359E+00
 0.45775965212976E+00
 0.45836243121295E+00
 0.45895039669636E+00
 0.45952402476902E+00
 0.46008377332395E+00
 0.46063008308754E+00
 0.46116337733420E+00
 0.46168406407347E+00
 0.46219253570067E+00
 0.46268916971579E+00
 0.46317432995346E+00
 0.46364836653562E+00
 0.46411161671839E+00
 0.46456440556098E+00
 0.46500704624177E+00
 0.46543984059432E+00
 0.46586307959947E+00
 0.46627704374371E+00
 0.46668200381100E+00
 0.46707822055839E+00
 0.46746594587316E+00
 0.46784542292430E+00
 0.46821688615967E+00
 0.46858056191974E+00
 0.46893666905315E+00
 0.46928541857540E+00
 0.46962701443396E+00
 0.46996165385417E+00
 0.47028952733003E+00
 0.47061081884546E+00
 0.47092570628810E+00
 0.47123436176740E+00
 0.47153695195395E+00
 0.47183363755534E+00
 0.47212457436153E+00
 0.47240991306551E+00
 0.47268979954352E+00
 0.47296437504668E+00
