 0.10909164672639E+00
 0.10909164672628E+00
 0.10909164672512E+00
 0.10909164672767E+00
 0.10909164677424E+00
 0.10909164698344E+00
 0.10909164758244E+00
 0.10909164890567E+00
 0.10909165133494E+00
 0.10909165505523E+00
 0.10909165953019E+00
 0.10909166256428E+00
 0.10909165902893E+00
 0.10909163933323E+00
 0.10909158789929E+00
 0.10909148183290E+00
 0.10909128992664E+00
 0.10909097211695E+00
 0.10909047949073E+00
 0.10908975453456E+00
 0.10908873198546E+00
 0.10908733991739E+00
 0.10908550097377E+00
 0.10908313367635E+00
 0.10908015399817E+00
 0.10907647680129E+00
 0.10907201623405E+00
 0.10906668701601E+00
 0.10906040537771E+00
 0.10905309053516E+00
 0.10904466269500E+00
 0.10903504590030E+00
 0.10902416621505E+00
 0.10901195237038E+00
 0.10899833543333E+00
 0.10898324883662E+00
 0.10896662795648E+00
 0.10894840997310E+00
 0.10892853350373E+00
 0.10890693897245E+00
 0.10888356816890E+00
 0.10885836402250E+00
 0.10883127084169E+00
 0.10880223402696E+00
 0.10877120026636E+00
 0.10873811750328E+00
 0.10870293496451E+00
 0.10866560359853E+00
 0.10862607431776E+00
 0.10858430053079E+00
 0.10854023639915E+00
 0.10849383717570E+00
 0.10844505902306E+00
 0.10839385886592E+00
 0.10834019420612E+00
 0.10828402283521E+00
 0.10822530250130E+00
 0.10816399080186E+00
 0.10810004462425E+00
 0.10803341984387E+00
 0.10796407157211E+00
 0.10789195155129E+00
 0.10781701013714E+00
 0.10773919493354E+00
 0.10765845030797E+00
 0.10757471696948E+00
 0.10748793139179E+00
 0.10739802540400E+00
 0.10730492584395E+00
 0.10720855399171E+00
 0.10710882505737E+00
 0.10700564769093E+00
 0.10689892330702E+00
 0.10678854822494E+00
 0.10667440854070E+00
 0.10655638315604E+00
 0.10643434261566E+00
 0.10630814876833E+00
 0.10617765406837E+00
 0.10604270162142E+00
 0.10590312605473E+00
 0.10575874883681E+00
 0.10560933768448E+00
 0.10545477839525E+00
 0.10529482399876E+00
 0.10512925470515E+00
 0.10495783968152E+00
 0.10478033609265E+00
 0.10459648933405E+00
 0.10440603375269E+00
 0.10420869208841E+00
 0.10400417108484E+00
 0.10379216848528E+00
 0.10357236826462E+00
 0.10334444027011E+00
 0.10310804361820E+00
 0.10286282362552E+00
 0.10260841427491E+00
 0.10234443059478E+00
 0.10207047619623E+00
 0.10178614717291E+00
 0.10149101765903E+00
 0.10118465330353E+00
 0.10086660515457E+00
 0.10053640990402E+00
 0.10019359199722E+00
 0.99837663464826E-01
 0.99468121058329E-01
 0.99084450095392E-01
 0.98686124327798E-01
 0.98272604712866E-01
 0.97843340875671E-01
 0.97397773377213E-01
 0.96935331209694E-01
 0.96455433269274E-01
 0.95957498655328E-01
 0.95440930979870E-01
 0.94905133517090E-01
 0.94349431268100E-01
 0.93773362427950E-01
 0.93176261378186E-01
 0.92557530768324E-01
 0.91916579227316E-01
 0.91252824308647E-01
 0.90565695509907E-01
 0.89854641380235E-01
 0.89119129049531E-01
 0.88358650280508E-01
 0.87572718176371E-01
 0.86760886905672E-01
 0.85922743213729E-01
 0.85057921311141E-01
 0.84166097087432E-01
 0.83247003636287E-01
 0.82300426531803E-01
 0.81326222099025E-01
 0.80324306581766E-01
 0.79294671286158E-01
 0.78237383877904E-01
 0.77152591459069E-01
 0.76040525514852E-01
 0.74901498654462E-01
 0.73735915640592E-01
 0.72544266585010E-01
 0.71327133297400E-01
 0.70085187090976E-01
 0.68819185567475E-01
 0.67529972882504E-01
 0.66218475399173E-01
 0.64885709596739E-01
 0.63532681846799E-01
 0.62160713900402E-01
 0.60770970749452E-01
 0.59364767383589E-01
 0.57943476596238E-01
 0.56508530143253E-01
 0.55061449121988E-01
 0.53603792580001E-01
 0.52137187514969E-01
 0.50663319721284E-01
 0.49183934376702E-01
 0.47700838035025E-01
 0.46215906667367E-01
 0.44731070097851E-01
 0.43248327351495E-01
 0.41769746822184E-01
 0.40297461799030E-01
 0.38833680504368E-01
 0.37380663117824E-01
 0.35940743297796E-01
 0.34516297723200E-01
 0.33109747603699E-01
 0.31723552514543E-01
 0.30360166956176E-01
 0.29022045990136E-01
 0.27711590155450E-01
 0.26431148668921E-01
 0.25182940308418E-01
 0.23969060588778E-01
 0.22791425788237E-01
 0.21651730688610E-01
 0.20551449357595E-01
 0.19491778851888E-01
 0.18473639452689E-01
 0.17497651379957E-01
 0.16564149907030E-01
 0.15673173514402E-01
 0.14824491356863E-01
 0.14017625234857E-01
 0.13251821023742E-01
 0.12526168846725E-01
 0.11839561515680E-01
 0.11190752108921E-01
 0.10578373105544E-01
 0.10000974285891E-01
 0.94570453381472E-02
 0.89450362813987E-02
 0.84633849371650E-02
 0.80105304641363E-02
 0.75847788676012E-02
 0.71849247203321E-02
 0.68093446629946E-02
 0.64566177151396E-02
 0.61253769979275E-02
 0.58143132770767E-02
 0.55221799050782E-02
 0.52477925582404E-02
 0.49900289941390E-02
 0.47478295707932E-02
 0.45201963651733E-02
 0.43061899774505E-02
 0.41049283377019E-02
 0.39155852062042E-02
 0.37373869576265E-02
 0.35696099935611E-02
 0.34115775993075E-02
 0.32626588633528E-02
 0.31222636172158E-02
 0.29898437793654E-02
 0.28648843000119E-02
 0.27469089996097E-02
 0.26354723770423E-02
 0.25301595900903E-02
 0.24305841572882E-02
 0.23363856438705E-02
 0.22472285897022E-02
 0.21628002432139E-02
 0.20828088513970E-02
 0.20069828227673E-02
 0.19350686955668E-02
 0.18668300111516E-02
 0.18020463530035E-02
 0.17405119522788E-02
 0.16820345435892E-02
 0.16264349133373E-02
 0.15735454257359E-02
 0.15232093905521E-02
 0.14752803776282E-02
 0.14296214688752E-02
 0.13861045853067E-02
 0.13446097426061E-02
 0.13050246283174E-02
 0.12672440230059E-02
 0.12311692818764E-02
 0.11967079804213E-02
 0.11637733398118E-02
 0.11322839244515E-02
 0.11021633645864E-02
 0.10733398135482E-02
 0.10457457917208E-02
 0.10193178706186E-02
 0.99399637994264E-03
 0.96972517912643E-03
 0.94645139926358E-03
 0.92412524735757E-03
 0.90269981307923E-03
 0.88213087120495E-03
 0.86237670600423E-03
 0.84339796649484E-03
 0.82515748230458E-03
 0.80762020115006E-03
 0.79075296059607E-03
 0.77452444913959E-03
 0.75890503206474E-03
 0.74386669789854E-03
 0.72938293241970E-03
 0.71542863288717E-03
 0.70198001233815E-03
 0.68901456466299E-03
 0.67651091795558E-03
 0.66444882448450E-03
 0.65280908674796E-03
 0.64157346245534E-03
 0.63072465433989E-03
 0.62024622329188E-03
 0.61012255898708E-03
 0.60033880963350E-03
 0.59088086555541E-03
 0.58173530303426E-03
 0.57288935397727E-03
 0.56433085038972E-03
 0.55604822172779E-03
 0.54803044945620E-03
 0.54026700799215E-03
 0.53274789753320E-03
 0.52546356805785E-03
 0.51840489793325E-03
 0.51156321119928E-03
 0.50493020721191E-03
 0.49849796225305E-03
 0.49225891067287E-03
 0.48620583196887E-03
 0.48033181834426E-03
 0.47463026581120E-03
 0.46909484639873E-03
 0.46371953615228E-03
 0.45849855261827E-03
 0.45342636113128E-03
 0.44849766410056E-03
 0.44370738462363E-03
