 0.00000000000000E+00
-0.28617497016887E-05
-0.31240248014368E-04
-0.12457028113233E-03
-0.30782245694761E-03
-0.59599314693271E-03
-0.97990482834851E-03
-0.14436606645391E-02
-0.19743874102259E-02
-0.25474440686287E-02
-0.31379355848062E-02
-0.37111417443202E-02
-0.42291472584026E-02
-0.46465196880372E-02
-0.49157398976922E-02
-0.49911526988140E-02
-0.48299871632293E-02
-0.43949877590252E-02
-0.36574794999843E-02
-0.25965471857117E-02
-0.11998343759021E-02
 0.53659778186909E-03
 0.26086626157634E-02
 0.50053822780600E-02
 0.77074863165563E-02
 0.10691722038201E-01
 0.13928669332234E-01
 0.17384934166898E-01
 0.21025729815643E-01
 0.24817479113932E-01
 0.28721029938618E-01
 0.32697295362294E-01
 0.36709045993310E-01
 0.40722591180958E-01
 0.44706231323620E-01
 0.48630280192869E-01
 0.52469084689458E-01
 0.56200190853241E-01
 0.59805765977341E-01
 0.63269635659038E-01
 0.66579126826980E-01
 0.69725942368564E-01
 0.72704778114866E-01
 0.75513137241214E-01
 0.78151067803190E-01
 0.80620923150624E-01
 0.82927020793998E-01
 0.85074402063892E-01
 0.87072616921605E-01
 0.88929009576320E-01
 0.90653054922452E-01
 0.92254878203197E-01
 0.93745083780127E-01
 0.95134553638525E-01
 0.96434262544277E-01
 0.97655191947319E-01
 0.98808206474790E-01
 0.99903871242440E-01
 0.10095248603368E+00
 0.10196397242420E+00
 0.10294788331667E+00
 0.10391320672221E+00
 0.10486857894723E+00
 0.10582198846353E+00
 0.10678103690529E+00
 0.10775279987592E+00
 0.10874387373111E+00
 0.10976037542696E+00
 0.11080789856235E+00
 0.11189165316646E+00
 0.11301645316342E+00
 0.11418672346783E+00
 0.11540654732445E+00
 0.11667936342226E+00
 0.11800865392810E+00
 0.11939748195728E+00
 0.12084863031702E+00
 0.12236464367737E+00
 0.12394783730063E+00
 0.12560033692955E+00
 0.12732404467865E+00
 0.12912093284707E+00
 0.13099228449391E+00
 0.13294151170877E+00
 0.13496828315301E+00
 0.13707305700167E+00
 0.13925834528408E+00
 0.14152533343238E+00
 0.14387529489745E+00
 0.14630940209028E+00
 0.14882884574448E+00
 0.15143488268970E+00
 0.15412871678024E+00
 0.15691158284794E+00
 0.15978482261085E+00
 0.16274973133487E+00
 0.16580766044694E+00
 0.16896007601339E+00
 0.17220840037930E+00
 0.17555417282015E+00
 0.17899910910679E+00
 0.18254480884249E+00
 0.18619300648159E+00
 0.18994557130098E+00
 0.19380443657669E+00
 0.19777157720860E+00
 0.20184905587468E+00
 0.20603903024374E+00
 0.21034373699023E+00
 0.21476547103549E+00
 0.21930661915364E+00
 0.22396965354495E+00
 0.22875708691926E+00
 0.23367152135792E+00
 0.23871563611793E+00
 0.24389211044460E+00
 0.24920367856897E+00
 0.25465327813948E+00
 0.26024343097333E+00
 0.26597749023566E+00
 0.27185874930630E+00
 0.27788866186748E+00
 0.28407073903907E+00
 0.29040787841338E+00
 0.29690282097951E+00
 0.30355832535668E+00
 0.31037706606763E+00
 0.31736163307630E+00
 0.32451446035282E+00
 0.33183786735728E+00
 0.33933405484575E+00
 0.34700502184715E+00
 0.35485259304336E+00
 0.36287838035280E+00
 0.37108376419103E+00
 0.37946990990103E+00
 0.38803767527173E+00
 0.39678768554979E+00
 0.40572020711618E+00
 0.41483523742810E+00
 0.42413244772183E+00
 0.43361119937110E+00
 0.44327052310988E+00
 0.45310908464948E+00
 0.46312530953114E+00
 0.47331718251488E+00
 0.48368246590938E+00
 0.49421857771329E+00
 0.50492262599696E+00
 0.51579144278405E+00
 0.52682167805816E+00
 0.53800964599242E+00
 0.54935154115145E+00
 0.56084299041055E+00
 0.57247965704110E+00
 0.58425736999291E+00
 0.59617132087419E+00
 0.60821668722542E+00
 0.62038884547451E+00
 0.63268257101211E+00
 0.64509302902104E+00
 0.65761498951493E+00
 0.67024338329530E+00
 0.68297298834184E+00
 0.69579863021836E+00
 0.70871512049536E+00
 0.72171729535085E+00
 0.73480004156433E+00
 0.74795822870224E+00
 0.76118685212401E+00
 0.77448089215757E+00
 0.78783543703466E+00
 0.80124569580904E+00
 0.81470695135444E+00
 0.82821461371087E+00
 0.84176419891133E+00
 0.85535137158402E+00
 0.86897195986537E+00
 0.88262189311820E+00
 0.89629729775662E+00
 0.90999448631776E+00
 0.92370991398247E+00
 0.93744021221113E+00
 0.95118220475319E+00
 0.96493275847030E+00
 0.97868898137681E+00
 0.99244819471723E+00
 0.10062078030638E+01
 0.10199653368227E+01
 0.10337184110337E+01
 0.10474648549201E+01
 0.10612025042972E+01
 0.10749293206280E+01
 0.10886433608284E+01
 0.11023427680170E+01
 0.11160257273180E+01
 0.11296905034181E+01
 0.11433354252062E+01
 0.11569588694260E+01
 0.11705592815160E+01
 0.11841351143169E+01
 0.11976848969378E+01
 0.12112072266572E+01
 0.12247007057014E+01
 0.12381639716862E+01
 0.12515957226796E+01
 0.12649947113353E+01
 0.12783597301405E+01
 0.12916895902771E+01
 0.13049831558511E+01
 0.13182392911659E+01
 0.13314569431005E+01
 0.13446351441636E+01
 0.13577728985282E+01
 0.13708691917140E+01
 0.13839231640543E+01
 0.13969339448918E+01
 0.14099006768603E+01
 0.14228225826362E+01
 0.14356988712362E+01
 0.14485288120460E+01
 0.14613116993526E+01
 0.14740468745565E+01
 0.14867337079724E+01
 0.14993715860814E+01
 0.15119599381128E+01
 0.15244982053905E+01
 0.15369858647774E+01
 0.15494224345365E+01
 0.15618074415070E+01
 0.15741404400377E+01
 0.15864210160441E+01
 0.15986487698141E+01
 0.16108233333033E+01
 0.16229443617130E+01
 0.16350115253412E+01
 0.16470245248446E+01
 0.16589830604361E+01
 0.16708868774087E+01
 0.16827357350919E+01
 0.16945293835434E+01
 0.17062676227769E+01
 0.17179502611819E+01
 0.17295771259363E+01
 0.17411480508001E+01
 0.17526628821276E+01
 0.17641214980034E+01
 0.17755237835856E+01
 0.17868696343515E+01
 0.17981589582185E+01
 0.18093916815778E+01
 0.18205677445301E+01
 0.18316870914245E+01
 0.18427496840601E+01
 0.18537554963175E+01
 0.18647045131599E+01
 0.18755967306073E+01
 0.18864321499761E+01
 0.18972107710083E+01
 0.19079326377629E+01
 0.19185977808340E+01
 0.19292062373571E+01
 0.19397580590644E+01
 0.19502533047516E+01
 0.19606920434064E+01
 0.19710743516146E+01
 0.19814003093002E+01
 0.19916700058281E+01
 0.20018835399590E+01
 0.20120410174860E+01
 0.20221425451020E+01
 0.20321882403928E+01
 0.20421782261818E+01
 0.20521126339783E+01
 0.20619915961324E+01
 0.20718152511149E+01
 0.20815837458053E+01
 0.20912972296730E+01
 0.21009558586872E+01
 0.21105597958564E+01
 0.21201092000538E+01
 0.21296042480178E+01
 0.21390451062159E+01
 0.21484319495016E+01
 0.21577649741808E+01
 0.21670443464526E+01
 0.21762702618704E+01
 0.21854429180239E+01
 0.21945625054358E+01
 0.22036292181636E+01
 0.22126432598520E+01
 0.22216048468924E+01
 0.22305141732429E+01
 0.22393714483249E+01
 0.22481768852908E+01
 0.22569307077909E+01
 0.22656331285082E+01
 0.22742843637183E+01
 0.22828846355939E+01
 0.22914341675837E+01
