 0.00000000000000E+00
-0.17747907132718E-22
-0.46623279720770E-21
-0.34122092630805E-20
-0.15267023499246E-19
-0.38954518722303E-19
-0.83321394818103E-19
-0.14480063525058E-18
-0.27794260421690E-18
-0.39889427171638E-18
-0.60729896322127E-18
-0.88559229095283E-18
-0.12993687053101E-17
-0.16774774568160E-17
-0.25546931903376E-11
 0.23332853331827E-11
-0.56829082702797E-11
 0.10369799627206E-10
 0.29828642977797E-11
 0.23075447163629E-11
-0.16001891265740E-11
 0.39114513540558E-11
 0.17549850787740E-10
 0.22774286734026E-10
-0.87400543968763E-10
-0.33416360845478E-08
-0.17782136870581E-08
 0.39044883748688E-07
 0.69077469611318E-07
-0.28776568583030E-06
 0.10609249283859E-06
-0.12749630074561E-06
 0.49112105317706E-06
-0.43535026296591E-06
 0.27681586429001E-08
 0.28861206476701E-08
 0.43139518261925E-08
 0.80272056685444E-08
 0.60714157166036E-08
 0.25838752583455E-07
 0.41357518002774E-07
 0.60400969727386E-07
 0.86959528378020E-07
 0.14141618723364E-06
 0.20578996615917E-06
 0.30197537646645E-06
 0.43711347013207E-06
 0.62332063968354E-06
 0.87706789868067E-06
 0.12157999935266E-05
 0.16653814354402E-05
 0.22511413277289E-05
 0.30107819242080E-05
 0.39812654067488E-05
 0.52110609259124E-05
 0.67576333195457E-05
 0.86830242401353E-05
 0.11059813649590E-04
 0.13968508823029E-04
 0.17511816781791E-04
 0.21785244124057E-04
 0.26917205297177E-04
 0.33036039534595E-04
 0.40283047830482E-04
 0.48828480461960E-04
 0.58843019850415E-04
 0.70519801036312E-04
 0.84070557822560E-04
 0.99721347175855E-04
 0.11771458744229E-03
 0.13831682432307E-03
 0.16180767678204E-03
 0.18848880999631E-03
 0.21867975752906E-03
 0.25272059779170E-03
 0.29097101887906E-03
 0.33381022006717E-03
 0.38163898794529E-03
 0.43487789105022E-03
 0.49396760822833E-03
 0.56128887158618E-03
 0.62873547428453E-03
 0.72054525928330E-03
 0.79745659049766E-03
 0.88682329412769E-03
 0.99895743799637E-03
 0.11131176084045E-02
 0.12374003536421E-02
 0.13724272823191E-02
 0.15188515764433E-02
 0.16773385888728E-02
 0.18485723425316E-02
 0.20332657697817E-02
 0.22321375697655E-02
 0.24459548244844E-02
 0.26754765900268E-02
 0.29214933205333E-02
 0.31848212640380E-02
 0.34662828775749E-02
 0.37667020989664E-02
 0.40871100662519E-02
 0.44282123972499E-02
 0.47910105702914E-02
 0.51764409503029E-02
 0.55854868354193E-02
 0.60190951048153E-02
 0.64782830440082E-02
 0.69640906555385E-02
 0.74775322589578E-02
 0.80196791823683E-02
 0.85916363613951E-02
 0.91944979798871E-02
 0.98293264441364E-02
 0.10497395928329E-01
 0.11199647429639E-01
 0.11936339669097E-01
 0.12712540316475E-01
 0.13519840750030E-01
 0.14379083842158E-01
 0.15274578626126E-01
 0.16184869352835E-01
 0.17172089212656E-01
 0.18189675340287E-01
 0.19251231098120E-01
 0.20358882576196E-01
 0.21512694188745E-01
 0.22713275872600E-01
 0.23961921544006E-01
 0.25259129257646E-01
 0.26605644764566E-01
 0.28001857571904E-01
 0.29447955904223E-01
 0.30944395947657E-01
 0.32491064887908E-01
 0.34088195125982E-01
 0.35734883240120E-01
 0.37431456680397E-01
 0.39176256149034E-01
 0.40969126379680E-01
 0.42808795307373E-01
 0.44693957396327E-01
 0.46623204282162E-01
 0.48594233276279E-01
 0.50606328886937E-01
 0.52656080987108E-01
 0.54742997871758E-01
 0.56862545209282E-01
 0.59009074874192E-01
 0.61186279249977E-01
 0.63391434207676E-01
 0.65620378031576E-01
 0.67862353496176E-01
 0.70111671049890E-01
 0.72385042180344E-01
 0.74661215244270E-01
 0.76943953714239E-01
 0.79225095221897E-01
 0.81508582107190E-01
 0.83779562455945E-01
 0.86045475813337E-01
 0.88294312085366E-01
 0.90527775002767E-01
 0.92739482809653E-01
 0.94927141166477E-01
 0.97086675915221E-01
 0.99215465917479E-01
 0.10131056721024E+00
 0.10336753106728E+00
 0.10538445068584E+00
 0.10735736318568E+00
 0.10928524867935E+00
 0.11116481900917E+00
 0.11299406276331E+00
 0.11477223702652E+00
 0.11649657469382E+00
 0.11816665682152E+00
 0.11978080147045E+00
 0.12133791881375E+00
 0.12284065611561E+00
 0.12428890477163E+00
 0.12568100790652E+00
 0.12702029442422E+00
 0.12830720386519E+00
 0.12953922436641E+00
 0.13072336850488E+00
 0.13186039111787E+00
 0.13295094850851E+00
 0.13399792134313E+00
 0.13500010608845E+00
 0.13596381522357E+00
 0.13688821182247E+00
 0.13777672912127E+00
 0.13863037433592E+00
 0.13945059398447E+00
 0.14023892268052E+00
 0.14099780961186E+00
 0.14172817663546E+00
 0.14243129620187E+00
 0.14310884154864E+00
 0.14376167476373E+00
 0.14439105561958E+00
 0.14499935698881E+00
 0.14558468500238E+00
 0.14614921900883E+00
 0.14669474562638E+00
 0.14722285214412E+00
 0.14773291685027E+00
 0.14822511516908E+00
 0.14870033430830E+00
 0.14915938553372E+00
 0.14960568041884E+00
 0.15003918923108E+00
 0.15045519887059E+00
 0.15085654855540E+00
 0.15124975801878E+00
 0.15162949856872E+00
 0.15199675532867E+00
 0.15235441958082E+00
 0.15269984542294E+00
 0.15303622972968E+00
 0.15336251661547E+00
 0.15367986755692E+00
 0.15398843214341E+00
 0.15428818089374E+00
 0.15458012296353E+00
 0.15486398105733E+00
 0.15514001201074E+00
 0.15541053178206E+00
 0.15567344564895E+00
 0.15592969938893E+00
 0.15618004510795E+00
 0.15642409408269E+00
 0.15666300477272E+00
 0.15689669847437E+00
 0.15712517162066E+00
 0.15734879896336E+00
 0.15756718424753E+00
 0.15778194939812E+00
 0.15799251288532E+00
 0.15819858826873E+00
 0.15840113256670E+00
 0.15860018417513E+00
 0.15879582893353E+00
 0.15898783231073E+00
 0.15917645496872E+00
 0.15936277147082E+00
 0.15954612110078E+00
 0.15972665154420E+00
 0.15990460965566E+00
 0.16008032994497E+00
 0.16025370858874E+00
 0.16042464473622E+00
 0.16059367327191E+00
 0.16076100116279E+00
 0.16092658445890E+00
 0.16109010490218E+00
 0.16125180541553E+00
 0.16141158645963E+00
 0.16157117804570E+00
 0.16172847338752E+00
 0.16188410921942E+00
 0.16203913097703E+00
 0.16219270917041E+00
 0.16234524723650E+00
 0.16249667189024E+00
 0.16264690068347E+00
 0.16279579051085E+00
 0.16294435667997E+00
 0.16309215335534E+00
 0.16323862111082E+00
 0.16338472681886E+00
 0.16353018109340E+00
 0.16367525321119E+00
 0.16381918388935E+00
 0.16396241131078E+00
 0.16410502178808E+00
 0.16424718653054E+00
 0.16438887442346E+00
 0.16453036253729E+00
 0.16467067732402E+00
 0.16481091587388E+00
 0.16495044652882E+00
 0.16508963589387E+00
 0.16522895849012E+00
 0.16536712142149E+00
 0.16550501493303E+00
 0.16564315565318E+00
 0.16578028686394E+00
 0.16591713962381E+00
 0.16605389040140E+00
 0.16619078777635E+00
 0.16632640909052E+00
 0.16646195111761E+00
 0.16659721251951E+00
 0.16673289146007E+00
 0.16686738431629E+00
 0.16700201360005E+00
 0.16713607257346E+00
 0.16726978795335E+00
 0.16740366152848E+00
