 0.00000000000000E+00
 0.35966530070308E-24
 0.27986264082059E-22
 0.18946061378575E-21
 0.94435196902553E-21
 0.46588030471927E-21
 0.77490824429752E-20
 0.14958535189364E-19
 0.48350820814107E-20
 0.22483131678560E-19
 0.69449360805718E-19
 0.83002242397551E-19
 0.13389458071599E-18
 0.27283677459389E-18
-0.22167327970074E-12
-0.14766083474437E-11
 0.20727553989489E-11
-0.16401877181165E-11
 0.84479074198016E-11
 0.55129997533893E-12
-0.19978097598849E-11
 0.15154647384499E-11
-0.55419634078070E-11
 0.33388273667036E-11
 0.13180772528400E-09
-0.78439115167403E-08
-0.73249837638644E-08
 0.64453114563733E-07
-0.30721300013506E-06
 0.22231454883092E-06
-0.17712915560606E-06
 0.27402139138352E-06
-0.20260711329063E-07
-0.39583286357902E-06
-0.23311496615326E-08
 0.24587759698769E-08
 0.34859767391648E-08
 0.70526761187867E-08
 0.24967096035846E-07
 0.21928726448651E-08
 0.27468470779772E-07
 0.54082491818093E-07
 0.84168209312450E-07
 0.11718704547541E-06
 0.16390913861128E-06
 0.23399254847072E-06
 0.35051850387894E-06
 0.48448435530975E-06
 0.67466988014740E-06
 0.92840724464198E-06
 0.12548169318993E-05
 0.16771505149708E-05
 0.22196041756484E-05
 0.28978666790075E-05
 0.37565980317131E-05
 0.48163430117037E-05
 0.61236994135112E-05
 0.77075774937949E-05
 0.96374368629946E-05
 0.11950946072904E-04
 0.14701517196784E-04
 0.17972434606065E-04
 0.21816557923670E-04
 0.26320700735403E-04
 0.31568774821497E-04
 0.37638609470347E-04
 0.44636606184475E-04
 0.52657849241987E-04
 0.61810369216169E-04
 0.72205392455144E-04
 0.83973313292241E-04
 0.97230361763674E-04
 0.11211237022409E-03
 0.12875870443314E-03
 0.14730801565122E-03
 0.16791135839422E-03
 0.19072566132586E-03
 0.21590917140458E-03
 0.24362558104679E-03
 0.27404386724952E-03
 0.31253635727375E-03
 0.34643855779851E-03
 0.41081946444802E-03
 0.36974040403013E-03
 0.47715791332658E-03
 0.52348180154017E-03
 0.57793187595173E-03
 0.63658804986304E-03
 0.69965273732946E-03
 0.76733966576417E-03
 0.83984338726523E-03
 0.91739374283149E-03
 0.10001965955691E-02
 0.10884633582547E-02
 0.11824410751594E-02
 0.12823392857245E-02
 0.13883770000699E-02
 0.15008140283861E-02
 0.16198516967460E-02
 0.17442626535493E-02
 0.18785418061334E-02
 0.20188913517210E-02
 0.21667685054806E-02
 0.23223489299880E-02
 0.24860614718313E-02
 0.26580908490167E-02
 0.28386456345177E-02
 0.30280102044737E-02
 0.32263970476997E-02
 0.34341366731466E-02
 0.36514157684263E-02
 0.38785099060340E-02
 0.41157341434206E-02
 0.43630504759176E-02
 0.46209608177817E-02
 0.48861890675061E-02
 0.51608248610418E-02
 0.54406774511596E-02
 0.58257597943904E-02
 0.60341574540337E-02
 0.63866887238470E-02
 0.67375019450566E-02
 0.70848000071440E-02
 0.74440189347556E-02
 0.78216786507659E-02
 0.82026444608429E-02
 0.86032818362457E-02
 0.90065794941814E-02
 0.94236812190096E-02
 0.98531333598528E-02
 0.10292770820505E-01
 0.10742538012649E-01
 0.11201070799888E-01
 0.11668886186451E-01
 0.12145640799299E-01
 0.12629242747817E-01
 0.13118068454246E-01
 0.13611812029328E-01
 0.14111033243802E-01
 0.14612707859420E-01
 0.15116954632505E-01
 0.15621930970097E-01
 0.16124272613418E-01
 0.16625480035866E-01
 0.17121635500346E-01
 0.17633846387639E-01
 0.18106802334138E-01
 0.18546528597063E-01
 0.19043003497891E-01
 0.19537658936579E-01
 0.19967018651006E-01
 0.20333896953859E-01
 0.20743028957821E-01
 0.21172056407205E-01
 0.21542944867595E-01
 0.21895555886634E-01
 0.22204763248238E-01
 0.22524028643628E-01
 0.22800392389487E-01
 0.23058543029974E-01
 0.23286471866158E-01
 0.23484150067773E-01
 0.23640756699839E-01
 0.23779148359902E-01
 0.23875147510426E-01
 0.23945764593419E-01
 0.23979607626167E-01
 0.23979150673140E-01
 0.23923702956550E-01
 0.23851481134057E-01
 0.23736157551149E-01
 0.23591350869180E-01
 0.23396697829906E-01
 0.23193689727513E-01
 0.22941609712205E-01
 0.22660264646651E-01
 0.22332551519972E-01
 0.21992627329999E-01
 0.21662158440998E-01
 0.21275206196433E-01
 0.20879319303551E-01
 0.20500621392435E-01
 0.20078853670010E-01
 0.19639285775463E-01
 0.19246683300937E-01
 0.18843790553374E-01
 0.18429025532567E-01
 0.18008320507663E-01
 0.17614791949901E-01
 0.17231455408803E-01
 0.16850539059829E-01
 0.16493634100831E-01
 0.16136409711661E-01
 0.15787355068043E-01
 0.15455163874764E-01
 0.15132636976480E-01
 0.14826926798733E-01
 0.14525661800556E-01
 0.14238409716511E-01
 0.13960053615092E-01
 0.13694269945530E-01
 0.13446284208378E-01
 0.13179188845965E-01
 0.12934318461830E-01
 0.12705764254179E-01
 0.12496596343176E-01
 0.12271804850288E-01
 0.12053911858900E-01
 0.11824629599180E-01
 0.11636728125776E-01
 0.11477435173411E-01
 0.11280893966403E-01
 0.11052947118875E-01
 0.10885654759207E-01
 0.10751016063532E-01
 0.10573977056986E-01
 0.10395353730788E-01
 0.10235725234115E-01
 0.10078098373590E-01
 0.99338171114019E-02
 0.97807265288699E-02
 0.96497586531897E-02
 0.95054418563176E-02
 0.93592677859090E-02
 0.92405505054887E-02
 0.91050978382009E-02
 0.89810545709146E-02
 0.88648404611983E-02
 0.87372549301604E-02
 0.86201146746652E-02
 0.85058441854633E-02
 0.83905630990762E-02
 0.82852601184121E-02
 0.81793089550966E-02
 0.80771987975800E-02
 0.79709880224464E-02
 0.78732532991193E-02
 0.77774353235466E-02
 0.76821243058143E-02
 0.75911727414695E-02
 0.75010206137436E-02
 0.74120274176822E-02
 0.73334022234872E-02
 0.72418392868511E-02
 0.71603871122779E-02
 0.70843338081286E-02
 0.70063897323359E-02
 0.69291220268962E-02
 0.68552777471516E-02
 0.67839241245012E-02
 0.67095942846749E-02
 0.66401230722993E-02
 0.65740122741834E-02
 0.65120103801721E-02
 0.64531686042776E-02
 0.63837564039499E-02
 0.63201027941316E-02
 0.62496928844427E-02
 0.62106223434983E-02
 0.61519559740592E-02
 0.60852842746722E-02
 0.60363802238132E-02
 0.59868303323268E-02
 0.59349724133211E-02
 0.58794545585801E-02
 0.58254924819158E-02
 0.57780378163204E-02
 0.57374895408285E-02
 0.56894763460905E-02
 0.56468394303224E-02
 0.56061046116165E-02
 0.55650152085910E-02
 0.55215690042182E-02
 0.54820907221767E-02
 0.54378008860895E-02
 0.54018593903100E-02
 0.53679192873356E-02
 0.53301870338234E-02
 0.52942197884986E-02
 0.52601634230992E-02
 0.52264552640628E-02
 0.51881300062180E-02
 0.51552603381108E-02
 0.51261868704420E-02
 0.50951511939439E-02
 0.50633364474948E-02
 0.50367982401726E-02
 0.50053960526283E-02
 0.49749623157845E-02
 0.49558818431245E-02
 0.49209657705667E-02
 0.48972685080533E-02
 0.48679355447273E-02
 0.48475806313938E-02
 0.48302091812526E-02
 0.47950102444611E-02
 0.47745671054221E-02
 0.47470991476106E-02
 0.47221022824134E-02
 0.47130654213166E-02
