 0.92173030465821E+02
 0.92173030465775E+02
 0.92173030465283E+02
 0.92173030466360E+02
 0.92173030486036E+02
 0.92173030574413E+02
 0.92173030827464E+02
 0.92173031386471E+02
 0.92173032412735E+02
 0.92173033984396E+02
 0.92173035874873E+02
 0.92173037156646E+02
 0.92173035663114E+02
 0.92173027342529E+02
 0.92173005613904E+02
 0.92172960805406E+02
 0.92172879733192E+02
 0.92172745471992E+02
 0.92172537357783E+02
 0.92172231092924E+02
 0.92171799105278E+02
 0.92171211006829E+02
 0.92170434113858E+02
 0.92169433999212E+02
 0.92168175155988E+02
 0.92166621603993E+02
 0.92164737056435E+02
 0.92162485462119E+02
 0.92159831540402E+02
 0.92156740621591E+02
 0.92153179742901E+02
 0.92149115957247E+02
 0.92144518868620E+02
 0.92139356892554E+02
 0.92133602047318E+02
 0.92127225672289E+02
 0.92120200325167E+02
 0.92112499305491E+02
 0.92104096498844E+02
 0.92094966534815E+02
 0.92085084594481E+02
 0.92074426321821E+02
 0.92062967913828E+02
 0.92050686014795E+02
 0.92037557786550E+02
 0.92023560901757E+02
 0.92008673556451E+02
 0.91992874657243E+02
 0.91976143081000E+02
 0.91958458748602E+02
 0.91939801891543E+02
 0.91920153198192E+02
 0.91899493742933E+02
 0.91877804927555E+02
 0.91855068408402E+02
 0.91831265980681E+02
 0.91806379441490E+02
 0.91780390552714E+02
 0.91753280808075E+02
 0.91725031310284E+02
 0.91695622883869E+02
 0.91665034972882E+02
 0.91633246488305E+02
 0.91600235231288E+02
 0.91565977693199E+02
 0.91530448876891E+02
 0.91493622051476E+02
 0.91455468585494E+02
 0.91415957791774E+02
 0.91375056688221E+02
 0.91332729774609E+02
 0.91288938822403E+02
 0.91243642576315E+02
 0.91196797659883E+02
 0.91148356382472E+02
 0.91098268012794E+02
 0.91046478275791E+02
 0.90992929182090E+02
 0.90937558721947E+02
 0.90880300856436E+02
 0.90821085871405E+02
 0.90759838335511E+02
 0.90696479402486E+02
 0.90630903297109E+02
 0.90563061342185E+02
 0.90492841351833E+02
 0.90420144634981E+02
 0.90344867059509E+02
 0.90266899090539E+02
 0.90186126076487E+02
 0.90102427915131E+02
 0.90015677091341E+02
 0.89925741682969E+02
 0.89832483141784E+02
 0.89735756135298E+02
 0.89635409840406E+02
 0.89531286562966E+02
 0.89423222728535E+02
 0.89311045401980E+02
 0.89194575746116E+02
 0.89073629318698E+02
 0.88948012073955E+02
 0.88817523486434E+02
 0.88681955356480E+02
 0.88541090976495E+02
 0.88394706178459E+02
 0.88242568952063E+02
 0.88084438152673E+02
 0.87920064302187E+02
 0.87749189948913E+02
 0.87571548663700E+02
 0.87386864947129E+02
 0.87194855436319E+02
 0.86995227391428E+02
 0.86787678166170E+02
 0.86571899691181E+02
 0.86347573136180E+02
 0.86114370643361E+02
 0.85871959025984E+02
 0.85619994380037E+02
 0.85358087029391E+02
 0.85085955030012E+02
 0.84803200217182E+02
 0.84509451485184E+02
 0.84204336815879E+02
 0.83887479360956E+02
 0.83558497714775E+02
 0.83217008692377E+02
 0.82862630100736E+02
 0.82494979914903E+02
 0.82113677452934E+02
 0.81718347424140E+02
 0.81308619396336E+02
 0.80884130842060E+02
 0.80444528185404E+02
 0.79989466995134E+02
 0.79518620757281E+02
 0.79031672870671E+02
 0.78528325858714E+02
 0.78008300367283E+02
 0.77471338075769E+02
 0.76917199719973E+02
 0.76345670526228E+02
 0.75756559965808E+02
 0.75149701414405E+02
 0.74524955102464E+02
 0.73882206543584E+02
 0.73221368245497E+02
 0.72542376641932E+02
 0.71845198078952E+02
 0.71129821929984E+02
 0.70396265185708E+02
 0.69644531054029E+02
 0.68874765284816E+02
 0.68087027534161E+02
 0.67281426894782E+02
 0.66458118917583E+02
 0.65617277002588E+02
 0.64759099222361E+02
 0.63883826216515E+02
 0.62991721389764E+02
 0.62083094371105E+02
 0.61158295497277E+02
 0.60217721756021E+02
 0.59261824785327E+02
 0.58291115174536E+02
 0.57306173113283E+02
 0.56307660855111E+02
 0.55296320640017E+02
 0.54272989868845E+02
 0.53238613197703E+02
 0.52194242786720E+02
 0.51141049755897E+02
 0.50080327743617E+02
 0.49013489819987E+02
 0.47942080508201E+02
 0.46867759279562E+02
 0.45792290750598E+02
 0.44717537823485E+02
 0.43645438014044E+02
 0.42577980627154E+02
 0.41517184904167E+02
 0.40465063046418E+02
 0.39423606669048E+02
 0.38394740140147E+02
 0.37380292470725E+02
 0.36381986459397E+02
 0.35401398464130E+02
 0.34439957423222E+02
 0.33498932917209E+02
 0.32579372409589E+02
 0.31682197593038E+02
 0.30808129468008E+02
 0.29957722463131E+02
 0.29131360130234E+02
 0.28329276865831E+02
 0.27551567002836E+02
 0.26798193291336E+02
 0.26069006821448E+02
 0.25363521993533E+02
 0.24681871559789E+02
 0.24023418530721E+02
 0.23387693612682E+02
 0.22774177839928E+02
 0.22182314293287E+02
 0.21611514441802E+02
 0.21061167342652E+02
 0.20530648334009E+02
 0.20019323445645E+02
 0.19526553077234E+02
 0.19051702620407E+02
 0.18594139851221E+02
 0.18153239383040E+02
 0.17728385913582E+02
 0.17318980618600E+02
 0.16924435947629E+02
 0.16544180693396E+02
 0.16177659655881E+02
 0.15824334866233E+02
 0.15483689836668E+02
 0.15155215626858E+02
 0.14838431791118E+02
 0.14532871268941E+02
 0.14238085567288E+02
 0.13953643437444E+02
 0.13679130480497E+02
 0.13414149245969E+02
 0.13158318608684E+02
 0.12911273175697E+02
 0.12672662463719E+02
 0.12442150963299E+02
 0.12219417685466E+02
 0.12004155188773E+02
 0.11796069055975E+02
 0.11594877489689E+02
 0.11400311327271E+02
 0.11212112267344E+02
 0.11030033807295E+02
 0.10853839667277E+02
 0.10683304020423E+02
 0.10518210904948E+02
 0.10358353451191E+02
 0.10203533689033E+02
 0.10053562033517E+02
 0.99082572661786E+01
 0.97674459525258E+01
 0.96309617441392E+01
 0.94986454413233E+01
 0.93703447447152E+01
 0.92459135865910E+01
 0.91252118997241E+01
 0.90081058082151E+01
 0.88944667469129E+01
 0.87841715753404E+01
 0.86771021690136E+01
 0.85731452106823E+01
 0.84721920076756E+01
 0.83741383324031E+01
 0.82788841842611E+01
 0.81863334430814E+01
 0.80963938792594E+01
 0.80089769430014E+01
 0.79239975988540E+01
 0.78413741371403E+01
 0.77610280392183E+01
 0.76828837446729E+01
 0.76068687453467E+01
 0.75329132899191E+01
 0.74609502283059E+01
 0.73909149973227E+01
 0.73227455063485E+01
 0.72563819060137E+01
 0.71917667228724E+01
 0.71288444853460E+01
 0.70675618359634E+01
 0.70078673548652E+01
 0.69497115351073E+01
 0.68930466424421E+01
 0.68378266755252E+01
 0.67840072479808E+01
 0.67315456355847E+01
 0.66804005479884E+01
 0.66305322665471E+01
 0.65819024028112E+01
 0.65344738234456E+01
 0.64882108950320E+01
 0.64430790663394E+01
 0.63990449845832E+01
 0.63560765051389E+01
 0.63141425535406E+01
 0.62732131061371E+01
 0.62332590626066E+01
 0.61942524842247E+01
 0.61561662622155E+01
 0.61189741733181E+01
 0.60826508713562E+01
 0.60471718534914E+01
 0.60125134764449E+01
 0.59786527837682E+01
 0.59455675927988E+01
