 0.64845550652346E+01
 0.64845550645899E+01
 0.64845550574801E+01
 0.64845550271041E+01
 0.64845549441802E+01
 0.64845547677638E+01
 0.64845544458519E+01
 0.64845539151373E+01
 0.64845530989813E+01
 0.64845519020250E+01
 0.64845501980660E+01
 0.64845478108039E+01
 0.64845444879779E+01
 0.64845398736739E+01
 0.64845334820042E+01
 0.64845246757586E+01
 0.64845126522044E+01
 0.64844964356808E+01
 0.64844748741215E+01
 0.64844466455203E+01
 0.64844102615461E+01
 0.64843640748486E+01
 0.64843062885397E+01
 0.64842349673651E+01
 0.64841480433367E+01
 0.64840433233930E+01
 0.64839185242299E+01
 0.64837712793158E+01
 0.64835991433145E+01
 0.64833996352225E+01
 0.64831702059803E+01
 0.64829083635809E+01
 0.64826115521949E+01
 0.64822773863657E+01
 0.64819033983576E+01
 0.64814873012935E+01
 0.64810268953595E+01
 0.64805201098376E+01
 0.64799650243952E+01
 0.64793598727484E+01
 0.64787030621884E+01
 0.64779931876433E+01
 0.64772290332627E+01
 0.64764095847048E+01
 0.64755340288624E+01
 0.64746017568523E+01
 0.64736123647214E+01
 0.64725656439783E+01
 0.64714616160424E+01
 0.64703004763100E+01
 0.64690826258924E+01
 0.64678086587195E+01
 0.64664793580485E+01
 0.64650956915237E+01
 0.64636588056524E+01
 0.64621700219720E+01
 0.64606308333052E+01
 0.64590428935488E+01
 0.64574080182307E+01
 0.64557281777946E+01
 0.64540054782806E+01
 0.64522422071877E+01
 0.64504407721975E+01
 0.64486037214342E+01
 0.64467337370746E+01
 0.64448336320047E+01
 0.64429063490770E+01
 0.64409549559336E+01
 0.64389826403955E+01
 0.64369927100437E+01
 0.64349885905417E+01
 0.64329738246901E+01
 0.64309520751317E+01
 0.64289270764735E+01
 0.64269027201898E+01
 0.64248829916230E+01
 0.64228719823808E+01
 0.64208738907365E+01
 0.64188930261134E+01
 0.64169338046325E+01
 0.64150007237078E+01
 0.64130984560479E+01
 0.64112317294288E+01
 0.64094063548898E+01
 0.64076255475307E+01
 0.64058952039730E+01
 0.64042205219950E+01
 0.64026068274956E+01
 0.64010595686684E+01
 0.63995843061796E+01
 0.63981867204102E+01
 0.63968726996591E+01
 0.63956481989449E+01
 0.63945193399895E+01
 0.63934924120342E+01
 0.63925738380378E+01
 0.63917702089482E+01
 0.63910882528845E+01
 0.63905349755994E+01
 0.63901175057238E+01
 0.63898431133099E+01
 0.63897193462864E+01
 0.63897539335417E+01
 0.63899548093385E+01
 0.63903301650104E+01
 0.63908883993675E+01
 0.63916381420802E+01
 0.63925883107097E+01
 0.63937480825568E+01
 0.63951268818841E+01
 0.63967344279231E+01
 0.63985807430822E+01
 0.64006761115977E+01
 0.64030311448587E+01
 0.64056567980801E+01
 0.64085642469028E+01
 0.64117650597380E+01
 0.64152711532190E+01
 0.64190946621907E+01
 0.64232481580517E+01
 0.64277460126014E+01
 0.64325984918805E+01
 0.64378204344746E+01
 0.64434256672307E+01
 0.64494281811341E+01
 0.64558422941358E+01
 0.64626825889668E+01
 0.64699639065659E+01
 0.64777011960502E+01
 0.64859096411574E+01
 0.64946045681439E+01
 0.65038013477735E+01
 0.65135154423436E+01
 0.65237623050231E+01
 0.65345573712414E+01
 0.65459160904792E+01
 0.65578535772766E+01
 0.65703849712235E+01
 0.65835251266467E+01
 0.65972886558469E+01
 0.66116898622323E+01
 0.66267428036551E+01
 0.66424611667309E+01
 0.66588582728588E+01
 0.66759471192274E+01
 0.66937403368906E+01
 0.67122502344720E+01
 0.67314887816722E+01
 0.67514677860330E+01
 0.67721986876735E+01
 0.67936929277383E+01
 0.68159617205901E+01
 0.68390178766815E+01
 0.68628695202089E+01
 0.68875294785942E+01
 0.69130097169639E+01
 0.69393216747541E+01
 0.69664777792238E+01
 0.69944906287619E+01
 0.70233732249501E+01
 0.70531392167504E+01
 0.70838026616838E+01
 0.71153779146647E+01
 0.71478799110192E+01
 0.71813238811783E+01
 0.72157254373717E+01
 0.72511001252365E+01
 0.72874627430649E+01
 0.73248284638728E+01
 0.73632113288310E+01
 0.74026241725011E+01
 0.74430785463673E+01
 0.74845839797916E+01
 0.75271476359996E+01
 0.75707740074528E+01
 0.76154639454863E+01
 0.76612147215273E+01
 0.77080197580651E+01
 0.77558678517428E+01
 0.78047433149770E+01
 0.78546258467261E+01
 0.79054895324624E+01
 0.79573051840426E+01
 0.80100364589349E+01
 0.80636446520401E+01
 0.81180865284686E+01
 0.81733141762803E+01
 0.82292771715962E+01
 0.82859216228940E+01
 0.83431908767925E+01
 0.84010293945568E+01
 0.84593770335320E+01
 0.85181744291085E+01
 0.85773615711276E+01
 0.86368796404183E+01
 0.86966698128455E+01
 0.87566748283677E+01
 0.88168388985084E+01
 0.88771080800327E+01
 0.89374311159386E+01
 0.89977568005884E+01
 0.90580380687948E+01
 0.91182296027218E+01
 0.91782886236190E+01
 0.92381741019046E+01
 0.92978476178037E+01
 0.93572732715549E+01
 0.94164163241926E+01
 0.94752445385255E+01
 0.95337277805365E+01
 0.95918370923995E+01
 0.96495454758287E+01
 0.97068277863450E+01
 0.97636603691404E+01
 0.98200204416757E+01
 0.98758868934161E+01
 0.99312396274666E+01
 0.99860598415931E+01
 0.10040329699418E+02
 0.10094031847914E+02
 0.10147151663195E+02
 0.10199673426114E+02
 0.10251583226871E+02
 0.10302867717852E+02
 0.10353514383777E+02
 0.10403511598622E+02
 0.10452848119732E+02
 0.10501513675599E+02
 0.10549498533822E+02
 0.10596793746997E+02
 0.10643390950572E+02
 0.10689282174717E+02
 0.10734460255846E+02
 0.10778918618216E+02
 0.10822651237026E+02
 0.10865652481698E+02
 0.10907917658507E+02
 0.10949442219413E+02
 0.10990222463331E+02
 0.11030255021323E+02
 0.11069537036678E+02
 0.11108066185001E+02
 0.11145840733128E+02
 0.11182859471933E+02
 0.11219121530430E+02
 0.11254626496705E+02
 0.11289374601571E+02
 0.11323366421364E+02
 0.11356602928053E+02
 0.11389085616520E+02
 0.11420816616531E+02
 0.11451798015839E+02
 0.11482032574352E+02
 0.11511523415056E+02
 0.11540274036966E+02
 0.11568288352115E+02
 0.11595570613219E+02
 0.11622125379779E+02
 0.11647957628614E+02
 0.11673072586074E+02
 0.11697475841656E+02
 0.11721173297868E+02
 0.11744171072909E+02
 0.11766475612698E+02
 0.11788093607845E+02
 0.11809032073587E+02
 0.11829298138853E+02
 0.11848899235152E+02
 0.11867842993522E+02
 0.11886137228366E+02
 0.11903789947928E+02
 0.11920809362572E+02
 0.11937203774595E+02
 0.11952981687388E+02
 0.11968151745226E+02
 0.11982722708535E+02
 0.11996703428078E+02
 0.12010102877893E+02
 0.12022930129043E+02
 0.12035194327235E+02
 0.12046904676997E+02
 0.12058070476771E+02
 0.12068700984767E+02
 0.12078805577675E+02
 0.12088393687560E+02
 0.12097474669662E+02
 0.12106057929707E+02
 0.12114152943059E+02
 0.12121769071069E+02
 0.12128915717913E+02
 0.12135602261191E+02
 0.12141838101242E+02
 0.12147632487559E+02
 0.12152994688699E+02
 0.12157933948830E+02
 0.12162459433296E+02
 0.12166580266588E+02
 0.12170305413047E+02
 0.12173643894160E+02
 0.12176604607646E+02
