 0.69215140312587E+01
 0.69215140312587E+01
 0.69215140312604E+01
 0.69215140312797E+01
 0.69215140313856E+01
 0.69215140317681E+01
 0.69215140328104E+01
 0.69215140351586E+01
 0.69215140398021E+01
 0.69215140480596E+01
 0.69215140615587E+01
 0.69215140820115E+01
 0.69215141109212E+01
 0.69215141489834E+01
 0.69215141953862E+01
 0.69215142469876E+01
 0.69215142973123E+01
 0.69215143355400E+01
 0.69215143456162E+01
 0.69215143052544E+01
 0.69215141851542E+01
 0.69215139483563E+01
 0.69215135498025E+01
 0.69215129360176E+01
 0.69215120456197E+01
 0.69215108089398E+01
 0.69215091493217E+01
 0.69215069837958E+01
 0.69215042235032E+01
 0.69215007734704E+01
 0.69214965378753E+01
 0.69214914191567E+01
 0.69214853198214E+01
 0.69214781407280E+01
 0.69214697858988E+01
 0.69214601615924E+01
 0.69214491770912E+01
 0.69214367454619E+01
 0.69214227820760E+01
 0.69214072087398E+01
 0.69213899514727E+01
 0.69213709380482E+01
 0.69213500990538E+01
 0.69213273671903E+01
 0.69213026762832E+01
 0.69212759602017E+01
 0.69212471518914E+01
 0.69212161855425E+01
 0.69211829813887E+01
 0.69211474662739E+01
 0.69211095572181E+01
 0.69210691642301E+01
 0.69210261889251E+01
 0.69209805233891E+01
 0.69209320491597E+01
 0.69208806357923E+01
 0.69208261397519E+01
 0.69207684039693E+01
 0.69207072559988E+01
 0.69206425074525E+01
 0.69205739524409E+01
 0.69205013681007E+01
 0.69204245115627E+01
 0.69203431217905E+01
 0.69202569160933E+01
 0.69201655906877E+01
 0.69200688194037E+01
 0.69199662530091E+01
 0.69198575192565E+01
 0.69197422204140E+01
 0.69196199327012E+01
 0.69194902055808E+01
 0.69193525603559E+01
 0.69192064955258E+01
 0.69190514735601E+01
 0.69188869286133E+01
 0.69187122634686E+01
 0.69185268480077E+01
 0.69183300183230E+01
 0.69181210750274E+01
 0.69178992820831E+01
 0.69176638656472E+01
 0.69174140105610E+01
 0.69171487907256E+01
 0.69168674385232E+01
 0.69165689502747E+01
 0.69162523353410E+01
 0.69159165534523E+01
 0.69155605120623E+01
 0.69151830682154E+01
 0.69147830220048E+01
 0.69143591119580E+01
 0.69139100180656E+01
 0.69134343556875E+01
 0.69129306688277E+01
 0.69123974350957E+01
 0.69118330577082E+01
 0.69112358587162E+01
 0.69106040848763E+01
 0.69099358949779E+01
 0.69092293506463E+01
 0.69084824331155E+01
 0.69076930216567E+01
 0.69068588891500E+01
 0.69059777020235E+01
 0.69050470177018E+01
 0.69040642760831E+01
 0.69030267936122E+01
 0.69019317591042E+01
 0.69007762301774E+01
 0.68995571243973E+01
 0.68982712136677E+01
 0.68969151228170E+01
 0.68954853181576E+01
 0.68939781023133E+01
 0.68923896174862E+01
 0.68907158259139E+01
 0.68889525067755E+01
 0.68870952687980E+01
 0.68851395142893E+01
 0.68830803145574E+01
 0.68809129448541E+01
 0.68786320888702E+01
 0.68762323405224E+01
 0.68737080887173E+01
 0.68710534981992E+01
 0.68682625104456E+01
 0.68653288474427E+01
 0.68622460138776E+01
 0.68590072900189E+01
 0.68556057274984E+01
 0.68520341624461E+01
 0.68482852085084E+01
 0.68443512642657E+01
 0.68402245164001E+01
 0.68358969373087E+01
 0.68313603082167E+01
 0.68266062030734E+01
 0.68216260251391E+01
 0.68164109890230E+01
 0.68109521411686E+01
 0.68052403630624E+01
 0.67992663848408E+01
 0.67930208021998E+01
 0.67864940538248E+01
 0.67796764852854E+01
 0.67725583066451E+01
 0.67651296345904E+01
 0.67573804664925E+01
 0.67493007314421E+01
 0.67408802588638E+01
 0.67321088331262E+01
 0.67229760364279E+01
 0.67134717109398E+01
 0.67035853672664E+01
 0.66933064330979E+01
 0.66826244610824E+01
 0.66715288968454E+01
 0.66600090404732E+01
 0.66480543623181E+01
 0.66356540513238E+01
 0.66227974929606E+01
 0.66094738968740E+01
 0.65956725092692E+01
 0.65813825337088E+01
 0.65665931472625E+01
 0.65512934987823E+01
 0.65354726987009E+01
 0.65191198810045E+01
 0.65022240727167E+01
 0.64847743494608E+01
 0.64667597373736E+01
 0.64481692149734E+01
 0.64289917064049E+01
 0.64092161120932E+01
 0.63888312855878E+01
 0.63678260129452E+01
 0.63461889928600E+01
 0.63239088880171E+01
 0.63009742720994E+01
 0.62773735957132E+01
 0.62530952205085E+01
 0.62281274320879E+01
 0.62024583674792E+01
 0.61760761342883E+01
 0.61489686745255E+01
 0.61211237971334E+01
 0.60925292015790E+01
 0.60631724866680E+01
 0.60330411784471E+01
 0.60021226370705E+01
 0.59704041646367E+01
 0.59378729702037E+01
 0.59045161437764E+01
 0.58703206747471E+01
 0.58352735209471E+01
 0.57993615145896E+01
 0.57625714336328E+01
 0.57248899725090E+01
 0.56863037429518E+01
 0.56467993307284E+01
 0.56063632219882E+01
 0.55649818217691E+01
 0.55226415007578E+01
 0.54793285757298E+01
 0.54350292836146E+01
 0.53897297900385E+01
 0.53434161865425E+01
 0.52960745377752E+01
 0.52476908083602E+01
 0.51982509646818E+01
 0.51477408816966E+01
 0.50961462827089E+01
 0.50434528614289E+01
 0.49896464172286E+01
 0.49347124861566E+01
 0.48786366006652E+01
 0.48214042545414E+01
 0.47630008068365E+01
 0.47034116549778E+01
 0.46426220657823E+01
 0.45806172515285E+01
 0.45173823493336E+01
 0.44529024235896E+01
 0.43871624993075E+01
 0.43201475163682E+01
 0.42518423719624E+01
 0.41822318840453E+01
 0.41113008005310E+01
 0.40390338042100E+01
 0.39654155326479E+01
 0.38904305416802E+01
 0.38140633336241E+01
 0.37362983394424E+01
 0.36571199205011E+01
 0.35765123907573E+01
 0.34944599731056E+01
 0.34109468839482E+01
 0.33259572075226E+01
 0.32394749861126E+01
 0.31514842644575E+01
 0.30619689406689E+01
 0.29709128853464E+01
 0.28782998919733E+01
 0.27841137142822E+01
 0.26883380577156E+01
 0.25909565212645E+01
 0.24919526674106E+01
 0.23913100027493E+01
 0.22890119755876E+01
 0.21850419661388E+01
 0.20793832851175E+01
 0.19720192075796E+01
 0.18629329332275E+01
 0.17521076020687E+01
 0.16395262979741E+01
 0.15251720385317E+01
 0.14090277982268E+01
 0.12910765163492E+01
 0.11713010060113E+01
 0.10496840512975E+01
 0.92620839962816E+00
 0.80085672828799E+00
 0.67361165524701E+00
 0.54445573855166E+00
 0.41337146421475E+00
 0.28034128752059E+00
 0.14534760176426E+00
 0.83727341459564E-02
-0.13060106379169E+00
-0.27159155342124E+00
-0.41461658603503E+00
-0.55969405837736E+00
-0.70684193344876E+00
-0.85607822192284E+00
-0.10074209927467E+01
-0.11608883760444E+01
-0.13164985493056E+01
-0.14742697531283E+01
-0.16342203155824E+01
-0.17963685485648E+01
-0.19607329006023E+01
-0.21273318127056E+01
-0.22961837999868E+01
-0.24673075086618E+01
-0.26407214889283E+01
-0.28164444702961E+01
-0.29944952264552E+01
-0.31748925412175E+01
-0.33576552615495E+01
-0.35428023061434E+01
-0.37303527201818E+01
-0.39203254624890E+01
-0.41127396247069E+01
-0.43076143539968E+01
-0.45049688885270E+01
-0.47048224719526E+01
-0.49071943956362E+01
-0.51121040347207E+01
-0.53195708255076E+01
