 0.26504529431295E+01
 0.26504529431250E+01
 0.26504529430185E+01
 0.26504529423105E+01
 0.26504529398173E+01
 0.26504529336840E+01
 0.26504529215454E+01
 0.26504529007552E+01
 0.26504528693171E+01
 0.26504528284792E+01
 0.26504527890477E+01
 0.26504527817332E+01
 0.26504528715647E+01
 0.26504531737337E+01
 0.26504538691052E+01
 0.26504552170343E+01
 0.26504575637158E+01
 0.26504613458094E+01
 0.26504670909460E+01
 0.26504754100112E+01
 0.26504869909478E+01
 0.26505025889868E+01
 0.26505230150551E+01
 0.26505491231166E+01
 0.26505818031443E+01
 0.26506219741381E+01
 0.26506705576358E+01
 0.26507284761443E+01
 0.26507966563144E+01
 0.26508760045728E+01
 0.26509674416874E+01
 0.26510718191171E+01
 0.26511900266246E+01
 0.26513228245752E+01
 0.26514710543996E+01
 0.26516354477645E+01
 0.26518167121191E+01
 0.26520155094236E+01
 0.26522324492694E+01
 0.26524680943325E+01
 0.26527229509448E+01
 0.26529974629850E+01
 0.26532920133327E+01
 0.26536069151393E+01
 0.26539424118431E+01
 0.26542986731523E+01
 0.26546757917188E+01
 0.26550737857486E+01
 0.26554925720902E+01
 0.26559319978149E+01
 0.26563918148979E+01
 0.26568716832321E+01
 0.26573711673603E+01
 0.26578897343530E+01
 0.26584267521232E+01
 0.26589814865683E+01
 0.26595530986930E+01
 0.26601406473283E+01
 0.26607430832255E+01
 0.26613592493605E+01
 0.26619878926235E+01
 0.26626276194275E+01
 0.26632769441266E+01
 0.26639342672347E+01
 0.26645978774562E+01
 0.26652659507867E+01
 0.26659365479072E+01
 0.26666076160934E+01
 0.26672769898924E+01
 0.26679423894659E+01
 0.26686014198113E+01
 0.26692515695793E+01
 0.26698902078920E+01
 0.26705146209956E+01
 0.26711219424421E+01
 0.26717092029518E+01
 0.26722733195237E+01
 0.26728110944922E+01
 0.26733192109859E+01
 0.26737942363853E+01
 0.26742326455187E+01
 0.26746307338700E+01
 0.26749847286517E+01
 0.26752898853169E+01
 0.26755437074360E+01
 0.26757413326462E+01
 0.26758784880613E+01
 0.26759507683792E+01
 0.26759536413634E+01
 0.26758824591960E+01
 0.26757324510042E+01
 0.26754986522930E+01
 0.26751760222015E+01
 0.26747593640478E+01
 0.26742433237900E+01
 0.26736224261146E+01
 0.26728910431727E+01
 0.26720434304585E+01
 0.26710735923520E+01
 0.26699754335243E+01
 0.26687427564096E+01
 0.26673691176871E+01
 0.26658479439454E+01
 0.26641725044695E+01
 0.26623358727706E+01
 0.26603309755081E+01
 0.26581505806223E+01
 0.26557872519618E+01
 0.26532333839190E+01
 0.26504812209005E+01
 0.26475228243305E+01
 0.26443500752786E+01
 0.26409547220141E+01
 0.26373283338661E+01
 0.26334622974150E+01
 0.26293479437162E+01
 0.26249764057959E+01
 0.26203386732576E+01
 0.26154257302745E+01
 0.26102283697416E+01
 0.26047360245538E+01
 0.25989419640640E+01
 0.25928357024957E+01
 0.25864079109552E+01
 0.25796494206402E+01
 0.25725510996081E+01
 0.25651039275587E+01
 0.25572990267369E+01
 0.25491278121871E+01
 0.25405819149195E+01
 0.25316532810134E+01
 0.25223342812928E+01
 0.25126176959211E+01
 0.25024968226250E+01
 0.24919655065786E+01
 0.24810181403314E+01
 0.24696499697614E+01
 0.24578568085381E+01
 0.24456353246158E+01
 0.24329830113924E+01
 0.24198982576966E+01
 0.24063803021942E+01
 0.23924293513760E+01
 0.23780465759079E+01
 0.23632340831044E+01
 0.23479949559835E+01
 0.23323332183864E+01
 0.23162538482405E+01
 0.22997626460327E+01
 0.22828663928541E+01
 0.22655725697927E+01
 0.22478895289732E+01
 0.22298251940088E+01
 0.22113915852444E+01
 0.21925980618458E+01
 0.21734553199063E+01
 0.21539751921909E+01
 0.21341696128347E+01
 0.21140511101451E+01
 0.20936327759802E+01
 0.20729280521716E+01
 0.20519509137880E+01
 0.20307159500045E+01
 0.20092381719292E+01
 0.19875332003944E+01
 0.19656171800299E+01
 0.19435070139601E+01
 0.19212206815775E+01
 0.18987765229868E+01
 0.18761939927669E+01
 0.18534935230436E+01
 0.18306964292844E+01
 0.18078251014129E+01
 0.17849029331804E+01
 0.17619541870625E+01
 0.17390042447202E+01
 0.17160792216163E+01
 0.16932057536431E+01
 0.16704110436415E+01
 0.16477224303681E+01
 0.16251671398874E+01
 0.16027723677415E+01
 0.15805640188351E+01
 0.15585680725821E+01
 0.15368083879357E+01
 0.15153074864842E+01
 0.14940865258907E+01
 0.14731644259471E+01
 0.14525583045066E+01
 0.14322833173397E+01
 0.14123514560511E+01
 0.13927738043849E+01
 0.13735588754274E+01
 0.13547134038289E+01
 0.13362420053938E+01
 0.13181478759595E+01
 0.13004325464460E+01
 0.12830962028333E+01
 0.12661377992745E+01
 0.12495550547292E+01
 0.12333453682137E+01
 0.12175048484398E+01
 0.12020291281399E+01
 0.11869132639980E+01
 0.11721520353179E+01
 0.11577397996249E+01
 0.11436705799373E+01
 0.11299384541843E+01
 0.11165372337967E+01
 0.11034606262910E+01
 0.10907024238489E+01
 0.10782563525898E+01
 0.10661160969345E+01
 0.10542753946760E+01
 0.10427281462417E+01
 0.10314682462104E+01
 0.10204897188670E+01
 0.10097866505188E+01
 0.99935324035043E+00
 0.98918389594071E+00
 0.97927277721639E+00
 0.96961455071038E+00
 0.96020379563693E+00
 0.95103524983838E+00
 0.94210374333107E+00
 0.93340419020759E+00
 0.92493166262044E+00
 0.91668128880755E+00
 0.90864831966605E+00
 0.90082808138420E+00
 0.89321600503853E+00
 0.88580765149079E+00
 0.87859864202214E+00
 0.87158468775787E+00
 0.86476159329857E+00
 0.85812527553319E+00
 0.85167167980762E+00
 0.84539688949667E+00
 0.83929702831589E+00
 0.83336832873901E+00
 0.82760709308913E+00
 0.82200970559976E+00
 0.81657260803788E+00
 0.81129231084905E+00
 0.80616541642183E+00
 0.80118859616176E+00
 0.79635856810471E+00
 0.79167213342213E+00
 0.78712616341967E+00
 0.78271758072646E+00
 0.77844334377852E+00
 0.77430053563562E+00
 0.77028626139390E+00
 0.76639769100029E+00
 0.76263205296823E+00
 0.75898662551710E+00
 0.75545874741371E+00
 0.75204581517026E+00
 0.74874526423849E+00
 0.74555460203477E+00
 0.74247137361822E+00
 0.73949317379656E+00
 0.73661765530291E+00
 0.73384251239247E+00
 0.73116548873639E+00
 0.72858436517308E+00
 0.72609698296062E+00
 0.72370121713823E+00
 0.72139498836602E+00
 0.71917626265301E+00
 0.71704304524430E+00
 0.71499337984331E+00
 0.71302535811354E+00
 0.71113710572432E+00
 0.70932678548971E+00
 0.70759259902298E+00
 0.70593278845666E+00
 0.70434562919603E+00
 0.70282943242936E+00
 0.70138254348630E+00
 0.70000334412054E+00
 0.69869024534015E+00
 0.69744170098323E+00
 0.69625618788391E+00
 0.69513221359704E+00
 0.69406832240702E+00
 0.69306309150476E+00
 0.69211511361103E+00
 0.69122302834579E+00
 0.69038549370964E+00
 0.68960119750948E+00
 0.68886885090964E+00
 0.68818720187734E+00
 0.68755501920859E+00
 0.68697109543662E+00
 0.68643425081870E+00
 0.68594332766876E+00
 0.68549720345044E+00
 0.68509476522397E+00
 0.68473492900851E+00
