 0.19106043519162E+00
 0.19106043519174E+00
 0.19106043519449E+00
 0.19106043521232E+00
 0.19106043527427E+00
 0.19106043542382E+00
 0.19106043569864E+00
 0.19106043604563E+00
 0.19106043610244E+00
 0.19106043473844E+00
 0.19106042949796E+00
 0.19106041598846E+00
 0.19106038740077E+00
 0.19106033421089E+00
 0.19106024413986E+00
 0.19106010231892E+00
 0.19105989161972E+00
 0.19105959298862E+00
 0.19105918580009E+00
 0.19105864809429E+00
 0.19105795820820E+00
 0.19105709374237E+00
 0.19105603267795E+00
 0.19105475307671E+00
 0.19105323357620E+00
 0.19105145374705E+00
 0.19104939388837E+00
 0.19104703527764E+00
 0.19104436005154E+00
 0.19104135134814E+00
 0.19103799385094E+00
 0.19103427180677E+00
 0.19103017159886E+00
 0.19102568195000E+00
 0.19102078797439E+00
 0.19101548282363E+00
 0.19100975315215E+00
 0.19100359110490E+00
 0.19099698876597E+00
 0.19098993968573E+00
 0.19098243817882E+00
 0.19097447981179E+00
 0.19096606133858E+00
 0.19095718079896E+00
 0.19094783762921E+00
 0.19093803264776E+00
 0.19092776822190E+00
 0.19091704829779E+00
 0.19090587848467E+00
 0.19089426607060E+00
 0.19088222018715E+00
 0.19086975184400E+00
 0.19085687400337E+00
 0.19084360166828E+00
 0.19082995193420E+00
 0.19081594406148E+00
 0.19080159954869E+00
 0.19078694215888E+00
 0.19077199802246E+00
 0.19075679565260E+00
 0.19074136602793E+00
 0.19072574258705E+00
 0.19070996132250E+00
 0.19069406079487E+00
 0.19067808220488E+00
 0.19066206929129E+00
 0.19064606850566E+00
 0.19063012897500E+00
 0.19061430257944E+00
 0.19059864389896E+00
 0.19058321030737E+00
 0.19056806192828E+00
 0.19055326170213E+00
 0.19053887536111E+00
 0.19052497122421E+00
 0.19051162094623E+00
 0.19049889895837E+00
 0.19048688246113E+00
 0.19047565159523E+00
 0.19046528951822E+00
 0.19045588241141E+00
 0.19044751941739E+00
 0.19044029278368E+00
 0.19043429789735E+00
 0.19042963338415E+00
 0.19042640105387E+00
 0.19042473600195E+00
 0.19042469222263E+00
 0.19042640667700E+00
 0.19042999522487E+00
 0.19043557715982E+00
 0.19044327535865E+00
 0.19045321631562E+00
 0.19046553070550E+00
 0.19048035353770E+00
 0.19049782382494E+00
 0.19051808459835E+00
 0.19054128376849E+00
 0.19056757398611E+00
 0.19059711147244E+00
 0.19063005778477E+00
 0.19066658144098E+00
 0.19070685396924E+00
 0.19075105286881E+00
 0.19079936121687E+00
 0.19085196805056E+00
 0.19090906811185E+00
 0.19097086208233E+00
 0.19103755684587E+00
 0.19110936541962E+00
 0.19118650834485E+00
 0.19126921178612E+00
 0.19135770869665E+00
 0.19145223768035E+00
 0.19155304740124E+00
 0.19166039129948E+00
 0.19177452850358E+00
 0.19189572673546E+00
 0.19202425994737E+00
 0.19216040836740E+00
 0.19230445895489E+00
 0.19245670493462E+00
 0.19261748283103E+00
 0.19278702176503E+00
 0.19296566700192E+00
 0.19315372965664E+00
 0.19335152492006E+00
 0.19355937092583E+00
 0.19377758703818E+00
 0.19400649332134E+00
 0.19424640895902E+00
 0.19449765068010E+00
 0.19476053211892E+00
 0.19503536255059E+00
 0.19532244377130E+00
 0.19562207076869E+00
 0.19593452924488E+00
 0.19626009115121E+00
 0.19659901782578E+00
 0.19695155665184E+00
 0.19731793848272E+00
 0.19769837657485E+00
 0.19809306502432E+00
 0.19850218063923E+00
 0.19892587707941E+00
 0.19936428911774E+00
 0.19981752810059E+00
 0.20028568580467E+00
 0.20076883143797E+00
 0.20126700997503E+00
 0.20178025027416E+00
 0.20230855767405E+00
 0.20285191844931E+00
 0.20341030011794E+00
 0.20398365325583E+00
 0.20457191209232E+00
 0.20517503426235E+00
 0.20579284918742E+00
 0.20642528328454E+00
 0.20707221207688E+00
 0.20773351001675E+00
 0.20840902291712E+00
 0.20909860110709E+00
 0.20980207114321E+00
 0.21051925725542E+00
 0.21124996227359E+00
 0.21199397709452E+00
 0.21275108379493E+00
 0.21352103258593E+00
 0.21430356805851E+00
 0.21509839886277E+00
 0.21590522072961E+00
 0.21672369473328E+00
 0.21755345784467E+00
 0.21839410079311E+00
 0.21924518398560E+00
 0.22010622346728E+00
 0.22097670057727E+00
 0.22185604828573E+00
 0.22274365485140E+00
 0.22363886348764E+00
 0.22454097131347E+00
 0.22544923660662E+00
 0.22636287743433E+00
 0.22728107570063E+00
 0.22820298350968E+00
 0.22912772938070E+00
 0.23005443414784E+00
 0.23098219425069E+00
 0.23191011171483E+00
 0.23283728388193E+00
 0.23376288134606E+00
 0.23468602209142E+00
 0.23560589761761E+00
 0.23652171562820E+00
 0.23743273461377E+00
 0.23833825652865E+00
 0.23923762372815E+00
 0.24013023126918E+00
 0.24101552087790E+00
 0.24189298237362E+00
 0.24276215326408E+00
 0.24362261368826E+00
 0.24447398766090E+00
 0.24531593904613E+00
 0.24614816871423E+00
 0.24697040118489E+00
 0.24778244021535E+00
 0.24858404583329E+00
 0.24937505696436E+00
 0.25015531448096E+00
 0.25092469278468E+00
 0.25168308064142E+00
 0.25243038443054E+00
 0.25316652355835E+00
 0.25389143611852E+00
 0.25460507333352E+00
 0.25530739874634E+00
 0.25599838506325E+00
 0.25667801510359E+00
 0.25734627096564E+00
 0.25800317189084E+00
 0.25864872024251E+00
 0.25928292806254E+00
 0.25990581825811E+00
 0.26051741854463E+00
 0.26111776360788E+00
 0.26170689408543E+00
 0.26228485410568E+00
 0.26285169660307E+00
 0.26340747232951E+00
 0.26395224401526E+00
 0.26448607490399E+00
 0.26500903238792E+00
 0.26552118866603E+00
 0.26602261740639E+00
 0.26651339855633E+00
 0.26699361406852E+00
 0.26746334859705E+00
 0.26792269173071E+00
 0.26837173156622E+00
 0.26881056924171E+00
 0.26923929341339E+00
 0.26965800706099E+00
 0.27006680752145E+00
 0.27046579926991E+00
 0.27085508858100E+00
 0.27123478061293E+00
 0.27160498744963E+00
 0.27196581770902E+00
 0.27231738389179E+00
 0.27265979754914E+00
 0.27299317307129E+00
 0.27331762754477E+00
 0.27363327843003E+00
 0.27394024151324E+00
 0.27423863643097E+00
 0.27452858113710E+00
 0.27481019484347E+00
 0.27508359858802E+00
 0.27534891294178E+00
 0.27560625816154E+00
 0.27585575605783E+00
 0.27609752738725E+00
 0.27633169260712E+00
 0.27655837312474E+00
 0.27677768996262E+00
 0.27698976414779E+00
 0.27719471582762E+00
 0.27739266614477E+00
 0.27758373365716E+00
 0.27776803811139E+00
 0.27794569819237E+00
 0.27811683145616E+00
 0.27828155539722E+00
 0.27843998762516E+00
 0.27859224343280E+00
 0.27873843788165E+00
 0.27887868476946E+00
 0.27901309829015E+00
 0.27914179065829E+00
 0.27926487310550E+00
 0.27938245619399E+00
 0.27949464898229E+00
 0.27960155993667E+00
 0.27970329616021E+00
 0.27979996363923E+00
 0.27989166743570E+00
 0.27997851078648E+00
 0.28006059528388E+00
 0.28013802387587E+00
 0.28021089540998E+00
 0.28027930932068E+00
 0.28034336279890E+00
 0.28040315189793E+00
 0.28045877183025E+00
 0.28051031384404E+00
 0.28055787288840E+00
 0.28060153940262E+00
 0.28064140157201E+00
