 0.00000000000000E+00
-0.28617497016887E-05
-0.28796226482643E-04
-0.11104535745027E-03
-0.34676056808867E-03
-0.63625715471812E-03
-0.90742334167370E-03
-0.11548800686366E-02
-0.16102571435488E-02
-0.19363908826313E-02
-0.20451731435473E-02
-0.18612144238991E-02
-0.13613470705928E-02
-0.41366305531572E-03
 0.10665030559716E-02
 0.30668054427906E-02
 0.56336516183074E-02
 0.87654760693960E-02
 0.12403540624438E-01
 0.16541163899809E-01
 0.21127287910419E-01
 0.26201379652647E-01
 0.31541593359326E-01
 0.37140396916688E-01
 0.43027623719965E-01
 0.49099994389489E-01
 0.55302132347406E-01
 0.61584746493230E-01
 0.67900613125087E-01
 0.74203864704222E-01
 0.80456550771393E-01
 0.86626238940945E-01
 0.92669536582579E-01
 0.98558901993684E-01
 0.10427197956092E+00
 0.10978593415671E+00
 0.11508309228083E+00
 0.12015002711976E+00
 0.12497688094536E+00
 0.12955674294801E+00
 0.13388622162813E+00
 0.13796311193584E+00
 0.14178889740133E+00
 0.14536697603118E+00
 0.14870253564670E+00
 0.15180251123481E+00
 0.15467519297415E+00
 0.15733001606164E+00
 0.15977717441992E+00
 0.16202750015959E+00
 0.16409210100046E+00
 0.16598276690749E+00
 0.16771122163262E+00
 0.16928929294378E+00
 0.17072863454468E+00
 0.17204086465775E+00
 0.17323714763244E+00
 0.17432848180371E+00
 0.17532546447387E+00
 0.17623829064261E+00
 0.17707674107548E+00
 0.17785015874105E+00
 0.17856738664613E+00
 0.17923689552596E+00
 0.17986669628560E+00
 0.18046429245207E+00
 0.18103675640710E+00
 0.18159081970228E+00
 0.18213274922322E+00
 0.18266843991320E+00
 0.18320348423700E+00
 0.18374303409941E+00
 0.18429199721721E+00
 0.18485491412422E+00
 0.18543610018945E+00
 0.18603955153937E+00
 0.18666906709579E+00
 0.18732817840005E+00
 0.18802028363082E+00
 0.18874854051493E+00
 0.18951594130469E+00
 0.19032534671002E+00
 0.19117949434844E+00
 0.19208100551446E+00
 0.19303199414744E+00
 0.19403629930477E+00
 0.19509516607020E+00
 0.19621028286075E+00
 0.19738438770148E+00
 0.19861969529991E+00
 0.19991836813603E+00
 0.20128248459858E+00
 0.20271411889553E+00
 0.20421535806685E+00
 0.20578833314469E+00
 0.20743505035108E+00
 0.20915765026687E+00
 0.21095826455407E+00
 0.21283912638983E+00
 0.21480247402635E+00
 0.21685020733518E+00
 0.21898493675112E+00
 0.22120881375223E+00
 0.22352423240273E+00
 0.22593365262135E+00
 0.22843950938439E+00
 0.23104431537306E+00
 0.23375063143231E+00
 0.23656110599504E+00
 0.23947843501290E+00
 0.24250540881892E+00
 0.24564484762347E+00
 0.24889963436989E+00
 0.25227267356281E+00
 0.25576706883301E+00
 0.25938586416479E+00
 0.26313215134201E+00
 0.26700912216612E+00
 0.27102000214647E+00
 0.27516800977371E+00
 0.27945663344500E+00
 0.28388890116880E+00
 0.28846909666262E+00
 0.29319921318137E+00
 0.29808332138037E+00
 0.30312476093472E+00
 0.30832687762668E+00
 0.31369301305201E+00
 0.31922646179571E+00
 0.32493046592367E+00
 0.33080817775289E+00
 0.33686267575589E+00
 0.34309693296618E+00
 0.34951380620301E+00
 0.35611600916321E+00
 0.36290610332463E+00
 0.36988647110109E+00
 0.37705928097757E+00
 0.38442653053908E+00
 0.39198995107705E+00
 0.39975105445685E+00
 0.40771109801823E+00
 0.41587108037842E+00
 0.42423165741934E+00
 0.43279325231182E+00
 0.44155596231070E+00
 0.45051959192704E+00
 0.45968360978238E+00
 0.46904720272488E+00
 0.47860920785380E+00
 0.48836820675936E+00
 0.49832237608233E+00
 0.50846972620099E+00
 0.51880782945915E+00
 0.52933402261730E+00
 0.54004553968588E+00
 0.55093910737589E+00
 0.56201114410053E+00
 0.57325805778962E+00
 0.58467586722128E+00
 0.59626067234381E+00
 0.60800793819494E+00
 0.61991325980024E+00
 0.63197193305993E+00
 0.64417912621350E+00
 0.65652991283107E+00
 0.66901914550313E+00
 0.68164168309092E+00
 0.69439218036050E+00
 0.70726525619033E+00
 0.72025544677902E+00
 0.73335727003366E+00
 0.74656516482804E+00
 0.75987356651433E+00
 0.77327685929159E+00
 0.78676945564648E+00
 0.80034578342387E+00
 0.81400026081283E+00
 0.82772738863168E+00
 0.84152166026931E+00
 0.85537766505279E+00
 0.86929006639875E+00
 0.88325360994315E+00
 0.89726313313221E+00
 0.91131360090219E+00
 0.92540007766764E+00
 0.93951778461889E+00
 0.95366208739734E+00
 0.96782843198422E+00
 0.98201251133083E+00
 0.99621011862007E+00
 0.10104172991855E+01
 0.10246301216941E+01
 0.10388449458633E+01
 0.10530582202416E+01
 0.10672665951014E+01
 0.10814668544086E+01
 0.10956559973823E+01
 0.11098311057661E+01
 0.11239894415402E+01
 0.11381284044808E+01
 0.11522455345195E+01
 0.11663384937141E+01
 0.11804050645930E+01
 0.11944431481563E+01
 0.12084507544268E+01
 0.12224259868817E+01
 0.12363670121196E+01
 0.12502721874361E+01
 0.12641398981450E+01
 0.12779686278196E+01
 0.12917569157832E+01
 0.13055033893019E+01
 0.13192067499008E+01
 0.13328657593551E+01
 0.13464792567021E+01
 0.13600461284326E+01
 0.13735653204446E+01
 0.13870358531439E+01
 0.14004567722419E+01
 0.14138271950578E+01
 0.14271462729483E+01
 0.14404132164417E+01
 0.14536272687431E+01
 0.14667877307887E+01
 0.14798939210439E+01
 0.14929452123699E+01
 0.15059410196314E+01
 0.15188807723424E+01
 0.15317639663686E+01
 0.15445900927153E+01
 0.15573586943967E+01
 0.15700693461403E+01
 0.15827216414806E+01
 0.15953152223608E+01
 0.16078497199984E+01
 0.16203248236443E+01
 0.16327402291988E+01
 0.16450956626098E+01
 0.16573909057120E+01
 0.16696256976992E+01
 0.16817998200931E+01
 0.16939130803129E+01
 0.17059653547361E+01
 0.17179564449489E+01
 0.17298862115840E+01
 0.17417545915919E+01
 0.17535614377664E+01
 0.17653066959818E+01
 0.17769902921297E+01
 0.17886121831193E+01
 0.18001723049594E+01
 0.18116706352942E+01
 0.18231071728544E+01
 0.18344819216681E+01
 0.18457948932215E+01
 0.18570461157716E+01
 0.18682356136292E+01
 0.18793634350583E+01
 0.18904296431911E+01
 0.19014343015812E+01
 0.19123774819117E+01
 0.19232593057022E+01
 0.19340798449861E+01
 0.19448392016606E+01
 0.19555374932189E+01
 0.19661748402672E+01
 0.19767513722450E+01
 0.19872672359812E+01
 0.19977225790574E+01
 0.20081175394002E+01
 0.20184522828231E+01
 0.20287269739269E+01
 0.20389417826156E+01
 0.20490968849021E+01
 0.20591924752285E+01
 0.20692287323728E+01
 0.20792058523695E+01
 0.20891240337796E+01
 0.20989834788865E+01
 0.21087844017950E+01
 0.21185270156940E+01
 0.21282115330984E+01
 0.21378381798129E+01
 0.21474071813304E+01
 0.21569187652319E+01
 0.21663731652973E+01
 0.21757706178850E+01
 0.21851113618138E+01
 0.21943956424082E+01
 0.22036237003441E+01
 0.22127957840239E+01
 0.22219121531735E+01
 0.22309730566866E+01
 0.22399787500084E+01
 0.22489294908517E+01
 0.22578255451832E+01
 0.22666671655225E+01
 0.22754546261299E+01
 0.22841881888320E+01
