 0.00000000000000E+00
 0.23195645239190E-24
 0.14599681441135E-22
 0.15547810818036E-21
 0.10600917463493E-20
 0.50865063496441E-20
 0.13393177365508E-19
 0.27463266222413E-19
 0.55158616384733E-19
 0.92369408083270E-19
 0.18597659717938E-18
 0.22558558959030E-18
 0.23285755304074E-18
 0.88269258478234E-19
-0.32708363264327E-18
 0.49664452886504E-11
-0.89319051202682E-11
 0.65248243886619E-11
 0.49265831118466E-11
 0.94831168355547E-12
-0.23344244556461E-10
 0.10232978951198E-10
 0.25851441100073E-09
 0.84061920420093E-09
 0.15323053351601E-07
-0.80097926578332E-08
-0.21733791691197E-06
-0.25121516895296E-05
 0.22183091553491E-05
-0.44000925140052E-06
-0.48872668895629E-06
-0.20640420039069E-05
 0.11659075810545E-05
 0.13849735038678E-05
-0.24210778249954E-05
 0.86539224901185E-06
-0.16431940076365E-05
-0.45917198560460E-06
-0.85186722160223E-06
 0.13905944600489E-05
-0.73007843953914E-06
-0.10006583804952E-05
-0.21411584023385E-07
 0.17102647813550E-05
 0.27399634492777E-06
 0.62701703337845E-06
 0.10282535554275E-06
-0.38052159433080E-06
-0.37694099751079E-06
 0.11308702016653E-05
 0.65070815984753E-06
 0.58006471159294E-06
-0.99156416264411E-06
 0.46380026086548E-06
 0.25464999923100E-05
 0.23619095271351E-05
 0.33209261006477E-05
 0.48536515411846E-05
 0.57367737850045E-05
 0.64405662310361E-05
 0.78895232979463E-05
 0.12817563640913E-04
 0.12474576318252E-04
 0.16994888410946E-04
 0.20760889783580E-04
 0.26582633808944E-04
 0.30751089945450E-04
 0.38759882174161E-04
 0.47112086305764E-04
 0.54686900377201E-04
 0.64655849770261E-04
 0.77202884453106E-04
 0.89209880478733E-04
 0.10469335358251E-03
 0.12304399708159E-03
 0.14171307638943E-03
 0.16367642127255E-03
 0.18749832461444E-03
 0.21508331623122E-03
 0.24833590237097E-03
 0.28084017639317E-03
 0.32172645868304E-03
 0.40290200357132E-03
 0.47571428448553E-03
 0.41705870431805E-03
 0.35662976811481E-03
 0.58145074471288E-03
 0.64885173744021E-03
 0.72492001888351E-03
 0.80869364683519E-03
 0.89563576824035E-03
 0.99145010224626E-03
 0.10951672673886E-02
 0.12096741529511E-02
 0.13334772343884E-02
 0.14653808822194E-02
 0.16076931962769E-02
 0.17623399844729E-02
 0.19265714479295E-02
 0.21049101802709E-02
 0.22939411085030E-02
 0.24953095066630E-02
 0.27124197037850E-02
 0.29435758296766E-02
 0.31909642887051E-02
 0.34538224944941E-02
 0.37344041158109E-02
 0.40321450238314E-02
 0.43474211811445E-02
 0.46847936540538E-02
 0.50386106480575E-02
 0.54159753986692E-02
 0.58133315715423E-02
 0.62357572666743E-02
 0.66811248590616E-02
 0.71489608463104E-02
 0.76445016151024E-02
 0.81642094814950E-02
 0.87087971017299E-02
 0.91114219509641E-02
 0.10200963972873E-01
 0.10171669300726E-01
 0.11205275859773E-01
 0.11893601114088E-01
 0.12624453523541E-01
 0.13384653193635E-01
 0.14182060535477E-01
 0.15015106528132E-01
 0.15876195978162E-01
 0.16772545225549E-01
 0.17707075713110E-01
 0.18673806269887E-01
 0.19676235492805E-01
 0.20715851800601E-01
 0.21786037674018E-01
 0.22890513781701E-01
 0.24026524836936E-01
 0.25194602515696E-01
 0.26391456263885E-01
 0.27612551684873E-01
 0.28880416078306E-01
 0.30143131092632E-01
 0.31439218066883E-01
 0.32759735565773E-01
 0.34104023735559E-01
 0.35450723633251E-01
 0.36798953070095E-01
 0.38173165487961E-01
 0.39544065446953E-01
 0.40920063143520E-01
 0.42450196768823E-01
 0.43468252668274E-01
 0.44997258082463E-01
 0.46591615697093E-01
 0.47643551357968E-01
 0.48789693312210E-01
 0.50277892840824E-01
 0.51545898920308E-01
 0.52763781678564E-01
 0.53969105083601E-01
 0.54991909821103E-01
 0.56176006201152E-01
 0.57264261645075E-01
 0.58410742630357E-01
 0.59344576300080E-01
 0.60244570674635E-01
 0.61125780878647E-01
 0.61908832875571E-01
 0.62627587556495E-01
 0.63284033331556E-01
 0.63876157337604E-01
 0.64380018454092E-01
 0.64828695352248E-01
 0.65204318036686E-01
 0.65463459770944E-01
 0.65678146016623E-01
 0.65679249817394E-01
 0.65729935213087E-01
 0.65690003476544E-01
 0.65518327484862E-01
 0.65250584747997E-01
 0.64954504569734E-01
 0.64558202496235E-01
 0.64047346426173E-01
 0.63512048185936E-01
 0.62919817790922E-01
 0.62239206690011E-01
 0.61516361757541E-01
 0.60683359808940E-01
 0.60045013195658E-01
 0.59071188250363E-01
 0.58310840856605E-01
 0.57531741875099E-01
 0.56578369518182E-01
 0.55664187221750E-01
 0.54906597868066E-01
 0.53957956581280E-01
 0.53144143934808E-01
 0.52328180258260E-01
 0.51531698060867E-01
 0.50751298624308E-01
 0.49940397937404E-01
 0.49179261977357E-01
 0.48528288184525E-01
 0.47893218173641E-01
 0.46961351201256E-01
 0.46499189048819E-01
 0.45854742299787E-01
 0.45271990699176E-01
 0.44691256992149E-01
 0.44109701891529E-01
 0.43639998484660E-01
 0.43064907356650E-01
 0.42634997174824E-01
 0.42143822010232E-01
 0.41666980317665E-01
 0.41299642139878E-01
 0.40787968498103E-01
 0.40487446289922E-01
 0.40122901052365E-01
 0.39681510152051E-01
 0.39329581581176E-01
 0.39066174743313E-01
 0.38696105449656E-01
 0.38356971645466E-01
 0.38118434655813E-01
 0.37734358183372E-01
 0.37612535545555E-01
 0.37274763893857E-01
 0.36955784529356E-01
 0.36784455237644E-01
 0.36439746628444E-01
 0.36426849596473E-01
 0.36056181323878E-01
 0.35804398069829E-01
 0.35688789807360E-01
 0.35389519021203E-01
 0.35449402118652E-01
 0.35011979674219E-01
 0.34925350136055E-01
 0.34722608548216E-01
 0.34551377573139E-01
 0.34240451085899E-01
 0.34485530047084E-01
 0.34013991563699E-01
 0.33955480078306E-01
 0.33988492082844E-01
 0.33455965098292E-01
 0.33675132369919E-01
 0.33331887124304E-01
 0.33205997455988E-01
 0.33286539186109E-01
 0.33158155829452E-01
 0.33072400135626E-01
 0.33071445951563E-01
 0.32769060847288E-01
 0.32673635752579E-01
 0.32740119495928E-01
 0.32396021536199E-01
 0.32302429445757E-01
 0.32606704006836E-01
 0.32242139840223E-01
 0.32083366596995E-01
 0.32028234667639E-01
 0.31964190998670E-01
 0.31927538836884E-01
 0.31821550104273E-01
 0.31684260122464E-01
 0.31640558128421E-01
 0.31675815130725E-01
 0.31580960266780E-01
 0.31466763990136E-01
 0.31424164008161E-01
 0.31354811555518E-01
 0.31361398510487E-01
 0.31301409795954E-01
 0.31230795101638E-01
 0.31192731448374E-01
 0.31179581211436E-01
 0.31083902634403E-01
 0.31034646660577E-01
 0.31049134607169E-01
 0.30951156579856E-01
 0.30885840895245E-01
 0.30844205244477E-01
 0.30738341619514E-01
 0.30810393949732E-01
 0.30820674697842E-01
 0.30564525045869E-01
 0.30551723888806E-01
 0.30593240867471E-01
 0.30676471550275E-01
 0.30603936818878E-01
 0.30543785801867E-01
 0.30498927325924E-01
 0.30329139410529E-01
 0.30494379238546E-01
 0.30408259149828E-01
 0.30412377787993E-01
 0.30365653438703E-01
