-0.47350717324677E+01
-0.47350715745180E+01
-0.47350700653006E+01
-0.47350643656615E+01
-0.47350502503335E+01
-0.47350225201092E+01
-0.47349762150928E+01
-0.47349112515194E+01
-0.47348426628246E+01
-0.47348144536546E+01
-0.47349114709925E+01
-0.47352643457003E+01
-0.47360459385661E+01
-0.47374608835466E+01
-0.47397312687812E+01
-0.47430814921909E+01
-0.47477246029600E+01
-0.47538512974246E+01
-0.47616220627378E+01
-0.47711622081699E+01
-0.47825606751203E+01
-0.47958690620174E+01
-0.48111040016413E+01
-0.48282491805884E+01
-0.48472591951370E+01
-0.48680633238754E+01
-0.48905692924406E+01
-0.49146671833995E+01
-0.49402328311614E+01
-0.49671314290697E+01
-0.49952206725023E+01
-0.50243532057774E+01
-0.50543792523394E+01
-0.50851489624003E+01
-0.51165133553436E+01
-0.51483273204306E+01
-0.51804489605775E+01
-0.52127421035521E+01
-0.52450764649570E+01
-0.52773287750017E+01
-0.53093824384902E+01
-0.53411283038019E+01
-0.53724646403220E+01
-0.54032972522131E+01
-0.54335394293524E+01
-0.54631118267718E+01
-0.54919422937371E+01
-0.55199656637722E+01
-0.55471234569981E+01
-0.55733635551330E+01
-0.55986399835721E+01
-0.56229125479736E+01
-0.56461465165184E+01
-0.56683122947302E+01
-0.56893851063801E+01
-0.57093446690271E+01
-0.57281749262688E+01
-0.57458637188398E+01
-0.57624025190697E+01
-0.57777861650495E+01
-0.57920126067595E+01
-0.58050826701595E+01
-0.58169998337231E+01
-0.58277700197379E+01
-0.58374013993693E+01
-0.58459042085686E+01
-0.58532905657600E+01
-0.58595743298894E+01
-0.58647709583107E+01
-0.58688973408711E+01
-0.58719717051549E+01
-0.58740134715241E+01
-0.58750431594725E+01
-0.58750822636013E+01
-0.58741529217637E+01
-0.58722785412357E+01
-0.58694831264660E+01
-0.58657912063747E+01
-0.58612279097984E+01
-0.58558188602209E+01
-0.58495901000480E+01
-0.58425680507988E+01
-0.58347794720272E+01
-0.58262513845868E+01
-0.58170110465853E+01
-0.58070858766395E+01
-0.57965065357835E+01
-0.57852951125930E+01
-0.57734816375839E+01
-0.57610940040790E+01
-0.57481598937412E+01
-0.57347069931559E+01
-0.57207626537882E+01
-0.57063544177783E+01
-0.56915097259903E+01
-0.56762559704892E+01
-0.56606199423478E+01
-0.56446284947840E+01
-0.56283082864232E+01
-0.56116848547578E+01
-0.55947851962754E+01
-0.55776349400195E+01
-0.55602597343464E+01
-0.55426845169084E+01
-0.55249338802510E+01
-0.55070326230530E+01
-0.54890048348936E+01
-0.54708743451102E+01
-0.54526644271648E+01
-0.54343980008122E+01
-0.54160976093912E+01
-0.53977851752306E+01
-0.53794821674597E+01
-0.53612093082748E+01
-0.53429873919363E+01
-0.53248360455458E+01
-0.53067741545943E+01
-0.52888202262307E+01
-0.52709919148429E+01
-0.52533060448697E+01
-0.52357781723771E+01
-0.52184243758396E+01
-0.52012603471719E+01
-0.51842939924948E+01
-0.51675396911636E+01
-0.51510071227160E+01
-0.51347053946855E+01
-0.51186418060183E+01
-0.51028218774217E+01
-0.50872493507888E+01
-0.50719260134909E+01
-0.50568514117949E+01
-0.50420228232660E+01
-0.50274350135705E+01
-0.50130800687975E+01
-0.49989473085187E+01
-0.49850231101725E+01
-0.49712903383489E+01
-0.49577286392702E+01
-0.49443148111156E+01
-0.49310212873447E+01
-0.49178168872969E+01
-0.49046657875051E+01
-0.48915297172724E+01
-0.48783649099050E+01
-0.48651240931643E+01
-0.48517550061398E+01
-0.48382025632801E+01
-0.48244062840353E+01
-0.48103015405700E+01
-0.47958203090635E+01
-0.47808902128467E+01
-0.47654351576531E+01
-0.47493754473886E+01
-0.47326281298324E+01
-0.47151072887131E+01
-0.46967251718816E+01
-0.46773894421919E+01
-0.46570084048626E+01
-0.46354886681855E+01
-0.46127361942610E+01
-0.45886581652699E+01
-0.45631633411453E+01
-0.45361616500929E+01
-0.45075692280441E+01
-0.44773051530613E+01
-0.44452969507068E+01
-0.44114805429021E+01
-0.43758007520685E+01
-0.43382176287408E+01
-0.42987022488860E+01
-0.42572451930639E+01
-0.42138544946416E+01
-0.41685591999651E+01
-0.41214097401713E+01
-0.40724807292755E+01
-0.40218700459917E+01
-0.39697032479853E+01
-0.39161282741697E+01
-0.38613173655604E+01
-0.38054638150343E+01
-0.37487793337421E+01
-0.36914909394986E+01
-0.36338355850605E+01
-0.35760549635900E+01
-0.35183905650337E+01
-0.34610774450707E+01
-0.34043402106790E+01
-0.33483859287806E+01
-0.32934005767915E+01
-0.32395487313333E+01
-0.31869674818252E+01
-0.31357668597664E+01
-0.30860331666288E+01
-0.30378249586159E+01
-0.29911792099433E+01
-0.29461117063418E+01
-0.29026198939264E+01
-0.28606869739690E+01
-0.28202838299563E+01
-0.27813722272021E+01
-0.27439071540993E+01
-0.27078388051235E+01
-0.26731144263235E+01
-0.26396797393225E+01
-0.26074799781826E+01
-0.25764600876600E+01
-0.25465688327902E+01
-0.25177518838548E+01
-0.24899595604975E+01
-0.24631424083639E+01
-0.24372537046471E+01
-0.24122480530504E+01
-0.23880817190071E+01
-0.23647123135975E+01
-0.23420995459182E+01
-0.23202048095550E+01
-0.22989907747340E+01
-0.22784214690715E+01
-0.22584625486892E+01
-0.22390808677045E+01
-0.22202448150471E+01
-0.22019241344355E+01
-0.21840896426285E+01
-0.21667137890329E+01
-0.21497698039659E+01
-0.21332326063915E+01
-0.21170780678763E+01
-0.21012833094887E+01
-0.20858269518896E+01
-0.20706877693565E+01
-0.20558467617715E+01
-0.20412853937131E+01
-0.20269863480710E+01
-0.20129332882229E+01
-0.19991105793848E+01
-0.19855037545826E+01
-0.19720991957109E+01
-0.19588842657852E+01
-0.19458472703027E+01
-0.19329767128249E+01
-0.19202624460026E+01
-0.19076943953543E+01
-0.18952641303981E+01
-0.18829627607540E+01
-0.18707828632641E+01
-0.18587167889944E+01
-0.18467585065938E+01
-0.18349016442067E+01
-0.18231407850282E+01
-0.18114705941615E+01
-0.17998860836726E+01
-0.17883829264574E+01
-0.17769576261440E+01
-0.17656063386198E+01
-0.17543257511540E+01
-0.17431129831182E+01
-0.17319652797047E+01
-0.17208803095595E+01
-0.17098558431354E+01
-0.16988900691847E+01
-0.16879811363786E+01
-0.16771274804463E+01
-0.16663277188674E+01
-0.16555810603738E+01
-0.16448862883048E+01
-0.16342425118907E+01
-0.16236490179093E+01
-0.16131053335986E+01
-0.16026108233968E+01
-0.15921651005119E+01
-0.15817679197586E+01
-0.15714191011721E+01
-0.15611182852664E+01
-0.15508654229068E+01
-0.15406607340475E+01
-0.15305040923833E+01
-0.15203956228156E+01
-0.15103354858867E+01
-0.15003238146565E+01
-0.14903607188429E+01
-0.14804464190074E+01
-0.14705812553439E+01
-0.14607652018458E+01
-0.14509989398402E+01
-0.14412825660225E+01
-0.14316163806714E+01
-0.14220006965733E+01
-0.14124358120995E+01
-0.14029220136797E+01
-0.13934596346990E+01
-0.13840490209722E+01
-0.13746904083441E+01
-0.13653841128656E+01
-0.13561304647336E+01
-0.13469296889570E+01
-0.13377818859482E+01
-0.13286876338628E+01
-0.13196468424291E+01
-0.13106601063378E+01
