 0.81417091468610+252
 0.90231418001423+121
 0.20117396164034E+78
 0.30038521342971E+56
 0.24106949067863E+43
 0.44852244825746E+34
 0.26050341946932E+28
 0.54806793965199E+23
 0.12623581431494E+20
 0.15525968620670E+17
 0.64571982536421E+14
 0.66966649128876E+12
 0.14025619668819E+11
 0.51029219506968E+09
 0.28878616019209E+08
 0.23399881701520E+07
 0.25480921148355E+06
 0.35495961114843E+05
 0.60842686671520E+04
 0.12439006020126E+04
 0.29577919429600E+03
 0.80130997586084E+02
 0.24315767058462E+02
 0.81482841275541E+01
 0.29795979635790E+01
 0.11770142310571E+01
 0.49797400531141E+00
 0.22399285462863E+00
 0.10644055522690E+00
 0.53141803361434E-01
 0.22482480189994E+05
 0.12220909440784E+05
 0.68915655898595E+04
 0.88964795044138E+04
 0.53489676071184E+04
 0.52232542422045E+04
 0.40895995053510E+04
 0.32436313503063E+04
 0.26036004929862E+04
 0.21131576635137E+04
 0.17328581631152E+04
 0.14346926988321E+04
 0.11985031869707E+04
 0.10095982463224E+04
 0.85714502128455E+03
 0.73306667856374E+03
 0.63127846266418E+03
 0.54715156995417E+03
 0.47713204976411E+03
 0.41846759946373E+03
 0.36900909931342E+03
 0.32706521128504E+03
 0.29129515310752E+03
 0.26062855310145E+03
 0.23420525343874E+03
 0.21132959692956E+03
 0.19143564721919E+03
 0.17406029170297E+03
 0.15882250090844E+03
 0.14540723947406E+03
 0.13355263202711E+03
 0.12303999617424E+03
 0.11368589854422E+03
 0.10533577310439E+03
 0.97858855635059E+02
 0.91144056629578E+02
 0.85096657087086E+02
 0.79635571269430E+02
 0.74691185911050E+02
 0.70203474681374E+02
 0.66120557854918E+02
 0.62397432039356E+02
 0.58994933392629E+02
 0.55878891870910E+02
 0.53019402953347E+02
 0.50390228180905E+02
 0.47968292051613E+02
 0.45733228193325E+02
 0.43667026396698E+02
 0.41753736787463E+02
 0.39979195359191E+02
 0.38330771654553E+02
 0.36797195179120E+02
 0.35368395201907E+02
 0.34035354386318E+02
 0.32789968503927E+02
 0.31628190921310E+02
 0.30537065784714E+02
 0.29513801046915E+02
 0.28553033511517E+02
 0.27649899853869E+02
 0.26799990541259E+02
 0.25999293762780E+02
 0.25244146022223E+02
 0.24531217790426E+02
 0.23857459784207E+02
 0.23220081209966E+02
 0.22616531345224E+02
 0.22044460950692E+02
 0.21501711944780E+02
 0.20986283718551E+02
 0.20496362303249E+02
 0.20030243645388E+02
 0.19586363441919E+02
 0.19163268032729E+02
 0.18759607505714E+02
 0.18374129418339E+02
 0.18005663148894E+02
 0.17653118555749E+02
 0.17315474763836E+02
 0.16991784417389E+02
 0.16681151204205E+02
 0.16382733267143E+02
 0.16095733114804E+02
 0.15819412864079E+02
 0.15553068153482E+02
 0.15296024892004E+02
 0.15047651934541E+02
 0.14807347343840E+02
 0.14574538253453E+02
 0.14348679434917E+02
 0.14129243388050E+02
 0.13915867671957E+02
 0.13707804069652E+02
 0.13504727188087E+02
 0.13306195652079E+02
 0.13111782283469E+02
 0.12921079596507E+02
 0.12733695422501E+02
 0.12549253287884E+02
 0.12367392374688E+02
 0.12187765458702E+02
 0.12010041488420E+02
 0.11833905712966E+02
 0.11659057448429E+02
 0.11485214468779E+02
 0.11312112113438E+02
 0.11139500917305E+02
 0.10967152989357E+02
 0.10794858699154E+02
 0.10622429883511E+02
 0.10449698905686E+02
 0.10276520316614E+02
 0.10102771350517E+02
 0.99283523039868E+01
 0.97531873334427E+01
 0.95772245338544E+01
 0.94004348416954E+01
 0.92228137217435E+01
 0.90443783137582E+01
 0.88651690181827E+01
 0.86852470466374E+01
 0.85046939064847E+01
 0.83236098669391E+01
 0.81421129030319E+01
 0.79603367884315E+01
 0.77784370965392E+01
 0.75965581474204E+01
 0.74148795278124E+01
 0.72335817461189E+01
 0.70528513142935E+01
 0.68728825145809E+01
 0.66938714371386E+01
 0.65160197320852E+01
 0.63395272171289E+01
 0.61645959675526E+01
 0.59914265764443E+01
 0.58202174602462E+01
 0.56511643771847E+01
 0.54844590418696E+01
 0.53202893396577E+01
 0.51588372477389E+01
 0.50002792241060E+01
 0.48447850467848E+01
 0.46925174819161E+01
 0.45436311029120E+01
 0.43982720005919E+01
 0.42565763384982E+01
 0.41186698460928E+01
 0.39846669528643E+01
 0.38546696962178E+01
 0.37287667492828E+01
 0.36070323214618E+01
 0.34895254145783E+01
 0.33762889712313E+01
 0.32673491834583E+01
 0.31627149725841E+01
 0.30623777717338E+01
 0.29663118833095E+01
 0.28744744519419E+01
 0.27868063738937E+01
 0.27032321660376E+01
 0.26236634879129E+01
 0.25479982229495E+01
 0.24761235580236E+01
 0.24079168922765E+01
 0.23432479862395E+01
 0.22819807016304E+01
 0.22239746890224E+01
 0.21690870801955E+01
 0.21171739753865E+01
 0.20680918166317E+01
 0.20216986036944E+01
 0.19778549058316E+01
 0.19364247113531E+01
 0.18972761256210E+01
 0.18602819342002E+01
 0.18253198613771E+01
 0.17922730325146E+01
 0.17610299717529E+01
 0.17314847733259E+01
 0.17035370566999E+01
 0.16770918903056E+01
 0.16520596934804E+01
 0.16283560658740E+01
 0.16059015873522E+01
 0.15846216522906E+01
 0.15644462214424E+01
 0.15453096024851E+01
 0.15271502289977E+01
 0.15099103575333E+01
 0.14935361021582E+01
 0.14779768334133E+01
 0.14631852244202E+01
 0.14491169710765E+01
 0.14357306239032E+01
 0.14229873741142E+01
 0.14108508951089E+01
 0.13992871807588E+01
 0.13882643760035E+01
 0.13777526562054E+01
 0.13677240582596E+01
 0.13581523775889E+01
 0.13490130465370E+01
 0.13402830056573E+01
 0.13319406349856E+01
 0.13239656223711E+01
 0.13163388981433E+01
 0.13090425331361E+01
 0.13020596622084E+01
 0.12953744499494E+01
 0.12889719826481E+01
 0.12828382188590E+01
 0.12769599117594E+01
 0.12713246161901E+01
 0.12659205782662E+01
 0.12607366903281E+01
 0.12557625030673E+01
 0.12509881252251E+01
 0.12464042215054E+01
 0.12420019642406E+01
 0.12377730184858E+01
 0.12337094855367E+01
 0.12298038885907E+01
 0.12260491476739E+01
 0.12224385642761E+01
 0.12189657738936E+01
 0.12156247563625E+01
 0.12124097904574E+01
 0.12093154485851E+01
 0.12063365769757E+01
 0.12034682784638E+01
 0.12007058924129E+01
 0.11980449998464E+01
 0.11954813927223E+01
 0.11930110637061E+01
 0.11906302018260E+01
 0.11883351749458E+01
 0.11861225200140E+01
 0.11839889401011E+01
 0.11819312943798E+01
 0.11799465835991E+01
 0.11780319450667E+01
 0.11761846476201E+01
 0.11744020837524E+01
 0.11726817607432E+01
 0.11710212997553E+01
 0.11694184244561E+01
 0.11678709606822E+01
 0.11663768268939E+01
 0.11649340332453E+01
 0.11635406720208E+01
 0.11621949199609E+01
 0.11608950290298E+01
 0.11596393269372E+01
 0.11584262094667E+01
 0.11572541387128E+01
 0.11561216401130E+01
 0.11550273012101E+01
 0.11539697650023E+01
 0.11529477302966E+01
 0.11519599476871E+01
 0.11510052169694E+01
 0.11500823865596E+01
 0.11491903499221E+01
 0.11483280436012E+01
 0.11474944456397E+01
 0.11466885731188E+01
 0.11459094818851E+01
 0.11451562632924E+01
