 0.10799240596646E+03
 0.10799240596642E+03
 0.10799240596616E+03
 0.10799240596823E+03
 0.10799240598896E+03
 0.10799240607021E+03
 0.10799240625885E+03
 0.10799240645408E+03
 0.10799240596011E+03
 0.10799240259863E+03
 0.10799239154141E+03
 0.10799236407130E+03
 0.10799230655346E+03
 0.10799219974863E+03
 0.10799201860924E+03
 0.10799173250974E+03
 0.10799130567845E+03
 0.10799069806552E+03
 0.10798986635134E+03
 0.10798876486601E+03
 0.10798734586233E+03
 0.10798556106542E+03
 0.10798336266042E+03
 0.10798070341674E+03
 0.10797753734202E+03
 0.10797382041036E+03
 0.10796951072803E+03
 0.10796456867214E+03
 0.10795895713037E+03
 0.10795264144600E+03
 0.10794558889976E+03
 0.10793777010847E+03
 0.10792915703409E+03
 0.10791972241852E+03
 0.10790944424852E+03
 0.10789829667106E+03
 0.10788626090065E+03
 0.10787331589213E+03
 0.10785944246488E+03
 0.10784462205377E+03
 0.10782883712549E+03
 0.10781207083385E+03
 0.10779430697680E+03
 0.10777552992039E+03
 0.10775572459537E+03
 0.10773487641244E+03
 0.10771297127114E+03
 0.10768999548521E+03
 0.10766593575094E+03
 0.10764077920965E+03
 0.10761451325760E+03
 0.10758712553817E+03
 0.10755860385810E+03
 0.10752893611524E+03
 0.10749811018351E+03
 0.10746611381656E+03
 0.10743293452568E+03
 0.10739855944448E+03
 0.10736297519258E+03
 0.10732616769807E+03
 0.10728812208690E+03
 0.10724882247480E+03
 0.10720825182820E+03
 0.10716639176168E+03
 0.10712322234832E+03
 0.10707872205972E+03
 0.10703286746441E+03
 0.10698563306680E+03
 0.10693699113421E+03
 0.10688691154828E+03
 0.10683536157377E+03
 0.10678230574317E+03
 0.10672770566120E+03
 0.10667151986021E+03
 0.10661370380918E+03
 0.10655420917872E+03
 0.10649298416073E+03
 0.10642997331700E+03
 0.10636511732279E+03
 0.10629835276891E+03
 0.10622961206086E+03
 0.10615882333259E+03
 0.10608591024002E+03
 0.10601079180845E+03
 0.10593338224376E+03
 0.10585359089841E+03
 0.10577129387109E+03
 0.10568644137321E+03
 0.10559890374790E+03
 0.10550856890695E+03
 0.10541531923647E+03
 0.10531903157620E+03
 0.10521957690538E+03
 0.10511681988467E+03
 0.10501061867628E+03
 0.10490082509527E+03
 0.10478728465981E+03
 0.10466983565730E+03
 0.10454830915935E+03
 0.10442253027135E+03
 0.10429231714984E+03
 0.10415747667925E+03
 0.10401781189108E+03
 0.10387311687712E+03
 0.10372317740487E+03
 0.10356777098515E+03
 0.10340666684230E+03
 0.10323962568404E+03
 0.10306639951792E+03
 0.10288673158318E+03
 0.10270035513157E+03
 0.10250699533346E+03
 0.10230636803166E+03
 0.10209818113434E+03
 0.10188212955372E+03
 0.10165790139342E+03
 0.10142517692226E+03
 0.10118362530871E+03
 0.10093290739067E+03
 0.10067267546739E+03
 0.10040257347780E+03
 0.10012223727508E+03
 0.99831254700505E+02
 0.99529327287561E+02
 0.99216031961804E+02
 0.98890980682394E+02
 0.98553780614286E+02
 0.98204035217599E+02
 0.97841346297052E+02
 0.97465314919749E+02
 0.97075543167277E+02
 0.96671636119773E+02
 0.96253202789581E+02
 0.95819857634946E+02
 0.95371224254007E+02
 0.94906934776370E+02
 0.94426632913959E+02
 0.93929979036447E+02
 0.93416647187198E+02
 0.92886328398076E+02
 0.92338733342627E+02
 0.91773595103561E+02
 0.91190669627460E+02
 0.90589735051564E+02
 0.89970596735355E+02
 0.89333084533932E+02
 0.88677056500513E+02
 0.88002395118362E+02
 0.87309011361263E+02
 0.86596845679598E+02
 0.85865860382400E+02
 0.85116047629967E+02
 0.84347424785124E+02
 0.83560034619438E+02
 0.82753943836711E+02
 0.81929243023501E+02
 0.81086003473054E+02
 0.80224446230841E+02
 0.79344692986583E+02
 0.78446932363028E+02
 0.77531365556217E+02
 0.76598238518675E+02
 0.75647806721017E+02
 0.74680370714757E+02
 0.73696252119663E+02
 0.72695817960543E+02
 0.71679475169601E+02
 0.70647669675100E+02
 0.69600909049351E+02
 0.68539749596243E+02
 0.67464817586393E+02
 0.66376802193592E+02
 0.65276473059946E+02
 0.64164678554449E+02
 0.63042362831306E+02
 0.61910560018159E+02
 0.60770405360162E+02
 0.59623132213182E+02
 0.58470077312937E+02
 0.57312679844114E+02
 0.56152476621265E+02
 0.54991097058294E+02
 0.53830249814022E+02
 0.52671713175754E+02
 0.51517319287089E+02
 0.50368936129587E+02
 0.49228445384482E+02
 0.48097718564695E+02
 0.46978603334666E+02
 0.45872887746589E+02
 0.44782299655280E+02
 0.43708413210769E+02
 0.42652751439521E+02
 0.41616673508327E+02
 0.40601403942617E+02
 0.39608008177831E+02
 0.38637394520762E+02
 0.37690313130041E+02
 0.36767355091447E+02
 0.35868958860246E+02
 0.34995417177970E+02
 0.34146885584896E+02
 0.33323394551111E+02
 0.32524859091781E+02
 0.31751091578155E+02
 0.31001814073451E+02
 0.30276671769903E+02
 0.29575235500691E+02
 0.28897029657654E+02
 0.28241524912306E+02
 0.27608158396202E+02
 0.26996336968501E+02
 0.26405447137415E+02
 0.25834861032499E+02
 0.25283942450461E+02
 0.24752051092119E+02
 0.24238547838259E+02
 0.23742797961150E+02
 0.23264174608488E+02
 0.22802060728001E+02
 0.22355856372453E+02
 0.21924961758400E+02
 0.21508806196740E+02
 0.21106830995294E+02
 0.20718493344530E+02
 0.20343269032857E+02
 0.19980650821203E+02
 0.19630149354908E+02
 0.19291293098252E+02
 0.18963627291799E+02
 0.18646716026485E+02
 0.18340139423103E+02
 0.18043494543046E+02
 0.17756394487185E+02
 0.17478468094881E+02
 0.17209360087060E+02
 0.16948729293344E+02
 0.16696249123531E+02
 0.16451606689163E+02
 0.16214501896535E+02
 0.15984648279595E+02
 0.15761770700832E+02
 0.15545606574886E+02
 0.15335903263185E+02
 0.15132420371043E+02
 0.14934927009393E+02
 0.14743201565037E+02
 0.14557032865101E+02
 0.14376217896519E+02
 0.14200562580535E+02
 0.14029880907756E+02
 0.13863995088314E+02
 0.13702734415412E+02
 0.13545935220572E+02
 0.13393440647205E+02
 0.13245100703069E+02
 0.13100771106477E+02
 0.12960313903846E+02
 0.12823596586100E+02
 0.12690491994029E+02
 0.12560878150054E+02
 0.12434638015286E+02
 0.12311659027561E+02
 0.12191833379152E+02
 0.12075057501158E+02
 0.11961231794949E+02
 0.11850260575553E+02
 0.11742051899088E+02
 0.11636517338139E+02
 0.11533571833531E+02
 0.11433133784948E+02
 0.11335124464512E+02
 0.11239468241600E+02
 0.11146092317470E+02
 0.11054926590308E+02
 0.10965903444313E+02
 0.10878957969356E+02
 0.10794027548344E+02
 0.10711051836591E+02
 0.10629972653708E+02
 0.10550733913490E+02
 0.10473281592774E+02
 0.10397563550855E+02
 0.10323529493215E+02
 0.10251130897313E+02
 0.10180320944398E+02
 0.10111054442400E+02
 0.10043287721507E+02
 0.99769786862499E+01
 0.99120866406155E+01
 0.98485722264161E+01
 0.97863974779251E+01
 0.97255256108979E+01
 0.96659211409313E+01
 0.96075497597015E+01
 0.95503782653610E+01
 0.94943746347067E+01
 0.94395076838797E+01
 0.93857473782682E+01
 0.93330646718328E+01
