 0.14975116109994E+00
 0.14975116109984E+00
 0.14975116109912E+00
 0.14975116110486E+00
 0.14975116116235E+00
 0.14975116138767E+00
 0.14975116191086E+00
 0.14975116245230E+00
 0.14975116108233E+00
 0.14975115175973E+00
 0.14975112109402E+00
 0.14975104490941E+00
 0.14975088539156E+00
 0.14975058918325E+00
 0.14975008681904E+00
 0.14974929336471E+00
 0.14974810961560E+00
 0.14974642450531E+00
 0.14974411790393E+00
 0.14974106317087E+00
 0.14973712791475E+00
 0.14973217829491E+00
 0.14972608176470E+00
 0.14971870742063E+00
 0.14970992782114E+00
 0.14969962101091E+00
 0.14968767098574E+00
 0.14967396808201E+00
 0.14965840964637E+00
 0.14964089988792E+00
 0.14962134844610E+00
 0.14959967427229E+00
 0.14957580011387E+00
 0.14954965095212E+00
 0.14952116638031E+00
 0.14949027542908E+00
 0.14945692679730E+00
 0.14942106300696E+00
 0.14938263183558E+00
 0.14934158285803E+00
 0.14929786860302E+00
 0.14925144360087E+00
 0.14920226426751E+00
 0.14915028869657E+00
 0.14909547665289E+00
 0.14903778934050E+00
 0.14897718942992E+00
 0.14891364085421E+00
 0.14884710872407E+00
 0.14877755950307E+00
 0.14870496048448E+00
 0.14862927977253E+00
 0.14855048605370E+00
 0.14846854840012E+00
 0.14838343595521E+00
 0.14829511767152E+00
 0.14820356197801E+00
 0.14810873641154E+00
 0.14801060724660E+00
 0.14790913901240E+00
 0.14780429419563E+00
 0.14769603267586E+00
 0.14758431135266E+00
 0.14746908359939E+00
 0.14735029875467E+00
 0.14722790197234E+00
 0.14710183340862E+00
 0.14697202779858E+00
 0.14683841400229E+00
 0.14670091462042E+00
 0.14655944538577E+00
 0.14641391487595E+00
 0.14626422400926E+00
 0.14611026568335E+00
 0.14595192483836E+00
 0.14578907648593E+00
 0.14562158663227E+00
 0.14544931191363E+00
 0.14527209894942E+00
 0.14508978386118E+00
 0.14490219206182E+00
 0.14470913809031E+00
 0.14451042512400E+00
 0.14430584464476E+00
 0.14409517601386E+00
 0.14387818647558E+00
 0.14365455411538E+00
 0.14342415968689E+00
 0.14318666827973E+00
 0.14294179429114E+00
 0.14268923878648E+00
 0.14242868959374E+00
 0.14215982061537E+00
 0.14188229076699E+00
 0.14159574368557E+00
 0.14129980834587E+00
 0.14099409941602E+00
 0.14067821498193E+00
 0.14035173685190E+00
 0.14001423418989E+00
 0.13966526116391E+00
 0.13930434569704E+00
 0.13893100969977E+00
 0.13854475580642E+00
 0.13814506943559E+00
 0.13773141940741E+00
 0.13730325832986E+00
 0.13686002248472E+00
 0.13640113187597E+00
 0.13592599062247E+00
 0.13543398435410E+00
 0.13492448591073E+00
 0.13439685274505E+00
 0.13385043132653E+00
 0.13328454465972E+00
 0.13269850938970E+00
 0.13209163396053E+00
 0.13146321104030E+00
 0.13081252576854E+00
 0.13013885626079E+00
 0.12944147517750E+00
 0.12871965159613E+00
 0.12797254987027E+00
 0.12719964578450E+00
 0.12640011594560E+00
 0.12557324926234E+00
 0.12471834588363E+00
 0.12383472135201E+00
 0.12292171317117E+00
 0.12197868448094E+00
 0.12100502980608E+00
 0.12000018131683E+00
 0.11896361240012E+00
 0.11789484261921E+00
 0.11679344792569E+00
 0.11565906012712E+00
 0.11449137525512E+00
 0.11329016656624E+00
 0.11205527776644E+00
 0.11078663142817E+00
 0.10948423549717E+00
 0.10814818974966E+00
 0.10677868647414E+00
 0.10537600835254E+00
 0.10394053944401E+00
 0.10247275773347E+00
 0.10097324241452E+00
 0.99442663737207E-01
 0.97881790614655E-01
 0.96291490774556E-01
 0.94672711622735E-01
 0.93026495896994E-01
 0.91353968833254E-01
 0.89656336097730E-01
 0.87934877935063E-01
 0.86190946323829E-01
 0.84425872161876E-01
 0.82641315245301E-01
 0.80838739413863E-01
 0.79019757976188E-01
 0.77186017038194E-01
 0.75339256437205E-01
 0.73481234906346E-01
 0.71613795995715E-01
 0.69738815801966E-01
 0.67858244395366E-01
 0.65974088409023E-01
 0.64088402577181E-01
 0.62203323333645E-01
 0.60321035937895E-01
 0.58443802623139E-01
 0.56573938762168E-01
 0.54713831259699E-01
 0.52865921938861E-01
 0.51032721453574E-01
 0.49216783719957E-01
 0.47420707697211E-01
 0.45647115502594E-01
 0.43898643525312E-01
 0.42177923630371E-01
 0.40487559188638E-01
 0.38830102071878E-01
 0.37208019582376E-01
 0.35623669503588E-01
 0.34079269519477E-01
 0.32576867426322E-01
 0.31118310276299E-01
 0.29705216238106E-01
 0.28338963822043E-01
 0.27020658276187E-01
 0.25751145208560E-01
 0.24530920489455E-01
 0.23360270542663E-01
 0.22239165727160E-01
 0.21167319584268E-01
 0.20144188211424E-01
 0.19168998765767E-01
 0.18240773710237E-01
 0.17358354096780E-01
 0.16520428450586E-01
 0.15725559807428E-01
 0.14972211839963E-01
 0.14258775621981E-01
 0.13583591482294E-01
 0.12944971114842E-01
 0.12341216729276E-01
 0.11770638716708E-01
 0.11231562741617E-01
 0.10722354751218E-01
 0.10241417015502E-01
 0.97872039952650E-02
 0.93582241922151E-02
 0.89530460141740E-02
 0.85702999917647E-02
 0.82086804717184E-02
 0.78669456560039E-02
 0.75439179945864E-02
 0.72384829923904E-02
 0.69495880552437E-02
 0.66762403073989E-02
 0.64175075173628E-02
 0.61725050452563E-02
 0.59404094094068E-02
 0.57204452048771E-02
 0.55118844543679E-02
 0.53140452669815E-02
 0.51262882749012E-02
 0.49480145990722E-02
 0.47786634294240E-02
 0.46177092753141E-02
 0.44646608943487E-02
 0.43190579414394E-02
 0.41804696006303E-02
 0.40484924578436E-02
 0.39227487864306E-02
 0.38028851373437E-02
 0.36885701791858E-02
 0.35794936545386E-02
 0.34753648229661E-02
 0.33759109962211E-02
 0.32808768852627E-02
 0.31900227102294E-02
 0.31031238515484E-02
 0.30199690026073E-02
 0.29403603586557E-02
 0.28641118450447E-02
 0.27910484195944E-02
 0.27210059378471E-02
 0.26538297467235E-02
 0.25893744872820E-02
 0.25275033134195E-02
 0.24680875211064E-02
 0.24110057451068E-02
 0.23561435858754E-02
 0.23033931948223E-02
 0.22526529783093E-02
 0.22038269119976E-02
 0.21568244862431E-02
 0.21115601580808E-02
 0.20679530925733E-02
 0.20259268944824E-02
 0.19854093307889E-02
 0.19463319991978E-02
 0.19086302465601E-02
 0.18722428450414E-02
 0.18371117618575E-02
 0.18031820057277E-02
 0.17704014462704E-02
 0.17387206272075E-02
 0.17080926118320E-02
 0.16784729064475E-02
 0.16498191905048E-02
 0.16220912945172E-02
 0.15952510386533E-02
 0.15692621163010E-02
 0.15440899618884E-02
 0.15197017453388E-02
 0.14960661915597E-02
 0.14731535162436E-02
 0.14509353407949E-02
 0.14293846214854E-02
 0.14084755923479E-02
 0.13881836707927E-02
 0.13684854056844E-02
 0.13493584177694E-02
 0.13307813443097E-02
 0.13127337838303E-02
 0.12951962362085E-02
 0.12781500854092E-02
 0.12615775252708E-02
 0.12454615169740E-02
 0.12297857774952E-02
 0.12145347023014E-02
 0.11996933728119E-02
 0.11852475039846E-02
 0.11711834072228E-02
 0.11574879893019E-02
 0.11441486517229E-02
 0.11311533501437E-02
 0.11184905391152E-02
