 0.30153585469249E+03
 0.30153585466417E+03
 0.30153585435853E+03
 0.30153585308203E+03
 0.30153584967836E+03
 0.30153584259452E+03
 0.30153582980188E+03
 0.30153580813280E+03
 0.30153577138861E+03
 0.30153570664199E+03
 0.30153558953299E+03
 0.30153537940676E+03
 0.30153501551633E+03
 0.30153441477403E+03
 0.30153347149243E+03
 0.30153205878736E+03
 0.30153003079870E+03
 0.30152722602750E+03
 0.30152347092186E+03
 0.30151858284777E+03
 0.30151237333693E+03
 0.30150465050087E+03
 0.30149522292666E+03
 0.30148389942215E+03
 0.30147049120568E+03
 0.30145481386477E+03
 0.30143668745384E+03
 0.30141593705963E+03
 0.30139239335058E+03
 0.30136589270112E+03
 0.30133627696067E+03
 0.30130339443385E+03
 0.30126709906305E+03
 0.30122724977306E+03
 0.30118371361967E+03
 0.30113636039724E+03
 0.30108506958508E+03
 0.30102972473276E+03
 0.30097021632527E+03
 0.30090644127783E+03
 0.30083830340582E+03
 0.30076571355479E+03
 0.30068858968183E+03
 0.30060685699523E+03
 0.30052044824932E+03
 0.30042930356160E+03
 0.30033337070470E+03
 0.30023260489847E+03
 0.30012696878080E+03
 0.30001643248929E+03
 0.29990097320326E+03
 0.29978057500391E+03
 0.29965522855426E+03
 0.29952493081609E+03
 0.29938968458280E+03
 0.29924949808986E+03
 0.29910438455390E+03
 0.29895436160222E+03
 0.29879945082197E+03
 0.29863967706794E+03
 0.29847506806201E+03
 0.29830565360099E+03
 0.29813146511352E+03
 0.29795253493071E+03
 0.29776889568961E+03
 0.29758057984720E+03
 0.29738761895109E+03
 0.29719004298591E+03
 0.29698787987172E+03
 0.29678115484927E+03
 0.29656988985589E+03
 0.29635410303193E+03
 0.29613380817415E+03
 0.29590901420242E+03
 0.29567972480804E+03
 0.29544593739702E+03
 0.29520764309590E+03
 0.29496482625458E+03
 0.29471746389764E+03
 0.29446552524190E+03
 0.29420897134575E+03
 0.29394775470583E+03
 0.29368181883367E+03
 0.29341109781805E+03
 0.29313551587529E+03
 0.29285498710631E+03
 0.29256938102978E+03
 0.29227865153475E+03
 0.29198265192287E+03
 0.29168125133078E+03
 0.29137430686808E+03
 0.29106166369592E+03
 0.29074315408359E+03
 0.29041859678292E+03
 0.29008779667816E+03
 0.28975054451513E+03
 0.28940661707253E+03
 0.28905577548097E+03
 0.28869776485562E+03
 0.28833231627056E+03
 0.28795914564250E+03
 0.28757794464918E+03
 0.28718839468674E+03
 0.28679015723246E+03
 0.28638287440149E+03
 0.28596616940054E+03
 0.28553964584960E+03
 0.28510288696968E+03
 0.28465545515076E+03
 0.28419689113557E+03
 0.28372671218831E+03
 0.28324441415513E+03
 0.28274946911744E+03
 0.28224132709816E+03
 0.28171940753164E+03
 0.28118310836576E+03
 0.28063180395414E+03
 0.28006483905057E+03
 0.27948153255836E+03
 0.27888117612795E+03
 0.27826303472031E+03
 0.27762634511137E+03
 0.27697025398846E+03
 0.27629406491465E+03
 0.27559687410570E+03
 0.27487781162735E+03
 0.27413598083911E+03
 0.27337045907921E+03
 0.27258029998145E+03
 0.27176453424087E+03
 0.27092217143066E+03
 0.27005220250021E+03
 0.26915360062910E+03
 0.26822532293348E+03
 0.26726631608575E+03
 0.26627551468015E+03
 0.26525184617261E+03
 0.26419423918604E+03
 0.26310161888381E+03
 0.26197291146553E+03
 0.26080704915613E+03
 0.25960297696341E+03
 0.25835965259998E+03
 0.25707604716442E+03
 0.25575115386468E+03
 0.25438398627474E+03
 0.25297358507721E+03
 0.25151901278921E+03
 0.25001936461066E+03
 0.24847377068467E+03
 0.24688138547439E+03
 0.24524140513056E+03
 0.24355306116732E+03
 0.24181562396517E+03
 0.24002840299608E+03
 0.23819075000584E+03
 0.23630197674229E+03
 0.23436169396254E+03
 0.23236932186865E+03
 0.23032442410863E+03
 0.22822660256262E+03
 0.22607556897113E+03
 0.22387107542008E+03
 0.22161299795708E+03
 0.21930128591399E+03
 0.21693602312934E+03
 0.21451742318585E+03
 0.21204583388708E+03
 0.20952178831231E+03
 0.20694599575290E+03
 0.20431938285072E+03
 0.20164309845857E+03
 0.19891855364023E+03
 0.19614743171348E+03
 0.19333172761116E+03
 0.19047375035358E+03
 0.18757615261529E+03
 0.18464193487329E+03
 0.18167445719075E+03
 0.17867744565221E+03
 0.17565498276681E+03
 0.17261149584787E+03
 0.16955172445261E+03
 0.16648069249474E+03
 0.16340366364570E+03
 0.16032608994583E+03
 0.15725354561039E+03
 0.15419166024755E+03
 0.15114606177565E+03
 0.14812227837778E+03
 0.14512572611862E+03
 0.14216144613822E+03
 0.13923435825520E+03
 0.13634896174962E+03
 0.13350939176966E+03
 0.13071935027837E+03
 0.12798210071868E+03
 0.12530045676925E+03
 0.12267677721157E+03
 0.12011297694613E+03
 0.11761054312118E+03
 0.11517055603170E+03
 0.11279371986926E+03
 0.11048038892355E+03
 0.10823060206224E+03
 0.10604411669617E+03
 0.10392044305773E+03
 0.10185886902254E+03
 0.99858501312992E+02
 0.97918284803460E+02
 0.96037036965015E+02
 0.94213467714127E+02
 0.92446203159634E+02
 0.90733804929963E+02
 0.89074787173397E+02
 0.87467631562457E+02
 0.85910802335206E+02
 0.84402756122874E+02
 0.82941952486164E+02
 0.81526860315989E+02
 0.80155980528265E+02
 0.78827797643323E+02
 0.77540865620279E+02
 0.76293756205591E+02
 0.75085073380284E+02
 0.73913462094508E+02
 0.72777603753484E+02
 0.71676219962064E+02
 0.70608072450584E+02
 0.69571961681230E+02
 0.68566732506688E+02
 0.67591268509989E+02
 0.66644493298769E+02
 0.65725369034181E+02
 0.64832896595896E+02
 0.63966116197118E+02
 0.63124102951983E+02
 0.62305968432642E+02
 0.61510858462398E+02
 0.60737951205136E+02
 0.59986459668703E+02
 0.59255626973857E+02
 0.58544726257533E+02
 0.57853057457003E+02
 0.57179952385659E+02
 0.56524767755177E+02
 0.55886883906685E+02
 0.55265709132363E+02
 0.54660673441409E+02
 0.54071229791124E+02
 0.53496852946634E+02
 0.52937039592213E+02
 0.52391305225379E+02
 0.51859184427474E+02
 0.51340230044807E+02
 0.50834013257552E+02
 0.50340120854057E+02
 0.49858156742803E+02
 0.49387739591163E+02
 0.48928502864917E+02
 0.48480094091535E+02
 0.48042174268401E+02
 0.47614416782240E+02
 0.47196508118609E+02
 0.46788146409276E+02
 0.46389040868242E+02
 0.45998911529750E+02
 0.45617488885400E+02
 0.45244513106393E+02
 0.44879733957996E+02
 0.44522910710038E+02
 0.44173810753839E+02
 0.43832210228831E+02
 0.43497893152874E+02
 0.43170651227072E+02
 0.42850283209625E+02
 0.42536595461394E+02
 0.42229400879740E+02
 0.41928518741186E+02
 0.41633774661260E+02
 0.41345000070995E+02
 0.41062032370315E+02
 0.40784714336432E+02
 0.40512894001961E+02
 0.40246424537475E+02
 0.39985164011128E+02
 0.39728975177419E+02
 0.39477725178015E+02
 0.39231285703525E+02
 0.38989532407423E+02
 0.38752345098276E+02
 0.38519607341237E+02
 0.38291206296990E+02
 0.38067032856793E+02
 0.37846981356559E+02
 0.37630949405020E+02
 0.37418837817969E+02
 0.37210550309795E+02
 0.37005993702640E+02
 0.36805077627790E+02
