 0.11659464153023E+03
 0.11659464153029E+03
 0.11659464153127E+03
 0.11659464153559E+03
 0.11659464154330E+03
 0.11659464154511E+03
 0.11659464152708E+03
 0.11659464152745E+03
 0.11659464181129E+03
 0.11659464320980E+03
 0.11659464758066E+03
 0.11659465829063E+03
 0.11659468062343E+03
 0.11659472206007E+03
 0.11659479237567E+03
 0.11659490356574E+03
 0.11659506971354E+03
 0.11659530662505E+03
 0.11659563139443E+03
 0.11659606198123E+03
 0.11659661755162E+03
 0.11659731743158E+03
 0.11659818057368E+03
 0.11659922580075E+03
 0.11660047158818E+03
 0.11660193542828E+03
 0.11660363396694E+03
 0.11660558293684E+03
 0.11660779697968E+03
 0.11661028973431E+03
 0.11661307429025E+03
 0.11661616184520E+03
 0.11661956343598E+03
 0.11662329047602E+03
 0.11662735046012E+03
 0.11663175542559E+03
 0.11663651162668E+03
 0.11664162823606E+03
 0.11664711342032E+03
 0.11665297548095E+03
 0.11665922242832E+03
 0.11666586229100E+03
 0.11667290314369E+03
 0.11668035317153E+03
 0.11668822070628E+03
 0.11669651427096E+03
 0.11670524262541E+03
 0.11671441481911E+03
 0.11672404023173E+03
 0.11673412854604E+03
 0.11674468990461E+03
 0.11675573492567E+03
 0.11676727477122E+03
 0.11677932121719E+03
 0.11679188673094E+03
 0.11680498455014E+03
 0.11681862877185E+03
 0.11683283443797E+03
 0.11684761764329E+03
 0.11686299564025E+03
 0.11687898692734E+03
 0.11689561136565E+03
 0.11691289028829E+03
 0.11693084661828E+03
 0.11694950500269E+03
 0.11696889181732E+03
 0.11698903539370E+03
 0.11700996610275E+03
 0.11703171645722E+03
 0.11705432125316E+03
 0.11707781767837E+03
 0.11710224534399E+03
 0.11712764655276E+03
 0.11715406625171E+03
 0.11718155203397E+03
 0.11721015477902E+03
 0.11723992832196E+03
 0.11727092956116E+03
 0.11730321867362E+03
 0.11733685926043E+03
 0.11737191842900E+03
 0.11740846685792E+03
 0.11744657897913E+03
 0.11748633310421E+03
 0.11752781159257E+03
 0.11757110089455E+03
 0.11761631667441E+03
 0.11766350887447E+03
 0.11771279790264E+03
 0.11776428854942E+03
 0.11781809036256E+03
 0.11787431778656E+03
 0.11793309040633E+03
 0.11799453343368E+03
 0.11805877803847E+03
 0.11812596106028E+03
 0.11819622524446E+03
 0.11826972004848E+03
 0.11834660176760E+03
 0.11842703244884E+03
 0.11851118259463E+03
 0.11859922876396E+03
 0.11869135653398E+03
 0.11878775896554E+03
 0.11888863765987E+03
 0.11899420306512E+03
 0.11910467455172E+03
 0.11922028096620E+03
 0.11934126095094E+03
 0.11946786312016E+03
 0.11960034783463E+03
 0.11973898582822E+03
 0.11988405921899E+03
 0.12003586117951E+03
 0.12019469974217E+03
 0.12036089432374E+03
 0.12053477601583E+03
 0.12071669146551E+03
 0.12090700082127E+03
 0.12110607754906E+03
 0.12131431251970E+03
 0.12153210939081E+03
 0.12175992524580E+03
 0.12199812235917E+03
 0.12224718795563E+03
 0.12250758779797E+03
 0.12277980427071E+03
 0.12306433630594E+03
 0.12336169852081E+03
 0.12367242166795E+03
 0.12399705216064E+03
 0.12433615123250E+03
 0.12469029566630E+03
 0.12506007711672E+03
 0.12544610070233E+03
 0.12584898595778E+03
 0.12626936633059E+03
 0.12670788592528E+03
 0.12716520347626E+03
 0.12764199034063E+03
 0.12813892629691E+03
 0.12865670578265E+03
 0.12919603341552E+03
 0.12975762501931E+03
 0.13034220970256E+03
 0.13095052815856E+03
 0.13158333514477E+03
 0.13224140107014E+03
 0.13292551158115E+03
 0.13363646752042E+03
 0.13437509617943E+03
 0.13514224256632E+03
 0.13593877772835E+03
 0.13676559997208E+03
 0.13762363968496E+03
 0.13851386101277E+03
 0.13943731474150E+03
 0.14039494600697E+03
 0.14138788536899E+03
 0.14241725906292E+03
 0.14348425813069E+03
 0.14459010118377E+03
 0.14573608080079E+03
 0.14692352781330E+03
 0.14815383843974E+03
 0.14942845306940E+03
 0.15074886413911E+03
 0.15211662032093E+03
 0.15353329617190E+03
 0.15500051582987E+03
 0.15651991795750E+03
 0.15809316930980E+03
 0.15972193153281E+03
 0.16140785993892E+03
 0.16315256499525E+03
 0.16495761160137E+03
 0.16682448374179E+03
 0.16875457053622E+03
 0.17074912963473E+03
 0.17280925974467E+03
 0.17493587369049E+03
 0.17712966635899E+03
 0.17939109652883E+03
 0.18172035567804E+03
 0.18411734656717E+03
 0.18658166642569E+03
 0.18911259886028E+03
 0.19170911578943E+03
 0.19436984960482E+03
 0.19709313593504E+03
 0.19987697292066E+03
 0.20271923259380E+03
 0.20561736245433E+03
 0.20856868125269E+03
 0.21157029085333E+03
 0.21461916201650E+03
 0.21771214799106E+03
 0.22084601538776E+03
 0.22401748986098E+03
 0.22722327908676E+03
 0.23046010258308E+03
 0.23372471876274E+03
 0.23701393896032E+03
 0.24032465324760E+03
 0.24365384151112E+03
 0.24699858377450E+03
 0.25035605628983E+03
 0.25372360450438E+03
 0.25709861720048E+03
 0.26047866217484E+03
 0.26386140311643E+03
 0.26724463892037E+03
 0.27062628190702E+03
 0.27400436084512E+03
 0.27737701473688E+03
 0.28074249747814E+03
 0.28409916651148E+03
 0.28744548116117E+03
 0.29077999490627E+03
 0.29410135517561E+03
 0.29740825944072E+03
 0.30069959536396E+03
 0.30397422486015E+03
 0.30723111252584E+03
 0.31046930324190E+03
 0.31368789922945E+03
 0.31688607139443E+03
 0.32006304988087E+03
 0.32321811944963E+03
 0.32635062757286E+03
 0.32945995544257E+03
 0.33254554507846E+03
 0.33560687895361E+03
 0.33864348387745E+03
 0.34165492826633E+03
 0.34464081153232E+03
 0.34760077773021E+03
 0.35053450120995E+03
 0.35344168892685E+03
 0.35632208466881E+03
 0.35917544870774E+03
 0.36200158520485E+03
 0.36480030511309E+03
 0.36757146707706E+03
 0.37031493000782E+03
 0.37303058760668E+03
 0.37571836198112E+03
 0.37837817999626E+03
 0.38101000192343E+03
 0.38361379797993E+03
 0.38618955892582E+03
 0.38873728476388E+03
 0.39125699735385E+03
 0.39374873576329E+03
 0.39621255264023E+03
 0.39864850623791E+03
 0.40105667714170E+03
 0.40343714959048E+03
 0.40579002265843E+03
 0.40811540757470E+03
 0.41041342444660E+03
 0.41268420195854E+03
 0.41492788255271E+03
 0.41714461118192E+03
 0.41933454107835E+03
 0.42149783578717E+03
 0.42363466540358E+03
 0.42574520652658E+03
 0.42782964241650E+03
 0.42988816369843E+03
 0.43192096099637E+03
 0.43392823530771E+03
 0.43591019000850E+03
 0.43786703249748E+03
 0.43979897510020E+03
 0.44170623698328E+03
 0.44358903503687E+03
 0.44544759191625E+03
 0.44728213264916E+03
 0.44909288651832E+03
 0.45088008438532E+03
 0.45264395840435E+03
 0.45438474262398E+03
 0.45610267335340E+03
 0.45779798844473E+03
 0.45947092633013E+03
 0.46112172657652E+03
 0.46275063054291E+03
 0.46435787837449E+03
 0.46594371076170E+03
 0.46750837181759E+03
 0.46905210205432E+03
 0.47057514582563E+03
 0.47207774441385E+03
 0.47356013907942E+03
 0.47502257158819E+03
 0.47646527929701E+03
 0.47788850645068E+03
 0.47929249195443E+03
 0.48067747195989E+03
