 0.42537445909863E+03
 0.42537445909932E+03
 0.42537445912216E+03
 0.42537445931302E+03
 0.42537446010102E+03
 0.42537446168373E+03
 0.42537445775843E+03
 0.42537440895261E+03
 0.42537418267953E+03
 0.42537346816914E+03
 0.42537169787947E+03
 0.42536800416886E+03
 0.42536122333103E+03
 0.42534994077148E+03
 0.42533256272702E+03
 0.42530739802264E+03
 0.42527273618221E+03
 0.42522691532939E+03
 0.42516837547281E+03
 0.42509569633692E+03
 0.42500762032287E+03
 0.42490306717590E+03
 0.42478113567445E+03
 0.42464110302955E+03
 0.42448241711722E+03
 0.42430468494100E+03
 0.42410766215589E+03
 0.42389123967620E+03
 0.42365543233775E+03
 0.42340036528746E+03
 0.42312626173577E+03
 0.42283343323900E+03
 0.42252226765672E+03
 0.42219321829963E+03
 0.42184679800502E+03
 0.42148356403501E+03
 0.42110411709327E+03
 0.42070908765903E+03
 0.42029913090399E+03
 0.41987491761842E+03
 0.41943713073059E+03
 0.41898645719652E+03
 0.41852358331751E+03
 0.41804918932309E+03
 0.41756394512620E+03
 0.41706850583101E+03
 0.41656350861531E+03
 0.41604956921304E+03
 0.41552727967125E+03
 0.41499720664241E+03
 0.41445988881151E+03
 0.41391583597804E+03
 0.41336552806741E+03
 0.41280941465613E+03
 0.41224791457153E+03
 0.41168141603206E+03
 0.41111027671522E+03
 0.41053482428819E+03
 0.40995535717303E+03
 0.40937214511805E+03
 0.40878543038358E+03
 0.40819542843374E+03
 0.40760232930582E+03
 0.40700629856660E+03
 0.40640747856867E+03
 0.40580598950955E+03
 0.40520193088183E+03
 0.40459538229946E+03
 0.40398640475985E+03
 0.40337504187367E+03
 0.40276132064913E+03
 0.40214525262812E+03
 0.40152683487481E+03
 0.40090605080440E+03
 0.40028287276280E+03
 0.39965725759649E+03
 0.39902915147953E+03
 0.39839849052187E+03
 0.39776520007844E+03
 0.39712919578708E+03
 0.39649038396152E+03
 0.39584866152606E+03
 0.39520391636007E+03
 0.39455602758843E+03
 0.39390486552465E+03
 0.39325029201230E+03
 0.39259213142927E+03
 0.39193027937721E+03
 0.39126455051681E+03
 0.39059477047783E+03
 0.38992075774008E+03
 0.38924232104343E+03
 0.38855926220142E+03
 0.38787137058477E+03
 0.38717842516339E+03
 0.38648019350277E+03
 0.38577643692199E+03
 0.38506690270523E+03
 0.38435132605064E+03
 0.38362944073116E+03
 0.38290094984742E+03
 0.38216555187613E+03
 0.38142293216014E+03
 0.38067276527141E+03
 0.37991471176982E+03
 0.37914841063701E+03
 0.37837348932244E+03
 0.37758955749843E+03
 0.37679621052276E+03
 0.37599302523878E+03
 0.37517956022084E+03
 0.37435535791276E+03
 0.37351994142307E+03
 0.37267281804164E+03
 0.37181346649287E+03
 0.37094135334659E+03
 0.37005592771387E+03
 0.36915661355033E+03
 0.36824281643421E+03
 0.36731392095053E+03
 0.36636930028158E+03
 0.36540828846372E+03
 0.36443016911218E+03
 0.36343435506551E+03
 0.36242008745391E+03
 0.36138665272549E+03
 0.36033331226493E+03
 0.35925931778063E+03
 0.35816391240648E+03
 0.35704633078703E+03
 0.35590580243881E+03
 0.35474155660902E+03
 0.35355282394322E+03
 0.35233884012675E+03
 0.35109885289125E+03
 0.34983212174472E+03
 0.34853792500428E+03
 0.34721557322694E+03
 0.34586440443853E+03
 0.34448378353651E+03
 0.34307312274692E+03
 0.34163188807723E+03
 0.34015960578903E+03
 0.33865584166744E+03
 0.33712025386012E+03
 0.33555256022840E+03
 0.33395257601256E+03
 0.33232018501402E+03
 0.33065538390725E+03
 0.32895827587660E+03
 0.32722906399992E+03
 0.32546808205654E+03
 0.32367579260347E+03
 0.32185279908236E+03
 0.31999985468702E+03
 0.31811787456391E+03
 0.31620788390909E+03
 0.31427129157309E+03
 0.31230952437981E+03
 0.31032429593450E+03
 0.30831754582644E+03
 0.30629149943328E+03
 0.30424863274156E+03
 0.30219176977158E+03
 0.30012401717858E+03
 0.29804887437680E+03
 0.29597020368404E+03
 0.29389226572086E+03
 0.29181975693167E+03
 0.28975779831461E+03
 0.28771198468088E+03
 0.28568835529203E+03
 0.28369341784718E+03
 0.28173413267472E+03
 0.27981789120304E+03
 0.27795248064444E+03
 0.27614604725554E+03
 0.27440700863196E+03
 0.27274400277888E+03
 0.27116578100147E+03
 0.26968111054006E+03
 0.26829865251371E+03
 0.26702683073435E+03
 0.26587370571297E+03
 0.26484684262644E+03
 0.26395318013938E+03
 0.26319891200690E+03
 0.26258938595676E+03
 0.26212900622689E+03
 0.26182117960756E+03
 0.26166826365041E+03
 0.26167156900766E+03
 0.26183134975125E+03
 0.26214684635558E+03
 0.26261633606173E+03
 0.26323720573944E+03
 0.26400604037223E+03
 0.26491871025541E+03
 0.26597047771473E+03
 0.26715609652627E+03
 0.26846991245182E+03
 0.26990596105645E+03
 0.27145805335266E+03
 0.27311986227619E+03
 0.27488499448421E+03
 0.27674705409659E+03
 0.27869968653149E+03
 0.28073668704082E+03
 0.28285191584593E+03
 0.28503945736709E+03
 0.28729356520860E+03
 0.28960871649742E+03
 0.29197960691445E+03
 0.29440116401581E+03
 0.29686854821129E+03
 0.29937716187412E+03
 0.30192264202278E+03
 0.30450085885402E+03
 0.30710790702375E+03
 0.30974010279463E+03
 0.31239394447908E+03
 0.31506622345826E+03
 0.31775384262551E+03
 0.32045391330551E+03
 0.32316373405744E+03
 0.32588076521381E+03
 0.32860263285792E+03
 0.33132711520883E+03
 0.33405213264876E+03
 0.33677575034803E+03
 0.33949614672762E+03
 0.34221163398760E+03
 0.34492063393130E+03
 0.34762167737331E+03
 0.35031339778609E+03
 0.35299451741543E+03
 0.35566385618400E+03
 0.35832031483723E+03
 0.36096287369723E+03
 0.36359059361301E+03
 0.36620259389404E+03
 0.36879807618976E+03
 0.37137628480801E+03
 0.37393654519136E+03
 0.37647821570747E+03
 0.37900071866301E+03
 0.38150353187802E+03
 0.38398616487076E+03
 0.38644818429464E+03
 0.38888918959495E+03
 0.39130882205103E+03
 0.39370675244879E+03
 0.39608269185713E+03
 0.39843638611092E+03
 0.40076761104101E+03
 0.40307616368365E+03
 0.40536187763516E+03
 0.40762460393644E+03
 0.40986422108924E+03
 0.41208063173284E+03
 0.41427375863211E+03
 0.41644354368398E+03
 0.41858995238552E+03
 0.42071296222725E+03
 0.42281256773010E+03
 0.42488878195070E+03
 0.42694163227352E+03
 0.42897115993722E+03
 0.43097741969802E+03
 0.43296048020197E+03
 0.43492041628948E+03
 0.43685731885647E+03
 0.43877128670563E+03
 0.44066242778117E+03
 0.44253085982238E+03
 0.44437671195393E+03
 0.44620011545339E+03
 0.44800121142606E+03
 0.44978014720130E+03
 0.45153707805934E+03
 0.45327216429733E+03
 0.45498557082987E+03
 0.45667746755764E+03
 0.45834802957763E+03
 0.45999743634105E+03
 0.46162587051969E+03
 0.46323351843276E+03
 0.46482057055552E+03
 0.46638721843609E+03
 0.46793365629045E+03
 0.46946008380134E+03
 0.47096669898096E+03
 0.47245370550949E+03
 0.47392130575632E+03
 0.47536970373505E+03
 0.47679910553770E+03
 0.47820971435448E+03
 0.47960174167248E+03
 0.48097539501927E+03
 0.48233088046282E+03
