 0.00000000000000E+00
 0.00000000000000E+00
 0.00000000000000E+00
 0.00000000000000E+00
 0.00000000000000E+00
 0.33290761742301E-65
 0.75210740758418E-56
 0.77937848338950E-49
 0.22295957600849E-43
 0.51690645144341E-39
 0.19272312438747E-35
 0.18247869073345E-32
 0.60202832043324E-30
 0.86750426760477E-28
 0.64437019528112E-26
 0.27936983799170E-24
 0.77745869107576E-23
 0.14953112432187E-21
 0.21071110947717E-20
 0.22794049742863E-19
 0.19658418498642E-18
 0.13941168760597E-17
 0.83400383434346E-17
 0.42993298130816E-16
 0.19443010267922E-15
 0.78311841756054E-15
 0.28457058031096E-14
 0.94329767031813E-14
 0.28796473877905E-13
 0.81629206832543E-13
 0.21641572380476E-12
 0.54000757472921E-12
 0.12751999875447E-11
 0.28637906115971E-11
 0.61427605017209E-11
 0.12633151322750E-10
 0.24996059103257E-10
 0.47727919050676E-10
 0.88187569164003E-10
 0.15807000743623E-09
 0.27546548236201E-09
 0.46766669945611E-09
 0.77491040515714E-09
 0.12552613122411E-08
 0.19908651340663E-08
 0.30958124761724E-08
 0.47258653208055E-08
 0.70903026300485E-08
 0.10466140045755E-07
 0.15214970924545E-07
 0.21802662542293E-07
 0.30822120579256E-07
 0.43019309941890E-07
 0.59322688806766E-07
 0.80876178475408E-07
 0.10907575228243E-06
 0.14560968656920E-06
 0.19250247481873E-06
 0.25216236109563E-06
 0.32743241131648E-06
 0.42164499138143E-06
 0.53867949719899E-06
 0.68302312702762E-06
 0.85983447709995E-06
 0.10750096968826E-05
 0.13352509205485E-05
 0.16481366960883E-05
 0.20221940997225E-05
 0.24669722150265E-05
 0.29931166852455E-05
 0.36124450379901E-05
 0.43380224760923E-05
 0.51842378834500E-05
 0.61668797969140E-05
 0.73032120804906E-05
 0.86120493665612E-05
 0.10113831675795E-04
 0.11830698456887E-04
 0.13786561933652E-04
 0.16007179719934E-04
 0.18520226685945E-04
 0.21355366247849E-04
 0.24544321237532E-04
 0.28120944579757E-04
 0.32121290069365E-04
 0.36583683330728E-04
 0.41548842478933E-04
 0.47059772940763E-04
 0.53162089125301E-04
 0.59903939717588E-04
 0.67336123049818E-04
 0.75512170011288E-04
 0.84488433548405E-04
 0.94324183408457E-04
 0.10508170676502E-03
 0.11682641593219E-03
 0.12962696258979E-03
 0.14355536851592E-03
 0.15868716388539E-03
 0.17510152577516E-03
 0.19288144164227E-03
 0.21211393910415E-03
 0.23289020417356E-03
 0.25530584597343E-03
 0.27946113127915E-03
 0.30546124019257E-03
 0.33341655452927E-03
 0.36344297637815E-03
 0.39566227477689E-03
 0.43020247038720E-03
 0.46719827155218E-03
 0.50679150557903E-03
 0.54913164405838E-03
 0.59437632363952E-03
 0.64269207638528E-03
 0.69425485651835E-03
 0.74925077868447E-03
 0.80787701373128E-03
 0.87034258914843E-03
 0.93686935760743E-03
 0.10076930127725E-02
 0.10830642465210E-02
 0.11632517331332E-02
 0.12485365853411E-02
 0.13392237821915E-02
 0.14356372245866E-02
 0.15381230603415E-02
 0.16470515250797E-02
 0.17628188740026E-02
 0.18858495278674E-02
 0.20165983524394E-02
 0.21555530848435E-02
 0.23032370273055E-02
 0.24602119197687E-02
 0.26270808131771E-02
 0.28044915555876E-02
 0.29931401768781E-02
 0.31937742502242E-02
 0.34071973361786E-02
 0.36342731785004E-02
 0.38759301228990E-02
 0.41331656408449E-02
 0.44070516931928E-02
 0.46987404440054E-02
 0.50094695765303E-02
 0.53405689226448E-02
 0.56934666557064E-02
 0.60696971987539E-02
 0.64709077861164E-02
 0.68988662865460E-02
 0.73554713271962E-02
 0.78427592127459E-02
 0.83629144121658E-02
 0.89182792651076E-02
 0.95113646887213E-02
 0.10144860900188E-01
 0.10821666008809E-01
 0.11544829894597E-01
 0.12317663590415E-01
 0.13143686091520E-01
 0.14026658592852E-01
 0.14970579356079E-01
 0.15979712874344E-01
 0.17058578629010E-01
 0.18211974504485E-01
 0.19444966286010E-01
 0.20762892971692E-01
 0.22171367069129E-01
 0.23676252784714E-01
 0.25283659943555E-01
 0.26999911725726E-01
 0.28831518457090E-01
 0.30785125905783E-01
 0.32867465328817E-01
 0.35085275513154E-01
 0.37445229375026E-01
 0.39953830598880E-01
 0.42617308581087E-01
 0.45441493086478E-01
 0.48431676035827E-01
 0.51592470396120E-01
 0.54927659532844E-01
 0.58440056171589E-01
 0.62131355709559E-01
 0.66002006910535E-01
 0.70051099096232E-01
 0.74276281579042E-01
 0.78673709167033E-01
 0.83238006451922E-01
 0.87962315792607E-01
 0.92838281245938E-01
 0.97856401352313E-01
 0.10300575034893E+00
 0.10827445957926E+00
 0.11364976967779E+00
 0.11911828309897E+00
 0.12466614905072E+00
 0.13027927156472E+00
 0.13594351767979E+00
 0.14164490094190E+00
 0.14736975100306E+00
 0.15310486476723E+00
 0.15883762459683E+00
 0.16455610729193E+00
 0.17024915754940E+00
 0.17590644113397E+00
 0.18151847618445E+00
 0.18707666452826E+00
 0.19257326883682E+00
 0.19800141918314E+00
 0.20335507082121E+00
 0.20862898028954E+00
 0.21381866104957E+00
 0.21892033909956E+00
 0.22393090580760E+00
 0.22884786884926E+00
 0.23366929770226E+00
 0.23839377782291E+00
 0.24302036030330E+00
 0.24754851991425E+00
 0.25197807045162E+00
 0.25630926103463E+00
 0.26054252985985E+00
 0.26467860877142E+00
 0.26871846060670E+00
 0.27266323140735E+00
 0.27651423828521E+00
 0.28027293703925E+00
 0.28394090106081E+00
 0.28751980514109E+00
 0.29101139179142E+00
 0.29441746903465E+00
 0.29773989099506E+00
 0.30098054710820E+00
 0.30414134811308E+00
 0.30722421191541E+00
 0.31023106414978E+00
 0.31316382355619E+00
 0.31602439844110E+00
 0.31881468320370E+00
 0.32153654366687E+00
 0.32419182276702E+00
 0.32678233434410E+00
 0.32930986601092E+00
 0.33177616006451E+00
 0.33418292765165E+00
 0.33653184788754E+00
 0.33882455223877E+00
 0.34106263793829E+00
 0.34324766149442E+00
 0.34538113895649E+00
 0.34746454308968E+00
 0.34949930950621E+00
 0.35148683389940E+00
 0.35342847244230E+00
 0.35532553999670E+00
 0.35717931600795E+00
 0.35899103916820E+00
 0.36076191262531E+00
 0.36249310287276E+00
 0.36418574083902E+00
 0.36584092269162E+00
 0.36745971202978E+00
 0.36904313740704E+00
 0.37059219567735E+00
 0.37210785303627E+00
 0.37359104532497E+00
 0.37504267865883E+00
 0.37646363119264E+00
 0.37785475310765E+00
 0.37921686665783E+00
 0.38055076962376E+00
 0.38185723354664E+00
 0.38313700589610E+00
 0.38439081050056E+00
 0.38561934911241E+00
 0.38682329996909E+00
 0.38800332053177E+00
 0.38916004788476E+00
 0.39029409885229E+00
 0.39140607136299E+00
 0.39249654409541E+00
 0.39356607803112E+00
 0.39461521681431E+00
 0.39564448710929E+00
 0.39665439927431E+00
 0.39764544796436E+00
 0.39861811295534E+00
 0.39957285881774E+00
 0.40051013646279E+00
 0.40143038274472E+00
 0.40233402153726E+00
 0.40322146421522E+00
 0.40409310940791E+00
 0.40494934379451E+00
 0.40579054261386E+00
 0.40661706991306E+00
 0.40742927938698E+00
 0.40822751395424E+00
 0.40901210657193E+00
