 0.00000000000000E+00
 0.00000000000000E+00
 0.00000000000000E+00
 0.00000000000000E+00
 0.00000000000000E+00
 0.14931653761654E-21
 0.19592654886798E-18
 0.42715235389728E-16
 0.28145483260964E-14
 0.80254732377803E-13
 0.12444514056145E-11
 0.12219986292540E-10
 0.84438201388042E-10
 0.44268065084196E-09
 0.18608519160668E-08
 0.65372210299621E-08
 0.19810362946457E-07
 0.53077506217997E-07
 0.12820228197377E-06
 0.28353523779666E-06
 0.58145477261308E-06
 0.11171184974323E-05
 0.20279401565504E-05
 0.35032037682527E-05
 0.57932017412858E-05
 0.92173301376929E-05
 0.14170674167071E-04
 0.21128747078419E-04
 0.30650186809429E-04
 0.43377350325134E-04
 0.60034863874877E-04
 0.81426278476195E-04
 0.10842905528957E-03
 0.14198814474617E-03
 0.18310842655274E-03
 0.23284634781178E-03
 0.29230094385712E-03
 0.36260461515976E-03
 0.44491378027334E-03
 0.54039966181893E-03
 0.65023934088599E-03
 0.77560721967981E-03
 0.91766699116021E-03
 0.10775641866378E-02
 0.12564193457931E-02
 0.14553218524057E-02
 0.16753244240318E-02
 0.19174382774789E-02
 0.21826289387188E-02
 0.24718126714161E-02
 0.27858535246301E-02
 0.31255609326068E-02
 0.34916878504957E-02
 0.38849293782129E-02
 0.43059218485973E-02
 0.47552423266982E-02
 0.52334084924090E-02
 0.57408788768976E-02
 0.62780533993615E-02
 0.68452742062232E-02
 0.74428267303026E-02
 0.80709410139035E-02
 0.87297931894326E-02
 0.94195071660870E-02
 0.10140156452109E-01
 0.10891766088084E-01
 0.11674314726380E-01
 0.12487736796971E-01
 0.13331924724983E-01
 0.14206731228943E-01
 0.15111971672441E-01
 0.16047426427535E-01
 0.17012843272591E-01
 0.18007939802664E-01
 0.19032405800994E-01
 0.20085905780685E-01
 0.21168081263727E-01
 0.22278553153361E-01
 0.23416924098946E-01
 0.24582780816902E-01
 0.25775696338383E-01
 0.26995232229574E-01
 0.28240940774282E-01
 0.29512367115615E-01
 0.30809051354673E-01
 0.32130530526064E-01
 0.33476353238787E-01
 0.34846033907661E-01
 0.36239122149330E-01
 0.37655162129300E-01
 0.39093704238759E-01
 0.40554306582861E-01
 0.42036536827217E-01
 0.43539973881697E-01
 0.45064209418646E-01
 0.46608849297792E-01
 0.48173514721836E-01
 0.49757844200942E-01
 0.51361494895653E-01
 0.52984142733536E-01
 0.54625483922317E-01
 0.56285240608184E-01
 0.57963154766149E-01
 0.59658993966146E-01
 0.61372552024996E-01
 0.63103649622166E-01
 0.64852135472881E-01
 0.66617887558500E-01
 0.68400814123547E-01
 0.70200854871165E-01
 0.72017982762449E-01
 0.73852203485844E-01
 0.75703557503133E-01
 0.77572119629198E-01
 0.79458004995745E-01
 0.81361364042637E-01
 0.83282384333063E-01
 0.85221295018257E-01
 0.87178365041190E-01
 0.89153904615687E-01
 0.91148265402385E-01
 0.93161842061895E-01
 0.95195116161244E-01
 0.97248484256454E-01
 0.99322511949233E-01
 0.10141776684070E+00
 0.10353486092050E+00
 0.10567445051189E+00
 0.10783723496701E+00
 0.11002395642820E+00
 0.11223539875967E+00
 0.11447238588188E+00
 0.11673578127858E+00
 0.11902648680914E+00
 0.12134543836576E+00
 0.12369360707901E+00
 0.12607199531809E+00
 0.12848162975657E+00
 0.13092356467526E+00
 0.13339887793893E+00
 0.13590866637334E+00
 0.13845403944401E+00
 0.14103611843464E+00
 0.14365603497460E+00
 0.14631492259905E+00
 0.14901391701204E+00
 0.15175414897382E+00
 0.15453674748388E+00
 0.15736282881297E+00
 0.16023349274175E+00
 0.16314983031473E+00
 0.16611290649928E+00
 0.16912376381729E+00
 0.17218341710520E+00
 0.17529285113301E+00
 0.17845301538525E+00
 0.18166489957244E+00
 0.18492921069956E+00
 0.18824683198443E+00
 0.19161850521690E+00
 0.19504492721485E+00
 0.19852667701320E+00
 0.20206427963451E+00
 0.20565812023368E+00
 0.20930848946636E+00
 0.21301551799392E+00
 0.21677917561761E+00
 0.22059926126635E+00
 0.22447534497196E+00
 0.22840677033694E+00
 0.23239260527968E+00
 0.23643162961468E+00
 0.24052228580800E+00
 0.24466266061155E+00
 0.24885043571883E+00
 0.25308287746243E+00
 0.25735679817721E+00
 0.26166854528906E+00
 0.26601398325984E+00
 0.27038848247635E+00
 0.27478692719618E+00
 0.27920372773115E+00
 0.28363285798055E+00
 0.28806789040305E+00
 0.29250205208162E+00
 0.29692829103235E+00
 0.30133936165583E+00
 0.30572791323263E+00
 0.31008656932053E+00
 0.31440805480495E+00
 0.31868522680128E+00
 0.32291139016464E+00
 0.32708002579412E+00
 0.33118514583172E+00
 0.33522124318228E+00
 0.33918338169055E+00
 0.34306721131529E+00
 0.34686898752075E+00
 0.35058558119349E+00
 0.35421446768620E+00
 0.35775370780539E+00
 0.36120192140143E+00
 0.36455824806695E+00
 0.36782231173412E+00
 0.37099417483948E+00
 0.37407429242768E+00
 0.37706346553473E+00
 0.37996280517775E+00
 0.38277367782271E+00
 0.38549767595297E+00
 0.38813657185960E+00
 0.39069228842632E+00
 0.39316686603539E+00
 0.39556243503329E+00
 0.39788119139398E+00
 0.40012537520071E+00
 0.40229724967385E+00
 0.40439908655931E+00
 0.40643315123946E+00
 0.40840169289711E+00
 0.41030691725901E+00
 0.41215103769339E+00
 0.41393617950373E+00
 0.41566443533591E+00
 0.41733784828283E+00
 0.41895840164590E+00
 0.42052802328871E+00
 0.42204858122081E+00
 0.42352188348145E+00
 0.42494967955496E+00
 0.42633365440556E+00
 0.42767543468388E+00
 0.42897658758834E+00
 0.43023862273335E+00
 0.43146299234810E+00
 0.43265109107352E+00
 0.43380426105871E+00
 0.43492379082030E+00
 0.43601091805053E+00
 0.43706683210760E+00
 0.43809267198522E+00
 0.43908953172663E+00
 0.44005846105609E+00
 0.44100046917806E+00
 0.44191652017436E+00
 0.44280754061582E+00
 0.44367442132541E+00
 0.44451801355650E+00
 0.44533913574385E+00
 0.44613857274541E+00
 0.44691707745024E+00
 0.44767537113669E+00
 0.44841414697987E+00
 0.44913407020469E+00
 0.44983577930247E+00
 0.45051988637133E+00
 0.45118698014980E+00
 0.45183762492362E+00
 0.45247236316749E+00
 0.45309171584751E+00
 0.45369618345946E+00
 0.45428624691243E+00
 0.45486236885862E+00
 0.45542499331682E+00
 0.45597454733151E+00
 0.45651144177090E+00
 0.45703607183011E+00
 0.45754881761989E+00
 0.45805004512799E+00
 0.45854010652596E+00
 0.45901934047499E+00
 0.45948807360838E+00
 0.45994662015589E+00
 0.46039528293414E+00
 0.46083435370828E+00
 0.46126411393543E+00
 0.46168483444239E+00
 0.46209677655231E+00
 0.46250019237912E+00
 0.46289532501271E+00
 0.46328240912886E+00
 0.46366167099040E+00
 0.46403332910381E+00
 0.46439759445153E+00
 0.46475467071636E+00
 0.46510475460863E+00
 0.46544803616205E+00
 0.46578469909994E+00
 0.46611492079761E+00
 0.46643887288761E+00
 0.46675672118756E+00
 0.46706862613326E+00
 0.46737474300177E+00
 0.46767522187948E+00
 0.46797020798652E+00
 0.46825984189883E+00
 0.46854425967729E+00
 0.46882359319719E+00
 0.46909797004039E+00
 0.46936751381123E+00
