                  NaN
                  NaN
                  NaN
                  NaN
                  NaN
 0.10000000133514E-09
 0.10000000133514E-09
 0.10000000133514E-09
 0.10000000133514E-09
 0.10000000133517E-09
 0.10000000133552E-09
 0.10000000133896E-09
 0.10000000136760E-09
 0.10000000166391E-09
 0.10000000535617E-09
 0.10000004603157E-09
 0.10000039972876E-09
 0.10000283448051E-09
 0.10001647562726E-09
 0.10008047869521E-09
 0.10033826601409E-09
 0.10124829439097E-09
 0.10411317601787E-09
 0.11227361792377E-09
 0.13356350901463E-09
 0.18496429077752E-09
 0.30082079598357E-09
 0.54645859161854E-09
 0.10395295350877E-08
 0.19818524137085E-08
 0.81058946346228E-04
 0.81067174903889E-04
 0.81078870250842E-04
 0.17950620064810E-03
 0.17954171868241E-03
 0.28357549245172E-03
 0.35001123161000E-03
 0.42738491351118E-03
 0.51672399880512E-03
 0.61907106350358E-03
 0.73548082634283E-03
 0.86701864269492E-03
 0.10147591803638E-02
 0.11797851294249E-02
 0.13631879219662E-02
 0.15660675939247E-02
 0.17895333158726E-02
 0.20347048146619E-02
 0.23027130495334E-02
 0.25947024689743E-02
 0.29118325333856E-02
 0.32552783996581E-02
 0.36262335524450E-02
 0.40259112038645E-02
 0.44555464701232E-02
 0.49163969991957E-02
 0.54097459780992E-02
 0.59369018824840E-02
 0.64991997515550E-02
 0.70980066172695E-02
 0.77347183789924E-02
 0.84107627724609E-02
 0.91276015397227E-02
 0.98867294286524E-02
 0.10689677002109E-01
 0.11538009615932E-01
 0.12433330549760E-01
 0.13377277967881E-01
 0.14371533593111E-01
 0.15417812999077E-01
 0.16517876385892E-01
 0.17673524771211E-01
 0.18886598543895E-01
 0.20158981594659E-01
 0.21492599576887E-01
 0.22889422576918E-01
 0.24351469308544E-01
 0.25880797656855E-01
 0.27479509303118E-01
 0.29149760077934E-01
 0.30893758350895E-01
 0.32713746944098E-01
 0.34612015359038E-01
 0.36590907712655E-01
 0.38652824852131E-01
 0.40800209691049E-01
 0.43039859752607E-01
 0.45366250541957E-01
 0.47785792630134E-01
 0.50301141756948E-01
 0.52915000318897E-01
 0.55630131807257E-01
 0.58449348436394E-01
 0.61375493003613E-01
 0.64411487631525E-01
 0.67560289090279E-01
 0.70824901873956E-01
 0.74208402281736E-01
 0.77713893439573E-01
 0.81344527307064E-01
 0.85103446599178E-01
 0.88993966975289E-01
 0.93019319866152E-01
 0.97182824392877E-01
 0.10148781390711E+00
 0.10593764245099E+00
 0.11053569649385E+00
 0.11528535123752E+00
 0.12018999578452E+00
 0.12525300040875E+00
 0.13047778113676E+00
 0.13586767374009E+00
 0.14142597760268E+00
 0.14715589147531E+00
 0.15306068145628E+00
 0.15914346526543E+00
 0.16540718226085E+00
 0.17185473520751E+00
 0.17848886007370E+00
 0.18531212767275E+00
 0.19232692679706E+00
 0.19953534532343E+00
 0.20694132009899E+00
 0.21454255063007E+00
 0.22234222936930E+00
 0.23034128806170E+00
 0.23854022276174E+00
 0.24693915189960E+00
 0.25553771981532E+00
 0.26433507387754E+00
 0.27332983122069E+00
 0.28252000204829E+00
 0.29190300561511E+00
 0.30147564294521E+00
 0.31123399959946E+00
 0.32117352447974E+00
 0.33128897541059E+00
 0.34157430623823E+00
 0.35202283409494E+00
 0.36262713976557E+00
 0.37337913355494E+00
 0.38427001321215E+00
 0.39529033585504E+00
 0.40643006787236E+00
 0.41767859909658E+00
 0.42902483838040E+00
 0.44045725379360E+00
 0.45196394822822E+00
 0.46353275433137E+00
 0.47515122433699E+00
 0.48680686575640E+00
 0.49848707433653E+00
 0.51017928076968E+00
 0.52187100587168E+00
 0.53354995832773E+00
 0.54520407976880E+00
 0.55682248502192E+00
 0.56839198073034E+00
 0.57990238441316E+00
 0.59134303248048E+00
 0.60270377995329E+00
 0.61397481016164E+00
 0.62514686870498E+00
 0.63621111332586E+00
 0.64715912875962E+00
 0.65798293518995E+00
 0.66867493386803E+00
 0.67922797020104E+00
 0.68963514277620E+00
 0.69988990614147E+00
 0.70998599238824E+00
 0.71991738592535E+00
 0.72967827199025E+00
 0.73926304901977E+00
 0.74866623998636E+00
 0.75788254126186E+00
 0.76690678732655E+00
 0.77573395270638E+00
 0.78435917251694E+00
 0.79277774657654E+00
 0.80098518094059E+00
 0.80897721685530E+00
 0.81674991072274E+00
 0.82429967726904E+00
 0.83162335423672E+00
 0.83871825963584E+00
 0.84558227541061E+00
 0.85221390631948E+00
 0.85861230583761E+00
 0.86477738925566E+00
 0.87070965846178E+00
 0.87641085378349E+00
 0.88188297589937E+00
 0.88712897976124E+00
 0.89215250842861E+00
 0.89695789573938E+00
 0.90155008398201E+00
 0.90593455326238E+00
 0.91011725589820E+00
 0.91410453380550E+00
 0.91790303617704E+00
 0.92151964646929E+00
 0.92496139954146E+00
 0.92823542283709E+00
 0.93134886700632E+00
 0.93430884898792E+00
 0.93712240332016E+00
 0.93979644527996E+00
 0.94233772917209E+00
 0.94475282710581E+00
 0.94704809867492E+00
 0.94922968098973E+00
 0.95130347246978E+00
 0.95327512790291E+00
 0.95515005405917E+00
 0.95693340796192E+00
 0.95863009869999E+00
 0.96024479164274E+00
 0.96178191300151E+00
 0.96324566020368E+00
 0.96463997844496E+00
 0.96596867537929E+00
 0.96723527041454E+00
 0.96844311310762E+00
 0.96959536718280E+00
 0.97069501230414E+00
 0.97174485993795E+00
 0.97274755970905E+00
 0.97370560936497E+00
 0.97462136426188E+00
 0.97549704008573E+00
 0.97633472532432E+00
 0.97713638813539E+00
 0.97790388418012E+00
 0.97863896105050E+00
 0.97934326534611E+00
 0.98001835023639E+00
 0.98066567984884E+00
 0.98128663468822E+00
 0.98188251754438E+00
 0.98245455692463E+00
 0.98300391263719E+00
 0.98353167970774E+00
 0.98403889305613E+00
 0.98452652904341E+00
 0.98499551087010E+00
 0.98544671196365E+00
 0.98588095746934E+00
 0.98629902826344E+00
 0.98670166364237E+00
 0.98708956324612E+00
 0.98746338952318E+00
 0.98782377027506E+00
 0.98817130052452E+00
 0.98850654448199E+00
 0.98883003717243E+00
 0.98914228631091E+00
 0.98944377383055E+00
 0.98973495728571E+00
 0.99001627137580E+00
 0.99028812918638E+00
 0.99055092334370E+00
 0.99080502724132E+00
 0.99105079618064E+00
 0.99128856816708E+00
 0.99151866497974E+00
 0.99174139323057E+00
 0.99195704484901E+00
 0.99216589807614E+00
 0.99236821827905E+00
 0.99256425842597E+00
 0.99275426002363E+00
 0.99293845331206E+00
 0.99311705821322E+00
 0.99329028475862E+00
 0.99345833365907E+00
 0.99362139656775E+00
 0.99377965670502E+00
 0.99393328941409E+00
 0.99408246229057E+00
 0.99422733583280E+00
 0.99436806343784E+00
 0.99450479214527E+00
 0.99463766272271E+00
 0.99476681008183E+00
 0.99489236343867E+00
 0.99501444665102E+00
 0.99513317852867E+00
 0.99524867299836E+00
 0.99536103937432E+00
 0.99547038253748E+00
 0.99557680318889E+00
 0.99568039804245E+00
 0.99578125996117E+00
 0.99587947814577E+00
 0.99597513831956E+00
 0.99606832287684E+00
 0.99615911107963E+00
 0.99624757913183E+00
 0.99633380033238E+00
