                  NaN
                  NaN
                  NaN
                  NaN
                  NaN
 0.44852244825746E+34
 0.26050341946932E+28
 0.54806793965199E+23
 0.12623581431494E+20
 0.15525968620673E+17
 0.64571982536583E+14
 0.66966649130612E+12
 0.14025619672187E+11
 0.51029219652147E+09
 0.28878617126687E+08
 0.23399892007461E+07
 0.25481022157927E+06
 0.35496964882918E+05
 0.60852702271864E+04
 0.12449013073921E+04
 0.29677953826065E+03
 0.81131176617923E+02
 0.25315865680502E+02
 0.91483412179534E+01
 0.39796324866032E+01
 0.21770359291146E+01
 0.14979881187661E+01
 0.12240023202054E+01
 0.11064470802727E+01
 0.10531464138627E+01
 0.22486179489098E+05
 0.12223899567173E+05
 0.68940600620389E+04
 0.89000055720709E+04
 0.53519263203082E+04
 0.52266862051593E+04
 0.40929897364049E+04
 0.32469830064090E+04
 0.26069164831928E+04
 0.21164406757822E+04
 0.17361106867355E+04
 0.14379170457363E+04
 0.12017015097478E+04
 0.10127725526140E+04
 0.86029718829402E+03
 0.73619846464374E+03
 0.63439151735900E+03
 0.55024744338403E+03
 0.48021220024813E+03
 0.42153340109370E+03
 0.37206184843384E+03
 0.33010613155468E+03
 0.29432540073830E+03
 0.26364922131085E+03
 0.23721737667140E+03
 0.21433415416557E+03
 0.19443356558635E+03
 0.17705244903194E+03
 0.16180972812951E+03
 0.14839032402884E+03
 0.13653231955612E+03
 0.12601699261145E+03
 0.11666087223735E+03
 0.10830935625710E+03
 0.10083164601978E+03
 0.94116618775426E+02
 0.88069523771609E+02
 0.82609244258871E+02
 0.77666137818200E+02
 0.73180149138768E+02
 0.69099371037454E+02
 0.65378773402923E+02
 0.61979166119166E+02
 0.58866353649586E+02
 0.56010406429019E+02
 0.53385061520828E+02
 0.50967219718327E+02
 0.48736490778699E+02
 0.46674840814133E+02
 0.44766297086599E+02
 0.42996673178323E+02
 0.41353315396517E+02
 0.39824930026520E+02
 0.38401423481587E+02
 0.37073755857902E+02
 0.35833799759768E+02
 0.34677682035466E+02
 0.33592042754613E+02
 0.32574249895342E+02
 0.31618916169393E+02
 0.30721153499294E+02
 0.29876527455365E+02
 0.29081000616086E+02
 0.28330882556191E+02
 0.27622817110160E+02
 0.26953727096720E+02
 0.26320793027411E+02
 0.25721435271340E+02
 0.25153274174720E+02
 0.24614120444408E+02
 0.24101940105566E+02
 0.23614887663848E+02
 0.23151223782798E+02
 0.22709348906453E+02
 0.22287772580064E+02
 0.21885106820136E+02
 0.21500060108681E+02
 0.21131421062027E+02
 0.20778057664969E+02
 0.20438905652864E+02
 0.20112973794981E+02
 0.19799319794709E+02
 0.19497054565558E+02
 0.19205331645389E+02
 0.18923364451929E+02
 0.18650398035962E+02
 0.18385705983094E+02
 0.18128604775819E+02
 0.17878439126500E+02
 0.17634582261137E+02
 0.17396434772820E+02
 0.17163414254046E+02
 0.16935115972123E+02
 0.16710714048949E+02
 0.16489842121243E+02
 0.16272007054676E+02
 0.16056731365890E+02
 0.15843559712317E+02
 0.15632054739741E+02
 0.15421798092043E+02
 0.15212390986464E+02
 0.15003452673572E+02
 0.14794623833358E+02
 0.14585567344811E+02
 0.14375966634255E+02
 0.14165530882782E+02
 0.13953994697455E+02
 0.13741116343892E+02
 0.13526684761526E+02
 0.13310516622994E+02
 0.13092459999029E+02
 0.12872393750846E+02
 0.12650229338093E+02
 0.12425911314061E+02
 0.12199417715682E+02
 0.11970760529172E+02
 0.11739985451886E+02
 0.11507170168802E+02
 0.11272425427782E+02
 0.11035891564460E+02
 0.10797738718734E+02
 0.10558163845677E+02
 0.10317388882977E+02
 0.10075658140767E+02
 0.98332359738108E+01
 0.95904037514483E+01
 0.93474609860294E+01
 0.91047058574349E+01
 0.88624588522569E+01
 0.86210418573101E+01
 0.83807782241887E+01
 0.81419947706772E+01
 0.79050138562536E+01
 0.76701573140369E+01
 0.74377382667478E+01
 0.72080647355758E+01
 0.69814356370138E+01
 0.67581393601309E+01
 0.65384538671350E+01
 0.63226444830408E+01
 0.61109642194114E+01
 0.59036516233301E+01
 0.57009312360992E+01
 0.55030122540787E+01
 0.53100885571992E+01
 0.51223372782707E+01
 0.49399187093781E+01
 0.47629749905439E+01
 0.45916296674176E+01
 0.44259870684484E+01
 0.42661313736373E+01
 0.41121259583346E+01
 0.39640124703760E+01
 0.38218105235112E+01
 0.36855172904509E+01
 0.35551073816727E+01
 0.34305328387846E+01
 0.33117235982062E+01
 0.31985886693161E+01
 0.30910165830130E+01
 0.29888780927544E+01
 0.28920238557691E+01
 0.28002932411780E+01
 0.27135110318301E+01
 0.26314921168034E+01
 0.25540429596198E+01
 0.24809643638463E+01
 0.24120537171877E+01
 0.23471070379749E+01
 0.22859209805531E+01
 0.22282945608786E+01
 0.21740306385426E+01
 0.21229372335572E+01
 0.20748284866494E+01
 0.20295254870935E+01
 0.19868568731255E+01
 0.19466592517396E+01
 0.19087773162147E+01
 0.18730641097023E+01
 0.18393808524293E+01
 0.18075969333906E+01
 0.17775896512238E+01
 0.17492439765714E+01
 0.17224522509006E+01
 0.16971138490174E+01
 0.16731348245810E+01
 0.16504275741564E+01
 0.16289104529487E+01
 0.16085074238984E+01
 0.15891476888621E+01
 0.15707654841199E+01
 0.15532992851284E+01
 0.15366921965946E+01
 0.15208911730092E+01
 0.15058468381051E+01
 0.14915132808392E+01
 0.14778477507157E+01
 0.14648104515482E+01
 0.14523643198075E+01
 0.14404748091258E+01
 0.14291097520321E+01
 0.14182391398824E+01
 0.14078349796859E+01
 0.13978711393065E+01
 0.13883232161064E+01
 0.13791684244084E+01
 0.13703854493534E+01
 0.13619543603851E+01
 0.13538565014969E+01
 0.13460743938533E+01
 0.13385916793118E+01
 0.13313930129431E+01
 0.13244639990739E+01
 0.13177911089758E+01
 0.13113616651950E+01
 0.13051637399642E+01
 0.12991861020643E+01
 0.12934182069209E+01
 0.12878501130673E+01
 0.12824724574273E+01
 0.12772764144575E+01
 0.12722536678357E+01
 0.12673963617844E+01
 0.12626970784091E+01
 0.12581488093188E+01
 0.12537449348325E+01
 0.12494791862168E+01
 0.12453456381500E+01
 0.12413386761747E+01
 0.12374529820284E+01
 0.12336835146318E+01
 0.12300254931315E+01
 0.12264743780442E+01
 0.12230258646684E+01
 0.12196758631647E+01
 0.12164204856180E+01
 0.12132560357252E+01
 0.12101789978235E+01
 0.12071860247124E+01
 0.12042739300755E+01
 0.12014396809328E+01
 0.11986803835813E+01
 0.11959932810017E+01
 0.11933757427931E+01
 0.11908252588697E+01
 0.11883394312598E+01
 0.11859159725111E+01
 0.11835526957277E+01
 0.11812475100274E+01
 0.11789984163854E+01
 0.11768035016994E+01
 0.11746609360234E+01
 0.11725689668619E+01
 0.11705259154684E+01
 0.11685301737351E+01
 0.11665802003097E+01
 0.11646745172551E+01
 0.11628117063945E+01
 0.11609904080101E+01
 0.11592093159548E+01
 0.11574671767881E+01
 0.11557627861022E+01
 0.11540949861206E+01
 0.11524626648005E+01
 0.11508647529847E+01
 0.11493002222294E+01
 0.11477680831995E+01
 0.11462673830294E+01
 0.11447972051212E+01
 0.11433566666464E+01
