-0.00000000000000E+00
-0.45787993606571E-04
-0.23324942625465E-02
-0.28427610501209E-01
-0.21672534738545E+00
-0.82458924333226E+00
-0.21787233662530E+01
-0.47303885937258E+01
-0.10564896744929E+02
-0.19363908141019E+02
-0.29943378934972E+02
-0.38594140928115E+02
-0.38881432307177E+02
-0.15891279370612E+02
 0.53991715297782E+02
 0.20098615418231E+03
 0.47052819998679E+03
 0.92016458419367E+03
 0.16164417600048E+04
 0.26465861313152E+04
 0.41088559352971E+04
 0.61378301734744E+04
 0.88266307070999E+04
 0.12322291964137E+05
 0.16807664130346E+05
 0.22437518859223E+05
 0.29389826322198E+05
 0.37853516374220E+05
 0.48025034919563E+05
 0.60105189342613E+05
 0.74303281057452E+05
 0.90834360626714E+05
 0.10989814231512E+06
 0.13170862699018E+06
 0.15647281513712E+06
 0.18439775724171E+06
 0.21568418129059E+06
 0.25052946317720E+06
 0.28912680048569E+06
 0.33166541174411E+06
 0.37833069800621E+06
 0.42929966131957E+06
 0.48474787347783E+06
 0.54484979192549E+06
 0.60977284735631E+06
 0.67968902107012E+06
 0.75476557119380E+06
 0.83517268771065E+06
 0.92108356777084E+06
 0.10126716302260E+07
 0.11101160906823E+07
 0.12136020162131E+07
 0.13233221956438E+07
 0.14394760884936E+07
 0.15622736840064E+07
 0.16919350677947E+07
 0.18286913554794E+07
 0.19727878063341E+07
 0.21244816577041E+07
 0.22840485627769E+07
 0.24517762168207E+07
 0.26279735671755E+07
 0.28129651534582E+07
 0.30070964383504E+07
 0.32107329680083E+07
 0.34242621985566E+07
 0.36480931632512E+07
 0.38826613669212E+07
 0.41284248301768E+07
 0.43858692634299E+07
 0.46555082348187E+07
 0.49378839072695E+07
 0.52335685501557E+07
 0.55431656681759E+07
 0.58673132545190E+07
 0.62066841792490E+07
 0.65619852169793E+07
 0.69339630624535E+07
 0.73234048748623E+07
 0.77311401344592E+07
 0.81580397705404E+07
 0.86050229879736E+07
 0.90730565264672E+07
 0.95631583200128E+07
 0.10076399787915E+08
 0.10613908757487E+08
 0.11176954886908E+08
 0.11766638811205E+08
 0.12384338589700E+08
 0.13031437676204E+08
 0.13709394127349E+08
 0.14419735211434E+08
 0.15164069825232E+08
 0.15944092038745E+08
 0.16761587653290E+08
 0.17618423768229E+08
 0.18516575446142E+08
 0.19458118196919E+08
 0.20445240782333E+08
 0.21480246645348E+08
 0.22565518790911E+08
 0.23703633319504E+08
 0.24897245958167E+08
 0.26149172569706E+08
 0.27462375374060E+08
 0.28839960339863E+08
 0.30285195443965E+08
 0.31801514795104E+08
 0.33392529727295E+08
 0.35062036384067E+08
 0.36814027328728E+08
 0.38652691177860E+08
 0.40582426863744E+08
 0.42607848126897E+08
 0.44733818319787E+08
 0.46965423770499E+08
 0.49307995472627E+08
 0.51767133191662E+08
 0.54348701622906E+08
 0.57058842385806E+08
 0.59903998728217E+08
 0.62890903727123E+08
 0.66026719953055E+08
 0.69318558975829E+08
 0.72774245891379E+08
 0.76401798035453E+08
 0.80209581940040E+08
 0.84206323437559E+08
 0.88401108537416E+08
 0.92803386977723E+08
 0.97422978693310E+08
 0.10227008195806E+09
 0.10735527397287E+09
 0.11268951604682E+09
 0.11828415142516E+09
 0.12415090484569E+09
 0.13030188531947E+09
 0.13674956865793E+09
 0.14350681902182E+09
 0.15058685384337E+09
 0.15800326210949E+09
 0.16576998380122E+09
 0.17390131022927E+09
 0.18241184192359E+09
 0.19131652042741E+09
 0.20063059515655E+09
 0.21036961147002E+09
 0.22054939301803E+09
 0.23118604067993E+09
 0.24229590289491E+09
 0.25389558351588E+09
 0.26600189843008E+09
 0.27863187921604E+09
 0.29180275177464E+09
 0.30553193180348E+09
 0.31983700116275E+09
 0.33473582516622E+09
 0.35024606122028E+09
 0.36638581585325E+09
 0.38317316374035E+09
 0.40062648749490E+09
 0.41876395213627E+09
 0.43760404784293E+09
 0.45716519556552E+09
 0.47746595371341E+09
 0.49852489856379E+09
 0.52036061096374E+09
 0.54299177478279E+09
 0.56643701412499E+09
 0.59071499360605E+09
 0.61584437339942E+09
 0.64184383474089E+09
 0.66873201995054E+09
 0.69652757410482E+09
 0.72524909140762E+09
 0.75491515813770E+09
 0.78554435572064E+09
 0.81715517997822E+09
 0.84976616465414E+09
 0.88339574616773E+09
 0.91806237744300E+09
 0.95378448426925E+09
 0.99058047673008E+09
 0.10284687510221E+10
 0.10674677184440E+10
 0.11075957809802E+10
 0.11488713971917E+10
 0.11913130486040E+10
 0.12349392054574E+10
 0.12797684699280E+10
 0.13258195047032E+10
 0.13731110838553E+10
 0.14216619546700E+10
 0.14714910885060E+10
 0.15226174823021E+10
 0.15750603066714E+10
 0.16288387994283E+10
 0.16839723859188E+10
 0.17404805835689E+10
 0.17983830420423E+10
 0.18576995519733E+10
 0.19184500514263E+10
 0.19806545944941E+10
 0.20443333714092E+10
 0.21095067152559E+10
 0.21761950788248E+10
 0.22444190178671E+10
 0.23141991705051E+10
 0.23855564570166E+10
 0.24585118279345E+10
 0.25330863738018E+10
 0.26093012566539E+10
 0.26871777946930E+10
 0.27667374115116E+10
 0.28480016427565E+10
 0.29309921597470E+10
 0.30157307075940E+10
 0.31022391681190E+10
 0.31905395396854E+10
 0.32806538982678E+10
 0.33726044633536E+10
 0.34664135225344E+10
 0.35621035002547E+10
 0.36596969052808E+10
 0.37592163921120E+10
 0.38606846360438E+10
 0.39641244848807E+10
 0.40695588692436E+10
 0.41770108008289E+10
 0.42865034499069E+10
 0.43980599914163E+10
 0.45117037606934E+10
 0.46274581859279E+10
 0.47453467770827E+10
 0.48653931911004E+10
 0.49876210693288E+10
 0.51120542528363E+10
 0.52387166143984E+10
 0.53676321556330E+10
 0.54988250569404E+10
 0.56323194070934E+10
 0.57681394315602E+10
 0.59063094872707E+10
 0.60468541930949E+10
 0.61897979220589E+10
 0.63351652862901E+10
 0.64829811866815E+10
 0.66332702983639E+10
 0.67860575954656E+10
 0.69413680859905E+10
 0.70992268736735E+10
 0.72596590328492E+10
 0.74226898495216E+10
 0.75883447068706E+10
 0.77566490867803E+10
 0.79276284217547E+10
 0.81013084253485E+10
 0.82777147177606E+10
 0.84568731063217E+10
 0.86388094582770E+10
 0.88235497298717E+10
 0.90111199690646E+10
 0.92015464128343E+10
 0.93948552119968E+10
 0.95910726420075E+10
 0.97902251184184E+10
 0.99923391154875E+10
 0.10197441198304E+11
 0.10405558065513E+11
 0.10616716471772E+11
 0.10830943181762E+11
 0.11048265132137E+11
 0.11268709322427E+11
 0.11492302830807E+11
 0.11719072823135E+11
 0.11949046618509E+11
 0.12182251497506E+11
 0.12418714906038E+11
 0.12658464353696E+11
 0.12901527438419E+11
 0.13147931863947E+11
 0.13397705417814E+11
 0.13650875918278E+11
 0.13907471342948E+11
 0.14167519720305E+11
 0.14431049156773E+11
 0.14698087853580E+11
 0.14968664114644E+11
 0.15242806301051E+11
 0.15520542897135E+11
 0.15801902403379E+11
 0.16086913468776E+11
 0.16375604859704E+11
 0.16668005363984E+11
 0.16964143865490E+11
 0.17264049331214E+11
 0.17567750871635E+11
 0.17875277589807E+11
 0.18186658744053E+11
 0.18501923673181E+11
