             NaN
  -1.3069510e-02
  -2.8900479e-02
  -5.2303421e-02
  -8.7020155e-02
  -1.2577598e-01
  -1.5794036e-01
  -2.1743252e-01
  -2.7024709e-01
  -3.4312142e-01
  -4.1179523e-01
  -4.6334234e-01
  -5.5730944e-01
  -6.3612018e-01
  -7.5475041e-01
  -1.1948730e+00
  -9.5022519e-01
  -1.1674412e+00
  -7.2143441e-01
  -6.7506814e-01
  -1.2695589e+00
  -4.2563353e+00
  -2.8590603e+00
   2.9156884e+00
  -2.5224977e+00
  -1.8654875e+00
  -2.3842903e+00
  -4.0512381e+00
  -3.5356351e+00
  -3.1885665e+00
  -2.7878737e+00
  -3.7743863e+00
  -5.9012596e+00
  -1.6419515e+01
  -3.6718936e+00
  -2.9084186e+00
  -4.7540276e+00
  -3.3710427e+00
  -4.1740792e+00
  -5.9810558e+00
  -5.7130234e+00
  -7.7682134e+00
  -1.4816127e-01
  -1.1823761e+01
   6.5492039e+00
   9.5035301e+00
   5.4954901e-01
  -1.6268016e+00
  -9.3967934e-01
   3.4803044e+00
   1.0262242e+00
   6.7108980e-01
  -7.3527958e-01
   2.8838045e-01
   1.2567936e+00
   8.7407943e-01
   9.4470134e-01
   1.0776800e+00
   9.8256139e-01
   8.6272156e-01
   8.4218165e-01
   1.1152270e+00
   8.6199725e-01
   9.5808444e-01
   9.5533627e-01
   1.0093029e+00
   9.6159058e-01
   1.0111575e+00
   1.0280832e+00
   1.0003801e+00
   9.9887730e-01
   1.0110911e+00
   9.9463581e-01
   9.9858980e-01
   1.0086147e+00
   1.0010721e+00
   1.0008145e+00
   9.9556414e-01
   9.9550177e-01
   1.0055922e+00
   9.9752015e-01
   1.0060499e+00
   1.1152096e+00
   1.1703140e+00
   8.9272030e-01
   6.7774253e-01
   1.0013166e+00
   9.9947087e-01
   1.0013263e+00
   1.0039828e+00
   1.0014455e+00
   1.0006153e+00
   9.9970091e-01
   1.0008012e+00
   1.0018269e+00
   1.0015518e+00
   1.0014399e+00
   1.0022421e+00
   1.0019113e+00
   1.0027888e+00
   1.0025378e+00
   1.0020098e+00
   1.0022407e+00
   1.0022556e+00
   1.0025472e+00
   1.0026431e+00
   1.0029876e+00
   1.0031881e+00
   1.0031680e+00
   1.0038002e+00
   1.0036265e+00
   1.0039892e+00
   1.0039966e+00
   1.0044144e+00
   1.0046874e+00
   1.0046365e+00
   1.0049030e+00
   1.0048631e+00
   1.0045428e+00
   9.8558545e-01
   1.0366760e+00
   9.6989097e-01
   1.0058322e+00
   1.0048614e+00
   1.0047404e+00
   1.0042633e+00
   1.0039822e+00
   1.0037022e+00
   1.0028755e+00
   1.0019872e+00
   1.0011740e+00
   1.0000625e+00
   9.9885289e-01
   9.9760944e-01
   9.9601726e-01
   9.9428033e-01
   9.9230455e-01
   9.9014178e-01
   9.8771176e-01
   9.8489360e-01
   9.8253884e-01
   9.7890352e-01
   9.7538618e-01
   9.7174052e-01
   9.6800418e-01
   9.6363063e-01
   9.5872289e-01
   9.5400157e-01
   9.4878430e-01
   9.4336149e-01
   9.4114716e-01
   9.2748284e-01
   9.2488865e-01
   9.2329142e-01
   9.1092288e-01
   9.0083278e-01
   8.9726784e-01
   8.8982847e-01
   8.8180332e-01
   8.7390426e-01
   8.6346888e-01
   8.5602991e-01
   8.4753752e-01
   8.4034080e-01
   8.3053953e-01
   8.2084250e-01
   8.1144747e-01
   8.0133256e-01
   7.9100220e-01
   7.8051705e-01
   7.6987794e-01
   7.5882878e-01
   7.4779254e-01
   7.3657614e-01
   7.2471806e-01
   7.1304577e-01
   6.9974655e-01
   6.8767693e-01
   6.7532590e-01
   6.6228594e-01
   6.4894569e-01
   6.3597904e-01
   6.2266554e-01
   6.0887466e-01
   5.9546509e-01
   5.8210512e-01
   5.6849066e-01
   5.5504110e-01
   5.4112188e-01
   5.2943052e-01
   5.1523623e-01
   5.0336460e-01
   4.9172912e-01
   4.7899309e-01
   4.6696601e-01
   4.5659297e-01
   4.4494098e-01
   4.3470426e-01
   4.2471988e-01
   4.1514524e-01
   4.0593269e-01
   3.9669434e-01
   3.8805587e-01
   3.8047043e-01
   3.7317352e-01
   3.6372895e-01
   3.5808160e-01
   3.5115250e-01
   3.4482263e-01
   3.3862335e-01
   3.3252794e-01
   3.2737597e-01
   3.2152528e-01
   3.1684730e-01
   3.1179195e-01
   3.0692003e-01
   3.0292487e-01
   2.9793561e-01
   2.9455270e-01
   2.9075652e-01
   2.8645864e-01
   2.8285980e-01
   2.7994366e-01
   2.7630529e-01
   2.7293260e-01
   2.7031498e-01
   2.6670175e-01
   2.6497818e-01
   2.6176154e-01
   2.5871246e-01
   2.5672740e-01
   2.5355939e-01
   2.5272699e-01
   2.4943283e-01
   2.4699095e-01
   2.4551066e-01
   2.4278768e-01
   2.4254853e-01
   2.3892223e-01
   2.3771559e-01
   2.3573396e-01
   2.3398473e-01
   2.3130693e-01
   2.3240012e-01
   2.2867201e-01
   2.2774164e-01
   2.2743640e-01
   2.2336006e-01
   2.2431930e-01
   2.2153854e-01
   2.2021992e-01
   2.2027942e-01
   2.1896294e-01
   2.1793857e-01
   2.1748125e-01
   2.1505113e-01
   2.1399276e-01
   2.1400189e-01
   2.1133534e-01
   2.1031615e-01
   2.1189184e-01
   2.0912320e-01
   2.0770356e-01
   2.0696342e-01
   2.0617205e-01
   2.0556370e-01
   2.0451520e-01
   2.0327283e-01
   2.0263795e-01
   2.0251381e-01
   2.0156219e-01
   2.0049389e-01
   1.9988802e-01
   1.9911728e-01
   1.9883322e-01
   1.9813172e-01
   1.9736806e-01
   1.9681516e-01
   1.9642375e-01
   1.9551666e-01
   1.9490681e-01
   1.9470144e-01
   1.9379442e-01
   1.9309699e-01
   1.9255202e-01
   1.9161052e-01
   1.9178213e-01
   1.9157114e-01
   1.8970853e-01
   1.8936278e-01
   1.8935642e-01
   1.8960993e-01
   1.8890304e-01
   1.8827644e-01
   1.8774774e-01
   1.8645405e-01
   1.8722403e-01
   1.8645152e-01
   1.8623597e-01
   1.8571182e-01
