 0.66407551040663E+01
 0.66407551040663E+01
 0.66407551040678E+01
 0.66407551040850E+01
 0.66407551042092E+01
 0.66407551046101E+01
 0.66407551055032E+01
 0.66407551071860E+01
 0.66407551110340E+01
 0.66407551168371E+01
 0.66407551238145E+01
 0.66407551295198E+01
 0.66407551297093E+01
 0.66407551145469E+01
 0.66407550684577E+01
 0.66407549715120E+01
 0.66407547937438E+01
 0.66407544971999E+01
 0.66407540379917E+01
 0.66407533585916E+01
 0.66407523941964E+01
 0.66407510560487E+01
 0.66407492827328E+01
 0.66407469772767E+01
 0.66407440190871E+01
 0.66407403060891E+01
 0.66407357209081E+01
 0.66407301389410E+01
 0.66407234306280E+01
 0.66407154635328E+01
 0.66407060996171E+01
 0.66406951970508E+01
 0.66406826241185E+01
 0.66406682396825E+01
 0.66406519072221E+01
 0.66406334901833E+01
 0.66406128561823E+01
 0.66405898750458E+01
 0.66405644193563E+01
 0.66405363643204E+01
 0.66405055876627E+01
 0.66404719726468E+01
 0.66404354034798E+01
 0.66403957651036E+01
 0.66403529470944E+01
 0.66403068360273E+01
 0.66402573215922E+01
 0.66402042915457E+01
 0.66401476316607E+01
 0.66400872275643E+01
 0.66400229610603E+01
 0.66399547100934E+01
 0.66398823475156E+01
 0.66398057417795E+01
 0.66397247543932E+01
 0.66396392402059E+01
 0.66395490467925E+01
 0.66394540123996E+01
 0.66393539673744E+01
 0.66392487299182E+01
 0.66391381102903E+01
 0.66390219047342E+01
 0.66388998992095E+01
 0.66387718658771E+01
 0.66386375636521E+01
 0.66384967369999E+01
 0.66383491161549E+01
 0.66381944138934E+01
 0.66380323281420E+01
 0.66378625385652E+01
 0.66376847064550E+01
 0.66374984742443E+01
 0.66373034645106E+01
 0.66370992792308E+01
 0.66368854976361E+01
 0.66366616759556E+01
 0.66364273480578E+01
 0.66361820214833E+01
 0.66359251770851E+01
 0.66356562678052E+01
 0.66353747192488E+01
 0.66350799251825E+01
 0.66347712480229E+01
 0.66344480164228E+01
 0.66341095237604E+01
 0.66337550262119E+01
 0.66333836864132E+01
 0.66329947784742E+01
 0.66325873935382E+01
 0.66321606191906E+01
 0.66317134938150E+01
 0.66312450101484E+01
 0.66307541070923E+01
 0.66302396673748E+01
 0.66297005132255E+01
 0.66291354132562E+01
 0.66285430648750E+01
 0.66279220992431E+01
 0.66272710728298E+01
 0.66265884664699E+01
 0.66258727085257E+01
 0.66251221000092E+01
 0.66243348894170E+01
 0.66235092196332E+01
 0.66226431370166E+01
 0.66217345931208E+01
 0.66207814326521E+01
 0.66197813907493E+01
 0.66187320856679E+01
 0.66176310137779E+01
 0.66164755419067E+01
 0.66152629075808E+01
 0.66139902096192E+01
 0.66126544051711E+01
 0.66112522867616E+01
 0.66097804998589E+01
 0.66082355285699E+01
 0.66066136797411E+01
 0.66049110854926E+01
 0.66031236953077E+01
 0.66012472597400E+01
 0.65992773381952E+01
 0.65972092068196E+01
 0.65950381753957E+01
 0.65927590831214E+01
 0.65903666424090E+01
 0.65878553353690E+01
 0.65852194071464E+01
 0.65824528653424E+01
 0.65795494776722E+01
 0.65765027676992E+01
 0.65733060094646E+01
 0.65699522271003E+01
 0.65664341914110E+01
 0.65627444213074E+01
 0.65588751840986E+01
 0.65548184936577E+01
 0.65505661219461E+01
 0.65461095848014E+01
 0.65414401650716E+01
 0.65365489005574E+01
 0.65314265975720E+01
 0.65260638307200E+01
 0.65204509706697E+01
 0.65145781631848E+01
 0.65084353509811E+01
 0.65020122815938E+01
 0.64952985190202E+01
 0.64882834444191E+01
 0.64809562756792E+01
 0.64733060622388E+01
 0.64653217136953E+01
 0.64569919973937E+01
 0.64483055525197E+01
 0.64392508930842E+01
 0.64298164235109E+01
 0.64199903612801E+01
 0.64097610609914E+01
 0.63991165810394E+01
 0.63880450008268E+01
 0.63765341966650E+01
 0.63645721883728E+01
 0.63521467813203E+01
 0.63392458265347E+01
 0.63258570843866E+01
 0.63119683034623E+01
 0.62975672293343E+01
 0.62826415396296E+01
 0.62671789513920E+01
 0.62511671549467E+01
 0.62345938435490E+01
 0.62174466965629E+01
 0.61997134190183E+01
 0.61813817141271E+01
 0.61624393186526E+01
 0.61428739745849E+01
 0.61226734271151E+01
 0.61018254778912E+01
 0.60803179035513E+01
 0.60581385449207E+01
 0.60352752319397E+01
 0.60117158124442E+01
 0.59874481446284E+01
 0.59624600958453E+01
 0.59367395234879E+01
 0.59102742910918E+01
 0.58830522248796E+01
 0.58550611359282E+01
 0.58262888427573E+01
 0.57967230768724E+01
 0.57663515298708E+01
 0.57351618198889E+01
 0.57031415827299E+01
 0.56702783064161E+01
 0.56365594620994E+01
 0.56019724063904E+01
 0.55665044515785E+01
 0.55301427862730E+01
 0.54928745383544E+01
 0.54546867484899E+01
 0.54155663643739E+01
 0.53755002364678E+01
 0.53344751387100E+01
 0.52924777552521E+01
 0.52494946760323E+01
 0.52055124120400E+01
 0.51605174063604E+01
 0.51144960477530E+01
 0.50674345388907E+01
 0.50193190624921E+01
 0.49701357089367E+01
 0.49198705214535E+01
 0.48685094402763E+01
 0.48160383361320E+01
 0.47624430058456E+01
 0.47077091567633E+01
 0.46518224475643E+01
 0.45947684467650E+01
 0.45365326460194E+01
 0.44771004857961E+01
 0.44164573119137E+01
 0.43545884252752E+01
 0.42914790365262E+01
 0.42271143007005E+01
 0.41614792767183E+01
 0.40945590097841E+01
 0.40263384313295E+01
 0.39568024181671E+01
 0.38859357936386E+01
 0.38137232765031E+01
 0.37401495824409E+01
 0.36651993213470E+01
 0.35888570418776E+01
 0.35111072387581E+01
 0.34319343097779E+01
 0.33513226630115E+01
 0.32692565748135E+01
 0.31857203006276E+01
 0.31006980109230E+01
 0.30141737582586E+01
 0.29261316556236E+01
 0.28365557258535E+01
 0.27454299050827E+01
 0.26527379566907E+01
 0.25584638061963E+01
 0.24625912214257E+01
 0.23651037797591E+01
 0.22659852074711E+01
 0.21652190336416E+01
 0.20627887650091E+01
 0.19586778451753E+01
 0.18528697371323E+01
 0.17453477642721E+01
 0.16360951858970E+01
 0.15250951962123E+01
 0.14123310219903E+01
 0.12977857046451E+01
 0.11814423471606E+01
 0.10632839291035E+01
 0.94329339052603E+00
 0.82145361278313E+00
 0.69774741674273E+00
 0.57215749861065E+00
 0.44466661141865E+00
 0.31525742599617E+00
 0.18391252077659E+00
 0.50614435475194E-01
-0.84654350097253E-01
-0.22191144421375E+00
-0.36117449208629E+00
-0.50246114554033E+00
-0.64578916981894E+00
-0.79117637163370E+00
-0.93864060956412E+00
-0.10881998000179E+01
-0.12398719604694E+01
-0.13936750829843E+01
-0.15496272686731E+01
-0.17077466606410E+01
-0.18680514602636E+01
-0.20305599386912E+01
-0.21952904223400E+01
-0.23622612578885E+01
-0.25314908971102E+01
-0.27029978253294E+01
-0.28768005792755E+01
-0.30529177582037E+01
-0.32313680290948E+01
-0.34121700966328E+01
-0.35953427467853E+01
-0.37809047761725E+01
-0.39688750793579E+01
-0.41592726283237E+01
-0.43521164091945E+01
-0.45474254714427E+01
-0.47452189193588E+01
-0.49455159518665E+01
-0.51483357629919E+01
-0.53536976491641E+01
-0.55616209598942E+01
