 0.18098138386020E+01
 0.18098138385997E+01
 0.18098138385475E+01
 0.18098138382098E+01
 0.18098138370360E+01
 0.18098138342027E+01
 0.18098138289955E+01
 0.18098138224196E+01
 0.18098138213394E+01
 0.18098138471764E+01
 0.18098139464600E+01
 0.18098142024141E+01
 0.18098147440415E+01
 0.18098157517766E+01
 0.18098174582518E+01
 0.18098201451489E+01
 0.18098241369702E+01
 0.18098297946893E+01
 0.18098375090636E+01
 0.18098476962390E+01
 0.18098607666189E+01
 0.18098771451568E+01
 0.18098972483154E+01
 0.18099214920146E+01
 0.18099502819242E+01
 0.18099840051194E+01
 0.18100230352969E+01
 0.18100677278538E+01
 0.18101184217759E+01
 0.18101754373706E+01
 0.18102390658749E+01
 0.18103096071167E+01
 0.18103873200449E+01
 0.18104724198484E+01
 0.18105651903536E+01
 0.18106657631151E+01
 0.18107743931045E+01
 0.18108912314732E+01
 0.18110164307451E+01
 0.18111501158005E+01
 0.18112923973535E+01
 0.18114433625055E+01
 0.18116030761002E+01
 0.18117715788049E+01
 0.18119488849955E+01
 0.18121349830105E+01
 0.18123298319669E+01
 0.18125333612078E+01
 0.18127454686115E+01
 0.18129660201777E+01
 0.18131948470344E+01
 0.18134317446677E+01
 0.18136764714561E+01
 0.18139287469370E+01
 0.18141882507739E+01
 0.18144546213152E+01
 0.18147274541223E+01
 0.18150063014171E+01
 0.18152906700475E+01
 0.18155800211167E+01
 0.18158737683320E+01
 0.18161712780332E+01
 0.18164718673205E+01
 0.18167748037141E+01
 0.18170793036999E+01
 0.18173845345843E+01
 0.18176896111091E+01
 0.18179935961000E+01
 0.18182954989393E+01
 0.18185942764766E+01
 0.18188888312432E+01
 0.18191780122484E+01
 0.18194606136617E+01
 0.18197353752979E+01
 0.18200009866039E+01
 0.18202560722611E+01
 0.18204992029776E+01
 0.18207288957442E+01
 0.18209436107157E+01
 0.18211417496601E+01
 0.18213216560971E+01
 0.18214816167596E+01
 0.18216198590103E+01
 0.18217345504512E+01
 0.18218237973098E+01
 0.18218856458628E+01
 0.18219175068490E+01
 0.18219183452203E+01
 0.18218855391882E+01
 0.18218168751308E+01
 0.18217100767850E+01
 0.18215628036554E+01
 0.18213726510086E+01
 0.18211371401267E+01
 0.18208537164373E+01
 0.18205197559880E+01
 0.18201325678209E+01
 0.18196893777738E+01
 0.18191873329570E+01
 0.18186235255558E+01
 0.18179949572908E+01
 0.18172985221302E+01
 0.18165310668680E+01
 0.18156893481138E+01
 0.18147700385854E+01
 0.18137697226729E+01
 0.18126849040373E+01
 0.18115120040558E+01
 0.18102473599383E+01
 0.18088872293943E+01
 0.18074277680326E+01
 0.18058650686309E+01
 0.18041951438454E+01
 0.18024139506759E+01
 0.18005173166956E+01
 0.17985010380931E+01
 0.17963608709161E+01
 0.17940924827529E+01
 0.17916915018576E+01
 0.17891535224345E+01
 0.17864741042525E+01
 0.17836487845221E+01
 0.17806724030136E+01
 0.17775418950399E+01
 0.17742521658740E+01
 0.17707988739133E+01
 0.17671777339893E+01
 0.17633845452127E+01
 0.17594152292307E+01
 0.17552658466858E+01
 0.17509326325455E+01
 0.17464120310438E+01
 0.17417007124976E+01
 0.17367956010646E+01
 0.17316939348300E+01
 0.17263932563246E+01
 0.17208914588335E+01
 0.17151868656568E+01
 0.17092781746684E+01
 0.17031645131530E+01
 0.16968454812851E+01
 0.16903211633800E+01
 0.16835921491314E+01
 0.16766594896504E+01
 0.16695247908769E+01
 0.16621901275420E+01
 0.16546581065066E+01
 0.16469317867839E+01
 0.16390147166131E+01
 0.16309109405680E+01
 0.16226248507238E+01
 0.16141612900771E+01
 0.16055254611976E+01
 0.15967229032524E+01
 0.15877594451321E+01
 0.15786411785139E+01
 0.15693738330077E+01
 0.15599650792991E+01
 0.15504210568697E+01
 0.15407486315156E+01
 0.15309546220712E+01
 0.15210461887252E+01
 0.15110303321151E+01
 0.15009142986310E+01
 0.14907052435797E+01
 0.14804105014761E+01
 0.14700374280708E+01
 0.14595933471189E+01
 0.14490858494674E+01
 0.14385224164493E+01
 0.14279108138679E+01
 0.14172587598473E+01
 0.14065741961099E+01
 0.13958651254208E+01
 0.13851398736296E+01
 0.13744068553311E+01
 0.13636747293215E+01
 0.13529522450423E+01
 0.13422483889099E+01
 0.13315723075681E+01
 0.13209332872712E+01
 0.13103407392973E+01
 0.12998040912992E+01
 0.12893327855188E+01
 0.12789362162751E+01
 0.12686236460810E+01
 0.12584041316855E+01
 0.12482863498411E+01
 0.12382787857035E+01
 0.12283894200820E+01
 0.12186258556820E+01
 0.12089945242093E+01
 0.11995020366809E+01
 0.11901538949683E+01
 0.11809551264230E+01
 0.11719099672949E+01
 0.11630219746740E+01
 0.11542941021413E+01
 0.11457286111835E+01
 0.11373271705034E+01
 0.11290908770915E+01
 0.11210202940083E+01
 0.11131155259977E+01
 0.11053762369965E+01
 0.10978017118312E+01
 0.10903909027798E+01
 0.10831425672713E+01
 0.10760547928976E+01
 0.10691261026383E+01
 0.10623543787704E+01
 0.10557375510711E+01
 0.10492733300562E+01
 0.10429593795447E+01
 0.10367932931194E+01
 0.10307726355046E+01
 0.10248949004133E+01
 0.10191575588227E+01
 0.10135580676219E+01
 0.10080938965093E+01
 0.10027625178308E+01
 0.99756149496294E+00
 0.99248818623897E+00
 0.98754016595422E+00
 0.98271501462165E+00
 0.97801031028542E+00
 0.97342367413850E+00
 0.96895275400712E+00
 0.96459522983143E+00
 0.96034882971058E+00
 0.95621129087304E+00
 0.95218043795532E+00
 0.94825407877605E+00
 0.94443008608272E+00
 0.94070636805674E+00
 0.93708086461511E+00
 0.93355156726946E+00
 0.93011648570129E+00
 0.92677367435495E+00
 0.92352122640554E+00
 0.92035725828388E+00
 0.91727995066454E+00
 0.91428744633106E+00
 0.91137802644761E+00
 0.90854992480254E+00
 0.90580146016602E+00
 0.90313094974374E+00
 0.90053674657241E+00
 0.89801725122637E+00
 0.89557086333041E+00
 0.89319604498270E+00
 0.89089127254336E+00
 0.88865506601044E+00
 0.88648596407219E+00
 0.88438252347632E+00
 0.88234333399465E+00
 0.88036702622569E+00
 0.87845224090924E+00
 0.87659765774913E+00
 0.87480197903006E+00
 0.87306392348235E+00
 0.87138224013143E+00
 0.86975570617636E+00
 0.86818311612712E+00
 0.86666329233517E+00
 0.86519508300210E+00
 0.86377735353097E+00
 0.86240899273822E+00
 0.86108890986728E+00
 0.85981604009056E+00
 0.85858933094415E+00
 0.85740776276979E+00
 0.85627032713986E+00
 0.85517603831659E+00
 0.85412393334529E+00
 0.85311306465619E+00
 0.85214249924231E+00
 0.85121133059850E+00
 0.85031866767515E+00
 0.84946363952649E+00
 0.84864538465940E+00
 0.84786306517511E+00
 0.84711586016191E+00
 0.84640296248689E+00
 0.84572358471614E+00
 0.84507695153226E+00
 0.84446230522814E+00
 0.84387890313128E+00
 0.84332601618466E+00
 0.84280293387461E+00
 0.84230896306948E+00
 0.84184340828505E+00
 0.84140560606945E+00
 0.84099489549077E+00
 0.84061063464855E+00
 0.84025219366481E+00
 0.83991895289624E+00
 0.83961032166495E+00
 0.83932569104156E+00
 0.83906448379797E+00
 0.83882614015694E+00
