 0.10902556952230E+01
 0.10902556948656E+01
 0.10902556911639E+01
 0.10902556761047E+01
 0.10902556364100E+01
 0.10902555541333E+01
 0.10902554078397E+01
 0.10902551772118E+01
 0.10902548558539E+01
 0.10902544750069E+01
 0.10902541338424E+01
 0.10902540290142E+01
 0.10902544756968E+01
 0.10902559162531E+01
 0.10902589154500E+01
 0.10902641447383E+01
 0.10902723596253E+01
 0.10902843725726E+01
 0.10903010250540E+01
 0.10903231612486E+01
 0.10903516075092E+01
 0.10903871498937E+01
 0.10904305204724E+01
 0.10904823843768E+01
 0.10905433328843E+01
 0.10906138781209E+01
 0.10906944503202E+01
 0.10907853975227E+01
 0.10908869873660E+01
 0.10909994086520E+01
 0.10911227756182E+01
 0.10912571312848E+01
 0.10914024523052E+01
 0.10915586545241E+01
 0.10917255957842E+01
 0.10919030845862E+01
 0.10920908804226E+01
 0.10922887023322E+01
 0.10924962323131E+01
 0.10927131216584E+01
 0.10929389927480E+01
 0.10931734450436E+01
 0.10934160585572E+01
 0.10936663979755E+01
 0.10939240159309E+01
 0.10941884568451E+01
 0.10944592595766E+01
 0.10947359605186E+01
 0.10950180963468E+01
 0.10953052060979E+01
 0.10955968335540E+01
 0.10958925290774E+01
 0.10961918514292E+01
 0.10964943691856E+01
 0.10967996622019E+01
 0.10971073226612E+01
 0.10974169561449E+01
 0.10977281824662E+01
 0.10980406362431E+01
 0.10983539676897E+01
 0.10986678427244E+01
 0.10989819436540E+01
 0.10992959691005E+01
 0.10996096343457E+01
 0.10999226713499E+01
 0.11002348285379E+01
 0.11005458708544E+01
 0.11008555797741E+01
 0.11011637528801E+01
 0.11014702038310E+01
 0.11017747620995E+01
 0.11020772725155E+01
 0.11023775950607E+01
 0.11026756044223E+01
 0.11029711887300E+01
 0.11032642521195E+01
 0.11035547119131E+01
 0.11038424983348E+01
 0.11041275543666E+01
 0.11044098361191E+01
 0.11046893118234E+01
 0.11049659613503E+01
 0.11052397760758E+01
 0.11055107584702E+01
 0.11057789220227E+01
 0.11060442905596E+01
 0.11063069243395E+01
 0.11065668201486E+01
 0.11068240523247E+01
 0.11070786842122E+01
 0.11073307880486E+01
 0.11075804434809E+01
 0.11078277387366E+01
 0.11080727714330E+01
 0.11083156464170E+01
 0.11085564797343E+01
 0.11087953905023E+01
 0.11090325077102E+01
 0.11092679694254E+01
 0.11095019125526E+01
 0.11097344909529E+01
 0.11099658631724E+01
 0.11101961928262E+01
 0.11104256474823E+01
 0.11106544046098E+01
 0.11108826491615E+01
 0.11111105699419E+01
 0.11113383633470E+01
 0.11115662301805E+01
 0.11117943777878E+01
 0.11120230195822E+01
 0.11122523732462E+01
 0.11124826617544E+01
 0.11127141111630E+01
 0.11129469569275E+01
 0.11131814352595E+01
 0.11134177830339E+01
 0.11136562443048E+01
 0.11138970645694E+01
 0.11141404911211E+01
 0.11143867682960E+01
 0.11146361517857E+01
 0.11148889196070E+01
 0.11151452520811E+01
 0.11154054218221E+01
 0.11156696646197E+01
 0.11159382145930E+01
 0.11162112962401E+01
 0.11164891243233E+01
 0.11167719024709E+01
 0.11170598213074E+01
 0.11173530552447E+01
 0.11176517611419E+01
 0.11179560757672E+01
 0.11182661121186E+01
 0.11185819593156E+01
 0.11189036784691E+01
 0.11192312965911E+01
 0.11195648056617E+01
 0.11199041715590E+01
 0.11202493151975E+01
 0.11206001156816E+01
 0.11209564045010E+01
 0.11213179767344E+01
 0.11216845750618E+01
 0.11220558911217E+01
 0.11224315626992E+01
 0.11228111899592E+01
 0.11231943042437E+01
 0.11235803866463E+01
 0.11239688724871E+01
 0.11243591334395E+01
 0.11247504884798E+01
 0.11251422011507E+01
 0.11255334811481E+01
 0.11259234835647E+01
 0.11263113331306E+01
 0.11266960261198E+01
 0.11270765778272E+01
 0.11274519187085E+01
 0.11278209395943E+01
 0.11281824594519E+01
 0.11285352739111E+01
 0.11288780739706E+01
 0.11292095549449E+01
 0.11295283192513E+01
 0.11298329306135E+01
 0.11301219033258E+01
 0.11303936962273E+01
 0.11306467321736E+01
 0.11308793735712E+01
 0.11310899650533E+01
 0.11312768091323E+01
 0.11314381862911E+01
 0.11315723537746E+01
 0.11316775725180E+01
 0.11317520958288E+01
 0.11317942238369E+01
 0.11318022904394E+01
 0.11317746961772E+01
 0.11317099215845E+01
 0.11316065564325E+01
 0.11314633314512E+01
 0.11312791363410E+01
 0.11310530461574E+01
 0.11307843498508E+01
 0.11304725703168E+01
 0.11301174896207E+01
 0.11297191558430E+01
 0.11292778890638E+01
 0.11287943084840E+01
 0.11282693101282E+01
 0.11277040563258E+01
 0.11270999978050E+01
 0.11264587963937E+01
 0.11257823438142E+01
 0.11250727258314E+01
 0.11243321668844E+01
 0.11235630219361E+01
 0.11227677278709E+01
 0.11219487739213E+01
 0.11211086656446E+01
 0.11202499002750E+01
 0.11193749333104E+01
 0.11184861562478E+01
 0.11175858790375E+01
 0.11166763058261E+01
 0.11157595551217E+01
 0.11148375803022E+01
 0.11139122336885E+01
 0.11129852258188E+01
 0.11120581410834E+01
 0.11111324293700E+01
 0.11102094103128E+01
 0.11092902799447E+01
 0.11083761163487E+01
 0.11074678828540E+01
 0.11065664346596E+01
 0.11056725248568E+01
 0.11047868185514E+01
 0.11039098963174E+01
 0.11030422402673E+01
 0.11021842785109E+01
 0.11013363662286E+01
 0.11004987988143E+01
 0.10996718159379E+01
 0.10988556051745E+01
 0.10980503093803E+01
 0.10972560330986E+01
 0.10964728447543E+01
 0.10957007781628E+01
 0.10949398400628E+01
 0.10941900102051E+01
 0.10934512490123E+01
 0.10927234950653E+01
 0.10920066698659E+01
 0.10913006787029E+01
 0.10906054150384E+01
 0.10899207627515E+01
 0.10892465942082E+01
 0.10885827716707E+01
 0.10879291573131E+01
 0.10872856014223E+01
 0.10866519520031E+01
 0.10860280513322E+01
 0.10854137423718E+01
 0.10848088619960E+01
 0.10842132495544E+01
 0.10836267408624E+01
 0.10830491726780E+01
 0.10824803819993E+01
 0.10819202057174E+01
 0.10813684821535E+01
 0.10808250507408E+01
 0.10802897493507E+01
 0.10797624236466E+01
 0.10792429150980E+01
 0.10787310714922E+01
 0.10782267406649E+01
 0.10777297736135E+01
 0.10772400233369E+01
 0.10767573455119E+01
 0.10762815942947E+01
 0.10758126326108E+01
 0.10753503243264E+01
 0.10748945344046E+01
 0.10744451311261E+01
 0.10740019858197E+01
 0.10735649705707E+01
 0.10731339608822E+01
 0.10727088373097E+01
 0.10722894804243E+01
 0.10718757741616E+01
 0.10714676048129E+01
 0.10710648614451E+01
 0.10706674339560E+01
 0.10702752175794E+01
 0.10698881080196E+01
 0.10695060035689E+01
 0.10691288053663E+01
 0.10687564163251E+01
 0.10683887411003E+01
 0.10680256878360E+01
 0.10676671652059E+01
 0.10673130858585E+01
 0.10669633631332E+01
 0.10666179127657E+01
 0.10662766525290E+01
 0.10659395016684E+01
 0.10656063803836E+01
 0.10652772146267E+01
 0.10649519283133E+01
 0.10646304479526E+01
 0.10643127016968E+01
 0.10639986201040E+01
 0.10636881353606E+01
 0.10633811791579E+01
 0.10630776881778E+01
 0.10627775983896E+01
 0.10624808468586E+01
