 0.00000000000000E+00
-0.17555778232769E-22
-0.48740967151310E-21
-0.35751345702366E-20
-0.57416599716752E-19
-0.97932796787833E-19
-0.90452215808704E-19
-0.15188327501827E-18
-0.26022143146481E-18
-0.42004775582256E-18
-0.58065939252479E-18
-0.77017149473860E-18
-0.92982347719437E-18
-0.10443119461550E-17
-0.92314252332119E-18
-0.63295240640807E-11
 0.55861157160725E-11
 0.25804191064599E-12
-0.47206494124978E-11
 0.40461084768514E-11
-0.16463527214440E-11
-0.69012691622753E-12
 0.24558527941820E-09
 0.97917016031266E-09
 0.12969911443726E-08
-0.96291231087425E-10
 0.29553398451374E-07
-0.46683388386499E-06
 0.36924441156883E-07
 0.18354120512269E-05
-0.34677128981220E-06
 0.86574482740318E-06
-0.66204672265737E-06
 0.12190845223128E-05
 0.62691966047618E-06
-0.44910171829881E-06
-0.56349677906886E-06
-0.34877144977891E-06
-0.45896135434132E-06
 0.36769768096971E-06
-0.35583611083173E-06
-0.13918399943103E-06
 0.95304900334412E-06
 0.19287822643896E-06
 0.37300348336412E-06
 0.78583931594641E-06
 0.64008763019300E-07
 0.44538833599401E-06
-0.53068269001020E-07
 0.47896508028747E-06
 0.80792018659024E-06
 0.15212286854551E-05
 0.16216760683433E-05
 0.22667100967578E-05
 0.29150710154017E-05
 0.36475312266989E-05
 0.49637443970998E-05
 0.64762824554750E-05
 0.81656010309098E-05
 0.10533986993587E-04
 0.13240300445852E-04
 0.16663824169006E-04
 0.20493860508820E-04
 0.24852972764161E-04
 0.31064041617828E-04
 0.37812260554668E-04
 0.45392656116718E-04
 0.54396026541270E-04
 0.65190672000367E-04
 0.77463139453774E-04
 0.91754988286939E-04
 0.10796324434785E-03
 0.12689905293996E-03
 0.14820036935418E-03
 0.17225108744399E-03
 0.19963462354064E-03
 0.23035210750820E-03
 0.26507422740078E-03
 0.30384970776487E-03
 0.34680119127796E-03
 0.39480675793404E-03
 0.44475052810033E-03
 0.50578267900881E-03
 0.57543598567415E-03
 0.65548699032129E-03
 0.72272762498808E-03
 0.80876802325599E-03
 0.90307433075873E-03
 0.10061134595430E-02
 0.11179081216006E-02
 0.12396591043719E-02
 0.13716690288239E-02
 0.15146864879584E-02
 0.16689057756618E-02
 0.18354718808099E-02
 0.20149274181672E-02
 0.22079438159243E-02
 0.24152372619867E-02
 0.26373429692485E-02
 0.28753633628906E-02
 0.31298741637246E-02
 0.34017053690147E-02
 0.36916219329947E-02
 0.40004164687207E-02
 0.43291326699146E-02
 0.46785327061000E-02
 0.50494399003933E-02
 0.54428037968004E-02
 0.58597164998778E-02
 0.63010397672286E-02
 0.67676295679738E-02
 0.72606877528682E-02
 0.77809572136948E-02
 0.83298743564706E-02
 0.89078840187180E-02
 0.95165285180349E-02
 0.10156676532218E-01
 0.10829505075938E-01
 0.11539303486003E-01
 0.12271895515187E-01
 0.13069727578807E-01
 0.13867597446435E-01
 0.14718973207639E-01
 0.15609225666482E-01
 0.16538939354980E-01
 0.17509604470880E-01
 0.18521947843615E-01
 0.19576448072501E-01
 0.20673980527773E-01
 0.21815245310657E-01
 0.23000884749396E-01
 0.24231362891776E-01
 0.25506693968198E-01
 0.26827460785704E-01
 0.28193850875879E-01
 0.29605221222172E-01
 0.31062161254663E-01
 0.32563664505850E-01
 0.34109372641490E-01
 0.35698541911330E-01
 0.37330269422153E-01
 0.39003437625038E-01
 0.40716408738589E-01
 0.42469059734520E-01
 0.44258320758043E-01
 0.46082839683685E-01
 0.47940195382363E-01
 0.49828832624044E-01
 0.51744116192013E-01
 0.53692395827427E-01
 0.55656799603429E-01
 0.57643162967092E-01
 0.59658761578475E-01
 0.61675027087005E-01
 0.63708313029158E-01
 0.65751357597378E-01
 0.67801312123285E-01
 0.69853502616913E-01
 0.71905214551747E-01
 0.73954868224535E-01
 0.75996459526709E-01
 0.78030324811440E-01
 0.80051388443012E-01
 0.82056359311549E-01
 0.84042486359938E-01
 0.86008035378476E-01
 0.87948842536845E-01
 0.89864448392793E-01
 0.91749808617436E-01
 0.93602982250163E-01
 0.95421823985932E-01
 0.97205594530281E-01
 0.98951582071544E-01
 0.10065783478157E+00
 0.10232354239574E+00
 0.10394607601471E+00
 0.10552784095534E+00
 0.10706731795138E+00
 0.10855967703787E+00
 0.11000924375786E+00
 0.11141666529229E+00
 0.11278014896846E+00
 0.11410149155028E+00
 0.11538104065102E+00
 0.11661830448587E+00
 0.11781484013545E+00
 0.11897817894447E+00
 0.12010029611481E+00
 0.12118579194707E+00
 0.12223899073639E+00
 0.12325683585528E+00
 0.12424274738366E+00
 0.12519877843475E+00
 0.12612419758193E+00
 0.12702225841043E+00
 0.12789307226242E+00
 0.12873843784585E+00
 0.12955745494365E+00
 0.13035504059597E+00
 0.13112833603887E+00
 0.13188006490739E+00
 0.13261160331216E+00
 0.13332272713265E+00
 0.13401375910273E+00
 0.13468751757051E+00
 0.13534348849728E+00
 0.13598193822312E+00
 0.13660678985303E+00
 0.13721365210363E+00
 0.13780457885015E+00
 0.13838247604631E+00
 0.13894705656296E+00
 0.13949982416435E+00
 0.14003562595882E+00
 0.14056469225648E+00
 0.14107662426153E+00
 0.14157935481836E+00
 0.14207204539939E+00
 0.14255455329957E+00
 0.14302621137076E+00
 0.14348875262231E+00
 0.14394152750684E+00
 0.14438652239128E+00
 0.14482107435094E+00
 0.14524847736142E+00
 0.14566834124320E+00
 0.14607905466746E+00
 0.14648302058743E+00
 0.14688034949334E+00
 0.14727056967955E+00
 0.14765354378966E+00
 0.14803097766544E+00
 0.14840195622758E+00
 0.14876695970012E+00
 0.14912572992425E+00
 0.14947955026351E+00
 0.14982701129540E+00
 0.15017035329638E+00
 0.15050822562638E+00
 0.15084145653370E+00
 0.15116936672786E+00
 0.15149294493530E+00
 0.15181275020321E+00
 0.15212750512362E+00
 0.15243794423923E+00
 0.15274467561905E+00
 0.15304718581057E+00
 0.15334635263734E+00
 0.15364101079656E+00
 0.15393277245792E+00
 0.15422095869476E+00
 0.15450549605537E+00
 0.15478653271970E+00
 0.15506495645408E+00
 0.15533978494588E+00
 0.15561120372858E+00
 0.15587989366365E+00
 0.15614585245089E+00
 0.15640973039713E+00
 0.15666970809240E+00
 0.15692696039798E+00
 0.15718159179234E+00
 0.15743429938682E+00
 0.15768421097337E+00
 0.15793159072349E+00
 0.15817656076302E+00
 0.15841907801527E+00
 0.15865884576807E+00
 0.15889748762417E+00
 0.15913288936694E+00
 0.15936675875422E+00
 0.15959812897867E+00
 0.15982760475978E+00
 0.16005483565860E+00
 0.16028031604748E+00
 0.16050385144326E+00
 0.16072560213278E+00
 0.16094513619802E+00
 0.16116279710113E+00
 0.16137905811262E+00
 0.16159323381891E+00
 0.16180493621541E+00
 0.16201588638690E+00
 0.16222540297492E+00
 0.16243176844416E+00
 0.16263709800187E+00
 0.16284146326864E+00
 0.16304337690802E+00
 0.16324503162480E+00
 0.16344379078760E+00
 0.16364124030375E+00
 0.16383682202096E+00
 0.16403198056703E+00
 0.16422506733949E+00
 0.16441658725447E+00
 0.16460705284317E+00
 0.16479518360145E+00
 0.16498289627654E+00
 0.16516867137473E+00
 0.16535407483908E+00
