 0.00000000000000E+00
 0.16369382275589E-24
 0.18641114388577E-22
 0.23608799225638E-22
 0.53185902895518E-20
 0.59683044442413E-20
 0.48350820814107E-20
 0.82347491699026E-20
 0.34382805912254E-19
 0.40614689483850E-19
 0.50988138313058E-19
 0.10919227033853E-18
 0.12348055777141E-18
 0.17060932487264E-18
 0.13925036394463E-18
 0.10334987949015E-18
 0.18771495139595E-19
-0.31374310394932E-18
-0.15472262660514E-18
 0.10056970729334E-18
-0.20187618899909E-17
-0.45854160248433E-17
-0.33366270780935E-17
-0.45643174848517E-17
-0.10818206052232E-16
-0.90453227861468E-17
-0.30256869202784E-17
-0.67193826411376E-17
-0.27316546490287E-16
-0.45632860006743E-16
-0.51906945699790E-16
-0.25993401269664E-16
-0.54336726041355E-12
-0.27419732736085E-12
-0.44657017033001E-12
-0.50037761633988E-08
-0.15654704891099E-12
 0.11103591916940E-07
-0.14245998607031E-06
-0.14072100622385E-09
 0.65875459040334E-11
-0.12419460432253E-06
-0.12583074581351E-06
 0.84201089569580E-06
 0.51166748933464E-06
-0.17374952490789E-06
-0.14670477267141E-05
-0.15734401164982E-05
-0.77488636819963E-06
 0.45307450065014E-06
 0.36119364106484E-06
 0.26187853530663E-06
-0.67430343356447E-06
 0.18732375381252E-06
-0.14369105570428E-05
-0.19207719056360E-05
-0.67574331651783E-06
-0.21164801100839E-06
-0.28558778924956E-06
 0.53833706831997E-06
-0.30946547496450E-07
 0.20429060408980E-06
-0.59200223605000E-06
 0.10318035317370E-05
-0.83085359880414E-06
-0.48705047134982E-06
-0.88854455041798E-06
 0.15024437150498E-05
 0.35979647117381E-06
 0.75108857513420E-06
-0.71357505451479E-06
-0.14731076268660E-05
-0.20779450605379E-07
 0.81212423232016E-06
 0.19751756788546E-06
-0.89423863220372E-06
-0.36558760270697E-06
-0.20930772198124E-06
-0.23929254835063E-06
 0.64265010597040E-06
-0.17273476859229E-06
-0.35797248910210E-06
-0.65805324876658E-06
-0.35818546664693E-06
 0.31503872864958E-06
 0.67166855724146E-06
-0.55748822407865E-06
 0.19933938673521E-06
 0.52996641407195E-06
 0.82846757892284E-06
 0.57726823292534E-06
 0.59814435774002E-08
 0.24863005938262E-06
 0.10023483186019E-05
 0.26456623302584E-06
-0.57519117664789E-06
-0.62801030734770E-06
 0.29473917941691E-06
-0.48191686871363E-06
 0.64294581751053E-07
-0.34855165308059E-06
 0.12922533483098E-06
-0.20985610381807E-07
-0.23035591673832E-06
-0.76856999949705E-06
 0.20947559663780E-06
-0.81036183903179E-07
 0.20580821713580E-06
 0.11689019590277E-05
 0.58315226304575E-06
 0.76752775307290E-06
-0.45861278053299E-06
 0.42670981909179E-07
 0.29688205523033E-06
 0.12578284505191E-06
-0.47654634916859E-06
 0.55853310344327E-06
 0.10321006413779E-06
-0.42941910552442E-06
 0.26613327313582E-06
-0.71612505369352E-06
 0.31321060766087E-06
 0.73674952565577E-06
-0.42988162735667E-06
-0.36130058090751E-06
 0.32052322905256E-06
 0.15047706782270E-06
 0.23108322402206E-06
 0.10720453184705E-06
 0.68502988017163E-06
-0.57329697046177E-06
 0.45275405517699E-06
 0.14324847671919E-06
 0.20679933760344E-06
 0.19316794962725E-06
 0.56284845769779E-06
-0.24652111762853E-06
 0.40125901031498E-07
 0.36613389041833E-06
 0.85136853354026E-06
 0.38011186355764E-06
-0.90817895729489E-06
-0.16413364939076E-07
-0.61360481982163E-06
 0.28049254526222E-06
 0.55889442747437E-08
 0.45562131295366E-06
-0.75185142838620E-07
 0.12850674645900E-06
-0.72981308554727E-06
 0.10164232644738E-05
 0.53718620654047E-06
-0.71754994268584E-06
-0.42519299599857E-06
-0.18016540372542E-06
-0.80132457868803E-07
 0.90537409216192E-06
 0.93566730252558E-06
 0.20880273859722E-06
-0.50955301863495E-06
-0.36937704240860E-06
 0.20298255030688E-06
-0.44003773644268E-06
 0.11984671075319E-05
-0.95880239131032E-06
-0.31568282344402E-06
 0.35553471356198E-06
-0.11002836983122E-06
 0.27464584475539E-06
 0.22515126770044E-06
-0.71128599873339E-06
-0.36852397216438E-06
-0.18558497854820E-06
 0.43788699036722E-06
-0.17593921089381E-05
 0.41154775679605E-06
 0.88278377782097E-07
 0.98442147339651E-06
 0.63946837466952E-06
 0.79466656005215E-06
 0.71565134166285E-06
-0.72416636290773E-06
 0.15590727710081E-06
 0.52919960013888E-06
 0.22920151298455E-06
 0.34664594957966E-06
-0.50305818210115E-06
 0.11964476892022E-05
 0.15014426721253E-06
-0.32388444578829E-06
-0.51182012864195E-06
 0.44480998270995E-06
 0.56517760321583E-06
 0.16826609999278E-06
-0.17991495821976E-05
-0.81968765926409E-06
-0.29601847325088E-06
 0.13821766364605E-05
-0.33252014838983E-06
 0.65356637148389E-06
-0.10872675774784E-05
-0.44467177508359E-06
-0.12600163927969E-05
 0.13050916562995E-05
 0.10201857495847E-05
-0.34127208768041E-08
-0.13791290091228E-05
 0.23416946838266E-06
-0.62763044410102E-06
-0.38567184687605E-06
-0.11820588804806E-06
 0.44860168819899E-06
-0.39399018689563E-06
 0.57259321028170E-06
 0.45533837902818E-06
 0.76580255295604E-07
 0.69798276027688E-06
-0.24877322780042E-06
-0.13350503494137E-05
-0.12357925427424E-05
 0.10834871086504E-05
-0.25004853423113E-05
 0.11798353663294E-06
 0.15439517854883E-05
-0.12315341643685E-05
-0.13235605339823E-05
 0.17707231865883E-05
 0.50815570964505E-06
 0.26655582264783E-05
-0.59653561836846E-06
 0.35452228302076E-06
-0.52396873526478E-06
 0.26596525330773E-06
-0.21288581016865E-05
-0.16335545653828E-05
 0.13327449990153E-05
 0.13117728033865E-05
-0.11271037068740E-05
-0.15203519609629E-05
 0.24227723550775E-05
 0.17441660884011E-05
-0.10112952269083E-05
-0.73033215572787E-07
-0.80410053782742E-06
-0.40506547652645E-07
-0.27241273510971E-06
 0.91331244335974E-07
 0.28840787612010E-06
 0.53795260141935E-06
-0.92762341440533E-06
 0.46296697913624E-06
-0.10604774809435E-05
-0.25092328946222E-05
-0.22667691327231E-05
-0.10433262151473E-05
-0.24964812723002E-05
-0.16501541552274E-05
-0.99017203420501E-06
 0.14855665965544E-05
-0.54278207721369E-05
-0.23964455591900E-05
-0.21191900410393E-05
 0.25875955945172E-06
 0.46494630805523E-06
 0.21664349496702E-05
-0.54454124808173E-07
 0.29724583708274E-05
-0.17403739487318E-05
-0.11006752860363E-05
 0.68528452423110E-06
-0.19913154523348E-05
-0.12766995456207E-05
 0.84279412181904E-06
-0.17410738905792E-05
-0.19407207853331E-05
-0.27799758889379E-05
-0.40246573893197E-05
 0.28424760633137E-05
-0.80278229175702E-06
-0.74596682161390E-06
-0.21164668785993E-05
-0.97575423385826E-06
 0.10931137587442E-05
 0.38999939062461E-05
 0.16931481248787E-05
-0.15044952581136E-06
 0.20040020865992E-05
-0.20767563868113E-05
 0.16510059507004E-05
-0.26360740066352E-05
 0.25482734370719E-05
 0.18174310891285E-05
-0.49858817880780E-05
 0.32977057963722E-05
 0.24821553838062E-05
 0.11134215108806E-05
-0.29983203372847E-05
-0.62487191233579E-06
 0.62827523902280E-05
-0.14604558192328E-05
