 0.00000000000000E+00
 0.23018579244997E-24
 0.14316375850427E-22
 0.19038135695555E-21
 0.47722260143524E-20
 0.12184406845155E-19
 0.14853372154094E-19
 0.33458768003362E-19
 0.68464762272776E-19
 0.14327315223636E-18
 0.24461647266273E-18
 0.37783265416976E-18
 0.50625243425203E-18
 0.69315736719104E-18
 0.70615406782587E-18
 0.75441918443509E-11
-0.43332267875417E-11
-0.12035027997683E-11
 0.18571097878116E-11
-0.97523360575680E-11
 0.30375589774859E-11
-0.78770791375717E-12
-0.64181042677291E-09
-0.25474468517149E-08
-0.23985255368144E-08
-0.49223527074759E-09
-0.12539813116009E-06
 0.76845846837107E-06
-0.90200020596349E-07
-0.49334488290694E-05
 0.86892396931562E-06
-0.34805100708324E-05
 0.14785274613043E-05
-0.39869594002336E-05
-0.18719328974911E-05
 0.18781847141916E-05
 0.28952062460063E-05
 0.20328083189089E-05
 0.28942530909910E-05
-0.20411711787035E-05
 0.23284177431367E-05
 0.10842128924413E-05
-0.63784515767398E-05
-0.12952065922938E-05
-0.47580557067989E-06
-0.44427544112642E-05
 0.62090416162200E-06
-0.26742706565958E-06
 0.42854968760022E-05
 0.16112840290236E-05
 0.28645478156719E-06
-0.82947659853308E-06
 0.28696410292379E-05
 0.18415846609723E-05
 0.38063300355293E-05
 0.66651510986080E-05
 0.61025675583584E-05
 0.77136058266215E-05
 0.10188932826754E-04
 0.10945226783841E-04
 0.13586016027687E-04
 0.15662086997279E-04
 0.20109306033035E-04
 0.29289958950540E-04
 0.28538411391421E-04
 0.33874556773100E-04
 0.45357688479457E-04
 0.56039775987316E-04
 0.65184350294052E-04
 0.78958506372050E-04
 0.92566380602229E-04
 0.11188386054618E-03
 0.12652676812758E-03
 0.14665600750338E-03
 0.17342815539765E-03
 0.19899973465583E-03
 0.23158519056578E-03
 0.26361401157708E-03
 0.30011889573952E-03
 0.34749114280051E-03
 0.39573575318441E-03
 0.55125079042231E-03
 0.51028608032500E-03
 0.63545860694212E-03
 0.41537288466863E-03
 0.71979672045274E-03
 0.81036715734155E-03
 0.90531244718030E-03
 0.10031892287495E-02
 0.11200164210619E-02
 0.12393115626733E-02
 0.13704151497366E-02
 0.15090061977384E-02
 0.16706661887409E-02
 0.18392132629122E-02
 0.20174360170717E-02
 0.22108358337849E-02
 0.24180498548677E-02
 0.26447808694911E-02
 0.28827777772042E-02
 0.31376473201702E-02
 0.34096202227515E-02
 0.37023788423544E-02
 0.40142570970980E-02
 0.43436443481286E-02
 0.46942917550525E-02
 0.50683645211249E-02
 0.54684849279741E-02
 0.58870433949884E-02
 0.63303626872527E-02
 0.68026528546422E-02
 0.72987755810410E-02
 0.78276433295920E-02
 0.83750945333147E-02
 0.89630973870212E-02
 0.95790028729670E-02
 0.10224046358707E-01
 0.10899196605428E-01
 0.11348534339192E-01
 0.12786919224492E-01
 0.12609822269528E-01
 0.13968513898980E-01
 0.14821246949676E-01
 0.15727449194224E-01
 0.16664857616751E-01
 0.17631742176078E-01
 0.18641566279268E-01
 0.19694378235250E-01
 0.20788217909214E-01
 0.21921785333999E-01
 0.23088660096842E-01
 0.24294143679190E-01
 0.25548653138697E-01
 0.26835586684172E-01
 0.28142708051478E-01
 0.29523169718197E-01
 0.30894389728896E-01
 0.32312916032895E-01
 0.33760330902046E-01
 0.35234261542844E-01
 0.36730277542520E-01
 0.38256364217261E-01
 0.39795763864090E-01
 0.41303855437618E-01
 0.42855000974618E-01
 0.44392388705397E-01
 0.45950917550628E-01
 0.47497647564222E-01
 0.49243831931077E-01
 0.50295372738137E-01
 0.52012690267202E-01
 0.53892490646916E-01
 0.54657121475748E-01
 0.56333269823937E-01
 0.57735666562069E-01
 0.59050780395806E-01
 0.60188690747432E-01
 0.61509759459492E-01
 0.62668230061222E-01
 0.63763616111071E-01
 0.64848996530834E-01
 0.65771378710513E-01
 0.66596345953561E-01
 0.67355409292518E-01
 0.68091427453614E-01
 0.68666271282720E-01
 0.69226767443742E-01
 0.69496695239280E-01
 0.69736515313083E-01
 0.69959103883658E-01
 0.70140501024019E-01
 0.70086834800292E-01
 0.69940729567404E-01
 0.69735152298553E-01
 0.69340587130592E-01
 0.69119425356109E-01
 0.68558826189155E-01
 0.67720644083201E-01
 0.67166642769683E-01
 0.66537583375177E-01
 0.65673986732310E-01
 0.64861753527715E-01
 0.64035783292654E-01
 0.63033901647042E-01
 0.62119496829053E-01
 0.61419476056558E-01
 0.60140236208324E-01
 0.59289131089032E-01
 0.58388337690854E-01
 0.57412660424583E-01
 0.56552461763434E-01
 0.55665738020917E-01
 0.54714440054831E-01
 0.53941508414339E-01
 0.53101686424364E-01
 0.52287783681579E-01
 0.51456914690990E-01
 0.50838298002408E-01
 0.49993270017236E-01
 0.49347989878198E-01
 0.48710681717588E-01
 0.47982852597323E-01
 0.47274426394051E-01
 0.46807763410818E-01
 0.46215618048860E-01
 0.45674987487045E-01
 0.45289444661148E-01
 0.44482760645106E-01
 0.43944637223974E-01
 0.43570843796939E-01
 0.43216204120042E-01
 0.42889479269701E-01
 0.42047005559366E-01
 0.41871841021799E-01
 0.41181433604991E-01
 0.41116787939845E-01
 0.40812014240156E-01
 0.40398004906592E-01
 0.39917957079762E-01
 0.39616531729483E-01
 0.39295289302608E-01
 0.38969805189171E-01
 0.38570402639976E-01
 0.38368401037215E-01
 0.38060526152727E-01
 0.37687610793587E-01
 0.37577330967229E-01
 0.37332463117567E-01
 0.37045639113987E-01
 0.36758735367657E-01
 0.36636007927273E-01
 0.36366601506160E-01
 0.36119453917321E-01
 0.35882337857862E-01
 0.35739838273732E-01
 0.35487508641446E-01
 0.35402049871800E-01
 0.35171129166824E-01
 0.35025284502880E-01
 0.34773658068655E-01
 0.34628699374246E-01
 0.34549393404186E-01
 0.34280599514863E-01
 0.34043915942114E-01
 0.33981219642429E-01
 0.33820018897662E-01
 0.33734831953490E-01
 0.33506181743682E-01
 0.33476944686680E-01
 0.33326015075414E-01
 0.33167989180801E-01
 0.33035984534524E-01
 0.32971894045485E-01
 0.32791304643190E-01
 0.32666890149832E-01
 0.32615317260669E-01
 0.32496465720474E-01
 0.32552307151837E-01
 0.32152391316125E-01
 0.32138252319036E-01
 0.32080243157142E-01
 0.32083020683391E-01
 0.31963296644403E-01
 0.31855047279579E-01
 0.31735699844328E-01
 0.31626668475097E-01
 0.31569985538182E-01
 0.31598260859170E-01
 0.31378293038136E-01
 0.31409763330001E-01
 0.31335872377965E-01
 0.31286302893906E-01
 0.31214066569542E-01
 0.31116682133915E-01
 0.31085469828176E-01
 0.30988840408704E-01
 0.30901714442657E-01
 0.30835385629505E-01
 0.30745628538678E-01
 0.30654778699894E-01
 0.30578833718505E-01
 0.30727106361266E-01
 0.30571450436627E-01
 0.30432295161603E-01
 0.30507348323071E-01
 0.30584429035790E-01
 0.30397883159067E-01
 0.30352147531926E-01
 0.30266019808106E-01
 0.30189997948896E-01
 0.30176249219955E-01
 0.30320030736737E-01
 0.30139453834849E-01
 0.30136207550068E-01
 0.30081773015508E-01
 0.29951297653432E-01
 0.30092067426824E-01
 0.30014110118037E-01
 0.30080125073242E-01
 0.29852856441945E-01
