-0.90841336519736E+01
-0.90841334423414E+01
-0.90841313329113E+01
-0.90841230309396E+01
-0.90841018409921E+01
-0.90840591636450E+01
-0.90839851100669E+01
-0.90838710513415E+01
-0.90837173956335E+01
-0.90835480861360E+01
-0.90834286606321E+01
-0.90834816214391E+01
-0.90838936091737E+01
-0.90849123801219E+01
-0.90868346981423E+01
-0.90899883477005E+01
-0.90947118190182E+01
-0.91013345215850E+01
-0.91101597307888E+01
-0.91214512039686E+01
-0.91354237715959E+01
-0.91522380409233E+01
-0.91719981408256E+01
-0.91947517618455E+01
-0.92204938086695E+01
-0.92491703539472E+01
-0.92806830582838E+01
-0.93148952795457E+01
-0.93516379923452E+01
-0.93907156256644E+01
-0.94319119876010E+01
-0.94749947871094E+01
-0.95197215456181E+01
-0.95658439435944E+01
-0.96131095702319E+01
-0.96612698372889E+01
-0.97100769986917E+01
-0.97592914370756E+01
-0.98086812193859E+01
-0.98580246064177E+01
-0.99071108532587E+01
-0.99557412321027E+01
-0.10003729604697E+02
-0.10050902807878E+02
-0.10097100821170E+02
-0.10142176724893E+02
-0.10185996539501E+02
-0.10228438939832E+02
-0.10269394862144E+02
-0.10308767034897E+02
-0.10346469530396E+02
-0.10382427131329E+02
-0.10416574841613E+02
-0.10448857296270E+02
-0.10479228053644E+02
-0.10507649137827E+02
-0.10534090969887E+02
-0.10558531726631E+02
-0.10580954199420E+02
-0.10601350156232E+02
-0.10619716212843E+02
-0.10636054609605E+02
-0.10650372583324E+02
-0.10662682091645E+02
-0.10672999501738E+02
-0.10681345149191E+02
-0.10687742823755E+02
-0.10692219838610E+02
-0.10694806630775E+02
-0.10695536326313E+02
-0.10694444888955E+02
-0.10691570571404E+02
-0.10686953806260E+02
-0.10680637016721E+02
-0.10672664482693E+02
-0.10663082052235E+02
-0.10651937061985E+02
-0.10639278011442E+02
-0.10625154246807E+02
-0.10609618058323E+02
-0.10592720826119E+02
-0.10574515229386E+02
-0.10555054694711E+02
-0.10534393247916E+02
-0.10512585360905E+02
-0.10489693689264E+02
-0.10465759876191E+02
-0.10440845979182E+02
-0.10415007896670E+02
-0.10388301428498E+02
-0.10360782740425E+02
-0.10332507999652E+02
-0.10303533111889E+02
-0.10273913450450E+02
-0.10243706301008E+02
-0.10212966575616E+02
-0.10181749733266E+02
-0.10150110952882E+02
-0.10118105262412E+02
-0.10085787397578E+02
-0.10053211478260E+02
-0.10020430897421E+02
-0.99874993857870E+01
-0.99544702484717E+01
-0.99213960620472E+01
-0.98883289105417E+01
-0.98553205874367E+01
-0.98224223077419E+01
-0.97896846886032E+01
-0.97571578278937E+01
-0.97248912619172E+01
-0.96929338277220E+01
-0.96613338440154E+01
-0.96301388220034E+01
-0.95993950841854E+01
-0.95691487117614E+01
-0.95394449912956E+01
-0.95103274648121E+01
-0.94818392714559E+01
-0.94540210503701E+01
-0.94269143484135E+01
-0.94005654157053E+01
-0.93749972398373E+01
-0.93502512929417E+01
-0.93263616782795E+01
-0.93033586196204E+01
-0.92812699961292E+01
-0.92601229951542E+01
-0.92399396504531E+01
-0.92207389245554E+01
-0.92025362156058E+01
-0.91853426912773E+01
-0.91691647108405E+01
-0.91540039327409E+01
-0.91398564759704E+01
-0.91267118164998E+01
-0.91145532568140E+01
-0.91033576822069E+01
-0.90930941813269E+01
-0.90837236517246E+01
-0.90751988689779E+01
-0.90674634966710E+01
-0.90604518993636E+01
-0.90540883349607E+01
-0.90482865407058E+01
-0.90429505654689E+01
-0.90379728780231E+01
-0.90332350631657E+01
-0.90286068468669E+01
-0.90239478996160E+01
-0.90191060929215E+01
-0.90139172813008E+01
-0.90082067547188E+01
-0.90017884244087E+01
-0.89944741062150E+01
-0.89860505259723E+01
-0.89763070929074E+01
-0.89650292020839E+01
-0.89519901973877E+01
-0.89369636074596E+01
-0.89197238709536E+01
-0.89000458304344E+01
-0.88777079414961E+01
-0.88525027069442E+01
-0.88242338462060E+01
-0.87927292393641E+01
-0.87578337282401E+01
-0.87194287889562E+01
-0.86774295326826E+01
-0.86317986351256E+01
-0.85825468491314E+01
-0.85297413840837E+01
-0.84735099654867E+01
-0.84140444498663E+01
-0.83516014819389E+01
-0.82865017457793E+01
-0.82191268669883E+01
-0.81499088574357E+01
-0.80793234657558E+01
-0.80078724378812E+01
-0.79360799383934E+01
-0.78644563480933E+01
-0.77935019397789E+01
-0.77236783998169E+01
-0.76554104790039E+01
-0.75890594596960E+01
-0.75249290232603E+01
-0.74632590335661E+01
-0.74042272103522E+01
-0.73479540235911E+01
-0.72945064395218E+01
-0.72439089823968E+01
-0.71961491244560E+01
-0.71511851993636E+01
-0.71089571188352E+01
-0.70693905728577E+01
-0.70324041516311E+01
-0.69979112036136E+01
-0.69658260691342E+01
-0.69360643593025E+01
-0.69085438347162E+01
-0.68831863550678E+01
-0.68599170536803E+01
-0.68386635971899E+01
-0.68193561420768E+01
-0.68019262783387E+01
-0.67863060995083E+01
-0.67724283534302E+01
-0.67602254074542E+01
-0.67496266517753E+01
-0.67405617070824E+01
-0.67329609629963E+01
-0.67267499039374E+01
-0.67218514008191E+01
-0.67181878297997E+01
-0.67156821855832E+01
-0.67142535472606E+01
-0.67138212678869E+01
-0.67143039418859E+01
-0.67156184455646E+01
-0.67176834001865E+01
-0.67204164189552E+01
-0.67237357842287E+01
-0.67275617226814E+01
-0.67318139554362E+01
-0.67364149501521E+01
-0.67412882825086E+01
-0.67463588117961E+01
-0.67515547846135E+01
-0.67568059551270E+01
-0.67620445053841E+01
-0.67672055062512E+01
-0.67722255711583E+01
-0.67770459352707E+01
-0.67816093628496E+01
-0.67858616346867E+01
-0.67897518487486E+01
-0.67932319448874E+01
-0.67962572129428E+01
-0.67987840727306E+01
-0.68007746202895E+01
-0.68021904697059E+01
-0.68030000503748E+01
-0.68031718497334E+01
-0.68026775574334E+01
-0.68014923776130E+01
-0.67995933471787E+01
-0.67969601791152E+01
-0.67935754203458E+01
-0.67894235123157E+01
-0.67844918992555E+01
-0.67787698413180E+01
-0.67722483557812E+01
-0.67649212408227E+01
-0.67567839877745E+01
-0.67478336518973E+01
-0.67380695767602E+01
-0.67274919530888E+01
-0.67161040909567E+01
-0.67039096070091E+01
-0.66909138850687E+01
-0.66771237570637E+01
-0.66625469154731E+01
-0.66471928824893E+01
-0.66310719640335E+01
-0.66141952841493E+01
-0.65965751805251E+01
-0.65782251203050E+01
-0.65591585907659E+01
-0.65393907523576E+01
-0.65189367823243E+01
-0.64978128537199E+01
-0.64760352793875E+01
-0.64536207801619E+01
-0.64305872791702E+01
-0.64069526542417E+01
-0.63827340082963E+01
-0.63579505180724E+01
-0.63326207322476E+01
-0.63067631203223E+01
-0.62803966141767E+01
-0.62535400958105E+01
-0.62262126299079E+01
-0.61984329940697E+01
-0.61702200900778E+01
-0.61415930644143E+01
-0.61125705275138E+01
-0.60831709781977E+01
-0.60534129169029E+01
-0.60233151041167E+01
-0.59928948875541E+01
-0.59621703948782E+01
-0.59311594953035E+01
-0.58998793505621E+01
-0.58683471577682E+01
-0.58365796944089E+01
-0.58045936424978E+01
-0.57724047119591E+01
-0.57400291915003E+01
-0.57074825616833E+01
