 0.92160004389117E+02
 0.92160004389073E+02
 0.92160004388592E+02
 0.92160004389583E+02
 0.92160004412022E+02
 0.92160004500091E+02
 0.92160004735360E+02
 0.92160005214715E+02
 0.92160005844000E+02
 0.92160005913666E+02
 0.92160003349846E+02
 0.92159993707264E+02
 0.92159969136010E+02
 0.92159917382986E+02
 0.92159821152294E+02
 0.92159657780288E+02
 0.92159399231218E+02
 0.92159012520399E+02
 0.92158460256341E+02
 0.92157701434442E+02
 0.92156692357709E+02
 0.92155387426925E+02
 0.92153740084351E+02
 0.92151703960013E+02
 0.92149233008800E+02
 0.92146282301191E+02
 0.92142808849803E+02
 0.92138771766775E+02
 0.92134132463060E+02
 0.92128854795567E+02
 0.92122904448156E+02
 0.92116250958107E+02
 0.92108864880806E+02
 0.92100717520469E+02
 0.92091786675910E+02
 0.92082044507182E+02
 0.92071472144359E+02
 0.92060047435936E+02
 0.92047750507181E+02
 0.92034562243941E+02
 0.92020464394265E+02
 0.92005439401936E+02
 0.91989470379013E+02
 0.91972541009636E+02
 0.91954635518189E+02
 0.91935738638838E+02
 0.91915835617182E+02
 0.91894912148822E+02
 0.91872954383893E+02
 0.91849948892922E+02
 0.91825882588351E+02
 0.91800742745153E+02
 0.91774516865834E+02
 0.91747192626913E+02
 0.91718757858117E+02
 0.91689200365444E+02
 0.91658507572129E+02
 0.91626666494065E+02
 0.91593664694634E+02
 0.91559488008875E+02
 0.91524121948090E+02
 0.91487551120549E+02
 0.91449758992946E+02
 0.91410727710859E+02
 0.91370437890658E+02
 0.91328868429479E+02
 0.91285996413333E+02
 0.91241796882879E+02
 0.91196242518413E+02
 0.91149303618921E+02
 0.91100947679685E+02
 0.91051139423840E+02
 0.90999840552336E+02
 0.90947009520405E+02
 0.90892601404821E+02
 0.90836567747595E+02
 0.90778856443003E+02
 0.90719411517106E+02
 0.90658173200941E+02
 0.90595076494012E+02
 0.90530053092554E+02
 0.90463030022608E+02
 0.90393929681800E+02
 0.90322669722560E+02
 0.90249162973403E+02
 0.90173287331275E+02
 0.90094999431481E+02
 0.90014171331414E+02
 0.89930694676130E+02
 0.89844455946978E+02
 0.89755335725413E+02
 0.89663208512966E+02
 0.89567943084779E+02
 0.89469402415681E+02
 0.89367441727309E+02
 0.89261911879763E+02
 0.89152656177243E+02
 0.89039511030738E+02
 0.88922306288086E+02
 0.88800864750722E+02
 0.88675002204270E+02
 0.88544527524554E+02
 0.88409241339970E+02
 0.88268936555958E+02
 0.88123398957253E+02
 0.87972406671903E+02
 0.87815728917581E+02
 0.87653127088261E+02
 0.87484354644497E+02
 0.87309156483170E+02
 0.87127268958369E+02
 0.86938420222675E+02
 0.86742329294994E+02
 0.86538707026267E+02
 0.86327257961895E+02
 0.86107674506334E+02
 0.85879642902187E+02
 0.85642842147173E+02
 0.85396941397152E+02
 0.85141605836626E+02
 0.84876489255204E+02
 0.84601198598124E+02
 0.84315457555291E+02
 0.84018868833972E+02
 0.83711064499139E+02
 0.83391676585793E+02
 0.83060334510282E+02
 0.82716662689617E+02
 0.82360288881638E+02
 0.81990842616812E+02
 0.81607954496247E+02
 0.81211260338516E+02
 0.80800402768673E+02
 0.80375030970093E+02
 0.79934805153002E+02
 0.79479398304325E+02
 0.79008494194820E+02
 0.78521794094397E+02
 0.78019015830342E+02
 0.77499897169797E+02
 0.76964195264913E+02
 0.76411689504889E+02
 0.75842182264199E+02
 0.75255502286153E+02
 0.74651503228481E+02
 0.74030061922777E+02
 0.73391085447613E+02
 0.72734503938516E+02
 0.72060276519213E+02
 0.71368386878386E+02
 0.70658845598858E+02
 0.69931689963257E+02
 0.69186981000709E+02
 0.68424808739727E+02
 0.67645238562006E+02
 0.66848485086886E+02
 0.66034678954956E+02
 0.65204001809462E+02
 0.64356667428012E+02
 0.63492921301353E+02
 0.62613031126367E+02
 0.61717309057795E+02
 0.60806100193349E+02
 0.59879791252358E+02
 0.58938823174369E+02
 0.57983676106357E+02
 0.57014911070232E+02
 0.56033148637264E+02
 0.55039089451681E+02
 0.54033516286156E+02
 0.53017313606425E+02
 0.51991459841841E+02
 0.50957046179336E+02
 0.49915274826155E+02
 0.48867468995759E+02
 0.47815069479433E+02
 0.46759620533803E+02
 0.45702776772832E+02
 0.44646288198880E+02
 0.43591981870698E+02
 0.42541729771154E+02
 0.41497451270072E+02
 0.40461064653817E+02
 0.39434474003842E+02
 0.38419530452420E+02
 0.37418010517486E+02
 0.36431588543607E+02
 0.35461817345676E+02
 0.34510111048778E+02
 0.33577747136125E+02
 0.32665789339934E+02
 0.31775185429473E+02
 0.30906702624409E+02
 0.30060937987300E+02
 0.29238334415975E+02
 0.28439187480678E+02
 0.27663649870542E+02
 0.26911751520969E+02
 0.26183408231496E+02
 0.25478199739078E+02
 0.24796316332505E+02
 0.24137181313396E+02
 0.23500380403419E+02
 0.22885447232211E+02
 0.22291871693476E+02
 0.21719109964643E+02
 0.21166592027038E+02
 0.20633728332293E+02
 0.20119915545185E+02
 0.19624547360123E+02
 0.19147013061746E+02
 0.18686700555284E+02
 0.18243005659425E+02
 0.17815333555201E+02
 0.17403099243201E+02
 0.17005726929599E+02
 0.16622657186957E+02
 0.16253344361415E+02
 0.15897258808928E+02
 0.15553890887137E+02
 0.15222736886430E+02
 0.14903320626276E+02
 0.14595179546799E+02
 0.14297867303671E+02
 0.14010955482294E+02
 0.13734030803509E+02
 0.13466697413806E+02
 0.13208574500467E+02
 0.12959297114522E+02
 0.12718514831200E+02
 0.12485891997736E+02
 0.12261106946701E+02
 0.12043851771883E+02
 0.11833830819622E+02
 0.11630761836142E+02
 0.11434374252706E+02
 0.11244408746439E+02
 0.11060617538735E+02
 0.10882763202087E+02
 0.10710618692179E+02
 0.10543966480004E+02
 0.10382598616128E+02
 0.10226315474972E+02
 0.10074926448993E+02
 0.99282490905358E+01
 0.97861082739360E+01
 0.96483365023667E+01
 0.95147735233747E+01
 0.93852655994606E+01
 0.92596654242148E+01
 0.91378318891749E+01
 0.90196296372814E+01
 0.89049292161403E+01
 0.87936063925087E+01
 0.86855417783028E+01
 0.85806211670880E+01
 0.84787347180460E+01
 0.83797775178933E+01
 0.82836482078555E+01
 0.81902499102585E+01
 0.80994895406917E+01
 0.80112776687328E+01
 0.79255284259413E+01
 0.78421591720367E+01
 0.77610906479079E+01
 0.76822466240691E+01
 0.76055538353559E+01
 0.75309416987340E+01
 0.74583425237843E+01
 0.73876910059219E+01
 0.73189243719906E+01
 0.72519822406621E+01
 0.71868064759336E+01
 0.71233410370361E+01
 0.70615320535964E+01
 0.70013275464114E+01
 0.69426774639562E+01
 0.68855335718752E+01
 0.68298493862581E+01
 0.67755800850589E+01
 0.67226824304758E+01
 0.66711147793663E+01
 0.66208368850390E+01
 0.65718099764125E+01
 0.65239966080826E+01
 0.64773606674572E+01
 0.64318671952493E+01
 0.63874826668305E+01
 0.63441744858383E+01
 0.63019110872257E+01
 0.62606623575784E+01
 0.62203988952474E+01
 0.61810922903383E+01
 0.61427151987385E+01
 0.61052411551261E+01
 0.60686445654621E+01
 0.60329006408964E+01
 0.59979853938839E+01
 0.59638757078949E+01
 0.59305491645686E+01
