 0.64848558134328E+01
 0.64848558127789E+01
 0.64848558055455E+01
 0.64848557745466E+01
 0.64848556898687E+01
 0.64848555090410E+01
 0.64848551776718E+01
 0.64848546291150E+01
 0.64848537757027E+01
 0.64848524951977E+01
 0.64848506060569E+01
 0.64848478373379E+01
 0.64848438013376E+01
 0.64848379686521E+01
 0.64848296577910E+01
 0.64848180332409E+01
 0.64848021110934E+01
 0.64847807731823E+01
 0.64847527769262E+01
 0.64847167713958E+01
 0.64846713060854E+01
 0.64846148471556E+01
 0.64845457767447E+01
 0.64844623810500E+01
 0.64843628860502E+01
 0.64842454534265E+01
 0.64841081562578E+01
 0.64839490031847E+01
 0.64837659438920E+01
 0.64835568772613E+01
 0.64833197010452E+01
 0.64830522084862E+01
 0.64827522596324E+01
 0.64824178055624E+01
 0.64820465649404E+01
 0.64816367284894E+01
 0.64811861358293E+01
 0.64806929768915E+01
 0.64801554860212E+01
 0.64795720360524E+01
 0.64789411391370E+01
 0.64782614638394E+01
 0.64775318452762E+01
 0.64767512923783E+01
 0.64759189964613E+01
 0.64750343348559E+01
 0.64740968762846E+01
 0.64731063804929E+01
 0.64720628004116E+01
 0.64709662804282E+01
 0.64698171558143E+01
 0.64686159508039E+01
 0.64673633748171E+01
 0.64660603201399E+01
 0.64647078552036E+01
 0.64633072234833E+01
 0.64618598503849E+01
 0.64603673392197E+01
 0.64588313930792E+01
 0.64572539459798E+01
 0.64556370552907E+01
 0.64539829314036E+01
 0.64522939279146E+01
 0.64505725424600E+01
 0.64488214158786E+01
 0.64470433203630E+01
 0.64452411567047E+01
 0.64434179537612E+01
 0.64415768693974E+01
 0.64397211788855E+01
 0.64378542858020E+01
 0.64359797070640E+01
 0.64341010759962E+01
 0.64322221410109E+01
 0.64303467639452E+01
 0.64284789154069E+01
 0.64266226755051E+01
 0.64247822329392E+01
 0.64229618736815E+01
 0.64211660475575E+01
 0.64193992611027E+01
 0.64176661431604E+01
 0.64159714347431E+01
 0.64143199885639E+01
 0.64127167698040E+01
 0.64111681952129E+01
 0.64096770515503E+01
 0.64082497949724E+01
 0.64068918855015E+01
 0.64056088951857E+01
 0.64044065416076E+01
 0.64032906819444E+01
 0.64022673124618E+01
 0.64013425690124E+01
 0.64005227964961E+01
 0.63998144117094E+01
 0.63992240415737E+01
 0.63987584903472E+01
 0.63984247346945E+01
 0.63982299389814E+01
 0.63981814606640E+01
 0.63982868326376E+01
 0.63985538388765E+01
 0.63989904865958E+01
 0.63996049853142E+01
 0.64004057705630E+01
 0.64014015624350E+01
 0.64026013219512E+01
 0.64040142610055E+01
 0.64056498710512E+01
 0.64075179308962E+01
 0.64096284959274E+01
 0.64119919337870E+01
 0.64146189195085E+01
 0.64175203459405E+01
 0.64207075698602E+01
 0.64241921802815E+01
 0.64279860538565E+01
 0.64321014613690E+01
 0.64365508758470E+01
 0.64413472530945E+01
 0.64465054344718E+01
 0.64520356789841E+01
 0.64579531829259E+01
 0.64642720469125E+01
 0.64710064501351E+01
 0.64781708274169E+01
 0.64857799841626E+01
 0.64938487286447E+01
 0.65023919959654E+01
 0.65114248838336E+01
 0.65209625226466E+01
 0.65310200030125E+01
 0.65416124566648E+01
 0.65527548596469E+01
 0.65644620099478E+01
 0.65767485826012E+01
 0.65896289477732E+01
 0.66031171967196E+01
 0.66172270392990E+01
 0.66319718063271E+01
 0.66473644107824E+01
 0.66634173032436E+01
 0.66801423629832E+01
 0.66975509979956E+01
 0.67156541888136E+01
 0.67344622560353E+01
 0.67539851684771E+01
 0.67742323433879E+01
 0.67952128483331E+01
 0.68169353207819E+01
 0.68394080315016E+01
 0.68626390725464E+01
 0.68866362214138E+01
 0.69114091858164E+01
 0.69369623719799E+01
 0.69633049625303E+01
 0.69904451145163E+01
 0.70183909756384E+01
 0.70471508256961E+01
 0.70767338032686E+01
 0.71071488745763E+01
 0.71384055094105E+01
 0.71705138565408E+01
 0.72034840110209E+01
 0.72373274226389E+01
 0.72720543652348E+01
 0.73076760494564E+01
 0.73442032765715E+01
 0.73816470581979E+01
 0.74200174985334E+01
 0.74593242766073E+01
 0.74995758488240E+01
 0.75407793789272E+01
 0.75829400567100E+01
 0.76260609383471E+01
 0.76701430617211E+01
 0.77151843592948E+01
 0.77611795804831E+01
 0.78081198381878E+01
 0.78559941955412E+01
 0.79047857042191E+01
 0.79544750385386E+01
 0.80050376266513E+01
 0.80564465209488E+01
 0.81086695597664E+01
 0.81616713852202E+01
 0.82154131518716E+01
 0.82698525808669E+01
 0.83249433340204E+01
 0.83806401179170E+01
 0.84368920288693E+01
 0.84936474368471E+01
 0.85508538620388E+01
 0.86084579915054E+01
 0.86664060270582E+01
 0.87246448135003E+01
 0.87831215079578E+01
 0.88417839230326E+01
 0.89005821453020E+01
 0.89594652860442E+01
 0.90183861710487E+01
 0.90772989193495E+01
 0.91361592975625E+01
 0.91949250236030E+01
 0.92535557075953E+01
 0.93120127976587E+01
 0.93702599291823E+01
 0.94282626783158E+01
 0.94859877051430E+01
 0.95434038221761E+01
 0.96004823214151E+01
 0.96571950263079E+01
 0.97135152962903E+01
 0.97694180777076E+01
 0.98248799072929E+01
 0.98798785839363E+01
 0.99343929784205E+01
 0.99884032503695E+01
 0.10041889749795E+02
 0.10094835878445E+02
 0.10147224166499E+02
 0.10199038642720E+02
 0.10250264308432E+02
 0.10300886937566E+02
 0.10350893197077E+02
 0.10400270414154E+02
 0.10449006774444E+02
 0.10497091150861E+02
 0.10544513148432E+02
 0.10591263039149E+02
 0.10637331769638E+02
 0.10682710752908E+02
 0.10727392457333E+02
 0.10771369566504E+02
 0.10814635503429E+02
 0.10857184403122E+02
 0.10899010830967E+02
 0.10940110014492E+02
 0.10980477585491E+02
 0.11020109938650E+02
 0.11059003727525E+02
 0.11097156578228E+02
 0.11134566271856E+02
 0.11171231120806E+02
 0.11207150110109E+02
 0.11242322635345E+02
 0.11276748506394E+02
 0.11310428058353E+02
 0.11343362128092E+02
 0.11375552012518E+02
 0.11406999466653E+02
 0.11437706454916E+02
 0.11467675462433E+02
 0.11496909584059E+02
 0.11525412027661E+02
 0.11553186549150E+02
 0.11580237210062E+02
 0.11606568471847E+02
 0.11632185102650E+02
 0.11657092190503E+02
 0.11681295183190E+02
 0.11704799744794E+02
 0.11727612012735E+02
 0.11749738226456E+02
 0.11771184948310E+02
 0.11791958978096E+02
 0.11812067438276E+02
 0.11831517545229E+02
 0.11850316846175E+02
 0.11868473032545E+02
 0.11885993988995E+02
 0.11902887753446E+02
 0.11919162578146E+02
 0.11934826822946E+02
 0.11949889021254E+02
 0.11964357760737E+02
 0.11978241840634E+02
 0.11991550115664E+02
 0.12004291574985E+02
 0.12016475154535E+02
 0.12028109991913E+02
 0.12039205297750E+02
 0.12049770239538E+02
 0.12059813988332E+02
 0.12069346001687E+02
 0.12078375428743E+02
 0.12086911603513E+02
 0.12094963907371E+02
 0.12102541604198E+02
 0.12109653937188E+02
 0.12116310261979E+02
 0.12122519757326E+02
 0.12128291688672E+02
 0.12133635187264E+02
 0.12138559391911E+02
 0.12143073354223E+02
 0.12147186107762E+02
 0.12150906569649E+02
 0.12154243648989E+02
