 0.10000000133514E-09
 0.10000000133514E-09
 0.10000000133514E-09
 0.10000000133514E-09
 0.10000000133514E-09
 0.10000000133514E-09
 0.10000000133514E-09
 0.10000000133514E-09
 0.10000000133514E-09
 0.10000000133514E-09
 0.10000000133514E-09
 0.10000000133514E-09
 0.10000000133514E-09
 0.10000000133514E-09
 0.10000000133514E-09
 0.10000000133514E-09
 0.10000000133514E-09
 0.10000000133514E-09
 0.10000000133514E-09
 0.10000000133514E-09
 0.10000000133514E-09
 0.10000000133514E-09
 0.10000000133514E-09
 0.10000000133514E-09
 0.10000000133514E-09
 0.10000000133514E-09
 0.10000000133514E-09
 0.10000000133514E-09
 0.10000000133514E-09
 0.10000000133514E-09
 0.87612737122656E-04
 0.87612737122656E-04
 0.87612737122656E-04
 0.19252134726292E-03
 0.19252134726292E-03
 0.30275036632330E-03
 0.37287519998342E-03
 0.45435615080055E-03
 0.54822150862837E-03
 0.65550665278534E-03
 0.77725059865139E-03
 0.91449266303189E-03
 0.10682701664844E-02
 0.12396164814736E-02
 0.14295596424687E-02
 0.16391216246363E-02
 0.18693167247245E-02
 0.21211519356262E-02
 0.23956266996886E-02
 0.26937332990750E-02
 0.30164560884170E-02
 0.33647726057516E-02
 0.37396536579763E-02
 0.41420641212739E-02
 0.45729626837122E-02
 0.50333029610049E-02
 0.55240336333633E-02
 0.60460960289343E-02
 0.66004331780843E-02
 0.71879805982053E-02
 0.78096678975218E-02
 0.84664263723314E-02
 0.91591873259005E-02
 0.98888767334082E-02
 0.10656420003718E-01
 0.11462742367438E-01
 0.12308764949946E-01
 0.13195417338756E-01
 0.14123624507496E-01
 0.15094316504831E-01
 0.16108427956130E-01
 0.17166889228823E-01
 0.18270635307244E-01
 0.19420621820918E-01
 0.20617798151317E-01
 0.21863124738053E-01
 0.23157557103745E-01
 0.24502085025553E-01
 0.25897695093999E-01
 0.27345389910909E-01
 0.28846181423880E-01
 0.30401099115205E-01
 0.32011183479268E-01
 0.33677492305149E-01
 0.35401110716894E-01
 0.37187105532942E-01
 0.39029149287158E-01
 0.40931922037439E-01
 0.42896600873776E-01
 0.44924376395381E-01
 0.47016456612716E-01
 0.49174110074783E-01
 0.51398623933419E-01
 0.53691312738494E-01
 0.56053534930521E-01
 0.58486617325413E-01
 0.60991977780681E-01
 0.63571078172045E-01
 0.66225392901423E-01
 0.68956427797785E-01
 0.71765719257541E-01
 0.74654835080128E-01
 0.77625397226814E-01
 0.80679066366530E-01
 0.83817501943854E-01
 0.87042379182161E-01
 0.90355457064088E-01
 0.93758497644366E-01
 0.97253266313503E-01
 0.10084155851732E+00
 0.10452519015855E+00
 0.10830597305591E+00
 0.11218575195814E+00
 0.11616635540650E+00
 0.12024949649068E+00
 0.12443705370492E+00
 0.12873076441411E+00
 0.13313230839880E+00
 0.13764338237672E+00
 0.14226553100091E+00
 0.14700031605487E+00
 0.15185082068865E+00
 0.15681517007587E+00
 0.16189598298093E+00
 0.16709433063481E+00
 0.17241102498746E+00
 0.17784667407573E+00
 0.18340177805185E+00
 0.18907650206181E+00
 0.19487073189639E+00
 0.20078412617641E+00
 0.20681600607323E+00
 0.21296534751058E+00
 0.21923080761585E+00
 0.22561063096131E+00
 0.23210265890053E+00
 0.23870440695651E+00
 0.24541290562221E+00
 0.25222479404799E+00
 0.25913626830133E+00
 0.26614312584633E+00
 0.27324076206202E+00
 0.28042417801064E+00
 0.28768795856694E+00
 0.29502634286784E+00
 0.30243331264076E+00
 0.30990247574031E+00
 0.31742725787762E+00
 0.32500085126842E+00
 0.33261626715251E+00
 0.34026643774584E+00
 0.34794419825403E+00
 0.35564236464084E+00
 0.36335376080214E+00
 0.37107215572541E+00
 0.37878891736373E+00
 0.38649798530784E+00
 0.39419268797801E+00
 0.40186659591674E+00
 0.40951346408664E+00
 0.41712734934092E+00
 0.42470249050496E+00
 0.43223351947308E+00
 0.43971526765581E+00
 0.44714282337964E+00
 0.45451169109694E+00
 0.46181752732846E+00
 0.46905630004774E+00
 0.47622424516205E+00
 0.48331787368800E+00
 0.49033385534666E+00
 0.49726918961762E+00
 0.50412105205246E+00
 0.51088684909978E+00
 0.51756416842628E+00
 0.52415077274598E+00
 0.53064474766986E+00
 0.53704435461238E+00
 0.54334801764963E+00
 0.54955444891001E+00
 0.55566262944516E+00
 0.56167179614585E+00
 0.56758142942863E+00
 0.57339129952449E+00
 0.57910137819319E+00
 0.58471204329508E+00
 0.59022391401020E+00
 0.59563784582453E+00
 0.60095495120864E+00
 0.60617632108558E+00
 0.61130399229135E+00
 0.61633944224457E+00
 0.62128449429278E+00
 0.62614118493586E+00
 0.63091159008416E+00
 0.63559782856562E+00
 0.64020214076012E+00
 0.64472676475072E+00
 0.64917389238973E+00
 0.65354588207432E+00
 0.65784464551317E+00
 0.66207244288700E+00
 0.66623137403798E+00
 0.67032346518861E+00
 0.67435067792092E+00
 0.67831489770784E+00
 0.68221794410566E+00
 0.68606156884219E+00
 0.68984747598219E+00
 0.69357723717725E+00
 0.69725238362017E+00
 0.70087439723080E+00
 0.70444469020645E+00
 0.70796458531987E+00
 0.71143534138130E+00
 0.71485818519583E+00
 0.71823428958112E+00
 0.72156476057650E+00
 0.72485065271001E+00
 0.72809286395091E+00
 0.73129260368030E+00
 0.73445068106185E+00
 0.73756797642171E+00
 0.74064535022545E+00
 0.74368361169921E+00
 0.74668356698933E+00
 0.74964595370476E+00
 0.75257151151158E+00
 0.75546093380260E+00
 0.75831490515890E+00
 0.76113408076572E+00
 0.76391909032442E+00
 0.76667053571794E+00
 0.76938902555982E+00
 0.77207511904410E+00
 0.77472937213777E+00
 0.77735233210019E+00
 0.77994452223241E+00
 0.78250644404221E+00
 0.78503859584403E+00
 0.78754146190784E+00
 0.79001550711352E+00
 0.79246119162487E+00
 0.79487896304129E+00
 0.79726924981041E+00
 0.79963247923906E+00
 0.80196907150879E+00
 0.80427942149523E+00
 0.80656393054917E+00
 0.80882298549647E+00
 0.81105696237474E+00
 0.81326623726877E+00
 0.81545116739124E+00
 0.81761210745310E+00
 0.81974940850423E+00
 0.82186341055113E+00
 0.82395444750237E+00
 0.82602284822452E+00
 0.82806893048558E+00
 0.83009301250689E+00
 0.83209540275936E+00
 0.83407640498853E+00
 0.83603631547473E+00
 0.83797542681008E+00
 0.83989402800591E+00
 0.84179240140596E+00
 0.84367081942731E+00
 0.84552955859719E+00
 0.84736888396233E+00
 0.84918905794613E+00
 0.85099034294103E+00
 0.85277298575382E+00
 0.85453723920977E+00
 0.85628334904654E+00
 0.85801155700109E+00
 0.85972209772296E+00
 0.86141520592457E+00
 0.86309110939327E+00
 0.86475003403848E+00
 0.86639220388627E+00
 0.86801783716960E+00
 0.86962714497739E+00
 0.87122033998805E+00
 0.87279763131458E+00
 0.87435922260071E+00
 0.87590531570194E+00
 0.87743610914209E+00
 0.87895179653144E+00
 0.88045257080504E+00
 0.88193862083221E+00
 0.88341013350942E+00
 0.88486729023798E+00
 0.88631027187146E+00
 0.88773925830503E+00
 0.88915442097989E+00
 0.89055593410825E+00
 0.89194396688702E+00
 0.89331868613323E+00
 0.89468025627877E+00
 0.89602883949813E+00
