 0.46769851438376E+03
 0.46769851438465E+03
 0.46769851441572E+03
 0.46769851468688E+03
 0.46769851592196E+03
 0.46769851929701E+03
 0.46769852497016E+03
 0.46769852250872E+03
 0.46769845921348E+03
 0.46769818046661E+03
 0.46769735084805E+03
 0.46769537985460E+03
 0.46769137562310E+03
 0.46768413591228E+03
 0.46767217770735E+03
 0.46765379397954E+03
 0.46762712538595E+03
 0.46759023750764E+03
 0.46754119171136E+03
 0.46747810806825E+03
 0.46739921583629E+03
 0.46730289128866E+03
 0.46718768370069E+03
 0.46705233263549E+03
 0.46689577460164E+03
 0.46671714498246E+03
 0.46651577442554E+03
 0.46629118212425E+03
 0.46604306558200E+03
 0.46577128938548E+03
 0.46547587224489E+03
 0.46515697472336E+03
 0.46481488507409E+03
 0.46445000638107E+03
 0.46406284263328E+03
 0.46365398573152E+03
 0.46322410402470E+03
 0.46277392862173E+03
 0.46230424250636E+03
 0.46181586870570E+03
 0.46130966026412E+03
 0.46078649032462E+03
 0.46024724341247E+03
 0.45969280662856E+03
 0.45912406236260E+03
 0.45854188143463E+03
 0.45794711752342E+03
 0.45734060145170E+03
 0.45672313716474E+03
 0.45609549789358E+03
 0.45545842283532E+03
 0.45481261557248E+03
 0.45415874149012E+03
 0.45349742688999E+03
 0.45282925876689E+03
 0.45215478415815E+03
 0.45147450857936E+03
 0.45078889783566E+03
 0.45009838352492E+03
 0.44940335439617E+03
 0.44870416475399E+03
 0.44800113379589E+03
 0.44729454705462E+03
 0.44658465801686E+03
 0.44587169001861E+03
 0.44515583727273E+03
 0.44443726871342E+03
 0.44371612683524E+03
 0.44299253079734E+03
 0.44226657831441E+03
 0.44153834604438E+03
 0.44080789182356E+03
 0.44007525598181E+03
 0.43934046275143E+03
 0.43860352094984E+03
 0.43786442545983E+03
 0.43712315838875E+03
 0.43637969041094E+03
 0.43563398223567E+03
 0.43488597624931E+03
 0.43413561227438E+03
 0.43338281913912E+03
 0.43262751616912E+03
 0.43186961401909E+03
 0.43110901603049E+03
 0.43034559497986E+03
 0.42957927217854E+03
 0.42880990929543E+03
 0.42803737582832E+03
 0.42726153419650E+03
 0.42648223775798E+03
 0.42569933054435E+03
 0.42491265001191E+03
 0.42412202811944E+03
 0.42332727503661E+03
 0.42252820402693E+03
 0.42172461456494E+03
 0.42091629619520E+03
 0.42010302723587E+03
 0.41928457487548E+03
 0.41846069729471E+03
 0.41763114224341E+03
 0.41679564140409E+03
 0.41595391372734E+03
 0.41510566702617E+03
 0.41425059523248E+03
 0.41338837776092E+03
 0.41251867975151E+03
 0.41164115180897E+03
 0.41075542863075E+03
 0.40986112941550E+03
 0.40895785764041E+03
 0.40804519790128E+03
 0.40712272158138E+03
 0.40618998452074E+03
 0.40524652304702E+03
 0.40429185188691E+03
 0.40332547682797E+03
 0.40234687999177E+03
 0.40135553881634E+03
 0.40035089717671E+03
 0.39933234342824E+03
 0.39829938486761E+03
 0.39725139752412E+03
 0.39618777078920E+03
 0.39510789198141E+03
 0.39401114068063E+03
 0.39289687658919E+03
 0.39176446529549E+03
 0.39061326919071E+03
 0.38944264920928E+03
 0.38825197281353E+03
 0.38704061415626E+03
 0.38580796226088E+03
 0.38455342181242E+03
 0.38327642770783E+03
 0.38197643752195E+03
 0.38065294300562E+03
 0.37930548048040E+03
 0.37793363957906E+03
 0.37653705772456E+03
 0.37511544430451E+03
 0.37366857989032E+03
 0.37219633101476E+03
 0.37069866540259E+03
 0.36917564026209E+03
 0.36762743754876E+03
 0.36605436477129E+03
 0.36445687784815E+03
 0.36283558159036E+03
 0.36119125219547E+03
 0.35952486094081E+03
 0.35783758729720E+03
 0.35613085092481E+03
 0.35440623866293E+03
 0.35266578986831E+03
 0.35091172197249E+03
 0.34914657587395E+03
 0.34737330379186E+03
 0.34559522519116E+03
 0.34381610009702E+03
 0.34204014991831E+03
 0.34027209056725E+03
 0.33851716868203E+03
 0.33678118879636E+03
 0.33507054295610E+03
 0.33339221304022E+03
 0.33175379843782E+03
 0.33016349746813E+03
 0.32863010719074E+03
 0.32716298237746E+03
 0.32577197314387E+03
 0.32446736524665E+03
 0.32325978019461E+03
 0.32216006816055E+03
 0.32117917639511E+03
 0.32032799257880E+03
 0.31961719914723E+03
 0.31905710049369E+03
 0.31865745335525E+03
 0.31842735668177E+03
 0.31837499762390E+03
 0.31850764363712E+03
 0.31883143885271E+03
 0.31935143168882E+03
 0.32007141029339E+03
 0.32099395436291E+03
 0.32212043510557E+03
 0.32345101990174E+03
 0.32498470801658E+03
 0.32671955679355E+03
 0.32865253749201E+03
 0.33077978128027E+03
 0.33309666392269E+03
 0.33559789341550E+03
 0.33827761553783E+03
 0.34112954091952E+03
 0.34414702985139E+03
 0.34732314250164E+03
 0.35064978472126E+03
 0.35412174790212E+03
 0.35773076211989E+03
 0.36146957597602E+03
 0.36533098075353E+03
 0.36930786132336E+03
 0.37339322143043E+03
 0.37758020971425E+03
 0.38186215329518E+03
 0.38623257086565E+03
 0.39068513198114E+03
 0.39521372747636E+03
 0.39981249662888E+03
 0.40447573794444E+03
 0.40919794623118E+03
 0.41397382582826E+03
 0.41879831306406E+03
 0.42366651706718E+03
 0.42857374507775E+03
 0.43351549131077E+03
 0.43848736740710E+03
 0.44348532515131E+03
 0.44850532706534E+03
 0.45354354663221E+03
 0.45859632528829E+03
 0.46366013738944E+03
 0.46873162290687E+03
 0.47380754168760E+03
 0.47888480057651E+03
 0.48396042836346E+03
 0.48903158536660E+03
 0.49409554704065E+03
 0.49914970484964E+03
 0.50419155241625E+03
 0.50921871555448E+03
 0.51422889770882E+03
 0.51921991225586E+03
 0.52418967885517E+03
 0.52913619810169E+03
 0.53405756911774E+03
 0.53895197039105E+03
 0.54381767612386E+03
 0.54865302943681E+03
 0.55345647924331E+03
 0.55822653093034E+03
 0.56296176493486E+03
 0.56766085107209E+03
 0.57232252358535E+03
 0.57694557988883E+03
 0.58152889322307E+03
 0.58607140456599E+03
 0.59057211836931E+03
 0.59503010611837E+03
 0.59944448507104E+03
 0.60381443839120E+03
 0.60813922092013E+03
 0.61241812627875E+03
 0.61665051661424E+03
 0.62083578922189E+03
 0.62497341734108E+03
 0.62906290891418E+03
 0.63310382266345E+03
 0.63709576726421E+03
 0.64103839342630E+03
 0.64493140703456E+03
 0.64877454598689E+03
 0.65256759352016E+03
 0.65631037181863E+03
 0.66000274996903E+03
 0.66364462276466E+03
 0.66723593252629E+03
 0.67077665239570E+03
 0.67426678790511E+03
 0.67770637697587E+03
 0.68109549319579E+03
 0.68443423441228E+03
 0.68772273229349E+03
 0.69096114281559E+03
 0.69414965118592E+03
 0.69728846617985E+03
 0.70037782237556E+03
 0.70341797420546E+03
 0.70640919894902E+03
 0.70935179903542E+03
 0.71224609063799E+03
 0.71509240914139E+03
 0.71789111364542E+03
 0.72064257520249E+03
 0.72334717316653E+03
 0.72600531496339E+03
 0.72861742277261E+03
 0.73118391013181E+03
 0.73370522365052E+03
 0.73618181618457E+03
 0.73861414801745E+03
 0.74100268755005E+03
 0.74334791395048E+03
 0.74565031534421E+03
 0.74791038897570E+03
 0.75012863163436E+03
 0.75230555088715E+03
