 0.00000000000000E+00
 0.00000000000000E+00
 0.00000000000000E+00
 0.00000000000000E+00
 0.11082470345924E-25
 0.23470971389315E-21
 0.28870619153749E-18
 0.59965350074575E-16
 0.38050265079418E-14
 0.10527481108726E-12
 0.15926374377195E-11
 0.15320734711704E-10
 0.10403753097295E-09
 0.53735517320626E-09
 0.22297908367190E-08
 0.77450911639590E-08
 0.23237145269141E-07
 0.61707462600153E-07
 0.14786452021025E-06
 0.32468345063284E-06
 0.66152928718150E-06
 0.12634783741794E-05
 0.22812972068566E-05
 0.39214426205520E-05
 0.64554373294605E-05
 0.10228038179125E-04
 0.15663730594837E-04
 0.23271226677430E-04
 0.33645795918884E-04
 0.47469398075171E-04
 0.65508708646277E-04
 0.88611215866866E-04
 0.11769964567369E-03
 0.15376499656434E-03
 0.19785846919089E-03
 0.25108265752735E-03
 0.31458215534782E-03
 0.38953400800793E-03
 0.47713808185257E-03
 0.57860763294403E-03
 0.69516019944620E-03
 0.82800894833058E-03
 0.97835456507592E-03
 0.11473777606099E-02
 0.13362324255050E-02
 0.15460394616405E-02
 0.17778812848192E-02
 0.20327970100032E-02
 0.23117782752542E-02
 0.26157656983674E-02
 0.29456459301024E-02
 0.33022492481747E-02
 0.36863477006296E-02
 0.40986537130887E-02
 0.45398191412128E-02
 0.50104347465347E-02
 0.55110300674912E-02
 0.60420735789555E-02
 0.66039731673418E-02
 0.71970769743025E-02
 0.78216743985131E-02
 0.84779973216989E-02
 0.91662216245327E-02
 0.98864688003712E-02
 0.10638807742705E-01
 0.11423256744527E-01
 0.12239785508800E-01
 0.13088317313989E-01
 0.13968731310325E-01
 0.14880864827975E-01
 0.15824515800562E-01
 0.16799445185298E-01
 0.17805379437979E-01
 0.18842013046917E-01
 0.19909011023960E-01
 0.21006011457156E-01
 0.22132627965948E-01
 0.23288452259068E-01
 0.24473056550748E-01
 0.25685996355126E-01
 0.26926812378354E-01
 0.28195033184465E-01
 0.29490177512298E-01
 0.30811756572063E-01
 0.32159276233448E-01
 0.33532252692966E-01
 0.34930163975184E-01
 0.36352523931175E-01
 0.37798838666360E-01
 0.39268619108989E-01
 0.40761383123579E-01
 0.42276657604345E-01
 0.43813979671687E-01
 0.45372898341735E-01
 0.46952977524705E-01
 0.48553795368771E-01
 0.50174947559452E-01
 0.51816048457276E-01
 0.53476732047933E-01
 0.55156653679981E-01
 0.56855491171541E-01
 0.58572946278226E-01
 0.60308746418613E-01
 0.62062645660648E-01
 0.63834425335609E-01
 0.65623895540124E-01
 0.67430897118934E-01
 0.69255301938812E-01
 0.71097013961833E-01
 0.72955970844229E-01
 0.74832144866140E-01
 0.76725543723442E-01
 0.78636212634921E-01
 0.80564233761730E-01
 0.82509726028427E-01
 0.84472851679699E-01
 0.86453811685208E-01
 0.88452847715848E-01
 0.90470246141492E-01
 0.92506332201182E-01
 0.94561479701595E-01
 0.96636152299882E-01
 0.98730724334722E-01
 0.10084574013713E+00
 0.10298175391190E+00
 0.10513936283871E+00
 0.10731920935434E+00
 0.10952198522673E+00
 0.11174842456051E+00
 0.11399930532770E+00
 0.11627545177096E+00
 0.11857772984207E+00
 0.12090704701761E+00
 0.12326435189656E+00
 0.12565063034709E+00
 0.12806690275984E+00
 0.13051422873778E+00
 0.13299369595993E+00
 0.13550642246891E+00
 0.13805355118000E+00
 0.14063625153215E+00
 0.14325571275384E+00
 0.14591314283748E+00
 0.14860976166320E+00
 0.15134680078760E+00
 0.15412550603728E+00
 0.15694712267101E+00
 0.15981290476793E+00
 0.16272410194072E+00
 0.16568196376973E+00
 0.16868773281535E+00
 0.17174264021208E+00
 0.17484790589488E+00
 0.17800472295714E+00
 0.18121435824879E+00
 0.18447781082617E+00
 0.18779624676937E+00
 0.19117074240943E+00
 0.19460230736271E+00
 0.19809187552461E+00
 0.20164030980238E+00
 0.20524835078699E+00
 0.20891662793451E+00
 0.21264561552626E+00
 0.21643559946754E+00
 0.22028667847198E+00
 0.22419867346015E+00
 0.22817112607829E+00
 0.23220324445592E+00
 0.23629385641788E+00
 0.24044134270975E+00
 0.24464362668321E+00
 0.24889809434305E+00
 0.25320157137379E+00
 0.25755026781329E+00
 0.26193976051328E+00
 0.26636501418370E+00
 0.27082034743672E+00
 0.27529946387961E+00
 0.27979551168092E+00
 0.28430116001023E+00
 0.28880866577115E+00
 0.29330998477118E+00
 0.29779689317989E+00
 0.30226109731080E+00
 0.30669440663098E+00
 0.31108883102922E+00
 0.31543670044148E+00
 0.31973077158812E+00
 0.32396426017316E+00
 0.32813114538649E+00
 0.33222587006521E+00
 0.33624358901172E+00
 0.34018016119618E+00
 0.34403210734810E+00
 0.34779660297493E+00
 0.35147146880906E+00
 0.35505510465121E+00
 0.35854646527408E+00
 0.36194618471428E+00
 0.36525184865315E+00
 0.36846490688576E+00
 0.37158603062794E+00
 0.37461619782572E+00
 0.37755665452763E+00
 0.38040887044819E+00
 0.38317450537263E+00
 0.38585537355748E+00
 0.38845341911207E+00
 0.39097066918132E+00
 0.39340922922395E+00
 0.39577126373865E+00
 0.39805896624706E+00
 0.40027453810611E+00
 0.40242018353189E+00
 0.40449811091752E+00
 0.40651049458500E+00
 0.40845948782856E+00
 0.41034720583156E+00
 0.41217571030337E+00
 0.41394705954246E+00
 0.41566322041821E+00
 0.41732612163759E+00
 0.41893764143975E+00
 0.42049959708638E+00
 0.42201375692990E+00
 0.42348182703275E+00
 0.42490546069004E+00
 0.42628625293283E+00
 0.42762574564096E+00
 0.42892542466996E+00
 0.43018672236343E+00
 0.43141101841329E+00
 0.43259964294298E+00
 0.43375387392008E+00
 0.43487494198809E+00
 0.43596403185104E+00
 0.43702228101979E+00
 0.43805078396944E+00
 0.43905059233134E+00
 0.44002271674003E+00
 0.44096812829057E+00
 0.44188776087032E+00
 0.44278251079290E+00
 0.44365323879111E+00
 0.44450077331992E+00
 0.44532590948646E+00
 0.44612941052236E+00
 0.44691201074377E+00
 0.44767441559260E+00
 0.44841730262797E+00
 0.44914132355384E+00
 0.44984710399428E+00
 0.45053524549641E+00
 0.45120632688103E+00
 0.45186090411740E+00
 0.45249951265850E+00
 0.45312266501151E+00
 0.45373085768002E+00
 0.45432456609274E+00
 0.45490424809809E+00
 0.45547034432614E+00
 0.45602327900673E+00
 0.45656346061852E+00
 0.45709128222966E+00
 0.45760712240338E+00
 0.45811134568755E+00
 0.45860430368713E+00
 0.45908633455322E+00
 0.45955776476858E+00
 0.46001890885566E+00
 0.46047006982932E+00
 0.46091153999873E+00
 0.46134360145825E+00
 0.46176652591860E+00
 0.46218057589487E+00
 0.46258600478590E+00
 0.46298305687882E+00
 0.46337196811217E+00
 0.46375296622183E+00
 0.46412627164295E+00
 0.46449209661069E+00
 0.46485064654247E+00
 0.46520211988938E+00
 0.46554670872362E+00
 0.46588459784272E+00
 0.46621596735733E+00
 0.46654098975868E+00
 0.46685983292870E+00
 0.46717265999969E+00
 0.46747962685914E+00
 0.46778088560936E+00
 0.46807658384733E+00
 0.46836686355005E+00
 0.46865186259693E+00
 0.46893171440675E+00
 0.46920654849630E+00
 0.46947649029820E+00
 0.46974166103644E+00
 0.47000217831430E+00
