-0.00000000000000E+00
-0.44441287912260E-04
-0.24523510693402E-02
-0.31130448829691E-01
-0.95508906522807E+00
-0.21336437398416E+01
-0.26728296854956E+01
-0.61974439891145E+01
-0.13248420620343E+02
-0.25279687287463E+02
-0.43395395868887E+02
-0.66030563917960E+02
-0.94517279985386E+02
-0.12058222597638E+03
-0.13190245627760E+03
-0.10998136949600E+03
-0.22318479431410E+02
 0.16667963194975E+03
 0.51181660476823E+03
 0.10804768367496E+04
 0.19529421933889E+04
 0.32231237674244E+04
 0.50033050786418E+04
 0.74144838871397E+04
 0.10595586920653E+05
 0.14692775566124E+05
 0.19868228124041E+05
 0.26287255157264E+05
 0.34123478055196E+05
 0.43560347733993E+05
 0.54779194065849E+05
 0.67957088324426E+05
 0.83274153217828E+05
 0.10090563306530E+06
 0.12102059983124E+06
 0.14378853388199E+06
 0.16935969872795E+06
 0.19788518660988E+06
 0.22950028147586E+06
 0.26433685169168E+06
 0.30251922321469E+06
 0.34416467244105E+06
 0.38938038758913E+06
 0.43827219090162E+06
 0.49094138144348E+06
 0.54748927259785E+06
 0.60801152881577E+06
 0.67260925888344E+06
 0.74138445776793E+06
 0.81444415824949E+06
 0.89190564671145E+06
 0.97388836363056E+06
 0.10605267063728E+07
 0.11519666989920E+07
 0.12483649562364E+07
 0.13498934950020E+07
 0.14567453836740E+07
 0.15691237993837E+07
 0.16872646856743E+07
 0.18114096765631E+07
 0.19418347290382E+07
 0.20788297498338E+07
 0.22227199736903E+07
 0.23738510300467E+07
 0.25325910137065E+07
 0.26993493824611E+07
 0.28745535064190E+07
 0.30586680830456E+07
 0.32521877459532E+07
 0.34556426292780E+07
 0.36695968412936E+07
 0.38946524310351E+07
 0.41314472789774E+07
 0.43806592164524E+07
 0.46430064728449E+07
 0.49192518067490E+07
 0.52101974653786E+07
 0.55166943854835E+07
 0.58396436832647E+07
 0.61799938655548E+07
 0.65387470881662E+07
 0.69169531535943E+07
 0.73157218936632E+07
 0.77362263138859E+07
 0.81796950155453E+07
 0.86475454088466E+07
 0.91409260850127E+07
 0.96613700782383E+07
 0.10210385974075E+08
 0.10789563227082E+08
 0.11400561205480E+08
 0.12045134836941E+08
 0.12725126862150E+08
 0.13442474530034E+08
 0.14199207678310E+08
 0.14997459127210E+08
 0.15839473744293E+08
 0.16727609114866E+08
 0.17664339654923E+08
 0.18652259836353E+08
 0.19694105151620E+08
 0.20792738663627E+08
 0.21951165818573E+08
 0.23172551372971E+08
 0.24460199898173E+08
 0.25817593528480E+08
 0.27248380477961E+08
 0.28756388746637E+08
 0.30345631334284E+08
 0.32020321016335E+08
 0.33784866217741E+08
 0.35643895682921E+08
 0.37602254098399E+08
 0.39665012988296E+08
 0.41837485738705E+08
 0.44125234964484E+08
 0.46534076526217E+08
 0.49070087921249E+08
 0.51739635304328E+08
 0.54549343025736E+08
 0.57506151160393E+08
 0.60617464904494E+08
 0.63890470006583E+08
 0.67333176319154E+08
 0.70953761190321E+08
 0.74760718756731E+08
 0.78762875735935E+08
 0.82969394053910E+08
 0.87389781603826E+08
 0.92033875551478E+08
 0.96911865677412E+08
 0.10203428500227E+09
 0.10741200101146E+09
 0.11305623153035E+09
 0.11897851860584E+09
 0.12519073771465E+09
 0.13170510110350E+09
 0.13853412013182E+09
 0.14569061558045E+09
 0.15318770806517E+09
 0.16103879969889E+09
 0.16925758335317E+09
 0.17785800098887E+09
 0.18685424210861E+09
 0.19626074464538E+09
 0.20609217115694E+09
 0.21636337533872E+09
 0.22708943774550E+09
 0.23828560797560E+09
 0.24996732776056E+09
 0.26215016096767E+09
 0.27484983717310E+09
 0.28808226097952E+09
 0.30186340895990E+09
 0.31620953647688E+09
 0.33113670515062E+09
 0.34666129939714E+09
 0.36279975624997E+09
 0.37956866171237E+09
 0.39698456365648E+09
 0.41506422359184E+09
 0.43382434812280E+09
 0.45328178043134E+09
 0.47345342345743E+09
 0.49435621355509E+09
 0.51600717555956E+09
 0.53842338876580E+09
 0.56162197983963E+09
 0.58562014701880E+09
 0.61043514251703E+09
 0.63608422487168E+09
 0.66258479639979E+09
 0.68995428834963E+09
 0.71821022928627E+09
 0.74737018171650E+09
 0.77745181042382E+09
 0.80847290194017E+09
 0.84045132052470E+09
 0.87340503524850E+09
 0.90735210368389E+09
 0.94231075453062E+09
 0.97829933689957E+09
 0.10153363235129E+10
 0.10534403277665E+10
 0.10926300082781E+10
 0.11329242319543E+10
 0.11743419809456E+10
 0.12169025224275E+10
 0.12606250554276E+10
 0.13055288863127E+10
 0.13516336577332E+10
 0.13989589004353E+10
 0.14475243289999E+10
 0.14973498228686E+10
 0.15484553208389E+10
 0.16008608883058E+10
 0.16545866270327E+10
 0.17096528499974E+10
 0.17660797921779E+10
 0.18238879731409E+10
 0.18830978756198E+10
 0.19437300748353E+10
 0.20058052672230E+10
 0.20693442149094E+10
 0.21343678055530E+10
 0.22008969853387E+10
 0.22689528097286E+10
 0.23385563924346E+10
 0.24097289847059E+10
 0.24824918376670E+10
 0.25568663030362E+10
 0.26328739793313E+10
 0.27105364973338E+10
 0.27898754275237E+10
 0.28709124436256E+10
 0.29536696928356E+10
 0.30381688872663E+10
 0.31244321692990E+10
 0.32124816719059E+10
 0.33023396527898E+10
 0.33940283774040E+10
 0.34875703005964E+10
 0.35829879631812E+10
 0.36803040613229E+10
 0.37795411833261E+10
 0.38807222183998E+10
 0.39838700580132E+10
 0.40890076951264E+10
 0.41961582025682E+10
 0.43053447949950E+10
 0.44165907128612E+10
 0.45299193429877E+10
 0.46453541487344E+10
 0.47629186837192E+10
 0.48826365994375E+10
 0.50045316068092E+10
 0.51286275901945E+10
 0.52549484161863E+10
 0.53835181584619E+10
 0.55143608941273E+10
 0.56475007826990E+10
 0.57829621444889E+10
 0.59207693882712E+10
 0.60609469298447E+10
 0.62035193079527E+10
 0.63485112397800E+10
 0.64959474058652E+10
 0.66458526426198E+10
 0.67982518342368E+10
 0.69531700212378E+10
 0.71106323002076E+10
 0.72706638330898E+10
 0.74332898933272E+10
 0.75985358140386E+10
 0.77664270718407E+10
 0.79369891605245E+10
 0.81102477850472E+10
 0.82862284383529E+10
 0.84649571367171E+10
 0.86464596776871E+10
 0.88307620324037E+10
 0.90178902282527E+10
 0.92078704314139E+10
 0.94007288797128E+10
 0.95964919043196E+10
 0.97951858448052E+10
 0.99968372177030E+10
 0.10201472639023E+11
 0.10409118684301E+11
 0.10619802183807E+11
 0.10833549941108E+11
 0.11050388910652E+11
 0.11270346044887E+11
 0.11493448478607E+11
 0.11719723336592E+11
 0.11949197944533E+11
 0.12181899630441E+11
 0.12417855860215E+11
 0.12657094131237E+11
 0.12899642021991E+11
 0.13145527320123E+11
 0.13394777757785E+11
 0.13647421228329E+11
 0.13903485670383E+11
 0.14162999158719E+11
 0.14425989776528E+11
 0.14692485850687E+11
 0.14962515521605E+11
 0.15236107228479E+11
 0.15513289670850E+11
 0.15794091104402E+11
 0.16078540252512E+11
 0.16366665986378E+11
 0.16658497030188E+11
 0.16954062334432E+11
 0.17253390807647E+11
 0.17556511617354E+11
 0.17863453960061E+11
 0.18174247053476E+11
 0.18488920211543E+11
