 0.26482300296472E+01
 0.26482300296430E+01
 0.26482300295409E+01
 0.26482300288623E+01
 0.26482300262642E+01
 0.26482300202198E+01
 0.26482300089857E+01
 0.26482299899724E+01
 0.26482299646144E+01
 0.26482299431219E+01
 0.26482299556176E+01
 0.26482300666411E+01
 0.26482303884973E+01
 0.26482310975183E+01
 0.26482324414483E+01
 0.26482347439683E+01
 0.26482384054081E+01
 0.26482438953330E+01
 0.26482517492597E+01
 0.26482625564100E+01
 0.26482769513585E+01
 0.26482955975408E+01
 0.26483191828754E+01
 0.26483484228640E+01
 0.26483840271204E+01
 0.26484266975990E+01
 0.26484771462774E+01
 0.26485360751676E+01
 0.26486041753286E+01
 0.26486821267605E+01
 0.26487705656259E+01
 0.26488701758956E+01
 0.26489815686232E+01
 0.26491052746107E+01
 0.26492420114115E+01
 0.26493921451598E+01
 0.26495563489500E+01
 0.26497350646408E+01
 0.26499287528194E+01
 0.26501378296924E+01
 0.26503626736632E+01
 0.26506036178643E+01
 0.26508609462923E+01
 0.26511348913694E+01
 0.26514256280416E+01
 0.26517332709465E+01
 0.26520578681938E+01
 0.26523993998039E+01
 0.26527577721528E+01
 0.26531328153756E+01
 0.26535242792157E+01
 0.26539318286413E+01
 0.26543550421443E+01
 0.26547934074895E+01
 0.26552463211699E+01
 0.26557130835937E+01
 0.26561928875047E+01
 0.26566848137618E+01
 0.26571878968793E+01
 0.26577010011830E+01
 0.26582229121266E+01
 0.26587523038168E+01
 0.26592877442085E+01
 0.26598276885736E+01
 0.26603704763037E+01
 0.26609143393856E+01
 0.26614573948881E+01
 0.26619976509541E+01
 0.26625329970472E+01
 0.26630612130596E+01
 0.26635799570383E+01
 0.26640867761255E+01
 0.26645791016941E+01
 0.26650542484943E+01
 0.26655094150448E+01
 0.26659416862900E+01
 0.26663480313129E+01
 0.26667253040472E+01
 0.26670702527856E+01
 0.26673794581919E+01
 0.26676494310379E+01
 0.26678765514915E+01
 0.26680570798128E+01
 0.26681871565584E+01
 0.26682627992613E+01
 0.26682787453676E+01
 0.26682328675614E+01
 0.26681198241582E+01
 0.26679351215223E+01
 0.26676741521632E+01
 0.26673321637937E+01
 0.26669042684613E+01
 0.26663854454154E+01
 0.26657705433077E+01
 0.26650542135962E+01
 0.26642310455264E+01
 0.26632954414254E+01
 0.26622416487779E+01
 0.26610637701382E+01
 0.26597557515427E+01
 0.26583113861710E+01
 0.26567243289112E+01
 0.26549880369961E+01
 0.26530958016516E+01
 0.26510407700422E+01
 0.26488159341258E+01
 0.26464140835068E+01
 0.26438278527772E+01
 0.26410497207943E+01
 0.26380719949703E+01
 0.26348868126658E+01
 0.26314861625953E+01
 0.26278618631942E+01
 0.26240055808404E+01
 0.26199089212683E+01
 0.26155632230125E+01
 0.26109597850540E+01
 0.26060898215927E+01
 0.26009443914301E+01
 0.25955145897905E+01
 0.25897913095969E+01
 0.25837640511627E+01
 0.25774265484450E+01
 0.25707685413844E+01
 0.25637810272973E+01
 0.25564552564328E+01
 0.25487826113319E+01
 0.25407545238268E+01
 0.25323628206754E+01
 0.25235996357170E+01
 0.25144574042042E+01
 0.25049289973919E+01
 0.24950078001803E+01
 0.24846876723858E+01
 0.24739631255354E+01
 0.24628293669220E+01
 0.24512822574507E+01
 0.24393184866832E+01
 0.24269355600140E+01
 0.24141318915667E+01
 0.24009068034910E+01
 0.23872605692438E+01
 0.23731944448403E+01
 0.23587107514685E+01
 0.23438128011145E+01
 0.23285048426602E+01
 0.23127922454017E+01
 0.22966812469778E+01
 0.22801791028069E+01
 0.22632939091323E+01
 0.22460346636419E+01
 0.22284112100531E+01
 0.22104340837696E+01
 0.21921146292987E+01
 0.21734633872774E+01
 0.21544951368851E+01
 0.21352219479363E+01
 0.21156571026874E+01
 0.20958145119252E+01
 0.20757085504216E+01
 0.20553536271426E+01
 0.20347648452922E+01
 0.20139575651157E+01
 0.19929473217367E+01
 0.19717502507107E+01
 0.19503822426148E+01
 0.19288604092383E+01
 0.19072018014498E+01
 0.18854241208025E+01
 0.18635453126283E+01
 0.18415840874982E+01
 0.18195595039065E+01
 0.17974912761268E+01
 0.17753996074513E+01
 0.17533053567635E+01
 0.17312298867296E+01
 0.17091947351272E+01
 0.16872219217783E+01
 0.16653336779474E+01
 0.16435523648503E+01
 0.16218995231725E+01
 0.16003973157383E+01
 0.15790667190460E+01
 0.15579284888178E+01
 0.15370018002806E+01
 0.15163052610490E+01
 0.14958560055443E+01
 0.14756697982465E+01
 0.14557609712513E+01
 0.14361427178957E+01
 0.14168254487214E+01
 0.13978192410138E+01
 0.13791323217376E+01
 0.13607713615781E+01
 0.13427416719535E+01
 0.13250473265842E+01
 0.13076910421978E+01
 0.12906745271748E+01
 0.12739985319685E+01
 0.12576626289089E+01
 0.12416662499256E+01
 0.12260075409000E+01
 0.12106841744316E+01
 0.11956933504270E+01
 0.11810318091518E+01
 0.11666959204180E+01
 0.11526817599756E+01
 0.11389850641863E+01
 0.11256013406162E+01
 0.11125260941976E+01
 0.10997545856257E+01
 0.10872817839506E+01
 0.10751028356336E+01
 0.10632128181345E+01
 0.10516067333399E+01
 0.10402795243938E+01
 0.10292261345344E+01
 0.10184415505767E+01
 0.10079207517630E+01
 0.99765892757042E+00
 0.98765090313998E+00
 0.97789192340608E+00
 0.96837716925794E+00
 0.95910185630338E+00
 0.95006127735778E+00
 0.94125077381414E+00
 0.93266576737549E+00
 0.92430173564494E+00
 0.91615422448862E+00
 0.90821884800772E+00
 0.90049128904544E+00
 0.89296730011345E+00
 0.88564273557713E+00
 0.87851344668168E+00
 0.87157542346229E+00
 0.86482470243333E+00
 0.85825737393917E+00
 0.85186961432125E+00
 0.84565766278156E+00
 0.83961784418287E+00
 0.83374651807947E+00
 0.82804015343774E+00
 0.82249522294297E+00
 0.81710831246488E+00
 0.81187606918146E+00
 0.80679518417262E+00
 0.80186241664215E+00
 0.79707459791146E+00
 0.79242861245953E+00
 0.78792140012788E+00
 0.78354995661703E+00
 0.77931133433439E+00
 0.77520267018885E+00
 0.77122114141275E+00
 0.76736395588436E+00
 0.76362841103181E+00
 0.76001184212848E+00
 0.75651162126851E+00
 0.75312520118022E+00
 0.74985006656927E+00
 0.74668375889762E+00
 0.74362386249837E+00
 0.74066802263550E+00
 0.73781390855405E+00
 0.73505925613940E+00
 0.73240184015297E+00
 0.72983948245282E+00
 0.72737003837225E+00
 0.72499142129717E+00
 0.72270157480647E+00
 0.72049848923854E+00
 0.71838019538118E+00
 0.71634476582866E+00
 0.71439030754926E+00
 0.71251496749344E+00
 0.71071693051626E+00
 0.70899442601122E+00
 0.70734570665086E+00
 0.70576906683833E+00
 0.70426282955160E+00
 0.70282537242839E+00
 0.70145508680296E+00
 0.70015039614226E+00
 0.69890976772636E+00
 0.69773170840526E+00
 0.69661471474276E+00
 0.69555736966899E+00
 0.69455824670316E+00
 0.69361595519548E+00
 0.69272915344786E+00
 0.69189650743359E+00
 0.69111671045087E+00
 0.69038850372402E+00
 0.68971062722350E+00
 0.68908186724958E+00
 0.68850102557081E+00
 0.68796693625253E+00
 0.68747845301600E+00
 0.68703445363894E+00
 0.68663383589458E+00
