 0.10963120135019E+01
 0.10963120131949E+01
 0.10963120098811E+01
 0.10963119959204E+01
 0.10963119580722E+01
 0.10963118780497E+01
 0.10963117329475E+01
 0.10963114964922E+01
 0.10963111453546E+01
 0.10963106725916E+01
 0.10963101104744E+01
 0.10963095590068E+01
 0.10963092132835E+01
 0.10963093853661E+01
 0.10963105142990E+01
 0.10963131649606E+01
 0.10963180168551E+01
 0.10963258436728E+01
 0.10963374897954E+01
 0.10963538431948E+01
 0.10963758088505E+01
 0.10964042846887E+01
 0.10964401398316E+01
 0.10964841951891E+01
 0.10965372112902E+01
 0.10965998763486E+01
 0.10966727973954E+01
 0.10967564955286E+01
 0.10968514037650E+01
 0.10969578663143E+01
 0.10970761401220E+01
 0.10972063957193E+01
 0.10973487223612E+01
 0.10975031319174E+01
 0.10976695610126E+01
 0.10978478822150E+01
 0.10980379016145E+01
 0.10982393709828E+01
 0.10984519899444E+01
 0.10986754130369E+01
 0.10989092547962E+01
 0.10991530952891E+01
 0.10994064850180E+01
 0.10996689504027E+01
 0.10999399982800E+01
 0.11002191205070E+01
 0.11005057977481E+01
 0.11007995038617E+01
 0.11010997091194E+01
 0.11014058836947E+01
 0.11017175008067E+01
 0.11020340386771E+01
 0.11023549837556E+01
 0.11026798325275E+01
 0.11030080929315E+01
 0.11033392864065E+01
 0.11036729508224E+01
 0.11040086405632E+01
 0.11043459227277E+01
 0.11046843876041E+01
 0.11050236423914E+01
 0.11053633132453E+01
 0.11057030462831E+01
 0.11060425074043E+01
 0.11063813816531E+01
 0.11067193756140E+01
 0.11070562165936E+01
 0.11073916496950E+01
 0.11077254406815E+01
 0.11080573745710E+01
 0.11083872561295E+01
 0.11087149088841E+01
 0.11090401748469E+01
 0.11093629140947E+01
 0.11096830043410E+01
 0.11100003411777E+01
 0.11103148365137E+01
 0.11106264183077E+01
 0.11109350297570E+01
 0.11112406340740E+01
 0.11115432044781E+01
 0.11118427311615E+01
 0.11121392176191E+01
 0.11124326811567E+01
 0.11127231525137E+01
 0.11130107098599E+01
 0.11132953451959E+01
 0.11135771566076E+01
 0.11138562242610E+01
 0.11141326386587E+01
 0.11144065018870E+01
 0.11146779278489E+01
 0.11149470386863E+01
 0.11152139645027E+01
 0.11154788547613E+01
 0.11157418598879E+01
 0.11160031422239E+01
 0.11162628739776E+01
 0.11165212356279E+01
 0.11167784164082E+01
 0.11170346118849E+01
 0.11172900276085E+01
 0.11175448782082E+01
 0.11177993865441E+01
 0.11180537820433E+01
 0.11183083014604E+01
 0.11185631896202E+01
 0.11188186980697E+01
 0.11190750847125E+01
 0.11193326143081E+01
 0.11195915576392E+01
 0.11198521911903E+01
 0.11201147978845E+01
 0.11203796638822E+01
 0.11206470776925E+01
 0.11209173355000E+01
 0.11211907350882E+01
 0.11214675742111E+01
 0.11217481568079E+01
 0.11220327751616E+01
 0.11223217331209E+01
 0.11226153786648E+01
 0.11229139129401E+01
 0.11232176610535E+01
 0.11235269049641E+01
 0.11238419122352E+01
 0.11241629342745E+01
 0.11244902213163E+01
 0.11248239953181E+01
 0.11251644594167E+01
 0.11255117951513E+01
 0.11258661561405E+01
 0.11262276659258E+01
 0.11265964136351E+01
 0.11269724503602E+01
 0.11273557798466E+01
 0.11277463667565E+01
 0.11281441225340E+01
 0.11285489027369E+01
 0.11289605021607E+01
 0.11293786555911E+01
 0.11298030283751E+01
 0.11302332148894E+01
 0.11306687328648E+01
 0.11311090181722E+01
 0.11315534321985E+01
 0.11320012442043E+01
 0.11324516396770E+01
 0.11329037067506E+01
 0.11333564509562E+01
 0.11338087788705E+01
 0.11342594954780E+01
 0.11347073132566E+01
 0.11351508276720E+01
 0.11355885954525E+01
 0.11360189772376E+01
 0.11364402699506E+01
 0.11368507128765E+01
 0.11372483963230E+01
 0.11376313224260E+01
 0.11379974042411E+01
 0.11383444441469E+01
 0.11386701497464E+01
 0.11389721516944E+01
 0.11392479864175E+01
 0.11394951390633E+01
 0.11397109990777E+01
 0.11398929260905E+01
 0.11400382416561E+01
 0.11401442626841E+01
 0.11402083050166E+01
 0.11402277385927E+01
 0.11401999975937E+01
 0.11401226344646E+01
 0.11399933424731E+01
 0.11398100017699E+01
 0.11395707430793E+01
 0.11392739596840E+01
 0.11389183731317E+01
 0.11385030583329E+01
 0.11380275000507E+01
 0.11374915807924E+01
 0.11368956343360E+01
 0.11362404368863E+01
 0.11355272351873E+01
 0.11347576897995E+01
 0.11339338807499E+01
 0.11330582589577E+01
 0.11321336298630E+01
 0.11311631095034E+01
 0.11301500043036E+01
 0.11290978575371E+01
 0.11280103334180E+01
 0.11268911566631E+01
 0.11257440881104E+01
 0.11245728683122E+01
 0.11233811683437E+01
 0.11221725475779E+01
 0.11209504451666E+01
 0.11197181173255E+01
 0.11184786762771E+01
 0.11172350109847E+01
 0.11159898144957E+01
 0.11147455748749E+01
 0.11135045719608E+01
 0.11122688802083E+01
 0.11110403723560E+01
 0.11098207298288E+01
 0.11086114467298E+01
 0.11074138458069E+01
 0.11062290871343E+01
 0.11050581793862E+01
 0.11039019830379E+01
 0.11027612305763E+01
 0.11016365384632E+01
 0.11005284127944E+01
 0.10994372555145E+01
 0.10983633840451E+01
 0.10973070340746E+01
 0.10962683751615E+01
 0.10952474923884E+01
 0.10942444310571E+01
 0.10932591794845E+01
 0.10922916845992E+01
 0.10913418476573E+01
 0.10904095376027E+01
 0.10894945976021E+01
 0.10885968366496E+01
 0.10877160476891E+01
 0.10868520013106E+01
 0.10860044534197E+01
 0.10851731470553E+01
 0.10843578127407E+01
 0.10835581731425E+01
 0.10827739444648E+01
 0.10820048366032E+01
 0.10812505549043E+01
 0.10805108055123E+01
 0.10797852887833E+01
 0.10790737080836E+01
 0.10783757670918E+01
 0.10776911708979E+01
 0.10770196239777E+01
 0.10763608365801E+01
 0.10757145227588E+01
 0.10750803964997E+01
 0.10744581781534E+01
 0.10738475932796E+01
 0.10732483699419E+01
 0.10726602417371E+01
 0.10720829473922E+01
 0.10715162294509E+01
 0.10709598374970E+01
 0.10704135260417E+01
 0.10698770536182E+01
 0.10693501850046E+01
 0.10688326878716E+01
 0.10683243441766E+01
 0.10678249276570E+01
 0.10673342259737E+01
 0.10668520303976E+01
 0.10663781368522E+01
 0.10659123461199E+01
 0.10654544635693E+01
 0.10650043012131E+01
 0.10645616741215E+01
 0.10641264031466E+01
 0.10636983133004E+01
 0.10632772342559E+01
 0.10628630000162E+01
 0.10624554487744E+01
 0.10620544235493E+01
 0.10616597708423E+01
 0.10612713413664E+01
 0.10608889910289E+01
 0.10605125783547E+01
 0.10601419645746E+01
 0.10597770169429E+01
 0.10594176049399E+01
 0.10590636022932E+01
 0.10587148845217E+01
 0.10583713320036E+01
 0.10580328284906E+01
 0.10576992596267E+01
 0.10573705133720E+01
 0.10570464855522E+01
 0.10567270669840E+01
 0.10564121593121E+01
 0.10561016627696E+01
 0.10557954768510E+01
 0.10554935113593E+01
 0.10551956742143E+01
 0.10549018736444E+01
 0.10546120250517E+01
 0.10543260435522E+01
 0.10540438467121E+01
 0.10537653539462E+01
 0.10534904862182E+01
 0.10532191688163E+01
 0.10529513278433E+01
