 0.00000000000000E+00
 0.16369382275589E-24
 0.18641114388577E-22
 0.23608799225638E-22
 0.53185902895518E-20
 0.59683044442413E-20
 0.48350820814107E-20
 0.82347491699026E-20
 0.34382805912254E-19
 0.40614689483850E-19
 0.50988138313058E-19
 0.10919227033853E-18
 0.12348055777141E-18
 0.12800256741136E-11
-0.21952645245599E-11
 0.11890820878750E-11
-0.83371777931177E-11
-0.10392305039520E-10
-0.35136120965799E-11
-0.31871835501729E-11
-0.32477227567824E-10
 0.70118847158264E-11
-0.56833373409454E-09
 0.14936411846845E-08
-0.59581434790503E-08
-0.31150332506233E-06
-0.11740137120052E-05
 0.91648260133688E-06
 0.16740803778874E-05
-0.51245805911271E-06
-0.11775295861743E-06
-0.25029352939272E-06
 0.10066516548041E-05
-0.11368346382068E-05
-0.82237689986746E-06
 0.13653934132041E-06
 0.61212125796808E-07
 0.51006173056144E-06
 0.43939824855292E-06
 0.13171634119268E-06
 0.95513659362733E-06
 0.45430464338972E-06
 0.11070055066399E-05
 0.73793406890060E-07
 0.95173760881423E-06
-0.78678459240211E-06
 0.96337221289561E-06
 0.16726401078714E-05
 0.30097169044443E-06
 0.79028107760019E-07
 0.84307341531458E-06
 0.27107985275471E-05
 0.25490790565123E-05
 0.30983686301085E-05
 0.27906318844102E-05
 0.28443788744187E-05
 0.51431042882262E-05
 0.58684768118860E-05
 0.82785694721657E-05
 0.89501772451325E-05
 0.11861477206825E-04
 0.14113027068710E-04
 0.17304491144664E-04
 0.21066226973653E-04
 0.25016261805443E-04
 0.30726897333747E-04
 0.38158075466881E-04
 0.42176963194660E-04
 0.50259092034805E-04
 0.58877326076525E-04
 0.70115381899449E-04
 0.80831398278002E-04
 0.94788430681863E-04
 0.10870597573813E-03
 0.12539081835517E-03
 0.14174786421336E-03
 0.16093532375376E-03
 0.18049306586402E-03
 0.20484945028805E-03
 0.23138483717647E-03
 0.26999989914065E-03
 0.28068524637849E-03
 0.35723743139830E-03
 0.30465356161190E-03
 0.40537950530125E-03
 0.44591339372505E-03
 0.49229106444743E-03
 0.54239249540877E-03
 0.59538591337926E-03
 0.65299134401210E-03
 0.71664611957515E-03
 0.78381616060929E-03
 0.85505828628308E-03
 0.93144168366117E-03
 0.10129954772827E-02
 0.10997963967376E-02
 0.11917924305709E-02
 0.12898253474344E-02
 0.13926240460753E-02
 0.15024155058342E-02
 0.16180684109989E-02
 0.17412171041844E-02
 0.18693047543577E-02
 0.20056237162291E-02
 0.21495105911882E-02
 0.22986245792497E-02
 0.24573983945032E-02
 0.26232523133856E-02
 0.27979849432523E-02
 0.29798803574495E-02
 0.31707086730900E-02
 0.33710839560259E-02
 0.35798458158829E-02
 0.37970875072427E-02
 0.40244994028683E-02
 0.42486617156265E-02
 0.45146243893412E-02
 0.47484219463917E-02
 0.50804785311479E-02
 0.52858714193454E-02
 0.55957855531580E-02
 0.58919536888774E-02
 0.62018160164660E-02
 0.65155175494096E-02
 0.68478671237889E-02
 0.71895054620800E-02
 0.75353516430962E-02
 0.78953902286014E-02
 0.82657201791971E-02
 0.86441431553123E-02
 0.90335702003653E-02
 0.94292479887453E-02
 0.98348323872858E-02
 0.10247242689728E-01
 0.10668102695643E-01
 0.11093029873625E-01
 0.11525322296499E-01
 0.11961075171579E-01
 0.12400529525887E-01
 0.12841193583461E-01
 0.13285477233252E-01
 0.13724633437506E-01
 0.14168912293688E-01
 0.14608698031590E-01
 0.15041781373013E-01
 0.15478519870255E-01
 0.15900997536135E-01
 0.16284895437175E-01
 0.16700145517984E-01
 0.17135303677623E-01
 0.17525003511677E-01
 0.17830536864323E-01
 0.18174977039882E-01
 0.18523511364190E-01
 0.18844533852220E-01
 0.19143627686732E-01
 0.19433782360444E-01
 0.19669784446242E-01
 0.19910969222590E-01
 0.20110867801684E-01
 0.20293678544791E-01
 0.20441682811438E-01
 0.20563941693264E-01
 0.20664086925153E-01
 0.20732630144075E-01
 0.20768183226223E-01
 0.20764916707310E-01
 0.20754498805810E-01
 0.20707349362158E-01
 0.20615844499623E-01
 0.20492283952102E-01
 0.20340881705973E-01
 0.20174671376079E-01
 0.19977522871027E-01
 0.19757578317529E-01
 0.19488985504996E-01
 0.19205669939660E-01
 0.18927975324399E-01
 0.18630277310619E-01
 0.18289882709911E-01
 0.17974400775433E-01
 0.17640921116782E-01
 0.17269965909618E-01
 0.16926554215010E-01
 0.16589977714742E-01
 0.16240149199443E-01
 0.15913507083439E-01
 0.15556648076897E-01
 0.15257597543725E-01
 0.14906377024221E-01
 0.14590201685053E-01
 0.14284504443166E-01
 0.13995462464706E-01
 0.13707381187351E-01
 0.13430328708661E-01
 0.13157831889270E-01
 0.12904735989051E-01
 0.12651048768870E-01
 0.12412617451381E-01
 0.12182241484537E-01
 0.11947495341431E-01
 0.11732113980237E-01
 0.11539465523868E-01
 0.11342792195169E-01
 0.11152073047833E-01
 0.10955251782980E-01
 0.10765687711015E-01
 0.10586485759202E-01
 0.10443664594056E-01
 0.10299999756032E-01
 0.10123700833222E-01
 0.99317517696591E-02
 0.98162523605482E-02
 0.96995996202287E-02
 0.95535926513414E-02
 0.94074171016440E-02
 0.92940577839346E-02
 0.91674421785009E-02
 0.90457323134752E-02
 0.89341883223569E-02
 0.88118677564631E-02
 0.87196573885214E-02
 0.85975473872113E-02
 0.85066591360343E-02
 0.84081949276810E-02
 0.83058938496887E-02
 0.82145165621352E-02
 0.81252728080029E-02
 0.80346497443224E-02
 0.79489134639885E-02
 0.78652281246698E-02
 0.77830310936993E-02
 0.77041029250021E-02
 0.76303236548038E-02
 0.75547605537477E-02
 0.74865626616447E-02
 0.74185752373483E-02
 0.73503844016591E-02
 0.72719632008542E-02
 0.72051190065524E-02
 0.71519515504547E-02
 0.70796101451579E-02
 0.70135972086051E-02
 0.69648937315224E-02
 0.69060987295062E-02
 0.68485814145611E-02
 0.67876785857669E-02
 0.67371654891818E-02
 0.66865449566844E-02
 0.66284110002751E-02
 0.65776582104954E-02
 0.65260280633099E-02
 0.64818187011015E-02
 0.64298914863163E-02
 0.63881577062591E-02
 0.63437737243697E-02
 0.63022935395917E-02
 0.62395114657415E-02
 0.62150657058330E-02
 0.61643027708577E-02
 0.61232397184387E-02
 0.60928333612800E-02
 0.60396539213044E-02
 0.60020875189115E-02
 0.59671244935693E-02
 0.59345495233070E-02
 0.58983405347572E-02
 0.58614001262436E-02
 0.58230612954443E-02
 0.57863373593198E-02
 0.57416216619500E-02
 0.57117486031167E-02
 0.56832687442206E-02
 0.56587266437278E-02
 0.56314648325167E-02
 0.55970624366329E-02
 0.55592209407100E-02
 0.55251661738640E-02
 0.55036094177990E-02
 0.54741497098962E-02
 0.54453054162833E-02
 0.54141348499341E-02
 0.53850462961404E-02
 0.53598050444023E-02
 0.53334122866969E-02
 0.53041021584818E-02
 0.52733852369408E-02
 0.52625319143480E-02
 0.52189256215042E-02
 0.51986684979846E-02
 0.51796397029090E-02
 0.51587751795371E-02
 0.51307064653796E-02
 0.51053127063208E-02
 0.50824736657679E-02
 0.50628550550551E-02
 0.50523080152790E-02
 0.50213286404741E-02
 0.49910089549050E-02
 0.49684897792247E-02
