 0.35779898798956+250
 0.59816299709936+120
 0.32951834731116E+77
 0.77340930448699E+55
 0.81419203594133E+42
 0.18152559865926E+34
 0.11997418551075E+28
 0.27809889226846E+23
 0.69069232874074E+19
 0.90230022210531E+16
 0.39424497364638E+14
 0.42603062638167E+12
 0.92388928823772E+10
 0.34631965232980E+09
 0.20112763692735E+08
 0.16670434944488E+07
 0.18519720992193E+06
 0.26261805156541E+05
 0.45737447134749E+04
 0.94859191343585E+03
 0.22850793159447E+03
 0.62641663546991E+02
 0.19214730023859E+02
 0.65028669789540E+01
 0.23996232441385E+01
 0.95588674808584E+00
 0.40756416374916E+00
 0.18464656780178E+00
 0.88330190722358E-01
 0.16571003086840E+05
 0.87008665580999E+04
 0.87582378682133E+04
 0.49638488369675E+04
 0.49867462058040E+04
 0.38543420485170E+04
 0.30219206746466E+04
 0.24006396393137E+04
 0.19303847088004E+04
 0.15697852194067E+04
 0.12899163815340E+04
 0.10702560037443E+04
 0.89604235662696E+03
 0.75652076226984E+03
 0.64376146366717E+03
 0.55185162761596E+03
 0.47633569290689E+03
 0.41382252606756E+03
 0.36170716769310E+03
 0.31797087350754E+03
 0.28103614452565E+03
 0.24966048268312E+03
 0.22285803347916E+03
 0.19984101660163E+03
 0.17997572415069E+03
 0.16274911311903E+03
 0.14774333800019E+03
 0.13461611507849E+03
 0.12308545928413E+03
 0.11291802584533E+03
 0.10391955840165E+03
 0.95927619847045E+02
 0.88805845915998E+02
 0.82439220048137E+02
 0.76730273311835E+02
 0.71596117738304E+02
 0.66965991603190E+02
 0.62779238651647E+02
 0.58983740400447E+02
 0.55534496157817E+02
 0.52392562898593E+02
 0.49524125585772E+02
 0.46899705425860E+02
 0.44493554713579E+02
 0.42283152713379E+02
 0.40248684175259E+02
 0.38372703585503E+02
 0.36639785883388E+02
 0.35036316695859E+02
 0.33550193193745E+02
 0.32170656149537E+02
 0.30888111687187E+02
 0.29693993376984E+02
 0.28580628422954E+02
 0.27541135480309E+02
 0.26572069921479E+02
 0.25662495916278E+02
 0.24810021672650E+02
 0.24010117911334E+02
 0.23258676641565E+02
 0.22551964873782E+02
 0.21886587684472E+02
 0.21259470245477E+02
 0.20667804075227E+02
 0.20109023286839E+02
 0.19580784562212E+02
 0.19080920056265E+02
 0.18607462301089E+02
 0.18158603773434E+02
 0.17732675450750E+02
 0.17328137406219E+02
 0.16943567716749E+02
 0.16577650695338E+02
 0.16229172584294E+02
 0.15897007612382E+02
 0.15580103304187E+02
 0.15277478315705E+02
 0.14988227199567E+02
 0.14711499846730E+02
 0.14446498387539E+02
 0.14192476350098E+02
 0.13948733291546E+02
 0.13714609029925E+02
 0.13489484120194E+02
 0.13272771252985E+02
 0.13063903933804E+02
 0.12862365604039E+02
 0.12667650093282E+02
 0.12479277977776E+02
 0.12296794872510E+02
 0.12119760950788E+02
 0.11947881598951E+02
 0.11780518891333E+02
 0.11617402430966E+02
 0.11458158099028E+02
 0.11302427804265E+02
 0.11149863593844E+02
 0.11000131734123E+02
 0.10852912571978E+02
 0.10707893284554E+02
 0.10564771416221E+02
 0.10423258675372E+02
 0.10283075887262E+02
 0.10143955204064E+02
 0.10005641710497E+02
 0.98678904858373E+01
 0.97304698120690E+01
 0.95931637080354E+01
 0.94557678615313E+01
 0.93180940810747E+01
 0.91799694258569E+01
 0.90412380353795E+01
 0.89017621824913E+01
 0.87614214124243E+01
 0.86201152394827E+01
 0.84777608028373E+01
 0.83342974575694E+01
 0.81896831212931E+01
 0.80438970887109E+01
 0.78969382922681E+01
 0.77488251952426E+01
 0.75995966370452E+01
 0.74493095585683E+01
 0.72980493040289E+01
 0.71458882583960E+01
 0.69929445042244E+01
 0.68393408810973E+01
 0.66852150926154E+01
 0.65307157098101E+01
 0.63760033369770E+01
 0.62212484922781E+01
 0.60666298734775E+01
 0.59123338536266E+01
 0.57585532184337E+01
 0.56054858158356E+01
 0.54533338330666E+01
 0.53023031620868E+01
 0.51526017271374E+01
 0.50044397713554E+01
 0.48580273900398E+01
 0.47135750641121E+01
 0.45712919837866E+01
 0.44313848650317E+01
 0.42940568995930E+01
 0.41595059496750E+01
 0.40279236195065E+01
 0.38994924938406E+01
 0.37743847007689E+01
 0.36527594403019E+01
 0.35347610538510E+01
 0.34205163364389E+01
 0.33101331339811E+01
 0.32036978788313E+01
 0.31012748236922E+01
 0.30029046376338E+01
 0.29086044523677E+01
 0.28183678258430E+01
 0.27321655041580E+01
 0.26499470727775E+01
 0.25716422982107E+01
 0.24971638065605E+01
 0.24264086001510E+01
 0.23592615563085E+01
 0.22955973181652E+01
 0.22352827908339E+01
 0.21781795963350E+01
 0.21241460546324E+01
 0.20730392824640E+01
 0.20247162706473E+01
 0.19790359794828E+01
 0.19358402350061E+01
 0.18950335268727E+01
 0.18564659283195E+01
 0.18200118998279E+01
 0.17855511538593E+01
 0.17529688237248E+01
 0.17221556794832E+01
 0.16930080816928E+01
 0.16654279414180E+01
 0.16393226465794E+01
 0.16146048839160E+01
 0.15911924342897E+01
 0.15690079733903E+01
 0.15479789009918E+01
 0.15280371317565E+01
 0.15091187107575E+01
 0.14911637388479E+01
 0.14741160799940E+01
 0.14579231358719E+01
 0.14425356489283E+01
 0.14279073579241E+01
 0.14139952870320E+01
 0.14007588402150E+01
 0.13881600786674E+01
 0.13761634722019E+01
 0.13647357224679E+01
 0.13538456200241E+01
 0.13434638845651E+01
 0.13335630659412E+01
 0.13241173862014E+01
 0.13151026775020E+01
 0.13064962279159E+01
 0.12982766853249E+01
 0.12904240096711E+01
 0.12829193478362E+01
 0.12757449514355E+01
 0.12688841292958E+01
 0.12623211763794E+01
 0.12560412785310E+01
 0.12500304772338E+01
 0.12442756235994E+01
 0.12387643152798E+01
 0.12334848253727E+01
 0.12284261046439E+01
 0.12235777114516E+01
 0.12189297625413E+01
 0.12144729305855E+01
 0.12101983850358E+01
 0.12060977666817E+01
 0.12021631693699E+01
 0.11983870943174E+01
 0.11947624359452E+01
 0.11912824699680E+01
 0.11879408024708E+01
 0.11847313750148E+01
 0.11816484358650E+01
 0.11786865253364E+01
 0.11758404432956E+01
 0.11731052710037E+01
 0.11704763047429E+01
 0.11679490871766E+01
 0.11655193734982E+01
 0.11631831207367E+01
 0.11609364756018E+01
 0.11587757727052E+01
 0.11566975216443E+01
 0.11546983851757E+01
 0.11527751877593E+01
 0.11509248965829E+01
 0.11491446168304E+01
 0.11474315883112E+01
 0.11457831736126E+01
 0.11441968452535E+01
 0.11426702025615E+01
 0.11412009388018E+01
 0.11397868551080E+01
 0.11384258432226E+01
 0.11371158874139E+01
 0.11358550582255E+01
 0.11346415108200E+01
 0.11334734764639E+01
 0.11323492621036E+01
 0.11312672394217E+01
 0.11302258544805E+01
 0.11292236160171E+01
 0.11282590947152E+01
 0.11273309189694E+01
 0.11264377651440E+01
 0.11255783763073E+01
 0.11247515358062E+01
 0.11239560785863E+01
 0.11231908902041E+01
 0.11224548911923E+01
 0.11217470482241E+01
 0.11210663714132E+01
 0.11204119059469E+01
 0.11197827345222E+01
 0.11191779739077E+01
 0.11185967736888E+01
 0.11180383198827E+01
 0.11175018242220E+01
