 0.10000000133514E-09
 0.10000000133514E-09
 0.10000000133514E-09
 0.10000000133514E-09
 0.10000000133514E-09
 0.10000000133514E-09
 0.10000000133514E-09
 0.10000000133514E-09
 0.10000000133514E-09
 0.10000000133514E-09
 0.10000000133514E-09
 0.10000000133514E-09
 0.10000000133514E-09
 0.10000000133514E-09
 0.10000000133514E-09
 0.10000000133514E-09
 0.10000000133514E-09
 0.10000000133514E-09
 0.10000000133514E-09
 0.10000000133514E-09
 0.10000000133514E-09
 0.10000000133514E-09
 0.10000000133514E-09
 0.10000000133514E-09
 0.10000000133514E-09
 0.10000000133514E-09
 0.10000000133514E-09
 0.10000000133514E-09
 0.10000000133514E-09
 0.37343712004092E-04
 0.37343712004092E-04
 0.68781414351603E-04
 0.68781414351603E-04
 0.11794127031172E-03
 0.15094941476984E-03
 0.19060513996872E-03
 0.23772148015617E-03
 0.29313861938406E-03
 0.35771976078567E-03
 0.43234714280961E-03
 0.51791857946099E-03
 0.61534418109687E-03
 0.72554375555352E-03
 0.84944449493686E-03
 0.98797910005837E-03
 0.11420843826292E-02
 0.13126993630437E-02
 0.15007647327602E-02
 0.17072220956302E-02
 0.19330134933922E-02
 0.21790804092450E-02
 0.24463640312742E-02
 0.27358048884418E-02
 0.30483429657431E-02
 0.33849172532239E-02
 0.37464661890296E-02
 0.41339275107005E-02
 0.45482361399678E-02
 0.49903308665451E-02
 0.54611471013275E-02
 0.59616179723420E-02
 0.64926798622666E-02
 0.70552711718806E-02
 0.76503280478327E-02
 0.82787879158218E-02
 0.89415897820545E-02
 0.96396711080768E-02
 0.10373977443020E-01
 0.11145452435567E-01
 0.11955045255992E-01
 0.12803710283828E-01
 0.13692400126159E-01
 0.14622072727527E-01
 0.15593704115070E-01
 0.16608267230115E-01
 0.17666745380411E-01
 0.18770120353857E-01
 0.19919403231759E-01
 0.21115604834110E-01
 0.22359751146983E-01
 0.23652878255582E-01
 0.24996039204025E-01
 0.26390298746161E-01
 0.27836738637603E-01
 0.29339504515679E-01
 0.30894037095477E-01
 0.32504157186826E-01
 0.34171047211111E-01
 0.35895906145131E-01
 0.37679947494854E-01
 0.39524404605837E-01
 0.41430565897717E-01
 0.43399740695253E-01
 0.45433266321869E-01
 0.47532523234577E-01
 0.49698869244639E-01
 0.51933749073926E-01
 0.54238646768755E-01
 0.56615067214604E-01
 0.59064547194671E-01
 0.61588658385386E-01
 0.64189005333459E-01
 0.66867249024396E-01
 0.69625090305054E-01
 0.72464237729653E-01
 0.75386423300903E-01
 0.78393460206509E-01
 0.81487172324456E-01
 0.84669398359038E-01
 0.87942010943593E-01
 0.91306909344901E-01
 0.94766003802904E-01
 0.98321241035030E-01
 0.10197455976797E+00
 0.10572780953957E+00
 0.10958300847551E+00
 0.11354203008281E+00
 0.11760674189193E+00
 0.12177900888081E+00
 0.12606058327121E+00
 0.13045467829646E+00
 0.13496018949840E+00
 0.13957999388318E+00
 0.14431549732248E+00
 0.14916801335855E+00
 0.15413866668580E+00
 0.15922843710312E+00
 0.16443815543114E+00
 0.16976836655396E+00
 0.17521935620059E+00
 0.18079120339309E+00
 0.18648366064951E+00
 0.19229616791861E+00
 0.19822785718744E+00
 0.20427745510976E+00
 0.21044331395425E+00
 0.21672346491031E+00
 0.22311545969682E+00
 0.22961646886119E+00
 0.23622322046863E+00
 0.24293204317854E+00
 0.24973886594225E+00
 0.25663918035000E+00
 0.26362813143072E+00
 0.27070040952147E+00
 0.27785046732083E+00
 0.28507237067971E+00
 0.29235996917255E+00
 0.29970683170471E+00
 0.30710633481138E+00
 0.31455173406982E+00
 0.32203614173863E+00
 0.32955340348366E+00
 0.33709501423511E+00
 0.34465479321815E+00
 0.35222589808270E+00
 0.35980152650444E+00
 0.36737503737248E+00
 0.37493999263209E+00
 0.38249011282396E+00
 0.39001930932929E+00
 0.39752178958373E+00
 0.40499194417234E+00
 0.41242437947412E+00
 0.41981401292016E+00
 0.42715605231485E+00
 0.43444582753632E+00
 0.44167903688618E+00
 0.44885148515321E+00
 0.45595931080812E+00
 0.46299878500886E+00
 0.46996648827995E+00
 0.47685911096434E+00
 0.48367355093527E+00
 0.49040693818997E+00
 0.49705652798015E+00
 0.50361989815631E+00
 0.51009477100591E+00
 0.51647901451748E+00
 0.52277089977699E+00
 0.52896889155074E+00
 0.53507171300833E+00
 0.54107837189377E+00
 0.54698819153396E+00
 0.55280071593728E+00
 0.55851596894669E+00
 0.56413420477645E+00
 0.56965588427885E+00
 0.57508189322581E+00
 0.58041297462322E+00
 0.58565096775188E+00
 0.59079713081276E+00
 0.59585307967740E+00
 0.60082071130436E+00
 0.60570189994506E+00
 0.61049868607559E+00
 0.61521323413701E+00
 0.61984760688480E+00
 0.62440399664646E+00
 0.62888467424503E+00
 0.63329147880391E+00
 0.63762665403381E+00
 0.64189226112295E+00
 0.64609030909834E+00
 0.65022273816716E+00
 0.65429142515614E+00
 0.65829818033781E+00
 0.66224476713931E+00
 0.66613286948268E+00
 0.66996407102472E+00
 0.67373990864868E+00
 0.67746187980784E+00
 0.68113139951688E+00
 0.68474978585805E+00
 0.68831832838623E+00
 0.69183825652323E+00
 0.69531075635479E+00
 0.69873694197508E+00
 0.70211787982131E+00
 0.70545446265142E+00
 0.70874794662729E+00
 0.71199912625578E+00
 0.71520890231254E+00
 0.71837813437831E+00
 0.72150765102560E+00
 0.72459825905738E+00
 0.72765070822744E+00
 0.73066574885563E+00
 0.73364407535511E+00
 0.73658638789401E+00
 0.73949334451762E+00
 0.74236557124021E+00
 0.74520369632401E+00
 0.74800831959487E+00
 0.75078000747984E+00
 0.75351932365614E+00
 0.75622682368241E+00
 0.75890302997151E+00
 0.76154844972730E+00
 0.76416358631455E+00
 0.76674892947279E+00
 0.76930494335249E+00
 0.77183209804770E+00
 0.77433084125975E+00
 0.77680160184345E+00
 0.77924481873925E+00
 0.78166090489816E+00
 0.78405026629113E+00
 0.78641330432130E+00
 0.78875040907101E+00
 0.79106195849070E+00
 0.79334833299603E+00
 0.79560989019401E+00
 0.79784699007703E+00
 0.80005998380644E+00
 0.80224921703225E+00
 0.80441502422203E+00
 0.80655773561572E+00
 0.80867767342744E+00
 0.81077515767287E+00
 0.81285049995865E+00
 0.81490400555789E+00
 0.81693597333634E+00
 0.81894669825220E+00
 0.82093647374806E+00
 0.82290557978133E+00
 0.82485429693916E+00
 0.82678290049390E+00
 0.82869165824447E+00
 0.83058083771689E+00
 0.83245069988877E+00
 0.83430149523919E+00
 0.83613348177719E+00
 0.83794690483382E+00
 0.83974200919642E+00
 0.84151903184689E+00
 0.84327821033686E+00
 0.84501977424878E+00
 0.84674395360536E+00
 0.84845097347340E+00
 0.85014105378967E+00
 0.85181440938242E+00
 0.85347125564184E+00
 0.85511180439904E+00
 0.85673626073797E+00
 0.85834483056335E+00
 0.85993771312965E+00
 0.86151510380715E+00
 0.86307720038734E+00
 0.86462419291730E+00
 0.86615627145236E+00
 0.86767361823482E+00
 0.86917642000612E+00
 0.87066485474100E+00
 0.87213910014587E+00
 0.87359933089435E+00
 0.87504571849367E+00
 0.87647843425336E+00
 0.87789764286791E+00
 0.87930351029119E+00
