 0.13590324627398E+03
 0.13590324627407E+03
 0.13590324627574E+03
 0.13590324628371E+03
 0.13590324630033E+03
 0.13590324631260E+03
 0.13590324628428E+03
 0.13590324617377E+03
 0.13590324603593E+03
 0.13590324626043E+03
 0.13590324799304E+03
 0.13590325368513E+03
 0.13590326768705E+03
 0.13590329677177E+03
 0.13590335051462E+03
 0.13590344147688E+03
 0.13590358518750E+03
 0.13590379994386E+03
 0.13590410644356E+03
 0.13590452736063E+03
 0.13590508678093E+03
 0.13590580982105E+03
 0.13590672200407E+03
 0.13590784836377E+03
 0.13590921377684E+03
 0.13591084239937E+03
 0.13591275685052E+03
 0.13591497833764E+03
 0.13591752653539E+03
 0.13592041991401E+03
 0.13592367436331E+03
 0.13592730575647E+03
 0.13593132665597E+03
 0.13593575143669E+03
 0.13594058995190E+03
 0.13594585354296E+03
 0.13595155208840E+03
 0.13595769515881E+03
 0.13596429180010E+03
 0.13597135118013E+03
 0.13597888234052E+03
 0.13598689443132E+03
 0.13599539677865E+03
 0.13600439899668E+03
 0.13601391108335E+03
 0.13602394348791E+03
 0.13603450718020E+03
 0.13604561373244E+03
 0.13605727538491E+03
 0.13606950509903E+03
 0.13608231669261E+03
 0.13609572485371E+03
 0.13610974528681E+03
 0.13612439481336E+03
 0.13613969138913E+03
 0.13615565429431E+03
 0.13617230459022E+03
 0.13618966505890E+03
 0.13620775902852E+03
 0.13622661314000E+03
 0.13624625549750E+03
 0.13626671641900E+03
 0.13628802857843E+03
 0.13631022716197E+03
 0.13633335018279E+03
 0.13635743853675E+03
 0.13638253591014E+03
 0.13640868929274E+03
 0.13643594909066E+03
 0.13646436911963E+03
 0.13649400707651E+03
 0.13652492443148E+03
 0.13655718667082E+03
 0.13659086348757E+03
 0.13662602894724E+03
 0.13666276156934E+03
 0.13670114448982E+03
 0.13674126566398E+03
 0.13678321775391E+03
 0.13682709992233E+03
 0.13687301537336E+03
 0.13692107304353E+03
 0.13697138758642E+03
 0.13702407953238E+03
 0.13707930761273E+03
 0.13713714642087E+03
 0.13719776229310E+03
 0.13726130150000E+03
 0.13732791722935E+03
 0.13739776927187E+03
 0.13747102514148E+03
 0.13754785993819E+03
 0.13762845684500E+03
 0.13771300720936E+03
 0.13780171237184E+03
 0.13789478003845E+03
 0.13799242849788E+03
 0.13809488579642E+03
 0.13820238974860E+03
 0.13831518864844E+03
 0.13843354157169E+03
 0.13855771821737E+03
 0.13868800134000E+03
 0.13882468602512E+03
 0.13896807946731E+03
 0.13911850207011E+03
 0.13927628935977E+03
 0.13944179105835E+03
 0.13961537183812E+03
 0.13979741242059E+03
 0.13998831026867E+03
 0.14018848016090E+03
 0.14039835444029E+03
 0.14061838556048E+03
 0.14084904232669E+03
 0.14109081872731E+03
 0.14134422597431E+03
 0.14160979725990E+03
 0.14188809016245E+03
 0.14217968129699E+03
 0.14248522954906E+03
 0.14280526374948E+03
 0.14314048154496E+03
 0.14349156337080E+03
 0.14385921530118E+03
 0.14424416527868E+03
 0.14464717063471E+03
 0.14506902383576E+03
 0.14551053661169E+03
 0.14597254940493E+03
 0.14645593310361E+03
 0.14696158622003E+03
 0.14749043362856E+03
 0.14804343192690E+03
 0.14862156209842E+03
 0.14922583209943E+03
 0.14985728264245E+03
 0.15051697789114E+03
 0.15120601204887E+03
 0.15192550733332E+03
 0.15267661205903E+03
 0.15346050808768E+03
 0.15427840376072E+03
 0.15513154402011E+03
 0.15602119963281E+03
 0.15694868525652E+03
 0.15791534570279E+03
 0.15892257541899E+03
 0.15997180635549E+03
 0.16106452680352E+03
 0.16220227407785E+03
 0.16338664377877E+03
 0.16461936463093E+03
 0.16590203055034E+03
 0.16723651365101E+03
 0.16862470763525E+03
 0.17006857772517E+03
 0.17157018876162E+03
 0.17313171243442E+03
 0.17475540958794E+03
 0.17644365017543E+03
 0.17819891793291E+03
 0.18002379004584E+03
 0.18192095616175E+03
 0.18389320676151E+03
 0.18594343129486E+03
 0.18807457489595E+03
 0.19028966260179E+03
 0.19259175020102E+03
 0.19498392706144E+03
 0.19746924754337E+03
 0.20005073568862E+03
 0.20273130225233E+03
 0.20551372340554E+03
 0.20840058212025E+03
 0.21139421542618E+03
 0.21449668466410E+03
 0.21770969539602E+03
 0.22103453238232E+03
 0.22447212661299E+03
 0.22802285950181E+03
 0.23168671217593E+03
 0.23546308581038E+03
 0.23935095281397E+03
 0.24334878708534E+03
 0.24745461003929E+03
 0.25166604277462E+03
 0.25598027847998E+03
 0.26039423597213E+03
 0.26490441044797E+03
 0.26950733342500E+03
 0.27419910073914E+03
 0.27897571781481E+03
 0.28383313194471E+03
 0.28876718330361E+03
 0.29377370213637E+03
 0.29884854441299E+03
 0.30398753480865E+03
 0.30918658708819E+03
 0.31444132999493E+03
 0.31974843021168E+03
 0.32510368042321E+03
 0.33050328323067E+03
 0.33594353275911E+03
 0.34142082349418E+03
 0.34693163854043E+03
 0.35247256335244E+03
 0.35804029995529E+03
 0.36363162404663E+03
 0.36924340280828E+03
 0.37487260609227E+03
 0.38051632101276E+03
 0.38617169286959E+03
 0.39183591840322E+03
 0.39750632696266E+03
 0.40318031369073E+03
 0.40885535839849E+03
 0.41452900422256E+03
 0.42019885826018E+03
 0.42586254772871E+03
 0.43151795587279E+03
 0.43716282584001E+03
 0.44279505543056E+03
 0.44841258686524E+03
 0.45401343333901E+03
 0.45959566815301E+03
 0.46515741196481E+03
 0.47069686107596E+03
 0.47621225339677E+03
 0.48170189559490E+03
 0.48716414012284E+03
 0.49259739618176E+03
 0.49800013456232E+03
 0.50337087494376E+03
 0.50870818373540E+03
 0.51401068735561E+03
 0.51927707423579E+03
 0.52450606813733E+03
 0.52969644814155E+03
 0.53484704723993E+03
 0.53995674344658E+03
 0.54502447545815E+03
 0.55004923111578E+03
 0.55503003343274E+03
 0.55996596112865E+03
 0.56485615257760E+03
 0.56969977951519E+03
 0.57449606630748E+03
 0.57924428025216E+03
 0.58394374700529E+03
 0.58859383042861E+03
 0.59319394126123E+03
 0.59774352136134E+03
 0.60224207269450E+03
 0.60668913567563E+03
 0.61108428862843E+03
 0.61542716556904E+03
 0.61971741136396E+03
 0.62395474801376E+03
 0.62813891252073E+03
 0.63226968840390E+03
 0.63634688949428E+03
 0.64037038007864E+03
 0.64434004792838E+03
 0.64825581955738E+03
 0.65211765314619E+03
 0.65592554168356E+03
 0.65967951366656E+03
 0.66337962151788E+03
 0.66702595209238E+03
 0.67061861954013E+03
 0.67415776559728E+03
 0.67764355929262E+03
 0.68107619533239E+03
 0.68445589562073E+03
 0.68778289947518E+03
 0.69105747883578E+03
 0.69427991890382E+03
 0.69745053112439E+03
 0.70056964398200E+03
 0.70363760877904E+03
 0.70665478643955E+03
 0.70962156814578E+03
 0.71253835051228E+03
 0.71540554383827E+03
 0.71822358865167E+03
 0.72099292265181E+03
 0.72371399506213E+03
 0.72638728613056E+03
 0.72901326593128E+03
 0.73159242246391E+03
 0.73412525718995E+03
 0.73661227927588E+03
 0.73905400083373E+03
 0.74145094132883E+03
 0.74380363138531E+03
 0.74611260592655E+03
 0.74837840716007E+03
 0.75060157545570E+03
 0.75278265975275E+03
