 0.00000000000000E+00
 0.00000000000000E+00
 0.00000000000000E+00
 0.00000000000000E+00
 0.13611617412934E-77
 0.12929841232334E-64
 0.24064026287244E-55
 0.21562599687492E-48
 0.55090036480955E-43
 0.11667381866227E-38
 0.40397153177519E-35
 0.35961581087758E-32
 0.11260822448897E-29
 0.15516161934632E-27
 0.11086446922594E-25
 0.46460043503030E-24
 0.12547244166988E-22
 0.23497039470068E-21
 0.32328989331814E-20
 0.34227949425711E-19
 0.28949968126671E-18
 0.20169962224590E-17
 0.11872674967649E-16
 0.60303525558390E-16
 0.26902052663294E-15
 0.10700161865406E-14
 0.38433153730135E-14
 0.12603412469404E-13
 0.38092217590989E-13
 0.10698010758444E-12
 0.28117873029863E-12
 0.69595562396081E-12
 0.16310934045806E-11
 0.36372470710683E-11
 0.77503581315956E-11
 0.15840807702628E-10
 0.31161056889058E-10
 0.59175747695712E-10
 0.10878124977282E-09
 0.19404683005876E-09
 0.33663613122750E-09
 0.56909443335967E-09
 0.93921308693983E-09
 0.15157062621960E-08
 0.23954556991720E-08
 0.37125952061058E-08
 0.56497173132089E-08
 0.84514893215473E-08
 0.12440963591222E-07
 0.18038858519370E-07
 0.25786070424241E-07
 0.36369653825258E-07
 0.50652480073789E-07
 0.69706747052843E-07
 0.94851476925253E-07
 0.12769409382023E-06
 0.17017612565272E-06
 0.22462303129740E-06
 0.29379809044563E-06
 0.38096028938407E-06
 0.48992601110022E-06
 0.62513437329000E-06
 0.79171597981890E-06
 0.99556480977688E-06
 0.12434129473837E-05
 0.15429078416021E-05
 0.19026917356782E-05
 0.23324829176590E-05
 0.28431584609128E-05
 0.34468380189446E-05
 0.41569684480547E-05
 0.49884087676016E-05
 0.59575152949578E-05
 0.70822265612341E-05
 0.83821478237891E-05
 0.98786349308055E-05
 0.11594877369179E-04
 0.13555980408130E-04
 0.15789046130919E-04
 0.18323254453121E-04
 0.21189941289054E-04
 0.24422677685402E-04
 0.28057347689254E-04
 0.32132225804507E-04
 0.36688093927380E-04
 0.41768176514126E-04
 0.47418417352339E-04
 0.53687437629681E-04
 0.60626646952273E-04
 0.68290327374783E-04
 0.76735723614615E-04
 0.86023137716549E-04
 0.96216024840568E-04
 0.10738109733920E-03
 0.11958844817772E-03
 0.13291165535857E-03
 0.14742792714652E-03
 0.16321824330430E-03
 0.18036750712189E-03
 0.19896472033852E-03
 0.21910316740214E-03
 0.24088062342966E-03
 0.26439958797731E-03
 0.28976753159243E-03
 0.31709716362328E-03
 0.34650673642687E-03
 0.37812039508906E-03
 0.41206852979519E-03
 0.44848817925448E-03
 0.48752348257327E-03
 0.52932616738025E-03
 0.57405608214507E-03
 0.62188180704134E-03
 0.67298126428000E-03
 0.72754238947486E-03
 0.78576407111229E-03
 0.84785682132945E-03
 0.91404377263509E-03
 0.98456175031899E-03
 0.10596621889067E-02
 0.11396143559587E-02
 0.12246999006669E-02
 0.13152237464051E-02
 0.14115094698120E-02
 0.15139027172182E-02
 0.16227728450810E-02
 0.17385149702625E-02
 0.18615522167218E-02
 0.19923378202098E-02
 0.21313576806477E-02
 0.22791332910900E-02
 0.24362243948767E-02
 0.26032322567354E-02
 0.27808030995877E-02
 0.29696315135884E-02
 0.31704644024525E-02
 0.33841057712338E-02
 0.36114202921002E-02
 0.38533388218263E-02
 0.41108631741383E-02
 0.43850722034733E-02
 0.46771274646812E-02
 0.49882795169525E-02
 0.53198753874376E-02
 0.56733647229054E-02
 0.60503096912550E-02
 0.64523917317606E-02
 0.68814222701851E-02
 0.73393509202641E-02
 0.78282774921489E-02
 0.83504624304690E-02
 0.89083385107216E-02
 0.95045378052482E-02
 0.10141848679122E-01
 0.10823313390718E-01
 0.11552189290223E-01
 0.12331968922397E-01
 0.13166405378519E-01
 0.14059521605150E-01
 0.15015622440079E-01
 0.16039309323869E-01
 0.17135494253411E-01
 0.18309400809610E-01
 0.19566570778099E-01
 0.20912868754377E-01
 0.22354472760329E-01
 0.23897851194009E-01
 0.25549749814007E-01
 0.27317145862329E-01
 0.29207207407007E-01
 0.31227215738555E-01
 0.33384500748645E-01
 0.35686319774680E-01
 0.38139751641719E-01
 0.40751553886202E-01
 0.43528008414362E-01
 0.46474771656946E-01
 0.49596684186601E-01
 0.52897588122422E-01
 0.56380204433396E-01
 0.60045938184361E-01
 0.63894772526101E-01
 0.67925159480396E-01
 0.72133978547582E-01
 0.76516490595672E-01
 0.81066421941219E-01
 0.85775994922489E-01
 0.90636020578581E-01
 0.95636112089188E-01
 0.10076471073376E+00
 0.10600961142764E+00
 0.11135773633944E+00
 0.11679559082648E+00
 0.12230945988391E+00
 0.12788551978012E+00
 0.13351007902333E+00
 0.13916971663993E+00
 0.14485140739369E+00
 0.15054264949981E+00
 0.15623361084959E+00
 0.16190909570624E+00
 0.16756058099729E+00
 0.17317838649565E+00
 0.17875362609058E+00
 0.18427821657602E+00
 0.18974486185399E+00
 0.19514704447866E+00
 0.20047900770456E+00
 0.20573570832481E+00
 0.21091277623117E+00
 0.21600649776444E+00
 0.22101377652852E+00
 0.22593206597261E+00
 0.23075931529120E+00
 0.23549397807712E+00
 0.24013493117877E+00
 0.24468145072738E+00
 0.24913316179741E+00
 0.25349000681438E+00
 0.25775218619325E+00
 0.26192024607772E+00
 0.26599485534658E+00
 0.26997691715108E+00
 0.27386749828268E+00
 0.27766781284607E+00
 0.28137920272352E+00
 0.28500310723046E+00
 0.28854106194102E+00
 0.29199466670208E+00
 0.29536558481034E+00
 0.29865552061477E+00
 0.30186621142969E+00
 0.30499942083603E+00
 0.30805692568041E+00
 0.31104050639803E+00
 0.31395194620389E+00
 0.31679302280715E+00
 0.31956550004557E+00
 0.32227112458662E+00
 0.32491162410882E+00
 0.32748870245402E+00
 0.33000403764218E+00
 0.33245928044665E+00
 0.33485604759381E+00
 0.33719592448978E+00
 0.33948046716254E+00
 0.34171119255977E+00
 0.34388958435864E+00
 0.34601709036140E+00
 0.34809512437263E+00
 0.35012506252855E+00
 0.35210824615687E+00
 0.35404597918394E+00
 0.35593953186098E+00
 0.35779013892581E+00
 0.35959900043913E+00
 0.36136728439129E+00
 0.36309611918603E+00
 0.36478660774873E+00
 0.36643981734767E+00
 0.36805678371987E+00
 0.36963851222805E+00
 0.37118597877132E+00
 0.37270012889038E+00
 0.37418188035729E+00
 0.37563212254783E+00
 0.37705171794984E+00
 0.37844150357748E+00
 0.37980228984402E+00
 0.38113486312679E+00
 0.38243998530739E+00
 0.38371839476667E+00
 0.38497080762418E+00
 0.38619791819682E+00
 0.38740039881846E+00
 0.38857890117429E+00
 0.38973405838257E+00
 0.39086648251610E+00
 0.39197676792626E+00
 0.39306549093763E+00
 0.39413320927026E+00
 0.39518046491668E+00
 0.39620778293067E+00
 0.39721567287631E+00
 0.39820462725190E+00
 0.39917512557893E+00
 0.40012763397262E+00
 0.40106259995051E+00
 0.40198046315671E+00
 0.40288164717348E+00
 0.40376656277282E+00
 0.40463560939780E+00
 0.40548917645808E+00
 0.40632763842370E+00
 0.40715136084164E+00
 0.40796069819658E+00
 0.40875599477744E+00
 0.40953758613879E+00
 0.41030579510604E+00
 0.41106093835871E+00
