                  NaN
                  NaN
                  NaN
                  NaN
 0.81419203594133E+42
 0.18152559865926E+34
 0.11997418551075E+28
 0.27809889226846E+23
 0.69069232874075E+19
 0.90230022210550E+16
 0.39424497364765E+14
 0.42603062639572E+12
 0.92388928852996E+10
 0.34631965370200E+09
 0.20112764782429E+08
 0.16670445202716E+07
 0.18519821852884E+06
 0.26262808397639E+05
 0.45747460660643E+04
 0.94959252942024E+03
 0.22950823392405E+03
 0.63641821839965E+02
 0.20214817693079E+02
 0.75029179803935E+01
 0.33996542255734E+01
 0.19559063019781E+01
 0.14075769318997E+01
 0.11846551619060E+01
 0.10883361348015E+01
 0.16576781910137E+05
 0.87053293614218E+04
 0.87636362031854E+04
 0.49681600658534E+04
 0.49918334251707E+04
 0.38592946326142E+04
 0.30267504578261E+04
 0.24053571597318E+04
 0.19349993907930E+04
 0.15743055247565E+04
 0.12943499358976E+04
 0.10746097040187E+04
 0.90032246077649E+03
 0.76073296662616E+03
 0.64791096880965E+03
 0.55594319495545E+03
 0.48037369374384E+03
 0.41781098221356E+03
 0.36564978821120E+03
 0.32187108657667E+03
 0.28489712530968E+03
 0.25348517687153E+03
 0.22664917889740E+03
 0.20360116195654E+03
 0.18370724582732E+03
 0.16645422966843E+03
 0.15142412341259E+03
 0.13827451043903E+03
 0.12672328193159E+03
 0.11653698151225E+03
 0.10752124766051E+03
 0.99513544949120E+02
 0.92377419338820E+02
 0.85997771186810E+02
 0.80277052859406E+02
 0.75132302976680E+02
 0.70492691122914E+02
 0.66297495714086E+02
 0.62494538425549E+02
 0.59038760940888E+02
 0.55891166345120E+02
 0.53017888789415E+02
 0.50389400052392E+02
 0.47979905560713E+02
 0.45766841893436E+02
 0.43730351251818E+02
 0.41852947730865E+02
 0.40119166082436E+02
 0.38515355821490E+02
 0.37029377679868E+02
 0.35650437405964E+02
 0.34368906755762E+02
 0.33176185981917E+02
 0.32064569337468E+02
 0.31027143131634E+02
 0.30060664478905E+02
 0.29153717145465E+02
 0.28304094555076E+02
 0.27507237517891E+02
 0.26759007492029E+02
 0.26055640190905E+02
 0.25393708885547E+02
 0.24770108390073E+02
 0.24181998930978E+02
 0.23626782747070E+02
 0.23102084573995E+02
 0.22605701475926E+02
 0.22135632821211E+02
 0.21690037334029E+02
 0.21267210628976E+02
 0.20865576354507E+02
 0.20483675158237E+02
 0.20120152735121E+02
 0.19773756246665E+02
 0.19443319684623E+02
 0.19127748135097E+02
 0.18826016220007E+02
 0.18537174489261E+02
 0.18260326713108E+02
 0.17994627042595E+02
 0.17739279721622E+02
 0.17493533588837E+02
 0.17256675999256E+02
 0.17028033947521E+02
 0.16806964654911E+02
 0.16592843048651E+02
 0.16385095795775E+02
 0.16183156196918E+02
 0.15986483420404E+02
 0.15794561091211E+02
 0.15606885579805E+02
 0.15423115809487E+02
 0.15242515392929E+02
 0.15064765781836E+02
 0.14889427746291E+02
 0.14716078994938E+02
 0.14544307919243E+02
 0.14373718858737E+02
 0.14203932495574E+02
 0.14034578233047E+02
 0.13865298928603E+02
 0.13695755804786E+02
 0.13525623497988E+02
 0.13354593224272E+02
 0.13182375273464E+02
 0.13008696543302E+02
 0.12833304835293E+02
 0.12655972078323E+02
 0.12476490876248E+02
 0.12294679707997E+02
 0.12110382675043E+02
 0.11923471805218E+02
 0.11733848578053E+02
 0.11541443304574E+02
 0.11346217912279E+02
 0.11148163840294E+02
 0.10947306144333E+02
 0.10743699814251E+02
 0.10537431813396E+02
 0.10328619051219E+02
 0.10117407213769E+02
 0.99039707819891E+01
 0.96885099047042E+01
 0.94712562588951E+01
 0.92524430567839E+01
 0.90323439985596E+01
 0.88112429562634E+01
 0.85894408147330E+01
 0.83672491389177E+01
 0.81449905597836E+01
 0.79229958944494E+01
 0.77016011694435E+01
 0.74811457285922E+01
 0.72619709592067E+01
 0.70444179331361E+01
 0.68288253009391E+01
 0.66155284818840E+01
 0.64048581474151E+01
 0.61971388449185E+01
 0.59926872250442E+01
 0.57918111325158E+01
 0.55948085136201E+01
 0.54019648191418E+01
 0.52135527854708E+01
 0.50298295847098E+01
 0.48510356211538E+01
 0.46773918775420E+01
 0.45090973525649E+01
 0.43463273172396E+01
 0.41892312961045E+01
 0.40379292011724E+01
 0.38925113023308E+01
 0.37530357289381E+01
 0.36195282483764E+01
 0.34919814530703E+01
 0.33703560851323E+01
 0.32545809856215E+01
 0.31445560244465E+01
 0.30401550500881E+01
 0.29412275579431E+01
 0.28476045510390E+01
 0.27590970189465E+01
 0.26755060897506E+01
 0.25966226103702E+01
 0.25222307967037E+01
 0.24521122005170E+01
 0.23860476779248E+01
 0.23238200076291E+01
 0.22652158724457E+01
 0.22100274449396E+01
 0.21580344039612E+01
 0.21090817777534E+01
 0.20629652865999E+01
 0.20195086230434E+01
 0.19785445181076E+01
 0.19399147837695E+01
 0.19034703189600E+01
 0.18690708769750E+01
 0.18365847811224E+01
 0.18058887113812E+01
 0.17768673590112E+01
 0.17494129311442E+01
 0.17234247554906E+01
 0.16988090052086E+01
 0.16754783371376E+01
 0.16533512501103E+01
 0.16323519060821E+01
 0.16124096779726E+01
 0.15934588457072E+01
 0.15754382434578E+01
 0.15582910261085E+01
 0.15419639390179E+01
 0.15264077460397E+01
 0.15115764462008E+01
 0.14974272050255E+01
 0.14839200950479E+01
 0.14710178797684E+01
 0.14586858515422E+01
 0.14468915963084E+01
 0.14356048756822E+01
 0.14247974297244E+01
 0.14144428589281E+01
 0.14045164803956E+01
 0.13949951966665E+01
 0.13858573905970E+01
 0.13770828248052E+01
 0.13686525272699E+01
 0.13605487082772E+01
 0.13527546833887E+01
 0.13452547940983E+01
 0.13380343315028E+01
 0.13310794739467E+01
 0.13243772230189E+01
 0.13179153469266E+01
 0.13116823396665E+01
 0.13056673613165E+01
 0.12998601867097E+01
 0.12942511853011E+01
 0.12888312665135E+01
 0.12835918499143E+01
 0.12785248266134E+01
 0.12736225374441E+01
 0.12688777382425E+01
 0.12642835791358E+01
 0.12598335725689E+01
 0.12555215757239E+01
 0.12513417682035E+01
 0.12472886273192E+01
 0.12433569290128E+01
 0.12395416988028E+01
 0.12358382217158E+01
 0.12322420189571E+01
 0.12287488330259E+01
 0.12253546145867E+01
 0.12220555139416E+01
 0.12188478658068E+01
 0.12157281813806E+01
 0.12126931371329E+01
 0.12097395640637E+01
 0.12068644430463E+01
 0.12040648928672E+01
 0.12013381649816E+01
 0.11986816358564E+01
 0.11960927993279E+01
 0.11935692606334E+01
 0.11911087322661E+01
 0.11887090271289E+01
 0.11863680502528E+01
 0.11840838004620E+01
 0.11818543601411E+01
 0.11796778926589E+01
 0.11775526407252E+01
 0.11754769177384E+01
 0.11734491078546E+01
 0.11714676607176E+01
 0.11695310923408E+01
 0.11676379747728E+01
 0.11657869354535E+01
 0.11639766653017E+01
 0.11622058959221E+01
 0.11604734144099E+01
 0.11587780552561E+01
 0.11571186961919E+01
 0.11554942543490E+01
 0.11539036946505E+01
 0.11523460169535E+01
 0.11508202591579E+01
 0.11493254945472E+01
 0.11478608280387E+01
 0.11464254030356E+01
 0.11450183879108E+01
