-0.00000000000000E+00
-0.44441287912260E-04
-0.24523510693402E-02
-0.31130448829691E-01
-0.95508906522807E+00
-0.21336437398416E+01
-0.26728296854956E+01
-0.61974439891145E+01
-0.13248420620343E+02
-0.25279687287463E+02
-0.43395395868887E+02
-0.66030563917960E+02
-0.94517279985386E+02
-0.12058222597638E+03
-0.13190245627760E+03
-0.10998136949600E+03
-0.22318479431410E+02
 0.16667963060304E+03
 0.51181660342153E+03
 0.10804768367496E+04
 0.19529421947356E+04
 0.32231237674244E+04
 0.50033050786418E+04
 0.74144838911798E+04
 0.10595586709220E+05
 0.14692775339878E+05
 0.19868227839886E+05
 0.26287253056403E+05
 0.34123546174263E+05
 0.43561176955904E+05
 0.54779642953831E+05
 0.67957793417780E+05
 0.83273924347888E+05
 0.10090658147336E+06
 0.12102132360205E+06
 0.14378783374182E+06
 0.16935944960086E+06
 0.19788431933814E+06
 0.22949929618962E+06
 0.26433678019777E+06
 0.30252068958327E+06
 0.34416405284465E+06
 0.38938052411815E+06
 0.43827335941929E+06
 0.49094264787205E+06
 0.54749020433773E+06
 0.60801164529099E+06
 0.67260997903431E+06
 0.74138573133538E+06
 0.81444646797500E+06
 0.89190876805877E+06
 0.97389230568188E+06
 0.10605340306862E+07
 0.11519759205215E+07
 0.12483751696901E+07
 0.13499100303623E+07
 0.14567673023610E+07
 0.15691554958192E+07
 0.16873026930138E+07
 0.18114601075306E+07
 0.19418998691482E+07
 0.20789144426964E+07
 0.22228268823851E+07
 0.23739850487325E+07
 0.25327623850052E+07
 0.26995649619236E+07
 0.28748208132674E+07
 0.30589970383031E+07
 0.32525931153563E+07
 0.34561379090411E+07
 0.36702003596975E+07
 0.38953815624268E+07
 0.41323259777647E+07
 0.43817122652224E+07
 0.46442635728942E+07
 0.49207443232720E+07
 0.52119650374346E+07
 0.55187809048438E+07
 0.58420933587315E+07
 0.61828610923487E+07
 0.65420891534478E+07
 0.69208365255195E+07
 0.73202234661387E+07
 0.77414232825169E+07
 0.81857792347792E+07
 0.86544167551684E+07
 0.91487909776588E+07
 0.96703498409025E+07
 0.10220612255050E+08
 0.10801176115883E+08
 0.11413719022751E+08
 0.12060008116600E+08
 0.12741900536284E+08
 0.13461346239704E+08
 0.14220397244213E+08
 0.15021201821617E+08
 0.15866022904959E+08
 0.16757239784896E+08
 0.17697343592252E+08
 0.18688957803731E+08
 0.19734838076091E+08
 0.20837873589022E+08
 0.22001093856803E+08
 0.23227689977841E+08
 0.24521002391079E+08
 0.25884534705727E+08
 0.27321972185053E+08
 0.28837177831027E+08
 0.30434200111783E+08
 0.32117283324102E+08
 0.33890880147424E+08
 0.35759656850312E+08
 0.37728499225481E+08
 0.39802527186084E+08
 0.41987093151738E+08
 0.44287813267641E+08
 0.46710548739865E+08
 0.49261433284953E+08
 0.51946874756303E+08
 0.54773565734329E+08
 0.57748662535191E+08
 0.60879129740073E+08
 0.64172704867832E+08
 0.67637301904446E+08
 0.71281150275736E+08
 0.75112815399307E+08
 0.79141181647771E+08
 0.83375475424407E+08
 0.87825268103497E+08
 0.92500459321961E+08
 0.97411307676332E+08
 0.10256840091402E+09
 0.10798266917157E+09
 0.11366539433833E+09
 0.11962817089987E+09
 0.12588293176740E+09
 0.13244194174215E+09
 0.13931774928483E+09
 0.14652322619193E+09
 0.15407153431304E+09
 0.16197610922255E+09
 0.17025066466270E+09
 0.17890916478056E+09
 0.18796583693206E+09
 0.19743510850962E+09
 0.20733164835869E+09
 0.21767030737642E+09
 0.22846616180296E+09
 0.23973444011147E+09
 0.25149056079403E+09
 0.26375005456932E+09
 0.27652863284669E+09
 0.28984224455352E+09
 0.30370659380252E+09
 0.31813784387165E+09
 0.33315227886332E+09
 0.34876606006411E+09
 0.36499558428808E+09
 0.38185730908812E+09
 0.39936776234799E+09
 0.41754351720767E+09
 0.43640128232806E+09
 0.45595776055469E+09
 0.47622972458050E+09
 0.49723403234990E+09
 0.51898762223201E+09
 0.54150742752107E+09
 0.56481051022303E+09
 0.58891390036916E+09
 0.61383476968280E+09
 0.63959026480674E+09
 0.66619770727760E+09
 0.69367439703039E+09
 0.72203776699168E+09
 0.75130530146790E+09
 0.78149458791056E+09
 0.81262332134901E+09
 0.84470933523955E+09
 0.87777045140708E+09
 0.91182477050038E+09
 0.94689047994990E+09
 0.98298586004550E+09
 0.10201293844195E+10
 0.10583396334684E+10
 0.10976352174806E+10
 0.11380350736417E+10
 0.11795583156523E+10
 0.12222239359576E+10
 0.12660513435372E+10
 0.13110598265986E+10
 0.13572690081382E+10
 0.14046984539902E+10
 0.14533679462975E+10
 0.15032973449124E+10
 0.15545066459653E+10
 0.16070158770358E+10
 0.16608452668266E+10
 0.17160150077810E+10
 0.17725455162511E+10
 0.18304572133051E+10
 0.18897706355063E+10
 0.19505063929782E+10
 0.20126851744483E+10
 0.20763277698342E+10
 0.21414551162033E+10
 0.22080881567895E+10
 0.22762479336682E+10
 0.23459556281228E+10
 0.24172324426342E+10
 0.24900996611928E+10
 0.25645786902348E+10
 0.26406911455453E+10
 0.27184586316630E+10
 0.27979026644551E+10
 0.28790451509434E+10
 0.29619079525878E+10
 0.30465130345254E+10
 0.31328824656466E+10
 0.32210383708966E+10
 0.33110030303669E+10
 0.34027987575306E+10
 0.34964479570347E+10
 0.35919732350021E+10
 0.36893972131075E+10
 0.37887425931342E+10
 0.38900322090174E+10
 0.39932889589241E+10
 0.40985358571992E+10
 0.42057960325209E+10
 0.43150926248628E+10
 0.44264489199975E+10
 0.45398883218926E+10
 0.46554342925779E+10
 0.47731103668727E+10
 0.48929402216426E+10
 0.50149476059105E+10
 0.51391563356622E+10
 0.52655903828852E+10
 0.53942737507454E+10
 0.55252305233361E+10
 0.56584848901845E+10
 0.57940611797008E+10
 0.59319837834817E+10
 0.60722771225303E+10
 0.62149657758837E+10
 0.63600744204235E+10
 0.65076277572731E+10
 0.66576506319293E+10
 0.68101679183200E+10
 0.69652046858477E+10
 0.71227860182827E+10
 0.72829370878753E+10
 0.74456831327129E+10
 0.76110495514597E+10
 0.77790617758092E+10
 0.79497453216024E+10
 0.81231258915682E+10
 0.82992290198005E+10
 0.84780806548061E+10
 0.86597066296954E+10
 0.88441329107164E+10
 0.90313855383229E+10
 0.92214907106489E+10
 0.94144746218016E+10
 0.96103635813395E+10
 0.98091840059799E+10
 0.10010962348432E+11
 0.10215725248906E+11
 0.10423499321210E+11
 0.10634311363455E+11
 0.10848188150695E+11
 0.11065156679065E+11
 0.11285243896408E+11
 0.11508476932293E+11
 0.11734882957487E+11
 0.11964489193874E+11
 0.12197323069841E+11
 0.12433411983060E+11
 0.12672783466828E+11
 0.12915465166661E+11
 0.13161484728879E+11
 0.13410869967250E+11
 0.13663648794296E+11
 0.13919849145608E+11
 0.14179498996349E+11
 0.14442626550552E+11
 0.14709260123320E+11
 0.14979427762859E+11
 0.15253158101580E+11
 0.15530479537338E+11
 0.15811420571328E+11
 0.16096009882942E+11
 0.16384276286670E+11
 0.16676248575568E+11
 0.16971955586048E+11
 0.17271426381240E+11
 0.17574689996418E+11
 0.17881775702112E+11
 0.18192712661843E+11
 0.18507530325845E+11
