 0.10906081480649E+00
 0.10906081480638E+00
 0.10906081480525E+00
 0.10906081480759E+00
 0.10906081486070E+00
 0.10906081506914E+00
 0.10906081562597E+00
 0.10906081676049E+00
 0.10906081824986E+00
 0.10906081841475E+00
 0.10906081234677E+00
 0.10906078952499E+00
 0.10906073137047E+00
 0.10906060888299E+00
 0.10906038112731E+00
 0.10905999446429E+00
 0.10905938254100E+00
 0.10905846729296E+00
 0.10905716022836E+00
 0.10905536430815E+00
 0.10905297612732E+00
 0.10904988778778E+00
 0.10904598913525E+00
 0.10904117047593E+00
 0.10903532290527E+00
 0.10902834018398E+00
 0.10902012069877E+00
 0.10901056783965E+00
 0.10899959047510E+00
 0.10898710261845E+00
 0.10897302574602E+00
 0.10895728443766E+00
 0.10893981207426E+00
 0.10892054148367E+00
 0.10889941625718E+00
 0.10887637965547E+00
 0.10885137988239E+00
 0.10882436785763E+00
 0.10879529732711E+00
 0.10876412393205E+00
 0.10873080544124E+00
 0.10869530139012E+00
 0.10865757287861E+00
 0.10861758253285E+00
 0.10857529433372E+00
 0.10853067354310E+00
 0.10848368672346E+00
 0.10843430157895E+00
 0.10838248700700E+00
 0.10832821297425E+00
 0.10827145034871E+00
 0.10821217094305E+00
 0.10815034716193E+00
 0.10808595197129E+00
 0.10801895874157E+00
 0.10794934082237E+00
 0.10787707081109E+00
 0.10780212039774E+00
 0.10772446267128E+00
 0.10764406662183E+00
 0.10756090065495E+00
 0.10747493107789E+00
 0.10738612162154E+00
 0.10729443295880E+00
 0.10719982223810E+00
 0.10710224271949E+00
 0.10700164347330E+00
 0.10689796887462E+00
 0.10679115786816E+00
 0.10668114398765E+00
 0.10656785431949E+00
 0.10645120964616E+00
 0.10633112384449E+00
 0.10620750344036E+00
 0.10608024728844E+00
 0.10594924629675E+00
 0.10581438312487E+00
 0.10567553178989E+00
 0.10553255788269E+00
 0.10538531521019E+00
 0.10523365042641E+00
 0.10507739986299E+00
 0.10491638971581E+00
 0.10475043589327E+00
 0.10457928465548E+00
 0.10440283752071E+00
 0.10422082836912E+00
 0.10403302899984E+00
 0.10383919982474E+00
 0.10363909067469E+00
 0.10343243909698E+00
 0.10321897018964E+00
 0.10299839754094E+00
 0.10277042329489E+00
 0.10253473373912E+00
 0.10229100744925E+00
 0.10203890799125E+00
 0.10177808590249E+00
 0.10150817952507E+00
 0.10122881426393E+00
 0.10093960296345E+00
 0.10064014652075E+00
 0.10033003085828E+00
 0.10000882902653E+00
 0.99676102625871E-01
 0.99331401062117E-01
 0.98974259230209E-01
 0.98604200531077E-01
 0.98220736988900E-01
 0.97823368588314E-01
 0.97411583947811E-01
 0.96984861367749E-01
 0.96542668046186E-01
 0.96084462770722E-01
 0.95609700678165E-01
 0.95117820585714E-01
 0.94608261375836E-01
 0.94080457193125E-01
 0.93533835859316E-01
 0.92967830887039E-01
 0.92381780119657E-01
 0.91775280610716E-01
 0.91147692139647E-01
 0.90498464355800E-01
 0.89827053758577E-01
 0.89132935758227E-01
 0.88415601686894E-01
 0.87674559922644E-01
 0.86909350891291E-01
 0.86119546118532E-01
 0.85304747600253E-01
 0.84464598900035E-01
 0.83598787918050E-01
 0.82707048487433E-01
 0.81789171450963E-01
 0.80845007710001E-01
 0.79874462985973E-01
 0.78877516983384E-01
 0.77854217098241E-01
 0.76804687582776E-01
 0.75729127449638E-01
 0.74627815282596E-01
 0.73501114003533E-01
 0.72349465365343E-01
 0.71173403042295E-01
 0.69973533950009E-01
 0.68750554748387E-01
 0.67505236177989E-01
 0.66238434919868E-01
 0.64951077689498E-01
 0.63644167275998E-01
 0.62318778207647E-01
 0.60975982923287E-01
 0.59617124684862E-01
 0.58243396710206E-01
 0.56856114785701E-01
 0.55456665386087E-01
 0.54046476597124E-01
 0.52627022141408E-01
 0.51199837116084E-01
 0.49766503410103E-01
 0.48328645787492E-01
 0.46887949996158E-01
 0.45446152717122E-01
 0.44005038767614E-01
 0.42566447658661E-01
 0.41132290077991E-01
 0.39704527160050E-01
 0.38285184008105E-01
 0.36876336570503E-01
 0.35480125142711E-01
 0.34098728395273E-01
 0.32734375747895E-01
 0.31389321987500E-01
 0.30065836623033E-01
 0.28766182903157E-01
 0.27492586281152E-01
 0.26247218159701E-01
 0.25032170411726E-01
 0.23849392561220E-01
 0.22700704279573E-01
 0.21587723632715E-01
 0.20511876092066E-01
 0.19474339051492E-01
 0.18476043962898E-01
 0.17517654725747E-01
 0.16599566103737E-01
 0.15721915708958E-01
 0.14884574585341E-01
 0.14087195998013E-01
 0.13329165586871E-01
 0.12609714112686E-01
 0.11927889714167E-01
 0.11282588722315E-01
 0.10672595157491E-01
 0.10096597208012E-01
 0.95532142673137E-02
 0.90410226501165E-02
 0.85585720660431E-02
 0.81042523259233E-02
 0.76769206446924E-02
 0.72749947718023E-02
 0.68970765587708E-02
 0.65418075189427E-02
 0.62078749380053E-02
 0.58940173933669E-02
 0.55990272970298E-02
 0.53217524248401E-02
 0.50610987043290E-02
 0.48160297197744E-02
 0.45855653080853E-02
 0.43687801770792E-02
 0.41648043433691E-02
 0.39728213420559E-02
 0.37920633605621E-02
 0.36218112630022E-02
 0.34613915329025E-02
 0.33101744519531E-02
 0.31675715252235E-02
 0.30330340840644E-02
 0.29060457654969E-02
 0.27861289951333E-02
 0.26728363394679E-02
 0.25657507150768E-02
 0.24644829564378E-02
 0.23686700694738E-02
 0.22779737177644E-02
 0.21920780561212E-02
 0.21106887074863E-02
 0.20335308694399E-02
 0.19603482603804E-02
 0.18909016915504E-02
 0.18249678019014E-02
 0.17623380863734E-02
 0.17028178768353E-02
 0.16462252182656E-02
 0.15923899913451E-02
 0.15411532763732E-02
 0.14923664287906E-02
 0.14458903520374E-02
 0.14015948925005E-02
 0.13593581255043E-02
 0.13190658401172E-02
 0.12806111103555E-02
 0.12438936548712E-02
 0.12088193422649E-02
 0.11752999553234E-02
 0.11432526507217E-02
 0.11125996515922E-02
 0.10832678275015E-02
 0.10551884873844E-02
 0.10282970276741E-02
 0.10025327329180E-02
 0.97783839370668E-03
 0.95416016500820E-03
 0.93144734221023E-03
 0.90965208622316E-03
 0.88872942800743E-03
 0.86863679448689E-03
 0.84933410760579E-03
 0.83078351146505E-03
 0.81294927140985E-03
 0.79579758604984E-03
 0.77929654462736E-03
 0.76341595781223E-03
 0.74812727576728E-03
 0.73340347450526E-03
 0.71921895570861E-03
 0.70554949618001E-03
 0.69237212940204E-03
 0.67966509170700E-03
 0.66740774643675E-03
 0.65558051390349E-03
 0.64416481219859E-03
 0.63314299995338E-03
 0.62249833477623E-03
 0.61221488400178E-03
 0.60227752972215E-03
 0.59267188289462E-03
 0.58338426178709E-03
 0.57440164810141E-03
 0.56571165731882E-03
 0.55730247908633E-03
 0.54916287870852E-03
 0.54128216312357E-03
 0.53365010574554E-03
 0.52625697464580E-03
 0.51909351444253E-03
 0.51215083659712E-03
 0.50542050385470E-03
 0.49889445101000E-03
 0.49256496534227E-03
 0.48642467046182E-03
 0.48046654211672E-03
 0.47468385434370E-03
 0.46907017129234E-03
 0.46361933824318E-03
 0.45832545688732E-03
 0.45318290559958E-03
 0.44818627999844E-03
