 0.00000000000000E+00
-0.22712606387794E-22
-0.85203362062811E-21
-0.37920177621361E-21
-0.45301972198319E-20
 0.11955889749113E-10
-0.12950395389844E-09
-0.16534924039609E-11
-0.48233601349028E-10
 0.14518587850040E-10
 0.28105793856066E-10
-0.44296719601587E-10
-0.26789061224801E-10
 0.60772545195269E-10
-0.22868726311249E-09
 0.32306094671199E-08
-0.25710488275194E-09
 0.56659888121672E-08
-0.16886985914244E-07
-0.48837111990439E-07
-0.19216325771250E-06
-0.38946152821275E-06
-0.90605294589753E-06
-0.15534378580448E-05
-0.28420651245116E-05
-0.42100837349760E-04
-0.10974335422586E-04
-0.98595234311172E-05
-0.13233067092177E-04
-0.16821894126283E-04
-0.21513073164096E-04
-0.25326863517923E-04
-0.28456828879580E-04
-0.31717223508636E-04
-0.31939970454857E-04
-0.29243955772253E-04
-0.51264568508169E-04
-0.13696467998183E-04
 0.48857400818667E-05
 0.30588507291575E-04
 0.47825865427637E-04
 0.22665292796283E-04
 0.16614528850280E-03
 0.24056061426072E-03
 0.34289242983052E-03
 0.42650975883944E-03
 0.58517529940617E-03
 0.62405382915810E-03
 0.88443979562492E-03
 0.10929045947080E-02
 0.13022519735481E-02
 0.15644598003305E-02
 0.18694558130878E-02
 0.21496539576864E-02
 0.24661488469998E-02
 0.29115621816120E-02
 0.33305027228391E-02
 0.38084708518581E-02
 0.43270093380989E-02
 0.48760480816503E-02
 0.54624884341217E-02
 0.60754724611504E-02
 0.67415021997033E-02
 0.74876947282882E-02
 0.83035417077965E-02
 0.91427980781548E-02
 0.10020734579601E-01
 0.10952017393040E-01
 0.11927691086204E-01
 0.12960074883342E-01
 0.14059091047288E-01
 0.15233666435541E-01
 0.16467256061483E-01
 0.17753277642438E-01
 0.19094338384176E-01
 0.20487964259932E-01
 0.21953289050266E-01
 0.23498681114188E-01
 0.25103972545694E-01
 0.26786819731286E-01
 0.28536667132414E-01
 0.30368570889991E-01
 0.32269399609879E-01
 0.34242957258463E-01
 0.36298511298586E-01
 0.38444212612037E-01
 0.40678508086815E-01
 0.42995248252663E-01
 0.45410956186904E-01
 0.47915835546590E-01
 0.50515913764000E-01
 0.53218052499285E-01
 0.56028344541345E-01
 0.58947771788379E-01
 0.61982896676924E-01
 0.65133914433966E-01
 0.68406105672796E-01
 0.71804265585459E-01
 0.75338435802336E-01
 0.79008633278304E-01
 0.82823325438045E-01
 0.86790697936558E-01
 0.90909740143567E-01
 0.95195368169236E-01
 0.99649626249396E-01
 0.10428522932020E+00
 0.10910745782028E+00
 0.11412404131671E+00
 0.11934314665658E+00
 0.12477737189668E+00
 0.13043490694204E+00
 0.13632648266024E+00
 0.14246127878808E+00
 0.14885000247663E+00
 0.15550652689563E+00
 0.16244184297958E+00
 0.16966864170939E+00
 0.17719853788600E+00
 0.18504632300463E+00
 0.19322539614571E+00
 0.20174963778890E+00
 0.21063236764243E+00
 0.21988770429453E+00
 0.22952971948034E+00
 0.23957075756836E+00
 0.25002239358627E+00
 0.26089603269705E+00
 0.27219697517664E+00
 0.28392678599096E+00
 0.29608240164202E+00
 0.30865075563206E+00
 0.32161184081662E+00
 0.33493736426567E+00
 0.34858466773252E+00
 0.36249923443278E+00
 0.37661069848890E+00
 0.39083028127278E+00
 0.40505119922608E+00
 0.41914635331138E+00
 0.43297569032682E+00
 0.44638997081606E+00
 0.45923636937194E+00
 0.47137112663693E+00
 0.48266490658679E+00
 0.49301107694603E+00
 0.50232960955403E+00
 0.51057089130670E+00
 0.51771593772172E+00
 0.52377423785250E+00
 0.52877943505395E+00
 0.53278523033789E+00
 0.53585974403480E+00
 0.53808143016550E+00
 0.53953350638489E+00
 0.54029941468305E+00
 0.54046218516505E+00
 0.54009774668096E+00
 0.53927951264539E+00
 0.53807208776313E+00
 0.53653373402188E+00
 0.53471588904639E+00
 0.53266412948072E+00
 0.53041762803131E+00
 0.52801024193303E+00
 0.52547137362274E+00
 0.52282577963404E+00
 0.52009494040771E+00
 0.51729668060654E+00
 0.51444622522533E+00
 0.51155649777113E+00
 0.50863855152445E+00
 0.50570180766291E+00
 0.50275389192210E+00
 0.49980158953567E+00
 0.49685057952996E+00
 0.49390526033107E+00
 0.49097009102580E+00
 0.48804816333441E+00
 0.48514243538397E+00
 0.48225551797228E+00
 0.47938915631846E+00
 0.47654531565233E+00
 0.47372522652079E+00
 0.47093015562184E+00
 0.46816148678216E+00
 0.46541966079301E+00
 0.46270551606950E+00
 0.46001959636808E+00
 0.45736239014799E+00
 0.45473437589056E+00
 0.45213588043623E+00
 0.44956692143358E+00
 0.44702801220280E+00
 0.44451899253608E+00
 0.44203996718545E+00
 0.43959091321707E+00
 0.43717172240940E+00
 0.43478248573407E+00
 0.43242306610592E+00
 0.43009309099766E+00
 0.42779269880301E+00
 0.42552159756276E+00
 0.42327937644566E+00
 0.42106617177288E+00
 0.41888157068075E+00
 0.41672504891151E+00
 0.41459682058812E+00
 0.41249634522166E+00
 0.41042309962113E+00
 0.40837716043085E+00
 0.40635801253441E+00
 0.40436539043600E+00
 0.40239881550333E+00
 0.40045804847659E+00
 0.39854282972169E+00
 0.39665258656627E+00
 0.39478716683211E+00
 0.39294599678981E+00
 0.39112895752666E+00
 0.38933556928290E+00
 0.38756547100162E+00
 0.38581831795689E+00
 0.38409359854255E+00
 0.38239116384200E+00
 0.38071046763619E+00
 0.37905120608855E+00
 0.37741306335783E+00
 0.37579553267481E+00
 0.37419847557983E+00
 0.37262145549106E+00
 0.37106402469539E+00
 0.36952602052254E+00
 0.36800672380777E+00
 0.36650606536524E+00
 0.36502360976422E+00
 0.36355892711011E+00
 0.36211179690625E+00
 0.36068210532674E+00
 0.35926916466868E+00
 0.35787293314639E+00
 0.35649281834249E+00
 0.35512889247784E+00
 0.35378045725271E+00
 0.35244743361800E+00
 0.35112925926129E+00
 0.34982588664196E+00
 0.34853717661906E+00
 0.34726232237915E+00
 0.34600131551160E+00
 0.34475425099944E+00
 0.34352048338713E+00
 0.34229980299053E+00
 0.34109184442468E+00
 0.33989626534726E+00
 0.33871322027929E+00
 0.33754229816981E+00
 0.33638297545069E+00
 0.33523538920440E+00
 0.33409906546302E+00
 0.33297391004933E+00
 0.33185985686458E+00
 0.33075624070310E+00
 0.32966321372338E+00
 0.32858057648152E+00
 0.32750784709521E+00
 0.32644522062340E+00
 0.32539209821498E+00
 0.32434853021497E+00
 0.32331428938393E+00
 0.32228924821897E+00
 0.32127306609449E+00
 0.32026570457412E+00
 0.31926693204543E+00
 0.31827671720290E+00
 0.31729475352418E+00
 0.31632090699141E+00
 0.31535503685053E+00
 0.31439696752865E+00
 0.31344665108790E+00
 0.31250376244857E+00
 0.31156846891142E+00
 0.31064032631527E+00
 0.30971941002269E+00
 0.30880549521869E+00
 0.30789850602114E+00
 0.30699825014778E+00
 0.30610470182384E+00
 0.30521768206588E+00
 0.30433707038119E+00
 0.30346280809637E+00
 0.30259463096787E+00
 0.30173265544081E+00
 0.30087667090946E+00
 0.30002649838623E+00
 0.29918221835679E+00
 0.29834365368949E+00
 0.29751067843071E+00
 0.29668330124647E+00
 0.29586128261943E+00
 0.29504461218197E+00
