 0.00000000000000E+00
-0.30726986033098E-22
-0.81901670184148E-21
-0.59501415551834E-20
-0.22180935560560E-19
-0.18094170120939E-11
 0.89993143335051E-11
-0.13192460687521E-11
 0.58941586703315E-11
-0.11613818193635E-10
-0.34917640147035E-10
-0.71673898392297E-11
-0.34415150550146E-10
 0.82238015526059E-09
 0.18859732311945E-09
 0.85163820415921E-08
 0.57774309538425E-08
 0.10925550936368E-07
-0.16084054909729E-07
-0.47711710204255E-07
-0.19209478387371E-06
-0.39414198533560E-06
-0.91341805080265E-06
-0.15732452281626E-05
-0.28673571858263E-05
 0.11605295434347E-03
 0.69963094191436E-05
-0.78879411456227E-05
-0.13159406193608E-04
-0.16945492183739E-04
-0.21646521667028E-04
-0.25510778315533E-04
-0.28703078269900E-04
-0.31941173441561E-04
-0.32223518632312E-04
-0.29597892526532E-04
 0.49604085490894E-04
-0.11108641126795E-04
 0.45501546629242E-05
 0.30104000031065E-04
 0.84440932544578E-04
-0.75644421418804E-04
 0.16364730349518E-03
 0.24100647168491E-03
 0.27946549326215E-03
 0.50513081508237E-03
 0.48155778048381E-03
 0.74233866061141E-03
 0.88677823803329E-03
 0.10595040193950E-02
 0.13242648614011E-02
 0.16269363299115E-02
 0.18347199923542E-02
 0.20478136865676E-02
 0.25652556139785E-02
 0.30028344391142E-02
 0.33207300089740E-02
 0.38712007521977E-02
 0.43519524499292E-02
 0.48569578184078E-02
 0.53784645425644E-02
 0.60263342458243E-02
 0.68507187775128E-02
 0.76827968640236E-02
 0.84666152516937E-02
 0.92300490153217E-02
 0.10035081793347E-01
 0.10993311671273E-01
 0.12014163927406E-01
 0.13138971055410E-01
 0.14351499417401E-01
 0.15526860696159E-01
 0.16790690035752E-01
 0.18079597993681E-01
 0.19436959052334E-01
 0.20898290295047E-01
 0.22451267167902E-01
 0.24101993074171E-01
 0.25806506789579E-01
 0.27607885253601E-01
 0.29475647657639E-01
 0.31398526420640E-01
 0.33411724398234E-01
 0.35537240515547E-01
 0.37774614236796E-01
 0.40154947754256E-01
 0.42622616174989E-01
 0.45182122101653E-01
 0.47848051247784E-01
 0.50623380158574E-01
 0.53542391751686E-01
 0.56619377854494E-01
 0.59826083529844E-01
 0.63215723832324E-01
 0.66738246924074E-01
 0.70383798342802E-01
 0.74245354739562E-01
 0.78271853102014E-01
 0.82511069809048E-01
 0.86949383514922E-01
 0.91629976865431E-01
 0.96517397835488E-01
 0.10162250317528E+00
 0.10701436773940E+00
 0.11268180958754E+00
 0.11865455303777E+00
 0.12492458603691E+00
 0.13152178355596E+00
 0.13845717406863E+00
 0.14578103909249E+00
 0.15350175423088E+00
 0.16164518456637E+00
 0.17022636293008E+00
 0.17928652422494E+00
 0.18888172961609E+00
 0.19902478415904E+00
 0.20976616507706E+00
 0.22113546619525E+00
 0.23318606899663E+00
 0.24596089650408E+00
 0.25951023205908E+00
 0.27386017164561E+00
 0.28905095522041E+00
 0.30511346347580E+00
 0.32205101841799E+00
 0.33987127994648E+00
 0.35858122536158E+00
 0.37814817756023E+00
 0.39853589316145E+00
 0.41971943990134E+00
 0.44163188202981E+00
 0.46417039220454E+00
 0.48715852011474E+00
 0.51031135395893E+00
 0.53323225597233E+00
 0.55539177627266E+00
 0.57614709036315E+00
 0.59478865750276E+00
 0.61061534337302E+00
 0.62299119601148E+00
 0.63141043896094E+00
 0.63554646972948E+00
 0.63529995088316E+00
 0.63078576657524E+00
 0.62232607748000E+00
 0.61040187675200E+00
 0.59561209219836E+00
 0.57862267575489E+00
 0.56010645304017E+00
 0.54070283512708E+00
 0.52098179319920E+00
 0.50142354728937E+00
 0.48241175656802E+00
 0.46423171274927E+00
 0.44707593152571E+00
 0.43105646143524E+00
 0.41622060958940E+00
 0.40256717838797E+00
 0.39005135816210E+00
 0.37861922934009E+00
 0.36818877861874E+00
 0.35867942815313E+00
 0.35000663287672E+00
 0.34208696235061E+00
 0.33484549686527E+00
 0.32820679259421E+00
 0.32210747461593E+00
 0.31648139293134E+00
 0.31127822305068E+00
 0.30645315211656E+00
 0.30196202649362E+00
 0.29776820253769E+00
 0.29384234686072E+00
 0.29015540415903E+00
 0.28668282592688E+00
 0.28340474788327E+00
 0.28030105480726E+00
 0.27735577300426E+00
 0.27455626175425E+00
 0.27188832824632E+00
 0.26934442822766E+00
 0.26691167537991E+00
 0.26458481175969E+00
 0.26235455049670E+00
 0.26021311979644E+00
 0.25815708799189E+00
 0.25618086923135E+00
 0.25427876850606E+00
 0.25244665067062E+00
 0.25068157867763E+00
 0.24897926408611E+00
 0.24733570125132E+00
 0.24574967080737E+00
 0.24421978149383E+00
 0.24273967467311E+00
 0.24131180840705E+00
 0.23993160924665E+00
 0.23859781590044E+00
 0.23731024968656E+00
 0.23606434936126E+00
 0.23485930720624E+00
 0.23369436093209E+00
 0.23256709402798E+00
 0.23147852785831E+00
 0.23042484295398E+00
 0.22940498680971E+00
 0.22841820658435E+00
 0.22746448151054E+00
 0.22654227437632E+00
 0.22564953485917E+00
 0.22478585325513E+00
 0.22395287556215E+00
 0.22314534401275E+00
 0.22236363915575E+00
 0.22161042459375E+00
 0.22087984311061E+00
 0.22017513384743E+00
 0.21949296471462E+00
 0.21883493288747E+00
 0.21819756777485E+00
 0.21758216913276E+00
 0.21698655571808E+00
 0.21641361275927E+00
 0.21585548293574E+00
 0.21532142334073E+00
 0.21480148918263E+00
 0.21430060095710E+00
 0.21381768459980E+00
 0.21334995743341E+00
 0.21290082837157E+00
 0.21246458794341E+00
 0.21204338052544E+00
 0.21163616696785E+00
 0.21124358436105E+00
 0.21086381636518E+00
 0.21049801692682E+00
 0.21014412343258E+00
 0.20980472658721E+00
 0.20947638261226E+00
 0.20915786632216E+00
 0.20885273618592E+00
 0.20855709544287E+00
 0.20827144359181E+00
 0.20799233560447E+00
 0.20772566761561E+00
 0.20747191748625E+00
 0.20722370650113E+00
 0.20698348929601E+00
 0.20675086375565E+00
 0.20653137246985E+00
 0.20631942780384E+00
 0.20610875035736E+00
 0.20590797579831E+00
 0.20571276955869E+00
 0.20552516490092E+00
 0.20534532086298E+00
 0.20517163789693E+00
 0.20500516956686E+00
 0.20484429942170E+00
 0.20468856100463E+00
 0.20453767758491E+00
 0.20439137074870E+00
 0.20425042012446E+00
 0.20411721629755E+00
 0.20398778303858E+00
 0.20386011551398E+00
 0.20373849448839E+00
 0.20362012447451E+00
 0.20350659276275E+00
 0.20339912644927E+00
 0.20329090412784E+00
 0.20318764520588E+00
 0.20308802261524E+00
 0.20299287046793E+00
 0.20290209982630E+00
 0.20281166177010E+00
 0.20272586869425E+00
 0.20264296437258E+00
 0.20256352618674E+00
 0.20248724171525E+00
 0.20241311573302E+00
 0.20233942955573E+00
 0.20226873914230E+00
 0.20220179982665E+00
 0.20213474436306E+00
 0.20207130628715E+00
 0.20200942437443E+00
 0.20194987733430E+00
 0.20189266639316E+00
 0.20183554165396E+00
 0.20178031393417E+00
 0.20172751227778E+00
 0.20167548616271E+00
 0.20162590208900E+00
 0.20157855546068E+00
 0.20153267583822E+00
 0.20148747302953E+00
 0.20144293192922E+00
 0.20140055705864E+00
 0.20135898925600E+00
