 0.00000000000000E+00
 0.81932793752525E-24
 0.50868360155414E-22
 0.21378156646813E-21
 0.19619500741528E-20
-0.40584465388535E-11
 0.47286810310082E-10
-0.53379820302628E-11
 0.31540033144002E-10
-0.12744855115403E-10
-0.20182521243650E-10
 0.38149176708718E-10
 0.46696869988196E-11
 0.23490697334222E-09
 0.50555393880219E-09
 0.11480863293169E-08
 0.87961069068999E-08
 0.59031632991298E-08
-0.17751477086031E-07
-0.51026644911074E-07
-0.19875731959552E-06
-0.40762981707896E-06
-0.93241785089928E-06
-0.16072516818149E-05
-0.29097352546096E-05
 0.28992854665253E-03
 0.28217846781236E-04
-0.53944680337257E-05
-0.13050454194975E-04
-0.17086399498557E-04
-0.21801122837648E-04
-0.25715479468162E-04
-0.28969170723056E-04
-0.32180531599132E-04
-0.32519155870927E-04
-0.29959560205829E-04
 0.40523595224416E-03
-0.67099915851458E-06
 0.44808313995313E-05
 0.29674012477956E-04
 0.35288460278193E-03
 0.43598960094040E-03
 0.17425039103790E-03
 0.24802409649463E-03
 0.52384320088512E-04
 0.75598449534653E-03
-0.26364926555669E-04
 0.14314027347285E-02
 0.89926198087599E-03
 0.87649512337330E-03
 0.15409551536044E-02
 0.17436895443306E-02
 0.14257473231593E-02
 0.21274332672491E-02
 0.32041233575414E-02
 0.24952754234396E-02
 0.38342070843805E-02
 0.40117501815494E-02
 0.41555930400349E-02
 0.45757925951680E-02
 0.50956214551604E-02
 0.63434351466308E-02
 0.76485721987417E-02
 0.81572292877328E-02
 0.81254641498309E-02
 0.90047551663436E-02
 0.99662403674022E-02
 0.10856141252472E-01
 0.12481269447133E-01
 0.14073832483279E-01
 0.15457393026980E-01
 0.16072201906144E-01
 0.16903378056884E-01
 0.18152545330280E-01
 0.19873837380411E-01
 0.22226810561691E-01
 0.24069338634041E-01
 0.25373954053497E-01
 0.27469261798120E-01
 0.29198838505501E-01
 0.31298190840865E-01
 0.33194854718715E-01
 0.35643589305002E-01
 0.38528681919662E-01
 0.41372126794732E-01
 0.43973104761528E-01
 0.46549972942941E-01
 0.49845211745381E-01
 0.52825417253115E-01
 0.56232199138852E-01
 0.60175910574459E-01
 0.64245195570221E-01
 0.68285402953825E-01
 0.72580683591113E-01
 0.76972895553031E-01
 0.81924855915036E-01
 0.87169131608906E-01
 0.92894019418490E-01
 0.98696925365954E-01
 0.10497788864301E+00
 0.11163864365813E+00
 0.11856066451447E+00
 0.12652867274837E+00
 0.13461890451923E+00
 0.14352450864859E+00
 0.15276879398115E+00
 0.16276456514365E+00
 0.17353439768372E+00
 0.18527700118385E+00
 0.19764925573613E+00
 0.21095634365565E+00
 0.22524009783934E+00
 0.24078512376884E+00
 0.25772962546829E+00
 0.27588722850255E+00
 0.29561975947903E+00
 0.31699610149070E+00
 0.34037311373295E+00
 0.36567422392210E+00
 0.39309295739354E+00
 0.42278026850250E+00
 0.45493083275614E+00
 0.48958697994369E+00
 0.52666500909592E+00
 0.56626314074559E+00
 0.60822375884234E+00
 0.65209733727284E+00
 0.69783633401166E+00
 0.74515606986920E+00
 0.79342358283861E+00
 0.84231868289890E+00
 0.89072983375247E+00
 0.93670418912669E+00
 0.97792107159854E+00
 0.10109857753535E+01
 0.10319808749277E+01
 0.10371056698309E+01
 0.10229880887319E+01
 0.98784542326234E+00
 0.93135481477668E+00
 0.85509433094043E+00
 0.76253547643219E+00
 0.65836050948225E+00
 0.54803888192454E+00
 0.43711189631717E+00
 0.33081617869175E+00
 0.23341066074932E+00
 0.14794744668770E+00
 0.76155813956583E-01
 0.18678892325300E-01
-0.24915207293458E-01
-0.55707674869526E-01
-0.75406076609747E-01
-0.85967284424302E-01
-0.89244666053399E-01
-0.87168372761288E-01
-0.81086404666821E-01
-0.72552490116270E-01
-0.62495795397118E-01
-0.51695459867073E-01
-0.40713619955844E-01
-0.30013833125708E-01
-0.19836180215434E-01
-0.10335807262615E-01
-0.16707295216396E-02
 0.61588957518667E-02
 0.13125676819014E-01
 0.19301808652372E-01
 0.24762067984153E-01
 0.29557344417076E-01
 0.33745882710977E-01
 0.37348572413506E-01
 0.40488709225979E-01
 0.43160338149989E-01
 0.45419133429508E-01
 0.47387192438234E-01
 0.48986518933000E-01
 0.50340374368571E-01
 0.51467406918241E-01
 0.52340684720734E-01
 0.53074489624697E-01
 0.53620920082576E-01
 0.54061280180162E-01
 0.54412481741857E-01
 0.54592549250349E-01
 0.54728456137085E-01
 0.54812170636671E-01
 0.54831684441374E-01
 0.54814089205739E-01
 0.54731472563945E-01
 0.54616655887113E-01
 0.54482209396471E-01
 0.54267388203988E-01
 0.54055795693919E-01
 0.53800159746740E-01
 0.53552495189742E-01
 0.53313450083827E-01
 0.53035014831582E-01
 0.52756151243679E-01
 0.52504351439652E-01
 0.52217805583991E-01
 0.51933566637429E-01
 0.51692882174965E-01
 0.51407212913486E-01
 0.51123757384447E-01
 0.50904392473839E-01
 0.50609457704846E-01
 0.50315697992375E-01
 0.50098864567944E-01
 0.49839242046462E-01
 0.49598709240630E-01
 0.49341236150419E-01
 0.49122414444931E-01
 0.48911217705278E-01
 0.48684584683413E-01
 0.48475096864792E-01
 0.48266900870805E-01
 0.48119199069140E-01
 0.47918934107313E-01
 0.47729379938388E-01
 0.47537793485892E-01
 0.47372894153008E-01
 0.47229068416754E-01
 0.47040859444849E-01
 0.46909661071791E-01
 0.46764606103445E-01
 0.46619220615641E-01
 0.46515045650057E-01
 0.46358509379563E-01
 0.46227374391952E-01
 0.46075606870710E-01
 0.45898538702847E-01
 0.45786929537013E-01
 0.45684841084474E-01
 0.45579744609608E-01
 0.45522754188436E-01
 0.45481173667459E-01
 0.45370954626119E-01
 0.45323138875131E-01
 0.45219695361297E-01
 0.45153577933864E-01
 0.45005177463421E-01
 0.44926873814346E-01
 0.44798860598689E-01
 0.44766256789256E-01
 0.44712105274381E-01
 0.44599680413103E-01
 0.44623636052050E-01
 0.44644937276486E-01
 0.44524265403470E-01
 0.44410117759690E-01
 0.44303212294082E-01
 0.44231226411088E-01
 0.44255277941077E-01
 0.44192743360720E-01
 0.44083542891118E-01
 0.44058147163090E-01
 0.43986471383977E-01
 0.43956650168003E-01
 0.43911804951081E-01
 0.43790234128198E-01
 0.43786575037597E-01
 0.43747889513200E-01
 0.43616570558941E-01
 0.43584827573417E-01
 0.43466840415995E-01
 0.43417572770108E-01
 0.43362949614803E-01
 0.43293723151294E-01
 0.43152985219869E-01
 0.43129187861020E-01
 0.43058291769545E-01
 0.43025892631176E-01
 0.42921832201465E-01
 0.42866502868666E-01
 0.42813144510767E-01
 0.42757795184398E-01
 0.42743012485569E-01
 0.42695906544488E-01
 0.42680973920303E-01
 0.42578852988461E-01
 0.42565670459090E-01
 0.42489284001074E-01
 0.42413770942214E-01
 0.42361870398190E-01
 0.42300152304588E-01
 0.42217139520300E-01
 0.42123679878108E-01
 0.42035241374815E-01
 0.41931983515503E-01
 0.41912066904176E-01
 0.41815746851730E-01
 0.41747734728250E-01
 0.41720532332219E-01
 0.41635041881669E-01
 0.41540266217442E-01
 0.41456046442240E-01
 0.41342498788771E-01
 0.41274522103443E-01
 0.41217563380992E-01
