 0.00000000000000E+00
 0.69526775589187E-24
 0.43789484717139E-22
 0.55706338670542E-21
 0.31014390830559E-20
 0.17978123824016E-12
 0.21401050457229E-11
-0.32972485900569E-11
-0.39114854176260E-11
 0.68508709128932E-11
 0.26002563256019E-10
 0.11611375204376E-10
 0.41756458707868E-10
-0.15388340143536E-08
-0.16235103739990E-09
-0.16444231404719E-07
-0.81548943906388E-08
-0.12674389181611E-07
-0.27763577356217E-07
-0.66618083072064E-07
-0.22298969242436E-06
-0.44751068009213E-06
-0.99244144383326E-06
-0.16954211947199E-05
-0.30230429779790E-05
-0.69786496378718E-03
-0.93043799179811E-04
-0.20474518163248E-04
-0.14573126696191E-04
-0.17480956798592E-04
-0.22086064272986E-04
-0.26038517675671E-04
-0.29344208741675E-04
-0.32512791315788E-04
-0.32887154305790E-04
-0.30366630022096E-04
-0.59590970990703E-03
-0.31594731672027E-04
 0.32398082565427E-05
 0.29373003734734E-04
 0.37128189267004E-04
 0.16088232940507E-02
 0.20038185758503E-03
 0.24022370983202E-03
 0.11171911237972E-02
-0.55754639989530E-03
 0.86183010214258E-03
 0.37241080675961E-03
 0.88862945261242E-03
 0.15522320556212E-02
 0.13207511329632E-02
 0.32931218507545E-03
 0.14887704025073E-02
 0.38315942257517E-02
 0.18750533721614E-02
 0.24393852392941E-02
 0.44408442069710E-02
 0.26914841503983E-02
 0.35142111882401E-02
 0.49082163532058E-02
 0.75219156490392E-02
 0.87061422104119E-02
 0.68639591932041E-02
 0.55414422779648E-02
 0.65868888833187E-02
 0.92401556990422E-02
 0.12305362641722E-01
 0.13527614517730E-01
 0.14613392536502E-01
 0.14414729639277E-01
 0.13381451277900E-01
 0.15562282468247E-01
 0.17391236121886E-01
 0.20470806940735E-01
 0.23566695791630E-01
 0.24966658383550E-01
 0.26632434867349E-01
 0.27431650377134E-01
 0.30173735486657E-01
 0.31621027573663E-01
 0.33886858926525E-01
 0.38223528197313E-01
 0.42511154637038E-01
 0.46132800609607E-01
 0.49151633527559E-01
 0.51080434411853E-01
 0.54289319168653E-01
 0.58910899774085E-01
 0.64186835569440E-01
 0.70539676583329E-01
 0.76294692718828E-01
 0.81460403387799E-01
 0.87894587155630E-01
 0.92579552455673E-01
 0.99616579326385E-01
 0.11012749821575E+00
 0.11823220476455E+00
 0.12837508732895E+00
 0.13829821743515E+00
 0.14948057991052E+00
 0.16037331199536E+00
 0.17382301680444E+00
 0.19043090814087E+00
 0.20634568248465E+00
 0.22369424318269E+00
 0.24211639492473E+00
 0.26314469611673E+00
 0.28665075591854E+00
 0.31350059812713E+00
 0.34153033805190E+00
 0.37279964254140E+00
 0.40762245501664E+00
 0.44736630158902E+00
 0.49178494859692E+00
 0.53863759470464E+00
 0.59068077913910E+00
 0.64705372485116E+00
 0.70878800928972E+00
 0.77499299027365E+00
 0.84573896991564E+00
 0.92105489100014E+00
 0.10029693440162E+01
 0.10920019399938E+01
 0.11905147765001E+01
 0.13023991420940E+01
 0.14305251506450E+01
 0.15756043918355E+01
 0.17389837974524E+01
 0.19169620954551E+01
 0.20968615607874E+01
 0.22601850632387E+01
 0.23812043995656E+01
 0.24305515906716E+01
 0.23810990357846E+01
 0.22106188880722E+01
 0.19094470179343E+01
 0.14840972506421E+01
 0.95670241083279E+00
 0.36125206786177E+00
-0.25946818176570E+00
-0.85960626988884E+00
-0.13962718184896E+01
-0.18359520107572E+01
-0.21561320828282E+01
-0.23478805679138E+01
-0.24139111716594E+01
-0.23673782968106E+01
-0.22293921983133E+01
-0.20242236130026E+01
-0.17768306905918E+01
-0.15104712697578E+01
-0.12438347849471E+01
-0.99198879218650E+00
-0.76507023710432E+00
-0.56864806424040E+00
-0.40452406162191E+00
-0.27172314416154E+00
-0.16748658842229E+00
-0.87489196916760E-01
-0.28694738212111E-01
 0.13444348753811E-01
 0.42290082790854E-01
 0.60769880027306E-01
 0.71460139495555E-01
 0.75994715950007E-01
 0.76533028229911E-01
 0.73772289826709E-01
 0.69974430939830E-01
 0.65180966866015E-01
 0.59448826062574E-01
 0.53752093735835E-01
 0.48304094577404E-01
 0.42808562166069E-01
 0.37615844589406E-01
 0.32829106888811E-01
 0.28215995610922E-01
 0.24297600535852E-01
 0.20741933903268E-01
 0.17449746645027E-01
 0.14662510234956E-01
 0.11795489928854E-01
 0.95655581213917E-02
 0.73221880118530E-02
 0.52781201688349E-02
 0.37644533525117E-02
 0.21614630687142E-02
 0.64901557973322E-03
-0.66324281791542E-03
-0.16592384552717E-02
-0.25583824883899E-02
-0.32425839291239E-02
-0.34962570699109E-02
-0.38306757060371E-02
-0.44178124425953E-02
-0.42236730613003E-02
-0.45084837456324E-02
-0.45690482202201E-02
-0.47675377236814E-02
-0.53799337681503E-02
-0.54332791527851E-02
-0.52514720474934E-02
-0.51816433230709E-02
-0.50219925664574E-02
-0.51833411646855E-02
-0.52959906638903E-02
-0.48916003565624E-02
-0.46128101231948E-02
-0.42617471125864E-02
-0.40841670152505E-02
-0.37693319931140E-02
-0.31345938226073E-02
-0.31100211099581E-02
-0.27286034889203E-02
-0.19839825681991E-02
-0.19475542261991E-02
-0.12052315302569E-02
-0.10042907906993E-02
-0.48104207485814E-03
-0.32025869975139E-03
 0.20114536233135E-03
 0.64738219577999E-03
 0.86698648227810E-03
 0.92981554531437E-03
 0.20722527955556E-02
 0.15595160637741E-02
 0.24085205201661E-02
 0.28038053607090E-02
 0.29711249956872E-02
 0.32949246475540E-02
 0.31441477934885E-02
 0.37614578844264E-02
 0.41502295924871E-02
 0.48137543508768E-02
 0.52860203086268E-02
 0.58379556154459E-02
 0.62179173482244E-02
 0.68528705258302E-02
 0.65648411139813E-02
 0.64504188115700E-02
 0.68580202683745E-02
 0.66732019782232E-02
 0.67061385301959E-02
 0.70661303183195E-02
 0.86167574358807E-02
 0.92489829071458E-02
 0.85145422907951E-02
 0.90686024343862E-02
 0.97780545680706E-02
 0.10562567122497E-01
 0.93743296234674E-02
 0.85402261421918E-02
 0.99022061659893E-02
 0.10643869254537E-01
 0.11827305154015E-01
 0.12691466988999E-01
 0.12951956733795E-01
 0.13097592791019E-01
 0.12871315619325E-01
 0.12702752159121E-01
 0.12787872064462E-01
 0.13269458547978E-01
 0.13942260505891E-01
 0.14480866598866E-01
 0.13641461935557E-01
 0.13311315507318E-01
 0.14240358955435E-01
 0.14317990361668E-01
 0.14798222751890E-01
 0.14989471999434E-01
 0.14159522334447E-01
 0.15326784108638E-01
 0.16413074969734E-01
 0.16876310731839E-01
 0.17106472899947E-01
 0.16743901479036E-01
 0.17620163802200E-01
 0.17765063358985E-01
 0.17818035367218E-01
 0.17620499444699E-01
 0.17304803288963E-01
 0.16815136666454E-01
 0.17231186045815E-01
 0.17547130894528E-01
 0.16615643341307E-01
 0.17500992496917E-01
 0.17369046782600E-01
 0.17352579004642E-01
 0.17241875256573E-01
 0.16669071467841E-01
 0.17445756170693E-01
 0.17722205464541E-01
 0.17902141719630E-01
 0.18528171519130E-01
 0.18365794519572E-01
 0.18231115022489E-01
 0.17984386457824E-01
 0.18306448941244E-01
 0.19068872706202E-01
 0.19130334785171E-01
 0.19310093999053E-01
