 0.92121790860073E+02
 0.92121790860027E+02
 0.92121790859548E+02
 0.92121790860743E+02
 0.92121790880881E+02
 0.92121790969858E+02
 0.92121791222144E+02
 0.92121791777010E+02
 0.92121792791779E+02
 0.92121794348156E+02
 0.92121796236996E+02
 0.92121797586021E+02
 0.92121796341469E+02
 0.92121788662418E+02
 0.92121837897825E+02
 0.92121795686189E+02
 0.92121796022438E+02
 0.92121752555107E+02
 0.92121732811747E+02
 0.92121643155447E+02
 0.92121566105988E+02
 0.92121400493483E+02
 0.92121242906338E+02
 0.92120974433565E+02
 0.92120702449354E+02
 0.92120292952297E+02
 0.92119860001133E+02
 0.92119261657634E+02
 0.92118611979856E+02
 0.92117767190376E+02
 0.92116835354945E+02
 0.92115676137471E+02
 0.92114322468389E+02
 0.92112824758859E+02
 0.92111029337258E+02
 0.92108965157710E+02
 0.92106604060325E+02
 0.92103984150312E+02
 0.92100933338778E+02
 0.92097472390242E+02
 0.92093558753683E+02
 0.92089144098520E+02
 0.92084249302969E+02
 0.92078677513134E+02
 0.92072433040883E+02
 0.92065451668662E+02
 0.92057663268331E+02
 0.92049062626609E+02
 0.92039435812579E+02
 0.92028762104774E+02
 0.92016953185964E+02
 0.92003914810668E+02
 0.91989547725635E+02
 0.91973747627714E+02
 0.91956474552830E+02
 0.91937479249444E+02
 0.91916706845145E+02
 0.91894033008508E+02
 0.91869327601359E+02
 0.91842455095687E+02
 0.91813255722307E+02
 0.91781616679232E+02
 0.91747439150994E+02
 0.91710430829865E+02
 0.91670493091370E+02
 0.91627456806935E+02
 0.91581146313400E+02
 0.91531379690550E+02
 0.91477968649445E+02
 0.91420718143821E+02
 0.91359493570631E+02
 0.91293955072714E+02
 0.91223950696480E+02
 0.91149257408045E+02
 0.91069643786060E+02
 0.90984870483576E+02
 0.90894690004020E+02
 0.90798846039793E+02
 0.90697138142973E+02
 0.90589163722714E+02
 0.90474699641238E+02
 0.90353450626113E+02
 0.90225111098245E+02
 0.90089363308461E+02
 0.89945877236387E+02
 0.89794372515035E+02
 0.89634374452129E+02
 0.89465572400829E+02
 0.89287553160144E+02
 0.89099974687379E+02
 0.88902398074548E+02
 0.88694450017677E+02
 0.88475572080203E+02
 0.88245354549823E+02
 0.88003314154077E+02
 0.87748947821140E+02
 0.87481783817881E+02
 0.87201182597192E+02
 0.86906623828488E+02
 0.86597522102822E+02
 0.86273307766752E+02
 0.85933268442649E+02
 0.85576784674575E+02
 0.85203176189835E+02
 0.84811736884385E+02
 0.84401772751059E+02
 0.83972448723846E+02
 0.83523018157612E+02
 0.83052665339118E+02
 0.82560570378489E+02
 0.82045870422380E+02
 0.81507714105674E+02
 0.80945144214740E+02
 0.80357266282460E+02
 0.79743161389603E+02
 0.79101832169127E+02
 0.78432331977254E+02
 0.77733706231962E+02
 0.77004943564053E+02
 0.76245103544825E+02
 0.75453199313936E+02
 0.74628313524991E+02
 0.73769517723799E+02
 0.72875981213583E+02
 0.71946875481774E+02
 0.70981520891900E+02
 0.69979294037337E+02
 0.68939707991839E+02
 0.67862552797857E+02
 0.66747718146559E+02
 0.65595400442528E+02
 0.64406156883148E+02
 0.63180886959850E+02
 0.61920932215558E+02
 0.60628143092312E+02
 0.59304919409851E+02
 0.57954238098034E+02
 0.56579649687283E+02
 0.55185313038076E+02
 0.53775921918590E+02
 0.52356680029914E+02
 0.50933050625966E+02
 0.49510819089198E+02
 0.48095821477729E+02
 0.46693808906777E+02
 0.45310280024431E+02
 0.43950305973177E+02
 0.42618417290447E+02
 0.41318542979396E+02
 0.40053908273307E+02
 0.38827080794111E+02
 0.37639950317199E+02
 0.36493777340401E+02
 0.35389255334882E+02
 0.34326626217079E+02
 0.33305706646576E+02
 0.32325965770230E+02
 0.31386597894697E+02
 0.30486588438486E+02
 0.29624769930946E+02
 0.28799857209318E+02
 0.28010617905716E+02
 0.27255403764869E+02
 0.26532920047900E+02
 0.25841750918142E+02
 0.25180496470478E+02
 0.24547816395482E+02
 0.23942322811946E+02
 0.23362753985222E+02
 0.22807869256988E+02
 0.22276476564330E+02
 0.21767435591229E+02
 0.21279659141158E+02
 0.20812136387144E+02
 0.20363827908468E+02
 0.19933824091870E+02
 0.19521233220306E+02
 0.19125213952509E+02
 0.18744993923983E+02
 0.18379759263582E+02
 0.18028819310418E+02
 0.17691494605636E+02
 0.17367173658194E+02
 0.17055183105013E+02
 0.16754977838601E+02
 0.16466011969981E+02
 0.16187800361202E+02
 0.15919786112799E+02
 0.15661538251786E+02
 0.15412616788090E+02
 0.15172638099039E+02
 0.14941137803698E+02
 0.14717775209898E+02
 0.14502193891439E+02
 0.14294091686350E+02
 0.14093075764208E+02
 0.13898878281815E+02
 0.13711246709085E+02
 0.13529830333296E+02
 0.13353892097883E+02
 0.13184221083341E+02
 0.13020056450492E+02
 0.12861173538441E+02
 0.12707357162999E+02
 0.12558405138083E+02
 0.12414120961980E+02
 0.12274320262991E+02
 0.12138826862352E+02
 0.12007472386118E+02
 0.11880095103300E+02
 0.11756542855352E+02
 0.11636669325648E+02
 0.11520334303110E+02
 0.11407404275567E+02
 0.11297752548432E+02
 0.11191257293336E+02
 0.11087801583826E+02
 0.10987273870872E+02
 0.10889568406672E+02
 0.10794582755437E+02
 0.10702219397147E+02
 0.10612385186709E+02
 0.10524990730611E+02
 0.10439949900325E+02
 0.10357180782231E+02
 0.10276605059486E+02
 0.10198146713760E+02
 0.10121733626893E+02
 0.10047296403101E+02
 0.99747685845251E+01
 0.99040858107770E+01
 0.98351869618951E+01
 0.97680130793278E+01
 0.97025076780629E+01
 0.96386160856674E+01
 0.95762861413760E+01
 0.95154676863598E+01
 0.94561124569670E+01
 0.93981736809231E+01
 0.93416068588920E+01
 0.92863690534890E+01
 0.92324189062322E+01
 0.91797163646032E+01
 0.91282229840405E+01
 0.90779021634300E+01
 0.90287180752318E+01
 0.89806365953827E+01
 0.89336244666640E+01
 0.88876500221196E+01
 0.88426825224859E+01
 0.87986922216117E+01
 0.87556505276414E+01
 0.87135302479716E+01
 0.86723044585354E+01
 0.86319475955319E+01
 0.85924347663092E+01
 0.85537421359039E+01
 0.85158468308053E+01
 0.84787263247946E+01
 0.84423590836266E+01
 0.84067242108774E+01
 0.83718016885529E+01
 0.83375720420732E+01
 0.83040164623907E+01
 0.82711167635435E+01
 0.82388553492205E+01
 0.82072152009491E+01
 0.81761798402500E+01
 0.81457333752727E+01
 0.81158603532587E+01
 0.80865458845239E+01
 0.80577755057552E+01
 0.80295352178312E+01
 0.80018114710684E+01
 0.79745911066359E+01
 0.79478615062759E+01
 0.79216102334260E+01
 0.78958253833302E+01
 0.78704953756272E+01
 0.78456089848423E+01
 0.78211552783416E+01
 0.77971237653946E+01
 0.77735041869207E+01
 0.77502866102152E+01
 0.77274613967823E+01
 0.77050191932794E+01
 0.76829508611391E+01
 0.76612477082437E+01
 0.76399011210360E+01
 0.76189027911173E+01
 0.75982446504796E+01
 0.75779188633017E+01
 0.75579178168417E+01
 0.75382340409004E+01
 0.75188605073590E+01
 0.74997901480627E+01
 0.74810161710734E+01
 0.74625319765172E+01
 0.74443311468818E+01
 0.74264074420766E+01
