 0.13593618031613E+03
 0.13593618031623E+03
 0.13593618031797E+03
 0.13593618032639E+03
 0.13593618034457E+03
 0.13593618036091E+03
 0.13593618033820E+03
 0.13593618020980E+03
 0.13593617988772E+03
 0.13593617929480E+03
 0.13593617844023E+03
 0.13593617755237E+03
 0.13593617726890E+03
 0.13593617886614E+03
 0.13593609034104E+03
 0.13593610330354E+03
 0.13593602409607E+03
 0.13593595384992E+03
 0.13593578212665E+03
 0.13593561340807E+03
 0.13593531097973E+03
 0.13593498430111E+03
 0.13593447330024E+03
 0.13593390818895E+03
 0.13593311206656E+03
 0.13593223442908E+03
 0.13593108913168E+03
 0.13592983717796E+03
 0.13592829388062E+03
 0.13592662485487E+03
 0.13592465634444E+03
 0.13592255246465E+03
 0.13592024444757E+03
 0.13591764156563E+03
 0.13591493155285E+03
 0.13591205637396E+03
 0.13590903711584E+03
 0.13590580654348E+03
 0.13590258413067E+03
 0.13589932902366E+03
 0.13589608746353E+03
 0.13589291456016E+03
 0.13588977221451E+03
 0.13588691886728E+03
 0.13588434018782E+03
 0.13588211509388E+03
 0.13588033088414E+03
 0.13587898641361E+03
 0.13587836441778E+03
 0.13587848437893E+03
 0.13587945728869E+03
 0.13588140159808E+03
 0.13588444183687E+03
 0.13588870855466E+03
 0.13589424354674E+03
 0.13590137303903E+03
 0.13591015695002E+03
 0.13592074866430E+03
 0.13593330818689E+03
 0.13594800148792E+03
 0.13596502343052E+03
 0.13598451092685E+03
 0.13600657283640E+03
 0.13603158361593E+03
 0.13605965106581E+03
 0.13609097788444E+03
 0.13612577414570E+03
 0.13616425692325E+03
 0.13620665048927E+03
 0.13625318684679E+03
 0.13630401334215E+03
 0.13635955833041E+03
 0.13641999041096E+03
 0.13648557467953E+03
 0.13655658661349E+03
 0.13663331165122E+03
 0.13671604565357E+03
 0.13680509597838E+03
 0.13690069179335E+03
 0.13700334257856E+03
 0.13711330870802E+03
 0.13723095087692E+03
 0.13735664481003E+03
 0.13749078391461E+03
 0.13763377990568E+03
 0.13778597641463E+03
 0.13794799239719E+03
 0.13812021897630E+03
 0.13830318830175E+03
 0.13849735514568E+03
 0.13870329804035E+03
 0.13892151349397E+03
 0.13915276853509E+03
 0.13939762664598E+03
 0.13965676514009E+03
 0.13993090020674E+03
 0.14022071484597E+03
 0.14052714960198E+03
 0.14085098750501E+03
 0.14119312524869E+03
 0.14155445600206E+03
 0.14193610936537E+03
 0.14233910331174E+03
 0.14276457765936E+03
 0.14321374576123E+03
 0.14368784157278E+03
 0.14418835802935E+03
 0.14471670540428E+03
 0.14527444565578E+03
 0.14586324600558E+03
 0.14648488143779E+03
 0.14714120350419E+03
 0.14783432365803E+03
 0.14856636188359E+03
 0.14933959466324E+03
 0.15015656204081E+03
 0.15101987287731E+03
 0.15193231962201E+03
 0.15289698215759E+03
 0.15391703753402E+03
 0.15499598455883E+03
 0.15613747321731E+03
 0.15734548112537E+03
 0.15862415716813E+03
 0.15997801991977E+03
 0.16141175541901E+03
 0.16293040941057E+03
 0.16453928981532E+03
 0.16624378721740E+03
 0.16804968230406E+03
 0.16996283948612E+03
 0.17198911511489E+03
 0.17413439323316E+03
 0.17640438959359E+03
 0.17880447153766E+03
 0.18133946737194E+03
 0.18401349592538E+03
 0.18682978799094E+03
 0.18979037284001E+03
 0.19289596248817E+03
 0.19614567857950E+03
 0.19953725738998E+03
 0.20306662544350E+03
 0.20672814017486E+03
 0.21051465608662E+03
 0.21441774186942E+03
 0.21842799969160E+03
 0.22253533279181E+03
 0.22672916367866E+03
 0.23099891144077E+03
 0.23533400373124E+03
 0.23972425383520E+03
 0.24416003170757E+03
 0.24863226757660E+03
 0.25313245788589E+03
 0.25765278072620E+03
 0.26218612373143E+03
 0.26672603309251E+03
 0.27126665768796E+03
 0.27580266628750E+03
 0.28032928584720E+03
 0.28484233648011E+03
 0.28933764591627E+03
 0.29381181970976E+03
 0.29826166703707E+03
 0.30268431125649E+03
 0.30707710476483E+03
 0.31143768688739E+03
 0.31576389103715E+03
 0.32005374164951E+03
 0.32430544926291E+03
 0.32851738317964E+03
 0.33268804412964E+03
 0.33681608459904E+03
 0.34090026733561E+03
 0.34493946890212E+03
 0.34893270617549E+03
 0.35287903549990E+03
 0.35677765576696E+03
 0.36062781107956E+03
 0.36442888789714E+03
 0.36818031068706E+03
 0.37188156653606E+03
 0.37553225798708E+03
 0.37913202126876E+03
 0.38268055164529E+03
 0.38617762566901E+03
 0.38962308403378E+03
 0.39301680567840E+03
 0.39635872618306E+03
 0.39964883881835E+03
 0.40288718027508E+03
 0.40607383844145E+03
 0.40920894894176E+03
 0.41229267731415E+03
 0.41532523783428E+03
 0.41830686420214E+03
 0.42123786136058E+03
 0.42411853900179E+03
 0.42694898995622E+03
 0.42973010171226E+03
 0.43246203294952E+03
 0.43514521106300E+03
 0.43778011446563E+03
 0.44036716529974E+03
 0.44290693277124E+03
 0.44539990634166E+03
 0.44784661089196E+03
 0.45024759721907E+03
 0.45260347509038E+03
 0.45491478645416E+03
 0.45718212235057E+03
 0.45940611069652E+03
 0.46158736617402E+03
 0.46372648313547E+03
 0.46582408453253E+03
 0.46788082922716E+03
 0.46989735787228E+03
 0.47187428159159E+03
 0.47381226821452E+03
 0.47571196012649E+03
 0.47757399250418E+03
 0.47939900725823E+03
 0.48118767460990E+03
 0.48294062765537E+03
 0.48465848890040E+03
 0.48634192848844E+03
 0.48799156812890E+03
 0.48960803943586E+03
 0.49119195854335E+03
 0.49274397534384E+03
 0.49426469235061E+03
 0.49575472179962E+03
 0.49721465874022E+03
 0.49864512394610E+03
 0.50004670027300E+03
 0.50141996836678E+03
 0.50276549955125E+03
 0.50408388869786E+03
 0.50537568449599E+03
 0.50664143826486E+03
 0.50788168872554E+03
 0.50909699766157E+03
 0.51028789039297E+03
 0.51145487517142E+03
 0.51259847356399E+03
 0.51371918797667E+03
 0.51481752447980E+03
 0.51589395616068E+03
 0.51694896487215E+03
 0.51798303596669E+03
 0.51899662390164E+03
 0.51999016600781E+03
 0.52096412652268E+03
 0.52191892764501E+03
 0.52285501721492E+03
 0.52377280115683E+03
 0.52467267890041E+03
 0.52555506746102E+03
 0.52642035231308E+03
 0.52726893600051E+03
 0.52810118525103E+03
 0.52891747089054E+03
 0.52971815532729E+03
 0.53050358638546E+03
 0.53127412491746E+03
 0.53203010372220E+03
 0.53277185543996E+03
 0.53349970276117E+03
 0.53421395800527E+03
 0.53491494394924E+03
 0.53560295758679E+03
 0.53627829578105E+03
 0.53694124820098E+03
 0.53759209224501E+03
 0.53823111379168E+03
 0.53885858275539E+03
 0.53947476052031E+03
 0.54007990520918E+03
 0.54067426880754E+03
 0.54125809227056E+03
 0.54183162771809E+03
 0.54239510348817E+03
 0.54294874864413E+03
 0.54349278698690E+03
 0.54402743701595E+03
 0.54455290727769E+03
 0.54506941561580E+03
 0.54557716050322E+03
 0.54607634026660E+03
 0.54656714857185E+03
 0.54704977437373E+03
 0.54752440216432E+03
 0.54799120781126E+03
 0.54845037503577E+03
 0.54890207157626E+03
 0.54934646473059E+03
 0.54978371776375E+03
 0.55021399002798E+03
 0.55063743699775E+03
