                  NaN
                  NaN
                  NaN
                  NaN
 0.83408831098647E+42
 0.18521473945404E+34
 0.12206109599345E+28
 0.28232711263750E+23
 0.70001929074351E+19
 0.91326023141270E+16
 0.39859761862286E+14
 0.43034413276599E+12
 0.93253706835894E+10
 0.34933952164945E+09
 0.20277198475147E+08
 0.16799436745510E+07
 0.25448545023435E+09
 0.36096976921482E+08
 0.30560159458495E+08
 0.12214467146014E+08
 0.52508910597225E+07
 0.24350327303493E+07
 0.12063993048084E+07
 0.63343577619241E+06
 0.35009983928259E+06
 0.20252390884625E+06
 0.12201814247426E+06
 0.76246698474020E+05
 0.49236381274207E+05
 0.32753604949542E+05
 0.22384322065097E+05
 0.15678322368153E+05
 0.11230563881215E+05
 0.82116534372460E+04
 0.61188129641981E+04
 0.46393874897686E+04
 0.35746246731665E+04
 0.27954516110176E+04
 0.22164593463296E+04
 0.17800199999742E+04
 0.14466390471798E+04
 0.11888122651279E+04
 0.98709670672744E+03
 0.82757986391301E+03
 0.70015217784514E+03
 0.59739003417578E+03
 0.51378137283611E+03
 0.44518545388003E+03
 0.38846659321531E+03
 0.34122099538130E+03
 0.30159162648772E+03
 0.26813211772385E+03
 0.23970646567908E+03
 0.21541567740521E+03
 0.19454250919355E+03
 0.17651316964998E+03
 0.16086216160594E+03
 0.14721202644755E+03
 0.13525356011059E+03
 0.12473258322434E+03
 0.11546582118640E+03
 0.10722406602312E+03
 0.99888842268399E+02
 0.93338439132646E+02
 0.87469184458095E+02
 0.82193604859915E+02
 0.77437295206317E+02
 0.73136762996385E+02
 0.69237571734604E+02
 0.65692949043129E+02
 0.62462268852412E+02
 0.59510934429270E+02
 0.56808256856404E+02
 0.54327702748585E+02
 0.52046096474744E+02
 0.49943070902031E+02
 0.48000694974571E+02
 0.46203139579117E+02
 0.44536301773192E+02
 0.42988007941071E+02
 0.41547108399710E+02
 0.40203752997634E+02
 0.38949099432764E+02
 0.37775257572509E+02
 0.36675150110334E+02
 0.35642287258005E+02
 0.34671045353443E+02
 0.33756125236419E+02
 0.32893409467751E+02
 0.32077337530149E+02
 0.31304556702264E+02
 0.30571392327966E+02
 0.29874672918971E+02
 0.29211271582321E+02
 0.28578378280148E+02
 0.27973405659686E+02
 0.27393878505172E+02
 0.26837651502548E+02
 0.26302590001915E+02
 0.25786737505988E+02
 0.25288214895161E+02
 0.24805348939278E+02
 0.24336476421047E+02
 0.23880044548129E+02
 0.23434585066511E+02
 0.22998667800237E+02
 0.22571037127408E+02
 0.22150394164764E+02
 0.21735617244567E+02
 0.21325367023096E+02
 0.20918633028520E+02
 0.20514327182953E+02
 0.20111504437704E+02
 0.19709185383804E+02
 0.19306453940938E+02
 0.18902510863382E+02
 0.18496551501273E+02
 0.18087835089512E+02
 0.17675749110989E+02
 0.17259677540199E+02
 0.16839156765120E+02
 0.16413752780416E+02
 0.15983180041523E+02
 0.15547198961014E+02
 0.15105757220592E+02
 0.14658852422003E+02
 0.14206685478929E+02
 0.13749556929336E+02
 0.13287930568552E+02
 0.12822467103733E+02
 0.12353967130075E+02
 0.11883440501664E+02
 0.11412073116804E+02
 0.10941231550377E+02
 0.10472429026870E+02
 0.10007355978205E+02
 0.95478150298960E+01
 0.90956859709177E+01
 0.86528864530935E+01
 0.82213113866308E+01
 0.78027783261065E+01
 0.73989571285057E+01
 0.70113196045860E+01
 0.66410981611421E+01
 0.62892407502652E+01
 0.59563952345475E+01
 0.56428986423884E+01
 0.53487917933485E+01
 0.50738493545448E+01
 0.48176055123033E+01
 0.45794076691079E+01
 0.43584532931553E+01
 0.41538341731747E+01
 0.39645755375745E+01
 0.37896743472393E+01
 0.36281229335780E+01
 0.34789311376337E+01
 0.33411420025005E+01
 0.32138445042408E+01
 0.30961810750496E+01
 0.29873498950448E+01
 0.28866227508922E+01
 0.27932832805077E+01
 0.27067171928742E+01
 0.26263480399698E+01
 0.25516496151888E+01
 0.24821454026667E+01
 0.24173931970322E+01
 0.23569995035299E+01
 0.23006040731137E+01
 0.22478795920164E+01
 0.21985287994370E+01
 0.21522816601740E+01
 0.21088948879056E+01
 0.20681408038150E+01
 0.20298185756791E+01
 0.19937431889569E+01
 0.19597460605524E+01
 0.19276754498769E+01
 0.18973866975326E+01
 0.18687535705086E+01
 0.18416585964207E+01
 0.18159963123328E+01
 0.17916638304110E+01
 0.17685728168950E+01
 0.17466401037864E+01
 0.17257911692484E+01
 0.17059515316761E+01
 0.16870583537434E+01
 0.16690517560207E+01
 0.16518783357866E+01
 0.16354830429647E+01
 0.16198205515917E+01
 0.16048470155490E+01
 0.15905236613086E+01
 0.15768089556030E+01
 0.15636697727440E+01
 0.15510754250638E+01
 0.15389917422308E+01
 0.15273672740307E+01
 0.15162267993508E+01
 0.15055197088794E+01
 0.14952230256836E+01
 0.14853152825431E+01
 0.14757764229908E+01
 0.14665876019220E+01
 0.14577312152562E+01
 0.14491907484305E+01
 0.14409506913585E+01
 0.14329964582387E+01
 0.14253143805095E+01
 0.14178915826322E+01
 0.14107159334525E+01
 0.14037760168578E+01
 0.13970610927236E+01
 0.13905610087596E+01
 0.13842661844822E+01
 0.13781675695494E+01
 0.13722566366770E+01
 0.13665252924632E+01
 0.13609658973816E+01
 0.13555712123755E+01
 0.13503343873321E+01
 0.13452489179819E+01
 0.13403086452336E+01
 0.13355077271367E+01
 0.13308406061652E+01
 0.13263020128150E+01
 0.13218869375455E+01
 0.13175906165037E+01
 0.13134085131014E+01
 0.13093363156020E+01
 0.13053699159670E+01
 0.13015053988666E+01
 0.12977390322802E+01
 0.12940672591050E+01
 0.12904866837572E+01
 0.12869940663383E+01
 0.12835863108226E+01
 0.12802604628328E+01
 0.12770136957349E+01
 0.12738433068005E+01
 0.12707467132525E+01
 0.12677214379712E+01
 0.12647651172281E+01
 0.12618754839088E+01
 0.12590503627050E+01
 0.12562876729420E+01
 0.12535854148471E+01
 0.12509416789527E+01
 0.12483546248410E+01
 0.12458224844429E+01
 0.12433435703612E+01
 0.12409162546584E+01
 0.12385389710068E+01
 0.12362102195506E+01
 0.12339285535145E+01
 0.12316925842632E+01
 0.12295009769231E+01
 0.12273524409596E+01
 0.12252457401542E+01
 0.12231796811455E+01
 0.12211531141020E+01
 0.12191649315162E+01
 0.12172140647204E+01
 0.12152994866393E+01
 0.12134202031978E+01
 0.12115752564044E+01
 0.12097637223208E+01
 0.12079847075976E+01
 0.12062373532242E+01
 0.12045208260175E+01
 0.12028343222343E+01
 0.12011770652105E+01
 0.11995483026929E+01
 0.11979473122593E+01
 0.11963733902408E+01
 0.11948258578350E+01
 0.11933040582492E+01
 0.11918073558634E+01
 0.11903351337471E+01
 0.11888867991102E+01
 0.11874617738177E+01
 0.11860594990809E+01
 0.11846794334745E+01
 0.11833210523156E+01
 0.11819838452326E+01
 0.11806673227257E+01
 0.11793710049237E+01
 0.11780944280575E+01
 0.11768371422534E+01
 0.11755987109389E+01
 0.11743787104947E+01
 0.11731767278022E+01
 0.11719923675896E+01
 0.11708252400625E+01
 0.11696749685599E+01
 0.11685411872077E+01
 0.11674235405461E+01
 0.11663216831048E+01
