-0.00000000000000E+00
-0.45787993606571E-04
-0.25479671736362E-02
-0.31935778834889E-01
-0.19347986039595E+00
-0.76536112689647E+00
-0.22970583956121E+01
-0.56946096702670E+01
-0.12279554755862E+02
-0.23793403628171E+02
-0.42293514536273E+02
-0.69868664373101E+02
-0.10810954150360E+03
-0.15729934197482E+03
-0.51992086955051E+03
-0.58102933323892E+03
-0.97096943089573E+03
-0.13646066141077E+04
-0.21180084894241E+04
-0.28872080211312E+04
-0.41042550311092E+04
-0.53979278780437E+04
-0.72611155144447E+04
-0.92405316995188E+04
-0.11867174392138E+05
-0.14609456848314E+05
-0.18013729968769E+05
-0.21498277787551E+05
-0.25591897576743E+05
-0.29682830115725E+05
-0.34269797469972E+05
-0.38743164782452E+05
-0.43252398255884E+05
-0.48019296304937E+05
-0.52374280540293E+05
-0.56444149153161E+05
-0.60108651309515E+05
-0.63539043650893E+05
-0.65998049446221E+05
-0.67592452131865E+05
-0.68161589404711E+05
-0.67528021780215E+05
-0.65822943142759E+05
-0.62244528015335E+05
-0.56879807810972E+05
-0.49505723889360E+05
-0.39908425684785E+05
-0.28155654253814E+05
-0.13424686570732E+05
 0.42638778363381E+04
 0.25172591081392E+05
 0.49581313088835E+05
 0.77784416998704E+05
 0.11009167067039E+06
 0.14652996333747E+06
 0.18802227165376E+06
 0.23465288220503E+06
 0.28680214779413E+06
 0.34487559936825E+06
 0.40930262262065E+06
 0.48054095114359E+06
 0.55906786367441E+06
 0.64510083397737E+06
 0.73976083079975E+06
 0.84334408549032E+06
 0.95646015627050E+06
 0.10797585886063E+07
 0.12139293487091E+07
 0.13597050270946E+07
 0.15178638774447E+07
 0.16889398523514E+07
 0.18743799479697E+07
 0.20748395423130E+07
 0.22913063533787E+07
 0.25248306894393E+07
 0.27765273979529E+07
 0.30475801077241E+07
 0.33392442506835E+07
 0.36525607433680E+07
 0.39895114976144E+07
 0.43513197124913E+07
 0.47395753495479E+07
 0.51559651730996E+07
 0.56022784739870E+07
 0.60804133202567E+07
 0.65920997139987E+07
 0.71400234329202E+07
 0.77261772002034E+07
 0.83529712828237E+07
 0.90229262753375E+07
 0.97387513159194E+07
 0.10503033673512E+08
 0.11319331949654E+08
 0.12190606980478E+08
 0.13120263811180E+08
 0.14111916827837E+08
 0.15169143740410E+08
 0.16296497485703E+08
 0.17498050023053E+08
 0.18778359177579E+08
 0.20142049984068E+08
 0.21594681572603E+08
 0.23141485173238E+08
 0.24788234134129E+08
 0.26541029578366E+08
 0.28406125349146E+08
 0.30390814480317E+08
 0.32502150410626E+08
 0.34747660770093E+08
 0.37135828375820E+08
 0.39675111722944E+08
 0.42374443150992E+08
 0.45243806682645E+08
 0.48293229902980E+08
 0.51533322857679E+08
 0.54975741933663E+08
 0.58632319822051E+08
 0.62515542644421E+08
 0.66638973044447E+08
 0.71016312547296E+08
 0.75662482904492E+08
 0.80592704294624E+08
 0.85823315828185E+08
 0.91370936839351E+08
 0.97253425522341E+08
 0.10348884422252E+09
 0.11009640400737E+09
 0.11709568781378E+09
 0.12450699697822E+09
 0.13235124732358E+09
 0.14064957749943E+09
 0.14942356546184E+09
 0.15869486008415E+09
 0.16848486122085E+09
 0.17881460801570E+09
 0.18970447628754E+09
 0.20117371393682E+09
 0.21323997719240E+09
 0.22591954733541E+09
 0.23922637603524E+09
 0.25317205454314E+09
 0.26776580244821E+09
 0.28301421969995E+09
 0.29892144699097E+09
 0.31548943216025E+09
 0.33271834589819E+09
 0.35060697513643E+09
 0.36915310856909E+09
 0.38835421611612E+09
 0.40820796519579E+09
 0.42871256392200E+09
 0.44986675471076E+09
 0.47167100786506E+09
 0.49412669636096E+09
 0.51723667702563E+09
 0.54100522176566E+09
 0.56543792065720E+09
 0.59054182172612E+09
 0.61632520625246E+09
 0.64279742886044E+09
 0.66996896724426E+09
 0.69785130699475E+09
 0.72645663034822E+09
 0.75579800214249E+09
 0.78588914757831E+09
 0.81674438407079E+09
 0.84837854603512E+09
 0.88080701425983E+09
 0.91404558044606E+09
 0.94811038891190E+09
 0.98301796661969E+09
 0.10187851324058E+10
 0.10554290084408E+10
 0.10929669528797E+10
 0.11314166409269E+10
 0.11707959289398E+10
 0.12111228170107E+10
 0.12524156394997E+10
 0.12946927796100E+10
 0.13379730056634E+10
 0.13822749496530E+10
 0.14276176661032E+10
 0.14740201842418E+10
 0.15215018793148E+10
 0.15700820762415E+10
 0.16197803620716E+10
 0.16706164330893E+10
 0.17226101134222E+10
 0.17757813429995E+10
 0.18301501878849E+10
 0.18857368214715E+10
 0.19425616352471E+10
 0.20006450128434E+10
 0.20600075135720E+10
 0.21206698171730E+10
 0.21826526561941E+10
 0.22459770493791E+10
 0.23106638331060E+10
 0.23767341975300E+10
 0.24442092709246E+10
 0.25131105010630E+10
 0.25834591406719E+10
 0.26552768652722E+10
 0.27285851589067E+10
 0.28034057231857E+10
 0.28797604541237E+10
 0.29576711710921E+10
 0.30371598463092E+10
 0.31182485682015E+10
 0.32009595765019E+10
 0.32853150508526E+10
 0.33713372640474E+10
 0.34590487940140E+10
 0.35484721512296E+10
 0.36396298278569E+10
 0.37325445499048E+10
 0.38272391161298E+10
 0.39237364351391E+10
 0.40220593240227E+10
 0.41222308947718E+10
 0.42242741735628E+10
 0.43282124185529E+10
 0.44340688005850E+10
 0.45418667275382E+10
 0.46516295761003E+10
 0.47633808360341E+10
 0.48771441342820E+10
 0.49929430822468E+10
 0.51108013965058E+10
 0.52307428884474E+10
 0.53527914977103E+10
 0.54769711378078E+10
 0.56033058424301E+10
 0.57318197056553E+10
 0.58625369503760E+10
 0.59954818276525E+10
 0.61306787041752E+10
 0.62681519198094E+10
 0.64079259607088E+10
 0.65500253930847E+10
 0.66944748438271E+10
 0.68412992069248E+10
 0.69905229080858E+10
 0.71421712830484E+10
 0.72962689440331E+10
 0.74528407553193E+10
 0.76119122779791E+10
 0.77735082070635E+10
 0.79376542912567E+10
 0.81043752662032E+10
 0.82736967310133E+10
 0.84456444813909E+10
 0.86202437934430E+10
 0.87975201226186E+10
 0.89774992814643E+10
 0.91602070174965E+10
 0.93456693948208E+10
 0.95339122448222E+10
 0.97249613787668E+10
 0.99188429351174E+10
 0.10115583139449E+11
 0.10315208155100E+11
 0.10517744308443E+11
 0.10723217978373E+11
 0.10931655598032E+11
 0.11143083748954E+11
 0.11357529032702E+11
 0.11575018159476E+11
 0.11795577878066E+11
 0.12019235015677E+11
 0.12246016538081E+11
 0.12475949433445E+11
 0.12709060784598E+11
 0.12945377757279E+11
 0.13184927577093E+11
 0.13427737639038E+11
 0.13673835262102E+11
 0.13923247961772E+11
 0.14176003300103E+11
 0.14432128923380E+11
 0.14691652539391E+11
 0.14954602030115E+11
 0.15221005229245E+11
 0.15490890102424E+11
 0.15764284700250E+11
 0.16041217155032E+11
 0.16321715664343E+11
 0.16605808558055E+11
 0.16893524198128E+11
 0.17184891045417E+11
 0.17479937643715E+11
 0.17778692622454E+11
 0.18081184691455E+11
 0.18387442625453E+11
 0.18697495300560E+11
 0.19011371689181E+11
 0.19329100838021E+11
 0.19650711874743E+11
 0.19976234011144E+11
 0.20305696543378E+11
