 0.10930123522451E+01
 0.10930123519207E+01
 0.10930123484239E+01
 0.10930123337184E+01
 0.10930122940021E+01
 0.10930122101953E+01
 0.10930120583507E+01
 0.10930118099669E+01
 0.10930114331741E+01
 0.10930108966883E+01
 0.10930101785718E+01
 0.10930092805017E+01
 0.10930082460668E+01
 0.10930071799019E+01
 0.10930066118204E+01
 0.10930061164039E+01
 0.10930067876163E+01
 0.10930087235543E+01
 0.10930128877183E+01
 0.10930195169195E+01
 0.10930297912965E+01
 0.10930440099497E+01
 0.10930634839432E+01
 0.10930884393694E+01
 0.10931202244644E+01
 0.10931589334737E+01
 0.10932058709928E+01
 0.10932609836810E+01
 0.10933254629976E+01
 0.10933991135849E+01
 0.10934829626685E+01
 0.10935766884577E+01
 0.10936808022116E+01
 0.10937958523556E+01
 0.10939212491334E+01
 0.10940573151699E+01
 0.10942040262990E+01
 0.10943616818851E+01
 0.10945294039595E+01
 0.10947073365697E+01
 0.10948952618686E+01
 0.10950929181000E+01
 0.10953004318585E+01
 0.10955166964895E+01
 0.10957417495132E+01
 0.10959752513156E+01
 0.10962168479355E+01
 0.10964665915344E+01
 0.10967233275791E+01
 0.10969870700707E+01
 0.10972574688160E+01
 0.10975341751749E+01
 0.10978168500548E+01
 0.10981051661282E+01
 0.10983992450933E+01
 0.10986979460202E+01
 0.10990013898133E+01
 0.10993093163781E+01
 0.10996214795439E+01
 0.10999376523402E+01
 0.11002576474226E+01
 0.11005812428550E+01
 0.11009087497968E+01
 0.11012391270989E+01
 0.11015726828031E+01
 0.11019093170746E+01
 0.11022489477525E+01
 0.11025915137018E+01
 0.11029369747217E+01
 0.11032853115917E+01
 0.11036370068397E+01
 0.11039911470026E+01
 0.11043482272303E+01
 0.11047083126090E+01
 0.11050714862273E+01
 0.11054378510692E+01
 0.11058075289627E+01
 0.11061806631765E+01
 0.11065579240545E+01
 0.11069385090152E+01
 0.11073230989739E+01
 0.11077119190296E+01
 0.11081052118563E+01
 0.11085032414644E+01
 0.11089062931460E+01
 0.11093151925585E+01
 0.11097292569321E+01
 0.11101493261178E+01
 0.11105758086439E+01
 0.11110090348697E+01
 0.11114494502613E+01
 0.11118980170825E+01
 0.11123541982821E+01
 0.11128189732165E+01
 0.11132928642965E+01
 0.11137764148019E+01
 0.11142707080520E+01
 0.11147753593006E+01
 0.11152914899165E+01
 0.11158197507816E+01
 0.11163613262738E+01
 0.11169160096698E+01
 0.11174850143478E+01
 0.11180691267369E+01
 0.11186691664596E+01
 0.11192864963268E+01
 0.11199210536265E+01
 0.11205742249833E+01
 0.11212474784734E+01
 0.11219408237712E+01
 0.11226557446257E+01
 0.11233937303185E+01
 0.11241550096913E+01
 0.11249410694753E+01
 0.11257534394447E+01
 0.11265924004785E+01
 0.11274594565453E+01
 0.11283561237818E+01
 0.11292826412830E+01
 0.11302408265730E+01
 0.11312308669840E+01
 0.11322543543619E+01
 0.11333113066212E+01
 0.11344029997289E+01
 0.11355291036106E+01
 0.11366904099339E+01
 0.11378859788276E+01
 0.11391158745509E+01
 0.11403784582640E+01
 0.11416716577950E+01
 0.11429935249723E+01
 0.11443401712744E+01
 0.11457070457253E+01
 0.11470881509147E+01
 0.11484769356127E+01
 0.11498645875940E+01
 0.11512411012242E+01
 0.11525951492896E+01
 0.11539139038713E+01
 0.11551834932374E+01
 0.11563892217009E+01
 0.11575159075481E+01
 0.11585489700493E+01
 0.11594740497404E+01
 0.11602782629546E+01
 0.11609504687596E+01
 0.11614818878971E+01
 0.11618663132986E+01
 0.11621000839599E+01
 0.11621825837159E+01
 0.11621153556006E+01
 0.11619023141561E+01
 0.11615494741749E+01
 0.11610639828235E+01
 0.11604545193055E+01
 0.11597302797661E+01
 0.11589009513976E+01
 0.11579764912225E+01
 0.11569668043806E+01
 0.11558813994187E+01
 0.11547295661003E+01
 0.11535201282919E+01
 0.11522612179943E+01
 0.11509605567103E+01
 0.11496252228122E+01
 0.11482617090633E+01
 0.11468759274324E+01
 0.11454732569551E+01
 0.11440585341080E+01
 0.11426361057882E+01
 0.11412098520191E+01
 0.11397832267496E+01
 0.11383592929556E+01
 0.11369407172601E+01
 0.11355299278803E+01
 0.11341289633861E+01
 0.11327396222632E+01
 0.11313634509171E+01
 0.11300017572012E+01
 0.11286557176900E+01
 0.11273262690795E+01
 0.11260141979625E+01
 0.11247201377781E+01
 0.11234446561102E+01
 0.11221881419436E+01
 0.11209509001374E+01
 0.11197331406774E+01
 0.11185350445759E+01
 0.11173566667317E+01
 0.11161980232517E+01
 0.11150590563030E+01
 0.11139397197722E+01
 0.11128398704888E+01
 0.11117593478578E+01
 0.11106979475089E+01
 0.11096554864642E+01
 0.11086317132535E+01
 0.11076263545598E+01
 0.11066391744408E+01
 0.11056698653259E+01
 0.11047181441970E+01
 0.11037836904475E+01
 0.11028662265203E+01
 0.11019654245233E+01
 0.11010809511223E+01
 0.11002125232239E+01
 0.10993598042785E+01
 0.10985224735088E+01
 0.10977002053328E+01
 0.10968927117198E+01
 0.10960996618395E+01
 0.10953207376441E+01
 0.10945556565996E+01
 0.10938041070245E+01
 0.10930657868719E+01
 0.10923403928272E+01
 0.10916276601658E+01
 0.10909272966746E+01
 0.10902390110738E+01
 0.10895625506188E+01
 0.10888976407210E+01
 0.10882440151600E+01
 0.10876014107307E+01
 0.10869695963107E+01
 0.10863483168820E+01
 0.10857373208015E+01
 0.10851363947212E+01
 0.10845452991441E+01
 0.10839638106529E+01
 0.10833917012750E+01
 0.10828287768064E+01
 0.10822748196705E+01
 0.10817296266934E+01
 0.10811929915915E+01
 0.10806647384755E+01
 0.10801446704000E+01
 0.10796326021838E+01
 0.10791283486159E+01
 0.10786317529635E+01
 0.10781426349748E+01
 0.10776608281289E+01
 0.10771861612518E+01
 0.10767184980986E+01
 0.10762576723798E+01
 0.10758035350243E+01
 0.10753559395758E+01
 0.10749147466806E+01
 0.10744798225197E+01
 0.10740510203814E+01
 0.10736282126801E+01
 0.10732112826595E+01
 0.10728000935756E+01
 0.10723945231147E+01
 0.10719944600735E+01
 0.10715997786537E+01
 0.10712103815768E+01
 0.10708261474446E+01
 0.10704469674005E+01
 0.10700727432541E+01
 0.10697033658246E+01
 0.10693387477018E+01
 0.10689787859530E+01
 0.10686233859532E+01
 0.10682724557157E+01
 0.10679258998610E+01
 0.10675836424886E+01
 0.10672455924576E+01
 0.10669116664190E+01
 0.10665817829096E+01
 0.10662558575542E+01
 0.10659338241553E+01
 0.10656156016906E+01
 0.10653011166500E+01
 0.10649902971755E+01
 0.10646830679138E+01
 0.10643793698569E+01
 0.10640791335157E+01
 0.10637822923863E+01
 0.10634887829058E+01
 0.10631985429230E+01
 0.10629115068250E+01
 0.10626276252362E+01
 0.10623468354812E+01
 0.10620690810189E+01
 0.10617943066803E+01
 0.10615224585744E+01
 0.10612534793198E+01
 0.10609873270337E+01
 0.10607239467173E+01
 0.10604632891833E+01
 0.10602053064402E+01
 0.10599499515357E+01
 0.10596971786272E+01
 0.10594469385360E+01
 0.10591991966115E+01
 0.10589539054176E+01
 0.10587110229749E+01
 0.10584705083405E+01
 0.10582323214787E+01
 0.10579964232342E+01
