 0.00000000000000E+00
-0.27775805928155E-05
-0.30275940199129E-04
-0.12160332004455E-03
-0.15281425584463E-02
-0.16463301044381E-02
-0.11132151919097E-02
-0.15130479781435E-02
-0.20192685832670E-02
-0.25279690309654E-02
-0.29639640271737E-02
-0.31843444715408E-02
-0.33093128318050E-02
-0.31386785456328E-02
-0.26051182013635E-02
-0.16773522109282E-02
-0.27784600956230E-03
 0.15842429722630E-02
 0.39305664314010E-02
 0.67578820638075E-02
 0.10044856798494E-01
 0.13762554702646E-01
 0.17879235259621E-01
 0.22350029722615E-01
 0.27130830394957E-01
 0.32164514551885E-01
 0.37402544471994E-01
 0.42793426141978E-01
 0.48288457427111E-01
 0.53844286853997E-01
 0.59410399059574E-01
 0.64945304142438E-01
 0.70410115075207E-01
 0.75771698772191E-01
 0.81001507626615E-01
 0.86076506105438E-01
 0.90977084088352E-01
 0.95688537851281E-01
 0.10019980496131E+00
 0.10450536738454E+00
 0.10860388028720E+00
 0.11249732224259E+00
 0.11619089569332E+00
 0.11969207093856E+00
 0.12301197585580E+00
 0.12616266469396E+00
 0.12915860815746E+00
 0.13201537634307E+00
 0.13474946637840E+00
 0.13737797706032E+00
 0.13991875141145E+00
 0.14239009560677E+00
 0.14481026378600E+00
 0.14719615546334E+00
 0.14956528398861E+00
 0.15193514445255E+00
 0.15432237385934E+00
 0.15674313128612E+00
 0.15921284295378E+00
 0.16174560037982E+00
 0.16435421772702E+00
 0.16705249120474E+00
 0.16985171377666E+00
 0.17276337647130E+00
 0.17579813480638E+00
 0.17896641756195E+00
 0.18227704748584E+00
 0.18573820959993E+00
 0.18935801744278E+00
 0.19314340424932E+00
 0.19710098479779E+00
 0.20123674495110E+00
 0.20555616885064E+00
 0.21006437328722E+00
 0.21476563780040E+00
 0.21966424433989E+00
 0.22476439360634E+00
 0.23006936662822E+00
 0.23558210895788E+00
 0.24130554707213E+00
 0.24724250560798E+00
 0.25339532564103E+00
 0.25976665890181E+00
 0.26635869342071E+00
 0.27317371685176E+00
 0.28021328973483E+00
 0.28747935518616E+00
 0.29497410249703E+00
 0.30269861382423E+00
 0.31065489364121E+00
 0.31884472719449E+00
 0.32726971168375E+00
 0.33593153054566E+00
 0.34483218382126E+00
 0.35397360345327E+00
 0.36335742036325E+00
 0.37298510606387E+00
 0.38285846981037E+00
 0.39297930005558E+00
 0.40334910727730E+00
 0.41396978921123E+00
 0.42484286265645E+00
 0.43596987575279E+00
 0.44735224697293E+00
 0.45899134553497E+00
 0.47088781153491E+00
 0.48304285034286E+00
 0.49545646876231E+00
 0.50812906327023E+00
 0.52106044757778E+00
 0.53424984893482E+00
 0.54769608171372E+00
 0.56139733435052E+00
 0.57535150480596E+00
 0.58955550834883E+00
 0.60400507280038E+00
 0.61869564154587E+00
 0.63362124337741E+00
 0.64877509894309E+00
 0.66414926666975E+00
 0.67973472986905E+00
 0.69552035300074E+00
 0.71149373148845E+00
 0.72764038233507E+00
 0.74394461921804E+00
 0.76038809103123E+00
 0.77695034394629E+00
 0.79360924855571E+00
 0.81034020496160E+00
 0.82711663112949E+00
 0.84390904285795E+00
 0.86068552400720E+00
 0.87741177146578E+00
 0.89405100908816E+00
 0.91056501771470E+00
 0.92691455418109E+00
 0.94306074268167E+00
 0.95896590805164E+00
 0.97459481868167E+00
 0.98991617874132E+00
 0.10049030110673E+01
 0.10195342477143E+01
 0.10337944269190E+01
 0.10476743927388E+01
 0.10611712498200E+01
 0.10742878571715E+01
 0.10870324284980E+01
 0.10994178095585E+01
 0.11114605675454E+01
 0.11231802448340E+01
 0.11345985422117E+01
 0.11457385594956E+01
 0.11566241910058E+01
 0.11672794349787E+01
 0.11777279740616E+01
 0.11879928327531E+01
 0.11980960392724E+01
 0.12080584412629E+01
 0.12178995581883E+01
 0.12276375157800E+01
 0.12372889563417E+01
 0.12468691455896E+01
 0.12563918196352E+01
 0.12658694412116E+01
 0.12753131220124E+01
 0.12847327665042E+01
 0.12941371483153E+01
 0.13035339835954E+01
 0.13129299616513E+01
 0.13223309407063E+01
 0.13317419324962E+01
 0.13411672361974E+01
 0.13506104903578E+01
 0.13600747223694E+01
 0.13695624274783E+01
 0.13790756121252E+01
 0.13886158740577E+01
 0.13981844148112E+01
 0.14077820841789E+01
 0.14174094614262E+01
 0.14270668247888E+01
 0.14367542311293E+01
 0.14464715300408E+01
 0.14562183710833E+01
 0.14659942550570E+01
 0.14757985411207E+01
 0.14856304516287E+01
 0.14954891107143E+01
 0.15053735496206E+01
 0.15152827043180E+01
 0.15252154632304E+01
 0.15351706334018E+01
 0.15451469875286E+01
 0.15551432607258E+01
 0.15651581369758E+01
 0.15751902864094E+01
 0.15852383556976E+01
 0.15953009685866E+01
 0.16053767534455E+01
 0.16154643026717E+01
 0.16255622620980E+01
 0.16356692141228E+01
 0.16457837866653E+01
 0.16559045954272E+01
 0.16660302789302E+01
 0.16761594695042E+01
 0.16862908290017E+01
 0.16964230257860E+01
 0.17065547494276E+01
 0.17166847017564E+01
 0.17268116058870E+01
 0.17369342021879E+01
 0.17470512649499E+01
 0.17571615728078E+01
 0.17672639396268E+01
 0.17773571882886E+01
 0.17874401760942E+01
 0.17975117740930E+01
 0.18075708991646E+01
 0.18176164617931E+01
 0.18276474244315E+01
 0.18376627622400E+01
 0.18476614584326E+01
 0.18576425442927E+01
 0.18676050744066E+01
 0.18775481109912E+01
 0.18874707564824E+01
 0.18973721193775E+01
 0.19072513549403E+01
 0.19171076269012E+01
 0.19269401273947E+01
 0.19367480727403E+01
 0.19465306994489E+01
 0.19562872703420E+01
 0.19660170625154E+01
 0.19757193845205E+01
 0.19853935696081E+01
 0.19950389623086E+01
 0.20046549425656E+01
 0.20142408841352E+01
 0.20237962221291E+01
 0.20333203892047E+01
 0.20428128248416E+01
 0.20522729866101E+01
 0.20617004248486E+01
 0.20710946013823E+01
 0.20804550565345E+01
 0.20897813374855E+01
 0.20990730230502E+01
 0.21083296800747E+01
 0.21175509213787E+01
 0.21267363617225E+01
 0.21358856317348E+01
 0.21449983905193E+01
 0.21540743128226E+01
 0.21631130557518E+01
 0.21721143531000E+01
 0.21810778791071E+01
 0.21900033823679E+01
 0.21988906020985E+01
 0.22077392940949E+01
 0.22165492204675E+01
 0.22253201753975E+01
 0.22340519480378E+01
 0.22427443483455E+01
 0.22513971959017E+01
 0.22600103159941E+01
 0.22685835573915E+01
 0.22771167737491E+01
 0.22856098399695E+01
 0.22940626314235E+01
 0.23024750236519E+01
 0.23108469313362E+01
 0.23191782662172E+01
 0.23274689456985E+01
 0.23357188792443E+01
 0.23439280127454E+01
 0.23520962969792E+01
 0.23602236742883E+01
 0.23683101360870E+01
 0.23763556334199E+01
 0.23843601394884E+01
 0.23923236529902E+01
 0.24002461851171E+01
 0.24081277201857E+01
 0.24159682713407E+01
 0.24237678514459E+01
 0.24315264834311E+01
 0.24392442027080E+01
 0.24469210501948E+01
 0.24545570679781E+01
 0.24621523140607E+01
 0.24697068177508E+01
 0.24772206512031E+01
 0.24846938804127E+01
 0.24921265723728E+01
 0.24995188075062E+01
 0.25068706667673E+01
 0.25141822378273E+01
 0.25214536085236E+01
