 0.00000000000000E+00
-0.57330129650350E-23
-0.66711423593135E-21
 0.11007384892867E-20
-0.54103498225421E-19
-0.82228006562205E-20
 0.44917388136592E-11
 0.76383692903774E-10
 0.45298096838834E-10
-0.27816467713696E-10
-0.16279604732154E-10
 0.34709727990383E-10
-0.49416992022032E-11
 0.22966050959591E-06
 0.42730994067021E-06
 0.41606166897500E-05
-0.22572732329110E-05
 0.14862517933070E-05
 0.23607175352176E-05
-0.69388304565431E-06
 0.16134129962945E-05
-0.65664504597929E-06
 0.15046359774800E-05
 0.41463607222908E-05
 0.41751828402870E-05
 0.88439434116733E-05
 0.15772255069420E-04
 0.28213788717403E-04
 0.42288437145667E-04
 0.63762898800689E-04
 0.94387436164133E-04
 0.13502098958333E-03
 0.19074297472700E-03
 0.26211131542476E-03
 0.35376847894331E-03
 0.46863228095213E-03
 0.61173400871828E-03
 0.78596619717327E-03
 0.99710770015655E-03
 0.12490910408708E-02
 0.15462534909971E-02
 0.18942230609725E-02
 0.22971611422211E-02
 0.27606658828961E-02
 0.32884497179820E-02
 0.38863661934376E-02
 0.45589083464139E-02
 0.53107499471616E-02
 0.61461208656297E-02
 0.70694929128898E-02
 0.80840991913008E-02
 0.91974764923332E-02
 0.10412629673069E-01
 0.11728936593980E-01
 0.13151933648281E-01
 0.14688025824023E-01
 0.16340459288965E-01
 0.18114363387187E-01
 0.20009940085864E-01
 0.22027112817311E-01
 0.24168877683364E-01
 0.26436753734212E-01
 0.28836017974022E-01
 0.31371364128737E-01
 0.34045715858306E-01
 0.36857293008950E-01
 0.39807623858351E-01
 0.42901720697786E-01
 0.46138974683933E-01
 0.49522250804903E-01
 0.53052916924802E-01
 0.56732724866582E-01
 0.60563030082517E-01
 0.64546426058416E-01
 0.68681114331350E-01
 0.72971847569387E-01
 0.77421281672876E-01
 0.82028352283700E-01
 0.86793653763297E-01
 0.91718427270143E-01
 0.96806219116077E-01
 0.10205878056883E+00
 0.10747765648089E+00
 0.11306500086920E+00
 0.11882384482421E+00
 0.12475081359492E+00
 0.13084924445881E+00
 0.13712051480584E+00
 0.14356672706956E+00
 0.15018942626246E+00
 0.15699005466011E+00
 0.16397379367832E+00
 0.17113985679000E+00
 0.17849282739372E+00
 0.18603327798542E+00
 0.19375993783514E+00
 0.20167585786056E+00
 0.20978347117354E+00
 0.21808301280291E+00
 0.22657563886617E+00
 0.23526499078322E+00
 0.24415101072075E+00
 0.25323488455014E+00
 0.26251641469877E+00
 0.27199546950889E+00
 0.28166762106014E+00
 0.29153365764804E+00
 0.30159298613430E+00
 0.31184165131244E+00
 0.32227627621338E+00
 0.33289049190727E+00
 0.34368131229694E+00
 0.35463988819747E+00
 0.36576200230947E+00
 0.37703778838304E+00
 0.38844876476424E+00
 0.39998652628919E+00
 0.41163457149143E+00
 0.42337682301921E+00
 0.43519456201571E+00
 0.44706106911910E+00
 0.45894715883657E+00
 0.47081830954796E+00
 0.48263643644779E+00
 0.49435866856905E+00
 0.50593221678618E+00
 0.51730076413613E+00
 0.52840508427089E+00
 0.53917565972026E+00
 0.54953273629186E+00
 0.55939021325527E+00
 0.56865155139915E+00
 0.57721480275877E+00
 0.58497633323204E+00
 0.59183902894782E+00
 0.59771729423398E+00
 0.60254213014710E+00
 0.60626743141760E+00
 0.60887710118312E+00
 0.61038302741634E+00
 0.61082552708291E+00
 0.61026864043422E+00
 0.60879786288813E+00
 0.60651748713988E+00
 0.60353859956030E+00
 0.59997532218942E+00
 0.59594062876531E+00
 0.59153987627136E+00
 0.58686972360774E+00
 0.58201584748993E+00
 0.57705235029706E+00
 0.57204148355150E+00
 0.56703403463478E+00
 0.56207035860199E+00
 0.55718125006779E+00
 0.55238999372287E+00
 0.54771279689795E+00
 0.54316043362174E+00
 0.53873905144657E+00
 0.53445097856069E+00
 0.53029519740233E+00
 0.52626994309745E+00
 0.52237049743761E+00
 0.51859210851694E+00
 0.51492864007344E+00
 0.51137400127793E+00
 0.50792144794222E+00
 0.50456466230364E+00
 0.50129737896495E+00
 0.49811368325770E+00
 0.49500783925505E+00
 0.49197474733017E+00
 0.48900956796239E+00
 0.48610799257811E+00
 0.48326596142466E+00
 0.48047955282191E+00
 0.47774540147575E+00
 0.47506045428185E+00
 0.47242218059077E+00
 0.46982777696469E+00
 0.46727493128870E+00
 0.46476192450849E+00
 0.46228681576549E+00
 0.45984767949184E+00
 0.45744313138141E+00
 0.45507193925202E+00
 0.45273278768779E+00
 0.45042442575609E+00
 0.44814604855834E+00
 0.44589644802552E+00
 0.44367491130728E+00
 0.44148060447519E+00
 0.43931296809828E+00
 0.43717110288707E+00
 0.43505446455298E+00
 0.43296260929303E+00
 0.43089481208232E+00
 0.42885066445881E+00
 0.42682964787422E+00
 0.42483132041425E+00
 0.42285537353213E+00
 0.42090123497383E+00
 0.41896855350217E+00
 0.41705710072003E+00
 0.41516633691715E+00
 0.41329612602338E+00
 0.41144594229230E+00
 0.40961561527263E+00
 0.40780486589664E+00
 0.40601325536833E+00
 0.40424059740739E+00
 0.40248653702799E+00
 0.40075094981409E+00
 0.39903340933236E+00
 0.39733373169731E+00
 0.39565161810218E+00
 0.39398683373877E+00
 0.39233915194309E+00
 0.39070833499661E+00
 0.38909408943587E+00
 0.38749614847023E+00
 0.38591428991925E+00
 0.38434853775169E+00
 0.38279821507759E+00
 0.38126347064161E+00
 0.37974405710495E+00
 0.37823956111656E+00
 0.37674990129563E+00
 0.37527461205744E+00
 0.37381379849416E+00
 0.37236704146855E+00
 0.37093423523093E+00
 0.36951514240704E+00
 0.36810967146744E+00
 0.36671754533438E+00
 0.36533843965570E+00
 0.36397233872076E+00
 0.36261913774147E+00
 0.36127858189401E+00
 0.35995035329224E+00
 0.35863430578494E+00
 0.35733051584446E+00
 0.35603841195410E+00
 0.35475800379052E+00
 0.35348887553602E+00
 0.35223129986124E+00
 0.35098489444465E+00
 0.34974941019830E+00
 0.34852469432904E+00
 0.34731073773404E+00
 0.34610723106691E+00
 0.34491414930894E+00
 0.34373109300236E+00
 0.34255825091229E+00
 0.34139530104208E+00
 0.34024204913120E+00
 0.33909843979608E+00
 0.33796415463425E+00
 0.33683914169137E+00
 0.33572341618949E+00
 0.33461678215800E+00
 0.33351901298276E+00
 0.33243010724933E+00
 0.33134975642152E+00
 0.33027791205319E+00
 0.32921444864608E+00
 0.32815912425229E+00
 0.32711204151910E+00
 0.32607292138040E+00
 0.32504179249244E+00
 0.32401851257548E+00
 0.32300301881110E+00
 0.32199505085352E+00
 0.32099449428284E+00
 0.32000121996721E+00
 0.31901533059033E+00
 0.31803638675784E+00
 0.31706459803956E+00
 0.31609989196751E+00
 0.31514180653577E+00
 0.31419052824035E+00
 0.31324592422862E+00
 0.31230792395450E+00
 0.31137641989048E+00
 0.31045123863658E+00
 0.30953242034794E+00
 0.30861979213517E+00
 0.30771321283108E+00
 0.30681277362474E+00
 0.30591824858159E+00
 0.30502974857200E+00
 0.30414707342769E+00
 0.30327000146155E+00
 0.30239861581571E+00
 0.30153273347612E+00
 0.30067237616511E+00
 0.29981753329159E+00
 0.29896809847056E+00
 0.29812391248811E+00
 0.29728495211222E+00
