 0.00000000000000E+00
-0.33865312949015E-22
-0.94021927375213E-21
-0.68964787234503E-20
-0.11075732970053E-18
-0.18891357405060E-18
-0.25487199505075E-10
 0.21843364055807E-10
 0.29612985192665E-10
-0.17766082789580E-11
-0.70162834046411E-11
-0.10714030785652E-10
-0.76148601969051E-11
-0.34666277856772E-06
-0.84923015526800E-06
 0.25030502930004E-05
 0.37035144857971E-05
 0.13926473170273E-06
-0.84927428274853E-06
-0.44349439854401E-05
-0.36888713742132E-05
-0.98691746293759E-07
 0.19695678941701E-05
 0.44528880748826E-05
 0.46708587971704E-05
 0.10640140739695E-04
 0.16799201059008E-04
 0.28639349048936E-04
 0.43269670529292E-04
 0.63111238333494E-04
 0.93484831182846E-04
 0.13595550615422E-03
 0.18994516359031E-03
 0.26188646107070E-03
 0.35345173202780E-03
 0.46867230631770E-03
 0.61035109738293E-03
 0.78695589854347E-03
 0.99757884037099E-03
 0.12492623048643E-02
 0.15471785203753E-02
 0.18944699751428E-02
 0.22971998236521E-02
 0.27611252339544E-02
 0.32890856799562E-02
 0.38883323632293E-02
 0.45605551468538E-02
 0.53123597665755E-02
 0.61477156555818E-02
 0.70735842404968E-02
 0.80957435853724E-02
 0.92126630734552E-02
 0.10416150844816E-01
 0.11731442907925E-01
 0.13167210869229E-01
 0.14722492717685E-01
 0.16389538153104E-01
 0.18175977441989E-01
 0.20073457128143E-01
 0.22089422114144E-01
 0.24240575445789E-01
 0.26522532083007E-01
 0.28949748494636E-01
 0.31523061416916E-01
 0.34239197766362E-01
 0.37085157312279E-01
 0.40076908102904E-01
 0.43228660599446E-01
 0.46525028645210E-01
 0.49978649903908E-01
 0.53589580763750E-01
 0.57361056538988E-01
 0.61295303316075E-01
 0.65390440797979E-01
 0.69664838173299E-01
 0.74116646630171E-01
 0.78726527796437E-01
 0.83506633753344E-01
 0.88475168313607E-01
 0.93632373492712E-01
 0.98981364083356E-01
 0.10453492034288E+00
 0.11027334399090E+00
 0.11620906639752E+00
 0.12234091046213E+00
 0.12867144091544E+00
 0.13521077637074E+00
 0.14195342920443E+00
 0.14892084383233E+00
 0.15611468497556E+00
 0.16354239643885E+00
 0.17120194597489E+00
 0.17911098856451E+00
 0.18725480554103E+00
 0.19562154792037E+00
 0.20422503558467E+00
 0.21309430268792E+00
 0.22222540319667E+00
 0.23161589481762E+00
 0.24128955854106E+00
 0.25122567370851E+00
 0.26143749830541E+00
 0.27192301909920E+00
 0.28267840409137E+00
 0.29368955208578E+00
 0.30499409761605E+00
 0.31656576678139E+00
 0.32841296711146E+00
 0.34052574569900E+00
 0.35289977758983E+00
 0.36554024534225E+00
 0.37844501186144E+00
 0.39161330631230E+00
 0.40499225434542E+00
 0.41855288167251E+00
 0.43232465909379E+00
 0.44623351777082E+00
 0.46028132923862E+00
 0.47439893608952E+00
 0.48849978781112E+00
 0.50245757225679E+00
 0.51620469700859E+00
 0.52963261597282E+00
 0.54265381281835E+00
 0.55509736890369E+00
 0.56686101206201E+00
 0.57780203853964E+00
 0.58765946165834E+00
 0.59613291469143E+00
 0.60283494900894E+00
 0.60735261636795E+00
 0.60926757701275E+00
 0.60820674673854E+00
 0.60394231580196E+00
 0.59634688322995E+00
 0.58550179476373E+00
 0.57163831453373E+00
 0.55514756974847E+00
 0.53657019331746E+00
 0.51650112165296E+00
 0.49558981157560E+00
 0.47443810907593E+00
 0.45362659464340E+00
 0.43362637708446E+00
 0.41479312733338E+00
 0.39738690679560E+00
 0.38154407736519E+00
 0.36731042491471E+00
 0.35466287247820E+00
 0.34352476346150E+00
 0.33378620016690E+00
 0.32531208881556E+00
 0.31795581536717E+00
 0.31157422974476E+00
 0.30603336444609E+00
 0.30121102503112E+00
 0.29699311624567E+00
 0.29327841031106E+00
 0.28998378238552E+00
 0.28703213468235E+00
 0.28435987356339E+00
 0.28191360166487E+00
 0.27965428478135E+00
 0.27754387871054E+00
 0.27555710301315E+00
 0.27366760983113E+00
 0.27185690019300E+00
 0.27010737621607E+00
 0.26841661601350E+00
 0.26677152422803E+00
 0.26517054604895E+00
 0.26360758133709E+00
 0.26207770850325E+00
 0.26057944377888E+00
 0.25911293104855E+00
 0.25767649406405E+00
 0.25626976810042E+00
 0.25489300462737E+00
 0.25354678514942E+00
 0.25222712678548E+00
 0.25093617659183E+00
 0.24967531906321E+00
 0.24844181426752E+00
 0.24723694960373E+00
 0.24605911288588E+00
 0.24490864984705E+00
 0.24378572979953E+00
 0.24268930849817E+00
 0.24161850743315E+00
 0.24057473741433E+00
 0.23955665938630E+00
 0.23856373410851E+00
 0.23759607664750E+00
 0.23665149543125E+00
 0.23573122416480E+00
 0.23483331294179E+00
 0.23395818523005E+00
 0.23310642036568E+00
 0.23227482108600E+00
 0.23146539509002E+00
 0.23067544512901E+00
 0.22990709612476E+00
 0.22915824450560E+00
 0.22842924832005E+00
 0.22771786963548E+00
 0.22702620725615E+00
 0.22635177477271E+00
 0.22569474194095E+00
 0.22505521930147E+00
 0.22443191673331E+00
 0.22382452500167E+00
 0.22323427314682E+00
 0.22265822181237E+00
 0.22209687479005E+00
 0.22155024340332E+00
 0.22101749964407E+00
 0.22049875736789E+00
 0.21999482843698E+00
 0.21950241453654E+00
 0.21902520661491E+00
 0.21855826411020E+00
 0.21810255780532E+00
 0.21766044230334E+00
 0.21723008123675E+00
 0.21680880370457E+00
 0.21639925145790E+00
 0.21599934676099E+00
 0.21561102354935E+00
 0.21523253077507E+00
 0.21486277507490E+00
 0.21450371997494E+00
 0.21415289429963E+00
 0.21381154529454E+00
 0.21347991699725E+00
 0.21315624949625E+00
 0.21284336048309E+00
 0.21253718997541E+00
 0.21224026783825E+00
 0.21194889130118E+00
 0.21166878584195E+00
 0.21139460300300E+00
 0.21112251733078E+00
 0.21085866154162E+00
 0.21060871562100E+00
 0.21035585189869E+00
 0.21010960030141E+00
 0.20987478451591E+00
 0.20964734487509E+00
 0.20942168320547E+00
 0.20920216948039E+00
 0.20898930473603E+00
 0.20878219546544E+00
 0.20858133611124E+00
 0.20838432965434E+00
 0.20818939462873E+00
 0.20800592992281E+00
 0.20782148259891E+00
 0.20764336850041E+00
 0.20746971884683E+00
 0.20729904861240E+00
 0.20713413767940E+00
 0.20697478338038E+00
 0.20682065901234E+00
 0.20666808805972E+00
 0.20651794512151E+00
 0.20636974756929E+00
 0.20622534755190E+00
 0.20608711076633E+00
 0.20595366656734E+00
 0.20582261789653E+00
 0.20569411636272E+00
 0.20557207647249E+00
 0.20545120013874E+00
 0.20533137681469E+00
 0.20520984665601E+00
 0.20509630190115E+00
 0.20498579811721E+00
 0.20487565101547E+00
 0.20477406353584E+00
 0.20466810691634E+00
 0.20456746316684E+00
 0.20447205809897E+00
 0.20437636873179E+00
 0.20428191912360E+00
 0.20418887119273E+00
 0.20409989891081E+00
 0.20401178018491E+00
 0.20392821160351E+00
 0.20384584402302E+00
 0.20376451150563E+00
 0.20368381208558E+00
 0.20360285597606E+00
 0.20352658022634E+00
 0.20345203265196E+00
 0.20337872377765E+00
 0.20330761732971E+00
 0.20323944916336E+00
 0.20317133085911E+00
 0.20310467906703E+00
 0.20303915086650E+00
