 0.00000000000000E+00
 0.85654173502296E-24
 0.53272503396710E-22
 0.70842590268976E-21
 0.17757875960757E-19
 0.45339257772145E-19
 0.12041997460509E-10
-0.74194683658729E-11
-0.19880919163376E-10
 0.21336979296355E-11
 0.29713610019038E-11
 0.27039594054960E-11
 0.19609465552019E-10
 0.59608164472556E-06
 0.16544692726685E-05
-0.24691870692703E-05
-0.61356228263318E-05
 0.70906509703417E-06
 0.17221283759420E-05
 0.93593836338942E-05
 0.93225712705536E-05
 0.25339301048465E-05
 0.10654260741492E-05
 0.17054090299064E-05
 0.10304473063742E-04
 0.45974955878911E-05
 0.18580495198956E-04
 0.23113156930457E-04
 0.38390558642577E-04
 0.69171608948917E-04
 0.10089609570160E-03
 0.13422402538697E-03
 0.19522099667535E-03
 0.26185114521588E-03
 0.35533731758119E-03
 0.46913115632915E-03
 0.62076294591927E-03
 0.78000971078654E-03
 0.99097382885416E-03
 0.12475894938096E-02
 0.15399878011291E-02
 0.18952796803184E-02
 0.23022494567489E-02
 0.27604521843831E-02
 0.32927629515020E-02
 0.38799861809770E-02
 0.45676424525386E-02
 0.53308277131540E-02
 0.61847977623021E-02
 0.70988310485105E-02
 0.80362117108829E-02
 0.90527867798334E-02
 0.10553514801352E-01
 0.12085426156745E-01
 0.13518228666335E-01
 0.14891665371427E-01
 0.16456197984837E-01
 0.18109626798915E-01
 0.20134924330307E-01
 0.22487524601142E-01
 0.24893745239336E-01
 0.27467116918466E-01
 0.29965664204016E-01
 0.32459336457006E-01
 0.35153722574435E-01
 0.38440097027535E-01
 0.41897037812424E-01
 0.45138990918111E-01
 0.48900522938169E-01
 0.52782362220362E-01
 0.56897568679057E-01
 0.61235223675285E-01
 0.65831382366711E-01
 0.70937946764792E-01
 0.75843546908469E-01
 0.80602280137257E-01
 0.86449045952897E-01
 0.93058266430590E-01
 0.99683098530507E-01
 0.10660498154550E+00
 0.11359660305287E+00
 0.12035883889220E+00
 0.12783402639425E+00
 0.13571144476226E+00
 0.14416767609663E+00
 0.15349648902900E+00
 0.16334763298927E+00
 0.17413558543677E+00
 0.18521353687963E+00
 0.19664500502410E+00
 0.20826264057936E+00
 0.22076632236671E+00
 0.23273381038566E+00
 0.24581126056739E+00
 0.26112167835130E+00
 0.27813544871269E+00
 0.29497775642852E+00
 0.31255626852976E+00
 0.33137682494761E+00
 0.34998747157587E+00
 0.37002992761292E+00
 0.39075160131929E+00
 0.41253921872283E+00
 0.43591709501425E+00
 0.46242583913983E+00
 0.48863818730733E+00
 0.51662499565975E+00
 0.54627465902883E+00
 0.57819081509694E+00
 0.61220229199714E+00
 0.64728610335638E+00
 0.68223457389058E+00
 0.71596241900616E+00
 0.75160124572144E+00
 0.79106717361049E+00
 0.82717998265413E+00
 0.86411628164695E+00
 0.89656600365376E+00
 0.92557018670278E+00
 0.95387533301345E+00
 0.98706623548143E+00
 0.10219536014102E+01
 0.10571573580892E+01
 0.10842105094915E+01
 0.10993322778317E+01
 0.10830942604547E+01
 0.10140994470047E+01
 0.88065238670684E+00
 0.67260792326276E+00
 0.39241145716036E+00
 0.51762152455831E-01
-0.32652051416006E+00
-0.71192267544664E+00
-0.10753198788164E+01
-0.13846891805593E+01
-0.16176992120177E+01
-0.17583461272284E+01
-0.18011223904090E+01
-0.17540221294858E+01
-0.16296691264674E+01
-0.14484709320316E+01
-0.12307749726041E+01
-0.10003107306258E+01
-0.77466540791346E+00
-0.56701998409397E+00
-0.38788464923106E+00
-0.23984958355521E+00
-0.12273962892797E+00
-0.34302861600557E-01
 0.29102781211945E-01
 0.71308233054819E-01
 0.96918521839994E-01
 0.11058566372633E+00
 0.11567663155144E+00
 0.11499258846125E+00
 0.10979969500005E+00
 0.10192820506478E+00
 0.92853102674339E-01
 0.82674290305887E-01
 0.72392010222121E-01
 0.62764777677873E-01
 0.53632160868032E-01
 0.44894022746842E-01
 0.36801934285334E-01
 0.28944176103827E-01
 0.22042664658051E-01
 0.16181695904344E-01
 0.12208669103644E-01
 0.82250072224938E-02
 0.53782144560108E-02
 0.24892258264308E-02
 0.13149738652836E-03
-0.14560263120869E-02
-0.25188191892164E-02
-0.34105293363984E-02
-0.39825215536916E-02
-0.43767546182435E-02
-0.47677002458357E-02
-0.53467814027662E-02
-0.53018340236757E-02
-0.52006281656300E-02
-0.54766936356265E-02
-0.53340615935555E-02
-0.53637508323721E-02
-0.51555684202435E-02
-0.49413094068344E-02
-0.48453510059622E-02
-0.45802597751978E-02
-0.41446787763807E-02
-0.38629741333460E-02
-0.36920888598896E-02
-0.35274093388626E-02
-0.34967458032835E-02
-0.32370227676477E-02
-0.30747926605489E-02
-0.27044010152471E-02
-0.22834794172207E-02
-0.21511964745640E-02
-0.15983431364051E-02
-0.12781916175390E-02
-0.61297719452915E-03
-0.24833523881375E-03
 0.12394469104828E-03
 0.40693094390628E-03
 0.94364889983710E-03
 0.11573695725780E-02
 0.15510468970483E-02
 0.19481401490498E-02
 0.22165977785373E-02
 0.25052428626450E-02
 0.29889037261197E-02
 0.30018169542907E-02
 0.33132929882808E-02
 0.37557566135743E-02
 0.40259272933538E-02
 0.44500706308234E-02
 0.48824332260025E-02
 0.49349219143563E-02
 0.55158193598379E-02
 0.51266052438899E-02
 0.54853041748432E-02
 0.61379254770863E-02
 0.59932797859088E-02
 0.57928653042328E-02
 0.63263329704670E-02
 0.66065179481886E-02
 0.71355842733283E-02
 0.73085916075519E-02
 0.76258212161590E-02
 0.82672032725361E-02
 0.84762152348276E-02
 0.92634100097667E-02
 0.98805835701912E-02
 0.10060631209343E-01
 0.10588783409949E-01
 0.10259582346595E-01
 0.10327219947084E-01
 0.10173119834488E-01
 0.10415525680264E-01
 0.96439649412992E-02
 0.92648476907803E-02
 0.10721353393087E-01
 0.11541459754356E-01
 0.99492791517717E-02
 0.11517938567733E-01
 0.13000940929243E-01
 0.12498294185292E-01
 0.11450503663746E-01
 0.12296181600445E-01
 0.12889814691046E-01
 0.13067532496756E-01
 0.12832352234376E-01
 0.12439931980540E-01
 0.12882113768021E-01
 0.14242569455495E-01
 0.12507869671129E-01
 0.12999531063568E-01
 0.13420084900051E-01
 0.13886572175720E-01
 0.14980916658893E-01
 0.14890653648903E-01
 0.14185314795570E-01
 0.12937812655092E-01
 0.13017629326406E-01
 0.13690966476061E-01
 0.15103278175011E-01
 0.16703778406194E-01
 0.16524407640355E-01
 0.15920121889958E-01
 0.15847279378060E-01
 0.15979413301054E-01
 0.14681025188603E-01
 0.14258675423391E-01
 0.14469260374887E-01
 0.16966178398614E-01
 0.16857474705729E-01
 0.16688874870724E-01
 0.17855719771372E-01
 0.16049199636582E-01
 0.17244192787884E-01
 0.17298747567134E-01
 0.16301509801926E-01
 0.16593020877461E-01
 0.16675231296364E-01
 0.17460736103778E-01
 0.17046930910096E-01
 0.17445179679627E-01
 0.16689709722661E-01
 0.16321235918860E-01
 0.16310347945181E-01
 0.16832513166496E-01
 0.17957524481683E-01
 0.17921568023945E-01
 0.17942741366862E-01
 0.18135773875893E-01
 0.18352659252828E-01
 0.17453734524744E-01
 0.17766022734984E-01
 0.17684267223213E-01
 0.17842735192972E-01
