-0.90841336519736E+01
-0.90841334423414E+01
-0.90841313329113E+01
-0.90841230309396E+01
-0.90841018409921E+01
-0.90840591636450E+01
-0.90839851100669E+01
-0.90838710513415E+01
-0.90837173956335E+01
-0.90835480861360E+01
-0.90834286606321E+01
-0.90834816214391E+01
-0.90838936091741E+01
-0.90849123801249E+01
-0.90868346981625E+01
-0.90899883478079E+01
-0.90947118212665E+01
-0.91013345306912E+01
-0.91101597754182E+01
-0.91214513286207E+01
-0.91354240840396E+01
-0.91522387601466E+01
-0.91719996863432E+01
-0.91947548928543E+01
-0.92204998132639E+01
-0.92491813100393E+01
-0.92807021859806E+01
-0.93149274024019E+01
-0.93516901032482E+01
-0.93907975556158E+01
-0.94320369948085E+01
-0.94751810643396E+01
-0.95199927756964E+01
-0.95662299951107E+01
-0.96136495451023E+01
-0.96620107942848E+01
-0.97110781917714E+01
-0.97606242946847E+01
-0.98104314563408E+01
-0.98602939963908E+01
-0.99100190953691E+01
-0.99594278494876E+01
-0.10008355923740E+02
-0.10056653960941E+02
-0.10104187779526E+02
-0.10150838367543E+02
-0.10196501721214E+02
-0.10241088564051E+02
-0.10284523955730E+02
-0.10326746795999E+02
-0.10367709368472E+02
-0.10407376665661E+02
-0.10445725867272E+02
-0.10482745714374E+02
-0.10518435875808E+02
-0.10552805954087E+02
-0.10585876038759E+02
-0.10617674951679E+02
-0.10648239936121E+02
-0.10677625164362E+02
-0.10705867931741E+02
-0.10733035225877E+02
-0.10759193483395E+02
-0.10784415338116E+02
-0.10808779034149E+02
-0.10832368108875E+02
-0.10855271230778E+02
-0.10877581885218E+02
-0.10899397811350E+02
-0.10920821191888E+02
-0.10941958091082E+02
-0.10962918433724E+02
-0.10983816099645E+02
-0.11004768604701E+02
-0.11025896928898E+02
-0.11047325664708E+02
-0.11069182738814E+02
-0.11091599421450E+02
-0.11114711513501E+02
-0.11138658200940E+02
-0.11163582301239E+02
-0.11189630794678E+02
-0.11216955630469E+02
-0.11245710197503E+02
-0.11276056019462E+02
-0.11308158450468E+02
-0.11342187632138E+02
-0.11378336383078E+02
-0.11416758226443E+02
-0.11457655128965E+02
-0.11501222592877E+02
-0.11547664140516E+02
-0.11597190716189E+02
-0.11650022397779E+02
-0.11706387551919E+02
-0.11766525554286E+02
-0.11830684390384E+02
-0.11899123732852E+02
-0.11972114504225E+02
-0.12049938625275E+02
-0.12132892365046E+02
-0.12221282581034E+02
-0.12315430461717E+02
-0.12415669667167E+02
-0.12522347854240E+02
-0.12635829003913E+02
-0.12756496821210E+02
-0.12884705770799E+02
-0.13020864049231E+02
-0.13165373129183E+02
-0.13318637320389E+02
-0.13481061350971E+02
-0.13653046457178E+02
-0.13834981136668E+02
-0.14027227226400E+02
-0.14230119831282E+02
-0.14443946046158E+02
-0.14668928160765E+02
-0.14905203079660E+02
-0.15152799169504E+02
-0.15411607701795E+02
-0.15681344358216E+02
-0.15961518447032E+02
-0.16251397684370E+02
-0.16549997173448E+02
-0.16855930624508E+02
-0.17167537632994E+02
-0.17482822256228E+02
-0.17799440547811E+02
-0.18114782565552E+02
-0.18426063090242E+02
-0.18730396229020E+02
-0.19024977166780E+02
-0.19307224175111E+02
-0.19574952218842E+02
-0.19826564589682E+02
-0.20061315344883E+02
-0.20279529318416E+02
-0.20482983395736E+02
-0.20675082731420E+02
-0.20860978984008E+02
-0.21047343948450E+02
-0.21241852352925E+02
-0.21452594744088E+02
-0.21687160505174E+02
-0.21951852336222E+02
-0.22251019766223E+02
-0.22586735879872E+02
-0.22958708926309E+02
-0.23364539035226E+02
-0.23800109933848E+02
-0.24260101120422E+02
-0.24738490934812E+02
-0.25229024877731E+02
-0.25725616277814E+02
-0.26222559011880E+02
-0.26714864240493E+02
-0.27198071279480E+02
-0.27668438680766E+02
-0.28122990190493E+02
-0.28559346290706E+02
-0.28975749660566E+02
-0.29370886160873E+02
-0.29743863435897E+02
-0.30094095821230E+02
-0.30421302991239E+02
-0.30725388355973E+02
-0.31006387091038E+02
-0.31264447537588E+02
-0.31499807618071E+02
-0.31712693525619E+02
-0.31903412704215E+02
-0.32072234286101E+02
-0.32219463883399E+02
-0.32345351812576E+02
-0.32450176260064E+02
-0.32534197963282E+02
-0.32597671010821E+02
-0.32640826083396E+02
-0.32663903532193E+02
-0.32667158705596E+02
-0.32650836033690E+02
-0.32615220923001E+02
-0.32560604546131E+02
-0.32487277089229E+02
-0.32395609578231E+02
-0.32285938578421E+02
-0.32158692872237E+02
-0.32014304612224E+02
-0.31853240133614E+02
-0.31676011505211E+02
-0.31483145978846E+02
-0.31275233881792E+02
-0.31052860840498E+02
-0.30816686552933E+02
-0.30567354573045E+02
-0.30305548517497E+02
-0.30031976133021E+02
-0.29747360537622E+02
-0.29452387575996E+02
-0.29147869559879E+02
-0.28834493017481E+02
-0.28513038247837E+02
-0.28184211129686E+02
-0.27848769329420E+02
-0.27507436036495E+02
-0.27160901454966E+02
-0.26809880817625E+02
-0.26455050435313E+02
-0.26097054702860E+02
-0.25736536416068E+02
-0.25374107069930E+02
-0.25010350428635E+02
-0.24645822354965E+02
-0.24281055803584E+02
-0.23916553383114E+02
-0.23552789540578E+02
-0.23190209441375E+02
-0.22829229574275E+02
-0.22470240896594E+02
-0.22113606794428E+02
-0.21759656619887E+02
-0.21408702384136E+02
-0.21061022902717E+02
-0.20716875297761E+02
-0.20376494828510E+02
-0.20040085433762E+02
-0.19707840917531E+02
-0.19379915134980E+02
-0.19056466887146E+02
-0.18737614561196E+02
-0.18423468919107E+02
-0.18114116357308E+02
-0.17809639550497E+02
-0.17510101450965E+02
-0.17215547199238E+02
-0.16926001018772E+02
-0.16641495271602E+02
-0.16362038564135E+02
-0.16087633938126E+02
-0.15818267063691E+02
-0.15553927543117E+02
-0.15294584579246E+02
-0.15040211612287E+02
-0.14790765655644E+02
-0.14546204997144E+02
-0.14306480068337E+02
-0.14071537575961E+02
-0.13841319394152E+02
-0.13615763993522E+02
-0.13394806222430E+02
-0.13178379301193E+02
-0.12966414324589E+02
-0.12758837551823E+02
-0.12555575742005E+02
-0.12356556340628E+02
-0.12161702049095E+02
-0.11970936367114E+02
-0.11784180809351E+02
-0.11601359674846E+02
-0.11422395627173E+02
-0.11247210618181E+02
-0.11075729701255E+02
-0.10907868324363E+02
-0.10743555849142E+02
-0.10582715743023E+02
-0.10425272903847E+02
-0.10271151789840E+02
-0.10120279137297E+02
-0.99725823414929E+01
-0.98279907213470E+01
-0.96864331926311E+01
-0.95478372489362E+01
-0.94121374174817E+01
-0.92792658754541E+01
-0.91491572071381E+01
-0.90217455332582E+01
-0.88969693723005E+01
-0.87747648345763E+01
-0.86550703223308E+01
-0.85378280631094E+01
-0.84229784112687E+01
-0.83104644220479E+01
-0.82002295492404E+01
-0.80922199451325E+01
-0.79863819458404E+01
-0.78826633804581E+01
-0.77810133591006E+01
-0.76813820009220E+01
-0.75837202036755E+01
-0.74879794945305E+01
-0.73941160841527E+01
-0.73020830753678E+01
-0.72118364709502E+01
-0.71233344119411E+01
-0.70365342275184E+01
-0.69513952326790E+01
-0.68678775826443E+01
-0.67859424023689E+01
-0.67055518146343E+01
