 0.64848558134328E+01
 0.64848558127789E+01
 0.64848558055455E+01
 0.64848557745466E+01
 0.64848556898687E+01
 0.64848555090410E+01
 0.64848551776718E+01
 0.64848546291150E+01
 0.64848537757027E+01
 0.64848524951977E+01
 0.64848506060569E+01
 0.64848478373379E+01
 0.64848438013376E+01
 0.64848379686525E+01
 0.64848296577938E+01
 0.64848180332562E+01
 0.64848021117125E+01
 0.64847807746413E+01
 0.64847527832445E+01
 0.64847167890550E+01
 0.64846713511995E+01
 0.64846149530644E+01
 0.64845460074992E+01
 0.64844628516338E+01
 0.64843637926793E+01
 0.64842471168643E+01
 0.64841110778441E+01
 0.64839539376220E+01
 0.64837739897782E+01
 0.64835695896569E+01
 0.64833391923692E+01
 0.64830813852166E+01
 0.64827949245704E+01
 0.64824787809437E+01
 0.64821321772115E+01
 0.64817546321593E+01
 0.64813459851850E+01
 0.64809064492813E+01
 0.64804366293167E+01
 0.64799375700266E+01
 0.64794107688810E+01
 0.64788582040840E+01
 0.64782823537802E+01
 0.64776862130642E+01
 0.64770733077158E+01
 0.64764477072506E+01
 0.64758140276781E+01
 0.64751774430772E+01
 0.64745436862558E+01
 0.64739190506525E+01
 0.64733103901721E+01
 0.64727251177944E+01
 0.64721712056529E+01
 0.64716571791244E+01
 0.64711921150145E+01
 0.64707856248529E+01
 0.64704478862393E+01
 0.64701895997788E+01
 0.64700219986491E+01
 0.64699582704109E+01
 0.64700081718041E+01
 0.64701856859867E+01
 0.64705041574423E+01
 0.64709774547396E+01
 0.64716199680633E+01
 0.64724465977026E+01
 0.64734727847632E+01
 0.64747145094731E+01
 0.64761882622667E+01
 0.64779111074384E+01
 0.64799006576210E+01
 0.64821750789718E+01
 0.64847531656084E+01
 0.64876543131975E+01
 0.64908985337578E+01
 0.64945064790702E+01
 0.64984995206177E+01
 0.65028997321533E+01
 0.65077299847278E+01
 0.65130138973767E+01
 0.65187759566564E+01
 0.65250415622250E+01
 0.65318370410105E+01
 0.65391897227733E+01
 0.65471280378603E+01
 0.65556815849125E+01
 0.65648810933379E+01
 0.65747615130831E+01
 0.65853514536797E+01
 0.65966882036145E+01
 0.66088083369653E+01
 0.66217503103827E+01
 0.66355543708283E+01
 0.66502627039039E+01
 0.66659195609569E+01
 0.66825717065044E+01
 0.67002680411862E+01
 0.67190602149427E+01
 0.67390026388697E+01
 0.67601525153032E+01
 0.67825705436754E+01
 0.68063204138360E+01
 0.68314696641577E+01
 0.68580895455178E+01
 0.68862554786512E+01
 0.69160473366741E+01
 0.69475519220331E+01
 0.69808527002197E+01
 0.70160465763462E+01
 0.70532330768874E+01
 0.70925173055706E+01
 0.71340102411214E+01
 0.71778293324099E+01
 0.72240983441375E+01
 0.72729467499688E+01
 0.73245119469512E+01
 0.73789374299413E+01
 0.74363739263295E+01
 0.74969783441453E+01
 0.75609140874123E+01
 0.76283512240898E+01
 0.76994639388847E+01
 0.77744311834161E+01
 0.78534345197697E+01
 0.79366636518991E+01
 0.80242896964715E+01
 0.81164918063003E+01
 0.82134434431892E+01
 0.83153019312324E+01
 0.84222096789473E+01
 0.85342926502047E+01
 0.86516442433022E+01
 0.87743321200212E+01
 0.89023879487056E+01
 0.90358062036220E+01
 0.91745396888148E+01
 0.93185007483625E+01
 0.94675472704950E+01
 0.96215056512705E+01
 0.97801516747673E+01
 0.99432367461163E+01
 0.10110457864127E+02
 0.10281467988091E+02
 0.10455905654036E+02
 0.10633386108234E+02
 0.10813517745756E+02
 0.10995902971189E+02
 0.11180150698593E+02
 0.11365876909225E+02
 0.11552714229726E+02
 0.11740305288468E+02
 0.11928314729183E+02
 0.12116415621857E+02
 0.12304297421824E+02
 0.12491668056387E+02
 0.12678241073041E+02
 0.12863765368514E+02
 0.13047972843119E+02
 0.13230607432175E+02
 0.13411437788539E+02
 0.13590233281083E+02
 0.13766782675632E+02
 0.13940875476896E+02
 0.14112309831699E+02
 0.14280894095782E+02
 0.14446445433760E+02
 0.14608787807945E+02
 0.14767750302177E+02
 0.14923171094143E+02
 0.15074898716981E+02
 0.15222780200038E+02
 0.15366680565469E+02
 0.15506464517216E+02
 0.15642012988709E+02
 0.15773205686240E+02
 0.15899938627676E+02
 0.16022114207397E+02
 0.16139649810407E+02
 0.16252459583264E+02
 0.16360480384873E+02
 0.16463655558454E+02
 0.16561935622543E+02
 0.16655284822103E+02
 0.16743683662539E+02
 0.16827108096477E+02
 0.16905563216292E+02
 0.16979049630458E+02
 0.17047589931563E+02
 0.17111211058872E+02
 0.17169949999992E+02
 0.17223855820761E+02
 0.17272985661778E+02
 0.17317406051283E+02
 0.17357191946138E+02
 0.17392425421882E+02
 0.17423196983712E+02
 0.17449603529584E+02
 0.17471749005116E+02
 0.17489740503439E+02
 0.17503688936280E+02
 0.17513720395691E+02
 0.17519952188992E+02
 0.17522510233755E+02
 0.17521521169560E+02
 0.17517115111802E+02
 0.17509422876429E+02
 0.17498576264934E+02
 0.17484707683239E+02
 0.17467949535436E+02
 0.17448432778688E+02
 0.17426289076792E+02
 0.17401647610929E+02
 0.17374635794338E+02
 0.17345379564409E+02
 0.17314002844991E+02
 0.17280626147942E+02
 0.17245367880761E+02
 0.17208343696165E+02
 0.17169665234482E+02
 0.17129441802404E+02
 0.17087779890521E+02
 0.17044780446689E+02
 0.17000543526158E+02
 0.16955164264688E+02
 0.16908734446030E+02
 0.16861342050518E+02
 0.16813071993565E+02
 0.16764005512189E+02
 0.16714220417839E+02
 0.16663790618745E+02
 0.16612787305569E+02
 0.16561277900094E+02
 0.16509325796803E+02
 0.16456992968936E+02
 0.16404338751059E+02
 0.16351417169601E+02
 0.16298279402968E+02
 0.16244975545479E+02
 0.16191552379343E+02
 0.16138054733581E+02
 0.16084521147412E+02
 0.16030993968971E+02
 0.15977506770264E+02
 0.15924096820174E+02
 0.15870793643916E+02
 0.15817628791970E+02
 0.15764630205650E+02
 0.15711824490393E+02
 0.15659236001014E+02
 0.15606887284567E+02
 0.15554800047070E+02
 0.15502993379649E+02
 0.15451486171190E+02
 0.15400294268249E+02
 0.15349432967494E+02
 0.15298917407254E+02
 0.15248760296038E+02
 0.15198972987616E+02
 0.15149565770837E+02
 0.15100549071253E+02
 0.15051932176430E+02
 0.15003722383684E+02
 0.14955926979342E+02
 0.14908551737516E+02
 0.14861601704521E+02
 0.14815082568244E+02
 0.14768998757355E+02
 0.14723352904374E+02
 0.14678148177908E+02
 0.14633386921371E+02
 0.14589070752914E+02
 0.14545202072710E+02
 0.14501780326452E+02
 0.14458806522222E+02
 0.14416280076834E+02
 0.14374201927427E+02
 0.14332571014761E+02
 0.14291386586428E+02
 0.14250646700935E+02
 0.14210349895620E+02
 0.14170494778708E+02
 0.14131079654763E+02
 0.14092101922835E+02
 0.14053558670383E+02
 0.14015447870968E+02
 0.13977766707338E+02
 0.13940512189241E+02
 0.13903681208598E+02
 0.13867270538953E+02
 0.13831276683810E+02
 0.13795696339396E+02
 0.13760525380966E+02
 0.13725761168386E+02
 0.13691399624793E+02
 0.13657436904115E+02
 0.13623869190342E+02
 0.13590692609276E+02
 0.13557903217033E+02
 0.13525496975873E+02
 0.13493469924908E+02
