 0.10906081480649E+00
 0.10906081480638E+00
 0.10906081480525E+00
 0.10906081480759E+00
 0.10906081486070E+00
 0.10906081506914E+00
 0.10906081562597E+00
 0.10906081676049E+00
 0.10906081824986E+00
 0.10906081841475E+00
 0.10906081234677E+00
 0.10906078952499E+00
 0.10906073137047E+00
 0.10906060888298E+00
 0.10906038112721E+00
 0.10905999446377E+00
 0.10905938252530E+00
 0.10905846724709E+00
 0.10905715999890E+00
 0.10905536365951E+00
 0.10905297448340E+00
 0.10904988395479E+00
 0.10904598080457E+00
 0.10904115342858E+00
 0.10903528988439E+00
 0.10902827933439E+00
 0.10902001341010E+00
 0.10901038591381E+00
 0.10899929255525E+00
 0.10898663056982E+00
 0.10897229765699E+00
 0.10895619099824E+00
 0.10893820620634E+00
 0.10891823576556E+00
 0.10889616756731E+00
 0.10887188341892E+00
 0.10884525825431E+00
 0.10881615817390E+00
 0.10878443967710E+00
 0.10874994799717E+00
 0.10871251658326E+00
 0.10867196610683E+00
 0.10862810373340E+00
 0.10858072243583E+00
 0.10852960038151E+00
 0.10847450052236E+00
 0.10841517006888E+00
 0.10835134027492E+00
 0.10828272603817E+00
 0.10820902567502E+00
 0.10812992061507E+00
 0.10804507528375E+00
 0.10795413693095E+00
 0.10785673531681E+00
 0.10775248272971E+00
 0.10764097416117E+00
 0.10752178592812E+00
 0.10739447694520E+00
 0.10725858820553E+00
 0.10711357978192E+00
 0.10695906807282E+00
 0.10679448811441E+00
 0.10661930784750E+00
 0.10643297688192E+00
 0.10623492671707E+00
 0.10602457114863E+00
 0.10580130545843E+00
 0.10556450645669E+00
 0.10531353458850E+00
 0.10504773139989E+00
 0.10476642144483E+00
 0.10446891291437E+00
 0.10415449530916E+00
 0.10382244175558E+00
 0.10347200964405E+00
 0.10310244112753E+00
 0.10271296144696E+00
 0.10230278136602E+00
 0.10187109533359E+00
 0.10141708588282E+00
 0.10093992123104E+00
 0.10043875591046E+00
 0.99912733820311E-01
 0.99360987803626E-01
 0.98782639947898E-01
 0.98176802446857E-01
 0.97542584045635E-01
 0.96878959627644E-01
 0.96185239628486E-01
 0.95460416132592E-01
 0.94703582185202E-01
 0.93913825156050E-01
 0.93090238740973E-01
 0.92231924596142E-01
 0.91337996061875E-01
 0.90407569703532E-01
 0.89439790900877E-01
 0.88433820173280E-01
 0.87388845056264E-01
 0.86304091776336E-01
 0.85178810549356E-01
 0.84012312616328E-01
 0.82803950623855E-01
 0.81553141142546E-01
 0.80259365571535E-01
 0.78922180679039E-01
 0.77541144947262E-01
 0.76116221312683E-01
 0.74647176164020E-01
 0.73134003938208E-01
 0.71576844145800E-01
 0.69975994881569E-01
 0.68331915093518E-01
 0.66645257769082E-01
 0.64916911153360E-01
 0.63147954881364E-01
 0.61339737854149E-01
 0.59493866759789E-01
 0.57612253540665E-01
 0.55697123103657E-01
 0.53751021189800E-01
 0.51776890338227E-01
 0.49778040872615E-01
 0.47758220901998E-01
 0.45721457372505E-01
 0.43672652228211E-01
 0.41616940925546E-01
 0.39559922121846E-01
 0.37507849496212E-01
 0.35467496459703E-01
 0.33446089025308E-01
 0.31451459835354E-01
 0.29491734686694E-01
 0.27575345239280E-01
 0.25710753746987E-01
 0.23906277691940E-01
 0.22169782956951E-01
 0.20508497000825E-01
 0.18928527141355E-01
 0.17434833841723E-01
 0.16030811789342E-01
 0.14718539053176E-01
 0.13498582394759E-01
 0.12370007960331E-01
 0.11330606743900E-01
 0.10377058159890E-01
 0.95051967580209E-02
 0.87102247578106E-02
 0.79869529348957E-02
 0.73299936262446E-02
 0.67339624018653E-02
 0.61935642101493E-02
 0.57037605945867E-02
 0.52597904378344E-02
 0.48572220015954E-02
 0.44919873851977E-02
 0.41603494915178E-02
 0.38589505424777E-02
 0.35847580385905E-02
 0.33350324097481E-02
 0.31073262420361E-02
 0.28994424311418E-02
 0.27094231266279E-02
 0.25355207493054E-02
 0.23761686482138E-02
 0.22299718234155E-02
 0.20956830838325E-02
 0.19721873129677E-02
 0.18584857765598E-02
 0.17536823271023E-02
 0.16569761546163E-02
 0.15676445220993E-02
 0.14850400276934E-02
 0.14085771112857E-02
 0.13377304792700E-02
 0.12720239769268E-02
 0.12110275873885E-02
 0.11543510022430E-02
 0.11016428876794E-02
 0.10525821047158E-02
 0.10068774390978E-02
 0.96426463450869E-03
 0.92450227904810E-03
 0.88736960942092E-03
 0.85266732694496E-03
 0.82021065936582E-03
 0.78983264612466E-03
 0.76137892789155E-03
 0.73470877353266E-03
 0.70969308741679E-03
 0.68621298550989E-03
 0.66415943999245E-03
 0.64343200662542E-03
 0.62393824983763E-03
 0.60559307309746E-03
 0.58831790595633E-03
 0.57204025368118E-03
 0.55669307184334E-03
 0.54221458167018E-03
 0.52854775262276E-03
 0.51563896995771E-03
 0.50343948086877E-03
 0.49190367443250E-03
 0.48098941506653E-03
 0.47065745999198E-03
 0.46087140747558E-03
 0.45159741715377E-03
 0.44280403166556E-03
 0.43446192794114E-03
 0.42654389124663E-03
 0.41902445103179E-03
 0.41187994551343E-03
 0.40508829347528E-03
 0.39862885635505E-03
 0.39248236197543E-03
 0.38663084685839E-03
 0.38105748475034E-03
 0.37574652704183E-03
 0.37068327197206E-03
 0.36585392590877E-03
 0.36124554563125E-03
 0.35684607271806E-03
 0.35264410528438E-03
 0.34862899991120E-03
 0.34479076037196E-03
 0.34112000268240E-03
 0.33760789809353E-03
 0.33424614978709E-03
 0.33102695290880E-03
 0.32794298406605E-03
 0.32498731911856E-03
 0.32215345445025E-03
 0.31943530080084E-03
 0.31682704355907E-03
 0.31432318291305E-03
 0.31191861747545E-03
 0.30960853589212E-03
 0.30738832434474E-03
 0.30525365378869E-03
 0.30320038987827E-03
 0.30122478274183E-03
 0.29932306219846E-03
 0.29749186897834E-03
 0.29572782845076E-03
 0.29402794498939E-03
 0.29238922759799E-03
 0.29080890790157E-03
 0.28928433781372E-03
 0.28781302341103E-03
 0.28639260102868E-03
 0.28502080897428E-03
 0.28369552378976E-03
 0.28241469545068E-03
 0.28117642929021E-03
 0.27997889861225E-03
 0.27882032883559E-03
 0.27769907437475E-03
 0.27661358011166E-03
 0.27556236929157E-03
 0.27454398612404E-03
 0.27355706512866E-03
 0.27260033089973E-03
 0.27167254589079E-03
 0.27077255604032E-03
 0.26989925753331E-03
 0.26905155397821E-03
 0.26822842061784E-03
 0.26742891835098E-03
 0.26665211259483E-03
 0.26589711986745E-03
 0.26516310491982E-03
 0.26444922323506E-03
 0.26375476155549E-03
 0.26307896517590E-03
 0.26242115486214E-03
 0.26178061637287E-03
 0.26115672323105E-03
 0.26054884870842E-03
 0.25995644033962E-03
 0.25937893023286E-03
 0.25881576271024E-03
 0.25826641225060E-03
 0.25773039865894E-03
 0.25720726392197E-03
 0.25669653598407E-03
 0.25619778244575E-03
 0.25571058774060E-03
 0.25523455420795E-03
 0.25476930023960E-03
 0.25431446310673E-03
 0.25386968580531E-03
 0.25343464914034E-03
 0.25300899635771E-03
 0.25259242789749E-03
 0.25218464755338E-03
 0.25178536786773E-03
 0.25139431149923E-03
 0.25101121396293E-03
 0.25063582129664E-03
 0.25026788868214E-03
