 0.46769851438376E+03
 0.46769851438465E+03
 0.46769851441572E+03
 0.46769851468688E+03
 0.46769851592196E+03
 0.46769851929701E+03
 0.46769852497016E+03
 0.46769852250872E+03
 0.46769845921348E+03
 0.46769818046661E+03
 0.46769735084805E+03
 0.46769537985460E+03
 0.46769137562310E+03
 0.46768413591228E+03
 0.46767217770738E+03
 0.46765379397968E+03
 0.46762712541314E+03
 0.46759023753467E+03
 0.46754119172180E+03
 0.46747810807382E+03
 0.46739921590496E+03
 0.46730289157231E+03
 0.46718768445354E+03
 0.46705233409407E+03
 0.46689577705463E+03
 0.46671714909218E+03
 0.46651578120748E+03
 0.46629119288693E+03
 0.46604308179373E+03
 0.46577131310121E+03
 0.46547590637716E+03
 0.46515702246111E+03
 0.46481495033874E+03
 0.46445009393326E+03
 0.46406295807059E+03
 0.46365413551042E+03
 0.46322429517775E+03
 0.46277416919027E+03
 0.46230454100560E+03
 0.46181623408337E+03
 0.46131010145551E+03
 0.46078701585230E+03
 0.46024786043331E+03
 0.45969352019403E+03
 0.45912487401024E+03
 0.45854278807203E+03
 0.45794810859734E+03
 0.45734165734883E+03
 0.45672422614218E+03
 0.45609657285106E+03
 0.45545941739945E+03
 0.45481343937593E+03
 0.45415927572227E+03
 0.45349751815950E+03
 0.45282871253667E+03
 0.45215335830001E+03
 0.45147190546237E+03
 0.45078475668917E+03
 0.45009226727749E+03
 0.44939474044163E+03
 0.44869244263590E+03
 0.44798558452766E+03
 0.44727433377106E+03
 0.44655881273003E+03
 0.44583910061981E+03
 0.44511523317569E+03
 0.44438720443593E+03
 0.44365496677420E+03
 0.44291843332156E+03
 0.44217747745656E+03
 0.44143193487615E+03
 0.44068160334206E+03
 0.43992624402171E+03
 0.43916558170688E+03
 0.43839930561635E+03
 0.43762706896152E+03
 0.43684849201477E+03
 0.43606316072114E+03
 0.43527062336545E+03
 0.43447039353232E+03
 0.43366195165432E+03
 0.43284474228187E+03
 0.43201817173891E+03
 0.43118162089607E+03
 0.43033442052063E+03
 0.42947586829159E+03
 0.42860522393004E+03
 0.42772167861726E+03
 0.42682445849854E+03
 0.42591267811106E+03
 0.42498542876540E+03
 0.42404175686539E+03
 0.42308066359030E+03
 0.42210109609526E+03
 0.42110195389899E+03
 0.42008208216187E+03
 0.41904027383924E+03
 0.41797526270488E+03
 0.41688572579944E+03
 0.41577028080409E+03
 0.41462747799640E+03
 0.41345581399469E+03
 0.41225371679446E+03
 0.41101954978869E+03
 0.40975160955311E+03
 0.40844812099916E+03
 0.40710723003215E+03
 0.40572713967326E+03
 0.40430588143995E+03
 0.40284147360107E+03
 0.40133192330247E+03
 0.39977522297216E+03
 0.39816936678774E+03
 0.39651239533061E+03
 0.39480245259633E+03
 0.39303780517869E+03
 0.39121693085413E+03
 0.38933864054192E+03
 0.38740215461569E+03
 0.38540730259936E+03
 0.38335474293176E+03
 0.38124622722645E+03
 0.37908494857771E+03
 0.37687601498858E+03
 0.37462691476644E+03
 0.37234859977903E+03
 0.37005584861940E+03
 0.36776837289214E+03
 0.36551197158073E+03
 0.36331943128641E+03
 0.36123132082495E+03
 0.35929653875899E+03
 0.35757202782508E+03
 0.35612186831196E+03
 0.35501532643396E+03
 0.35432427911765E+03
 0.35412000676590E+03
 0.35446961748542E+03
 0.35543291391950E+03
 0.35705918148442E+03
 0.35938506838590E+03
 0.36243242909713E+03
 0.36620760844098E+03
 0.37070202353867E+03
 0.37589340680558E+03
 0.38174822889325E+03
 0.38822436100820E+03
 0.39527410445136E+03
 0.40284688596850E+03
 0.41089178342189E+03
 0.41935896406979E+03
 0.42820154110948E+03
 0.43737552330037E+03
 0.44684066563563E+03
 0.45656056389974E+03
 0.46650206383296E+03
 0.47663611127432E+03
 0.48693547138959E+03
 0.49737542479413E+03
 0.50793401680264E+03
 0.51859072696457E+03
 0.52932700576523E+03
 0.54012524650713E+03
 0.55096882866061E+03
 0.56184234027163E+03
 0.57273089384128E+03
 0.58362023020347E+03
 0.59449651739111E+03
 0.60534642400558E+03
 0.61615715682542E+03
 0.62691583018151E+03
 0.63761037259885E+03
 0.64822862252055E+03
 0.65875914722920E+03
 0.66919034095270E+03
 0.67951129012922E+03
 0.68971132182034E+03
 0.69978039440600E+03
 0.70970823541677E+03
 0.71948560384295E+03
 0.72910353565321E+03
 0.73855335869308E+03
 0.74782706846650E+03
 0.75691746173934E+03
 0.76581707167346E+03
 0.77451995244594E+03
 0.78301993744213E+03
 0.79131205060938E+03
 0.79939159362539E+03
 0.80725445425683E+03
 0.81489725354961E+03
 0.82231712343890E+03
 0.82951182813494E+03
 0.83647971172743E+03
 0.84321962548225E+03
 0.84973102579908E+03
 0.85601389974032E+03
 0.86206877879347E+03
 0.86789656150387E+03
 0.87349816989468E+03
 0.87887665911844E+03
 0.88403370230504E+03
 0.88897203846723E+03
 0.89369463736837E+03
 0.89820488707062E+03
 0.90250644659309E+03
 0.90660321735390E+03
 0.91049935824208E+03
 0.91419926878980E+03
 0.91770743947141E+03
 0.92102863052623E+03
 0.92416766111595E+03
 0.92712945432450E+03
 0.92991904460303E+03
 0.93254153194234E+03
 0.93500201165415E+03
 0.93730563554794E+03
 0.93945757015033E+03
 0.94146292175955E+03
 0.94332680807362E+03
 0.94505432594294E+03
 0.94665043762682E+03
 0.94812015047226E+03
 0.94946833089121E+03
 0.95069977150054E+03
 0.95181916560948E+03
 0.95283112877480E+03
 0.95374016853512E+03
 0.95455069022907E+03
 0.95526695796132E+03
 0.95589316464135E+03
 0.95643336012130E+03
 0.95689142479911E+03
 0.95727123150225E+03
 0.95757654976105E+03
 0.95781090080644E+03
 0.95797768960595E+03
 0.95808030755514E+03
 0.95812199352100E+03
 0.95810590804645E+03
 0.95803486303268E+03
 0.95791195342398E+03
 0.95773975579307E+03
 0.95752111539996E+03
 0.95725843022175E+03
 0.95695422852102E+03
 0.95661085544661E+03
 0.95623058950883E+03
 0.95581558095501E+03
 0.95536788913792E+03
 0.95488951883832E+03
 0.95438235013350E+03
 0.95384822589863E+03
 0.95328883038854E+03
 0.95270581999140E+03
 0.95210082156990E+03
 0.95147533239646E+03
 0.95083076071530E+03
 0.95016845765155E+03
 0.94948976132435E+03
 0.94879595224174E+03
 0.94808817596474E+03
 0.94736757806945E+03
 0.94663520141362E+03
 0.94589204757890E+03
 0.94513913684000E+03
 0.94437741496089E+03
 0.94360770254859E+03
 0.94283084928818E+03
 0.94204764515817E+03
 0.94125882722739E+03
 0.94046517641087E+03
 0.93966727264962E+03
 0.93886578806684E+03
 0.93806128689982E+03
 0.93725441643529E+03
 0.93644569188438E+03
 0.93563564475417E+03
 0.93482470466630E+03
 0.93401334019092E+03
 0.93320200591776E+03
 0.93239113027926E+03
 0.93158107614481E+03
 0.93077217700703E+03
 0.92996480731221E+03
 0.92915928672676E+03
 0.92835591523722E+03
 0.92755497459374E+03
 0.92675673124143E+03
 0.92596142770301E+03
 0.92516930299390E+03
 0.92438054074947E+03
 0.92359540661662E+03
 0.92281406931961E+03
 0.92203670200839E+03
 0.92126347137968E+03
 0.92049453355452E+03
 0.91973003077962E+03
 0.91897009423521E+03
 0.91821484658089E+03
