 0.00000000000000E+00
 0.00000000000000E+00
 0.00000000000000E+00
 0.00000000000000E+00
 0.11082470493891E-35
 0.23470971702686E-31
 0.28870619539213E-28
 0.59965350875197E-26
 0.38050265587444E-24
 0.10527481249287E-22
 0.15926374589911E-21
 0.15320734916998E-20
 0.10403753240573E-19
 0.53735518279860E-19
 0.22297909922707E-18
 0.77450960933395E-18
 0.31873801026191E-14
 0.84688860624316E-14
 0.98585786905231E-13
 0.41711658437967E-12
 0.15165108825837E-11
 0.48992729899923E-11
 0.14286341917192E-10
 0.38096122793273E-10
 0.93922188054386E-10
 0.21607605460571E-09
 0.46754301438716E-09
 0.95795687241847E-09
 0.18694147540323E-08
 0.34921017962476E-08
 0.62718022577866E-08
 0.10871338854316E-07
 0.18248014700236E-07
 0.29749067290575E-07
 0.47226920202372E-07
 0.73175862447714E-07
 0.11089211463048E-06
 0.16465863201117E-06
 0.23995559187626E-06
 0.34369837460588E-06
 0.48450433910932E-06
 0.67298795276270E-06
 0.92208757885303E-06
 0.12474232932081E-05
 0.16676870327020E-05
 0.22050667351803E-05
 0.28856998913439E-05
 0.37401666825582E-05
 0.48040164856297E-05
 0.61183310397801E-05
 0.77303181689294E-05
 0.96939531269686E-05
 0.12070644407092E-04
 0.14929950545820E-04
 0.18350322051073E-04
 0.22419895552637E-04
 0.27237326687410E-04
 0.32912635561446E-04
 0.39568141685889E-04
 0.47351067204394E-04
 0.56390822034090E-04
 0.66861933659822E-04
 0.78946030850757E-04
 0.92842320794224E-04
 0.10876877496947E-03
 0.12696331231901E-03
 0.14768524078414E-03
 0.17121665143803E-03
 0.19786367366197E-03
 0.22795827899474E-03
 0.26185978003497E-03
 0.29995625840781E-03
 0.34266698677654E-03
 0.39044390855889E-03
 0.44377369853071E-03
 0.50317959515663E-03
 0.56922464938396E-03
 0.64251332792514E-03
 0.72369467131602E-03
 0.81346425013821E-03
 0.91256809398604E-03
 0.10218059112371E-02
 0.11420334251284E-02
 0.12741680754345E-02
 0.14191908706530E-02
 0.15781525907571E-02
 0.17521764036928E-02
 0.19425143842396E-02
 0.21503694267938E-02
 0.23771580351756E-02
 0.26243539271812E-02
 0.28935378957253E-02
 0.31864012192251E-02
 0.35047543177669E-02
 0.38505364031427E-02
 0.42258299890680E-02
 0.46328628904614E-02
 0.50740270456737E-02
 0.55518896981714E-02
 0.60692026108455E-02
 0.66289291415399E-02
 0.72342444308878E-02
 0.78885687628604E-02
 0.85955799447081E-02
 0.93592396082402E-02
 0.10183813956762E-01
 0.11073976863526E-01
 0.12034524659994E-01
 0.13070880353328E-01
 0.14188816219150E-01
 0.15394570147479E-01
 0.16694877442765E-01
 0.18097041153756E-01
 0.19608961728535E-01
 0.21239169400388E-01
 0.22996944992439E-01
 0.24892323913628E-01
 0.26936209027488E-01
 0.29140399897593E-01
 0.31517689648464E-01
 0.34081971806192E-01
 0.36848221798672E-01
 0.39832673703814E-01
 0.43052738993442E-01
 0.46527438755584E-01
 0.50276256334349E-01
 0.54320153248123E-01
 0.58681319915329E-01
 0.63382207186094E-01
 0.68445351728973E-01
 0.73892833294798E-01
 0.79744668902965E-01
 0.86018424235001E-01
 0.92727041292166E-01
 0.99877895688915E-01
 0.10747082397050E+00
 0.11549685425684E+00
 0.12393691669677E+00
 0.13276209678482E+00
 0.14193278754514E+00
 0.15140131666888E+00
 0.16111108077223E+00
 0.17100035975357E+00
 0.18100467647508E+00
 0.19105922418217E+00
 0.20110155556724E+00
 0.21107339044802E+00
 0.22092244431641E+00
 0.23060347006008E+00
 0.24007885110973E+00
 0.24931822262868E+00
 0.25829903097865E+00
 0.26700462299045E+00
 0.27542440791638E+00
 0.28355272742688E+00
 0.29138779522665E+00
 0.29893145088961E+00
 0.30618756848175E+00
 0.31316193026938E+00
 0.31986197475917E+00
 0.32629591262003E+00
 0.33247273868763E+00
 0.33840168663385E+00
 0.34409208527043E+00
 0.34955353584321E+00
 0.35479530504776E+00
 0.35982650523398E+00
 0.36465602438245E+00
 0.36929247066993E+00
 0.37374419813602E+00
 0.37801914206881E+00
 0.38212502339599E+00
 0.38606915434119E+00
 0.38985862255804E+00
 0.39350010644439E+00
 0.39700004626835E+00
 0.40036458203544E+00
 0.40359960836567E+00
 0.40671066740370E+00
 0.40970311716429E+00
 0.41258206073184E+00
 0.41535232824940E+00
 0.41801857198496E+00
 0.42058524554231E+00
 0.42305650118298E+00
 0.42543642455946E+00
 0.42772881628574E+00
 0.42993737497623E+00
 0.43206559426139E+00
 0.43411680529609E+00
 0.43609420839846E+00
 0.43800084178186E+00
 0.43983961891009E+00
 0.44161331746151E+00
 0.44332458703961E+00
 0.44497595916866E+00
 0.44656985569136E+00
 0.44810859336081E+00
 0.44959437834788E+00
 0.45103125619328E+00
 0.45241735414965E+00
 0.45375655990489E+00
 0.45505072429117E+00
 0.45630160625448E+00
 0.45751089456568E+00
 0.45868020659651E+00
 0.45981108410138E+00
 0.46090500312110E+00
 0.46196338261636E+00
 0.46298757152028E+00
 0.46397886908013E+00
 0.46493851340816E+00
 0.46586769127105E+00
 0.46676754398785E+00
 0.46763916055562E+00
 0.46848358202066E+00
 0.46930180876502E+00
 0.47009480077359E+00
 0.47086347727570E+00
 0.47160871881764E+00
 0.47233136871602E+00
 0.47303224029791E+00
 0.47371210889930E+00
 0.47437172064571E+00
 0.47501179019083E+00
 0.47563300543339E+00
 0.47623602425312E+00
 0.47682147946015E+00
 0.47738997883434E+00
 0.47794210537731E+00
 0.47847842039235E+00
 0.47899946232670E+00
 0.47950574727145E+00
 0.47999777419249E+00
 0.48047602089918E+00
 0.48094094675935E+00
 0.48139299249808E+00
 0.48183258649305E+00
 0.48226013682308E+00
 0.48267603922196E+00
 0.48308066841722E+00
 0.48347439001494E+00
 0.48385755435675E+00
 0.48423050162917E+00
 0.48459355521731E+00
 0.48494702829340E+00
 0.48529122240530E+00
 0.48562642948376E+00
 0.48595292977708E+00
 0.48627099523838E+00
 0.48658088302235E+00
 0.48688284856731E+00
 0.48717713030530E+00
 0.48746396369762E+00
 0.48774357524695E+00
 0.48801618060764E+00
 0.48828199047374E+00
 0.48854120654287E+00
 0.48879402704209E+00
 0.48904063652916E+00
 0.48928122264517E+00
 0.48951595772252E+00
 0.48974501283002E+00
 0.48996855186553E+00
 0.49018673417671E+00
 0.49039971280199E+00
 0.49060764002921E+00
 0.49081065388251E+00
 0.49100889483828E+00
 0.49120249655232E+00
 0.49139158894755E+00
 0.49157630222622E+00
 0.49175675295201E+00
 0.49193305923759E+00
 0.49210533402901E+00
 0.49227368861314E+00
 0.49243822929189E+00
 0.49259906401597E+00
 0.49275628279504E+00
 0.49290998749047E+00
 0.49306027213609E+00
 0.49320722958694E+00
 0.49335094675560E+00
 0.49349150848982E+00
 0.49362899759962E+00
 0.49376349390111E+00
 0.49389507552645E+00
 0.49402381749832E+00
 0.49414979320854E+00
 0.49427307355540E+00
 0.49439372723800E+00
 0.49451182092946E+00
 0.49462741916387E+00
 0.49474058496291E+00
 0.49485137936924E+00
 0.49495986119745E+00
 0.49506608833346E+00
 0.49517011637769E+00
 0.49527199959971E+00
 0.49537179059050E+00
