 0.00000000000000E+00
 0.00000000000000E+00
 0.00000000000000E+00
 0.00000000000000E+00
 0.13611617412934E-77
 0.12929841232334E-64
 0.24064026287244E-55
 0.21562599687492E-48
 0.55090036480954E-43
 0.11667381866227E-38
 0.40397153177519E-35
 0.35961581087758E-32
 0.11260822448897E-29
 0.15516161934633E-27
 0.11086446922601E-25
 0.46460043503187E-24
 0.12547244151448E-22
 0.23497039452921E-21
 0.32328989450315E-20
 0.34227949810328E-19
 0.28949968843663E-18
 0.20169963245450E-17
 0.11872676176577E-16
 0.60303538166698E-16
 0.26902063856287E-15
 0.10700170171396E-14
 0.38433206649614E-14
 0.12603442084442E-13
 0.38092365518125E-13
 0.10698077060037E-12
 0.28118143639406E-12
 0.69596574569273E-12
 0.16311284800261E-11
 0.36373599555866E-11
 0.77506988614392E-11
 0.15841776261928E-10
 0.31163662865838E-10
 0.59182412695400E-10
 0.10879751708278E-09
 0.19408485231509E-09
 0.33672150969544E-09
 0.56927914657815E-09
 0.93959909990438E-09
 0.15164873320281E-08
 0.23969892538525E-08
 0.37155225586135E-08
 0.56551599039452E-08
 0.84613612163449E-08
 0.12458458718352E-07
 0.18069194533126E-07
 0.25837602945856E-07
 0.36455515737876E-07
 0.50792951627955E-07
 0.69932631419322E-07
 0.95208833312932E-07
 0.12825078266023E-06
 0.17103074287293E-06
 0.22591694882014E-06
 0.29573150464452E-06
 0.38381376495140E-06
 0.49408703241730E-06
 0.63113382788419E-06
 0.80027342948824E-06
 0.10076462305871E-05
 0.12603033402262E-05
 0.15663018330374E-05
 0.19348058016825E-05
 0.23761934708716E-05
 0.29021704631539E-05
 0.35258899168828E-05
 0.42620794987481E-05
 0.51271760249206E-05
 0.61394685855729E-05
 0.73192504357472E-05
 0.86889809357588E-05
 0.10273458568445E-04
 0.12100006694286E-04
 0.14198672909893E-04
 0.16602444777586E-04
 0.19347482304570E-04
 0.22473371940327E-04
 0.26023403655621E-04
 0.30044872776394E-04
 0.34589413949635E-04
 0.39713368205820E-04
 0.45478190447585E-04
 0.51950896909481E-04
 0.59204693990089E-04
 0.67319106239692E-04
 0.76381194101901E-04
 0.86485894648021E-04
 0.97736913829818E-04
 0.11024761210615E-03
 0.12414201991192E-03
 0.13955598374285E-03
 0.15663849717652E-03
 0.17555314005209E-03
 0.19647980946128E-03
 0.21961663718778E-03
 0.24518217399568E-03
 0.27341800916761E-03
 0.30459154259426E-03
 0.33899945858601E-03
 0.37697152576880E-03
 0.41887510219639E-03
 0.46512028618898E-03
 0.51616679394734E-03
 0.57252706898407E-03
 0.63478011271952E-03
 0.70357725215063E-03
 0.77965395079800E-03
 0.86384272751548E-03
 0.95708864179162E-03
 0.10604668535415E-02
 0.11752030513554E-02
 0.13026995446495E-02
 0.14445633178599E-02
 0.16026413317826E-02
 0.17790606537103E-02
 0.19762770150017E-02
 0.21971326828306E-02
 0.24449207181881E-02
 0.27234669616047E-02
 0.30372168895531E-02
 0.33913599770483E-02
 0.37918941158901E-02
 0.42458128442510E-02
 0.47612439759313E-02
 0.53475667489580E-02
 0.60155712092954E-02
 0.67775966998035E-02
 0.76475671108932E-02
 0.86410677895624E-02
 0.97752205971888E-02
 0.11068531222303E-01
 0.12540514400987E-01
 0.14211203293310E-01
 0.16100430402876E-01
 0.18227157691671E-01
 0.20608426822199E-01
 0.23258767698454E-01
 0.26188900703024E-01
 0.29405312455852E-01
 0.32909835786443E-01
 0.36699406497558E-01
 0.40766256125480E-01
 0.45098213385021E-01
 0.49679391325738E-01
 0.54490948454390E-01
 0.59511962880424E-01
 0.64720092715463E-01
 0.70092729658360E-01
 0.75607074191616E-01
 0.81241069795503E-01
 0.86973654029831E-01
 0.92784909383282E-01
 0.98656478123864E-01
 0.10457119629288E+00
 0.11051331974083E+00
 0.11646863816753E+00
 0.12242415691668E+00
 0.12836820914245E+00
 0.13429021218675E+00
 0.14018058642388E+00
 0.14603095863773E+00
 0.15183365378549E+00
 0.15758185791244E+00
 0.16326953479366E+00
 0.16889134921097E+00
 0.17444264189496E+00
 0.17991927756066E+00
 0.18531774217247E+00
 0.19063496197422E+00
 0.19586840214445E+00
 0.20101587924560E+00
 0.20607564598392E+00
 0.21104631621886E+00
 0.21592685709345E+00
 0.22071648153230E+00
 0.22541473151129E+00
 0.23002139654365E+00
 0.23453646553235E+00
 0.23896017465107E+00
 0.24329295535899E+00
 0.24753533449662E+00
 0.25168808612320E+00
 0.25575204565185E+00
 0.25972822049113E+00
 0.26361769552017E+00
 0.26742164345222E+00
 0.27114133625458E+00
 0.27477809372515E+00
 0.27833330940833E+00
 0.28180841817805E+00
 0.28520489029138E+00
 0.28852423021050E+00
 0.29176796729020E+00
 0.29493765314178E+00
 0.29803484400125E+00
 0.30106518940702E+00
 0.30402206120499E+00
 0.30691112889746E+00
 0.30973395513504E+00
 0.31249207926110E+00
 0.31518703512096E+00
 0.31782034504216E+00
 0.32039350217928E+00
 0.32290798316113E+00
 0.32536525235430E+00
 0.32776673489205E+00
 0.33011384162462E+00
 0.33240795376228E+00
 0.33465042729374E+00
 0.33684259175197E+00
 0.33898574571414E+00
 0.34108116065858E+00
 0.34313008012196E+00
 0.34513371975274E+00
 0.34709326729655E+00
 0.34900987911268E+00
 0.35088468066223E+00
 0.35271878015707E+00
 0.35451324759151E+00
 0.35626912855800E+00
 0.35798744081863E+00
 0.35966917672869E+00
 0.36131529991845E+00
 0.36292674902131E+00
 0.36450443740569E+00
 0.36604925242175E+00
 0.36756205817345E+00
 0.36904369440404E+00
 0.37049497580326E+00
 0.37191669687715E+00
 0.37330962699603E+00
 0.37467451504868E+00
 0.37601208859507E+00
 0.37732305542913E+00
 0.37860810276450E+00
 0.37986789741955E+00
 0.38110308416172E+00
 0.38231429541781E+00
 0.38350213893368E+00
 0.38466721051043E+00
 0.38581008672002E+00
 0.38693132484024E+00
 0.38803146961927E+00
 0.38911104962250E+00
 0.39017057672193E+00
 0.39121054961244E+00
 0.39223144949597E+00
 0.39323374974166E+00
 0.39421790294918E+00
 0.39518435376781E+00
 0.39613353468351E+00
 0.39706586076474E+00
 0.39798173931665E+00
 0.39888156496108E+00
 0.39976572325959E+00
 0.40063458443363E+00
 0.40148851160037E+00
 0.40232785604051E+00
 0.40315296013569E+00
 0.40396415605960E+00
 0.40476176869341E+00
 0.40554611044741E+00
 0.40631748736867E+00
 0.40707619597216E+00
 0.40782252507382E+00
 0.40855675547655E+00
 0.40927916055036E+00
 0.40999000630846E+00
 0.41068955099011E+00
 0.41137804576866E+00
 0.41205573568743E+00
 0.41272285773290E+00
 0.41337964368855E+00
 0.41402632007843E+00
 0.41466310447697E+00
 0.41529021177474E+00
 0.41590784930875E+00
 0.41651621941186E+00
 0.41711551966409E+00
 0.41770594246258E+00
 0.41828767364412E+00
 0.41886089533981E+00
 0.41942578503740E+00
 0.41998251540006E+00
 0.42053125489036E+00
 0.42107216811709E+00
 0.42160541417523E+00
 0.42213114949487E+00
 0.42264952502062E+00
 0.42316068918099E+00
 0.42366478625132E+00
 0.42416195685382E+00
 0.42465233831615E+00
 0.42513606440049E+00
 0.42561326609057E+00
 0.42608407017463E+00
