 0.00000000000000E+00
 0.00000000000000E+00
 0.00000000000000E+00
 0.00000000000000E+00
 0.11082470345924E-25
 0.23470971389315E-21
 0.28870619153749E-18
 0.59965350074574E-16
 0.38050265079418E-14
 0.10527481108726E-12
 0.15926374377195E-11
 0.15320734711704E-10
 0.10403753097295E-09
 0.53735517320628E-09
 0.22297908367194E-08
 0.77450911639677E-08
 0.23237145259547E-07
 0.61707462585143E-07
 0.14786452039091E-06
 0.32468345184899E-06
 0.66152929264277E-06
 0.12634783954955E-05
 0.22812972842870E-05
 0.39214428938504E-05
 0.64554382247450E-05
 0.10228040825594E-04
 0.15663737783962E-04
 0.23271244904204E-04
 0.33645839473376E-04
 0.47469496404824E-04
 0.65508918649478E-04
 0.88611645835376E-04
 0.11770048991654E-03
 0.15376658715003E-03
 0.19786137186107E-03
 0.25108777335425E-03
 0.31459092174196E-03
 0.38954862606444E-03
 0.47716185311327E-03
 0.57864540035685E-03
 0.69521892414166E-03
 0.82809844848206E-03
 0.97848845075905E-03
 0.11475745924727E-02
 0.13365171392338E-02
 0.15464450838212E-02
 0.17784510037045E-02
 0.20335866010719E-02
 0.23128589551074E-02
 0.26172274281901E-02
 0.29476012120843E-02
 0.33048374590969E-02
 0.36897399657259E-02
 0.41030584035606E-02
 0.45454879869756E-02
 0.50176696088931E-02
 0.55201903781274E-02
 0.60535845031490E-02
 0.66183345099824E-02
 0.72148753491497E-02
 0.78435866882677E-02
 0.85048081885604E-02
 0.91988334899268E-02
 0.99259145928784E-02
 0.10686264442533E-01
 0.11480059696689E-01
 0.12307443607960E-01
 0.13168529100017E-01
 0.14063401664254E-01
 0.14992122782393E-01
 0.15954733065960E-01
 0.16951255544107E-01
 0.17981699287730E-01
 0.19046062712636E-01
 0.20144337060585E-01
 0.21276509925893E-01
 0.22442569041582E-01
 0.23642505811376E-01
 0.24876319245671E-01
 0.26144019329051E-01
 0.27445631144529E-01
 0.28781198916568E-01
 0.30150789538582E-01
 0.31554497040203E-01
 0.32992446648178E-01
 0.34464799317557E-01
 0.35971755195714E-01
 0.37513584167281E-01
 0.39090539310207E-01
 0.40702988490718E-01
 0.42351339757663E-01
 0.44036067670105E-01
 0.45757716992413E-01
 0.47516909117160E-01
 0.49314348245981E-01
 0.51150831149206E-01
 0.53027249262892E-01
 0.54944600901664E-01
 0.56903997839411E-01
 0.58906672289749E-01
 0.60953993237302E-01
 0.63047466220889E-01
 0.65188753999926E-01
 0.67379684031558E-01
 0.69622264118021E-01
 0.71918695320564E-01
 0.74271426445337E-01
 0.76682997375337E-01
 0.79156321670294E-01
 0.81694532008084E-01
 0.84301038871178E-01
 0.86979553134662E-01
 0.89734119222222E-01
 0.92569130004455E-01
 0.95489339242277E-01
 0.98499924148599E-01
 0.10160648110313E+00
 0.10481507120561E+00
 0.10813223074875E+00
 0.11156500179738E+00
 0.11512096418826E+00
 0.11880819914738E+00
 0.12263534037295E+00
 0.12661148349907E+00
 0.13074635789702E+00
 0.13504958525085E+00
 0.13953120926909E+00
 0.14420134705970E+00
 0.14906957318050E+00
 0.15414467249549E+00
 0.15943418998378E+00
 0.16494342846406E+00
 0.17067511144582E+00
 0.17662826846941E+00
 0.18279774097399E+00
 0.18917337881279E+00
 0.19573971371010E+00
 0.20247567047673E+00
 0.20935531890492E+00
 0.21634794301985E+00
 0.22341995230857E+00
 0.23053480265060E+00
 0.23765523498756E+00
 0.24474472926498E+00
 0.25176864442783E+00
 0.25869545104959E+00
 0.26549737400996E+00
 0.27215102803068E+00
 0.27863760291876E+00
 0.28494284506744E+00
 0.29105657816953E+00
 0.29697275084895E+00
 0.30268826320112E+00
 0.30820291785135E+00
 0.31351873173013E+00
 0.31863935091310E+00
 0.32356984895909E+00
 0.32831597997874E+00
 0.33288408219885E+00
 0.33728094214490E+00
 0.34151340696963E+00
 0.34558838574701E+00
 0.34951263280149E+00
 0.35329268670022E+00
 0.35693500375677E+00
 0.36044565218908E+00
 0.36383045151116E+00
 0.36709495463940E+00
 0.37024443957763E+00
 0.37328393249521E+00
 0.37621816209387E+00
 0.37905164997036E+00
 0.38178864898284E+00
 0.38443322874035E+00
 0.38698921104344E+00
 0.38946024347170E+00
 0.39184978922367E+00
 0.39416114901309E+00
 0.39639743432279E+00
 0.39856162946024E+00
 0.40065657361240E+00
 0.40268495854210E+00
 0.40464936811722E+00
 0.40655227089036E+00
 0.40839599184410E+00
 0.41018279293043E+00
 0.41191480506242E+00
 0.41359408799900E+00
 0.41522260091903E+00
 0.41680221735309E+00
 0.41833473928287E+00
 0.41982188451745E+00
 0.42126530545757E+00
 0.42266658319322E+00
 0.42402723201181E+00
 0.42534870523810E+00
 0.42663239729447E+00
 0.42787964797994E+00
 0.42909174044671E+00
 0.43027149352800E+00
 0.43141690097116E+00
 0.43253070200908E+00
 0.43361399063620E+00
 0.43466781288492E+00
 0.43569317670793E+00
 0.43669105241635E+00
 0.43766236855823E+00
 0.43860801910602E+00
 0.43952886720140E+00
 0.44042573704587E+00
 0.44129942512449E+00
 0.44215069616123E+00
 0.44298028635041E+00
 0.44378890434929E+00
 0.44457723096394E+00
 0.44534592181773E+00
 0.44609560818224E+00
 0.44682689805139E+00
 0.44754037710970E+00
 0.44823660836786E+00
 0.44891613318501E+00
 0.44957947697991E+00
 0.45022714234200E+00
 0.45085961470065E+00
 0.45147736169182E+00
 0.45208083459339E+00
 0.45267046765552E+00
 0.45324667992384E+00
 0.45380987558903E+00
 0.45436044413336E+00
 0.45489876170431E+00
 0.45542519107262E+00
 0.45594008171902E+00
 0.45644377186980E+00
 0.45693658702466E+00
 0.45741884187167E+00
 0.45789084023151E+00
 0.45835287583675E+00
 0.45880523225604E+00
 0.45924818315775E+00
 0.45968199191427E+00
 0.46010691518347E+00
 0.46052319873375E+00
 0.46093108206108E+00
 0.46133079597080E+00
 0.46172256268748E+00
 0.46210659833971E+00
 0.46248311179273E+00
 0.46285230457600E+00
 0.46321437220664E+00
 0.46356950277755E+00
 0.46391788040318E+00
 0.46425968079946E+00
 0.46459507581496E+00
 0.46492423203309E+00
 0.46524730901650E+00
 0.46556446271609E+00
 0.46587584382085E+00
 0.46618159906499E+00
 0.46648186910592E+00
 0.46677679141948E+00
 0.46706649870721E+00
 0.46735111995209E+00
 0.46763078000505E+00
 0.46790560062594E+00
 0.46817569873289E+00
 0.46844118853901E+00
 0.46870218049037E+00
 0.46895878192520E+00
 0.46921109699199E+00
 0.46945922687374E+00
 0.46970326983717E+00
 0.46994332111163E+00
 0.47017947315304E+00
 0.47041181598423E+00
 0.47064043655268E+00
 0.47086541972629E+00
 0.47108684828953E+00
 0.47130480169541E+00
 0.47151935822533E+00
 0.47173059333557E+00
 0.47193858054282E+00
 0.47214339152206E+00
 0.47234509597076E+00
 0.47254376114952E+00
 0.47273945286769E+00
 0.47293223517243E+00
 0.47312217029609E+00
 0.47330931887782E+00
 0.47349374008994E+00
 0.47367549107974E+00
 0.47385462794818E+00
 0.47403120479551E+00
 0.47420527473970E+00
 0.47437688936481E+00
 0.47454609889736E+00
 0.47471295233393E+00
 0.47487749735431E+00
 0.47503978059426E+00
 0.47519984716835E+00
