 0.69358241124443E+01
 0.69358241124443E+01
 0.69358241124459E+01
 0.69358241124648E+01
 0.69358241130742E+01
 0.69358241138514E+01
 0.69358241142070E+01
 0.69358241165316E+01
 0.69358241211818E+01
 0.69358241291167E+01
 0.69358241410644E+01
 0.69358241559927E+01
 0.69358241747802E+01
 0.69358241919706E+01
 0.69358241994365E+01
 0.69358241849791E+01
 0.69358241273670E+01
 0.69358240026516E+01
 0.69358237747428E+01
 0.69358233992702E+01
 0.69358228235006E+01
 0.69358219858767E+01
 0.69358208125181E+01
 0.69358192224640E+01
 0.69358171228924E+01
 0.69358144185058E+01
 0.69358110027420E+01
 0.69358067652091E+01
 0.69358015877268E+01
 0.69357953481642E+01
 0.69357879270800E+01
 0.69357791996971E+01
 0.69357690417958E+01
 0.69357573316821E+01
 0.69357439459876E+01
 0.69357287625065E+01
 0.69357116605470E+01
 0.69356925225223E+01
 0.69356712315136E+01
 0.69356476687917E+01
 0.69356217133909E+01
 0.69355932425215E+01
 0.69355621292598E+01
 0.69355282403495E+01
 0.69354914331783E+01
 0.69354515586406E+01
 0.69354084486810E+01
 0.69353619259596E+01
 0.69353117949321E+01
 0.69352578410603E+01
 0.69351998251289E+01
 0.69351374840697E+01
 0.69350705318044E+01
 0.69349986479388E+01
 0.69349214837812E+01
 0.69348386524094E+01
 0.69347497344757E+01
 0.69346542676491E+01
 0.69345517495016E+01
 0.69344416014292E+01
 0.69343232873391E+01
 0.69341961387867E+01
 0.69340594608239E+01
 0.69339125048117E+01
 0.69337544696592E+01
 0.69335844894045E+01
 0.69334016423984E+01
 0.69332049376218E+01
 0.69329933230714E+01
 0.69327656752719E+01
 0.69325208000575E+01
 0.69322574280132E+01
 0.69319742127868E+01
 0.69316697293800E+01
 0.69313424688388E+01
 0.69309908366487E+01
 0.69306131491352E+01
 0.69302076297918E+01
 0.69297724074511E+01
 0.69293055091187E+01
 0.69288048634778E+01
 0.69282682859443E+01
 0.69276934899323E+01
 0.69270780628061E+01
 0.69264194806181E+01
 0.69257150900821E+01
 0.69249621181032E+01
 0.69241575538066E+01
 0.69232985190864E+01
 0.69223817433495E+01
 0.69214038855548E+01
 0.69203614458297E+01
 0.69192507691259E+01
 0.69180680375944E+01
 0.69168092626234E+01
 0.69154702746457E+01
 0.69140467308383E+01
 0.69125340936498E+01
 0.69109276407957E+01
 0.69092224575499E+01
 0.69074134211283E+01
 0.69054952082996E+01
 0.69034622840507E+01
 0.69013089057080E+01
 0.68990291023877E+01
 0.68966167133804E+01
 0.68940652397444E+01
 0.68913683226428E+01
 0.68885190517976E+01
 0.68855104073341E+01
 0.68823352081244E+01
 0.68789860725066E+01
 0.68754554376382E+01
 0.68717355745794E+01
 0.68678186576421E+01
 0.68636966916322E+01
 0.68593616191569E+01
 0.68548052791484E+01
 0.68500195360787E+01
 0.68449962492915E+01
 0.68397272810118E+01
 0.68342046908183E+01
 0.68284205923218E+01
 0.68223674879899E+01
 0.68160378292762E+01
 0.68094250866468E+01
 0.68025228885139E+01
 0.67953252305219E+01
 0.67878270522943E+01
 0.67800240669736E+01
 0.67719127761980E+01
 0.67634909939378E+01
 0.67547573432158E+01
 0.67457118782931E+01
 0.67363556405322E+01
 0.67266907829959E+01
 0.67167204697965E+01
 0.67064487085401E+01
 0.66958797999158E+01
 0.66850183639143E+01
 0.66738685138953E+01
 0.66624342142881E+01
 0.66507185179122E+01
 0.66387233284153E+01
 0.66264492604988E+01
 0.66138954537382E+01
 0.66010596125762E+01
 0.65879379340793E+01
 0.65745251962738E+01
 0.65608148271735E+01
 0.65467991028074E+01
 0.65324691406989E+01
 0.65178152104973E+01
 0.65028267670511E+01
 0.64874925797927E+01
 0.64718009455172E+01
 0.64557395812275E+01
 0.64392960473615E+01
 0.64224576634929E+01
 0.64052114607838E+01
 0.63875444304647E+01
 0.63694434207301E+01
 0.63508952927852E+01
 0.63318868778738E+01
 0.63124050116238E+01
 0.62924365549744E+01
 0.62719683979513E+01
 0.62509874587669E+01
 0.62294807226813E+01
 0.62074351617028E+01
 0.61848378060581E+01
 0.61616756995246E+01
 0.61379359285665E+01
 0.61136055662096E+01
 0.60886717364300E+01
 0.60631215383544E+01
 0.60369420929347E+01
 0.60101204801045E+01
 0.59826437963549E+01
 0.59544991380952E+01
 0.59256735364757E+01
 0.58961540410894E+01
 0.58659276502119E+01
 0.58349813133660E+01
 0.58033020027208E+01
 0.57708765910145E+01
 0.57376919567747E+01
 0.57037348908018E+01
 0.56689921818518E+01
 0.56334505355973E+01
 0.55970966468384E+01
 0.55599171278726E+01
 0.55218985720600E+01
 0.54830274738020E+01
 0.54432903131453E+01
 0.54026735171208E+01
 0.53611634356477E+01
 0.53187463859622E+01
 0.52754086069677E+01
 0.52311363059229E+01
 0.51859156067140E+01
 0.51397325892718E+01
 0.50925732929107E+01
 0.50444236679411E+01
 0.49952696400305E+01
 0.49450970510441E+01
 0.48938916824098E+01
 0.48416393099420E+01
 0.47883255932026E+01
 0.47339361344849E+01
 0.46784565249807E+01
 0.46218722741312E+01
 0.45641688203342E+01
 0.45053315557173E+01
 0.44453458109273E+01
 0.43841968972678E+01
 0.43218700172162E+01
 0.42583503609459E+01
 0.41936229849907E+01
 0.41276729854703E+01
 0.40604853616815E+01
 0.39920450053207E+01
 0.39223368505044E+01
 0.38513457308488E+01
 0.37790564162563E+01
 0.37054535954284E+01
 0.36305219595917E+01
 0.35542461271430E+01
 0.34766106258531E+01
 0.33975999656020E+01
 0.33171985987154E+01
 0.32353908641476E+01
 0.31521611285540E+01
 0.30674936416071E+01
 0.29813727402329E+01
 0.28937825121508E+01
 0.28047070936136E+01
 0.27141304955295E+01
 0.26220367214820E+01
 0.25284098147892E+01
 0.24332335336554E+01
 0.23364918657412E+01
 0.22381685211934E+01
 0.21382472764271E+01
 0.20367117114266E+01
 0.19335455754266E+01
 0.18287324009683E+01
 0.17222557118167E+01
 0.16140989847187E+01
 0.15042455620006E+01
 0.13926789463541E+01
 0.12793822525304E+01
 0.11643389303604E+01
 0.10475320802097E+01
 0.92894473384200E+00
 0.80856017923222E+00
 0.68636137555710E+00
 0.56233133851568E+00
 0.43645282631779E+00
 0.30870888358980E+00
 0.17908230703872E+00
 0.47555864309330E-01
-0.85887753298614E-01
-0.22126583931723E+00
-0.35859597286884E+00
-0.49789544943258E+00
-0.63918172818290E+00
-0.78247246040639E+00
-0.92778520832075E+00
-0.10751376688898E+01
-0.12245475417344E+01
-0.13760325884234E+01
-0.15296107227381E+01
-0.16852997935148E+01
-0.18431177994077E+01
-0.20030825942205E+01
-0.21652122641206E+01
-0.23295249894700E+01
-0.24960388263654E+01
-0.26647720899500E+01
-0.28357430058219E+01
-0.30089698553540E+01
-0.31844710629106E+01
-0.33622651971307E+01
-0.35423705704860E+01
-0.37248057285016E+01
-0.39095893245131E+01
-0.40967399960741E+01
-0.42862764474799E+01
-0.44782175573769E+01
-0.46725820188312E+01
-0.48693888803143E+01
-0.50686568556726E+01
-0.52704050550459E+01
-0.54746524889291E+01
-0.56814182482898E+01
-0.58907215320630E+01
-0.61025815403858E+01
-0.63170176235909E+01
-0.65340489984695E+01
