 0.64888479906181E+01
 0.64888479899769E+01
 0.64888479829047E+01
 0.64888479526946E+01
 0.64888478702820E+01
 0.64888476951796E+01
 0.64888473761743E+01
 0.64888468510915E+01
 0.64888460449813E+01
 0.64888448648541E+01
 0.64888431885039E+01
 0.64888408462883E+01
 0.64888375972675E+01
 0.64888331031242E+01
 0.64888229121048E+01
 0.64888144085313E+01
 0.64887984353868E+01
 0.64887781163850E+01
 0.64887473815325E+01
 0.64887090639251E+01
 0.64886555613595E+01
 0.64885895245931E+01
 0.64885019987955E+01
 0.64883961908783E+01
 0.64882621400690E+01
 0.64881036234126E+01
 0.64879100720090E+01
 0.64876855814576E+01
 0.64874195036632E+01
 0.64871160328699E+01
 0.64867649261161E+01
 0.64863702929985E+01
 0.64859263576479E+01
 0.64854264332420E+01
 0.64848757292760E+01
 0.64842690493474E+01
 0.64836046300454E+01
 0.64828770189374E+01
 0.64820930595593E+01
 0.64812485896130E+01
 0.64803432442400E+01
 0.64793771240521E+01
 0.64783464462640E+01
 0.64772601410511E+01
 0.64761155991981E+01
 0.64749142503481E+01
 0.64736579506131E+01
 0.64723488806265E+01
 0.64709852848173E+01
 0.64695781682544E+01
 0.64681267151500E+01
 0.64666342247352E+01
 0.64651043162665E+01
 0.64635408569546E+01
 0.64619479443980E+01
 0.64603298963526E+01
 0.64586868816317E+01
 0.64570320867856E+01
 0.64553663326043E+01
 0.64536946367528E+01
 0.64520222197311E+01
 0.64503544505023E+01
 0.64486968351008E+01
 0.64470550095470E+01
 0.64454354177445E+01
 0.64438382811070E+01
 0.64422787713213E+01
 0.64407587953152E+01
 0.64392845050448E+01
 0.64378621817628E+01
 0.64364982022902E+01
 0.64351990346265E+01
 0.64339712326548E+01
 0.64328214399839E+01
 0.64317519807695E+01
 0.64307783211510E+01
 0.64299031838213E+01
 0.64291335843363E+01
 0.64284766513857E+01
 0.64279396274976E+01
 0.64275298705516E+01
 0.64272548659903E+01
 0.64271179277255E+01
 0.64271351882384E+01
 0.64273104481632E+01
 0.64276517512498E+01
 0.64281673328349E+01
 0.64288655516298E+01
 0.64297550259857E+01
 0.64308445489003E+01
 0.64321388100127E+01
 0.64336554339649E+01
 0.64353997885790E+01
 0.64373825987710E+01
 0.64396121186408E+01
 0.64420994501749E+01
 0.64448511711877E+01
 0.64478860261829E+01
 0.64512114405876E+01
 0.64548389710488E+01
 0.64587805829643E+01
 0.64630485899278E+01
 0.64676518456048E+01
 0.64726109929862E+01
 0.64779356913811E+01
 0.64836398561372E+01
 0.64897343923162E+01
 0.64962405490694E+01
 0.65031701283649E+01
 0.65105386019622E+01
 0.65183617845006E+01
 0.65266525926300E+01
 0.65354337933591E+01
 0.65447190677527E+01
 0.65545266735266E+01
 0.65648685366162E+01
 0.65757688117335E+01
 0.65872421510365E+01
 0.65993033057946E+01
 0.66119745240459E+01
 0.66252705890090E+01
 0.66392058024630E+01
 0.66538011125943E+01
 0.66690701021778E+01
 0.66850254135773E+01
 0.67016855888433E+01
 0.67190597912628E+01
 0.67371634921033E+01
 0.67560034129314E+01
 0.67755916665550E+01
 0.67959318266171E+01
 0.68170317094208E+01
 0.68388906789325E+01
 0.68615111930998E+01
 0.68848882239965E+01
 0.69090182920687E+01
 0.69338890016386E+01
 0.69594892375958E+01
 0.69858034625480E+01
 0.70128106043813E+01
 0.70404883898065E+01
 0.70688106843395E+01
 0.70977455080735E+01
 0.71272603614757E+01
 0.71573190778032E+01
 0.71878820039794E+01
 0.72189064985005E+01
 0.72503482824955E+01
 0.72821604642571E+01
 0.73142971502526E+01
 0.73467075018746E+01
 0.73793423081238E+01
 0.74121511692213E+01
 0.74450834848738E+01
 0.74780889486919E+01
 0.75111175429967E+01
 0.75441187480538E+01
 0.75770436669576E+01
 0.76098437594421E+01
 0.76424715928523E+01
 0.76748803728325E+01
 0.77070247837224E+01
 0.77388607727464E+01
 0.77703465333218E+01
 0.78014420927965E+01
 0.78321100242133E+01
 0.78623146771300E+01
 0.78920239402435E+01
 0.79212072067619E+01
 0.79498372987478E+01
 0.79778897832496E+01
 0.80053423078957E+01
 0.80321761442189E+01
 0.80583735978894E+01
 0.80839207334092E+01
 0.81088058361661E+01
 0.81330187030114E+01
 0.81565517848824E+01
 0.81793992538315E+01
 0.82015571807057E+01
 0.82230232792490E+01
 0.82437966649557E+01
 0.82638779559230E+01
 0.82832690368545E+01
 0.83019730198145E+01
 0.83199941562884E+01
 0.83373375182436E+01
 0.83540091174658E+01
 0.83700156395874E+01
 0.83853649033383E+01
 0.84000650663098E+01
 0.84141247102676E+01
 0.84275532473445E+01
 0.84403601357833E+01
 0.84525558511734E+01
 0.84641507206083E+01
 0.84751553470734E+01
 0.84855808086226E+01
 0.84954385072892E+01
 0.85047390102607E+01
 0.85134953776464E+01
 0.85217184326008E+01
 0.85294201940906E+01
 0.85366123588583E+01
 0.85433068038432E+01
 0.85495152928936E+01
 0.85552499863301E+01
 0.85605226407420E+01
 0.85653450397231E+01
 0.85697287931408E+01
 0.85736859832922E+01
 0.85772279763583E+01
 0.85803663555737E+01
 0.85831123124991E+01
 0.85854775106795E+01
 0.85874728743038E+01
 0.85891094889657E+01
 0.85903979349051E+01
 0.85913495740760E+01
 0.85919744956763E+01
 0.85922830897092E+01
 0.85922857138288E+01
 0.85919926040425E+01
 0.85914133486944E+01
 0.85905576711713E+01
 0.85894351805217E+01
 0.85880553406382E+01
 0.85864270656542E+01
 0.85845593918403E+01
 0.85824609233796E+01
 0.85801405518939E+01
 0.85776065807868E+01
 0.85748670282875E+01
 0.85719299140328E+01
 0.85688032826904E+01
 0.85654945247865E+01
 0.85620111396456E+01
 0.85583604517712E+01
 0.85545493990944E+01
 0.85505850222633E+01
 0.85464739055422E+01
 0.85422226079445E+01
 0.85378373763395E+01
 0.85333245757133E+01
 0.85286900872564E+01
 0.85239397600921E+01
 0.85190791576416E+01
 0.85141139585217E+01
 0.85090494088990E+01
 0.85038906797924E+01
 0.84986427965688E+01
 0.84933105674117E+01
 0.84878988307322E+01
 0.84824121010092E+01
 0.84768548225919E+01
 0.84712312825934E+01
 0.84655454932959E+01
 0.84598016617218E+01
 0.84540036187688E+01
 0.84481549648822E+01
 0.84422596348091E+01
 0.84363207558056E+01
 0.84303420807730E+01
 0.84243267109823E+01
 0.84182777793979E+01
 0.84121983676151E+01
 0.84060913061884E+01
 0.83999596628166E+01
 0.83938059958186E+01
 0.83876329620072E+01
 0.83814431213494E+01
 0.83752389091904E+01
 0.83690226006913E+01
 0.83627966313807E+01
 0.83565629958802E+01
 0.83503238478214E+01
 0.83440812159000E+01
 0.83378369861478E+01
 0.83315929974788E+01
 0.83253511453058E+01
 0.83191131796168E+01
 0.83128803847737E+01
 0.83066546545621E+01
 0.83004374097158E+01
 0.82942300292817E+01
 0.82880339854287E+01
 0.82818505457943E+01
 0.82756809684712E+01
 0.82695264615971E+01
 0.82633881752800E+01
 0.82572671660438E+01
 0.82511645620023E+01
 0.82450812982333E+01
 0.82390183799603E+01
 0.82329766416340E+01
 0.82269569961198E+01
 0.82209602435351E+01
 0.82149871228850E+01
 0.82090384438589E+01
 0.82031149740521E+01
