 0.10000000133514E-09
 0.10000000133514E-09
 0.10000000133514E-09
 0.10000000133514E-09
 0.10000000133514E-09
 0.10000000133514E-09
 0.10000000133514E-09
 0.10000000133514E-09
 0.10000000133514E-09
 0.10000000133514E-09
 0.10000000133514E-09
 0.10000000133514E-09
 0.10000000133514E-09
 0.10000000133514E-09
 0.10000000133514E-09
 0.10000000133514E-09
 0.10000000133514E-09
 0.67393362507063E-03
 0.67393362507063E-03
 0.13602819369161E-02
 0.18344662420591E-02
 0.24051551344857E-02
 0.30774001098711E-02
 0.38548628818233E-02
 0.47398896461198E-02
 0.57336874730540E-02
 0.68364315499283E-02
 0.80474836465846E-02
 0.93654848212975E-02
 0.10788563125737E-01
 0.12314418283471E-01
 0.13940488728966E-01
 0.15664000494593E-01
 0.17482076895418E-01
 0.19391874591783E-01
 0.21390536916345E-01
 0.23475316149467E-01
 0.25643575806342E-01
 0.27892907132164E-01
 0.30221013636052E-01
 0.32625812974968E-01
 0.35105427436605E-01
 0.37658151343024E-01
 0.40282569305829E-01
 0.42977408467520E-01
 0.45741582257888E-01
 0.48574209862600E-01
 0.51474579379387E-01
 0.54442122903642E-01
 0.57476539666122E-01
 0.60577548431038E-01
 0.63745044073219E-01
 0.66979035440387E-01
 0.70279642287850E-01
 0.73647089457986E-01
 0.77081699801467E-01
 0.80583881821818E-01
 0.84154082215407E-01
 0.87792925807540E-01
 0.91500960623587E-01
 0.95278839143336E-01
 0.99127277783184E-01
 0.10304702713123E+00
 0.10703889154999E+00
 0.11111180843134E+00
 0.11525151783250E+00
 0.11946611147660E+00
 0.12375648196135E+00
 0.12812359364610E+00
 0.13256846051785E+00
 0.13709214186256E+00
 0.14169570709227E+00
 0.14638022076964E+00
 0.15114676025286E+00
 0.15599641456079E+00
 0.16093049200833E+00
 0.16595012214391E+00
 0.17105651637665E+00
 0.17625087447348E+00
 0.18153446271789E+00
 0.18690857077422E+00
 0.19237452533338E+00
 0.19793361934162E+00
 0.20358720481723E+00
 0.20933658574349E+00
 0.21518317228342E+00
 0.22112840118562E+00
 0.22717351552934E+00
 0.23331998232802E+00
 0.23956920870797E+00
 0.24592239395169E+00
 0.25238107851935E+00
 0.25894651798066E+00
 0.26562290247301E+00
 0.27240613019360E+00
 0.27929992328959E+00
 0.28630532846723E+00
 0.29342354431410E+00
 0.30065554093524E+00
 0.30800213733202E+00
 0.31546401715939E+00
 0.32304182253773E+00
 0.33073604180772E+00
 0.33854704157173E+00
 0.34647459337269E+00
 0.35451850178246E+00
 0.36267829393488E+00
 0.37095325967694E+00
 0.37934219414797E+00
 0.38784368737714E+00
 0.39645587068204E+00
 0.40517639349527E+00
 0.41400257485147E+00
 0.42293109970484E+00
 0.43195991122143E+00
 0.44108143378038E+00
 0.45029229024409E+00
 0.45958688378339E+00
 0.46895901160464E+00
 0.47840171496147E+00
 0.48790760960058E+00
 0.49746836548814E+00
 0.50707509689025E+00
 0.51671829776552E+00
 0.52638758530933E+00
 0.53607226382466E+00
 0.54576078111006E+00
 0.55544124539039E+00
 0.56510105694818E+00
 0.57472740667788E+00
 0.58430696147112E+00
 0.59382637034337E+00
 0.60327184068971E+00
 0.61262985556429E+00
 0.62188703352195E+00
 0.63103013976706E+00
 0.64004502777152E+00
 0.64891891363852E+00
 0.65764004028625E+00
 0.66619667411311E+00
 0.67457818769641E+00
 0.68277495453698E+00
 0.69077841923541E+00
 0.69858145544537E+00
 0.70617877185723E+00
 0.71356623437442E+00
 0.72074141190948E+00
 0.72770364273292E+00
 0.73445371589350E+00
 0.74099556543784E+00
 0.74733265207880E+00
 0.75347096183938E+00
 0.75941744500534E+00
 0.76518005978494E+00
 0.77076743577220E+00
 0.77618876785865E+00
 0.78145332002961E+00
 0.78657049085498E+00
 0.79154934056496E+00
 0.79639898001908E+00
 0.80112785169972E+00
 0.80574366742617E+00
 0.81025374695958E+00
 0.81466478677146E+00
 0.81898292682723E+00
 0.82321382172255E+00
 0.82736243579590E+00
 0.83143332890617E+00
 0.83543049609172E+00
 0.83935753988986E+00
 0.84321772464610E+00
 0.84701385570440E+00
 0.85074847216976E+00
 0.85442386709734E+00
 0.85804206574084E+00
 0.86160492044052E+00
 0.86511400932667E+00
 0.86857083519313E+00
 0.87197673168308E+00
 0.87533284808811E+00
 0.87864033113188E+00
 0.88190019381817E+00
 0.88511335988803E+00
 0.88828071576898E+00
 0.89140303681816E+00
 0.89448111875280E+00
 0.89751565706352E+00
 0.90050736604258E+00
 0.90345689343586E+00
 0.90636485634767E+00
 0.90923187077766E+00
 0.91205854333212E+00
 0.91484543384517E+00
 0.91759312375341E+00
 0.92030212729296E+00
 0.92297300644576E+00
 0.92560631046287E+00
 0.92820254248442E+00
 0.93076220199648E+00
 0.93328570586185E+00
 0.93577378717462E+00
 0.93822681834530E+00
 0.94064530864259E+00
 0.94302974249958E+00
 0.94538058383950E+00
 0.94769833847350E+00
 0.94998347919057E+00
 0.95223644795278E+00
 0.95445773933256E+00
 0.95664781368244E+00
 0.95880711147477E+00
 0.96093610146604E+00
 0.96303522025627E+00
 0.96510491619970E+00
 0.96714562926370E+00
 0.96915778696722E+00
 0.97114182792439E+00
 0.97309817382094E+00
 0.97502724062673E+00
 0.97692943963780E+00
 0.97880518985842E+00
 0.98065489146711E+00
 0.98247894082077E+00
 0.98427773516332E+00
 0.98605165932432E+00
 0.98780110109383E+00
 0.98952643462194E+00
 0.99122803604909E+00
 0.99290627379224E+00
 0.99456150787922E+00
 0.99619409434851E+00
 0.99780438812194E+00
 0.99939273218082E+00
 0.10009594725709E+01
 0.10025049430596E+01
 0.10040294766741E+01
 0.10055333965137E+01
 0.10070170235571E+01
 0.10084806753466E+01
 0.10099246625853E+01
 0.10113492912649E+01
 0.10127548621724E+01
 0.10141416717599E+01
 0.10155100107792E+01
 0.10168601667865E+01
 0.10181924199283E+01
 0.10195070477866E+01
 0.10208043243413E+01
 0.10220845156525E+01
 0.10233478874271E+01
 0.10245946963189E+01
 0.10258251987967E+01
 0.10270396450270E+01
 0.10282382808789E+01
 0.10294213482133E+01
 0.10305890857297E+01
 0.10317417271987E+01
 0.10328795020750E+01
 0.10340026360615E+01
 0.10351113523493E+01
 0.10362058687149E+01
 0.10372864015229E+01
 0.10383531597525E+01
 0.10394063511241E+01
 0.10404461775290E+01
 0.10414728407386E+01
 0.10424865369858E+01
 0.10434874606263E+01
 0.10444758018661E+01
 0.10454517455430E+01
 0.10464154773887E+01
 0.10473671780424E+01
 0.10483070243986E+01
 0.10492351899891E+01
 0.10501518465464E+01
 0.10510571637514E+01
 0.10519513067304E+01
 0.10528344384836E+01
 0.10537067182536E+01
 0.10545683036803E+01
 0.10554193491812E+01
 0.10562600073305E+01
 0.10570904274644E+01
 0.10579107560236E+01
 0.10587211378979E+01
 0.10595217150732E+01
 0.10603126269656E+01
 0.10610940116587E+01
 0.10618660038582E+01
 0.10626287358537E+01
 0.10633823383537E+01
 0.10641269396201E+01
 0.10648626661604E+01
 0.10655896419517E+01
 0.10663079889670E+01
 0.10670178273494E+01
 0.10677192752015E+01
 0.10684124484159E+01
 0.10690974612761E+01
 0.10697744260907E+01
