 0.29888252761923E+03
 0.29888252758951E+03
 0.29888252726087E+03
 0.29888252586063E+03
 0.29888252207146E+03
 0.29888251411540E+03
 0.29888249981679E+03
 0.29888247659620E+03
 0.29888244133813E+03
 0.29888238997211E+03
 0.29888231655110E+03
 0.29888221170523E+03
 0.29888206055209E+03
 0.29888184032925E+03
 0.29888143835794E+03
 0.29888096903733E+03
 0.29888020594913E+03
 0.29887915694610E+03
 0.29887763501982E+03
 0.29887562042443E+03
 0.29887287465655E+03
 0.29886935565345E+03
 0.29886478076427E+03
 0.29885910544402E+03
 0.29885201482220E+03
 0.29884346788739E+03
 0.29883313092669E+03
 0.29882096718893E+03
 0.29880663901109E+03
 0.29879011332125E+03
 0.29877106346128E+03
 0.29874946050977E+03
 0.29872507377661E+03
 0.29869765480921E+03
 0.29866720998648E+03
 0.29863352929617E+03
 0.29859647803004E+03
 0.29855584352850E+03
 0.29851168259413E+03
 0.29846381511163E+03
 0.29841214428290E+03
 0.29835658397119E+03
 0.29829695989975E+03
 0.29823338305020E+03
 0.29816570343961E+03
 0.29809385860626E+03
 0.29801779287406E+03
 0.29793745363919E+03
 0.29785269067696E+03
 0.29776364718329E+03
 0.29767018329137E+03
 0.29757224805008E+03
 0.29746979014961E+03
 0.29736275561523E+03
 0.29725108692783E+03
 0.29713472195210E+03
 0.29701348612314E+03
 0.29688751320133E+03
 0.29675662243221E+03
 0.29662072380340E+03
 0.29647971962780E+03
 0.29633350273450E+03
 0.29618195575973E+03
 0.29602495039190E+03
 0.29586232763517E+03
 0.29569385674355E+03
 0.29551957592493E+03
 0.29533920008265E+03
 0.29515253505995E+03
 0.29495937243029E+03
 0.29475948799696E+03
 0.29455264119783E+03
 0.29433857451485E+03
 0.29411701266753E+03
 0.29388754601982E+03
 0.29365008671798E+03
 0.29340419187360E+03
 0.29314950628746E+03
 0.29288565372665E+03
 0.29261223508206E+03
 0.29232882743338E+03
 0.29203498282001E+03
 0.29173011216969E+03
 0.29141394002984E+03
 0.29108582790994E+03
 0.29074521628984E+03
 0.29039151449047E+03
 0.29002410186906E+03
 0.28964232062304E+03
 0.28924547832427E+03
 0.28883272848649E+03
 0.28840353020651E+03
 0.28795696215325E+03
 0.28749212422318E+03
 0.28700819557241E+03
 0.28650419116922E+03
 0.28597900003822E+03
 0.28543178774462E+03
 0.28486134019241E+03
 0.28426649104993E+03
 0.28364601041209E+03
 0.28299860512419E+03
 0.28232280139348E+03
 0.28161737928987E+03
 0.28088073505729E+03
 0.28011128266703E+03
 0.27930725307772E+03
 0.27846709347710E+03
 0.27758887473092E+03
 0.27667066625800E+03
 0.27571044647985E+03
 0.27470599492356E+03
 0.27365528841578E+03
 0.27255591384942E+03
 0.27140536356469E+03
 0.27020115984921E+03
 0.26894078710058E+03
 0.26762141242576E+03
 0.26624009554606E+03
 0.26479406781038E+03
 0.26328018368823E+03
 0.26169521482474E+03
 0.26003608746439E+03
 0.25829940044422E+03
 0.25648169380226E+03
 0.25457967297329E+03
 0.25258970648474E+03
 0.25050844334238E+03
 0.24833229011272E+03
 0.24605793238959E+03
 0.24368194899970E+03
 0.24120126422895E+03
 0.23861284149522E+03
 0.23591414799746E+03
 0.23310282143115E+03
 0.23017725720499E+03
 0.22713628903223E+03
 0.22397968679005E+03
 0.22070817215782E+03
 0.21732339173673E+03
 0.21382840597231E+03
 0.21022765771813E+03
 0.20652695998317E+03
 0.20273383838257E+03
 0.19885733193571E+03
 0.19490813392333E+03
 0.19089824890558E+03
 0.18684107811130E+03
 0.18275100010590E+03
 0.17864306637303E+03
 0.17453267915910E+03
 0.17043518825924E+03
 0.16636558590075E+03
 0.16233791371302E+03
 0.15836521316221E+03
 0.15445913815734E+03
 0.15062980108476E+03
 0.14688575880940E+03
 0.14323401527168E+03
 0.13967981270035E+03
 0.13622716389746E+03
 0.13287866072101E+03
 0.12963575346961E+03
 0.12649885040285E+03
 0.12346749286627E+03
 0.12054052925212E+03
 0.11771621884448E+03
 0.11499286264073E+03
 0.11236693530877E+03
 0.10983611928301E+03
 0.10739743045568E+03
 0.10504777735601E+03
 0.10278402116982E+03
 0.10060293930894E+03
 0.98501390667922E+02
 0.96476245622615E+02
 0.94524444304986E+02
 0.92643098848226E+02
 0.90829092276803E+02
 0.89079722877578E+02
 0.87392278323297E+02
 0.85764149888513E+02
 0.84192834208522E+02
 0.82676047021390E+02
 0.81211253949574E+02
 0.79796371676681E+02
 0.78429300620804E+02
 0.77108033047543E+02
 0.75830782837290E+02
 0.74595462720277E+02
 0.73400460345919E+02
 0.72244114216088E+02
 0.71124839801866E+02
 0.70041265669717E+02
 0.68991673844872E+02
 0.67974831158867E+02
 0.66989430163735E+02
 0.66034371337200E+02
 0.65108166230528E+02
 0.64207682178808E+02
 0.63336164550123E+02
 0.62490404124186E+02
 0.61669411282378E+02
 0.60872247195054E+02
 0.60098014987084E+02
 0.59345856460739E+02
 0.58614949910311E+02
 0.57904515067617E+02
 0.57213802671496E+02
 0.56542098046894E+02
 0.55888715521492E+02
 0.55253001243588E+02
 0.54634329623598E+02
 0.54032101330010E+02
 0.53445741214134E+02
 0.52874700470712E+02
 0.52318452519436E+02
 0.51776493377712E+02
 0.51248337882676E+02
 0.50733523666678E+02
 0.50231605378942E+02
 0.49742157185307E+02
 0.49264768184274E+02
 0.48799046028410E+02
 0.48344613980700E+02
 0.47901109513454E+02
 0.47468183095280E+02
 0.47045500999983E+02
 0.46632741537482E+02
 0.46229596180193E+02
 0.45835766118480E+02
 0.45450965360450E+02
 0.45074919372436E+02
 0.44707362984806E+02
 0.44348040484151E+02
 0.43996706458313E+02
 0.43653124058817E+02
 0.43317065190532E+02
 0.42988310179418E+02
 0.42666646983070E+02
 0.42351871345711E+02
 0.42043786234888E+02
 0.41742201611680E+02
 0.41446933864320E+02
 0.41157806022457E+02
 0.40874647221483E+02
 0.40597292427610E+02
 0.40325582122994E+02
 0.40059362416027E+02
 0.39798484465219E+02
 0.39542804543972E+02
 0.39292183553573E+02
 0.39046487175872E+02
 0.38805585374928E+02
 0.38569352438956E+02
 0.38337666741833E+02
 0.38110410455197E+02
 0.37887469779998E+02
 0.37668734441225E+02
 0.37454097443748E+02
 0.37243455366815E+02
 0.37036708014471E+02
 0.36833758401429E+02
 0.36634512393919E+02
 0.36438878620084E+02
 0.36246769374432E+02
 0.36058097785294E+02
 0.35872781636024E+02
 0.35690740507858E+02
 0.35511895220169E+02
 0.35336170331243E+02
 0.35163492417138E+02
 0.34993789980816E+02
 0.34826993184463E+02
 0.34663034793551E+02
 0.34501849497051E+02
 0.34343373702118E+02
 0.34187545914143E+02
 0.34034305708259E+02
 0.33883594907824E+02
 0.33735356474509E+02
 0.33589535805862E+02
 0.33446079279270E+02
 0.33304934795237E+02
 0.33166051319540E+02
 0.33029380194566E+02
 0.32894873195240E+02
 0.32762483661582E+02
 0.32632166194494E+02
 0.32503876609122E+02
 0.32377571552154E+02
 0.32253209859809E+02
 0.32130750436164E+02
 0.32010153451773E+02
 0.31891380476855E+02
 0.31774393719140E+02
 0.31659156494390E+02
 0.31545632672164E+02
 0.31433788168246E+02
 0.31323588664489E+02
