 0.00000000000000E+00
 0.00000000000000E+00
 0.00000000000000E+00
 0.00000000000000E+00
 0.13127497861867E-77
 0.12545462920130E-64
 0.23449528291312E-55
 0.21080025347749E-48
 0.53992693869002E-43
 0.11457983410444E-38
 0.39737263767248E-35
 0.35422252894680E-32
 0.11104547160000E-29
 0.15315403012780E-27
 0.10951865852684E-25
 0.45925968671579E-24
 0.12409675816700E-22
 0.23249051012035E-21
 0.31997779713003E-20
 0.33884032618168E-19
 0.28662134863885E-18
 0.19969470500442E-17
 0.11753710353503E-16
 0.59688745998484E-16
 0.26621117777763E-15
 0.10584841024307E-14
 0.38003576504145E-14
 0.12456520192913E-13
 0.37627861490221E-13
 0.10561126722487E-12
 0.27739643958562E-12
 0.68609388167710E-12
 0.16067222386122E-11
 0.35799387509129E-11
 0.76215102504028E-11
 0.15562959105817E-10
 0.30584577242504E-10
 0.58022040243859E-10
 0.10654676462127E-09
 0.18985013207651E-09
 0.32897645013632E-09
 0.55548218924601E-09
 0.91562354951191E-09
 0.14757576760663E-08
 0.23292638465664E-08
 0.36051450697662E-08
 0.54786215117051E-08
 0.81839504678293E-08
 0.12029798786600E-07
 0.17417004315622E-07
 0.24859874312101E-07
 0.35010083035871E-07
 0.48684131654957E-07
 0.66894227660994E-07
 0.90882739208276E-07
 0.12216030793245E-06
 0.16254858327318E-06
 0.21422244545528E-06
 0.27976382706995E-06
 0.36221185830154E-06
 0.46512005453776E-06
 0.59261643595357E-06
 0.74946710869782E-06
 0.94114323730858E-06
 0.11738923611951E-05
 0.14548157367110E-05
 0.17919222897300E-05
 0.21942444471193E-05
 0.26718977037396E-05
 0.32361726817480E-05
 0.38996250400596E-05
 0.46761689076455E-05
 0.55811741465942E-05
 0.66315678254161E-05
 0.78459766454468E-05
 0.92447009927109E-05
 0.10850026875185E-04
 0.12686226287143E-04
 0.14779716931449E-04
 0.17159201889425E-04
 0.19855818613146E-04
 0.22903299104125E-04
 0.26338252067083E-04
 0.30199931078991E-04
 0.34531037962648E-04
 0.39377563223666E-04
 0.44789120689101E-04
 0.50819210699345E-04
 0.57525523721501E-04
 0.64970260956284E-04
 0.73220779419325E-04
 0.82348913606407E-04
 0.92432981509526E-04
 0.10355744002474E-03
 0.11581314065158E-03
 0.12929870585348E-03
 0.14412126812345E-03
 0.16039545530862E-03
 0.17824704316474E-03
 0.19781218001492E-03
 0.21923895919337E-03
 0.24268867614828E-03
 0.26833815793022E-03
 0.29637806537456E-03
 0.32701944248144E-03
 0.36049287372133E-03
 0.39705267227060E-03
 0.43697520144973E-03
 0.48056817503269E-03
 0.52817022257640E-03
 0.58015571708949E-03
 0.63694105844504E-03
 0.69898318221970E-03
 0.76679494606858E-03
 0.84094758843534E-03
 0.92207542547514E-03
 0.10108850807133E-02
 0.11081725173380E-02
 0.12148304602703E-02
 0.13318525176476E-02
 0.14603643905985E-02
 0.16016336313752E-02
 0.17570795027229E-02
 0.19283140276905E-02
 0.21171592720358E-02
 0.23256652336414E-02
 0.25561695205955E-02
 0.28113038384231E-02
 0.30940684534849E-02
 0.34078501253215E-02
 0.37565051792495E-02
 0.41443889698620E-02
 0.45764508726843E-02
 0.50582680635740E-02
 0.55961603066133E-02
 0.61972106074471E-02
 0.68693867567035E-02
 0.76215586948881E-02
 0.84635606777943E-02
 0.94062530371063E-02
 0.10461461370602E-01
 0.11641957921318E-01
 0.12961400141706E-01
 0.14434112778771E-01
 0.16074917409992E-01
 0.17898782959164E-01
 0.19920533343613E-01
 0.22154324417928E-01
 0.24613221322857E-01
 0.27308702801254E-01
 0.30250159870192E-01
 0.33444466778595E-01
 0.36895571665423E-01
 0.40604406903904E-01
 0.44568609923835E-01
 0.48782641971615E-01
 0.53237942575685E-01
 0.57923129103497E-01
 0.62824314522846E-01
 0.67925800264638E-01
 0.73210042113960E-01
 0.78658436475875E-01
 0.84251598562478E-01
 0.89969829989457E-01
 0.95793450096630E-01
 0.10170305917414E+00
 0.10767983980448E+00
 0.11370484897763E+00
 0.11976269159348E+00
 0.12583644784771E+00
 0.13191115397281E+00
 0.13797298858495E+00
 0.14400927051071E+00
 0.15000862162999E+00
 0.15596066530910E+00
 0.16185619167280E+00
 0.16768702791994E+00
 0.17344577015354E+00
 0.17912671577894E+00
 0.18472427696320E+00
 0.19023394188898E+00
 0.19565194681311E+00
 0.20097521121839E+00
 0.20620097247369E+00
 0.21132797270332E+00
 0.21635453912928E+00
 0.22127975945470E+00
 0.22610314108200E+00
 0.23082419121122E+00
 0.23544383517309E+00
 0.23996219019379E+00
 0.24437998685113E+00
 0.24869817459098E+00
 0.25291748422101E+00
 0.25704002402713E+00
 0.26106682353528E+00
 0.26499942866149E+00
 0.26883904255438E+00
 0.27258827513875E+00
 0.27625490712926E+00
 0.27982780953089E+00
 0.28331535572053E+00
 0.28671944993078E+00
 0.29004199330072E+00
 0.29328489517016E+00
 0.29645006914763E+00
 0.29953942716687E+00
 0.30255485300672E+00
 0.30549822361857E+00
 0.30837138887572E+00
 0.31117618008647E+00
 0.31391439374016E+00
 0.31658779541971E+00
 0.31919811966079E+00
 0.32174707063629E+00
 0.32423631049419E+00
 0.32666746733199E+00
 0.32904212994867E+00
 0.33136185563034E+00
 0.33362815475147E+00
 0.33584250534982E+00
 0.33800634287157E+00
 0.34012107166128E+00
 0.34218805186608E+00
 0.34420860644581E+00
 0.34618402369176E+00
 0.34811555934182E+00
 0.35000442680039E+00
 0.35185180727664E+00
 0.35365884535248E+00
 0.35542665833160E+00
 0.35715632615786E+00
 0.35884889477801E+00
 0.36050538173188E+00
 0.36212677530803E+00
 0.36371403157526E+00
 0.36526807910930E+00
 0.36678981807741E+00
 0.36828012092136E+00
 0.36973983441867E+00
 0.37116977901975E+00
 0.37257075032381E+00
 0.37394351961097E+00
 0.37528883537568E+00
 0.37660742262760E+00
 0.37789998438674E+00
 0.37916720243948E+00
 0.38040973822390E+00
 0.38162823251709E+00
 0.38282330709743E+00
 0.38399556458863E+00
 0.38514558988190E+00
 0.38627394975396E+00
 0.38738119433322E+00
 0.38846785704631E+00
 0.38953445536116E+00
 0.39058149166777E+00
 0.39160945271650E+00
 0.39261881111285E+00
 0.39361002607714E+00
 0.39458354272114E+00
 0.39553979310968E+00
 0.39647919639595E+00
 0.39740215990092E+00
 0.39830907944912E+00
 0.39920033701588E+00
 0.40007630850103E+00
 0.40093735347826E+00
 0.40178382303607E+00
 0.40261606134266E+00
 0.40343439903223E+00
 0.40423915792968E+00
 0.40503065137650E+00
 0.40580918502098E+00
 0.40657505440791E+00
 0.40732854687618E+00
 0.40806994218365E+00
 0.40879951159662E+00
 0.40951752066070E+00
 0.41022422620260E+00
 0.41091987930252E+00
 0.41160472201173E+00
 0.41227899120476E+00
 0.41294291724345E+00
 0.41359672522267E+00
 0.41424063169198E+00
 0.41487484969888E+00
 0.41549958595863E+00
 0.41611504170025E+00
 0.41672141285080E+00
 0.41731889105969E+00
 0.41790766035521E+00
 0.41848790253265E+00
 0.41905979419792E+00
 0.41962350650386E+00
 0.42017920710307E+00
 0.42072705903166E+00
 0.42126722212885E+00
 0.42179984942360E+00
 0.42232509279047E+00
