 0.00000000000000E+00
 0.00000000000000E+00
 0.00000000000000E+00
 0.00000000000000E+00
 0.10949492372892E-25
 0.23236046150587E-21
 0.28622750855516E-18
 0.59514626112946E-16
 0.37795926762880E-14
 0.10464120441231E-12
 0.15839178496663E-11
 0.15243758498320E-10
 0.10355401711453E-09
 0.53502754670166E-09
 0.22207314217175E-08
 0.77152991825693E-08
 0.23151908750327E-07
 0.61489606918744E-07
 0.14735782998277E-06
 0.32359233301932E-06
 0.65932957764295E-06
 0.12592780583186E-05
 0.22736520732087E-05
 0.39080710827538E-05
 0.64328876791207E-05
 0.10191161577282E-04
 0.15605153537422E-04
 0.23180466843235E-04
 0.33508523576932E-04
 0.47266076843737E-04
 0.65213669474944E-04
 0.88190718268721E-04
 0.11711056371747E-03
 0.15295327025144E-03
 0.19675610690869E-03
 0.24960635743592E-03
 0.31263075461626E-03
 0.38698687269067E-03
 0.47385003419757E-03
 0.57440837999638E-03
 0.68985089945772E-03
 0.82135931692936E-03
 0.97010215718114E-03
 0.11372191948573E-02
 0.13238260345475E-02
 0.15310010931108E-02
 0.17597818336443E-02
 0.20111602803981E-02
 0.22860838345291E-02
 0.25854344326082E-02
 0.29100513427731E-02
 0.32607134011234E-02
 0.36381414239510E-02
 0.40429975708207E-02
 0.44758851462067E-02
 0.49373488811467E-02
 0.54278857543895E-02
 0.59479069535926E-02
 0.64977958474379E-02
 0.70778734927809E-02
 0.76884091462048E-02
 0.83296225788591E-02
 0.90016864890022E-02
 0.97047290945815E-02
 0.10438839891461E-01
 0.11204080134517E-01
 0.12000428113262E-01
 0.12827879409685E-01
 0.13686383069989E-01
 0.14575861312835E-01
 0.15496212828175E-01
 0.16447315934225E-01
 0.17429031731320E-01
 0.18441207295764E-01
 0.19483708357947E-01
 0.20556307321134E-01
 0.21658855003541E-01
 0.22791174263535E-01
 0.23953089442327E-01
 0.25144429689223E-01
 0.26365032024536E-01
 0.27614744465726E-01
 0.28893467960980E-01
 0.30201006599699E-01
 0.31537295258818E-01
 0.32902256450956E-01
 0.34295839033284E-01
 0.35718020294139E-01
 0.37168811247652E-01
 0.38648258287504E-01
 0.40156496254454E-01
 0.41693557627779E-01
 0.43259661884454E-01
 0.44855053252491E-01
 0.46479972826264E-01
 0.48134770762442E-01
 0.49819896647156E-01
 0.51535705679428E-01
 0.53282778272344E-01
 0.55061718169429E-01
 0.56873209061531E-01
 0.58718017876095E-01
 0.60597063097686E-01
 0.62511179733125E-01
 0.64461471859635E-01
 0.66449098509930E-01
 0.68475392500344E-01
 0.70541628227357E-01
 0.72649376284968E-01
 0.74800288606243E-01
 0.76996156314839E-01
 0.79238985600783E-01
 0.81530746991782E-01
 0.83873760840456E-01
 0.86270517915192E-01
 0.88723599292839E-01
 0.91235724109403E-01
 0.93809954565562E-01
 0.96449562713952E-01
 0.99157831373496E-01
 0.10193846104997E+00
 0.10479536934576E+00
 0.10773251350417E+00
 0.11075426650656E+00
 0.11386522426466E+00
 0.11707002901917E+00
 0.12037378058414E+00
 0.12378153914670E+00
 0.12729875975539E+00
 0.13093085557695E+00
 0.13468352387574E+00
 0.13856234641738E+00
 0.14257304645099E+00
 0.14672105101034E+00
 0.15101176690929E+00
 0.15544999635447E+00
 0.16004018425183E+00
 0.16478587728855E+00
 0.16968962034038E+00
 0.17475289128249E+00
 0.17997549554465E+00
 0.18535546318797E+00
 0.19088892762262E+00
 0.19656961826727E+00
 0.20238892677602E+00
 0.20833561731399E+00
 0.21439608973893E+00
 0.22055419444568E+00
 0.22679165223055E+00
 0.23308839712446E+00
 0.23942298841499E+00
 0.24577316770785E+00
 0.25211634242902E+00
 0.25843045980782E+00
 0.26469424224540E+00
 0.27088784663677E+00
 0.27699323717065E+00
 0.28299436755553E+00
 0.28887731950033E+00
 0.29463069134939E+00
 0.30024500272450E+00
 0.30571300422789E+00
 0.31102935438059E+00
 0.31619050785629E+00
 0.32119448728232E+00
 0.32604064211075E+00
 0.33072948993258E+00
 0.33526185226830E+00
 0.33964130071607E+00
 0.34387009967117E+00
 0.34795165758125E+00
 0.35188975293158E+00
 0.35568842368465E+00
 0.35935198676187E+00
 0.36288479280712E+00
 0.36629129539422E+00
 0.36957595288671E+00
 0.37274307561770E+00
 0.37579733672596E+00
 0.37874291078219E+00
 0.38158402199459E+00
 0.38432478356666E+00
 0.38696918666466E+00
 0.38952094608815E+00
 0.39198410098143E+00
 0.39436210214993E+00
 0.39665841329689E+00
 0.39887636744104E+00
 0.40101899931216E+00
 0.40308970829985E+00
 0.40509126883701E+00
 0.40702649707363E+00
 0.40889808922121E+00
 0.41070845130923E+00
 0.41246039787250E+00
 0.41415611283134E+00
 0.41579784919513E+00
 0.41738757951632E+00
 0.41892773010451E+00
 0.42042270002559E+00
 0.42186908561185E+00
 0.42327134501930E+00
 0.42463119893573E+00
 0.42595028448231E+00
 0.42723016673097E+00
 0.42847234342095E+00
 0.42967824834303E+00
 0.43084924630075E+00
 0.43198664630970E+00
 0.43309169814483E+00
 0.43416559968893E+00
 0.43520949440065E+00
 0.43622447624609E+00
 0.43721159275491E+00
 0.43817184811259E+00
 0.43910620137282E+00
 0.44001557186891E+00
 0.44090083943412E+00
 0.44176284931027E+00
 0.44260240825730E+00
 0.44342029166765E+00
 0.44421724131270E+00
 0.44499397100292E+00
 0.44575116306969E+00
 0.44648947215524E+00
 0.44720952723145E+00
 0.44791193337257E+00
 0.44859726912847E+00
 0.44926609107647E+00
 0.44991893300050E+00
 0.45055630999444E+00
 0.45117871548567E+00
 0.45178662307581E+00
 0.45238048911889E+00
 0.45296075293568E+00
 0.45352783623566E+00
 0.45408214525732E+00
 0.45462407085229E+00
 0.45515398911159E+00
 0.45567226245182E+00
 0.45617923970549E+00
 0.45667525694766E+00
 0.45716063796418E+00
 0.45763569505295E+00
 0.45810072901685E+00
 0.45855602991507E+00
 0.45900187753603E+00
 0.45943854190040E+00
 0.45986628332932E+00
 0.46028535319420E+00
 0.46069599401553E+00
 0.46109844010442E+00
 0.46149291756178E+00
 0.46187964491523E+00
 0.46225883321544E+00
 0.46263068640318E+00
 0.46299540171639E+00
 0.46335316958785E+00
 0.46370417425318E+00
 0.46404859409569E+00
 0.46438660147066E+00
 0.46471836314534E+00
 0.46504404041227E+00
 0.46536378952541E+00
 0.46567776187392E+00
 0.46598610322241E+00
 0.46628895645122E+00
 0.46658645805787E+00
 0.46687874091435E+00
 0.46716593484674E+00
 0.46744816439084E+00
 0.46772555046094E+00
 0.46799821049584E+00
 0.46826625876260E+00
 0.46852980555670E+00
 0.46878895788454E+00
 0.46904381970490E+00
 0.46929449164104E+00
 0.46954107195639E+00
 0.46978365554642E+00
 0.47002233498049E+00
 0.47025719939512E+00
 0.47048833583452E+00
 0.47071582880940E+00
 0.47093976074014E+00
 0.47116021084959E+00
 0.47137725690509E+00
 0.47159097426276E+00
 0.47180143617033E+00
 0.47200871384243E+00
 0.47221287682226E+00
 0.47241399185019E+00
 0.47261212471531E+00
 0.47280733925473E+00
 0.47299969727325E+00
 0.47318925921870E+00
 0.47337608380921E+00
 0.47356022852513E+00
 0.47374174838475E+00
 0.47392069787952E+00
