                  NaN
                  NaN
                  NaN
                  NaN
 0.10000000133514E-09
 0.10000000133514E-09
 0.10000000133514E-09
 0.10000000133514E-09
 0.10000000133514E-09
 0.10000000133517E-09
 0.10000000133562E-09
 0.10000000133995E-09
 0.10000000137693E-09
 0.10000000178191E-09
 0.10000000693301E-09
 0.10000006317558E-09
 0.10000054429163E-09
 0.69209602491612E-07
 0.69325365374807E-07
 0.33273451324296E-06
 0.64239869511222E-06
 0.11526801336923E-05
 0.19651924607650E-05
 0.32047319560218E-05
 0.50268385533841E-05
 0.76202313630230E-05
 0.11208607480672E-04
 0.16052303164036E-04
 0.22449305544050E-04
 0.30736421506567E-04
 0.41290095520606E-04
 0.54527242702051E-04
 0.70905829661318E-04
 0.90925681636558E-04
 0.11512993839440E-03
 0.14410485275719E-03
 0.17848132179589E-03
 0.21893539576473E-03
 0.26619041772860E-03
 0.32101600631236E-03
 0.38423024280656E-03
 0.45670028115878E-03
 0.53934235007831E-03
 0.63312529485464E-03
 0.73906943945970E-03
 0.85824542489516E-03
 0.99177944177295E-03
 0.11408511724701E-02
 0.13066952295650E-02
 0.14906054442044E-02
 0.16939297303752E-02
 0.19180748916393E-02
 0.21645062247199E-02
 0.24347490228183E-02
 0.27303897347490E-02
 0.30530778833381E-02
 0.34045281757994E-02
 0.37865123198427E-02
 0.42008802119076E-02
 0.46495376756337E-02
 0.51344623432151E-02
 0.56577037186336E-02
 0.62213810675048E-02
 0.68276890420685E-02
 0.74804023036255E-02
 0.81790706931935E-02
 0.89274412201263E-02
 0.97280236461934E-02
 0.10583410998024E-01
 0.11496286617110E-01
 0.12469426532803E-01
 0.13505697769443E-01
 0.14608056442284E-01
 0.15779556030752E-01
 0.17023364514432E-01
 0.18342757125484E-01
 0.19741112110051E-01
 0.21221923631866E-01
 0.22788805739190E-01
 0.24445496973051E-01
 0.26195868677538E-01
 0.28043934684126E-01
 0.29993855041637E-01
 0.32049886353983E-01
 0.34216483424755E-01
 0.36498260379614E-01
 0.38900011576585E-01
 0.41426629847415E-01
 0.44083276702010E-01
 0.46875260947942E-01
 0.49808074136186E-01
 0.52887411056986E-01
 0.56119194405496E-01
 0.59510591526336E-01
 0.63066061466126E-01
 0.66793059745922E-01
 0.70698419099237E-01
 0.74789166980248E-01
 0.79072630330267E-01
 0.83556357467537E-01
 0.88248142475318E-01
 0.93156057075326E-01
 0.98288517710299E-01
 0.10365403863307E+00
 0.10926139166491E+00
 0.11511965133566E+00
 0.12123822343682E+00
 0.12762654498972E+00
 0.13429437668276E+00
 0.14125170359681E+00
 0.14850863310775E+00
 0.15607549848100E+00
 0.16396255488995E+00
 0.17218029614687E+00
 0.18074040709181E+00
 0.18965126659134E+00
 0.19892413765825E+00
 0.20856934246636E+00
 0.21859706962579E+00
 0.22901683472224E+00
 0.23983826359892E+00
 0.25107036938546E+00
 0.26272136265275E+00
 0.27479912264444E+00
 0.28731061803537E+00
 0.30026176462625E+00
 0.31365774870856E+00
 0.32750211564150E+00
 0.34179723555945E+00
 0.35654391598091E+00
 0.37174086258404E+00
 0.38738502034207E+00
 0.40347066643464E+00
 0.41998929514230E+00
 0.43692955852022E+00
 0.45427598728827E+00
 0.47200961540884E+00
 0.49010641690346E+00
 0.50853714941187E+00
 0.52726747774177E+00
 0.54625664937009E+00
 0.56545756755806E+00
 0.58481699843932E+00
 0.60427506404073E+00
 0.62376619782572E+00
 0.64321941690280E+00
 0.66256009544456E+00
 0.68171072416333E+00
 0.70059316912625E+00
 0.71913060896583E+00
 0.73724923990079E+00
 0.75488059659704E+00
 0.77196301671177E+00
 0.78844381893729E+00
 0.80427955517806E+00
 0.81943707026809E+00
 0.83389339131397E+00
 0.84763536417687E+00
 0.86065869916440E+00
 0.87296815019487E+00
 0.88457457437100E+00
 0.89549496508515E+00
 0.90575096515700E+00
 0.91536778741335E+00
 0.92437319949404E+00
 0.93279661559872E+00
 0.94066831342519E+00
 0.94801805706770E+00
 0.95487785632606E+00
 0.96127662237006E+00
 0.96724322671291E+00
 0.97280538509336E+00
 0.97798956927866E+00
 0.98282097954141E+00
 0.98732336061689E+00
 0.99151910967823E+00
 0.99542920471980E+00
 0.99907319309827E+00
 0.10024696890294E+01
 0.10056356609924E+01
 0.10085870612604E+01
 0.10113387097427E+01
 0.10139043734292E+01
 0.10162967339782E+01
 0.10185278802798E+01
 0.10206087179881E+01
 0.10225494547837E+01
 0.10243595788764E+01
 0.10260477716530E+01
 0.10276224006821E+01
 0.10290909240917E+01
 0.10304603713205E+01
 0.10317372543513E+01
 0.10329275411081E+01
 0.10340370395889E+01
 0.10350708823286E+01
 0.10360339304862E+01
 0.10369306098033E+01
 0.10377653045567E+01
 0.10385430381188E+01
 0.10392650040268E+01
 0.10399358531089E+01
 0.10405587520547E+01
 0.10411366529072E+01
 0.10416723102521E+01
 0.10421682973900E+01
 0.10426270170951E+01
 0.10430507123258E+01
 0.10434414858058E+01
 0.10438012983928E+01
 0.10441319892817E+01
 0.10444352776226E+01
 0.10447127763805E+01
 0.10449659935295E+01
 0.10451963476022E+01
 0.10454051660873E+01
 0.10455936952354E+01
 0.10457631056880E+01
 0.10459144960841E+01
 0.10460489006241E+01
 0.10461672894709E+01
 0.10462705758430E+01
 0.10463596180911E+01
 0.10464352254331E+01
 0.10464981609608E+01
 0.10465491397001E+01
 0.10465888371368E+01
 0.10466178917195E+01
 0.10466369021839E+01
 0.10466464365191E+01
 0.10466470299466E+01
 0.10466391847481E+01
 0.10466233803904E+01
 0.10466000651856E+01
 0.10465696634294E+01
 0.10465325791819E+01
 0.10464891909316E+01
 0.10464398582392E+01
 0.10463849208738E+01
 0.10463247003200E+01
 0.10462595009468E+01
 0.10461896110419E+01
 0.10461153032557E+01
 0.10460368362545E+01
 0.10459544539092E+01
 0.10458683887898E+01
 0.10457788605503E+01
 0.10456860774374E+01
 0.10455902371558E+01
 0.10454915272654E+01
 0.10453901250990E+01
 0.10452861988164E+01
 0.10451799092815E+01
 0.10450714076933E+01
 0.10449608380702E+01
 0.10448483371579E+01
 0.10447340347376E+01
 0.10446180539707E+01
 0.10445005124778E+01
 0.10443815206557E+01
 0.10442611841475E+01
 0.10441396038200E+01
 0.10440168737364E+01
 0.10438930858342E+01
 0.10437683246427E+01
 0.10436426733862E+01
 0.10435162080126E+01
 0.10433890039167E+01
 0.10432611302449E+01
 0.10431326529570E+01
 0.10430036361917E+01
 0.10428741403744E+01
 0.10427442214969E+01
 0.10426139341062E+01
 0.10424833302688E+01
 0.10423524589032E+01
 0.10422213660785E+01
 0.10420900965547E+01
 0.10419586917889E+01
 0.10418271916879E+01
 0.10416956339972E+01
 0.10415640552481E+01
 0.10414324889271E+01
 0.10413009679393E+01
 0.10411695226305E+01
 0.10410381820516E+01
 0.10409069737048E+01
 0.10407759241647E+01
 0.10406450583175E+01
 0.10405143992525E+01
 0.10403839694477E+01
 0.10402537900309E+01
 0.10401238810221E+01
 0.10399942613146E+01
 0.10398649488332E+01
 0.10397359604609E+01
 0.10396073121953E+01
 0.10394790189607E+01
 0.10393510950118E+01
 0.10392235538143E+01
