-0.00000000000000E+00
-0.45787993606571E-04
-0.25479671736362E-02
-0.31935778834889E-01
-0.19347986039595E+00
-0.76536112689647E+00
-0.22970583956121E+01
-0.56946096702670E+01
-0.12279552062451E+02
-0.23793403628171E+02
-0.42293517229685E+02
-0.69868667066512E+02
-0.10810953881019E+03
-0.15729934197482E+03
-0.51992087359062E+03
-0.58102933593233E+03
-0.97096959519383E+03
-0.13646068672884E+04
-0.21180067710276E+04
-0.28872015030756E+04
-0.41042237134682E+04
-0.53978527951611E+04
-0.72609087574129E+04
-0.92401184669166E+04
-0.11866295149538E+05
-0.14607918437718E+05
-0.18010956537475E+05
-0.21493913467233E+05
-0.25584943852464E+05
-0.29672844251254E+05
-0.34255446699365E+05
-0.38724288473349E+05
-0.43228795623891E+05
-0.47990082721978E+05
-0.52341772734747E+05
-0.56411382897285E+05
-0.60080875847980E+05
-0.63521778295382E+05
-0.66005603010724E+05
-0.67642285327715E+05
-0.68277599574282E+05
-0.67742118316337E+05
-0.66171018739179E+05
-0.62784273083565E+05
-0.57678205313279E+05
-0.50645524427676E+05
-0.41490944632677E+05
-0.30003032526912E+05
-0.16268697371817E+05
 0.53152776635935E+03
 0.20352165645005E+05
 0.43434867776426E+05
 0.70036416382755E+05
 0.10042496302000E+06
 0.13488013660138E+06
 0.17369578856255E+06
 0.21687558720999E+06
 0.26533834958722E+06
 0.31913939392275E+06
 0.37863619720987E+06
 0.44420955449209E+06
 0.51626212859169E+06
 0.59522007343686E+06
 0.68153478224864E+06
 0.77568833151520E+06
 0.87788140465128E+06
 0.98924261427334E+06
 0.11100586174526E+07
 0.12409336146510E+07
 0.13825115684907E+07
 0.15354768405400E+07
 0.17005565577323E+07
 0.18785220976817E+07
 0.20701930129859E+07
 0.22761456932524E+07
 0.24978796795235E+07
 0.27360968000528E+07
 0.29918368493611E+07
 0.32662057430778E+07
 0.35603772994031E+07
 0.38755971417630E+07
 0.42131870783408E+07
 0.45742660359466E+07
 0.49608750831906E+07
 0.53743215098569E+07
 0.58162778333185E+07
 0.62885193699475E+07
 0.67929256800233E+07
 0.73314915440700E+07
 0.79063314508070E+07
 0.85194047415850E+07
 0.91736361508684E+07
 0.98712808065805E+07
 0.10615015765599E+08
 0.11407649539660E+08
 0.12252196155227E+08
 0.13151561961230E+08
 0.14109624635342E+08
 0.15129710964213E+08
 0.16215598302000E+08
 0.17371295315262E+08
 0.18601032015721E+08
 0.19909068920797E+08
 0.21300641679522E+08
 0.22780566757617E+08
 0.24354166966029E+08
 0.26026876929050E+08
 0.27805123885138E+08
 0.29695014522522E+08
 0.31703249496564E+08
 0.33836898205128E+08
 0.36103236205280E+08
 0.38510593112820E+08
 0.41067117405959E+08
 0.43781652441911E+08
 0.46663255361827E+08
 0.49722136015565E+08
 0.52968425482042E+08
 0.56412824121860E+08
 0.60067113509390E+08
 0.63943136015609E+08
 0.68053346626765E+08
 0.72411244047511E+08
 0.77030514299043E+08
 0.81925480519969E+08
 0.87111513214320E+08
 0.92604114552716E+08
 0.98419862734499E+08
 0.10457550771765E+09
 0.11108893302528E+09
 0.11797806446621E+09
 0.12526188294477E+09
 0.13295948927154E+09
 0.14109077763584E+09
 0.14967578847512E+09
 0.15873508592376E+09
 0.16828933594260E+09
 0.17835937449196E+09
 0.18896593255812E+09
 0.20012943440081E+09
 0.21186999058872E+09
 0.22420701943289E+09
 0.23715916540029E+09
 0.25074383780718E+09
 0.26497713824426E+09
 0.27987396159362E+09
 0.29544736155282E+09
 0.31170869214679E+09
 0.32866753259458E+09
 0.34633176796484E+09
 0.36470775297670E+09
 0.38380040309198E+09
 0.40361360349319E+09
 0.42415048173913E+09
 0.44541358464366E+09
 0.46740534070932E+09
 0.49012844872535E+09
 0.51358587786093E+09
 0.53778123968803E+09
 0.56271903017688E+09
 0.58840472840856E+09
 0.61484474098309E+09
 0.64204647520847E+09
 0.67001834360692E+09
 0.69876989811149E+09
 0.72831145443799E+09
 0.75865437042285E+09
 0.78981077380669E+09
 0.82179350749422E+09
 0.85461620684832E+09
 0.88829310960884E+09
 0.92283901900185E+09
 0.95826929968163E+09
 0.99459971326851E+09
 0.10318465570866E+10
 0.10700264510572E+10
 0.11091563852238E+10
 0.11492536289120E+10
 0.11903358430040E+10
 0.12324208681831E+10
 0.12755268426965E+10
 0.13196721259712E+10
 0.13648752811661E+10
 0.14111550579451E+10
 0.14585304841149E+10
 0.15070206726881E+10
 0.15566449511640E+10
 0.16074227985329E+10
 0.16593738091553E+10
 0.17125178304554E+10
 0.17668747684838E+10
 0.18224646588975E+10
 0.18793077385092E+10
 0.19374242960166E+10
 0.19968348115872E+10
 0.20575598731220E+10
 0.21196201747150E+10
 0.21830364743325E+10
 0.22478297847658E+10
 0.23140210677393E+10
 0.23816315397827E+10
 0.24506823971176E+10
 0.25211950631004E+10
 0.25931909727917E+10
 0.26666916935485E+10
 0.27417188652246E+10
 0.28182943113265E+10
 0.28964398918205E+10
 0.29761775340410E+10
 0.30575292644182E+10
 0.31405173160513E+10
 0.32251638848627E+10
 0.33114912765175E+10
 0.33995219672595E+10
 0.34892784294590E+10
 0.35807833153761E+10
 0.36740592558075E+10
 0.37691290724791E+10
 0.38660155522548E+10
 0.39647417393449E+10
 0.40653306622006E+10
 0.41678052641315E+10
 0.42721889215728E+10
 0.43785049209323E+10
 0.44867765556292E+10
 0.45970271424985E+10
 0.47092804365452E+10
 0.48235599956924E+10
 0.49398894190912E+10
 0.50582924250476E+10
 0.51787930011694E+10
 0.53014150305962E+10
 0.54261825117459E+10
 0.55531194292855E+10
 0.56822499964152E+10
 0.58135984956075E+10
 0.59471892228990E+10
 0.60830465656573E+10
 0.62211949615265E+10
 0.63616589822397E+10
 0.65044632572291E+10
 0.66496324606957E+10
 0.67971913465564E+10
 0.69471648195469E+10
 0.70995777880853E+10
 0.72544552488727E+10
 0.74118222659576E+10
 0.75717040493447E+10
 0.77341258134268E+10
 0.78991128738615E+10
 0.80666906139165E+10
 0.82368844600077E+10
 0.84097200405679E+10
 0.85852229336656E+10
 0.87634188197697E+10
 0.89443334633332E+10
 0.91279927474623E+10
 0.93144226327526E+10
 0.95036490824526E+10
 0.96956982345344E+10
 0.98905961551757E+10
 0.10088369106324E+11
 0.10289043433054E+11
 0.10492645543323E+11
 0.10699202038774E+11
 0.10908739057406E+11
 0.11121283770533E+11
 0.11336862507797E+11
 0.11555501989918E+11
 0.11777229546886E+11
 0.12002071818345E+11
 0.12230055750359E+11
 0.12461208332331E+11
 0.12695557189094E+11
 0.12933129481521E+11
 0.13173952399944E+11
 0.13418053364534E+11
 0.13665459800400E+11
 0.13916199316364E+11
 0.14170299804639E+11
 0.14427788956465E+11
 0.14688694707646E+11
 0.14953044626672E+11
 0.15220866820498E+11
 0.15492189389312E+11
 0.15767040515096E+11
 0.16045448414289E+11
 0.16327441411186E+11
 0.16613047909406E+11
 0.16902296394811E+11
 0.17195215420582E+11
 0.17491833664156E+11
 0.17792179860913E+11
 0.18096282834793E+11
 0.18404171429798E+11
 0.18715874638786E+11
 0.19031421543862E+11
 0.19350841280044E+11
 0.19674163110839E+11
 0.20001416160353E+11
