 0.22138715949488E+00
 0.22138715949506E+00
 0.22138715949934E+00
 0.22138715952808E+00
 0.22138715963038E+00
 0.22138715988443E+00
 0.22138716038533E+00
 0.22138716119999E+00
 0.22138716221996E+00
 0.22138716282478E+00
 0.22138716132671E+00
 0.22138715426794E+00
 0.22138713570893E+00
 0.22138694551239E+00
 0.22138672224726E+00
 0.22138642110582E+00
 0.22138581939472E+00
 0.22138490057567E+00
 0.22138375673725E+00
 0.22138208752324E+00
 0.22137987760516E+00
 0.22137718315614E+00
 0.22137368546538E+00
 0.22136951839271E+00
 0.22136436520922E+00
 0.22135838351377E+00
 0.22135126002168E+00
 0.22134316300825E+00
 0.22133392577977E+00
 0.22132333988486E+00
 0.22131162199481E+00
 0.22129861588441E+00
 0.22128414237491E+00
 0.22126844066125E+00
 0.22125137671317E+00
 0.22123293982650E+00
 0.22121299185721E+00
 0.22119180982607E+00
 0.22116929024137E+00
 0.22114545851238E+00
 0.22112035157999E+00
 0.22109387733687E+00
 0.22106635451139E+00
 0.22103772043178E+00
 0.22100804332805E+00
 0.22097740152591E+00
 0.22094588116073E+00
 0.22091357594693E+00
 0.22088045015847E+00
 0.22084687850666E+00
 0.22081284840463E+00
 0.22077848043663E+00
 0.22074390329283E+00
 0.22070925205084E+00
 0.22067466796295E+00
 0.22064029825258E+00
 0.22060629595193E+00
 0.22057281970935E+00
 0.22053989429149E+00
 0.22050796140919E+00
 0.22047706296427E+00
 0.22044737699322E+00
 0.22041908745114E+00
 0.22039238293127E+00
 0.22036748078364E+00
 0.22034453500510E+00
 0.22032376791148E+00
 0.22030538591035E+00
 0.22028946543196E+00
 0.22027648536403E+00
 0.22026653638863E+00
 0.22025984158691E+00
 0.22025662922207E+00
 0.22025713201933E+00
 0.22026158740469E+00
 0.22027023779214E+00
 0.22028333040395E+00
 0.22030111751963E+00
 0.22032372599662E+00
 0.22035167591320E+00
 0.22038511100402E+00
 0.22042430696316E+00
 0.22046954597024E+00
 0.22052111697809E+00
 0.22057931720578E+00
 0.22064445153036E+00
 0.22071671027847E+00
 0.22079665510199E+00
 0.22088450054001E+00
 0.22098058747206E+00
 0.22108526766166E+00
 0.22119890504335E+00
 0.22132187474807E+00
 0.22145448735148E+00
 0.22159730008406E+00
 0.22175065094247E+00
 0.22191496983029E+00
 0.22209070364967E+00
 0.22227831526574E+00
 0.22247817927013E+00
 0.22269099599902E+00
 0.22291718525403E+00
 0.22315728027212E+00
 0.22341184231383E+00
 0.22368135300906E+00
 0.22396659006882E+00
 0.22426808860830E+00
 0.22458649073392E+00
 0.22492246254817E+00
 0.22527660900373E+00
 0.22564980676563E+00
 0.22604271288225E+00
 0.22645608516601E+00
 0.22689063143190E+00
 0.22734734320895E+00
 0.22782688802793E+00
 0.22833008162530E+00
 0.22885791062637E+00
 0.22941118520612E+00
 0.22999074141068E+00
 0.23059757804009E+00
 0.23123255048923E+00
 0.23189651890180E+00
 0.23259046793351E+00
 0.23331521895239E+00
 0.23407172027350E+00
 0.23486079786109E+00
 0.23568324788991E+00
 0.23653990066355E+00
 0.23743145429127E+00
 0.23835861378636E+00
 0.23932192229509E+00
 0.24032187448474E+00
 0.24135883939772E+00
 0.24243301581188E+00
 0.24354445963741E+00
 0.24469294348701E+00
 0.24587800410790E+00
 0.24709897382675E+00
 0.24835479791755E+00
 0.24964407394287E+00
 0.25096501372373E+00
 0.25231541324115E+00
 0.25369268868750E+00
 0.25509378273893E+00
 0.25651529964185E+00
 0.25795344672573E+00
 0.25940414554806E+00
 0.26086307052506E+00
 0.26232592081241E+00
 0.26378818029047E+00
 0.26524545918936E+00
 0.26669360003988E+00
 0.26812864311285E+00
 0.26954695396006E+00
 0.27094530373045E+00
 0.27232081573308E+00
 0.27367103298313E+00
 0.27499395960371E+00
 0.27628791054318E+00
 0.27755160009324E+00
 0.27878400138036E+00
 0.27998444435310E+00
 0.28115246450534E+00
 0.28228778795062E+00
 0.28339033995332E+00
 0.28446019810277E+00
 0.28549750378655E+00
 0.28650253453547E+00
 0.28747562217470E+00
 0.28841716127580E+00
 0.28932758555487E+00
 0.29020736508501E+00
 0.29105694636799E+00
 0.29187684375250E+00
 0.29266757732849E+00
 0.29342965317958E+00
 0.29416358487516E+00
 0.29486988685867E+00
 0.29554907101427E+00
 0.29620164375603E+00
 0.29682810587588E+00
 0.29742895438467E+00
 0.29800469882023E+00
 0.29855581374112E+00
 0.29908279679072E+00
 0.29958612759214E+00
 0.30006626351523E+00
 0.30052369641239E+00
 0.30095888531582E+00
 0.30137228847419E+00
 0.30176437042876E+00
 0.30213558127575E+00
 0.30248637941612E+00
 0.30281720954700E+00
 0.30312851789396E+00
 0.30342073606336E+00
 0.30369431810059E+00
 0.30394968613137E+00
 0.30418724839785E+00
 0.30440747634929E+00
 0.30461078105771E+00
 0.30479757706765E+00
 0.30496827881454E+00
 0.30512328938191E+00
 0.30526303143924E+00
 0.30538790248921E+00
 0.30549830168012E+00
 0.30559461828165E+00
 0.30567725163267E+00
 0.30574658573328E+00
 0.30580299905841E+00
 0.30584686057347E+00
 0.30587855481645E+00
 0.30589844084061E+00
 0.30590687869973E+00
 0.30590421412390E+00
 0.30589081431084E+00
 0.30586700910376E+00
 0.30583314476374E+00
 0.30578953933880E+00
 0.30573653953447E+00
 0.30567444961412E+00
 0.30560358984718E+00
 0.30552426432017E+00
 0.30543678231664E+00
 0.30534143434398E+00
 0.30523851346604E+00
 0.30512829484055E+00
 0.30501106438439E+00
 0.30488709796088E+00
 0.30475665246046E+00
 0.30461999107324E+00
 0.30447735957242E+00
 0.30432901278509E+00
 0.30417518778941E+00
 0.30401612362287E+00
 0.30385204581296E+00
 0.30368318306905E+00
 0.30350974965958E+00
 0.30333195709972E+00
 0.30315000699038E+00
 0.30296410921528E+00
 0.30277445479179E+00
 0.30258123292609E+00
 0.30238462760138E+00
 0.30218481271075E+00
 0.30198197062197E+00
 0.30177626510770E+00
 0.30156786019160E+00
 0.30135691285952E+00
 0.30114358192076E+00
 0.30092801196095E+00
 0.30071034834147E+00
 0.30049073246261E+00
 0.30026929582248E+00
 0.30004617701626E+00
 0.29982149878149E+00
 0.29959538212271E+00
 0.29936794292183E+00
 0.29913929652005E+00
 0.29890955827374E+00
 0.29867883652056E+00
 0.29844722389066E+00
 0.29821482929123E+00
 0.29798174017564E+00
 0.29774805816950E+00
 0.29751386664186E+00
 0.29727925194392E+00
 0.29704429828909E+00
 0.29680908407301E+00
 0.29657368281848E+00
 0.29633817283211E+00
 0.29610262434357E+00
 0.29586710376466E+00
 0.29563167647544E+00
 0.29539640440340E+00
 0.29516134820651E+00
 0.29492656765556E+00
 0.29469211770448E+00
 0.29445804766306E+00
 0.29422441097788E+00
 0.29399125622388E+00
 0.29375862753202E+00
 0.29352657359579E+00
 0.29329513479163E+00
 0.29306435165283E+00
 0.29283425863510E+00
 0.29260490044300E+00
 0.29237630667205E+00
 0.29214851376838E+00
 0.29192155339343E+00
 0.29169545497658E+00
 0.29147024705819E+00
 0.29124595748032E+00
 0.29102261166123E+00
 0.29080023257845E+00
 0.29057884692319E+00
 0.29035847488654E+00
 0.29013913711670E+00
