 0.00000000000000E+00
-0.51597116685315E-23
-0.45363768043332E-21
-0.21014098431837E-21
-0.33199873911054E-20
-0.18216666069165E-19
-0.83355031441893E-12
 0.73451089719949E-11
-0.25704557781705E-10
 0.62176983409858E-11
-0.39003541830725E-10
 0.32574485745733E-12
 0.51747042042356E-13
 0.38998455632607E-10
-0.93927018107804E-10
 0.16140927770490E-09
 0.20022367946165E-09
-0.69817479832651E-09
-0.22930827628962E-08
-0.12739955702575E-07
-0.32845748986978E-07
-0.68541302588282E-07
-0.14467718854192E-06
-0.25952809355938E-06
-0.46455868046822E-06
-0.73699487852014E-06
-0.11601420332391E-05
-0.16625421293230E-05
-0.22654915954878E-05
-0.30586452500891E-05
-0.37933831764982E-05
-0.44477807252557E-05
-0.50802385336236E-05
-0.51527720608288E-05
-0.45474470442512E-05
 0.59751824859669E-05
-0.92737285921224E-07
 0.45063894614084E-05
 0.11707944438680E-04
 0.21941659595063E-04
 0.20675513649960E-04
 0.53516375909309E-04
 0.77416025560455E-04
 0.10728715128957E-03
 0.14430550712418E-03
 0.18947142845293E-03
 0.23961413993675E-03
 0.32155703661673E-03
 0.37479104737438E-03
 0.47187405599553E-03
 0.57410250698416E-03
 0.69109014501883E-03
 0.82090277177386E-03
 0.97515227275459E-03
 0.11381316026664E-02
 0.13406314084915E-02
 0.15356235297912E-02
 0.17342186464344E-02
 0.20266664161945E-02
 0.22954096139280E-02
 0.26101781477095E-02
 0.29354617177948E-02
 0.32912675551584E-02
 0.36844093583989E-02
 0.41054292014537E-02
 0.45496918251125E-02
 0.50163155899129E-02
 0.55234216267308E-02
 0.60668477081523E-02
 0.66544639663009E-02
 0.72892226003758E-02
 0.79520336532668E-02
 0.86445517280717E-02
 0.93852156662272E-02
 0.10159671959254E-01
 0.10969814455147E-01
 0.11826165895624E-01
 0.12728446398094E-01
 0.13681346400709E-01
 0.14690925187544E-01
 0.15748012174670E-01
 0.16849377866649E-01
 0.17993664542685E-01
 0.19190325862495E-01
 0.20445799952261E-01
 0.21759733558146E-01
 0.23130023431451E-01
 0.24561829774699E-01
 0.26056481264459E-01
 0.27614637389853E-01
 0.29238285252734E-01
 0.30923729815996E-01
 0.32679398291041E-01
 0.34511110405254E-01
 0.36419229848820E-01
 0.38407451892757E-01
 0.40469946384003E-01
 0.42620146031042E-01
 0.44854721456525E-01
 0.47178801603312E-01
 0.49596703417863E-01
 0.52112182959094E-01
 0.54729545227278E-01
 0.57452229941236E-01
 0.60281816479748E-01
 0.63225011340072E-01
 0.66285915948391E-01
 0.69471277763998E-01
 0.72783892817099E-01
 0.76230051952827E-01
 0.79812481276251E-01
 0.83539421144407E-01
 0.87415509948078E-01
 0.91448535413162E-01
 0.95643659066871E-01
 0.10000586370930E+00
 0.10454170776049E+00
 0.10925936207040E+00
 0.11416453258621E+00
 0.11926390894499E+00
 0.12456351576748E+00
 0.13006981709661E+00
 0.13579058940673E+00
 0.14173205382178E+00
 0.14790004478617E+00
 0.15429974375174E+00
 0.16093722783331E+00
 0.16781734460613E+00
 0.17494345555742E+00
 0.18231833710565E+00
 0.18994475532577E+00
 0.19782263949959E+00
 0.20595033266579E+00
 0.21432424416605E+00
 0.22293722403830E+00
 0.23177722043968E+00
 0.24082856684521E+00
 0.25007030450286E+00
 0.25947440913560E+00
 0.26900848933594E+00
 0.27863183631451E+00
 0.28829745754278E+00
 0.29795033185492E+00
 0.30752899116278E+00
 0.31696572300203E+00
 0.32618855303233E+00
 0.33512342848968E+00
 0.34369765056694E+00
 0.35184228289542E+00
 0.35949602641619E+00
 0.36660758148747E+00
 0.37313820710183E+00
 0.37906152115577E+00
 0.38436596040368E+00
 0.38905226018137E+00
 0.39313299537019E+00
 0.39663120207104E+00
 0.39957681555935E+00
 0.40200632273950E+00
 0.40396030476053E+00
 0.40548014621078E+00
 0.40660866325480E+00
 0.40738651646566E+00
 0.40785303061360E+00
 0.40804487654860E+00
 0.40799575816958E+00
 0.40773625477662E+00
 0.40729385223622E+00
 0.40669301572273E+00
 0.40595586608840E+00
 0.40510140833279E+00
 0.40414666622119E+00
 0.40310645114881E+00
 0.40199335442284E+00
 0.40081837561711E+00
 0.39959097299866E+00
 0.39831956054253E+00
 0.39701128635909E+00
 0.39567240291614E+00
 0.39430832969608E+00
 0.39292362533015E+00
 0.39152211859061E+00
 0.39010760998370E+00
 0.38868286116075E+00
 0.38725072333133E+00
 0.38581352819694E+00
 0.38437314157213E+00
 0.38293136630689E+00
 0.38148956229350E+00
 0.38004922051921E+00
 0.37861131187147E+00
 0.37717707419716E+00
 0.37574715683885E+00
 0.37432237185447E+00
 0.37290352289602E+00
 0.37149110110687E+00
 0.37008556783256E+00
 0.36868755786535E+00
 0.36729740212880E+00
 0.36591535067043E+00
 0.36454173647664E+00
 0.36317700509738E+00
 0.36182098809860E+00
 0.36047418549426E+00
 0.35913661832028E+00
 0.35780848574669E+00
 0.35648980837503E+00
 0.35518079160522E+00
 0.35388139130456E+00
 0.35259173184180E+00
 0.35131175792488E+00
 0.35004168842784E+00
 0.34878128502411E+00
 0.34753057306758E+00
 0.34628966557581E+00
 0.34505856633627E+00
 0.34383722236506E+00
 0.34262534986757E+00
 0.34142314778723E+00
 0.34023055533999E+00
 0.33904743195295E+00
 0.33787366191396E+00
 0.33670924457992E+00
 0.33555412850668E+00
 0.33440825929866E+00
 0.33327134790463E+00
 0.33214352164192E+00
 0.33102467595232E+00
 0.32991461223669E+00
 0.32881323802536E+00
 0.32772067932056E+00
 0.32663665790119E+00
 0.32556113066632E+00
 0.32449401276796E+00
 0.32343514456279E+00
 0.32238446027974E+00
 0.32134190391112E+00
 0.32030729133376E+00
 0.31928065000136E+00
 0.31826170341305E+00
 0.31725038999676E+00
 0.31624673904608E+00
 0.31525049865461E+00
 0.31426186436067E+00
 0.31328045211100E+00
 0.31230613618615E+00
 0.31133911956289E+00
 0.31037906095902E+00
 0.30942569614004E+00
 0.30847928050665E+00
 0.30753948110266E+00
 0.30660637180881E+00
 0.30567984482864E+00
 0.30475972873280E+00
 0.30384613821411E+00
 0.30293869006947E+00
 0.30203752389147E+00
 0.30114273758658E+00
 0.30025365753811E+00
 0.29937060010726E+00
 0.29849333473669E+00
 0.29762195423915E+00
 0.29675631889050E+00
 0.29589616274800E+00
 0.29504160681768E+00
 0.29419257686369E+00
 0.29334892958444E+00
 0.29251072684998E+00
 0.29167778523481E+00
 0.29084988053299E+00
 0.29002724811372E+00
 0.28920955174269E+00
 0.28839686685626E+00
 0.28758929898110E+00
 0.28678624074401E+00
 0.28598835506247E+00
 0.28519507015675E+00
 0.28440629762848E+00
 0.28362230932994E+00
 0.28284291149382E+00
 0.28206798053203E+00
 0.28129755328526E+00
 0.28053130342498E+00
 0.27976958273576E+00
 0.27901217583062E+00
 0.27825886563899E+00
 0.27750961779932E+00
 0.27676477667322E+00
 0.27602393313284E+00
 0.27528710990065E+00
 0.27455420470667E+00
 0.27382541343200E+00
 0.27310041534669E+00
 0.27237933831599E+00
 0.27166201412106E+00
 0.27094865505486E+00
 0.27023879244105E+00
 0.26953276969918E+00
 0.26883023328373E+00
 0.26813138338770E+00
