 0.00000000000000E+00
-0.27430903488702E-22
-0.65964255648892E-21
-0.47888128312096E-20
-0.21223326803881E-19
-0.55538060678368E-19
 0.33042019190778E-11
-0.87651279179242E-12
 0.75226716433917E-13
-0.21107052091695E-10
 0.21408561042622E-10
-0.21160432459964E-11
-0.30870628422528E-10
 0.25771645960996E-10
 0.95722925740316E-10
-0.35505058220929E-09
-0.14138301259751E-08
 0.54258473458015E-09
-0.32393224627325E-08
-0.12185278773361E-07
-0.31987278837268E-07
-0.67858275915360E-07
-0.14397157615441E-06
-0.25947273127716E-06
-0.46475019749299E-06
-0.73896186353809E-06
-0.11627417578443E-05
-0.16684778267051E-05
-0.22764139517131E-05
-0.30705325057414E-05
-0.38121425257344E-05
-0.44757049644803E-05
-0.51078990988679E-05
-0.51908983681837E-05
-0.45985309307382E-05
-0.10582741465259E-04
-0.52325950509354E-06
 0.44227405007435E-05
 0.11615379331868E-04
 0.21830381861012E-04
 0.76657648026459E-04
 0.54319875845542E-04
 0.77309916898389E-04
 0.10715366393544E-03
 0.14416156553749E-03
 0.18932170089282E-03
 0.23274933107000E-03
 0.25169471299757E-03
 0.35408395779625E-03
 0.47166065548653E-03
 0.57421206605610E-03
 0.69132162706313E-03
 0.84432610302207E-03
 0.95460692213616E-03
 0.11764567636564E-02
 0.13181314823031E-02
 0.14654840319012E-02
 0.17548158035382E-02
 0.20853112946993E-02
 0.23196289379683E-02
 0.25941681186484E-02
 0.29382206810942E-02
 0.33217754785981E-02
 0.37146486248121E-02
 0.41043755201278E-02
 0.45208339480171E-02
 0.50075053589162E-02
 0.55246898778910E-02
 0.61183423803375E-02
 0.67597626686813E-02
 0.73992366144915E-02
 0.80200590034788E-02
 0.87042960623828E-02
 0.94567428161083E-02
 0.10213311254920E-01
 0.11042843662756E-01
 0.11944668279225E-01
 0.12914660936598E-01
 0.13921760040478E-01
 0.14958792940762E-01
 0.16028394747589E-01
 0.17141341641192E-01
 0.18310035778899E-01
 0.19562331912345E-01
 0.20886694413392E-01
 0.22295954136324E-01
 0.23723480779306E-01
 0.25250357570377E-01
 0.26854948964214E-01
 0.28501308311322E-01
 0.30218148683957E-01
 0.32023980725916E-01
 0.33930185952491E-01
 0.35919637966162E-01
 0.38011696955424E-01
 0.40194479771958E-01
 0.42469582913409E-01
 0.44835904056651E-01
 0.47323267761873E-01
 0.49924813054706E-01
 0.52647940264910E-01
 0.55516324421044E-01
 0.58512366540435E-01
 0.61633202090679E-01
 0.64897183699780E-01
 0.68323669028318E-01
 0.71912739735497E-01
 0.75677082602432E-01
 0.79626817404589E-01
 0.83764706656034E-01
 0.88082780506703E-01
 0.92623895137013E-01
 0.97389363797840E-01
 0.10239620205715E+00
 0.10763707443105E+00
 0.11313474025986E+00
 0.11889592694942E+00
 0.12495077188931E+00
 0.13130569612195E+00
 0.13796895808259E+00
 0.14496242980775E+00
 0.15230085817174E+00
 0.16001229454041E+00
 0.16810278104732E+00
 0.17658118458546E+00
 0.18546197135855E+00
 0.19477090451702E+00
 0.20450749244509E+00
 0.21467698562679E+00
 0.22528369776295E+00
 0.23633629093489E+00
 0.24780955176367E+00
 0.25968226062178E+00
 0.27192566489300E+00
 0.28449161933771E+00
 0.29731542055858E+00
 0.31031621115016E+00
 0.32339247490191E+00
 0.33641313133635E+00
 0.34921023286849E+00
 0.36158507704196E+00
 0.37329832254824E+00
 0.38409328168729E+00
 0.39368965749832E+00
 0.40181591643931E+00
 0.40823583762904E+00
 0.41275971966079E+00
 0.41526884437853E+00
 0.41572381170805E+00
 0.41417228383690E+00
 0.41073340829773E+00
 0.40560366403525E+00
 0.39902765884035E+00
 0.39127595884396E+00
 0.38264588345246E+00
 0.37341297023892E+00
 0.36384578495438E+00
 0.35417621709752E+00
 0.34459779437515E+00
 0.33527865613557E+00
 0.32633051278622E+00
 0.31783894085872E+00
 0.30985618088487E+00
 0.30240296995052E+00
 0.29548951372111E+00
 0.28910168500137E+00
 0.28321835443099E+00
 0.27781313244163E+00
 0.27285572725969E+00
 0.26831101676289E+00
 0.26414614707621E+00
 0.26032773182552E+00
 0.25682286803661E+00
 0.25359883698146E+00
 0.25062646431960E+00
 0.24788312150632E+00
 0.24534663587508E+00
 0.24299221401919E+00
 0.24080653724085E+00
 0.23876811203503E+00
 0.23686491938849E+00
 0.23508182164780E+00
 0.23340995912811E+00
 0.23183825988552E+00
 0.23035852625711E+00
 0.22896295652420E+00
 0.22764276795522E+00
 0.22639104853755E+00
 0.22520410161439E+00
 0.22407475018396E+00
 0.22300182452879E+00
 0.22197949056236E+00
 0.22100466424805E+00
 0.22007372858041E+00
 0.21918267077442E+00
 0.21833019041492E+00
 0.21751426301853E+00
 0.21673137561196E+00
 0.21598162900786E+00
 0.21526236345603E+00
 0.21457009266931E+00
 0.21390505307825E+00
 0.21326634068381E+00
 0.21265170664124E+00
 0.21206030701482E+00
 0.21149122482326E+00
 0.21094258950077E+00
 0.21041375881714E+00
 0.20990587852044E+00
 0.20941514522966E+00
 0.20894110720379E+00
 0.20848393893634E+00
 0.20804551545351E+00
 0.20762115508135E+00
 0.20721225588716E+00
 0.20681614117748E+00
 0.20643588438485E+00
 0.20606716480728E+00
 0.20571182373333E+00
 0.20536755019177E+00
 0.20503618505091E+00
 0.20471524036667E+00
 0.20440676138239E+00
 0.20410748726035E+00
 0.20382008011905E+00
 0.20354046121630E+00
 0.20327216443329E+00
 0.20301169397413E+00
 0.20276236024801E+00
 0.20251920980184E+00
 0.20228673416910E+00
 0.20206127210135E+00
 0.20184273074042E+00
 0.20163194074342E+00
 0.20142901340698E+00
 0.20123328431180E+00
 0.20104452116463E+00
 0.20086102318320E+00
 0.20068483320542E+00
 0.20051279289623E+00
 0.20034862233262E+00
 0.20019036786399E+00
 0.20003788556246E+00
 0.19989136271441E+00
 0.19974955803001E+00
 0.19961237020051E+00
 0.19948020039647E+00
 0.19935306103607E+00
 0.19922925945237E+00
 0.19910924850334E+00
 0.19899618120609E+00
 0.19888396476437E+00
 0.19877945796910E+00
 0.19867503837596E+00
 0.19857843480638E+00
 0.19848410970220E+00
 0.19839093959124E+00
 0.19830394283249E+00
 0.19821779928000E+00
 0.19813375966805E+00
 0.19805418761394E+00
 0.19797849198394E+00
 0.19790477081998E+00
 0.19783542427906E+00
 0.19776589528697E+00
 0.19769978612612E+00
 0.19763647421532E+00
 0.19757805926668E+00
 0.19752026231758E+00
 0.19746396157795E+00
 0.19741136563626E+00
 0.19735940018093E+00
 0.19730894068441E+00
 0.19726349167822E+00
 0.19721665347401E+00
 0.19717343505560E+00
 0.19713325542277E+00
 0.19709214395452E+00
 0.19705247336734E+00
 0.19701447787712E+00
 0.19698055628725E+00
 0.19694622348970E+00
 0.19691445965753E+00
 0.19688282060077E+00
 0.19685275500292E+00
 0.19682456733476E+00
 0.19679657396518E+00
 0.19677045503347E+00
 0.19674759636523E+00
 0.19672365861397E+00
 0.19670157410876E+00
 0.19667880679911E+00
 0.19665750924994E+00
 0.19663661415176E+00
 0.19661712277415E+00
 0.19659922622986E+00
 0.19658418646698E+00
 0.19657098732762E+00
 0.19655608406316E+00
 0.19654224890774E+00
