 0.00000000000000E+00
 0.56197703234857E-24
 0.31678213023464E-22
 0.38806963727143E-21
 0.27091097111420E-20
 0.10364262860055E-19
-0.14030396105669E-11
 0.67700848484389E-12
 0.15669392583285E-12
 0.15048195332485E-10
-0.93367295074559E-11
 0.22837146038463E-12
 0.24535007892897E-10
-0.26479776349067E-10
-0.14670498763363E-09
 0.64318447094909E-09
 0.27059079692022E-08
-0.30846928712718E-08
-0.49582637280330E-08
-0.13922999956913E-07
-0.37007363679124E-07
-0.75796900726818E-07
-0.15563873934419E-06
-0.27652826701123E-06
-0.48726002161597E-06
-0.76955883782460E-06
-0.11993839864904E-05
-0.17155670120007E-05
-0.23363827601088E-05
-0.31342354281363E-05
-0.38898230221791E-05
-0.45703918017203E-05
-0.51984524090233E-05
-0.52973027493316E-05
-0.47239161894510E-05
 0.20293958745956E-04
 0.90023747275990E-07
 0.43030287963615E-05
 0.11462257679891E-04
 0.21660795947072E-04
-0.32268619763569E-03
 0.47414557252769E-04
 0.77113987497836E-04
 0.10710523714327E-03
 0.14417317820638E-03
 0.18942737427349E-03
 0.53211503278288E-03
 0.51680557932234E-03
 0.74874902016133E-03
 0.47782605842596E-03
 0.57630559512292E-03
 0.69421376200849E-03
 0.40097955341889E-03
 0.14757490830491E-02
 0.53053616040923E-03
 0.11197231648401E-02
 0.24416184615578E-02
 0.20434553934667E-02
 0.14388756454818E-02
 0.18718034205763E-02
 0.31242386627950E-02
 0.32869570351293E-02
 0.30279597804391E-02
 0.30169741866908E-02
 0.39746631868680E-02
 0.52539146150693E-02
 0.57107479635612E-02
 0.66758150760591E-02
 0.66340491593688E-02
 0.60810647269623E-02
 0.64514920625430E-02
 0.81674145832724E-02
 0.92287189012117E-02
 0.96143727643799E-02
 0.11893615074059E-01
 0.13296463285312E-01
 0.13790013690472E-01
 0.13659945777392E-01
 0.13827382394220E-01
 0.14946368467595E-01
 0.16987599744779E-01
 0.19421858606670E-01
 0.21850854074950E-01
 0.23325715632030E-01
 0.24416062052441E-01
 0.25120275580355E-01
 0.28065475082788E-01
 0.29525265665890E-01
 0.30833522643726E-01
 0.33840833837855E-01
 0.37211802647294E-01
 0.40423975339877E-01
 0.42758053291016E-01
 0.45697286827168E-01
 0.48260276551566E-01
 0.51648779202799E-01
 0.55484666757481E-01
 0.60443875564191E-01
 0.65008927974928E-01
 0.69721501795099E-01
 0.74903646847802E-01
 0.79514887505932E-01
 0.84846292836846E-01
 0.91821938551243E-01
 0.99304281425600E-01
 0.10693834117469E+00
 0.11501367892495E+00
 0.12367732891588E+00
 0.13259638606530E+00
 0.14271286944987E+00
 0.15503788891585E+00
 0.16725329925706E+00
 0.18026884144229E+00
 0.19394084358943E+00
 0.20964759644382E+00
 0.22689994341201E+00
 0.24628638315467E+00
 0.26633911044087E+00
 0.28823482690369E+00
 0.31267815949751E+00
 0.33936083207448E+00
 0.36816969521180E+00
 0.39812708355063E+00
 0.43029836569449E+00
 0.46534870842758E+00
 0.50335863057540E+00
 0.54299699401542E+00
 0.58569939574113E+00
 0.63170981365145E+00
 0.68105678816658E+00
 0.73216077696637E+00
 0.78617795570452E+00
 0.84258131116470E+00
 0.89891780132752E+00
 0.95311861158193E+00
 0.10011238744871E+01
 0.10370162862001E+01
 0.10533498772177E+01
 0.10422419487469E+01
 0.99641084303851E+00
 0.90978025244282E+00
 0.78036380871810E+00
 0.60915872263841E+00
 0.40303979489463E+00
 0.17297051183719E+00
-0.67948915286535E-01
-0.30462742845965E+00
-0.52264264946149E+00
-0.70942385651932E+00
-0.85636426303949E+00
-0.95750593029009E+00
-0.10124152890966E+01
-0.10237111847173E+01
-0.99648723917808E+00
-0.93907693574501E+00
-0.85895777668591E+00
-0.76498983705777E+00
-0.66418810455978E+00
-0.56274606409296E+00
-0.46685513212372E+00
-0.37894293129535E+00
-0.30119142872435E+00
-0.23444981062322E+00
-0.17793241786094E+00
-0.13170338591073E+00
-0.94076680874364E-01
-0.63892743121424E-01
-0.40233410938676E-01
-0.22252316502178E-01
-0.87161117636778E-02
 0.85482256405245E-03
 0.72030269386828E-02
 0.11168810999450E-01
 0.13688583900806E-01
 0.15455653637998E-01
 0.16130708215181E-01
 0.16035399954129E-01
 0.15903440329175E-01
 0.15020809659233E-01
 0.14374441225203E-01
 0.13639966935418E-01
 0.13144381493356E-01
 0.12396404069723E-01
 0.11776483694694E-01
 0.11018262867919E-01
 0.10109793324949E-01
 0.94424140664850E-02
 0.91068320342336E-02
 0.86563411282550E-02
 0.86021973276621E-02
 0.82237897242831E-02
 0.78730443803232E-02
 0.75298714420348E-02
 0.72197157100204E-02
 0.72914901292251E-02
 0.72803912797474E-02
 0.72370047449530E-02
 0.73477769326521E-02
 0.72542563571829E-02
 0.70572242797805E-02
 0.73958296237717E-02
 0.75350900934343E-02
 0.74886263072222E-02
 0.76291838180962E-02
 0.77774674240219E-02
 0.77623711613130E-02
 0.80428310905313E-02
 0.83351634375895E-02
 0.81672761638742E-02
 0.82570984532989E-02
 0.87892858146164E-02
 0.91250072623205E-02
 0.89166386262235E-02
 0.90226180165073E-02
 0.88784682475000E-02
 0.92638703935581E-02
 0.91687256479456E-02
 0.94400780683728E-02
 0.94790256688398E-02
 0.98791400357115E-02
 0.10125662464060E-01
 0.10558363458458E-01
 0.10608524714757E-01
 0.10931673070342E-01
 0.11079274963782E-01
 0.11524798723435E-01
 0.11621316372595E-01
 0.12035599834526E-01
 0.11912727910534E-01
 0.12436681938086E-01
 0.12257200571708E-01
 0.12376925803217E-01
 0.12729806464029E-01
 0.13094869664892E-01
 0.13254177533534E-01
 0.13222100503009E-01
 0.13149708797798E-01
 0.13515944801332E-01
 0.13590506364261E-01
 0.14301244856606E-01
 0.14462284886032E-01
 0.14558369804479E-01
 0.14589541987205E-01
 0.14331131998695E-01
 0.14382305111358E-01
 0.14605338887183E-01
 0.14761797465502E-01
 0.14642161743268E-01
 0.15002741915629E-01
 0.15539495043121E-01
 0.15055259158094E-01
 0.15967919243876E-01
 0.15160436298466E-01
 0.15940044861800E-01
 0.15038945512078E-01
 0.15105420743534E-01
 0.15765770767190E-01
 0.15138545318366E-01
 0.15781449857121E-01
 0.16640875240109E-01
 0.17010620569595E-01
 0.16832769819525E-01
 0.17003327965826E-01
 0.16728191089630E-01
 0.17614278166415E-01
 0.18191317852318E-01
 0.18368995079968E-01
 0.17771886687401E-01
 0.17930971222823E-01
 0.18289861616604E-01
 0.18315540981837E-01
 0.18652004586464E-01
 0.19117645305432E-01
 0.18682934611193E-01
 0.19152084289607E-01
 0.19086293458851E-01
 0.18704395133793E-01
 0.19154777245404E-01
 0.19752905205529E-01
 0.20258742689309E-01
 0.19859893212149E-01
 0.20128486742523E-01
 0.19855858644086E-01
 0.20282768565050E-01
 0.20557073566824E-01
 0.20488563901213E-01
 0.20728036405336E-01
 0.20937816464238E-01
 0.20259998538284E-01
 0.20342444271330E-01
 0.20017936247609E-01
 0.20832245588630E-01
 0.21145176225051E-01
 0.21847087684634E-01
 0.22173066517169E-01
 0.22262188377143E-01
 0.21532557023584E-01
 0.20358432307549E-01
 0.20214977879334E-01
 0.19881634086919E-01
