-0.75942468866536E+01
-0.75942466948046E+01
-0.75942447611570E+01
-0.75942371418282E+01
-0.75942176877910E+01
-0.75941785344647E+01
-0.75941109216913E+01
-0.75940086202214E+01
-0.75938775291877E+01
-0.75937521845142E+01
-0.75937145688221E+01
-0.75939080640263E+01
-0.75945413893586E+01
-0.75959410898435E+01
-0.75983571510059E+01
-0.76021318210814E+01
-0.76076771181514E+01
-0.76153029029562E+01
-0.76252377885165E+01
-0.76378202609747E+01
-0.76532190845645E+01
-0.76715137659161E+01
-0.76928812281518E+01
-0.77172537419249E+01
-0.77447032205528E+01
-0.77750521890179E+01
-0.78082898183900E+01
-0.78441589548887E+01
-0.78825244839637E+01
-0.79232536808370E+01
-0.79660018421542E+01
-0.80105876855615E+01
-0.80568398006189E+01
-0.81043847164753E+01
-0.81530320670439E+01
-0.82025391514816E+01
-0.82527377556559E+01
-0.83032612087946E+01
-0.83539482230534E+01
-0.84045875346672E+01
-0.84549779062513E+01
-0.85050030348453E+01
-0.85543469744752E+01
-0.86029127097729E+01
-0.86505516505382E+01
-0.86971274100552E+01
-0.87425167208651E+01
-0.87866091914362E+01
-0.88293818057560E+01
-0.88706036642386E+01
-0.89102705316315E+01
-0.89483205512476E+01
-0.89847016938209E+01
-0.90193720337833E+01
-0.90522991922617E+01
-0.90834597684888E+01
-0.91128387825871E+01
-0.91404291889264E+01
-0.91663064800005E+01
-0.91903294939299E+01
-0.92125833137523E+01
-0.92330873876084E+01
-0.92518657906938E+01
-0.92689473569226E+01
-0.92843694158962E+01
-0.92981615327204E+01
-0.93103677322976E+01
-0.93210317729627E+01
-0.93302700479042E+01
-0.93379940046625E+01
-0.93443220341598E+01
-0.93493075384649E+01
-0.93530051146630E+01
-0.93554706783035E+01
-0.93567612647093E+01
-0.93569348841246E+01
-0.93560501791796E+01
-0.93541663392886E+01
-0.93514074008092E+01
-0.93477063251444E+01
-0.93431847685989E+01
-0.93379033387836E+01
-0.93319217430613E+01
-0.93252993582938E+01
-0.93180953155956E+01
-0.93103683136812E+01
-0.93022345390556E+01
-0.92936372465204E+01
-0.92846892516197E+01
-0.92754465930782E+01
-0.92659644223129E+01
-0.92562970173224E+01
-0.92464975159218E+01
-0.92366753489347E+01
-0.92267684451993E+01
-0.92168817804826E+01
-0.92070633215190E+01
-0.91973591448601E+01
-0.91878139192863E+01
-0.91785166301817E+01
-0.91694140031156E+01
-0.91605908486514E+01
-0.91520798217126E+01
-0.91439133338390E+01
-0.91361630839603E+01
-0.91287658556989E+01
-0.91217830512708E+01
-0.91152285870174E+01
-0.91091088465373E+01
-0.91034646601401E+01
-0.90982099580489E+01
-0.90933672238846E+01
-0.90889099614692E+01
-0.90848378843656E+01
-0.90810329256992E+01
-0.90774555767236E+01
-0.90740613745323E+01
-0.90706867996929E+01
-0.90672421899623E+01
-0.90636139442361E+01
-0.90595745263682E+01
-0.90549569721024E+01
-0.90495619658892E+01
-0.90430732147847E+01
-0.90352474331703E+01
-0.90257044793898E+01
-0.90140949485337E+01
-0.90000273183806E+01
-0.89830036171758E+01
-0.89625739048845E+01
-0.89381762471480E+01
-0.89092895201163E+01
-0.88753017370349E+01
-0.88356618536998E+01
-0.87897723315956E+01
-0.87370663043400E+01
-0.86770591450090E+01
-0.86092749486086E+01
-0.85333950101101E+01
-0.84491717474923E+01
-0.83565183399134E+01
-0.82555079014555E+01
-0.81464207139374E+01
-0.80297325972629E+01
-0.79061344169318E+01
-0.77765522144617E+01
-0.76421039094688E+01
-0.75040788571523E+01
-0.73638741789543E+01
-0.72229414411744E+01
-0.70826772493597E+01
-0.69443667457110E+01
-0.68091208217962E+01
-0.66778242362731E+01
-0.65511200555539E+01
-0.64294125570316E+01
-0.63128834680257E+01
-0.62015300638868E+01
-0.60951970528174E+01
-0.59936266396842E+01
-0.58964933602986E+01
-0.58034312131422E+01
-0.57140681599402E+01
-0.56280414725181E+01
-0.55450088013327E+01
-0.54646623985961E+01
-0.53867316183706E+01
-0.53109771984158E+01
-0.52371996029654E+01
-0.51652304380587E+01
-0.50949300903697E+01
-0.50261839093778E+01
-0.49588994724673E+01
-0.48929969266594E+01
-0.48284155834012E+01
-0.47651041778674E+01
-0.47030185280044E+01
-0.46421234419629E+01
-0.45823864170839E+01
-0.45237781559841E+01
-0.44662723264758E+01
-0.44098438419726E+01
-0.43544672802669E+01
-0.43001212165724E+01
-0.42467808065227E+01
-0.41944227073232E+01
-0.41430232441369E+01
-0.40925566102259E+01
-0.40430024905171E+01
-0.39943353769322E+01
-0.39465313333324E+01
-0.38995672921084E+01
-0.38534170409262E+01
-0.38080621691316E+01
-0.37634777710097E+01
-0.37196411230885E+01
-0.36765293561005E+01
-0.36341252545727E+01
-0.35924066164264E+01
-0.35513501137868E+01
-0.35109399485938E+01
-0.34711608599908E+01
-0.34319907096080E+01
-0.33934131071144E+01
-0.33554104973625E+01
-0.33179713268638E+01
-0.32810795138824E+01
-0.32447208847957E+01
-0.32088789852622E+01
-0.31735459695562E+01
-0.31387079558852E+01
-0.31043536852677E+01
-0.30704688414422E+01
-0.30370489261932E+01
-0.30040809363874E+01
-0.29715562168557E+01
-0.29394637614064E+01
-0.29077985407233E+01
-0.28765515604522E+01
-0.28457151955039E+01
-0.28152792632110E+01
-0.27852414494913E+01
-0.27555933588480E+01
-0.27263286994974E+01
-0.26974388366204E+01
-0.26689222995445E+01
-0.26407718817698E+01
-0.26129819532769E+01
-0.25855447627872E+01
-0.25584605310065E+01
-0.25317214579024E+01
-0.25053233643303E+01
-0.24792614680762E+01
-0.24535288615365E+01
-0.24281261848054E+01
-0.24030467105115E+01
-0.23782866745762E+01
-0.23538393216973E+01
-0.23297056421063E+01
-0.23058792975708E+01
-0.22823559356228E+01
-0.22591303338526E+01
-0.22362029851700E+01
-0.22135681966082E+01
-0.21912218433752E+01
-0.21691609417150E+01
-0.21473794465826E+01
-0.21258782068288E+01
-0.21046519496951E+01
-0.20836970777895E+01
-0.20630076033003E+01
-0.20425852241658E+01
-0.20224241022861E+01
-0.20025209577186E+01
-0.19828725169648E+01
-0.19634731868419E+01
-0.19443246884949E+01
-0.19254212888679E+01
-0.19067599030026E+01
-0.18883368646543E+01
-0.18701472350695E+01
-0.18521926181981E+01
-0.18344677673636E+01
-0.18169688779902E+01
-0.17996936655921E+01
-0.17826363432952E+01
-0.17657990891816E+01
-0.17491762055966E+01
-0.17327649213107E+01
-0.17165624332128E+01
-0.17005657845321E+01
-0.16847697354595E+01
-0.16691761681288E+01
-0.16537802042588E+01
-0.16385788545250E+01
-0.16235694095292E+01
-0.16087491694219E+01
-0.15941133046517E+01
-0.15796635918359E+01
-0.15653953093845E+01
-0.15513056914895E+01
-0.15373922218768E+01
-0.15236524277508E+01
-0.15100815687051E+01
-0.14966816417707E+01
-0.14834479963764E+01
-0.14703782009345E+01
-0.14574698327928E+01
-0.14447206129961E+01
-0.14321260259295E+01
-0.14196881373519E+01
-0.14074025570742E+01
-0.13952670057261E+01
-0.13832792726547E+01
-0.13714372282901E+01
-0.13597386894260E+01
-0.13481794780821E+01
-0.13367617130583E+01
-0.13254812675596E+01
-0.13143360824161E+01
