 0.92107344900929E+02
 0.92107344900884E+02
 0.92107344900415E+02
 0.92107344901441E+02
 0.92107344920141E+02
 0.92107345003060E+02
 0.92107345228963E+02
 0.92107345644618E+02
 0.92107346015824E+02
 0.92107345258921E+02
 0.92107340521744E+02
 0.92107326039114E+02
 0.92107291983881E+02
 0.92107297485692E+02
 0.92107248256566E+02
 0.92107132272756E+02
 0.92107017384568E+02
 0.92106864104767E+02
 0.92106574350260E+02
 0.92106237769732E+02
 0.92105801560813E+02
 0.92105176232062E+02
 0.92104455073958E+02
 0.92103510600971E+02
 0.92102437092778E+02
 0.92101099044496E+02
 0.92099594655867E+02
 0.92097789649379E+02
 0.92095717423113E+02
 0.92093435721134E+02
 0.92090799288064E+02
 0.92087848513921E+02
 0.92084639678292E+02
 0.92081029085390E+02
 0.92077058849933E+02
 0.92072714680814E+02
 0.92068047688828E+02
 0.92062910241037E+02
 0.92057342637107E+02
 0.92051325000762E+02
 0.92044834052232E+02
 0.92037910966100E+02
 0.92030399151703E+02
 0.92022328282427E+02
 0.92013665398030E+02
 0.92004373227979E+02
 0.91994410990652E+02
 0.91983734214083E+02
 0.91972360745500E+02
 0.91960109338949E+02
 0.91946985286459E+02
 0.91932928391096E+02
 0.91917873246049E+02
 0.91901749844218E+02
 0.91884483469807E+02
 0.91865994596091E+02
 0.91846198767202E+02
 0.91825006505775E+02
 0.91802390477721E+02
 0.91778119515062E+02
 0.91752152564096E+02
 0.91724379914568E+02
 0.91694685888866E+02
 0.91662949321728E+02
 0.91629027460525E+02
 0.91592816606795E+02
 0.91554165173082E+02
 0.91512928992589E+02
 0.91469022660056E+02
 0.91422162599082E+02
 0.91372248300051E+02
 0.91319111079645E+02
 0.91262575331772E+02
 0.91202458751075E+02
 0.91138572066536E+02
 0.91070718744918E+02
 0.90998695009324E+02
 0.90922289587631E+02
 0.90841346476666E+02
 0.90755514617300E+02
 0.90664618941809E+02
 0.90568415035514E+02
 0.90466649610845E+02
 0.90359060201081E+02
 0.90245373986611E+02
 0.90125308205680E+02
 0.89998628887592E+02
 0.89864916501887E+02
 0.89723911649215E+02
 0.89575287237984E+02
 0.89418703717539E+02
 0.89253807910894E+02
 0.89080233910091E+02
 0.88897628181467E+02
 0.88705540474572E+02
 0.88503589637766E+02
 0.88291350663927E+02
 0.88068381701667E+02
 0.87834224529144E+02
 0.87588454405045E+02
 0.87330481748586E+02
 0.87059841180296E+02
 0.86776005185672E+02
 0.86478421517419E+02
 0.86166568833741E+02
 0.85839775256957E+02
 0.85497474519501E+02
 0.85139041148017E+02
 0.84763829891312E+02
 0.84371216209650E+02
 0.83960439384636E+02
 0.83530835412675E+02
 0.83081686927346E+02
 0.82612294639840E+02
 0.82121803648938E+02
 0.81609559955920E+02
 0.81074791266965E+02
 0.80516658209496E+02
 0.79934409143966E+02
 0.79327284351846E+02
 0.78694454584128E+02
 0.78035167630572E+02
 0.77348683474150E+02
 0.76634220342444E+02
 0.75891093411345E+02
 0.75118583153048E+02
 0.74316059448947E+02
 0.73482941646144E+02
 0.72618678285057E+02
 0.71722827408210E+02
 0.70795000889133E+02
 0.69834963457233E+02
 0.68842579739398E+02
 0.67817853373913E+02
 0.66760997557975E+02
 0.65672390497836E+02
 0.64552700659000E+02
 0.63402836822984E+02
 0.62223988850774E+02
 0.61017700433488E+02
 0.59785865610689E+02
 0.58530753664205E+02
 0.57255020477051E+02
 0.55961687318493E+02
 0.54654163047957E+02
 0.53336170844231E+02
 0.52011727421325E+02
 0.50685062114875E+02
 0.49360546378416E+02
 0.48042539538516E+02
 0.46735413074635E+02
 0.45443354663498E+02
 0.44170288501495E+02
 0.42919813244945E+02
 0.41695137354728E+02
 0.40499016816755E+02
 0.39333761053624E+02
 0.38201229349795E+02
 0.37102768259289E+02
 0.36039364311148E+02
 0.35011599856927E+02
 0.34019720589821E+02
 0.33063656105605E+02
 0.32143091485536E+02
 0.31257501282894E+02
 0.30406184640200E+02
 0.29588435181430E+02
 0.28803061397558E+02
 0.28049174043589E+02
 0.27325709802119E+02
 0.26631569186645E+02
 0.25965637684821E+02
 0.25326805045812E+02
 0.24713956998637E+02
 0.24126006261282E+02
 0.23561883944666E+02
 0.23020576818765E+02
 0.22501026432901E+02
 0.22002284906890E+02
 0.21523414614926E+02
 0.21063515363941E+02
 0.20621724613904E+02
 0.20197244534931E+02
 0.19789228030828E+02
 0.19396951474607E+02
 0.19019695569827E+02
 0.18656775991567E+02
 0.18307573588069E+02
 0.17971405305908E+02
 0.17647712498148E+02
 0.17335935356256E+02
 0.17035540238749E+02
 0.16746053273080E+02
 0.16466927093527E+02
 0.16197737270475E+02
 0.15938048263763E+02
 0.15687482792259E+02
 0.15445576097535E+02
 0.15211991009329E+02
 0.14985872441281E+02
 0.14767890347847E+02
 0.14557215107033E+02
 0.14353541225482E+02
 0.14156578297012E+02
 0.13966049732113E+02
 0.13781691471762E+02
 0.13603252628978E+02
 0.13430494477759E+02
 0.13263189409778E+02
 0.13101120013349E+02
 0.12944079395723E+02
 0.12791870471382E+02
 0.12644305378477E+02
 0.12501203785072E+02
 0.12362394716202E+02
 0.12227714505033E+02
 0.12097007384856E+02
 0.11970123133492E+02
 0.11846919848596E+02
 0.11727260896407E+02
 0.11611016300528E+02
 0.11498060692957E+02
 0.11388275496388E+02
 0.11281546194776E+02
 0.11177763855651E+02
 0.11076823505047E+02
 0.10978625235230E+02
 0.10883072836978E+02
 0.10790074757899E+02
 0.10699542506173E+02
 0.10611391333710E+02
 0.10525540495135E+02
 0.10441912109694E+02
 0.10360431728262E+02
 0.10281027502534E+02
 0.10203630700653E+02
 0.10128175190457E+02
 0.10054597546906E+02
 0.99828367459020E+01
 0.99128342545148E+01
 0.98445337246490E+01
 0.97778810698692E+01
 0.97128240069428E+01
 0.96493124923242E+01
 0.95872982966501E+01
 0.95267350041458E+01
 0.94675779873475E+01
 0.94097840801836E+01
 0.93533119101979E+01
 0.92981215193287E+01
 0.92441744411541E+01
 0.91914335399217E+01
 0.91398631107956E+01
 0.90894286570055E+01
 0.90400968974639E+01
 0.89918357956688E+01
 0.89446143382888E+01
 0.88984026971695E+01
 0.88531721128173E+01
 0.88088946902730E+01
 0.87655435879922E+01
 0.87230928381654E+01
 0.86815171107379E+01
 0.86407926975119E+01
 0.86008956910212E+01
 0.85618037733631E+01
 0.85234947964187E+01
 0.84859478890636E+01
 0.84491424540169E+01
 0.84130585246469E+01
 0.83776771946546E+01
 0.83429798610785E+01
 0.83089486108731E+01
 0.82755658804151E+01
 0.82428150386637E+01
 0.82106797979384E+01
 0.81791444661764E+01
 0.81481935221145E+01
 0.81178123602873E+01
 0.80879864707692E+01
 0.80587021288793E+01
 0.80299458009859E+01
 0.80017044055583E+01
 0.79739652424496E+01
 0.79467161177433E+01
 0.79199450554673E+01
 0.78936404926047E+01
 0.78677913160291E+01
 0.78423864436500E+01
 0.78174153288037E+01
 0.77928678811617E+01
 0.77687340176459E+01
 0.77450040926024E+01
 0.77216687200460E+01
 0.76987187602214E+01
 0.76761453630202E+01
 0.76539398288644E+01
 0.76320939509261E+01
 0.76105995153809E+01
 0.75894486146425E+01
