 0.10893712363211E+00
 0.10893712363193E+00
 0.10893712362771E+00
 0.10893712359943E+00
 0.10893712349875E+00
 0.10893712324873E+00
 0.10893712275576E+00
 0.10893712195399E+00
 0.10893712095019E+00
 0.10893712035517E+00
 0.10893712183016E+00
 0.10893712877837E+00
 0.10893714704520E+00
 0.10893699927914E+00
 0.10893688372337E+00
 0.10893678064249E+00
 0.10893645820272E+00
 0.10893594494112E+00
 0.10893540868954E+00
 0.10893453795017E+00
 0.10893337482757E+00
 0.10893205024048E+00
 0.10893023369768E+00
 0.10892814977979E+00
 0.10892546653913E+00
 0.10892243094190E+00
 0.10891870739610E+00
 0.10891454521710E+00
 0.10890977654345E+00
 0.10890417534281E+00
 0.10889802888966E+00
 0.10889115707555E+00
 0.10888334519331E+00
 0.10887487697118E+00
 0.10886557041437E+00
 0.10885538206205E+00
 0.10884410189580E+00
 0.10883200877561E+00
 0.10881890718976E+00
 0.10880474320738E+00
 0.10878946172401E+00
 0.10877283786700E+00
 0.10875512271744E+00
 0.10873609305960E+00
 0.10871566629893E+00
 0.10869375467005E+00
 0.10867026227549E+00
 0.10864508459029E+00
 0.10861794587221E+00
 0.10858903882270E+00
 0.10855807883628E+00
 0.10852492109372E+00
 0.10848941221494E+00
 0.10845138818796E+00
 0.10841067409740E+00
 0.10836708391347E+00
 0.10832042024797E+00
 0.10827047417879E+00
 0.10821686156863E+00
 0.10815967103192E+00
 0.10809850258758E+00
 0.10803309865093E+00
 0.10796319074413E+00
 0.10788849812400E+00
 0.10780869008635E+00
 0.10772352816170E+00
 0.10763266275067E+00
 0.10753576230889E+00
 0.10743232115760E+00
 0.10732229721387E+00
 0.10720516559259E+00
 0.10708054073566E+00
 0.10694802435060E+00
 0.10680720434989E+00
 0.10665765443024E+00
 0.10649893361164E+00
 0.10633058653504E+00
 0.10615214315276E+00
 0.10596295219791E+00
 0.10576283720748E+00
 0.10555112361950E+00
 0.10532727726456E+00
 0.10509074914678E+00
 0.10484097395056E+00
 0.10457736781942E+00
 0.10429932985948E+00
 0.10400607345377E+00
 0.10369729100148E+00
 0.10337216672145E+00
 0.10303002665527E+00
 0.10267017849647E+00
 0.10229190893276E+00
 0.10189448669522E+00
 0.10147692362232E+00
 0.10103890059183E+00
 0.10057940972905E+00
 0.10009764033440E+00
 0.99592761551181E-01
 0.99063924380715E-01
 0.98510087795616E-01
 0.97930708877030E-01
 0.97324718014989E-01
 0.96691203590818E-01
 0.96029228039448E-01
 0.95337679752559E-01
 0.94615950798697E-01
 0.93862917117651E-01
 0.93077620123468E-01
 0.92259101167489E-01
 0.91406223118625E-01
 0.90518392853407E-01
 0.89594509365093E-01
 0.88633665440502E-01
 0.87634797062856E-01
 0.86597329357529E-01
 0.85520450091102E-01
 0.84403175314772E-01
 0.83245149133023E-01
 0.82045616449360E-01
 0.80803892421065E-01
 0.79519885491197E-01
 0.78193140189847E-01
 0.76823321083372E-01
 0.75410729429853E-01
 0.73955191599896E-01
 0.72457318405527E-01
 0.70917485894718E-01
 0.69336267194219E-01
 0.67714954472732E-01
 0.66054464924954E-01
 0.64356602239018E-01
 0.62622911729995E-01
 0.60855844760824E-01
 0.59057580645872E-01
 0.57231197436094E-01
 0.55380062118414E-01
 0.53507698173321E-01
 0.51618509856078E-01
 0.49716831350844E-01
 0.47807840803338E-01
 0.45896994974636E-01
 0.43990213717856E-01
 0.42093470873106E-01
 0.40213231248912E-01
 0.38356106888823E-01
 0.36528467701031E-01
 0.34736825885714E-01
 0.32987343385292E-01
 0.31285845902768E-01
 0.29637370013336E-01
 0.28046566245654E-01
 0.26517272843126E-01
 0.25052339595221E-01
 0.23653923914487E-01
 0.22323323291185E-01
 0.21060887595933E-01
 0.19866362469458E-01
 0.18738829803275E-01
 0.17676654175107E-01
 0.16677925031621E-01
 0.15740238578630E-01
 0.14861038857164E-01
 0.14037498417548E-01
 0.13266697195086E-01
 0.12545739920763E-01
 0.11871671034166E-01
 0.11241590464012E-01
 0.10652733560191E-01
 0.10102385083487E-01
 0.95879700371549E-02
 0.91070407096443E-02
 0.86572857035221E-02
 0.82365355882988E-02
 0.78427493943685E-02
 0.74740265609444E-02
 0.71285925032470E-02
 0.68048125652056E-02
 0.65011236183319E-02
 0.62161191815964E-02
 0.59484814012976E-02
 0.56969901970919E-02
 0.54605165828409E-02
 0.52380303663309E-02
 0.50285349191317E-02
 0.48311522388199E-02
 0.46450552833945E-02
 0.44694795925421E-02
 0.43037332104061E-02
 0.41471318414035E-02
 0.39990847180645E-02
 0.38590314882323E-02
 0.37264524661750E-02
 0.36008804375245E-02
 0.34818406385984E-02
 0.33689337078912E-02
 0.32617753005748E-02
 0.31600233331143E-02
 0.30633173275399E-02
 0.29713641870073E-02
 0.28838781343846E-02
 0.28006053504519E-02
 0.27212694317420E-02
 0.26456537089081E-02
 0.25735427507415E-02
 0.25047495280181E-02
 0.24390575887304E-02
 0.23763060743490E-02
 0.23163314571844E-02
 0.22589944766689E-02
 0.22041232468410E-02
 0.21515980772033E-02
 0.21012933986143E-02
 0.20531053858196E-02
 0.20068951676558E-02
 0.19625735669699E-02
 0.19200433058840E-02
 0.18792270563612E-02
 0.18400103180042E-02
 0.18023268238755E-02
 0.17661007069064E-02
 0.17312743364106E-02
 0.16977518237412E-02
 0.16654842165931E-02
 0.16344115545063E-02
 0.16044912754411E-02
 0.15756418111199E-02
 0.15478271534522E-02
 0.15209997067558E-02
 0.14951286390110E-02
 0.14701428394447E-02
 0.14460163320500E-02
 0.14227113869479E-02
 0.14001917855522E-02
 0.13784370447365E-02
 0.13573869886313E-02
 0.13370249244779E-02
 0.13173217328636E-02
 0.12982634703346E-02
 0.12797959959221E-02
 0.12619084301906E-02
 0.12445771045812E-02
 0.12277935585237E-02
 0.12115077311419E-02
 0.11957136284003E-02
 0.11803917676383E-02
 0.11655238719505E-02
 0.11511061192123E-02
 0.11370934537113E-02
 0.11234840785745E-02
 0.11102627817065E-02
 0.10974292965029E-02
 0.10849406981608E-02
 0.10727981540469E-02
 0.10609893176479E-02
 0.10495019113207E-02
 0.10383386718846E-02
 0.10274595075698E-02
 0.10168683695012E-02
 0.10065552302622E-02
 0.99651035716748E-03
 0.98673876607932E-03
 0.97720262349604E-03
 0.96790782671665E-03
 0.95884643083283E-03
 0.95001048195707E-03
 0.94140719351751E-03
 0.93299968525107E-03
 0.92479589790464E-03
 0.91678929801038E-03
 0.90897346647545E-03
 0.90134232542230E-03
 0.89390457316282E-03
 0.88662511891444E-03
 0.87951316611660E-03
 0.87256368143697E-03
 0.86577163472662E-03
 0.85913220225279E-03
 0.85265534418789E-03
 0.84630708553727E-03
 0.84009777112703E-03
 0.83402346031911E-03
 0.82808013961354E-03
 0.82226394814266E-03
 0.81658602825931E-03
 0.81101292288292E-03
 0.80555599499225E-03
 0.80021211560475E-03
 0.79497809384337E-03
 0.78985078807129E-03
 0.78484240831789E-03
 0.77991957962139E-03
 0.77509457772446E-03
 0.77036494711599E-03
 0.76572808913519E-03
 0.76118148495767E-03
 0.75672270611493E-03
 0.75236470995454E-03
 0.74807453491691E-03
 0.74386510460733E-03
 0.73973455885553E-03
