 0.10000000133514E-09
 0.10000000133514E-09
 0.10000000133514E-09
 0.10000000133514E-09
 0.10000000133514E-09
 0.10000000133514E-09
 0.10000000133514E-09
 0.10000000133514E-09
 0.10000000133514E-09
 0.10000000133514E-09
 0.10000000133514E-09
 0.10000000133514E-09
 0.10000000133514E-09
 0.10000000133514E-09
 0.10000000133514E-09
 0.10000000133514E-09
 0.10000000133514E-09
 0.67307649014314E-03
 0.67307649014314E-03
 0.13591154753125E-02
 0.18332725775269E-02
 0.24040937728747E-02
 0.30766965546067E-02
 0.38548158100695E-02
 0.47408772306233E-02
 0.57361559687344E-02
 0.68409337445495E-02
 0.80546434278897E-02
 0.93760195609775E-02
 0.10803238746563E-01
 0.12334112948411E-01
 0.13966082772147E-01
 0.15696438609919E-01
 0.17522402479946E-01
 0.19441125135114E-01
 0.21449794139301E-01
 0.23545670481909E-01
 0.25726200270400E-01
 0.27988906623986E-01
 0.30331514649815E-01
 0.32751951813981E-01
 0.35248303514538E-01
 0.37818935933154E-01
 0.40462339665460E-01
 0.43177218506776E-01
 0.45962477237455E-01
 0.48817214679875E-01
 0.51740683552576E-01
 0.54732274327308E-01
 0.57791635445927E-01
 0.60918464043298E-01
 0.64112624778423E-01
 0.67374081282839E-01
 0.70702904678590E-01
 0.74099278788577E-01
 0.77563480853941E-01
 0.81095899443972E-01
 0.84696955668125E-01
 0.88367102292042E-01
 0.92106978854826E-01
 0.95917162830789E-01
 0.99798326613174E-01
 0.10375119962122E+00
 0.10777653799504E+00
 0.11188325340025E+00
 0.11605704761603E+00
 0.12030592439467E+00
 0.12463078207555E+00
 0.12903250810833E+00
 0.13351219122713E+00
 0.13807077806186E+00
 0.14270930222037E+00
 0.14742881784427E+00
 0.15223039191173E+00
 0.15711513307206E+00
 0.16208420188052E+00
 0.16713876395698E+00
 0.17227998678095E+00
 0.17750899862560E+00
 0.18282714773388E+00
 0.18823567615335E+00
 0.19373587111881E+00
 0.19932900016609E+00
 0.20501633307947E+00
 0.21079924959713E+00
 0.21667910929551E+00
 0.22265718689003E+00
 0.22873488818235E+00
 0.23491357552635E+00
 0.24119459229720E+00
 0.24757922569280E+00
 0.25406885191374E+00
 0.26066475437369E+00
 0.26737109777478E+00
 0.27418368864642E+00
 0.28110621675011E+00
 0.28813977215549E+00
 0.29528542450652E+00
 0.30254409197525E+00
 0.30991653580829E+00
 0.31740348311386E+00
 0.32500546252851E+00
 0.33272280361011E+00
 0.34055583629158E+00
 0.34850430664404E+00
 0.35656800164527E+00
 0.36474632504159E+00
 0.37303837007434E+00
 0.38144294477092E+00
 0.38995840601203E+00
 0.39858288718105E+00
 0.40731395366409E+00
 0.41614871957931E+00
 0.42508376536707E+00
 0.43411693396220E+00
 0.44324060901093E+00
 0.45245103823472E+00
 0.46174277097876E+00
 0.47110932400563E+00
 0.48054366266494E+00
 0.49003825365614E+00
 0.49958471764080E+00
 0.50917396301687E+00
 0.51879644480748E+00
 0.52844172849087E+00
 0.53809896343897E+00
 0.54775666078697E+00
 0.55740278149243E+00
 0.56702471475760E+00
 0.57660962524723E+00
 0.58614433867122E+00
 0.59561551612472E+00
 0.60500922516157E+00
 0.61431260654155E+00
 0.62351191794755E+00
 0.63259413229959E+00
 0.64154525743573E+00
 0.65035293951227E+00
 0.65900546451687E+00
 0.66749168459523E+00
 0.67580119426020E+00
 0.68392476178744E+00
 0.69185435484129E+00
 0.69958342162657E+00
 0.70710708083490E+00
 0.71442177193420E+00
 0.72152561448271E+00
 0.72841841155756E+00
 0.73510179046590E+00
 0.74157977694236E+00
 0.74785641783672E+00
 0.75393792287474E+00
 0.75983157955829E+00
 0.76554537456644E+00
 0.77108810192168E+00
 0.77646880121782E+00
 0.78169671535143E+00
 0.78678091850669E+00
 0.79173053758701E+00
 0.79655439546578E+00
 0.80126037525921E+00
 0.80585600555700E+00
 0.81034840643372E+00
 0.81474401101050E+00
 0.81904876777518E+00
 0.82326801201201E+00
 0.82740654108759E+00
 0.83146869576831E+00
 0.83545833869536E+00
 0.83937887537945E+00
 0.84323343550094E+00
 0.84702477285661E+00
 0.85075526168020E+00
 0.85442710191950E+00
 0.85804225521527E+00
 0.86160249326257E+00
 0.86510937013218E+00
 0.86856429681023E+00
 0.87196854069840E+00
 0.87532329208077E+00
 0.87862962213906E+00
 0.88188850619407E+00
 0.88510085292242E+00
 0.88826749751583E+00
 0.89138924995584E+00
 0.89446684896421E+00
 0.89750100471450E+00
 0.90049240243681E+00
 0.90344165734829E+00
 0.90634943204398E+00
 0.90921629924808E+00
 0.91204285601354E+00
 0.91482968422905E+00
 0.91757730841991E+00
 0.92028629060881E+00
 0.92295719115816E+00
 0.92559051153536E+00
 0.92818677229539E+00
 0.93074649154942E+00
 0.93327006510863E+00
 0.93575821745740E+00
 0.93821133345091E+00
 0.94062991916215E+00
 0.94301444157622E+00
 0.94536539542139E+00
 0.94768325322119E+00
 0.94996850100664E+00
 0.95222159193068E+00
 0.95444300011983E+00
 0.95663319094936E+00
 0.95879261720184E+00
 0.96092172448646E+00
 0.96302096779497E+00
 0.96509079037037E+00
 0.96713163178736E+00
 0.96914391804093E+00
 0.97112808501965E+00
 0.97308456052328E+00
 0.97501375637543E+00
 0.97691608314109E+00
 0.97879196392943E+00
 0.98064179183076E+00
 0.98246596992682E+00
 0.98426489468465E+00
 0.98603894758243E+00
 0.98778851505010E+00
 0.98951397794906E+00
 0.99121570781847E+00
 0.99289407359222E+00
 0.99454943337146E+00
 0.99618214780704E+00
 0.99779256632179E+00
 0.99938103817612E+00
 0.10009479029443E+01
 0.10024934973538E+01
 0.10040181553339E+01
 0.10055221987805E+01
 0.10070059493234E+01
 0.10084697240000E+01
 0.10099138330686E+01
 0.10113385828211E+01
 0.10127442743602E+01
 0.10141312037973E+01
 0.10154996623025E+01
 0.10168499369086E+01
 0.10181823076059E+01
 0.10194970529822E+01
 0.10207944455700E+01
 0.10220747523874E+01
 0.10233382382018E+01
 0.10245851614790E+01
 0.10258157768151E+01
 0.10270303351662E+01
 0.10282290819885E+01
 0.10294122600288E+01
 0.10305801072674E+01
 0.10317328567912E+01
 0.10328707399110E+01
 0.10339939801465E+01
 0.10351028028295E+01
 0.10361974246769E+01
 0.10372780614897E+01
 0.10383449227139E+01
 0.10393982149781E+01
 0.10404381437113E+01
 0.10414649063320E+01
 0.10424787021124E+01
 0.10434797238764E+01
 0.10444681616041E+01
 0.10454442018776E+01
 0.10464080292582E+01
 0.10473598238129E+01
 0.10482997626205E+01
 0.10492280203566E+01
 0.10501447687396E+01
 0.10510501764277E+01
 0.10519444090045E+01
 0.10528276285740E+01
 0.10536999958759E+01
 0.10545616671849E+01
 0.10554127982192E+01
 0.10562535407366E+01
 0.10570840445003E+01
 0.10579044554236E+01
 0.10587149187806E+01
 0.10595155767122E+01
 0.10603065687150E+01
 0.10610880319128E+01
 0.10618601016282E+01
 0.10626229105327E+01
 0.10633765888476E+01
 0.10641212654486E+01
 0.10648570662747E+01
 0.10655841152448E+01
 0.10663025345672E+01
 0.10670124442465E+01
 0.10677139624515E+01
 0.10684072052947E+01
 0.10690922870416E+01
 0.10697693199473E+01
