 0.29892798623853E+03
 0.29892798620835E+03
 0.29892798587366E+03
 0.29892798444325E+03
 0.29892798056049E+03
 0.29892797238302E+03
 0.29892795761034E+03
 0.29892793324655E+03
 0.29892789468787E+03
 0.29892783368869E+03
 0.29892773515407E+03
 0.29892757326451E+03
 0.29892730774561E+03
 0.29892679745741E+03
 0.29892604938192E+03
 0.29892495214608E+03
 0.29892327958527E+03
 0.29892090502347E+03
 0.29891775015341E+03
 0.29891350863832E+03
 0.29890802487264E+03
 0.29890117859572E+03
 0.29889263577958E+03
 0.29888231550854E+03
 0.29886988179752E+03
 0.29885526910681E+03
 0.29883814601346E+03
 0.29881846002332E+03
 0.29879596956557E+03
 0.29877041004832E+03
 0.29874177451416E+03
 0.29870983821914E+03
 0.29867436659086E+03
 0.29863538475734E+03
 0.29859269575287E+03
 0.29854618233178E+03
 0.29849565006125E+03
 0.29844117318146E+03
 0.29838258832538E+03
 0.29831981705278E+03
 0.29825279113762E+03
 0.29818135726372E+03
 0.29810563965153E+03
 0.29802550740392E+03
 0.29794091704904E+03
 0.29785183096364E+03
 0.29775821501644E+03
 0.29766003758582E+03
 0.29755716931254E+03
 0.29744977296260E+03
 0.29733772673245E+03
 0.29722099818320E+03
 0.29709955364366E+03
 0.29697335615678E+03
 0.29684236453158E+03
 0.29670653243673E+03
 0.29656580749596E+03
 0.29642013039420E+03
 0.29626932430314E+03
 0.29611352829789E+03
 0.29595255380468E+03
 0.29578630505395E+03
 0.29561467633604E+03
 0.29543755042481E+03
 0.29525477906282E+03
 0.29506625327144E+03
 0.29487180155965E+03
 0.29467125340192E+03
 0.29446430961621E+03
 0.29425099135417E+03
 0.29403097283562E+03
 0.29380401872824E+03
 0.29356987660443E+03
 0.29332827559460E+03
 0.29307892553490E+03
 0.29282151606590E+03
 0.29255571612105E+03
 0.29228117308108E+03
 0.29199739406467E+03
 0.29170421046786E+03
 0.29140108685398E+03
 0.29108757365049E+03
 0.29076319559453E+03
 0.29042744995291E+03
 0.29007980408476E+03
 0.28971969529966E+03
 0.28934641335967E+03
 0.28895955827476E+03
 0.28855835650231E+03
 0.28814210939136E+03
 0.28771008054964E+03
 0.28726149221959E+03
 0.28679552578941E+03
 0.28631115910357E+03
 0.28580778576887E+03
 0.28528430171566E+03
 0.28473969686304E+03
 0.28417290713843E+03
 0.28358281221809E+03
 0.28296812377129E+03
 0.28232781572812E+03
 0.28166047400121E+03
 0.28096472707560E+03
 0.28023912236263E+03
 0.27948203804355E+03
 0.27869208067114E+03
 0.27786746900271E+03
 0.27700643902077E+03
 0.27610713928238E+03
 0.27516752410111E+03
 0.27418575571804E+03
 0.27315960272817E+03
 0.27208683336142E+03
 0.27096501483639E+03
 0.26979182032570E+03
 0.26856476271863E+03
 0.26728104459649E+03
 0.26593808023769E+03
 0.26453293796951E+03
 0.26306257919372E+03
 0.26152411194791E+03
 0.25991431102498E+03
 0.25822986800984E+03
 0.25646763522543E+03
 0.25462409348103E+03
 0.25269596289870E+03
 0.25067973409923E+03
 0.24857188766164E+03
 0.24636916380822E+03
 0.24406806662313E+03
 0.24166549254232E+03
 0.23915827969156E+03
 0.23654377643360E+03
 0.23381932820822E+03
 0.23098303849037E+03
 0.22803343336235E+03
 0.22496968437228E+03
 0.22179194491389E+03
 0.21850112308437E+03
 0.21509946882644E+03
 0.21159044152464E+03
 0.20797895365652E+03
 0.20427130251896E+03
 0.20047544345707E+03
 0.19660091997441E+03
 0.19265864411269E+03
 0.18866101315479E+03
 0.18462154433895E+03
 0.18055468193545E+03
 0.17647525061269E+03
 0.17239849584517E+03
 0.16833940481758E+03
 0.16431233743228E+03
 0.16033081122708E+03
 0.15640718685355E+03
 0.15255236454418E+03
 0.14877581467317E+03
 0.14508549713319E+03
 0.14148757606659E+03
 0.13798697904911E+03
 0.13458717029363E+03
 0.13129040684235E+03
 0.12809779429464E+03
 0.12500951585196E+03
 0.12202497578164E+03
 0.11914289767447E+03
 0.11636198346409E+03
 0.11367903829517E+03
 0.11109201100099E+03
 0.10859814596250E+03
 0.10619451314978E+03
 0.10387808225533E+03
 0.10164579700454E+03
 0.99494523749583E+02
 0.97421202551118E+02
 0.95422793522789E+02
 0.93496422935061E+02
 0.91638974472905E+02
 0.89847730203095E+02
 0.88119956967712E+02
 0.86453018608406E+02
 0.84844378487101E+02
 0.83291714478372E+02
 0.81792450005585E+02
 0.80344463198474E+02
 0.78945607713196E+02
 0.77593831970548E+02
 0.76287307331442E+02
 0.75023902126055E+02
 0.73801957821921E+02
 0.72619772065147E+02
 0.71475716866273E+02
 0.70368378002239E+02
 0.69295998788263E+02
 0.68257307124836E+02
 0.67250954523425E+02
 0.66275807961917E+02
 0.65330341141292E+02
 0.64413537098889E+02
 0.63522162138715E+02
 0.62659420950042E+02
 0.61822145761375E+02
 0.61009367180437E+02
 0.60220160434666E+02
 0.59453640937681E+02
 0.58708962210015E+02
 0.57985316528971E+02
 0.57281933082658E+02
 0.56598074004323E+02
 0.55933031897542E+02
 0.55286132020477E+02
 0.54656728733750E+02
 0.54044204518597E+02
 0.53447965044924E+02
 0.52867444603046E+02
 0.52302099784752E+02
 0.51751411331992E+02
 0.51214878035778E+02
 0.50692023118695E+02
 0.50182387969328E+02
 0.49685532513671E+02
 0.49201033658912E+02
 0.48728487214415E+02
 0.48267503416618E+02
 0.47817709771614E+02
 0.47378745978249E+02
 0.46950268018807E+02
 0.46531943953592E+02
 0.46123456100025E+02
 0.45724497065979E+02
 0.45334772230208E+02
 0.44953998279347E+02
 0.44581902418072E+02
 0.44218222101527E+02
 0.43862703878384E+02
 0.43515104183710E+02
 0.43175188524537E+02
 0.42842730731247E+02
 0.42517512689876E+02
 0.42199324441182E+02
 0.41887963260928E+02
 0.41583233778970E+02
 0.41284947278984E+02
 0.40992921934109E+02
 0.40706982088357E+02
 0.40426958217398E+02
 0.40152686510892E+02
 0.39884008847068E+02
 0.39620772465443E+02
 0.39362829716047E+02
 0.39110038013069E+02
 0.38862259374751E+02
 0.38619360365418E+02
 0.38381212051449E+02
 0.38147689728733E+02
 0.37918672610471E+02
 0.37694044076267E+02
 0.37473690989049E+02
 0.37257503995870E+02
 0.37045376620299E+02
 0.36837206617864E+02
 0.36632894693291E+02
 0.36432343862734E+02
 0.36235461765045E+02
 0.36042156983595E+02
 0.35852342330654E+02
 0.35665932363049E+02
 0.35482845342467E+02
 0.35303000793022E+02
 0.35126320619625E+02
 0.34952730396789E+02
 0.34782156616322E+02
 0.34614528650019E+02
 0.34449776957131E+02
 0.34287835259427E+02
 0.34128638617385E+02
 0.33972124206485E+02
 0.33818229973803E+02
 0.33666897136401E+02
 0.33518067280601E+02
 0.33371684544670E+02
 0.33227694317664E+02
 0.33086043407961E+02
 0.32946679924588E+02
 0.32809554180922E+02
 0.32674616999581E+02
 0.32541820845019E+02
 0.32411119487532E+02
 0.32282467896809E+02
 0.32155821934345E+02
 0.32031139700364E+02
 0.31908379291505E+02
 0.31787500322026E+02
 0.31668463445479E+02
 0.31551230331681E+02
 0.31435763654860E+02
 0.31322026659703E+02
 0.31209984684505E+02
 0.31099602822713E+02
 0.30990847419154E+02
