 0.13589978382288E+03
 0.13589978382296E+03
 0.13589978382462E+03
 0.13589978383269E+03
 0.13589978385029E+03
 0.13589978386710E+03
 0.13589978385419E+03
 0.13589978379760E+03
 0.13589978383683E+03
 0.13589978458085E+03
 0.13589978761573E+03
 0.13589979613320E+03
 0.13589981555985E+03
 0.13589975312538E+03
 0.13589972091673E+03
 0.13589971405144E+03
 0.13589961412548E+03
 0.13589944519221E+03
 0.13589930787273E+03
 0.13589904384303E+03
 0.13589868734885E+03
 0.13589832164892E+03
 0.13589778009205E+03
 0.13589719780894E+03
 0.13589640801837E+03
 0.13589555905201E+03
 0.13589448228194E+03
 0.13589332840940E+03
 0.13589202160332E+03
 0.13589045523803E+03
 0.13588880296844E+03
 0.13588698699821E+03
 0.13588491074251E+03
 0.13588275362348E+03
 0.13588044336422E+03
 0.13587798716793E+03
 0.13587530482807E+03
 0.13587259030782E+03
 0.13586978202426E+03
 0.13586690238912E+03
 0.13586397987170E+03
 0.13586095571581E+03
 0.13585804338750E+03
 0.13585520169354E+03
 0.13585247590719E+03
 0.13584991760771E+03
 0.13584758339377E+03
 0.13584553495151E+03
 0.13584374816590E+03
 0.13584247223861E+03
 0.13584169955876E+03
 0.13584151189902E+03
 0.13584199745249E+03
 0.13584324986768E+03
 0.13584536827882E+03
 0.13584845733630E+03
 0.13585262726379E+03
 0.13585799388945E+03
 0.13586458598210E+03
 0.13587271181463E+03
 0.13588241606358E+03
 0.13589383641488E+03
 0.13590711710916E+03
 0.13592240823510E+03
 0.13593988515899E+03
 0.13595967519371E+03
 0.13598196273926E+03
 0.13600692236214E+03
 0.13603464541010E+03
 0.13606549558284E+03
 0.13609958141310E+03
 0.13613710388018E+03
 0.13617827171287E+03
 0.13622330111819E+03
 0.13627241618290E+03
 0.13632584932606E+03
 0.13638384138593E+03
 0.13644664205638E+03
 0.13651442246647E+03
 0.13658762416399E+03
 0.13666644224267E+03
 0.13675116726014E+03
 0.13684210125696E+03
 0.13693955837858E+03
 0.13704386656027E+03
 0.13715536739586E+03
 0.13727433371584E+03
 0.13740129981411E+03
 0.13753657512188E+03
 0.13768056545207E+03
 0.13783369565901E+03
 0.13799641159304E+03
 0.13816917982827E+03
 0.13835244522004E+03
 0.13854681389964E+03
 0.13875277980010E+03
 0.13897091063081E+03
 0.13920180471690E+03
 0.13944609160715E+03
 0.13970436099066E+03
 0.13997745227501E+03
 0.14026603602666E+03
 0.14057088762211E+03
 0.14089283301047E+03
 0.14123267161099E+03
 0.14159144591250E+03
 0.14197006507076E+03
 0.14236955283742E+03
 0.14279099275245E+03
 0.14323547055220E+03
 0.14370431716190E+03
 0.14419876032186E+03
 0.14472015812319E+03
 0.14526989511328E+03
 0.14584964816813E+03
 0.14646088521633E+03
 0.14710530339685E+03
 0.14778480311268E+03
 0.14850124458828E+03
 0.14925660770061E+03
 0.15005310606719E+03
 0.15089296231142E+03
 0.15177852754959E+03
 0.15271238795038E+03
 0.15369714942640E+03
 0.15473567835595E+03
 0.15583091218956E+03
 0.15698594590125E+03
 0.15820409424425E+03
 0.15948877014621E+03
 0.16084361055195E+03
 0.16227232915653E+03
 0.16377883098322E+03
 0.16536716022697E+03
 0.16704141373951E+03
 0.16880581312744E+03
 0.17066450209877E+03
 0.17262161610764E+03
 0.17468122566254E+03
 0.17684714076717E+03
 0.17912287589376E+03
 0.18151152952980E+03
 0.18401566140292E+03
 0.18663722084487E+03
 0.18937733316652E+03
 0.19223630206421E+03
 0.19521343895488E+03
 0.19830704730781E+03
 0.20151436266056E+03
 0.20483176554510E+03
 0.20825445791181E+03
 0.21177684329975E+03
 0.21539264158908E+03
 0.21909495478323E+03
 0.22287645597681E+03
 0.22672961855915E+03
 0.23064676389905E+03
 0.23462021567674E+03
 0.23864267244304E+03
 0.24270686664943E+03
 0.24680592021705E+03
 0.25093326414122E+03
 0.25508281287196E+03
 0.25924883216881E+03
 0.26342597730244E+03
 0.26760932364052E+03
 0.27179445448043E+03
 0.27597688762706E+03
 0.28015289581683E+03
 0.28431890934458E+03
 0.28847166865993E+03
 0.29260817552452E+03
 0.29672564044131E+03
 0.30082154472411E+03
 0.30489354394043E+03
 0.30893951024846E+03
 0.31295748483972E+03
 0.31694562441624E+03
 0.32090228930442E+03
 0.32482596116097E+03
 0.32871524413151E+03
 0.33256885665833E+03
 0.33638564919082E+03
 0.34016454449721E+03
 0.34390457672859E+03
 0.34760488888513E+03
 0.35126469353045E+03
 0.35488327226538E+03
 0.35845998618612E+03
 0.36199428854512E+03
 0.36548567612698E+03
 0.36893373133513E+03
 0.37233809811524E+03
 0.37569844215456E+03
 0.37901452384327E+03
 0.38228615110500E+03
 0.38551316752635E+03
 0.38869546481618E+03
 0.39183298233761E+03
 0.39492544074896E+03
 0.39797339333783E+03
 0.40097664942915E+03
 0.40393530139169E+03
 0.40684947478916E+03
 0.40971932406329E+03
 0.41254506380401E+03
 0.41532691204896E+03
 0.41806511486195E+03
 0.42075994119184E+03
 0.42341170497100E+03
 0.42602072592492E+03
 0.42858734168673E+03
 0.43111190243401E+03
 0.43359481321323E+03
 0.43603645797339E+03
 0.43843724933174E+03
 0.44079759651519E+03
 0.44311797143729E+03
 0.44539880020736E+03
 0.44764055579106E+03
 0.44984369017651E+03
 0.45200871463358E+03
 0.45413608967885E+03
 0.45622632119505E+03
 0.45827989771760E+03
 0.46029734018679E+03
 0.46227914584303E+03
 0.46422583403233E+03
 0.46613790204862E+03
 0.46801588364260E+03
 0.46986030313107E+03
 0.47167166552362E+03
 0.47345049495268E+03
 0.47519729772946E+03
 0.47691260606407E+03
 0.47859692958238E+03
 0.48025078722255E+03
 0.48187468498177E+03
 0.48346914193719E+03
 0.48503465769041E+03
 0.48657173490427E+03
 0.48808086422370E+03
 0.48956255735016E+03
 0.49101729709088E+03
 0.49244556892953E+03
 0.49384785345688E+03
 0.49522461821058E+03
 0.49657634960884E+03
 0.49790350431281E+03
 0.49920654303790E+03
 0.50048591519212E+03
 0.50174208015016E+03
 0.50297547226606E+03
 0.50418652903180E+03
 0.50537568272198E+03
 0.50654334982461E+03
 0.50768996237070E+03
 0.50881592419228E+03
 0.50992163693810E+03
 0.51100749875984E+03
 0.51207389829341E+03
 0.51312123222492E+03
 0.51414988553878E+03
 0.51516020682008E+03
 0.51615258540752E+03
 0.51712736127316E+03
 0.51808491139468E+03
 0.51902556614368E+03
 0.51994967128123E+03
 0.52085756857427E+03
 0.52174957837347E+03
 0.52262601920173E+03
 0.52348721867965E+03
 0.52433348963074E+03
 0.52516512971611E+03
 0.52598243812206E+03
 0.52678570479103E+03
 0.52757522144098E+03
 0.52835127338781E+03
 0.52911413793434E+03
 0.52986407660533E+03
 0.53060135890053E+03
 0.53132624520778E+03
 0.53203898474785E+03
 0.53273983620596E+03
 0.53342903965198E+03
 0.53410683426052E+03
 0.53477344683392E+03
 0.53542912048347E+03
 0.53607406947841E+03
 0.53670851984570E+03
 0.53733268638937E+03
 0.53794677810062E+03
 0.53855100080105E+03
 0.53914555744655E+03
 0.53973064474060E+03
 0.54030645286515E+03
 0.54087317832797E+03
 0.54143100277024E+03
 0.54198010733502E+03
