                  NaN
                  NaN
                  NaN
                  NaN
 0.10000000133514E-09
 0.10000000133514E-09
 0.10000000133514E-09
 0.10000000133514E-09
 0.10000000133514E-09
 0.10000000133517E-09
 0.10000000133562E-09
 0.10000000133993E-09
 0.10000000137675E-09
 0.10000000177956E-09
 0.10000000690179E-09
 0.10000006284285E-09
 0.10000054156470E-09
 0.68945205125121E-07
 0.69060594084655E-07
 0.33176664529019E-06
 0.64082422227756E-06
 0.11503629967559E-05
 0.19621288852822E-05
 0.32012181736490E-05
 0.50237106281380E-05
 0.76191416572109E-05
 0.11212552676257E-04
 0.16066050055891E-04
 0.22480086621802E-04
 0.30794492069956E-04
 0.41389846005460E-04
 0.54687401385860E-04
 0.71150859714965E-04
 0.91287232867518E-04
 0.11564710545225E-03
 0.14482570485274E-03
 0.17946385172951E-03
 0.22024999186683E-03
 0.26791883322012E-03
 0.32325401517620E-03
 0.38708908108389E-03
 0.46030703639171E-03
 0.54384351624894E-03
 0.63868515292300E-03
 0.74587167313783E-03
 0.86649698899694E-03
 0.10017103074924E-02
 0.11527156049184E-02
 0.13207725278002E-02
 0.15072013976573E-02
 0.17133780293927E-02
 0.19407394060651E-02
 0.21907811307652E-02
 0.24650595919521E-02
 0.27651938405229E-02
 0.30928665579089E-02
 0.34498276700316E-02
 0.38378892612761E-02
 0.42589291461321E-02
 0.47148959466750E-02
 0.52078056224434E-02
 0.57397472461715E-02
 0.63128830942083E-02
 0.69294483280702E-02
 0.75932762243561E-02
 0.83039260732616E-02
 0.90652059741672E-02
 0.98796714879529E-02
 0.10749962980066E-01
 0.11678813346170E-01
 0.12669041215581E-01
 0.13723560793137E-01
 0.14845381575927E-01
 0.16037611226583E-01
 0.17303463860432E-01
 0.18646268890049E-01
 0.20069461940088E-01
 0.21576588914364E-01
 0.23171323128017E-01
 0.24857453723688E-01
 0.26638920878159E-01
 0.28519792723277E-01
 0.30504271858949E-01
 0.32596699064049E-01
 0.34801602350483E-01
 0.37123655656625E-01
 0.39567699021534E-01
 0.42138708224393E-01
 0.44841908172364E-01
 0.47682669801664E-01
 0.50666555432331E-01
 0.53799361365340E-01
 0.57087062234263E-01
 0.60536962088191E-01
 0.64153484218232E-01
 0.67944207753529E-01
 0.71916023931764E-01
 0.76076084801407E-01
 0.80431774237718E-01
 0.84990754832620E-01
 0.89760827110579E-01
 0.94750187276793E-01
 0.99967205099297E-01
 0.10542061771764E+00
 0.11111928549776E+00
 0.11707225170009E+00
 0.12328894227536E+00
 0.12977894193710E+00
 0.13655204833507E+00
 0.14361829516380E+00
 0.15098772349229E+00
 0.15867068194829E+00
 0.16667754004902E+00
 0.17501881485877E+00
 0.18370600702042E+00
 0.19274746216914E+00
 0.20215450113560E+00
 0.21193727902105E+00
 0.22210574292528E+00
 0.23266959103993E+00
 0.24363795715843E+00
 0.25501967297749E+00
 0.26682293738260E+00
 0.27905504227197E+00
 0.29172273527646E+00
 0.30483155413945E+00
 0.31838602756792E+00
 0.33238947670004E+00
 0.34684331838792E+00
 0.36174786826661E+00
 0.37710110531801E+00
 0.39289884489486E+00
 0.40913403386093E+00
 0.42579784639126E+00
 0.44287657177606E+00
 0.46035389930620E+00
 0.47820861174521E+00
 0.49641499579863E+00
 0.51494218758979E+00
 0.53375322409242E+00
 0.55280521358404E+00
 0.57204883714493E+00
 0.59142870977418E+00
 0.61088312686787E+00
 0.63034467056091E+00
 0.64974159707856E+00
 0.66899841501878E+00
 0.68803788284799E+00
 0.70678259264552E+00
 0.72515764011277E+00
 0.74309124125327E+00
 0.76051778007563E+00
 0.77737930597212E+00
 0.79362662736537E+00
 0.80922014779592E+00
 0.82413054912697E+00
 0.83833828301041E+00
 0.85183301734835E+00
 0.86461418709452E+00
 0.87668788368982E+00
 0.88806697299508E+00
 0.89876969474322E+00
 0.90881869620101E+00
 0.91823970872926E+00
 0.92706070663697E+00
 0.93531108939918E+00
 0.94302008209299E+00
 0.95021962955858E+00
 0.95693878171518E+00
 0.96320673652063E+00
 0.96905180880761E+00
 0.97450116908603E+00
 0.97958068236047E+00
 0.98431497145497E+00
 0.98872724503290E+00
 0.99283936812942E+00
 0.99667171358161E+00
 0.10002437309420E+01
 0.10035732091891E+01
 0.10066768702922E+01
 0.10095702796275E+01
 0.10122679123817E+01
 0.10147831098840E+01
 0.10171286044219E+01
 0.10193158830160E+01
 0.10213557175728E+01
 0.10232581016646E+01
 0.10250322054463E+01
 0.10266868424509E+01
 0.10282299002636E+01
 0.10296687827075E+01
 0.10310103706982E+01
 0.10322609629152E+01
 0.10334266839940E+01
 0.10345129486845E+01
 0.10355248880654E+01
 0.10364671728817E+01
 0.10373444224904E+01
 0.10381606691220E+01
 0.10389209295304E+01
 0.10396263803611E+01
 0.10402815872732E+01
 0.10408896604068E+01
 0.10414534996105E+01
 0.10419758101776E+01
 0.10424591234709E+01
 0.10429057990274E+01
 0.10433180442388E+01
 0.10436979212955E+01
 0.10440473631728E+01
 0.10443681748920E+01
 0.10446620485844E+01
 0.10449305700390E+01
 0.10451752245705E+01
 0.10453974052618E+01
 0.10455984183812E+01
 0.10457794910286E+01
 0.10459417748757E+01
 0.10460863492038E+01
 0.10462142352537E+01
 0.10463263848200E+01
 0.10464236971714E+01
 0.10465070175843E+01
 0.10465771425306E+01
 0.10466348226251E+01
 0.10466807614352E+01
 0.10467156252662E+01
 0.10467400403280E+01
 0.10467545984264E+01
 0.10467598577016E+01
 0.10467563433951E+01
 0.10467445528739E+01
 0.10467249550491E+01
 0.10466979937747E+01
 0.10466640855794E+01
 0.10466236274083E+01
 0.10465769919099E+01
 0.10465245340896E+01
 0.10464665879365E+01
 0.10464034701342E+01
 0.10463354796483E+01
 0.10462629001949E+01
 0.10461860006938E+01
 0.10461050347928E+01
 0.10460202429706E+01
 0.10459318542016E+01
 0.10458400844360E+01
 0.10457451389753E+01
 0.10456472108494E+01
 0.10455464862170E+01
 0.10454431383376E+01
 0.10453373336537E+01
 0.10452292291323E+01
 0.10451189743235E+01
 0.10450067107294E+01
 0.10448925725766E+01
 0.10447766875249E+01
 0.10446591772773E+01
 0.10445401560902E+01
 0.10444197335849E+01
 0.10442980132902E+01
 0.10441750935715E+01
 0.10440510677547E+01
 0.10439260252961E+01
 0.10438000511310E+01
 0.10436732243812E+01
 0.10435456213810E+01
 0.10434173155991E+01
 0.10432883744448E+01
 0.10431588632424E+01
 0.10430288454159E+01
 0.10428983789402E+01
 0.10427675196379E+01
 0.10426363207349E+01
 0.10425048337575E+01
 0.10423731058720E+01
 0.10422411827208E+01
 0.10421091073652E+01
 0.10419769217343E+01
 0.10418446638101E+01
 0.10417123712476E+01
 0.10415800793280E+01
 0.10414478212131E+01
 0.10413156287179E+01
 0.10411835317210E+01
 0.10410515587376E+01
 0.10409197367491E+01
 0.10407880911131E+01
 0.10406566462437E+01
 0.10405254252858E+01
 0.10403944497791E+01
 0.10402637404078E+01
 0.10401333167035E+01
 0.10400031968634E+01
 0.10398733984471E+01
 0.10397439379310E+01
 0.10396148309055E+01
 0.10394860919625E+01
 0.10393577349801E+01
 0.10392297729329E+01
