 0.10893621746190E+00
 0.10893621746179E+00
 0.10893621746068E+00
 0.10893621746311E+00
 0.10893621750734E+00
 0.10893621770348E+00
 0.10893621823783E+00
 0.10893621922103E+00
 0.10893622009909E+00
 0.10893621830870E+00
 0.10893620710329E+00
 0.10893617284581E+00
 0.10893609229096E+00
 0.10893610530504E+00
 0.10893598885764E+00
 0.10893571450782E+00
 0.10893544274995E+00
 0.10893508018064E+00
 0.10893439479457E+00
 0.10893359864881E+00
 0.10893256684693E+00
 0.10893108771242E+00
 0.10892938191841E+00
 0.10892714792590E+00
 0.10892460875006E+00
 0.10892144389729E+00
 0.10891788565868E+00
 0.10891361646369E+00
 0.10890871534460E+00
 0.10890331891228E+00
 0.10889708367522E+00
 0.10889010522453E+00
 0.10888251672361E+00
 0.10887397843240E+00
 0.10886459004882E+00
 0.10885431789113E+00
 0.10884328293130E+00
 0.10883113623989E+00
 0.10881797327691E+00
 0.10880374723975E+00
 0.10878840330802E+00
 0.10877203904010E+00
 0.10875428457313E+00
 0.10873521037299E+00
 0.10871473890183E+00
 0.10869278249289E+00
 0.10866924524933E+00
 0.10864402263176E+00
 0.10861715738224E+00
 0.10858822207358E+00
 0.10855723003053E+00
 0.10852404001408E+00
 0.10848849863819E+00
 0.10845044183419E+00
 0.10840969462250E+00
 0.10836607090238E+00
 0.10831937320806E+00
 0.10826939253006E+00
 0.10821606670586E+00
 0.10815885336100E+00
 0.10809765885534E+00
 0.10803222815000E+00
 0.10796229270837E+00
 0.10788757170206E+00
 0.10780773420882E+00
 0.10772254201963E+00
 0.10763164510572E+00
 0.10753471192038E+00
 0.10743155005602E+00
 0.10732150275686E+00
 0.10720434483660E+00
 0.10707969244807E+00
 0.10694714721286E+00
 0.10680629694153E+00
 0.10665671522222E+00
 0.10649796095972E+00
 0.10632957867379E+00
 0.10615109818800E+00
 0.10596218135414E+00
 0.10576203825395E+00
 0.10555029359315E+00
 0.10532641434896E+00
 0.10508985140557E+00
 0.10484003930682E+00
 0.10457639403998E+00
 0.10429831454740E+00
 0.10400531907288E+00
 0.10369650395569E+00
 0.10337134393670E+00
 0.10302916579704E+00
 0.10266927704870E+00
 0.10229096417659E+00
 0.10189349569927E+00
 0.10147618055251E+00
 0.10103812010105E+00
 0.10057858835929E+00
 0.10009677511548E+00
 0.99591849262087E-01
 0.99062961517118E-01
 0.98509358316568E-01
 0.97929937268104E-01
 0.97323900402883E-01
 0.96690336288422E-01
 0.96028307009146E-01
 0.95336974099470E-01
 0.94615199255505E-01
 0.93862115307296E-01
 0.93076763628897E-01
 0.92258185114456E-01
 0.91405511546873E-01
 0.90517629053035E-01
 0.89593688050513E-01
 0.88632781081470E-01
 0.87634100862015E-01
 0.86596576501711E-01
 0.85519634628992E-01
 0.84402525720035E-01
 0.83244442185153E-01
 0.82044845726075E-01
 0.80803270432875E-01
 0.79519203976919E-01
 0.78192392153397E-01
 0.76822708842792E-01
 0.75410053902168E-01
 0.73954632717577E-01
 0.72456698308427E-01
 0.70916796876833E-01
 0.69335688358973E-01
 0.67714308036331E-01
 0.66053915704839E-01
 0.64355985861299E-01
 0.62622382271187E-01
 0.60855248064140E-01
 0.59057062661860E-01
 0.57230744987479E-01
 0.55379548997319E-01
 0.53507245831545E-01
 0.51617996552037E-01
 0.49716375610123E-01
 0.47807434350379E-01
 0.45896630991217E-01
 0.43989800975259E-01
 0.42093100200181E-01
 0.40212897384738E-01
 0.38355730693267E-01
 0.36528129260890E-01
 0.34736521020966E-01
 0.32987069131803E-01
 0.31285541849385E-01
 0.29637098051206E-01
 0.28046323279740E-01
 0.26517008765799E-01
 0.25052105750853E-01
 0.23653717826165E-01
 0.22323103981485E-01
 0.21060696258732E-01
 0.19866195952719E-01
 0.18738656179246E-01
 0.17676504660520E-01
 0.16677771081924E-01
 0.15740106885038E-01
 0.14860904702098E-01
 0.14037362489402E-01
 0.13266582230522E-01
 0.12545624361901E-01
 0.11871555339494E-01
 0.11241590464012E-01
 0.10652733560191E-01
 0.10102385083487E-01
 0.95879700371549E-02
 0.91070407096443E-02
 0.86572857035221E-02
 0.82365355882988E-02
 0.78427493943685E-02
 0.74740265609444E-02
 0.71285925032470E-02
 0.68048125652056E-02
 0.65011236183319E-02
 0.62161191815964E-02
 0.59484814012976E-02
 0.56969901970919E-02
 0.54605165828409E-02
 0.52380303663309E-02
 0.50285349191317E-02
 0.48311522388199E-02
 0.46450552833945E-02
 0.44694795925421E-02
 0.43037332104061E-02
 0.41471318414035E-02
 0.39990847180645E-02
 0.38590314882323E-02
 0.37264524661750E-02
 0.36008804375245E-02
 0.34818406385984E-02
 0.33689337078912E-02
 0.32617753005748E-02
 0.31600233331143E-02
 0.30633173275399E-02
 0.29713641870073E-02
 0.28836850618221E-02
 0.28004039566309E-02
 0.27210740677316E-02
 0.26454641861307E-02
 0.25733588683358E-02
 0.25045570742087E-02
 0.24388708949518E-02
 0.23761250428693E-02
 0.23161558009274E-02
 0.22588100327921E-02
 0.22039443005982E-02
 0.21514244543533E-02
 0.21011249062620E-02
 0.20529279936861E-02
 0.20067230263027E-02
 0.19624065124239E-02
 0.19198811512423E-02
 0.18790557093521E-02
 0.18398439977925E-02
 0.18021654728698E-02
 0.17659440447846E-02
 0.17311082815359E-02
 0.16975905853587E-02
 0.16653276541935E-02
 0.16342594939621E-02
 0.16043297066922E-02
 0.15754848676767E-02
 0.15476747069551E-02
 0.15208515896832E-02
 0.14949706684423E-02
 0.14699893263001E-02
 0.14458672693553E-02
 0.14225665004375E-02
 0.14000509200283E-02
 0.13782864002892E-02
 0.13572404870394E-02
 0.13368824686668E-02
 0.13171831738753E-02
 0.12981149400353E-02
 0.12796514773327E-02
 0.12617678400847E-02
 0.12444402994487E-02
 0.12276463180229E-02
 0.12113643923744E-02
 0.11955741239832E-02
 0.11802560755685E-02
 0.11653917372929E-02
 0.11509634885930E-02
 0.11369544888875E-02
 0.11233487309200E-02
 0.11101309226225E-02
 0.10972864818323E-02
 0.10848014752450E-02
 0.10726626210400E-02
 0.10608572162685E-02
 0.10493731203999E-02
 0.10381987445509E-02
 0.10273229837962E-02
 0.10167352394408E-02
 0.10064253774895E-02
 0.99638366877102E-03
 0.98660081950458E-03
 0.97706791857775E-03
 0.96777637397686E-03
 0.95871812191145E-03
 0.94988521064437E-03
 0.94127018970330E-03
 0.93286578627490E-03
 0.92466514112872E-03
 0.91666158052434E-03
 0.90884868800425E-03
 0.90122039010628E-03
 0.89377078579954E-03
 0.88649422428259E-03
 0.87938522643896E-03
 0.87243860379085E-03
 0.86564932752209E-03
 0.85901257741109E-03
 0.85252364802756E-03
 0.84617810099320E-03
 0.83997158880131E-03
 0.83389999508666E-03
 0.82795930714992E-03
 0.82214566702459E-03
 0.81645535357342E-03
 0.81088480492483E-03
 0.80543055647994E-03
 0.80008927819299E-03
 0.79485777921170E-03
 0.78973292068372E-03
 0.78471171563471E-03
 0.77979131020339E-03
 0.77496889146993E-03
 0.77024177191091E-03
 0.76560735178147E-03
 0.76106311470451E-03
 0.75660663457602E-03
 0.75223554650038E-03
 0.74794761259751E-03
 0.74374062215599E-03
 0.73961245195378E-03
