 0.13343248026524E+01
 0.13343248026502E+01
 0.13343248025986E+01
 0.13343248022521E+01
 0.13343248010190E+01
 0.13343247979566E+01
 0.13343247919184E+01
 0.13343247820978E+01
 0.13343247698027E+01
 0.13343247625145E+01
 0.13343247805812E+01
 0.13343248656868E+01
 0.13343250894295E+01
 0.13343273821410E+01
 0.13343300734810E+01
 0.13343337036151E+01
 0.13343409569824E+01
 0.13343520329973E+01
 0.13343658216918E+01
 0.13343859439924E+01
 0.13344125851194E+01
 0.13344450684427E+01
 0.13344872371054E+01
 0.13345374785215E+01
 0.13345996131495E+01
 0.13346717433606E+01
 0.13347576491129E+01
 0.13348553051012E+01
 0.13349667260071E+01
 0.13350944320560E+01
 0.13352358150280E+01
 0.13353927681158E+01
 0.13355674617632E+01
 0.13357570184267E+01
 0.13359630661955E+01
 0.13361857458109E+01
 0.13364267388892E+01
 0.13366827121310E+01
 0.13369549296201E+01
 0.13372430989130E+01
 0.13375467885314E+01
 0.13378671290401E+01
 0.13382002795294E+01
 0.13385470132912E+01
 0.13389065193873E+01
 0.13392778637419E+01
 0.13396600165030E+01
 0.13400518545130E+01
 0.13404538240110E+01
 0.13408613884500E+01
 0.13412747082607E+01
 0.13416923256784E+01
 0.13421126817146E+01
 0.13425341367716E+01
 0.13429549730204E+01
 0.13433733966919E+01
 0.13437875398929E+01
 0.13441954630180E+01
 0.13445968553144E+01
 0.13449863194068E+01
 0.13453633282452E+01
 0.13457256923446E+01
 0.13460711470660E+01
 0.13463973685134E+01
 0.13467016791046E+01
 0.13469821736993E+01
 0.13472361110832E+01
 0.13474609437796E+01
 0.13476557147637E+01
 0.13478145440366E+01
 0.13479363026303E+01
 0.13480182449159E+01
 0.13480575658827E+01
 0.13480514112084E+01
 0.13479968757310E+01
 0.13478910014574E+01
 0.13477307814337E+01
 0.13475131584960E+01
 0.13472366229454E+01
 0.13468948712522E+01
 0.13464862216379E+01
 0.13460073984205E+01
 0.13454550699321E+01
 0.13448258478407E+01
 0.13441162720961E+01
 0.13433228217826E+01
 0.13424434052674E+01
 0.13414714523539E+01
 0.13404046621107E+01
 0.13392392441618E+01
 0.13379713293868E+01
 0.13365969598601E+01
 0.13351121061750E+01
 0.13335135862341E+01
 0.13317953218012E+01
 0.13299539619861E+01
 0.13279851391561E+01
 0.13258843796205E+01
 0.13236471269080E+01
 0.13212699893560E+01
 0.13187458278343E+01
 0.13160709798423E+01
 0.13132405804308E+01
 0.13102495945108E+01
 0.13070940921383E+01
 0.13037668610606E+01
 0.13002637350873E+01
 0.12965795128077E+01
 0.12927089447525E+01
 0.12886477290112E+01
 0.12843887151930E+01
 0.12799275612852E+01
 0.12752590731800E+01
 0.12703789377043E+01
 0.12652800056734E+01
 0.12599591236804E+01
 0.12544118493851E+01
 0.12486322668121E+01
 0.12426168361266E+01
 0.12363621579361E+01
 0.12298635403296E+01
 0.12231183193107E+01
 0.12161242563911E+01
 0.12088783066626E+01
 0.12013796516401E+01
 0.11936266723893E+01
 0.11856195317176E+01
 0.11773591966387E+01
 0.11688467943301E+01
 0.11600852551337E+01
 0.11510778872804E+01
 0.11418299967984E+01
 0.11323477131965E+01
 0.11226386627486E+01
 0.11127122846511E+01
 0.11025794657583E+01
 0.10922536779964E+01
 0.10817503610963E+01
 0.10710864460179E+01
 0.10602817790499E+01
 0.10493585015988E+01
 0.10383411022488E+01
 0.10272563911517E+01
 0.10161328945690E+01
 0.10050013886599E+01
 0.99389352436705E+00
 0.98284207196329E+00
 0.97187987303004E+00
 0.96103944379852E+00
 0.95035092539419E+00
 0.93984394267125E+00
 0.92954515460484E+00
 0.91947772913064E+00
 0.90966185097354E+00
 0.90011405923061E+00
 0.89084705709435E+00
 0.88187032938970E+00
 0.87318999719152E+00
 0.86480880258987E+00
 0.85672736854426E+00
 0.84894377836984E+00
 0.84145461913764E+00
 0.83425454784905E+00
 0.82733729489378E+00
 0.82069580326936E+00
 0.81432226460885E+00
 0.80820842846173E+00
 0.80234612769411E+00
 0.79672685392843E+00
 0.79134223791661E+00
 0.78618398988783E+00
 0.78124402240480E+00
 0.77651443302249E+00
 0.77198783110844E+00
 0.76765681570794E+00
 0.76351428693181E+00
 0.75955353936803E+00
 0.75576812705803E+00
 0.75215188052374E+00
 0.74869890139351E+00
 0.74540356394377E+00
 0.74226050352517E+00
 0.73926459010586E+00
 0.73641083281492E+00
 0.73369460622081E+00
 0.73111134879198E+00
 0.72865675406421E+00
 0.72632677255616E+00
 0.72411734280283E+00
 0.72202469742219E+00
 0.72004520417743E+00
 0.71817531110549E+00
 0.71641166312634E+00
 0.71475095933209E+00
 0.71319007013746E+00
 0.71172595364093E+00
 0.71035571680407E+00
 0.70907644955699E+00
 0.70788546842651E+00
 0.70678022115127E+00
 0.70575793087409E+00
 0.70481616525903E+00
 0.70395253335552E+00
 0.70316469895896E+00
 0.70245042880395E+00
 0.70180744639025E+00
 0.70123363530146E+00
 0.70072691165546E+00
 0.70028527504857E+00
 0.69990671142654E+00
 0.69958931220415E+00
 0.69933122203907E+00
 0.69913065401618E+00
 0.69898577806195E+00
 0.69889490096820E+00
 0.69885634702077E+00
 0.69886852108701E+00
 0.69892975234176E+00
 0.69903854928754E+00
 0.69919336488434E+00
 0.69939278933843E+00
 0.69963529150054E+00
 0.69991954537255E+00
 0.70024416313517E+00
 0.70060782887289E+00
 0.70100921685938E+00
 0.70144708846882E+00
 0.70192020016811E+00
 0.70242738754826E+00
 0.70296744437727E+00
 0.70353921056071E+00
 0.70414161499129E+00
 0.70477355367441E+00
 0.70543400625066E+00
 0.70612190915605E+00
 0.70683627871315E+00
 0.70757611929988E+00
 0.70834049784149E+00
 0.70912846158779E+00
 0.70993912248706E+00
 0.71077160269514E+00
 0.71162506678029E+00
 0.71249863657993E+00
 0.71339151795859E+00
 0.71430292154533E+00
 0.71523207837563E+00
 0.71617826273306E+00
 0.71714070366313E+00
 0.71811871380596E+00
 0.71911159999796E+00
 0.72011869655699E+00
 0.72113932640630E+00
 0.72217287455436E+00
 0.72321871714279E+00
 0.72427624407051E+00
 0.72534488846546E+00
 0.72642404466233E+00
 0.72751317850976E+00
 0.72861175864391E+00
 0.72971927900425E+00
 0.73083522363123E+00
 0.73195907703743E+00
 0.73309035472452E+00
 0.73422863793301E+00
 0.73537343323260E+00
 0.73652433895064E+00
 0.73768088943461E+00
 0.73884269435502E+00
 0.74000935253049E+00
 0.74118047058520E+00
 0.74235567270546E+00
 0.74353460882152E+00
 0.74471690190294E+00
 0.74590221341355E+00
 0.74709021577041E+00
 0.74828058594475E+00
 0.74947301418742E+00
 0.75066719731622E+00
 0.75186283156088E+00
 0.75305963624506E+00
 0.75425735469545E+00
 0.75545570709061E+00
 0.75665443686987E+00
 0.75785330729463E+00
 0.75905205662726E+00
 0.76025046341885E+00
 0.76144830337666E+00
 0.76264538228383E+00
 0.76384144939810E+00
 0.76503633201305E+00
 0.76622981967482E+00
 0.76742172506415E+00
 0.76861187119956E+00
 0.76980008426223E+00
 0.77098619268623E+00
 0.77217003638090E+00
 0.77335146695392E+00
 0.77453031506591E+00
 0.77570644478072E+00
 0.77687971670843E+00
