 0.10864048919610E+01
 0.10864048916606E+01
 0.10864048884169E+01
 0.10864048747528E+01
 0.10864048377964E+01
 0.10864047597424E+01
 0.10864046185569E+01
 0.10864043903351E+01
 0.10864040572155E+01
 0.10864036247737E+01
 0.10864031487992E+01
 0.10864027662252E+01
 0.10864027225743E+01
 0.10864037487628E+01
 0.10864059883781E+01
 0.10864101339600E+01
 0.10864173976171E+01
 0.10864285720178E+01
 0.10864442314359E+01
 0.10864659013778E+01
 0.10864944153652E+01
 0.10865303982918E+01
 0.10865753248367E+01
 0.10866295104471E+01
 0.10866942860162E+01
 0.10867697431398E+01
 0.10868570438939E+01
 0.10869560755635E+01
 0.10870674682421E+01
 0.10871918859722E+01
 0.10873288454179E+01
 0.10874787319991E+01
 0.10876419401959E+01
 0.10878177278565E+01
 0.10880062668855E+01
 0.10882073712943E+01
 0.10884211652400E+01
 0.10886466341946E+01
 0.10888837595550E+01
 0.10891321653328E+01
 0.10893914362273E+01
 0.10896615177113E+01
 0.10899412057028E+01
 0.10902303717276E+01
 0.10905285326462E+01
 0.10908351924509E+01
 0.10911498519523E+01
 0.10914720124008E+01
 0.10918015900964E+01
 0.10921373005870E+01
 0.10924790457218E+01
 0.10928263629722E+01
 0.10931787989340E+01
 0.10935359157055E+01
 0.10938972924944E+01
 0.10942625269874E+01
 0.10946312365939E+01
 0.10950030591820E+01
 0.10953781073978E+01
 0.10957551778018E+01
 0.10961344018822E+01
 0.10965155095842E+01
 0.10968982501049E+01
 0.10972823955929E+01
 0.10976677565228E+01
 0.10980541237357E+01
 0.10984413504633E+01
 0.10988293003578E+01
 0.10992183304838E+01
 0.10996074274592E+01
 0.10999969691387E+01
 0.11003869092938E+01
 0.11007772200741E+01
 0.11011678942323E+01
 0.11015589448565E+01
 0.11019504052375E+01
 0.11023423279903E+01
 0.11027347850166E+01
 0.11031283618987E+01
 0.11035222018955E+01
 0.11039169024310E+01
 0.11043126135779E+01
 0.11047094997158E+01
 0.11051077427550E+01
 0.11055075428676E+01
 0.11059091178354E+01
 0.11063131998572E+01
 0.11067190717003E+01
 0.11071274766294E+01
 0.11075387036464E+01
 0.11079530588215E+01
 0.11083708665548E+01
 0.11087924686728E+01
 0.11092187502463E+01
 0.11096490690517E+01
 0.11100843199596E+01
 0.11105249197756E+01
 0.11109713066101E+01
 0.11114239371410E+01
 0.11118837711775E+01
 0.11123503523104E+01
 0.11128246667210E+01
 0.11133072426452E+01
 0.11137986472665E+01
 0.11142999279685E+01
 0.11148107563964E+01
 0.11153322058901E+01
 0.11158649088979E+01
 0.11164095202608E+01
 0.11169671924247E+01
 0.11175376941072E+01
 0.11181221800052E+01
 0.11187213669795E+01
 0.11193364552907E+01
 0.11199673217114E+01
 0.11206150635282E+01
 0.11212808879566E+01
 0.11219647070372E+01
 0.11226676342516E+01
 0.11233907927255E+01
 0.11241340604953E+01
 0.11248984643829E+01
 0.11256850009877E+01
 0.11264934080054E+01
 0.11273248906520E+01
 0.11281790896776E+01
 0.11290565854009E+01
 0.11299578394315E+01
 0.11308820317517E+01
 0.11318295893988E+01
 0.11327993107880E+01
 0.11337910344100E+01
 0.11348029271797E+01
 0.11358341004380E+01
 0.11368821732060E+01
 0.11379443552327E+01
 0.11390180097456E+01
 0.11400986568663E+01
 0.11411823429001E+01
 0.11422633450628E+01
 0.11433354218543E+01
 0.11443912648094E+01
 0.11454233268087E+01
 0.11464227401674E+01
 0.11473799101159E+01
 0.11482853462171E+01
 0.11491287095302E+01
 0.11498998473541E+01
 0.11505887436531E+01
 0.11511866026828E+01
 0.11516849322588E+01
 0.11520766061163E+01
 0.11523563646471E+01
 0.11525202246962E+01
 0.11525659935568E+01
 0.11524935267920E+01
 0.11523040284337E+01
 0.11520002846467E+01
 0.11515866119452E+01
 0.11510681470077E+01
 0.11504511879476E+01
 0.11497424064170E+01
 0.11489490774359E+01
 0.11480786952778E+01
 0.11471386583950E+01
 0.11461364350083E+01
 0.11450793019862E+01
 0.11439741026094E+01
 0.11428274798917E+01
 0.11416456429615E+01
 0.11404343829511E+01
 0.11391990614043E+01
 0.11379446348375E+01
 0.11366755720949E+01
 0.11353959957827E+01
 0.11341096179502E+01
 0.11328197547319E+01
 0.11315294411459E+01
 0.11302413207646E+01
 0.11289577562621E+01
 0.11276808358588E+01
 0.11264123906083E+01
 0.11251540037830E+01
 0.11239071111562E+01
 0.11226728788513E+01
 0.11214523416735E+01
 0.11202463658766E+01
 0.11190556552472E+01
 0.11178808544948E+01
 0.11167224319980E+01
 0.11155807718019E+01
 0.11144561774551E+01
 0.11133488458285E+01
 0.11122589643341E+01
 0.11111865963105E+01
 0.11101317722265E+01
 0.11090944593504E+01
 0.11080746314877E+01
 0.11070721692986E+01
 0.11060869420370E+01
 0.11051187836479E+01
 0.11041675406493E+01
 0.11032329944271E+01
 0.11023149258445E+01
 0.11014130860728E+01
 0.11005272574395E+01
 0.10996571705848E+01
 0.10988025617021E+01
 0.10979631470286E+01
 0.10971386773933E+01
 0.10963288630609E+01
 0.10955334224292E+01
 0.10947520627401E+01
 0.10939845273515E+01
 0.10932305229755E+01
 0.10924897697851E+01
 0.10917619781485E+01
 0.10910468983808E+01
 0.10903442439149E+01
 0.10896537490361E+01
 0.10889751343854E+01
 0.10883081662081E+01
 0.10876525705027E+01
 0.10870080965257E+01
 0.10863744901614E+01
 0.10857515243612E+01
 0.10851389499628E+01
 0.10845365344043E+01
 0.10839440392741E+01
 0.10833612577817E+01
 0.10827879653603E+01
 0.10822239422480E+01
 0.10816689829414E+01
 0.10811228719527E+01
 0.10805854253438E+01
 0.10800564394585E+01
 0.10795357260616E+01
 0.10790230905943E+01
 0.10785183663834E+01
 0.10780213689010E+01
 0.10775319250475E+01
 0.10770498583358E+01
 0.10765750205669E+01
 0.10761072440310E+01
 0.10756463724597E+01
 0.10751922531362E+01
 0.10747447297514E+01
 0.10743036727261E+01
 0.10738689334117E+01
 0.10734403742217E+01
 0.10730178567064E+01
 0.10726012620085E+01
 0.10721904554395E+01
 0.10717853137174E+01
 0.10713857175801E+01
 0.10709915428308E+01
 0.10706026883832E+01
 0.10702190355223E+01
 0.10698404745252E+01
 0.10694668959924E+01
 0.10690981951183E+01
 0.10687342818823E+01
 0.10683750536662E+01
 0.10680204103494E+01
 0.10676702622133E+01
 0.10673245108619E+01
 0.10669830790571E+01
 0.10666458759009E+01
 0.10663128153190E+01
 0.10659838143966E+01
 0.10656587955792E+01
 0.10653376743139E+01
 0.10650203837840E+01
 0.10647068437062E+01
 0.10643969826212E+01
 0.10640907298806E+01
 0.10637880168342E+01
 0.10634887711107E+01
 0.10631929352010E+01
 0.10629004404453E+01
 0.10626112221021E+01
 0.10623252216310E+01
 0.10620423790398E+01
 0.10617626312641E+01
 0.10614859306523E+01
 0.10612122167917E+01
 0.10609414353295E+01
 0.10606735287208E+01
 0.10604084534291E+01
 0.10601461503469E+01
 0.10598865784197E+01
 0.10596296863817E+01
 0.10593754261666E+01
 0.10591237515527E+01
 0.10588746177640E+01
 0.10586279804810E+01
 0.10583837924120E+01
 0.10581420202098E+01
 0.10579026184188E+01
 0.10576655467404E+01
