 0.00000000000000E+00
-0.30300879194351E-05
-0.29943420262840E-04
-0.11468567140904E-03
-0.27921196280058E-03
-0.52731946709058E-03
-0.85250455811951E-03
-0.12407187506928E-02
-0.16699149147850E-02
-0.21072106750484E-02
-0.25056652873595E-02
-0.28067766225653E-02
-0.29458947866631E-02
-0.28587239940615E-02
-0.24871308026315E-02
-0.17640215573767E-02
-0.67534766700448E-03
 0.79753919850016E-03
 0.26715316062218E-02
 0.49450698016599E-02
 0.77305362134601E-02
 0.10780995679896E-01
 0.14124856574492E-01
 0.17869837920487E-01
 0.21900115921506E-01
 0.26183627707004E-01
 0.30681460994547E-01
 0.35356367767416E-01
 0.40167439066658E-01
 0.45076072987009E-01
 0.50047857567352E-01
 0.55048031805725E-01
 0.60036196769639E-01
 0.64982579778099E-01
 0.69860022595342E-01
 0.74644582549138E-01
 0.79312525200578E-01
 0.83845478489952E-01
 0.88228116340815E-01
 0.92448268231062E-01
 0.96496386641848E-01
 0.10036676638556E+00
 0.10405454293394E+00
 0.10755806624650E+00
 0.11087783974517E+00
 0.11401621732251E+00
 0.11697715964760E+00
 0.11976599507680E+00
 0.12238919135409E+00
 0.12485424961717E+00
 0.12716928227676E+00
 0.12934284859492E+00
 0.13138401806582E+00
 0.13330211560722E+00
 0.13510659239194E+00
 0.13680691851802E+00
 0.13841249366950E+00
 0.13993258008419E+00
 0.14137623219042E+00
 0.14275222142499E+00
 0.14406904237302E+00
 0.14533486520804E+00
 0.14655751622717E+00
 0.14774446371264E+00
 0.14890281149607E+00
 0.15003929744481E+00
 0.15116031780163E+00
 0.15227189359482E+00
 0.15337966392244E+00
 0.15448896858845E+00
 0.15560482499677E+00
 0.15673195040410E+00
 0.15787476287799E+00
 0.15903740097644E+00
 0.16022377365797E+00
 0.16143754466711E+00
 0.16268213270136E+00
 0.16396078225938E+00
 0.16527655148546E+00
 0.16663232304354E+00
 0.16803097059376E+00
 0.16947472420603E+00
 0.17096691266233E+00
 0.17251002516672E+00
 0.17410474727482E+00
 0.17575419392490E+00
 0.17746056893931E+00
 0.17922602106339E+00
 0.18105248659070E+00
 0.18294203696343E+00
 0.18489670429299E+00
 0.18691845340550E+00
 0.18900924731822E+00
 0.19117111378911E+00
 0.19340599663186E+00
 0.19571593242132E+00
 0.19810295848108E+00
 0.20056916744083E+00
 0.20311683786120E+00
 0.20574775521833E+00
 0.20846450886927E+00
 0.21126913544928E+00
 0.21416398098411E+00
 0.21715145429011E+00
 0.22023398017602E+00
 0.22341401781402E+00
 0.22669411226986E+00
 0.23007686690221E+00
 0.23356496825031E+00
 0.23716115403793E+00
 0.24086826212203E+00
 0.24468917108995E+00
 0.24862678260404E+00
 0.25268414816927E+00
 0.25686428984291E+00
 0.26117046876349E+00
 0.26560566592833E+00
 0.27017312359530E+00
 0.27487624796379E+00
 0.27971859961023E+00
 0.28470313742767E+00
 0.28983292038621E+00
 0.29511159622710E+00
 0.30054251108975E+00
 0.30612899969148E+00
 0.31187436979173E+00
 0.31778187565214E+00
 0.32385472832563E+00
 0.33009605974351E+00
 0.33650890810533E+00
 0.34309620822323E+00
 0.34986077295602E+00
 0.35680526565259E+00
 0.36393219171727E+00
 0.37124386441748E+00
 0.37874241420149E+00
 0.38642973413351E+00
 0.39430748257700E+00
 0.40237704955976E+00
 0.41063958482505E+00
 0.41909592252831E+00
 0.42774664437916E+00
 0.43659200740678E+00
 0.44563190292785E+00
 0.45486601233202E+00
 0.46429361095765E+00
 0.47391363755631E+00
 0.48372477787355E+00
 0.49372539188318E+00
 0.50391350751927E+00
 0.51428686952500E+00
 0.52484294735391E+00
 0.53557877475165E+00
 0.54649124367110E+00
 0.55757695101527E+00
 0.56883235747762E+00
 0.58025367363624E+00
 0.59183669815903E+00
 0.60357720080334E+00
 0.61547084029018E+00
 0.62751287550308E+00
 0.63969866482216E+00
 0.65202324064395E+00
 0.66448160690606E+00
 0.67706864230181E+00
 0.68977909113096E+00
 0.70260766027267E+00
 0.71554895259205E+00
 0.72859752304394E+00
 0.74174789576367E+00
 0.75499458271257E+00
 0.76833204407305E+00
 0.78175476820049E+00
 0.79525720303914E+00
 0.80883386986232E+00
 0.82247929609611E+00
 0.83618805187114E+00
 0.84995479504786E+00
 0.86377423708428E+00
 0.87764118003853E+00
 0.89155052835042E+00
 0.90549729440234E+00
 0.91947663054439E+00
 0.93348383839496E+00
 0.94751435290926E+00
 0.96156376281415E+00
 0.97562781746518E+00
 0.98970245158777E+00
 0.10037838002472E+01
 0.10178681574690E+01
 0.10319519905522E+01
 0.10460319401563E+01
 0.10601048331489E+01
 0.10741676520366E+01
 0.10882175658668E+01
 0.11022518979126E+01
 0.11162681226617E+01
 0.11302638500775E+01
 0.11442368307001E+01
 0.11581849480943E+01
 0.11721062085539E+01
 0.11859987274536E+01
 0.11998607221170E+01
 0.12136905034411E+01
 0.12274864681140E+01
 0.12412471020856E+01
 0.12549709769580E+01
 0.12686567558525E+01
 0.12823031556129E+01
 0.12959089615658E+01
 0.13094730145543E+01
 0.13229942044661E+01
 0.13364714878918E+01
 0.13499038764252E+01
 0.13632904380817E+01
 0.13766302762737E+01
 0.13899225368112E+01
 0.14031664140011E+01
 0.14163611442149E+01
 0.14295060079493E+01
 0.14426003148527E+01
 0.14556434107069E+01
 0.14686346800886E+01
 0.14815735427500E+01
 0.14944594490807E+01
 0.15072918722988E+01
 0.15200703183257E+01
 0.15327943265181E+01
 0.15454634652492E+01
 0.15580773226203E+01
 0.15706355056356E+01
 0.15831376523938E+01
 0.15955834228879E+01
 0.16079725153863E+01
 0.16203046317530E+01
 0.16325794824157E+01
 0.16447968130692E+01
 0.16569564015942E+01
 0.16690580397344E+01
 0.16811015201334E+01
 0.16930866497676E+01
 0.17050132600314E+01
 0.17168812108324E+01
 0.17286903744123E+01
 0.17404406518395E+01
 0.17521318941531E+01
 0.17637640158102E+01
 0.17753369597793E+01
 0.17868506616183E+01
 0.17983050706456E+01
 0.18097001482633E+01
 0.18210358591682E+01
 0.18323121908667E+01
 0.18435291371354E+01
 0.18546867054727E+01
 0.18657849208815E+01
 0.18768238044431E+01
 0.18878033850476E+01
 0.18987237091099E+01
 0.19095848314142E+01
 0.19203868187264E+01
 0.19311297436087E+01
 0.19418136847188E+01
 0.19524387276064E+01
 0.19630049674332E+01
 0.19735125040572E+01
 0.19839614500680E+01
 0.19943519216265E+01
 0.20046840411066E+01
 0.20149579415663E+01
 0.20251737607445E+01
 0.20353316363774E+01
 0.20454317156544E+01
 0.20554741524263E+01
 0.20654591080156E+01
 0.20753867473768E+01
 0.20852572387853E+01
 0.20950707552138E+01
 0.21048274760280E+01
 0.21145275841002E+01
 0.21241712672586E+01
 0.21337587193405E+01
 0.21432901362151E+01
 0.21527657168386E+01
 0.21621856634381E+01
 0.21715501840521E+01
 0.21808594890175E+01
 0.21901137928259E+01
 0.21993133136510E+01
 0.22084582708531E+01
 0.22175488881408E+01
 0.22265853884758E+01
 0.22355679996126E+01
 0.22444969556246E+01
 0.22533724902475E+01
 0.22621948378214E+01
 0.22709642352904E+01
 0.22796809270427E+01
 0.22883451521257E+01
 0.22969571543104E+01
