 0.00000000000000E+00
-0.20629840631941E-22
-0.39860342442592E-21
-0.27758783464520E-20
-0.11135483634759E-19
-0.32112338946725E-19
-0.74006358388939E-19
-0.13555385555387E-18
-0.22555633037960E-18
-0.34374411672529E-18
-0.53570511697448E-18
-0.75827965512865E-18
-0.85710651295224E-18
-0.17153635863429E-11
 0.34547948391453E-11
 0.44947161753102E-11
 0.23429277162588E-11
 0.10757919993588E-11
-0.95170059542573E-11
 0.24274842338948E-11
-0.59908929792474E-11
-0.20030912310305E-11
 0.87172102845030E-10
 0.25502149543262E-11
 0.62051350891819E-09
-0.34799879595800E-08
 0.15544428445674E-07
-0.42611284569678E-08
-0.60582867655568E-07
 0.55798179208808E-07
-0.37885419331229E-07
 0.13242287006537E-06
-0.69892975206881E-07
-0.95592023119121E-07
 0.21661512913889E-06
 0.69524609402971E-08
 0.11619804614086E-07
 0.18826806611942E-07
 0.31370103502516E-07
 0.50624525096011E-07
 0.80568787635156E-07
 0.12469972790905E-06
 0.18845521952612E-06
 0.27991119533884E-06
 0.40818562366633E-06
 0.58591560030236E-06
 0.82730653665063E-06
 0.11509642158370E-05
 0.15794896948506E-05
 0.21402693780088E-05
 0.28652601980816E-05
 0.37921778856160E-05
 0.49652823573219E-05
 0.64363235279178E-05
 0.82638459567819E-05
 0.10515773319268E-04
 0.13267933387223E-04
 0.16606839329788E-04
 0.20627508589423E-04
 0.25437966317385E-04
 0.31156140976465E-04
 0.37912030068811E-04
 0.45848646212131E-04
 0.55121370207902E-04
 0.65899495158306E-04
 0.78365428279596E-04
 0.92716313586934E-04
 0.10916449961269E-03
 0.12793576805792E-03
 0.14927197646934E-03
 0.17342944553495E-03
 0.20068167257927E-03
 0.23131629667209E-03
 0.26563711005237E-03
 0.30396349649583E-03
 0.34663265591576E-03
 0.39399730478152E-03
 0.44642400970256E-03
 0.50429864317348E-03
 0.56924914195182E-03
 0.63574601423102E-03
 0.71923646611064E-03
 0.80262964058653E-03
 0.88331020108760E-03
 0.99055015270113E-03
 0.10979454414792E-02
 0.12152306399383E-02
 0.13421612526337E-02
 0.14792870710911E-02
 0.16271704310320E-02
 0.17863908229966E-02
 0.19575541466049E-02
 0.21412680404887E-02
 0.23381746067393E-02
 0.25489109696866E-02
 0.27741525414887E-02
 0.30145884878568E-02
 0.32709017561342E-02
 0.35438015685639E-02
 0.38342361479391E-02
 0.41426545502041E-02
 0.44699677130473E-02
 0.48169987551534E-02
 0.51846929066516E-02
 0.55736526539807E-02
 0.59848677544463E-02
 0.64191133334584E-02
 0.68774284422372E-02
 0.73607119047256E-02
 0.78698082454093E-02
 0.84057399901727E-02
 0.89694320079286E-02
 0.95619590233732E-02
 0.10184268960473E-01
 0.10839147314716E-01
 0.11520878455498E-01
 0.12238168867750E-01
 0.12994878282959E-01
 0.13785188275424E-01
 0.14600813933993E-01
 0.15455181794903E-01
 0.16359645968018E-01
 0.17295568336009E-01
 0.18271915331303E-01
 0.19289287313522E-01
 0.20348352651658E-01
 0.21449973953018E-01
 0.22594718400143E-01
 0.23783334268922E-01
 0.25016412522476E-01
 0.26294539657171E-01
 0.27617892911726E-01
 0.28986830463109E-01
 0.30401367843924E-01
 0.31861562507024E-01
 0.33366998157309E-01
 0.34917839521848E-01
 0.36512785936471E-01
 0.38152018968770E-01
 0.39833673676134E-01
 0.41557772312211E-01
 0.43322655978621E-01
 0.45126170690313E-01
 0.46969348659863E-01
 0.48845473226962E-01
 0.50755370962900E-01
 0.52699835460841E-01
 0.54675643173955E-01
 0.56679091182535E-01
 0.58706108173192E-01
 0.60754622908690E-01
 0.62819275868884E-01
 0.64902525488862E-01
 0.67002861471750E-01
 0.69118093214988E-01
 0.71238727711023E-01
 0.73362327846924E-01
 0.75491992584271E-01
 0.77622179900489E-01
 0.79743629971822E-01
 0.81864401062133E-01
 0.83973126994457E-01
 0.86069858517283E-01
 0.88150846965381E-01
 0.90212398778070E-01
 0.92253853052791E-01
 0.94269727158001E-01
 0.96257957546749E-01
 0.98216867795056E-01
 0.10014259062028E+00
 0.10203297835745E+00
 0.10388558517902E+00
 0.10569697959608E+00
 0.10746636795178E+00
 0.10919072574776E+00
 0.11086935146928E+00
 0.11250014143593E+00
 0.11408132685545E+00
 0.11561192850802E+00
 0.11709118831912E+00
 0.11851896590687E+00
 0.11989615268260E+00
 0.12122306563770E+00
 0.12249819205562E+00
 0.12372274054256E+00
 0.12489818614103E+00
 0.12602713527633E+00
 0.12711073552328E+00
 0.12814936643186E+00
 0.12914495575260E+00
 0.13009999887434E+00
 0.13101570799357E+00
 0.13189408650402E+00
 0.13273869739789E+00
 0.13354973773550E+00
 0.13432922195609E+00
 0.13507835514730E+00
 0.13579970273072E+00
 0.13649543134531E+00
 0.13716692249773E+00
 0.13781482328848E+00
 0.13843995254645E+00
 0.13904337511256E+00
 0.13962652357422E+00
 0.14019163446618E+00
 0.14074034210437E+00
 0.14127316850202E+00
 0.14178925269486E+00
 0.14229044533928E+00
 0.14277658615985E+00
 0.14324872193233E+00
 0.14370881612559E+00
 0.14415700376830E+00
 0.14459393562055E+00
 0.14501892640604E+00
 0.14543325216207E+00
 0.14583781887693E+00
 0.14623329080810E+00
 0.14661977185745E+00
 0.14699698422682E+00
 0.14736593329250E+00
 0.14772739058699E+00
 0.14808157894764E+00
 0.14842863161238E+00
 0.14876854534134E+00
 0.14910170843795E+00
 0.14942925794009E+00
 0.14975100863502E+00
 0.15006691256036E+00
 0.15037687448705E+00
 0.15068159592552E+00
 0.15098189495292E+00
 0.15127900248207E+00
 0.15156991236930E+00
 0.15185570768377E+00
 0.15213803191150E+00
 0.15241788157827E+00
 0.15269455611915E+00
 0.15296467355414E+00
 0.15323025431427E+00
 0.15349507931089E+00
 0.15375856299775E+00
 0.15401803156681E+00
 0.15427345039166E+00
 0.15452409084514E+00
 0.15477278859323E+00
 0.15502173833458E+00
 0.15526734946412E+00
 0.15551067464035E+00
 0.15575059713718E+00
 0.15598741271673E+00
 0.15622305093927E+00
 0.15645674950039E+00
 0.15668873797745E+00
 0.15691885192596E+00
 0.15714593266002E+00
 0.15737140343210E+00
 0.15759545343333E+00
 0.15781787816542E+00
 0.15803932583761E+00
 0.15825900582694E+00
 0.15847668367614E+00
 0.15869218136551E+00
 0.15890600843494E+00
 0.15911876939800E+00
 0.15933074956626E+00
 0.15954108097910E+00
 0.15975028286600E+00
 0.15995831663158E+00
 0.16016467597640E+00
 0.16036963468400E+00
 0.16057334300603E+00
 0.16077597941988E+00
 0.16097756577674E+00
 0.16117765766697E+00
 0.16137655393600E+00
 0.16157446946420E+00
 0.16177141992766E+00
 0.16196718655548E+00
 0.16216182795322E+00
 0.16235535825277E+00
 0.16254760091692E+00
 0.16273850980510E+00
 0.16292849076123E+00
 0.16311776396645E+00
 0.16330599118036E+00
 0.16349340172441E+00
 0.16367989917437E+00
 0.16386511838723E+00
 0.16404914278525E+00
 0.16423200818837E+00
 0.16441421850971E+00
 0.16459592518739E+00
 0.16477609373938E+00
 0.16495520314297E+00
 0.16513376377790E+00
 0.16531177183959E+00
 0.16548815219846E+00
 0.16566369435669E+00
 0.16583813115487E+00
