 0.00000000000000E+00
-0.99138512373286E-25
 0.28232189073992E-22
 0.21897161281779E-21
 0.73470583190186E-21
 0.25182719174015E-22
 0.58280007231290E-20
 0.78947824610534E-20
 0.22362254626525E-19
 0.44845386305084E-19
 0.53625455812010E-19
 0.36666039117365E-19
 0.10004900614611E-18
-0.21202880105958E-11
 0.59064858665323E-11
-0.72152089819748E-11
 0.80541753747842E-11
 0.12311566804309E-11
-0.30573802782285E-13
 0.66886107779792E-11
 0.10548367080102E-10
-0.12671406854632E-10
 0.79765014390873E-10
 0.11581157016974E-10
 0.18027638361548E-08
-0.44992603480846E-08
 0.28539784961052E-07
-0.98742847032816E-07
 0.14521726000754E-06
-0.13493384925267E-06
 0.15950855609493E-06
-0.90233888844791E-07
-0.74137778857288E-06
 0.84246730880642E-06
-0.84759702165384E-06
 0.57384379997800E-08
 0.98377293160729E-08
 0.18857984000382E-07
 0.31335185178798E-07
 0.50214973845718E-07
 0.79421564665269E-07
 0.12289563932929E-06
 0.18514772825979E-06
 0.27408062750195E-06
 0.39921659106169E-06
 0.57120165934865E-06
 0.80294378622603E-06
 0.11150364467862E-05
 0.15273449736156E-05
 0.20642921358471E-05
 0.27533306285126E-05
 0.36334139122690E-05
 0.47424966999080E-05
 0.61282068475840E-05
 0.78406690418843E-05
 0.99414150762325E-05
 0.12497935066812E-04
 0.15584158378524E-04
 0.19282213059584E-04
 0.23686862624530E-04
 0.28895330887871E-04
 0.35016981029386E-04
 0.42169889719500E-04
 0.50484319155096E-04
 0.60094360822376E-04
 0.71148874471827E-04
 0.83801567863927E-04
 0.98220347300197E-04
 0.11458245744849E-03
 0.13306763596585E-03
 0.15387534299480E-03
 0.17720666723846E-03
 0.20327379638363E-03
 0.23229868366376E-03
 0.26450807260303E-03
 0.30014564237591E-03
 0.33945286899977E-03
 0.38268724952253E-03
 0.43010896232075E-03
 0.48536255976662E-03
 0.53075271014699E-03
 0.62542933951336E-03
 0.63918198705020E-03
 0.74153288231602E-03
 0.83748092254377E-03
 0.90300585995335E-03
 0.99421502530192E-03
 0.10922729181471E-02
 0.11975080910345E-02
 0.13102503319433E-02
 0.14308349178978E-02
 0.15596154746446E-02
 0.16969161876694E-02
 0.18431133165316E-02
 0.19985587821553E-02
 0.21635906527374E-02
 0.23386192303555E-02
 0.25239139628335E-02
 0.27194837691583E-02
 0.29274926113514E-02
 0.31461877443148E-02
 0.33764874880224E-02
 0.36199792970720E-02
 0.38754884164306E-02
 0.41442208058645E-02
 0.44266110597403E-02
 0.47229215807538E-02
 0.50339009910610E-02
 0.53593407642767E-02
 0.57000760602039E-02
 0.60566426610224E-02
 0.64288841101280E-02
 0.68178867002162E-02
 0.72240073245662E-02
 0.76610071949135E-02
 0.80662933254622E-02
 0.85482874516064E-02
 0.90662174612299E-02
 0.95271508307342E-02
 0.99819542112717E-02
 0.10594454150270E-01
 0.11127900591759E-01
 0.11696773228167E-01
 0.12291639762545E-01
 0.12902353440253E-01
 0.13535706002091E-01
 0.14187984734148E-01
 0.14857686690031E-01
 0.15547772269104E-01
 0.16256327832556E-01
 0.16982930521914E-01
 0.17726137377460E-01
 0.18485251812826E-01
 0.19260376158055E-01
 0.20050649523414E-01
 0.20851144093050E-01
 0.21664537051488E-01
 0.22490023192590E-01
 0.23322079070434E-01
 0.24156386603896E-01
 0.25005755356879E-01
 0.25842103376966E-01
 0.26694277462974E-01
 0.27557334914189E-01
 0.28361643364528E-01
 0.29191259199792E-01
 0.30041910001810E-01
 0.30878772333384E-01
 0.31683945600665E-01
 0.32460712878560E-01
 0.33192787624220E-01
 0.33913669099693E-01
 0.34663364750755E-01
 0.35404749066259E-01
 0.36050136721704E-01
 0.36708652506547E-01
 0.37298729275164E-01
 0.37909865559124E-01
 0.38449539852295E-01
 0.38953268085587E-01
 0.39411788710736E-01
 0.39864824946751E-01
 0.40230782424435E-01
 0.40575924261450E-01
 0.40871626351484E-01
 0.41098497250333E-01
 0.41288422385314E-01
 0.41424073236477E-01
 0.41510286955132E-01
 0.41542992663883E-01
 0.41517379715934E-01
 0.41427329576344E-01
 0.41281552898751E-01
 0.41079944573534E-01
 0.40825358054719E-01
 0.40518310013596E-01
 0.40151503230402E-01
 0.39724762703048E-01
 0.39255827394829E-01
 0.38731043843328E-01
 0.38169023200284E-01
 0.37588859765368E-01
 0.36968723114584E-01
 0.36296848792192E-01
 0.35605435091764E-01
 0.34915303992375E-01
 0.34214335136061E-01
 0.33497527690479E-01
 0.32773545685649E-01
 0.32047628106695E-01
 0.31346235091918E-01
 0.30631874039437E-01
 0.29950454824007E-01
 0.29279145283082E-01
 0.28615049756839E-01
 0.27977873583668E-01
 0.27348598927159E-01
 0.26742444420595E-01
 0.26176049320080E-01
 0.25628657865261E-01
 0.25088153912715E-01
 0.24554626631128E-01
 0.24040339055438E-01
 0.23558421961523E-01
 0.23112790877000E-01
 0.22683373694556E-01
 0.22254492059526E-01
 0.21848475085199E-01
 0.21448889920610E-01
 0.21056445556180E-01
 0.20692976140484E-01
 0.20348467310589E-01
 0.20015126813440E-01
 0.19685841862028E-01
 0.19360679128956E-01
 0.19059830000694E-01
 0.18769375194983E-01
 0.18489659105335E-01
 0.18212895237640E-01
 0.17944405859456E-01
 0.17689284412867E-01
 0.17448159672713E-01
 0.17205985682261E-01
 0.16977110257178E-01
 0.16752637792903E-01
 0.16531032150943E-01
 0.16329025401078E-01
 0.16123591449539E-01
 0.15930172859578E-01
 0.15729793845284E-01
 0.15540006148907E-01
 0.15374173678138E-01
 0.15211127761007E-01
 0.15022941964650E-01
 0.14847312629479E-01
 0.14696463250492E-01
 0.14568157535194E-01
 0.14408015040262E-01
 0.14227587712667E-01
 0.14087885377132E-01
 0.13963572501490E-01
 0.13872954028396E-01
 0.13727633588593E-01
 0.13561924609959E-01
 0.13441411369260E-01
 0.13322509339078E-01
 0.13223556800251E-01
 0.13106499876384E-01
 0.13002192254889E-01
 0.12880341935260E-01
 0.12777337875788E-01
 0.12682989179939E-01
 0.12578964189009E-01
 0.12479219444037E-01
 0.12370493470058E-01
 0.12267334335685E-01
 0.12195005012968E-01
 0.12111580118746E-01
 0.12038397138873E-01
 0.11957831018886E-01
 0.11867483010702E-01
 0.11777658762743E-01
 0.11683898213480E-01
 0.11602845423702E-01
 0.11537847210409E-01
 0.11470789078884E-01
 0.11400180699085E-01
 0.11337499641122E-01
 0.11264563188647E-01
 0.11192954875027E-01
 0.11125552147151E-01
 0.11061383827182E-01
 0.10997493553989E-01
 0.10934962134196E-01
 0.10874139449147E-01
 0.10823684409598E-01
 0.10769083248260E-01
 0.10716680975663E-01
 0.10662784748709E-01
 0.10607949159179E-01
 0.10553127516089E-01
 0.10496072933016E-01
 0.10439280279868E-01
 0.10388796440939E-01
 0.10340185006598E-01
 0.10294083928615E-01
 0.10250725079609E-01
 0.10204879874700E-01
 0.10156190089066E-01
 0.10111459429522E-01
 0.10065299022243E-01
 0.10024767519104E-01
 0.99779203609141E-02
 0.99282441537034E-02
 0.98909377673056E-02
 0.98542620766076E-02
 0.98211093766368E-02
 0.97818992889010E-02
 0.97350873954052E-02
 0.96937561797411E-02
