 0.00000000000000E+00
 0.27415718100772E-24
 0.11502206982731E-22
 0.14852767768834E-21
 0.94888485847685E-21
 0.37012553333199E-20
 0.12145726188504E-19
 0.28585005265300E-19
 0.62082453925314E-19
 0.11317960136166E-18
 0.21166055319584E-18
 0.36328872726888E-18
 0.47716458045026E-18
 0.15277467746254E-11
-0.20940660670092E-11
-0.22574259994566E-11
-0.38860869499518E-11
-0.12172908574364E-11
 0.11345979945865E-10
-0.86113822765678E-12
 0.16538065567447E-10
 0.60604032142912E-11
-0.12542919831050E-09
 0.64249077989956E-11
-0.16209612529544E-08
 0.10875748991130E-07
-0.26429223874056E-07
 0.11994876059652E-07
 0.10338084773130E-06
-0.26756772629108E-06
 0.19023024231588E-06
-0.48612892221480E-06
 0.22808569469407E-06
 0.48660600581419E-07
-0.99616482297431E-06
 0.34376979719584E-08
 0.86506114213557E-08
 0.19486005714725E-07
 0.32701596909586E-07
 0.52995279117534E-07
 0.81791816999777E-07
 0.12437212190499E-06
 0.19057201696611E-06
 0.28191689610567E-06
 0.41175751092224E-06
 0.58697631545529E-06
 0.82803022363783E-06
 0.11535341570497E-05
 0.15841702944990E-05
 0.21451043096888E-05
 0.28676598519882E-05
 0.37959617772349E-05
 0.49697986167203E-05
 0.64414667625062E-05
 0.82716897955288E-05
 0.10524193968392E-04
 0.13278633198270E-04
 0.16615214884019E-04
 0.20641937966236E-04
 0.25452831406593E-04
 0.31170884167857E-04
 0.37928817994176E-04
 0.45866806070195E-04
 0.55143377355740E-04
 0.65923311445250E-04
 0.78396791048275E-04
 0.92750336882095E-04
 0.10920156797841E-03
 0.12797915637440E-03
 0.14932424988595E-03
 0.17349649256667E-03
 0.20076056699533E-03
 0.23140991817158E-03
 0.26575153260216E-03
 0.30410209585331E-03
 0.34681148881528E-03
 0.39420999268510E-03
 0.44669273955503E-03
 0.50463351577368E-03
 0.52673399886179E-03
 0.70813598723668E-03
 0.65956692018219E-03
 0.72690893517041E-03
 0.10156134045831E-02
 0.91353760398225E-03
 0.10994451830692E-02
 0.12171036096987E-02
 0.13444505421180E-02
 0.14820751458561E-02
 0.16305515752334E-02
 0.17904782426524E-02
 0.19624468072781E-02
 0.21471559324507E-02
 0.23452126286727E-02
 0.25573484614688E-02
 0.27840821427107E-02
 0.30260855059143E-02
 0.32855606742237E-02
 0.35655138283287E-02
 0.38528476968973E-02
 0.41636583495852E-02
 0.44960293361747E-02
 0.48485809974654E-02
 0.52179113447717E-02
 0.56118791265408E-02
 0.60276028611046E-02
 0.64696588991938E-02
 0.69351653805479E-02
 0.74241505220091E-02
 0.79422552027061E-02
 0.84870724828948E-02
 0.90609715068871E-02
 0.96631141934634E-02
 0.10296812162365E-01
 0.10852845713467E-01
 0.11720730931587E-01
 0.12547460549420E-01
 0.13120138260766E-01
 0.13727609103644E-01
 0.14821251702442E-01
 0.15873741218709E-01
 0.16505278231651E-01
 0.17513404527153E-01
 0.18511036492788E-01
 0.19532646431853E-01
 0.20599570845370E-01
 0.21699979606996E-01
 0.22841506471005E-01
 0.24022680853142E-01
 0.25245062932533E-01
 0.26497644446872E-01
 0.27792193317092E-01
 0.29117255793156E-01
 0.30477662944016E-01
 0.31866707813251E-01
 0.33299006699955E-01
 0.34733786696310E-01
 0.36219922893414E-01
 0.37698674539297E-01
 0.39233951825563E-01
 0.40763048478951E-01
 0.42278394092596E-01
 0.43862213140291E-01
 0.45267575704775E-01
 0.46943911858590E-01
 0.48679900243303E-01
 0.50241003273095E-01
 0.51650279836287E-01
 0.52995085352195E-01
 0.54423223696681E-01
 0.55880835292504E-01
 0.57571857439382E-01
 0.59147359343826E-01
 0.60476546212472E-01
 0.61547187191512E-01
 0.62891352125994E-01
 0.64288243112128E-01
 0.65373520248683E-01
 0.66322924353320E-01
 0.67630177684543E-01
 0.68468925575194E-01
 0.69325660296829E-01
 0.70149045138080E-01
 0.70852177524098E-01
 0.71519169229731E-01
 0.71939701906509E-01
 0.72337886507489E-01
 0.72688019397835E-01
 0.72828488300167E-01
 0.72905030933522E-01
 0.72818886342839E-01
 0.72586443242707E-01
 0.72316971525606E-01
 0.71879251088707E-01
 0.71350440872040E-01
 0.70634281259219E-01
 0.69783654783887E-01
 0.68874889270190E-01
 0.67885306548348E-01
 0.66873839560467E-01
 0.65842436978400E-01
 0.64661095677406E-01
 0.63304172949560E-01
 0.62042199443901E-01
 0.60832946821822E-01
 0.59662592927349E-01
 0.58423206786547E-01
 0.57160843205411E-01
 0.55965913875369E-01
 0.54814399573961E-01
 0.53635586060591E-01
 0.52613334833033E-01
 0.51666299764438E-01
 0.50594604370142E-01
 0.49650491331009E-01
 0.48742882242863E-01
 0.48010068988100E-01
 0.47336472736120E-01
 0.46591761509056E-01
 0.45772767465433E-01
 0.44986153491920E-01
 0.44307267055684E-01
 0.43763339302780E-01
 0.43336772477343E-01
 0.42880502451626E-01
 0.42326588683135E-01
 0.41717775504726E-01
 0.41221654609680E-01
 0.40683408848133E-01
 0.40271586861549E-01
 0.39937225282101E-01
 0.39520882016001E-01
 0.39103889035046E-01
 0.38631770154502E-01
 0.38296268556331E-01
 0.37974816239513E-01
 0.37658202744866E-01
 0.37291035338289E-01
 0.36917822390813E-01
 0.36633765491846E-01
 0.36380380731441E-01
 0.36098024686108E-01
 0.35805668102746E-01
 0.35478420280986E-01
 0.35190269706081E-01
 0.35022260594587E-01
 0.34760372576490E-01
 0.34496996561105E-01
 0.34181911294287E-01
 0.33997223943593E-01
 0.33925262403351E-01
 0.33784038436297E-01
 0.33288387502756E-01
 0.33088552857783E-01
 0.33068974805196E-01
 0.33039587323543E-01
 0.32706679401949E-01
 0.32169745300379E-01
 0.32168583859787E-01
 0.32487239361778E-01
 0.32386927639613E-01
 0.31823900303461E-01
 0.31463284128799E-01
 0.31330109026789E-01
 0.31487139189369E-01
 0.31614235046451E-01
 0.31231966564880E-01
 0.31011093733448E-01
 0.30717391151227E-01
 0.30666906361103E-01
 0.30780790456654E-01
 0.30735024186063E-01
 0.30635230185396E-01
 0.30460996239558E-01
 0.30267219672719E-01
 0.30293172762804E-01
 0.30222712264464E-01
 0.30176349104172E-01
 0.30144090929107E-01
 0.29938756424538E-01
 0.29735818976213E-01
 0.29607965044608E-01
 0.29634784210193E-01
 0.29736360844522E-01
 0.29763738119786E-01
 0.29665921762734E-01
 0.29636981130477E-01
 0.29513537796316E-01
 0.29348942546940E-01
 0.29274095898540E-01
 0.29228880297316E-01
 0.29198981825050E-01
 0.29149730646546E-01
 0.29076434006752E-01
 0.29086137514275E-01
 0.29074243277965E-01
 0.29036711336977E-01
 0.28952533329997E-01
 0.28884037510442E-01
 0.28830484079198E-01
 0.28790170207590E-01
 0.28799677191199E-01
 0.28893042266246E-01
 0.28920515930930E-01
 0.28895962557290E-01
 0.28900431649327E-01
 0.28834618596192E-01
 0.28717932755812E-01
 0.28672996693162E-01
 0.28689410914600E-01
 0.28771606777570E-01
 0.28731683185946E-01
 0.28599780186051E-01
 0.28637802542848E-01
 0.28683935921270E-01
 0.28656522691062E-01
 0.28476784856735E-01
 0.28480278963094E-01
 0.28388590070620E-01
 0.28418248146293E-01
