-0.49104138625769E+01
-0.49104136961578E+01
-0.49104121104128E+01
-0.49104061372920E+01
-0.49103913730731E+01
-0.49103623077625E+01
-0.49103126848766E+01
-0.49102370080243E+01
-0.49101349896371E+01
-0.49100196059644E+01
-0.49099268756190E+01
-0.49099239398299E+01
-0.49101126332851E+01
-0.49106275754234E+01
-0.49116295397890E+01
-0.49132958277427E+01
-0.49158093954127E+01
-0.49193484676599E+01
-0.49240773394764E+01
-0.49301399105015E+01
-0.49376540480008E+01
-0.49467094465440E+01
-0.49573655060513E+01
-0.49696521017164E+01
-0.49835710510575E+01
-0.49990979849930E+01
-0.50161850916203E+01
-0.50347641107767E+01
-0.50547492147557E+01
-0.50760401661841E+01
-0.50985254182137E+01
-0.51220846598217E+01
-0.51465916035064E+01
-0.51719159913863E+01
-0.51979260081463E+01
-0.52244899082187E+01
-0.52514774439839E+01
-0.52787613320774E+01
-0.53062182324261E+01
-0.53337294270422E+01
-0.53611823162047E+01
-0.53884698881660E+01
-0.54154916283108E+01
-0.54421535514542E+01
-0.54683683873699E+01
-0.54940556000911E+01
-0.55191413268151E+01
-0.55435582503627E+01
-0.55672454339023E+01
-0.55901481322716E+01
-0.56122174740651E+01
-0.56334102241630E+01
-0.56536885472883E+01
-0.56730196859029E+01
-0.56913756769092E+01
-0.57087330619646E+01
-0.57250726032143E+01
-0.57403790064423E+01
-0.57546406441495E+01
-0.57678493282816E+01
-0.57800000353374E+01
-0.57910906838692E+01
-0.58011219172562E+01
-0.58100968934556E+01
-0.58180210918012E+01
-0.58249021307429E+01
-0.58307496010229E+01
-0.58355749010302E+01
-0.58393910876176E+01
-0.58422127397024E+01
-0.58440558346083E+01
-0.58449376382082E+01
-0.58448765625048E+01
-0.58438920704906E+01
-0.58420046004970E+01
-0.58392351060609E+01
-0.58356060983237E+01
-0.58311403473379E+01
-0.58258612720777E+01
-0.58197928611287E+01
-0.58129596298352E+01
-0.58053864899969E+01
-0.57970987569771E+01
-0.57881242488690E+01
-0.57784849509530E+01
-0.57682088832421E+01
-0.57573224211445E+01
-0.57458522430146E+01
-0.57338246402494E+01
-0.57212664949373E+01
-0.57082045399710E+01
-0.56946655533830E+01
-0.56806762008109E+01
-0.56662626930526E+01
-0.56514526007479E+01
-0.56362720276875E+01
-0.56207473164247E+01
-0.56049048078264E+01
-0.55887701219933E+01
-0.55723694183771E+01
-0.55557285606858E+01
-0.55388730206365E+01
-0.55218278942249E+01
-0.55046176443741E+01
-0.54872672941520E+01
-0.54698011689050E+01
-0.54522432029400E+01
-0.54346171660322E+01
-0.54169462918731E+01
-0.53992534898567E+01
-0.53815613106710E+01
-0.53638917864566E+01
-0.53462662455005E+01
-0.53287061011469E+01
-0.53112317056769E+01
-0.52938631386000E+01
-0.52766193473643E+01
-0.52595190854535E+01
-0.52425800680686E+01
-0.52258221021221E+01
-0.52092560585539E+01
-0.51929003240982E+01
-0.51767676250857E+01
-0.51608718397570E+01
-0.51452246652817E+01
-0.51298355647047E+01
-0.51147136532251E+01
-0.50998659066955E+01
-0.50852976262387E+01
-0.50710120174181E+01
-0.50570102549538E+01
-0.50432910953178E+01
-0.50298508241198E+01
-0.50166830243654E+01
-0.50037784123029E+01
-0.49911246111156E+01
-0.49787059774680E+01
-0.49665033088105E+01
-0.49544934805531E+01
-0.49426506884131E+01
-0.49309440488839E+01
-0.49193389087991E+01
-0.49077954552768E+01
-0.48962714693608E+01
-0.48847179907161E+01
-0.48730829413063E+01
-0.48613093897476E+01
-0.48493355414007E+01
-0.48370953093450E+01
-0.48245181328677E+01
-0.48115290461533E+01
-0.47980503731431E+01
-0.47839959145608E+01
-0.47692804242683E+01
-0.47538135678301E+01
-0.47375023658999E+01
-0.47202506575192E+01
-0.47019619475283E+01
-0.46825369593191E+01
-0.46618763132087E+01
-0.46398818581940E+01
-0.46164570681791E+01
-0.45915073187886E+01
-0.45649435182115E+01
-0.45366817433539E+01
-0.45066463937373E+01
-0.44747712639566E+01
-0.44410003073673E+01
-0.44052945668393E+01
-0.43676287053687E+01
-0.43279966602285E+01
-0.42864140484849E+01
-0.42429174494458E+01
-0.41975674021848E+01
-0.41504518426733E+01
-0.41016837341947E+01
-0.40514032787112E+01
-0.39997755064707E+01
-0.39469893678374E+01
-0.38932539944838E+01
-0.38387968622387E+01
-0.37838576080962E+01
-0.37286822941493E+01
-0.36735196327962E+01
-0.36186130728695E+01
-0.35641949859205E+01
-0.35104827870939E+01
-0.34576718575487E+01
-0.34059342472650E+01
-0.33554143428427E+01
-0.33062296241329E+01
-0.32584697115061E+01
-0.32121973349189E+01
-0.31674498332352E+01
-0.31242438567376E+01
-0.30825762920239E+01
-0.30424284396712E+01
-0.30037692043787E+01
-0.29665576221405E+01
-0.29307458536189E+01
-0.28962814567949E+01
-0.28631091305106E+01
-0.28311724373710E+01
-0.28004142663005E+01
-0.27707786067514E+01
-0.27422111858736E+01
-0.27146581392876E+01
-0.26880677404431E+01
-0.26623910993317E+01
-0.26375796212631E+01
-0.26135881562216E+01
-0.25903727425601E+01
-0.25678912370618E+01
-0.25461030817462E+01
-0.25249698116687E+01
-0.25044540633006E+01
-0.24845203535582E+01
-0.24651343205431E+01
-0.24462633302019E+01
-0.24278762245821E+01
-0.24099429290224E+01
-0.23924349248425E+01
-0.23753249419083E+01
-0.23585874567287E+01
-0.23421977802500E+01
-0.23261327337962E+01
-0.23103696763680E+01
-0.22948885321584E+01
-0.22796689855334E+01
-0.22646929743884E+01
-0.22499430837367E+01
-0.22354029892689E+01
-0.22210574171711E+01
-0.22068922805564E+01
-0.21928942862559E+01
-0.21790504118702E+01
-0.21653499987591E+01
-0.21517821820731E+01
-0.21383374064221E+01
-0.21250064342655E+01
-0.21117809270824E+01
-0.20986531975125E+01
-0.20856162860762E+01
-0.20726643227947E+01
-0.20597911992607E+01
-0.20469915646141E+01
-0.20342606091010E+01
-0.20215947807850E+01
-0.20089890215660E+01
-0.19964410608996E+01
-0.19839475465604E+01
-0.19715059351964E+01
-0.19591138670504E+01
-0.19467695511853E+01
-0.19344702407144E+01
-0.19222157266728E+01
-0.19100043816416E+01
-0.18978351972992E+01
-0.18857073558953E+01
-0.18736204540140E+01
-0.18615739114963E+01
-0.18495675459755E+01
-0.18376012863093E+01
-0.18256745989698E+01
-0.18137883679240E+01
-0.18019419537805E+01
-0.17901367883597E+01
-0.17783719888381E+01
-0.17666489434741E+01
-0.17549677899682E+01
-0.17433292944237E+01
-0.17317339445660E+01
-0.17201824486873E+01
-0.17086751934620E+01
-0.16972132503668E+01
-0.16857972244135E+01
-0.16744278518592E+01
-0.16631059011609E+01
-0.16518321285891E+01
-0.16406073951104E+01
-0.16294324136439E+01
-0.16183077260167E+01
-0.16072343003563E+01
-0.15962129262562E+01
-0.15852438898877E+01
-0.15743285139800E+01
-0.15634672129123E+01
-0.15526606998234E+01
-0.15419096182354E+01
-0.15312146066208E+01
-0.15205763059118E+01
-0.15099952925569E+01
-0.14994721598088E+01
-0.14890074398486E+01
-0.14786017818489E+01
-0.14682555270616E+01
-0.14579691501077E+01
-0.14477429726439E+01
-0.14375777314160E+01
-0.14274736716894E+01
