 0.12161460193875E+03
 0.12161458595830E+03
 0.12161444572697E+03
 0.12161395325833E+03
 0.12161280024275E+03
 0.12161062771334E+03
 0.12160711610128E+03
 0.12160238815792E+03
 0.12159796163200E+03
 0.12159805279626E+03
 0.12161061270168E+03
 0.12164755500575E+03
 0.12172405895617E+03
 0.12185720943552E+03
 0.12206438137308E+03
 0.12236172625497E+03
 0.12276298210040E+03
 0.12327869456316E+03
 0.12391582329959E+03
 0.12467773732877E+03
 0.12556436647060E+03
 0.12657261495412E+03
 0.12769674818409E+03
 0.12892892671520E+03
 0.13025967810690E+03
 0.13167833712966E+03
 0.13317346181496E+03
 0.13473318670979E+03
 0.13634548976390E+03
 0.13799846067995E+03
 0.13968049848611E+03
 0.14138045267516E+03
 0.14308773776434E+03
 0.14479241540021E+03
 0.14648525329711E+03
 0.14815775636873E+03
 0.14980217204095E+03
 0.15141149402235E+03
 0.15297944534870E+03
 0.15450044152803E+03
 0.15596962615440E+03
 0.15738275442914E+03
 0.15873620002394E+03
 0.16002689966423E+03
 0.16125231860526E+03
 0.16241040986557E+03
 0.16349957387347E+03
 0.16451861897708E+03
 0.16546672467189E+03
 0.16634340948668E+03
 0.16714848500672E+03
 0.16788203461857E+03
 0.16854438209192E+03
 0.16913606391762E+03
 0.16965780391763E+03
 0.17011049010380E+03
 0.17049515369515E+03
 0.17081294981534E+03
 0.17106513968704E+03
 0.17125307845980E+03
 0.17137819747168E+03
 0.17144199316329E+03
 0.17144601609050E+03
 0.17139186090719E+03
 0.17128115765610E+03
 0.17111556400540E+03
 0.17089675741615E+03
 0.17062643064538E+03
 0.17030628760458E+03
 0.16993803495563E+03
 0.16952338018844E+03
 0.16906403038653E+03
 0.16856168115422E+03
 0.16801802052412E+03
 0.16743472480084E+03
 0.16681342953555E+03
 0.16615581194731E+03
 0.16546349629326E+03
 0.16473808825492E+03
 0.16398117736423E+03
 0.16319432130437E+03
 0.16237905507677E+03
 0.16153689146572E+03
 0.16066938416056E+03
 0.15977787136341E+03
 0.15886384058035E+03
 0.15792869556028E+03
 0.15697381469297E+03
 0.15600051665904E+03
 0.15501012567219E+03
 0.15400391383642E+03
 0.15298313824966E+03
 0.15194900853531E+03
 0.15090266954140E+03
 0.14984534296873E+03
 0.14877809774012E+03
 0.14770201539793E+03
 0.14661814053749E+03
 0.14552741208947E+03
 0.14443090253606E+03
 0.14332948445512E+03
 0.14222407973632E+03
 0.14111556266441E+03
 0.14000470253391E+03
 0.13889230166182E+03
 0.13777910876302E+03
 0.13666582519429E+03
 0.13555312069916E+03
 0.13444161671351E+03
 0.13333189561826E+03
 0.13222450050319E+03
 0.13111992560745E+03
 0.13001860728492E+03
 0.12892098088127E+03
 0.12782739111093E+03
 0.12673814730789E+03
 0.12565350275053E+03
 0.12457366932424E+03
 0.12349879828942E+03
 0.12242904091965E+03
 0.12136429942297E+03
 0.12030467106392E+03
 0.11924995624945E+03
 0.11820005377744E+03
 0.11715473946218E+03
 0.11611364258295E+03
 0.11507638102233E+03
 0.11404246193487E+03
 0.11301131055588E+03
 0.11198224548115E+03
 0.11095448729714E+03
 0.10992714229601E+03
 0.10889920340672E+03
 0.10786954005572E+03
 0.10683689941025E+03
 0.10579988835063E+03
 0.10475697785129E+03
 0.10370648824460E+03
 0.10264660445679E+03
 0.10157537047281E+03
 0.10049063242351E+03
 0.99390092310015E+02
 0.98271250582488E+02
 0.97131524330092E+02
 0.95968073867785E+02
 0.94777920231564E+02
 0.93557957058909E+02
 0.92304854282314E+02
 0.91015151447952E+02
 0.89685240708300E+02
 0.88311375866344E+02
 0.86889680526021E+02
 0.85416174018718E+02
 0.83886805761991E+02
 0.82297455773257E+02
 0.80643996209417E+02
 0.78922303333357E+02
 0.77128374960306E+02
 0.75258311433755E+02
 0.73308353421785E+02
 0.71275146757571E+02
 0.69155571650490E+02
 0.66947055076729E+02
 0.64647602000660E+02
 0.62255850322556E+02
 0.59771306712042E+02
 0.57194391791782E+02
 0.54526551981078E+02
 0.51770499959508E+02
 0.48930132365902E+02
 0.46010733124951E+02
 0.43019046620311E+02
 0.39963191706906E+02
 0.36852723240174E+02
 0.33698582721572E+02
 0.30512993965190E+02
 0.27309345108918E+02
 0.24101979555968E+02
 0.20906040035080E+02
 0.17737235532038E+02
 0.14611674526882E+02
 0.11545581138876E+02
 0.85550814167976E+01
 0.56560351172760E+01
 0.28638104226297E+01
 0.19310745477762E+00
-0.23421890052500E+01
-0.47291756196772E+01
-0.69560318350982E+01
-0.90122555700269E+01
-0.10888569470156E+02
-0.12577160910261E+02
-0.14071696743086E+02
-0.15367413650346E+02
-0.16461076286960E+02
-0.17351019663761E+02
-0.18037099814181E+02
-0.18520627610454E+02
-0.18804298296733E+02
-0.18892067407741E+02
-0.18789028106758E+02
-0.18501275997101E+02
-0.18035764518707E+02
-0.17400148184200E+02
-0.16602631189207E+02
-0.15651894008936E+02
-0.14556834314297E+02
-0.13326598211728E+02
-0.11970327287752E+02
-0.10497260511008E+02
-0.89164090975851E+01
-0.72366866739169E+01
-0.54667712658242E+01
-0.36150842679932E+01
-0.16897297393950E+01
 0.30147065502266E+00
 0.23510521500974E+01
 0.44518703420309E+01
 0.65971761963655E+01
 0.87805183626246E+01
 0.10995871387021E+02
 0.13237467476928E+02
 0.15499893269125E+02
 0.17778092391543E+02
 0.20067301270542E+02
 0.22363076771011E+02
 0.24661182621466E+02
 0.26957808432819E+02
 0.29249159338235E+02
 0.31531960379635E+02
 0.33803054948042E+02
 0.36059516709739E+02
 0.38298641692590E+02
 0.40517919319459E+02
 0.42715064669756E+02
 0.44887721142056E+02
 0.47034190089695E+02
 0.49152590802727E+02
 0.51241289194253E+02
 0.53298779218898E+02
 0.55323676755064E+02
 0.57314788505891E+02
 0.59270953492784E+02
 0.61191245912418E+02
 0.63074720837857E+02
 0.64920604297675E+02
 0.66728238782284E+02
 0.68497143629788E+02
 0.70226359206827E+02
 0.71915980388146E+02
 0.73565441891226E+02
 0.75174468131718E+02
 0.76742922187369E+02
 0.78270777402651E+02
 0.79757356515761E+02
 0.81203296775654E+02
 0.82608382868900E+02
 0.83972690269125E+02
 0.85296345688627E+02
 0.86579502388145E+02
 0.87822420706468E+02
 0.89025351153069E+02
 0.90188612488597E+02
 0.91312211348349E+02
 0.92396937295297E+02
 0.93442604359457E+02
 0.94450388508639E+02
 0.95419835974206E+02
 0.96352058127463E+02
 0.97247273385536E+02
 0.98105980113615E+02
 0.98928715181181E+02
 0.99716051192607E+02
 0.10046824523315E+03
 0.10118610965442E+03
 0.10187011376684E+03
 0.10252081264215E+03
 0.10313878287350E+03
 0.10372460321019E+03
 0.10427885227531E+03
 0.10480222166638E+03
 0.10529509537112E+03
 0.10575819489500E+03
 0.10619218684570E+03
 0.10659723744177E+03
 0.10697455007953E+03
 0.10732443270013E+03
 0.10764752709433E+03
 0.10794440557895E+03
 0.10821569745146E+03
 0.10846194664846E+03
 0.10868376027880E+03
 0.10888171822663E+03
 0.10905641505845E+03
 0.10920838876322E+03
 0.10933829725452E+03
 0.10944663128910E+03
 0.10953372338782E+03
 0.10960055393045E+03
 0.10964746417796E+03
