 0.10782480364319E+03
 0.10782480364315E+03
 0.10782480364289E+03
 0.10782480364512E+03
 0.10782480366679E+03
 0.10782480375331E+03
 0.10782480398373E+03
 0.10782480443864E+03
 0.10782480506234E+03
 0.10782480533054E+03
 0.10782480368292E+03
 0.10782479677399E+03
 0.10782477866466E+03
 0.10782474009214E+03
 0.10782466792372E+03
 0.10782454476886E+03
 0.10782434913636E+03
 0.10782405545929E+03
 0.10782363460569E+03
 0.10782305390565E+03
 0.10782227809578E+03
 0.10782127019729E+03
 0.10781999175778E+03
 0.10781840333769E+03
 0.10781646559877E+03
 0.10781413931890E+03
 0.10781138601911E+03
 0.10780816815924E+03
 0.10780444934241E+03
 0.10780019480178E+03
 0.10779537069368E+03
 0.10778994521865E+03
 0.10778388694488E+03
 0.10777716693577E+03
 0.10776975658028E+03
 0.10776162850439E+03
 0.10775275658814E+03
 0.10774311540366E+03
 0.10773268034137E+03
 0.10772142765822E+03
 0.10770933385503E+03
 0.10769637631476E+03
 0.10768253298633E+03
 0.10766778238810E+03
 0.10765210357410E+03
 0.10763547612145E+03
 0.10761788011519E+03
 0.10759929613244E+03
 0.10757970520538E+03
 0.10755908876851E+03
 0.10753742863658E+03
 0.10751470699895E+03
 0.10749090624780E+03
 0.10746600893892E+03
 0.10743999768398E+03
 0.10741285503761E+03
 0.10738456337175E+03
 0.10735510473155E+03
 0.10732446069492E+03
 0.10729261221861E+03
 0.10725953945857E+03
 0.10722522160310E+03
 0.10718963667533E+03
 0.10715276136924E+03
 0.10711457085269E+03
 0.10707503857769E+03
 0.10703413605581E+03
 0.10699183272842E+03
 0.10694809578803E+03
 0.10690288990544E+03
 0.10685617708383E+03
 0.10680791645972E+03
 0.10675806413674E+03
 0.10670657302797E+03
 0.10665339262508E+03
 0.10659846914393E+03
 0.10654174443559E+03
 0.10648315680563E+03
 0.10642264050168E+03
 0.10636012553609E+03
 0.10629553742080E+03
 0.10622879722707E+03
 0.10615982133928E+03
 0.10608850182093E+03
 0.10601478035977E+03
 0.10593854184862E+03
 0.10585968220160E+03
 0.10577809144409E+03
 0.10569365487548E+03
 0.10560625122199E+03
 0.10551575333990E+03
 0.10542202812298E+03
 0.10532493622891E+03
 0.10522433209616E+03
 0.10512006246849E+03
 0.10501196804943E+03
 0.10489988256785E+03
 0.10478363212915E+03
 0.10466303512188E+03
 0.10453790530518E+03
 0.10440804266776E+03
 0.10427324450620E+03
 0.10413329836943E+03
 0.10398798308504E+03
 0.10383706867972E+03
 0.10368031690890E+03
 0.10351748052935E+03
 0.10334830296037E+03
 0.10317251860670E+03
 0.10298985236102E+03
 0.10280001873539E+03
 0.10260272326812E+03
 0.10239766268239E+03
 0.10218452180551E+03
 0.10196297707018E+03
 0.10173269346112E+03
 0.10149332930129E+03
 0.10124453065613E+03
 0.10098593597751E+03
 0.10071713782532E+03
 0.10043782041574E+03
 0.10014756482295E+03
 0.99845978332110E+02
 0.99532656047320E+02
 0.99207188546978E+02
 0.98869162732577E+02
 0.98518160455267E+02
 0.98153761248557E+02
 0.97775542775033E+02
 0.97383082975343E+02
 0.96975961252102E+02
 0.96553761114748E+02
 0.96116071196531E+02
 0.95662486856003E+02
 0.95192614148437E+02
 0.94706069430166E+02
 0.94202483071795E+02
 0.93681501452294E+02
 0.93142792127396E+02
 0.92586035106105E+02
 0.92010937620741E+02
 0.91417229858591E+02
 0.90804665934839E+02
 0.90173027596175E+02
 0.89522123760036E+02
 0.88851789940916E+02
 0.88161893748235E+02
 0.87452329007367E+02
 0.86723020485572E+02
 0.85973921628685E+02
 0.85205014652026E+02
 0.84416271621148E+02
 0.83607808991312E+02
 0.82779657082942E+02
 0.81931910278370E+02
 0.81064689919108E+02
 0.80178145456453E+02
 0.79272454207832E+02
 0.78347825337478E+02
 0.77404486914497E+02
 0.76442714283195E+02
 0.75462801666906E+02
 0.74465090764635E+02
 0.73449960912727E+02
 0.72417836743346E+02
 0.71369192358421E+02
 0.70304557488925E+02
 0.69224530475528E+02
 0.68129769514816E+02
 0.67021013225560E+02
 0.65899081727223E+02
 0.64764882461909E+02
 0.63619421520757E+02
 0.62463811582744E+02
 0.61299261834896E+02
 0.60127097188545E+02
 0.58948750113322E+02
 0.57765761278760E+02
 0.56579775562998E+02
 0.55392536012074E+02
 0.54205871063195E+02
 0.53021679489029E+02
 0.51841915861471E+02
 0.50668565437418E+02
 0.49503626772577E+02
 0.48349085438490E+02
 0.47206888955117E+02
 0.46078919128700E+02
 0.44966986854495E+02
 0.43872734733929E+02
 0.42797737592738E+02
 0.41743399185965E+02
 0.40710967232846E+02
 0.39701521200279E+02
 0.38715968602178E+02
 0.37755046320175E+02
 0.36819322603953E+02
 0.35909203930082E+02
 0.35024943486541E+02
 0.34166651892661E+02
 0.33334309321932E+02
 0.32527778372375E+02
 0.31746817229162E+02
 0.30991093193946E+02
 0.30260195431744E+02
 0.29553645576800E+02
 0.28870912098791E+02
 0.28211419190037E+02
 0.27574555023719E+02
 0.26959684137514E+02
 0.26366151246784E+02
 0.25793289715040E+02
 0.25240427671521E+02
 0.24706892579052E+02
 0.24192014716691E+02
 0.23695132335792E+02
 0.23215593073842E+02
 0.22752757799481E+02
 0.22306001167106E+02
 0.21874716930266E+02
 0.21458306003304E+02
 0.21056197874127E+02
 0.20667836569682E+02
 0.20292684122833E+02
 0.19930222799852E+02
 0.19579953034194E+02
 0.19241394553060E+02
 0.18914084881731E+02
 0.18597579872383E+02
 0.18291453496437E+02
 0.17995296961657E+02
 0.17708718278739E+02
 0.17431341850464E+02
 0.17162807472911E+02
 0.16902770613984E+02
 0.16650901478926E+02
 0.16406883991001E+02
 0.16170415881925E+02
 0.15941207357749E+02
 0.15718981876940E+02
 0.15503474272852E+02
 0.15294431412822E+02
 0.15091610590453E+02
 0.14894778872841E+02
 0.14703714271464E+02
 0.14518204567591E+02
 0.14338046143670E+02
 0.14163043813834E+02
 0.13993010935482E+02
 0.13827768723023E+02
 0.13667145954287E+02
 0.13510978765217E+02
 0.13359109905457E+02
 0.13211388771219E+02
 0.13067671222573E+02
 0.12927818363296E+02
 0.12791697825462E+02
 0.12659182287995E+02
 0.12530149566846E+02
 0.12404482590095E+02
 0.12282068758443E+02
 0.12162800043073E+02
 0.12046572727152E+02
 0.11933287381720E+02
 0.11822848182669E+02
 0.11715163273768E+02
 0.11610144243213E+02
 0.11507706136841E+02
 0.11407767247492E+02
 0.11310248980670E+02
 0.11215075681720E+02
 0.11122174658833E+02
 0.11031475880683E+02
 0.10942911910426E+02
 0.10856417813017E+02
 0.10771931039246E+02
 0.10689391344890E+02
 0.10608740666076E+02
 0.10529923032888E+02
 0.10452884520062E+02
 0.10377573054530E+02
 0.10303938461686E+02
 0.10231932318783E+02
 0.10161507905532E+02
 0.10092620139510E+02
 0.10025225480550E+02
 0.99592818932668E+01
 0.98947487665992E+01
 0.98315868896649E+01
 0.97697583776406E+01
 0.97092265913495E+01
 0.96499561477146E+01
 0.95919128083328E+01
 0.95350634924918E+01
 0.94793761619625E+01
 0.94248198868489E+01
 0.93713646828443E+01
 0.93189815891125E+01
 0.92676425283558E+01
 0.92173203273239E+01
