 0.55746140268236E+01
 0.55746140262960E+01
 0.55746140206153E+01
 0.55746139968119E+01
 0.55746139327455E+01
 0.55746137978354E+01
 0.55746135533206E+01
 0.55746131507425E+01
 0.55746125261702E+01
 0.55746115872131E+01
 0.55746101923038E+01
 0.55746081254169E+01
 0.55746050716095E+01
 0.55746005983223E+01
 0.55745941452514E+01
 0.55745850256162E+01
 0.55745724260407E+01
 0.55745554220612E+01
 0.55745329844288E+01
 0.55745040153790E+01
 0.55744673359183E+01
 0.55744217163111E+01
 0.55743658631714E+01
 0.55742984392087E+01
 0.55742180699428E+01
 0.55741233452408E+01
 0.55740128229873E+01
 0.55738850367477E+01
 0.55737385055601E+01
 0.55735717251592E+01
 0.55733832094163E+01
 0.55731714558028E+01
 0.55729350248611E+01
 0.55726724589400E+01
 0.55723823796581E+01
 0.55720634587995E+01
 0.55717144280352E+01
 0.55713341034146E+01
 0.55709213884722E+01
 0.55704752776165E+01
 0.55699948874063E+01
 0.55694794324733E+01
 0.55689282449041E+01
 0.55683407741039E+01
 0.55677165906088E+01
 0.55670553873358E+01
 0.55663569799385E+01
 0.55656213062377E+01
 0.55648484256257E+01
 0.55640385175309E+01
 0.55631918794698E+01
 0.55623089229350E+01
 0.55613901732871E+01
 0.55604362660039E+01
 0.55594479440624E+01
 0.55584260552142E+01
 0.55573715492133E+01
 0.55562854752614E+01
 0.55551689790865E+01
 0.55540233008077E+01
 0.55528497723511E+01
 0.55516498151973E+01
 0.55504249391140E+01
 0.55491767392360E+01
 0.55479068946914E+01
 0.55466171669379E+01
 0.55453093989446E+01
 0.55439855126156E+01
 0.55426475071425E+01
 0.55412974598758E+01
 0.55399375243771E+01
 0.55385699301243E+01
 0.55371969810723E+01
 0.55358210547688E+01
 0.55344446032792E+01
 0.55330701429455E+01
 0.55317002838889E+01
 0.55303376974918E+01
 0.55289851285349E+01
 0.55276453959413E+01
 0.55263213960326E+01
 0.55250160966821E+01
 0.55237325410788E+01
 0.55224744196218E+01
 0.55212438948712E+01
 0.55200447275257E+01
 0.55188802770940E+01
 0.55177539947808E+01
 0.55166693924188E+01
 0.55156300878975E+01
 0.55146397838689E+01
 0.55137022714726E+01
 0.55128214318295E+01
 0.55120012334459E+01
 0.55112457756268E+01
 0.55105592336264E+01
 0.55099458910685E+01
 0.55094101497125E+01
 0.55089565231227E+01
 0.55085895983636E+01
 0.55083141834335E+01
 0.55081351143755E+01
 0.55080573887590E+01
 0.55080861372887E+01
 0.55082266353556E+01
 0.55084842885702E+01
 0.55088646460911E+01
 0.55093734115901E+01
 0.55100164324322E+01
 0.55107997105506E+01
 0.55117294296727E+01
 0.55128119145249E+01
 0.55140536286172E+01
 0.55154612472960E+01
 0.55170415760106E+01
 0.55188016204326E+01
 0.55207484775206E+01
 0.55228894650114E+01
 0.55252320145893E+01
 0.55277846029643E+01
 0.55305533774372E+01
 0.55335469692295E+01
 0.55367732732883E+01
 0.55402404210398E+01
 0.55439565992150E+01
 0.55479300161358E+01
 0.55521689415331E+01
 0.55566816513345E+01
 0.55614764199216E+01
 0.55665614702012E+01
 0.55719449505822E+01
 0.55776348773219E+01
 0.55836391173202E+01
 0.55899653541589E+01
 0.55966209994292E+01
 0.56036132132149E+01
 0.56109488178808E+01
 0.56186342680238E+01
 0.56266755486289E+01
 0.56350783334528E+01
 0.56438477108905E+01
 0.56529882719384E+01
 0.56625040826389E+01
 0.56723986397181E+01
 0.56826748791360E+01
 0.56933351842620E+01
 0.57043813250840E+01
 0.57158145482591E+01
 0.57276355292686E+01
 0.57398444468534E+01
 0.57524409887472E+01
 0.57654252873309E+01
 0.57787943950245E+01
 0.57925476226502E+01
 0.58066831276007E+01
 0.58211988001503E+01
 0.58360923241679E+01
 0.58513611972885E+01
 0.58670027460973E+01
 0.58830144564326E+01
 0.58993934551403E+01
 0.59161371610360E+01
 0.59332428350298E+01
 0.59507078530515E+01
 0.59685295824017E+01
 0.59867055220379E+01
 0.60052331626823E+01
 0.60241098724723E+01
 0.60433332086015E+01
 0.60629005219786E+01
 0.60828090408928E+01
 0.61030559638310E+01
 0.61236379400381E+01
 0.61445511794628E+01
 0.61657915977279E+01
 0.61873544010767E+01
 0.62092340824833E+01
 0.62314242793892E+01
 0.62539176703119E+01
 0.62767057932125E+01
 0.62997790458110E+01
 0.63231265807665E+01
 0.63467361293414E+01
 0.63705941823835E+01
 0.63946857905709E+01
 0.64189944673663E+01
 0.64435024866040E+01
 0.64681906352334E+01
 0.64930381248633E+01
 0.65180246264951E+01
 0.65431270613050E+01
 0.65683223070550E+01
 0.65935864393595E+01
 0.66188950985397E+01
 0.66442237798384E+01
 0.66695478548162E+01
 0.66948428704996E+01
 0.67200847406723E+01
 0.67452498701872E+01
 0.67703153763901E+01
 0.67952592141629E+01
 0.68200602801238E+01
 0.68446985326753E+01
 0.68691550086901E+01
 0.68934118920502E+01
 0.69174529049406E+01
 0.69412624423479E+01
 0.69648264116245E+01
 0.69881320365929E+01
 0.70111673185535E+01
 0.70339216986548E+01
 0.70563856416486E+01
 0.70785505614874E+01
 0.71004088273243E+01
 0.71219537736678E+01
 0.71431795629954E+01
 0.71640812549881E+01
 0.71846544352423E+01
 0.72048954906856E+01
 0.72248013158784E+01
 0.72443699017732E+01
 0.72635992136665E+01
 0.72824878883682E+01
 0.73010351471030E+01
 0.73192405242374E+01
 0.73371040070349E+01
 0.73546258132315E+01
 0.73718067103670E+01
 0.73886475888159E+01
 0.74051497414941E+01
 0.74213146726754E+01
 0.74371441276804E+01
 0.74526400376863E+01
 0.74678045943463E+01
 0.74826401536561E+01
 0.74971491361045E+01
 0.75113342893863E+01
 0.75251983983233E+01
 0.75387444604135E+01
 0.75519754846939E+01
 0.75648946804949E+01
 0.75775052077295E+01
 0.75898104211766E+01
 0.76018140422729E+01
 0.76135193715110E+01
 0.76249299591835E+01
 0.76360494139807E+01
 0.76468815251499E+01
 0.76574299651895E+01
 0.76676985719454E+01
 0.76776911561004E+01
 0.76874115205215E+01
 0.76968635793201E+01
 0.77060512341383E+01
 0.77149782920183E+01
 0.77236488447643E+01
 0.77320667256453E+01
 0.77402358848748E+01
 0.77481602752151E+01
 0.77558438068720E+01
 0.77632904531912E+01
 0.77705041527252E+01
 0.77774888404588E+01
 0.77842483611155E+01
 0.77907866713172E+01
 0.77971076036180E+01
 0.78032150514338E+01
 0.78091128280537E+01
 0.78148047602420E+01
 0.78202946431743E+01
 0.78255862490728E+01
 0.78306833025839E+01
 0.78355895130948E+01
 0.78403085461274E+01
 0.78448440524788E+01
 0.78491996397632E+01
 0.78533788839125E+01
 0.78573853221423E+01
 0.78612224558025E+01
 0.78648937309019E+01
 0.78684026013845E+01
 0.78717524328269E+01
 0.78749465772937E+01
 0.78779883412364E+01
 0.78808809745231E+01
 0.78836277057382E+01
 0.78862317192392E+01
 0.78886961437868E+01
 0.78910240767424E+01
 0.78932185474092E+01
 0.78952825945296E+01
 0.78972191659761E+01
 0.78990311843197E+01
 0.79007215258731E+01
 0.79022930186124E+01
 0.79037484507351E+01
 0.79050905771328E+01
 0.79063220598491E+01
 0.79074455704784E+01
 0.79084637264410E+01
