 0.14928669943783E+00
 0.14928669943772E+00
 0.14928669943699E+00
 0.14928669944318E+00
 0.14928669950318E+00
 0.14928669974275E+00
 0.14928670038081E+00
 0.14928670164048E+00
 0.14928670336754E+00
 0.14928670411020E+00
 0.14928669954786E+00
 0.14928668041660E+00
 0.14928663027078E+00
 0.14928652346119E+00
 0.14928632362264E+00
 0.14928598260002E+00
 0.14928544088359E+00
 0.14928462767856E+00
 0.14928346231988E+00
 0.14928185434813E+00
 0.14927970612628E+00
 0.14927691527287E+00
 0.14927337533359E+00
 0.14926897713103E+00
 0.14926361178155E+00
 0.14925717073959E+00
 0.14924954753741E+00
 0.14924063833072E+00
 0.14923034246845E+00
 0.14921856384463E+00
 0.14920520894528E+00
 0.14919018995590E+00
 0.14917342012431E+00
 0.14915481965404E+00
 0.14913430970244E+00
 0.14911181490771E+00
 0.14908726343991E+00
 0.14906058544944E+00
 0.14903171342056E+00
 0.14900058230855E+00
 0.14896712782131E+00
 0.14893128818918E+00
 0.14889300329417E+00
 0.14885221468369E+00
 0.14880886548102E+00
 0.14876290035454E+00
 0.14871426547953E+00
 0.14866290849840E+00
 0.14860877842202E+00
 0.14855182548796E+00
 0.14849200110322E+00
 0.14842925783256E+00
 0.14836354892811E+00
 0.14829482822523E+00
 0.14822304984984E+00
 0.14814816791156E+00
 0.14807013616240E+00
 0.14798890760543E+00
 0.14790443411398E+00
 0.14781666601503E+00
 0.14772555160265E+00
 0.14763103668794E+00
 0.14753306406608E+00
 0.14743157307729E+00
 0.14732649907874E+00
 0.14721777293844E+00
 0.14710532043520E+00
 0.14698906192203E+00
 0.14686891185716E+00
 0.14674477807908E+00
 0.14661656143349E+00
 0.14648415525746E+00
 0.14634744495671E+00
 0.14620630761034E+00
 0.14606061137823E+00
 0.14591021594410E+00
 0.14575496958178E+00
 0.14559471145317E+00
 0.14542927026241E+00
 0.14525846383420E+00
 0.14508209845819E+00
 0.14489996912704E+00
 0.14471185894502E+00
 0.14451748572295E+00
 0.14431670357873E+00
 0.14410921299183E+00
 0.14389474577916E+00
 0.14367301911966E+00
 0.14344373884567E+00
 0.14320659456492E+00
 0.14296126172801E+00
 0.14270740154267E+00
 0.14244466041138E+00
 0.14217267016985E+00
 0.14189104431025E+00
 0.14159938268370E+00
 0.14129726921722E+00
 0.14098427043157E+00
 0.14065993548241E+00
 0.14032380476270E+00
 0.13997538567700E+00
 0.13961418276704E+00
 0.13923967914000E+00
 0.13885133965355E+00
 0.13844861115908E+00
 0.13803092440052E+00
 0.13759769259085E+00
 0.13714831107289E+00
 0.13668215877969E+00
 0.13619859755644E+00
 0.13569697055904E+00
 0.13517660671996E+00
 0.13463682193757E+00
 0.13407691180839E+00
 0.13349616174997E+00
 0.13289383993878E+00
 0.13226921084890E+00
 0.13162152168160E+00
 0.13095001562802E+00
 0.13025383399717E+00
 0.12953237357414E+00
 0.12878478329078E+00
 0.12801030076567E+00
 0.12720815431469E+00
 0.12637758412649E+00
 0.12551784585545E+00
 0.12462820861108E+00
 0.12370796343681E+00
 0.12275642596019E+00
 0.12177294333086E+00
 0.12075689867629E+00
 0.11970771914715E+00
 0.11862487980322E+00
 0.11750790888445E+00
 0.11635639877199E+00
 0.11517000603033E+00
 0.11394846139205E+00
 0.11269157527923E+00
 0.11139925069412E+00
 0.11007146255889E+00
 0.10870829322447E+00
 0.10730992187045E+00
 0.10587662635817E+00
 0.10440879116533E+00
 0.10290690521555E+00
 0.10137155930565E+00
 0.99803457147063E-01
 0.98203400062201E-01
 0.96572295721878E-01
 0.94911150709400E-01
 0.93221068269977E-01
 0.91503161260589E-01
 0.89758885112094E-01
 0.87989532549601E-01
 0.86196558409451E-01
 0.84381495109994E-01
 0.82545951477788E-01
 0.80691608377380E-01
 0.78820222673162E-01
 0.76933596777320E-01
 0.75033630998060E-01
 0.73122261470723E-01
 0.71201511131886E-01
 0.69273463613114E-01
 0.67340270948637E-01
 0.65404153447375E-01
 0.63467402219993E-01
 0.61532392557262E-01
 0.59601556828876E-01
 0.57677409039577E-01
 0.55762532632032E-01
 0.53859575714113E-01
 0.51971254029804E-01
 0.50100346300186E-01
 0.48249659634379E-01
 0.46422041932576E-01
 0.44620349422271E-01
 0.42847428903164E-01
 0.41106093456409E-01
 0.39399096430556E-01
 0.37729097776380E-01
 0.36098630389038E-01
 0.34510070798102E-01
 0.32965599749730E-01
 0.31467178226469E-01
 0.30016516616990E-01
 0.28615051060680E-01
 0.27263922032229E-01
 0.25963984382389E-01
 0.24715714907947E-01
 0.23519353935324E-01
 0.22374811564682E-01
 0.21281714166385E-01
 0.20239419844397E-01
 0.19247043261249E-01
 0.18303484649663E-01
 0.17407457872731E-01
 0.16557521179702E-01
 0.15752106918204E-01
 0.14989550522406E-01
 0.14268117812835E-01
 0.13586029992143E-01
 0.12941486031518E-01
 0.12332682659621E-01
 0.11757831215555E-01
 0.11215170643814E-01
 0.10702981467405E-01
 0.10219593766333E-01
 0.97633934312947E-02
 0.93328301869884E-02
 0.89264184678133E-02
 0.85427409494161E-02
 0.81804497842551E-02
 0.78382663766302E-02
 0.75149801976092E-02
 0.72094484629186E-02
 0.69205933336631E-02
 0.66474006031811E-02
 0.63889164047671E-02
 0.61442467437820E-02
 0.59125473655127E-02
 0.56930326025644E-02
 0.54849642584549E-02
 0.52876506601425E-02
 0.51004450369219E-02
 0.49227417836055E-02
 0.47539745743475E-02
 0.45936132931087E-02
 0.44411621479661E-02
 0.42961575445406E-02
 0.41581657817785E-02
 0.40267811082939E-02
 0.39016239147144E-02
 0.37823387837221E-02
 0.36685932273998E-02
 0.35600759794547E-02
 0.34564953672927E-02
 0.33575782551951E-02
 0.32630684671873E-02
 0.31727261708476E-02
 0.30863262335121E-02
 0.30036576896864E-02
 0.29245223560599E-02
 0.28487339062377E-02
 0.27761176928199E-02
 0.27065096974312E-02
 0.26397555519381E-02
 0.25757099865420E-02
 0.25142364112659E-02
 0.24552062374066E-02
 0.23984983786998E-02
 0.23439988125465E-02
 0.22915999817610E-02
 0.22412004962072E-02
 0.21927047784082E-02
 0.21460223848606E-02
 0.21010681908355E-02
 0.20577616622882E-02
 0.20160266766237E-02
 0.19757913160761E-02
 0.19369874782640E-02
 0.18995507388249E-02
 0.18634201107845E-02
 0.18285378886835E-02
 0.17948493007551E-02
 0.17623024944454E-02
 0.17308482579671E-02
 0.17004399150061E-02
 0.16710331591140E-02
 0.16425859186430E-02
 0.16150582173460E-02
 0.15884120978097E-02
 0.15626114564630E-02
 0.15376219530304E-02
 0.15134109168975E-02
 0.14899472515020E-02
 0.14672013528745E-02
 0.14451450200702E-02
 0.14237513800780E-02
 0.14029948261378E-02
 0.13828509207288E-02
 0.13632963660348E-02
 0.13443089251188E-02
 0.13258673719063E-02
 0.13079514394335E-02
 0.12905417623590E-02
 0.12736198367910E-02
 0.12571679709192E-02
 0.12411692519293E-02
 0.12256075017914E-02
 0.12104672332911E-02
 0.11957336303514E-02
 0.11813924991939E-02
 0.11674302518691E-02
 0.11538338592926E-02
 0.11405908498772E-02
 0.11276892533287E-02
 0.11151176040632E-02
 0.11028648927921E-02
 0.10909205578017E-02
