 0.10000000133514E-09
 0.10000000133514E-09
 0.10000000133514E-09
 0.10000000133514E-09
 0.10000000133514E-09
 0.10000000133514E-09
 0.10000000133514E-09
 0.10000000133514E-09
 0.10000000133514E-09
 0.10000000133514E-09
 0.10000000133514E-09
 0.10000000133514E-09
 0.10000000133514E-09
 0.10000000133514E-09
 0.10000000133514E-09
 0.10000000133514E-09
 0.10000000133514E-09
 0.10000000133514E-09
 0.10000000133514E-09
 0.10000000133514E-09
 0.10000000133514E-09
 0.10000000133514E-09
 0.10000000133514E-09
 0.10000000133514E-09
 0.10000000133514E-09
 0.10000000133514E-09
 0.10000000133514E-09
 0.10000000133514E-09
 0.14199795253766E-04
 0.14199795253766E-04
 0.28392364888865E-04
 0.28392364888865E-04
 0.52203517337791E-04
 0.68922217279267E-04
 0.89577262784310E-04
 0.11476367040894E-03
 0.14511159469340E-03
 0.18128345645214E-03
 0.22397068417361E-03
 0.27389093394833E-03
 0.33178509567789E-03
 0.39841450090993E-03
 0.47455871024501E-03
 0.56101326826463E-03
 0.65858737171802E-03
 0.76810268985071E-03
 0.89039162540740E-03
 0.10262959181023E-02
 0.11766656818595E-02
 0.13423583932829E-02
 0.15242382855091E-02
 0.17231757418822E-02
 0.19400467662051E-02
 0.21757320750528E-02
 0.24311171223289E-02
 0.27070923305550E-02
 0.30045519704419E-02
 0.33243941333600E-02
 0.36675218552248E-02
 0.40348395992727E-02
 0.44272583431782E-02
 0.48456913492581E-02
 0.52910573532975E-02
 0.57642783302055E-02
 0.62662808434149E-02
 0.67979958890641E-02
 0.73603591543926E-02
 0.79543097421571E-02
 0.85807940131703E-02
 0.92407634279501E-02
 0.99351751392722E-02
 0.10664995510006E-01
 0.11431196421107E-01
 0.12234758590456E-01
 0.13076671431781E-01
 0.13957931931829E-01
 0.14879552611221E-01
 0.15842554837870E-01
 0.16847968620759E-01
 0.17896841407293E-01
 0.18990242261650E-01
 0.20129247695765E-01
 0.21314947200087E-01
 0.22550663981634E-01
 0.23833401216142E-01
 0.25166265963365E-01
 0.26550436436439E-01
 0.27987119987445E-01
 0.29477534999431E-01
 0.31022939385428E-01
 0.32624612732391E-01
 0.34283873412557E-01
 0.36002066433938E-01
 0.37780559948594E-01
 0.39620759688163E-01
 0.41524120092391E-01
 0.43492111811004E-01
 0.45526257782634E-01
 0.47628123467154E-01
 0.49799265582926E-01
 0.52041385213485E-01
 0.54356118847333E-01
 0.56745178974268E-01
 0.59210344789261E-01
 0.61753408920394E-01
 0.64376215762802E-01
 0.67080643872220E-01
 0.69868612281617E-01
 0.72742070746883E-01
 0.75703003131610E-01
 0.78753459767138E-01
 0.81895487276592E-01
 0.85131133238970E-01
 0.88462515439138E-01
 0.91891732208469E-01
 0.95420926193590E-01
 0.99052167460851E-01
 0.10278757911316E+00
 0.10662921887480E+00
 0.11058034047463E+00
 0.11464074513285E+00
 0.11881340016948E+00
 0.12310009934377E+00
 0.12750265961972E+00
 0.13202274914088E+00
 0.13666188748350E+00
 0.14142142575719E+00
 0.14630253854155E+00
 0.15130620793973E+00
 0.15643318966638E+00
 0.16168398882498E+00
 0.16705881039432E+00
 0.17255756391839E+00
 0.17817984425847E+00
 0.18392485557950E+00
 0.18979146118497E+00
 0.19577811828276E+00
 0.20188287821191E+00
 0.20810330101962E+00
 0.21443663569983E+00
 0.22087961610886E+00
 0.22742853652349E+00
 0.23407929820954E+00
 0.24082733241683E+00
 0.24766772479479E+00
 0.25459517375724E+00
 0.26160399391019E+00
 0.26868823814832E+00
 0.27584163231348E+00
 0.28305771279733E+00
 0.29032980671974E+00
 0.29765183953720E+00
 0.30501540986059E+00
 0.31241426457856E+00
 0.31984141454377E+00
 0.32728992460714E+00
 0.33475289608258E+00
 0.34222357792868E+00
 0.34969533844538E+00
 0.35716174682313E+00
 0.36461654423853E+00
 0.37205369694037E+00
 0.37946742796938E+00
 0.38685217174100E+00
 0.39420260731493E+00
 0.40151368491219E+00
 0.40878063774758E+00
 0.41599887834825E+00
 0.42316412041844E+00
 0.43027231128582E+00
 0.43731963157554E+00
 0.44430248580998E+00
 0.45121750848854E+00
 0.45806151117414E+00
 0.46483155224197E+00
 0.47152486567295E+00
 0.47813889128514E+00
 0.48467127823004E+00
 0.49111986415327E+00
 0.49748270032565E+00
 0.50375802311823E+00
 0.50994431292026E+00
 0.51604029569004E+00
 0.52204492578223E+00
 0.52795738192328E+00
 0.53377712264540E+00
 0.53950378872363E+00
 0.54513738816170E+00
 0.55067784226943E+00
 0.55612624828162E+00
 0.56148296442185E+00
 0.56674892487886E+00
 0.57192526956937E+00
 0.57701334298147E+00
 0.58201463163548E+00
 0.58693078283033E+00
 0.59176356279888E+00
 0.59651482232069E+00
 0.60118649458736E+00
 0.60578055935862E+00
 0.61029902210383E+00
 0.61474390006888E+00
 0.61911719984197E+00
 0.62342091719933E+00
 0.62765700095614E+00
 0.63182735485992E+00
 0.63593386418196E+00
 0.63997832740437E+00
 0.64396250159182E+00
 0.64788806417644E+00
 0.65175664062893E+00
 0.65556979223056E+00
 0.65932901066500E+00
 0.66303572454785E+00
 0.66669129982074E+00
 0.67029704192882E+00
 0.67385419513076E+00
 0.67736395567222E+00
 0.68082746083265E+00
 0.68424566236367E+00
 0.68761988294139E+00
 0.69095096078514E+00
 0.69423984984905E+00
 0.69748746698064E+00
 0.70069467396634E+00
 0.70386230513196E+00
 0.70699116033028E+00
 0.71008200810864E+00
 0.71313559686600E+00
 0.71615263442524E+00
 0.71913380177259E+00
 0.72207975600058E+00
 0.72499114150826E+00
 0.72786856859726E+00
 0.73071263268643E+00
 0.73352390936354E+00
 0.73630295568088E+00
 0.73905031163918E+00
 0.74176649938593E+00
 0.74445202740543E+00
 0.74710739053465E+00
 0.74973306778761E+00
 0.75232952593157E+00
 0.75489722058667E+00
 0.75743659635636E+00
 0.75994808393411E+00
 0.76243210319799E+00
 0.76488906587189E+00
 0.76731937440170E+00
 0.76972342026527E+00
 0.77210158950583E+00
 0.77445425648189E+00
 0.77678178637814E+00
 0.77908454081969E+00
 0.78136286892617E+00
 0.78361711711117E+00
 0.78584762404435E+00
 0.78805471803039E+00
 0.79023872867822E+00
 0.79239996732497E+00
 0.79453875106267E+00
 0.79665538678553E+00
 0.79875017193662E+00
 0.80082340278151E+00
 0.80287537279101E+00
 0.80490636419258E+00
 0.80691665514490E+00
 0.80890652262840E+00
 0.81087623645078E+00
 0.81282606358031E+00
 0.81475626224982E+00
 0.81666709089785E+00
 0.81855880084489E+00
 0.82043164184959E+00
 0.82228585702764E+00
 0.82412168549777E+00
 0.82593936457756E+00
 0.82773912662397E+00
 0.82952120115626E+00
 0.83128581173754E+00
 0.83303317983350E+00
 0.83476352429417E+00
 0.83647705925602E+00
 0.83817399582141E+00
 0.83985454244003E+00
 0.84151890306376E+00
 0.84316727939361E+00
 0.84479987088691E+00
 0.84641687180972E+00
 0.84801847629542E+00
 0.84960487154736E+00
 0.85117624567739E+00
 0.85273278315345E+00
 0.85427466346465E+00
 0.85580206678517E+00
 0.85731516786267E+00
 0.85881414011265E+00
 0.86029915455417E+00
 0.86177037910853E+00
 0.86322797899388E+00
