 0.10000000133514E-09
 0.10000000133514E-09
 0.10000000133514E-09
 0.10000000133514E-09
 0.10000000133514E-09
 0.10000000133514E-09
 0.10000000133514E-09
 0.10000000133514E-09
 0.10000000133514E-09
 0.10000000133514E-09
 0.10000000133514E-09
 0.10000000133514E-09
 0.10000000133514E-09
 0.10000000133514E-09
 0.10000000133514E-09
 0.10000000133514E-09
 0.10000000133514E-09
 0.10000000133514E-09
 0.10000000133514E-09
 0.10000000133514E-09
 0.10000000133514E-09
 0.10000000133514E-09
 0.10000000133514E-09
 0.10000000133514E-09
 0.10000000133514E-09
 0.10000000133514E-09
 0.10000000133514E-09
 0.10000000133514E-09
 0.14142306516260E-03
 0.14142306516260E-03
 0.24374564898927E-03
 0.24374564898927E-03
 0.39329718827529E-03
 0.48922269484210E-03
 0.60109144105503E-03
 0.73027448876672E-03
 0.87812530578809E-03
 0.10459736435462E-02
 0.12351204969691E-02
 0.14468366923525E-02
 0.16823604601120E-02
 0.19428962197710E-02
 0.22296159618751E-02
 0.25436598018534E-02
 0.28861356584513E-02
 0.32581234592367E-02
 0.36606759145062E-02
 0.40948201869981E-02
 0.45615606207143E-02
 0.50618805429882E-02
 0.55967450202490E-02
 0.61671029382240E-02
 0.67738888430951E-02
 0.74180230859624E-02
 0.81004148152141E-02
 0.88219651046588E-02
 0.95835653193244E-02
 0.10386098917271E-01
 0.11230446366493E-01
 0.12117475726619E-01
 0.13048059257762E-01
 0.14023061289016E-01
 0.15043348544815E-01
 0.16109783916483E-01
 0.17223230911474E-01
 0.18384553269033E-01
 0.19594615942262E-01
 0.20854281822929E-01
 0.22164421745169E-01
 0.23525908535062E-01
 0.24939618498002E-01
 0.26406439578662E-01
 0.27927261747636E-01
 0.29502984405822E-01
 0.31134515920955E-01
 0.32822769875789E-01
 0.34568682274615E-01
 0.36373195885440E-01
 0.38237259137051E-01
 0.40161844432960E-01
 0.42147954773170E-01
 0.44196593313216E-01
 0.46308774046094E-01
 0.48489719635429E-01
 0.50732658698298E-01
 0.53042398101201E-01
 0.55420055253600E-01
 0.57866782802745E-01
 0.60383732412028E-01
 0.62972108418379E-01
 0.65633132558427E-01
 0.68368073356493E-01
 0.71178220914364E-01
 0.74064879604015E-01
 0.77029393666700E-01
 0.80073161892252E-01
 0.83197581867405E-01
 0.86404110361584E-01
 0.89694240201680E-01
 0.93069411036890E-01
 0.96531280288174E-01
 0.10008134472005E+00
 0.10372119372699E+00
 0.10745248454183E+00
 0.11127685129852E+00
 0.11519596566225E+00
 0.11921150909422E+00
 0.12332517470106E+00
 0.12753865636115E+00
 0.13185364834086E+00
 0.13627189864699E+00
 0.14079508855396E+00
 0.14542484482878E+00
 0.15016284411118E+00
 0.15501067492023E+00
 0.15996993379845E+00
 0.16504204113043E+00
 0.17022843895311E+00
 0.17553041146760E+00
 0.18095092593257E+00
 0.18648783586758E+00
 0.19214358280250E+00
 0.19791882069267E+00
 0.20381419867413E+00
 0.20983009243080E+00
 0.21596661962009E+00
 0.22222361921976E+00
 0.22860064466114E+00
 0.23509695822296E+00
 0.24171148377218E+00
 0.24844278976392E+00
 0.25528903325947E+00
 0.26224798011454E+00
 0.26931699263881E+00
 0.27649294741924E+00
 0.28377231612050E+00
 0.29115109851166E+00
 0.29862484138970E+00
 0.30618854914378E+00
 0.31383693205477E+00
 0.32156416749508E+00
 0.32936401561740E+00
 0.33722989585616E+00
 0.34515481054407E+00
 0.35313151354253E+00
 0.36115247430689E+00
 0.36920990002325E+00
 0.37729588853233E+00
 0.38540236595471E+00
 0.39352124931853E+00
 0.40164443428063E+00
 0.40976466737344E+00
 0.41787240328988E+00
 0.42596063832487E+00
 0.43402177996670E+00
 0.44204850588663E+00
 0.45003373711774E+00
 0.45797075071455E+00
 0.46585314569795E+00
 0.47367489518308E+00
 0.48143034774436E+00
 0.48911422084239E+00
 0.49672168006788E+00
 0.50424822578752E+00
 0.51168974615632E+00
 0.51904252561049E+00
 0.52630325415997E+00
 0.53346890387009E+00
 0.54053684153074E+00
 0.54750476325005E+00
 0.55437066034585E+00
 0.56113283573833E+00
 0.56778988436400E+00
 0.57434064216728E+00
 0.58078422544277E+00
 0.58711999144795E+00
 0.59334753338133E+00
 0.59946667381355E+00
 0.60547745311733E+00
 0.61138012593540E+00
 0.61717514058941E+00
 0.62286317854918E+00
 0.62844511215499E+00
 0.63392200860178E+00
 0.63929511463115E+00
 0.64456586237702E+00
 0.64973584844084E+00
 0.65480683366620E+00
 0.65978053437931E+00
 0.66465939518525E+00
 0.66944533471012E+00
 0.67414058745816E+00
 0.67874746749086E+00
 0.68326834108364E+00
 0.68770559631888E+00
 0.69206164770430E+00
 0.69633890504288E+00
 0.70053974826175E+00
 0.70466653560497E+00
 0.70872157496344E+00
 0.71270711319882E+00
 0.71662533409001E+00
 0.72047834183650E+00
 0.72426817332642E+00
 0.72799677804434E+00
 0.73166603069024E+00
 0.73527771893357E+00
 0.73883354309547E+00
 0.74233513566117E+00
 0.74578403889695E+00
 0.74918172848036E+00
 0.75252960839945E+00
 0.75582901052620E+00
 0.75908120155421E+00
 0.76228738355787E+00
 0.76544870329177E+00
 0.76856624893510E+00
 0.77164106298853E+00
 0.77467413657215E+00
 0.77766635889228E+00
 0.78061874915139E+00
 0.78353210755449E+00
 0.78640726382026E+00
 0.78924501615749E+00
 0.79204611841306E+00
 0.79481130054128E+00
 0.79754126477971E+00
 0.80023668702800E+00
 0.80289822491940E+00
 0.80552650586268E+00
 0.80812213537549E+00
 0.81068569845751E+00
 0.81321776818886E+00
 0.81571889284862E+00
 0.81818960748523E+00
 0.82063043043230E+00
 0.82304186595152E+00
 0.82542440300794E+00
 0.82777851691074E+00
 0.83010467150188E+00
 0.83240331920594E+00
 0.83467489936942E+00
 0.83691984083881E+00
 0.83913856321012E+00
 0.84133147620910E+00
 0.84349897906812E+00
 0.84564146097742E+00
 0.84775930393789E+00
 0.84985288203099E+00
 0.85192255995785E+00
 0.85396869725556E+00
 0.85599164355162E+00
 0.85799174081625E+00
 0.85996932633233E+00
 0.86192472839337E+00
 0.86385827084750E+00
 0.86577027088225E+00
 0.86766103787810E+00
 0.86953087953442E+00
 0.87138009068640E+00
 0.87320896756596E+00
 0.87501779843439E+00
 0.87680686434668E+00
 0.87857644351973E+00
 0.88032681068628E+00
 0.88205823217936E+00
 0.88377097027858E+00
 0.88546528439618E+00
 0.88714142858035E+00
 0.88879965308807E+00
 0.89044020188361E+00
 0.89206331694908E+00
 0.89366923486520E+00
 0.89525818945897E+00
 0.89683040946382E+00
 0.89838611928897E+00
 0.89992554124571E+00
 0.90144889326390E+00
 0.90295638995567E+00
 0.90444824136789E+00
 0.90592465479980E+00
 0.90738583462996E+00
 0.90883198125178E+00
 0.91026329206210E+00
 0.91167996160268E+00
 0.91308218049168E+00
 0.91447013693889E+00
 0.91584401633521E+00
 0.91720400033358E+00
 0.91855026854929E+00
 0.91988299722944E+00
 0.92120236022152E+00
 0.92250852881240E+00
 0.92380167020718E+00
 0.92508195118887E+00
 0.92634953430484E+00
 0.92760458019027E+00
 0.92884724717802E+00
 0.93007769086963E+00
 0.93129606436900E+00
