 0.30054083141441E+03
 0.30054083138587E+03
 0.30054083107887E+03
 0.30054082980179E+03
 0.30054082640822E+03
 0.30054081937605E+03
 0.30054080683592E+03
 0.30054078639994E+03
 0.30054075446619E+03
 0.30054070459231E+03
 0.30054062479700E+03
 0.30054049410885E+03
 0.30054027899460E+03
 0.30053993031580E+03
 0.30053938126062E+03
 0.30053854633118E+03
 0.30053732177567E+03
 0.30053558649459E+03
 0.30053320380521E+03
 0.30053002347374E+03
 0.30052588366460E+03
 0.30052061503401E+03
 0.30051404071101E+03
 0.30050597872163E+03
 0.30049624538903E+03
 0.30048465546227E+03
 0.30047102406726E+03
 0.30045516767100E+03
 0.30043690518526E+03
 0.30041605885693E+03
 0.30039245453848E+03
 0.30036592295756E+03
 0.30033629933540E+03
 0.30030342494278E+03
 0.30026714631400E+03
 0.30022731622502E+03
 0.30018379427136E+03
 0.30013644662827E+03
 0.30008514657559E+03
 0.30002977481982E+03
 0.29997021944923E+03
 0.29990637641849E+03
 0.29983814971520E+03
 0.29976545136451E+03
 0.29968820154172E+03
 0.29960632860519E+03
 0.29951976907269E+03
 0.29942846754545E+03
 0.29933237657071E+03
 0.29923145640926E+03
 0.29912567486505E+03
 0.29901500704350E+03
 0.29889943486213E+03
 0.29877894673333E+03
 0.29865353711713E+03
 0.29852320605301E+03
 0.29838795865342E+03
 0.29824780455755E+03
 0.29810275737482E+03
 0.29795283413334E+03
 0.29779805463250E+03
 0.29763844084867E+03
 0.29747401630867E+03
 0.29730480546755E+03
 0.29713083307776E+03
 0.29695212356277E+03
 0.29676870033910E+03
 0.29658058530727E+03
 0.29638779825658E+03
 0.29619035614321E+03
 0.29598827256909E+03
 0.29578155720153E+03
 0.29557021522154E+03
 0.29535424682524E+03
 0.29513364661764E+03
 0.29490840345200E+03
 0.29467849897019E+03
 0.29444390811507E+03
 0.29420459833659E+03
 0.29396052911565E+03
 0.29371165137568E+03
 0.29345790730537E+03
 0.29319922984345E+03
 0.29293551876104E+03
 0.29266672941374E+03
 0.29239274468662E+03
 0.29211345612093E+03
 0.29182874331295E+03
 0.29153847541221E+03
 0.29124250835503E+03
 0.29094068559657E+03
 0.29063283796245E+03
 0.29031878287441E+03
 0.28999832415127E+03
 0.28967125010654E+03
 0.28933733508803E+03
 0.28899633846416E+03
 0.28864800318805E+03
 0.28829205503226E+03
 0.28792820889942E+03
 0.28755615114568E+03
 0.28717555977724E+03
 0.28678609174978E+03
 0.28638738403766E+03
 0.28597905371945E+03
 0.28556069836334E+03
 0.28513189437027E+03
 0.28469219623140E+03
 0.28424113644917E+03
 0.28377822429039E+03
 0.28330294431738E+03
 0.28281475764761E+03
 0.28231310173787E+03
 0.28179738504589E+03
 0.28126699185501E+03
 0.28072127676210E+03
 0.28015957160931E+03
 0.27958117587537E+03
 0.27898536324310E+03
 0.27837132186272E+03
 0.27773836346135E+03
 0.27708562690089E+03
 0.27641227213727E+03
 0.27571742212341E+03
 0.27500017381729E+03
 0.27425959779714E+03
 0.27349473532835E+03
 0.27270460206966E+03
 0.27188818779419E+03
 0.27104445876998E+03
 0.27017235881325E+03
 0.26927081276511E+03
 0.26833872746804E+03
 0.26737499360887E+03
 0.26637849166685E+03
 0.26534809101526E+03
 0.26428265551656E+03
 0.26318104716989E+03
 0.26204213549712E+03
 0.26086478020336E+03
 0.25964785983386E+03
 0.25839026412186E+03
 0.25709089578934E+03
 0.25574867953790E+03
 0.25436256190903E+03
 0.25293151092764E+03
 0.25145453014074E+03
 0.24993064720972E+03
 0.24835892666933E+03
 0.24673846831731E+03
 0.24506840936556E+03
 0.24334785353338E+03
 0.24157616898964E+03
 0.23975255291980E+03
 0.23787632051275E+03
 0.23594683784583E+03
 0.23396352963221E+03
 0.23192588128277E+03
 0.22983345320287E+03
 0.22768585775537E+03
 0.22548282416772E+03
 0.22322414260873E+03
 0.22090973311956E+03
 0.21853962960485E+03
 0.21611400044810E+03
 0.21363316899777E+03
 0.21109763006010E+03
 0.20850808872744E+03
 0.20586544930163E+03
 0.20317086803439E+03
 0.20042576505844E+03
 0.19763185107798E+03
 0.19479115167389E+03
 0.19190604356725E+03
 0.18897923678426E+03
 0.18601382970676E+03
 0.18301329416172E+03
 0.17998148367493E+03
 0.17692262908786E+03
 0.17384132584386E+03
 0.17074250534193E+03
 0.16763139546698E+03
 0.16451348020614E+03
 0.16139443410267E+03
 0.15828006935216E+03
 0.15517625596595E+03
 0.15208885318357E+03
 0.14902361659497E+03
 0.14598618000323E+03
 0.14298178271372E+03
 0.14001551750284E+03
 0.13709205002274E+03
 0.13421564073985E+03
 0.13139010203855E+03
 0.12861877962304E+03
 0.12590454409661E+03
 0.12324978971585E+03
 0.12065644669012E+03
 0.11812599775295E+03
 0.11565950433432E+03
 0.11325763628381E+03
 0.11092070463905E+03
 0.10864869665278E+03
 0.10644131151899E+03
 0.10429799552247E+03
 0.10221797572341E+03
 0.10020028891383E+03
 0.98243818742092E+02
 0.96347315678022E+02
 0.94509428171732E+02
 0.92728721682384E+02
 0.91003699598044E+02
 0.89332821733213E+02
 0.87714519082028E+02
 0.86147205252084E+02
 0.84629292521752E+02
 0.83159197581872E+02
 0.81735351119016E+02
 0.80356203612055E+02
 0.79020241831127E+02
 0.77725953076688E+02
 0.76471891160657E+02
 0.75256634748742E+02
 0.74078800004933E+02
 0.72937047186879E+02
 0.71830075932369E+02
 0.70756628531255E+02
 0.69715488925797E+02
 0.68705481840947E+02
 0.67725476065347E+02
 0.66774380690349E+02
 0.65851145077734E+02
 0.64954758092683E+02
 0.64084246249043E+02
 0.63238675052116E+02
 0.62417145819044E+02
 0.61618795151794E+02
 0.60842793847444E+02
 0.60088344330266E+02
 0.59354682889501E+02
 0.58641075027945E+02
 0.57946816839959E+02
 0.57271231665880E+02
 0.56613669596056E+02
 0.55973506719478E+02
 0.55350146480491E+02
 0.54743014426501E+02
 0.54151559039949E+02
 0.53575250620290E+02
 0.53013581245356E+02
 0.52466062811182E+02
 0.51932226906624E+02
 0.51411623241724E+02
 0.50903819372567E+02
 0.50408399904690E+02
 0.49924964683496E+02
 0.49453130560380E+02
 0.48992528509357E+02
 0.48542803558168E+02
 0.48103614736919E+02
 0.47674633568929E+02
 0.47255544121734E+02
 0.46846042475599E+02
 0.46445836371939E+02
 0.46054644019271E+02
 0.45672194319760E+02
 0.45298226153980E+02
 0.44932487807338E+02
 0.44574736894717E+02
 0.44224739758250E+02
 0.43882271018589E+02
 0.43547113694671E+02
 0.43219058362318E+02
 0.42897902885417E+02
 0.42583452355835E+02
 0.42275518616403E+02
 0.41973920134917E+02
 0.41678481598021E+02
 0.41389033702006E+02
 0.41105412965839E+02
 0.40827461409160E+02
 0.40555026326739E+02
 0.40287960196450E+02
 0.40026120404581E+02
 0.39769369020277E+02
 0.39517572677367E+02
 0.39270602383763E+02
 0.39028333219405E+02
 0.38790644429465E+02
 0.38557419015049E+02
 0.38328543856513E+02
 0.38103909320280E+02
 0.37883409195148E+02
 0.37666940692848E+02
 0.37454404032739E+02
 0.37245702789569E+02
 0.37040743324614E+02
 0.36839434856664E+02
 0.36641689429812E+02
 0.36447421731814E+02
