 0.11658001922606E+03
 0.11658001922612E+03
 0.11658001922715E+03
 0.11658001923165E+03
 0.11658001923962E+03
 0.11658001924072E+03
 0.11658001920886E+03
 0.11658001910859E+03
 0.11658001893168E+03
 0.11658001878852E+03
 0.11658001906830E+03
 0.11658002065698E+03
 0.11658002518209E+03
 0.11658003524676E+03
 0.11658005462039E+03
 0.11658008843534E+03
 0.11658014306407E+03
 0.11658022622760E+03
 0.11658034676212E+03
 0.11658051496636E+03
 0.11658074207345E+03
 0.11658103979229E+03
 0.11658142048480E+03
 0.11658189717181E+03
 0.11658248267297E+03
 0.11658318997433E+03
 0.11658403186643E+03
 0.11658502093003E+03
 0.11658616947636E+03
 0.11658748917957E+03
 0.11658899180870E+03
 0.11659068818537E+03
 0.11659258972024E+03
 0.11659470645037E+03
 0.11659704902056E+03
 0.11659962779533E+03
 0.11660245283012E+03
 0.11660553433280E+03
 0.11660888253320E+03
 0.11661250761353E+03
 0.11661642030159E+03
 0.11662063123751E+03
 0.11662515128734E+03
 0.11662999153547E+03
 0.11663516332956E+03
 0.11664067830224E+03
 0.11664654839535E+03
 0.11665278588460E+03
 0.11665940342209E+03
 0.11666641408867E+03
 0.11667383141490E+03
 0.11668166938888E+03
 0.11668994259867E+03
 0.11669866626046E+03
 0.11670785629468E+03
 0.11671752940862E+03
 0.11672770318293E+03
 0.11673839616878E+03
 0.11674962796295E+03
 0.11676141935845E+03
 0.11677379242063E+03
 0.11678677059792E+03
 0.11680037885900E+03
 0.11681464378802E+03
 0.11682959371308E+03
 0.11684525882545E+03
 0.11686167129735E+03
 0.11687886543951E+03
 0.11689687772968E+03
 0.11691574702764E+03
 0.11693551466146E+03
 0.11695622456373E+03
 0.11697792336837E+03
 0.11700066051432E+03
 0.11702448841992E+03
 0.11704946230418E+03
 0.11707564115181E+03
 0.11710308692796E+03
 0.11713186502285E+03
 0.11716204439571E+03
 0.11719369777002E+03
 0.11722690159030E+03
 0.11726173623208E+03
 0.11729830324511E+03
 0.11733666038444E+03
 0.11737691513971E+03
 0.11741916514986E+03
 0.11746351307629E+03
 0.11751006557900E+03
 0.11755893505015E+03
 0.11761023895831E+03
 0.11766410003000E+03
 0.11772064649559E+03
 0.11778001213600E+03
 0.11784233771113E+03
 0.11790776949186E+03
 0.11797646024274E+03
 0.11804856985980E+03
 0.11812426545321E+03
 0.11820372051854E+03
 0.11828711680780E+03
 0.11837464390797E+03
 0.11846649963787E+03
 0.11856289062252E+03
 0.11866403275486E+03
 0.11877015088620E+03
 0.11888147959634E+03
 0.11899826394094E+03
 0.11912075926331E+03
 0.11924923185271E+03
 0.11938396040172E+03
 0.11952523508823E+03
 0.11967335773052E+03
 0.11982864422870E+03
 0.11999142318174E+03
 0.12016203834252E+03
 0.12034084494987E+03
 0.12052821558172E+03
 0.12072453645899E+03
 0.12093024150981E+03
 0.12114569344483E+03
 0.12137135379987E+03
 0.12160767249602E+03
 0.12185511911548E+03
 0.12211418078982E+03
 0.12238536078041E+03
 0.12266918027725E+03
 0.12296617775711E+03
 0.12327690963523E+03
 0.12360194975477E+03
 0.12394188961683E+03
 0.12429733708314E+03
 0.12466891725844E+03
 0.12505727203156E+03
 0.12546305784182E+03
 0.12588694865631E+03
 0.12632963268716E+03
 0.12679181364820E+03
 0.12727420797586E+03
 0.12777754872716E+03
 0.12830258229310E+03
 0.12885006950742E+03
 0.12942078295106E+03
 0.13001551437051E+03
 0.13063506726088E+03
 0.13128026510944E+03
 0.13195194632126E+03
 0.13265097008553E+03
 0.13337821598135E+03
 0.13413458897494E+03
 0.13492101809937E+03
 0.13573850595290E+03
 0.13658795815697E+03
 0.13747044069416E+03
 0.13838701763567E+03
 0.13933879400950E+03
 0.14032692034376E+03
 0.14135259376230E+03
 0.14241705806936E+03
 0.14352162402837E+03
 0.14466763759186E+03
 0.14585651964772E+03
 0.14708973324684E+03
 0.14836880328137E+03
 0.14969530545975E+03
 0.15107086666115E+03
 0.15249715700249E+03
 0.15397587395708E+03
 0.15550875484989E+03
 0.15709754427679E+03
 0.15874398905045E+03
 0.16044982295286E+03
 0.16221673546753E+03
 0.16404634787751E+03
 0.16594021040196E+03
 0.16789974862686E+03
 0.16992624747722E+03
 0.17202081692274E+03
 0.17418436024600E+03
 0.17641753959844E+03
 0.17872075153700E+03
 0.18109410313921E+03
 0.18353738244928E+03
 0.18605005404475E+03
 0.18863123671722E+03
 0.19127970172591E+03
 0.19399387978320E+03
 0.19677187441912E+03
 0.19961143463587E+03
 0.20251017831034E+03
 0.20546530517041E+03
 0.20847386436424E+03
 0.21153271475024E+03
 0.21463857957998E+03
 0.21778808387537E+03
 0.22097778626832E+03
 0.22420421925622E+03
 0.22746392056143E+03
 0.23075346015278E+03
 0.23406946798636E+03
 0.23740865346244E+03
 0.24076782205612E+03
 0.24414388950940E+03
 0.24753388875702E+03
 0.25093497745008E+03
 0.25434445562248E+03
 0.25775974040641E+03
 0.26117838737449E+03
 0.26459809272356E+03
 0.26801666398687E+03
 0.27143204744467E+03
 0.27484230927849E+03
 0.27824562875556E+03
 0.28164029655666E+03
 0.28502471569962E+03
 0.28839738549586E+03
 0.29175690809950E+03
 0.29510196825404E+03
 0.29843134365741E+03
 0.30174386966653E+03
 0.30503853672006E+03
 0.30831432494087E+03
 0.31157031295111E+03
 0.31480565333984E+03
 0.31801954811391E+03
 0.32121126448264E+03
 0.32438011757072E+03
 0.32752548516489E+03
 0.33064678931256E+03
 0.33374349822606E+03
 0.33681512388034E+03
 0.33986122019169E+03
 0.34288137891245E+03
 0.34587523422707E+03
 0.34884245060236E+03
 0.35178272267418E+03
 0.35469578456002E+03
 0.35758139532503E+03
 0.36043935018630E+03
 0.36326945991705E+03
 0.36607156935682E+03
 0.36884553682147E+03
 0.37159125190118E+03
 0.37430864139825E+03
 0.37699762915129E+03
 0.37965815964748E+03
 0.38229020225180E+03
 0.38489375062559E+03
 0.38746880798254E+03
 0.39001539718201E+03
 0.39253355447524E+03
 0.39502332721365E+03
 0.39748478213205E+03
 0.39991799654346E+03
 0.40232305387654E+03
 0.40470006696149E+03
 0.40704913999185E+03
 0.40937039594746E+03
 0.41166396823476E+03
 0.41392999562184E+03
 0.41616863130942E+03
 0.41838003479420E+03
 0.42056437317615E+03
 0.42272181554989E+03
 0.42485254645635E+03
 0.42695675002687E+03
 0.42903462081557E+03
 0.43108635636115E+03
 0.43311216087813E+03
 0.43511224320066E+03
 0.43708681776464E+03
 0.43903610028167E+03
 0.44096031199045E+03
 0.44285967762272E+03
 0.44473442565147E+03
 0.44658478672162E+03
 0.44841099438441E+03
 0.45021328456340E+03
 0.45199189541568E+03
 0.45374706560587E+03
 0.45547903875508E+03
 0.45718805704037E+03
 0.45887436512373E+03
 0.46053820835159E+03
 0.46217983226264E+03
 0.46379948403488E+03
 0.46539741141184E+03
 0.46697386153390E+03
 0.46852908229689E+03
 0.47006332055004E+03
 0.47157682530873E+03
 0.47306984293296E+03
 0.47454262071741E+03
 0.47599540454537E+03
 0.47742844053355E+03
 0.47884197276318E+03
 0.48023624583093E+03
 0.48161150049689E+03
 0.48296797915776E+03
 0.48430592244263E+03
