 0.42158757014299E+03
 0.42158757014373E+03
 0.42158757016768E+03
 0.42158757036676E+03
 0.42158757120157E+03
 0.42158757347670E+03
 0.42158757696582E+03
 0.42158757220404E+03
 0.42158751563902E+03
 0.42158728322300E+03
 0.42158661107244E+03
 0.42158504127903E+03
 0.42158188925208E+03
 0.42157624002695E+03
 0.42156697172421E+03
 0.42155279855141E+03
 0.42153232475582E+03
 0.42150410034566E+03
 0.42146667379152E+03
 0.42141863584947E+03
 0.42135865744185E+03
 0.42128551421083E+03
 0.42119810816651E+03
 0.42109547849232E+03
 0.42097680533166E+03
 0.42084141237227E+03
 0.42068876405781E+03
 0.42051846002145E+03
 0.42033022943884E+03
 0.42012392238065E+03
 0.41989950063028E+03
 0.41965702965381E+03
 0.41939666821897E+03
 0.41911866050859E+03
 0.41882332524672E+03
 0.41851104734978E+03
 0.41818226957337E+03
 0.41783748307005E+03
 0.41747721954728E+03
 0.41710204408521E+03
 0.41671254450676E+03
 0.41630932825219E+03
 0.41589301358456E+03
 0.41546422442129E+03
 0.41502358449028E+03
 0.41457171231794E+03
 0.41410921676782E+03
 0.41363669311595E+03
 0.41315471961024E+03
 0.41266385429259E+03
 0.41216463320965E+03
 0.41165756820695E+03
 0.41114314500012E+03
 0.41062182228425E+03
 0.41009403089903E+03
 0.40956017335896E+03
 0.40902062366679E+03
 0.40847572737594E+03
 0.40792580191901E+03
 0.40737113699192E+03
 0.40681199526462E+03
 0.40624861311759E+03
 0.40568120155124E+03
 0.40510994707150E+03
 0.40453501270987E+03
 0.40395653905586E+03
 0.40337464523945E+03
 0.40278943013407E+03
 0.40220097331085E+03
 0.40160933606448E+03
 0.40101456234006E+03
 0.40041667958796E+03
 0.39981569991746E+03
 0.39921162082192E+03
 0.39860442581235E+03
 0.39799408790478E+03
 0.39738056182909E+03
 0.39676379361516E+03
 0.39614371773998E+03
 0.39552025753559E+03
 0.39489332574632E+03
 0.39426282505203E+03
 0.39362864791735E+03
 0.39299065633214E+03
 0.39234876007613E+03
 0.39170280501381E+03
 0.39105264448711E+03
 0.39039812050609E+03
 0.38973907012597E+03
 0.38907531565193E+03
 0.38840667124493E+03
 0.38773294038409E+03
 0.38705391680081E+03
 0.38636938769526E+03
 0.38567911427541E+03
 0.38498286030447E+03
 0.38428037410480E+03
 0.38357138979278E+03
 0.38285563446359E+03
 0.38213281642106E+03
 0.38140262625915E+03
 0.38066474640251E+03
 0.37991884457711E+03
 0.37916457763607E+03
 0.37840157675098E+03
 0.37762946100078E+03
 0.37684783347099E+03
 0.37605627772500E+03
 0.37525436125190E+03
 0.37444163186203E+03
 0.37361761780909E+03
 0.37278182876839E+03
 0.37193375744399E+03
 0.37107286835457E+03
 0.37019861174602E+03
 0.36931041218869E+03
 0.36840768104271E+03
 0.36748980091266E+03
 0.36655613792677E+03
 0.36560598022098E+03
 0.36463875014006E+03
 0.36365369477004E+03
 0.36265011533192E+03
 0.36162726472527E+03
 0.36058439031698E+03
 0.35952073719806E+03
 0.35843552001603E+03
 0.35732794941522E+03
 0.35619722584027E+03
 0.35504254596058E+03
 0.35386310311365E+03
 0.35265809394572E+03
 0.35142672092847E+03
 0.35016819644407E+03
 0.34888174961611E+03
 0.34756663007922E+03
 0.34622211409236E+03
 0.34484751412835E+03
 0.34344219074100E+03
 0.34200552329026E+03
 0.34053696902467E+03
 0.33903604312517E+03
 0.33750233029466E+03
 0.33593548089475E+03
 0.33433524830796E+03
 0.33270146235641E+03
 0.33103406385231E+03
 0.32933309970686E+03
 0.32759873551233E+03
 0.32583126641872E+03
 0.32403112481771E+03
 0.32219882976125E+03
 0.32033525160144E+03
 0.31844124495017E+03
 0.31651791441511E+03
 0.31456655949620E+03
 0.31258870728315E+03
 0.31058610549434E+03
 0.30856077370096E+03
 0.30651498590407E+03
 0.30445133476753E+03
 0.30237270757588E+03
 0.30028236146735E+03
 0.29818391095624E+03
 0.29608136462985E+03
 0.29397915105026E+03
 0.29188213556792E+03
 0.28979566426908E+03
 0.28772551820901E+03
 0.28567798366872E+03
 0.28365981540919E+03
 0.28167823549376E+03
 0.27974090710652E+03
 0.27785591606108E+03
 0.27603167835697E+03
 0.27427691890326E+03
 0.27260055676301E+03
 0.27101162095089E+03
 0.26951913309189E+03
 0.26813198941573E+03
 0.26685881452785E+03
 0.26570783046861E+03
 0.26468672100765E+03
 0.26380248926299E+03
 0.26306134614731E+03
 0.26246859313352E+03
 0.26202854297877E+03
 0.26174444874475E+03
 0.26161847359871E+03
 0.26165168814524E+03
 0.26184406877618E+03
 0.26219455443414E+03
 0.26270109941332E+03
 0.26336076132397E+03
 0.26416978857495E+03
 0.26512372558664E+03
 0.26621751883949E+03
 0.26744562491555E+03
 0.26880211205444E+03
 0.27028076260724E+03
 0.27187516304580E+03
 0.27357878656151E+03
 0.27538506694632E+03
 0.27728746118239E+03
 0.27927950131703E+03
 0.28135485465598E+03
 0.28350733075071E+03
 0.28573093579620E+03
 0.28801989176818E+03
 0.29036863082812E+03
 0.29277183325564E+03
 0.29522442059862E+03
 0.29772155573801E+03
 0.30025864546552E+03
 0.30283134238312E+03
 0.30543553159432E+03
 0.30806733431174E+03
 0.31072308542694E+03
 0.31339934039380E+03
 0.31609284082674E+03
 0.31880058936627E+03
 0.32151970735985E+03
 0.32424751849983E+03
 0.32698152404696E+03
 0.32971937506321E+03
 0.33245888060889E+03
 0.33519798651662E+03
 0.33793478470954E+03
 0.34066748946847E+03
 0.34339443636812E+03
 0.34611407399978E+03
 0.34882495824350E+03
 0.35152574417034E+03
 0.35421518646651E+03
 0.35689212449616E+03
 0.35955547798886E+03
 0.36220425356209E+03
 0.36483752696458E+03
 0.36745445110281E+03
 0.37005423381772E+03
 0.37263615285481E+03
 0.37519953370923E+03
 0.37774376454669E+03
 0.38026830046718E+03
 0.38277262112351E+03
 0.38525625366191E+03
 0.38771877384723E+03
 0.39015980461028E+03
 0.39257899960619E+03
 0.39497605241921E+03
 0.39735068861082E+03
 0.39970266249423E+03
 0.40203176413134E+03
 0.40433780963865E+03
 0.40662063569381E+03
 0.40888012184572E+03
 0.41111615200640E+03
 0.41332864070969E+03
 0.41551752412290E+03
 0.41768275443593E+03
 0.41982430808976E+03
 0.42194217718248E+03
 0.42403637022620E+03
 0.42610690601798E+03
 0.42815382652577E+03
 0.43017718065059E+03
 0.43217703464117E+03
 0.43415346417128E+03
 0.43610655777020E+03
 0.43803641434604E+03
 0.43994314384418E+03
 0.44182686268334E+03
 0.44368769764090E+03
 0.44552578354922E+03
 0.44734126334517E+03
 0.44913428622352E+03
 0.45090500817314E+03
 0.45265359121150E+03
 0.45438020305500E+03
 0.45608501521867E+03
 0.45776820727348E+03
 0.45942996028038E+03
 0.46107046059100E+03
 0.46268989788153E+03
 0.46428846451850E+03
 0.46586635689694E+03
 0.46742377423314E+03
 0.46896091726314E+03
 0.47047798953408E+03
 0.47197519546560E+03
 0.47345274348372E+03
 0.47491084110333E+03
 0.47634969842532E+03
 0.47776952572872E+03
 0.47917053500164E+03
 0.48055293766345E+03
 0.48191694697947E+03
 0.48326277367565E+03
 0.48459063135674E+03
 0.48590073303093E+03
