 0.00000000000000E+00
 0.00000000000000E+00
 0.00000000000000E+00
 0.00000000000000E+00
 0.00000000000000E+00
 0.17625039494871E-31
 0.22585337141585E-28
 0.48372592721629E-26
 0.31435704670911E-24
 0.88650879103034E-23
 0.13622614473843E-21
 0.13276292867979E-20
 0.91152883014022E-20
 0.47527008991721E-19
 0.19883539648253E-18
 0.69560181265255E-18
 0.21001719517770E-17
 0.56085423258708E-17
 0.13508598166396E-16
 0.29816658324358E-16
 0.61168519357550E-16
 0.11841675639563E-15
 0.22111244749047E-15
 0.41347704633643E-15
 0.82089547694405E-15
 0.18326798839997E-14
 0.46367513202481E-14
 0.12642516095256E-13
 0.45013441349043E-09
 0.63644753692840E-09
 0.17594359770173E-08
 0.23848266352408E-08
 0.58341137195734E-08
 0.10081053746418E-07
 0.16889782398345E-07
 0.27508999700638E-07
 0.43659381808409E-07
 0.67661874602776E-07
 0.10258679504585E-06
 0.15242468336338E-06
 0.22227910131952E-06
 0.31858159275194E-06
 0.44932905283377E-06
 0.62434293243117E-06
 0.85554954251101E-06
 0.11572823188478E-05
 0.15466037864197E-05
 0.20436472340283E-05
 0.26719777640041E-05
 0.34589712314267E-05
 0.44362112211613E-05
 0.56399026009218E-05
 0.71113009571312E-05
 0.88971552082967E-05
 0.11050167078134E-04
 0.13629465582491E-04
 0.16701087918297E-04
 0.20338475712552E-04
 0.24622989829105E-04
 0.29644405779438E-04
 0.35501473266159E-04
 0.42302423644648E-04
 0.50165537085491E-04
 0.59219675192547E-04
 0.69604848490885E-04
 0.81472777329355E-04
 0.94987461541743E-04
 0.11032573369409E-03
 0.12767788200939E-03
 0.14724820437811E-03
 0.16925559675802E-03
 0.19393419780081E-03
 0.22153392168233E-03
 0.25232110673494E-03
 0.28657911463989E-03
 0.32460890435379E-03
 0.36672981983041E-03
 0.41328006455172E-03
 0.46461730091218E-03
 0.52111949840876E-03
 0.58318572329204E-03
 0.65123640098529E-03
 0.72571409505339E-03
 0.80715984262318E-03
 0.89592652448548E-03
 0.99259168197073E-03
 0.10976948295551E-02
 0.12118018167877E-02
 0.13355048433294E-02
 0.14694244385707E-02
 0.16142095586295E-02
 0.17705392011562E-02
 0.19391227690956E-02
 0.21207007561551E-02
 0.23160464373602E-02
 0.25259674640082E-02
 0.27513051455985E-02
 0.29929375305951E-02
 0.32517800557243E-02
 0.35287830832391E-02
 0.38249437262420E-02
 0.41412926041532E-02
 0.44789046847884E-02
 0.48389002151958E-02
 0.52224422163151E-02
 0.56307405149999E-02
 0.60650519200849E-02
 0.65266820734890E-02
 0.70169860913207E-02
 0.75373702602584E-02
 0.80892966349217E-02
 0.86742780160306E-02
 0.92938794144161E-02
 0.99497266045836E-02
 0.10643498393690E-01
 0.11376934809280E-01
 0.12151825107024E-01
 0.12970023169015E-01
 0.13833434910977E-01
 0.14744175445366E-01
 0.15703997049069E-01
 0.16715099525024E-01
 0.17779600978775E-01
 0.18899685441928E-01
 0.20077579127708E-01
 0.21315549248238E-01
 0.22615900471617E-01
 0.23980971097771E-01
 0.25413128957045E-01
 0.26914763218148E-01
 0.28488277557563E-01
 0.30136078108984E-01
 0.31860569328590E-01
 0.33664145774941E-01
 0.35549173152789E-01
 0.37517990024012E-01
 0.39572889356999E-01
 0.41716110061226E-01
 0.43949811591459E-01
 0.46276102679018E-01
 0.48696988363546E-01
 0.51214376491888E-01
 0.53830076595039E-01
 0.56545773895590E-01
 0.59363042274771E-01
 0.62283329168646E-01
 0.65307940578599E-01
 0.68438060997821E-01
 0.71674727503043E-01
 0.75018848157183E-01
 0.78471190897762E-01
 0.82032573983905E-01
 0.85703122455461E-01
 0.89483374511745E-01
 0.93373556113375E-01
 0.97373765174101E-01
 0.10148395723031E+00
 0.10570395955910E+00
 0.11003344911363E+00
 0.11447197942855E+00
 0.11901891754634E+00
 0.12367348994191E+00
 0.12843472512793E+00
 0.13330144442094E+00
 0.13827224116969E+00
 0.14334545388332E+00
 0.14851913978807E+00
 0.15379100100581E+00
 0.15915840270077E+00
 0.16461829094351E+00
 0.17016715998141E+00
 0.17580100734606E+00
 0.18151528949731E+00
 0.18730485559362E+00
 0.19316396352203E+00
 0.19908619533460E+00
 0.20506446779821E+00
 0.21109101826274E+00
 0.21715740800932E+00
 0.22325454580034E+00
 0.22937273215954E+00
 0.23550173667124E+00
 0.24163087099519E+00
 0.24774910485021E+00
 0.25384517129416E+00
 0.25990771730950E+00
 0.26592543354797E+00
 0.27188723365079E+00
 0.27778228541739E+00
 0.28360055293515E+00
 0.28933229965731E+00
 0.29496864358931E+00
 0.30050151981845E+00
 0.30592375978544E+00
 0.31122912859624E+00
 0.31641234649254E+00
 0.32146908835460E+00
 0.32639595923111E+00
 0.33119046235896E+00
 0.33585094501691E+00
 0.34037653810200E+00
 0.34476708987061E+00
 0.34902309341232E+00
 0.35314561536673E+00
 0.35713622220748E+00
 0.36099691236042E+00
 0.36473005252147E+00
 0.36833830697386E+00
 0.37182459229138E+00
 0.37519201549940E+00
 0.37844383412355E+00
 0.38158341319578E+00
 0.38461418776380E+00
 0.38753963258913E+00
 0.39036323731886E+00
 0.39308847787267E+00
 0.39571880168656E+00
 0.39825761023712E+00
 0.40070824656704E+00
 0.40307396999971E+00
 0.40535800163422E+00
 0.40756343402308E+00
 0.40969328615747E+00
 0.41175048556604E+00
 0.41373785896877E+00
 0.41565813905507E+00
 0.41751396047241E+00
 0.41930786159542E+00
 0.42104228658444E+00
 0.42271958204144E+00
 0.42434200296083E+00
 0.42591171394551E+00
 0.42743079168475E+00
 0.42890122835931E+00
 0.43032493159143E+00
 0.43170372961587E+00
 0.43303937351816E+00
 0.43433353978911E+00
 0.43558783496803E+00
 0.43680379441832E+00
 0.43798288917794E+00
 0.43912652567635E+00
 0.44023605099103E+00
 0.44131275473918E+00
 0.44235787112196E+00
 0.44337257872217E+00
 0.44435800752753E+00
 0.44531523919533E+00
 0.44624530938648E+00
 0.44714920882831E+00
 0.44802788656298E+00
 0.44888225098409E+00
 0.44971317254907E+00
 0.45052148490022E+00
 0.45130798671307E+00
 0.45207344429552E+00
 0.45281859055221E+00
 0.45354412888467E+00
 0.45425073380913E+00
 0.45493905186651E+00
 0.45560970368106E+00
 0.45626328464039E+00
 0.45690036606600E+00
 0.45752149602671E+00
 0.45812720114159E+00
 0.45871798693758E+00
 0.45929433901364E+00
 0.45985672401184E+00
 0.46040559027662E+00
 0.46094136876095E+00
 0.46146447401850E+00
 0.46197530429026E+00
 0.46247424286298E+00
 0.46296165856522E+00
 0.46343790626801E+00
 0.46390332757780E+00
 0.46435825130530E+00
 0.46480299415445E+00
 0.46523786115701E+00
 0.46566314620117E+00
 0.46607913250491E+00
 0.46648609308486E+00
 0.46688429111262E+00
 0.46727398037038E+00
 0.46765540565849E+00
 0.46802880313177E+00
 0.46839440065013E+00
 0.46875241820768E+00
 0.46910306812355E+00
 0.46944655541450E+00
 0.46978307814177E+00
 0.47011282753042E+00
 0.47043598842831E+00
 0.47075273940977E+00
 0.47106325321985E+00
 0.47136769666540E+00
 0.47166623117824E+00
 0.47195901289929E+00
 0.47224619282848E+00
 0.47252791708659E+00
