 0.00000000000000E+00
 0.00000000000000E+00
 0.00000000000000E+00
 0.00000000000000E+00
 0.00000000000000E+00
 0.17625039259552E-21
 0.22585336840038E-18
 0.48372592075785E-16
 0.31435704251199E-14
 0.88650877919395E-13
 0.13622614291906E-11
 0.13276292690169E-10
 0.91152881764500E-10
 0.47527008182048E-09
 0.19883538478067E-08
 0.69560145227474E-08
 0.21001625282654E-07
 0.56083649032024E-07
 0.13506128785170E-06
 0.29790193803594E-06
 0.60942071751036E-06
 0.11682202462820E-05
 0.21163239222689E-05
 0.36488952929850E-05
 0.60234170765104E-05
 0.95677575479275E-05
 0.14686657436940E-04
 0.21866307653935E-04
 0.31676833154088E-04
 0.44772636292291E-04
 0.61890672807627E-04
 0.83846824403354E-04
 0.11153060541680E-03
 0.14589847076197E-03
 0.18796602924739E-03
 0.23879944492593E-03
 0.29950631004930E-03
 0.37122625183206E-03
 0.45512149033690E-03
 0.55236754512080E-03
 0.66414425489795E-03
 0.79162722639686E-03
 0.93597981765343E-03
 0.10983457258665E-02
 0.12798422204062E-02
 0.14815540485965E-02
 0.17045280220461E-02
 0.19497682777049E-02
 0.22182321974680E-02
 0.25108269635253E-02
 0.28284067116385E-02
 0.31717702516150E-02
 0.35416593299562E-02
 0.39387573739793E-02
 0.43636886939004E-02
 0.48170180991876E-02
 0.52992508931452E-02
 0.58108332106790E-02
 0.63521526630050E-02
 0.69235392551262E-02
 0.75252665573004E-02
 0.81575530877168E-02
 0.88205638889678E-02
 0.95144122704547E-02
 0.10239161696268E-01
 0.10994827796525E-01
 0.11781380493096E-01
 0.12598746185801E-01
 0.13446810021923E-01
 0.14325418248683E-01
 0.15234380575369E-01
 0.16173472577894E-01
 0.17142438119091E-01
 0.18140991767663E-01
 0.19168821244010E-01
 0.20225589748740E-01
 0.21310938608285E-01
 0.22424489404509E-01
 0.23565846397816E-01
 0.24734598842286E-01
 0.25930323300262E-01
 0.27152585792455E-01
 0.28400943999878E-01
 0.29674957445736E-01
 0.30974159297525E-01
 0.32298101389076E-01
 0.33646328912261E-01
 0.35018389074962E-01
 0.36413832238386E-01
 0.37832214606249E-01
 0.39273099552043E-01
 0.40736059194520E-01
 0.42220676174239E-01
 0.43726545141605E-01
 0.45253274952986E-01
 0.46800489303130E-01
 0.48367828401031E-01
 0.49954950835575E-01
 0.51561535120312E-01
 0.53187277646657E-01
 0.54831902513086E-01
 0.56495152504583E-01
 0.58176796355697E-01
 0.59876629216116E-01
 0.61594473533096E-01
 0.63330179699760E-01
 0.65083627785319E-01
 0.66854728771107E-01
 0.68643425382801E-01
 0.70449693570079E-01
 0.72273544136601E-01
 0.74115022727087E-01
 0.75974210620418E-01
 0.77851228718628E-01
 0.79746235281596E-01
 0.81659430062272E-01
 0.83591050535830E-01
 0.85541378718807E-01
 0.87510737577834E-01
 0.89499532116637E-01
 0.91508108590606E-01
 0.93536955059988E-01
 0.95586571372972E-01
 0.97657509048547E-01
 0.99750364248955E-01
 0.10186577850267E+00
 0.10400444131288E+00
 0.10616708797803E+00
 0.10835450022926E+00
 0.11056750487350E+00
 0.11280697334990E+00
 0.11507381937834E+00
 0.11736899841020E+00
 0.11969350636614E+00
 0.12204837504548E+00
 0.12443467276841E+00
 0.12685349981961E+00
 0.12930598524304E+00
 0.13179327875944E+00
 0.13431656447149E+00
 0.13687703679457E+00
 0.13947590581088E+00
 0.14211439489362E+00
 0.14479373205582E+00
 0.14751514880271E+00
 0.15027987915532E+00
 0.15308914596330E+00
 0.15594416919237E+00
 0.15884615300350E+00
 0.16179628521243E+00
 0.16479573334051E+00
 0.16784570764799E+00
 0.17094718559029E+00
 0.17410130774112E+00
 0.17730911122933E+00
 0.18057158804735E+00
 0.18388967471551E+00
 0.18726424701980E+00
 0.19069610272734E+00
 0.19418598013407E+00
 0.19773449093542E+00
 0.20134217015654E+00
 0.20500940368712E+00
 0.20873643836690E+00
 0.21252335567143E+00
 0.21637004472598E+00
 0.22027617868631E+00
 0.22424116749002E+00
 0.22826416127691E+00
 0.23234398767656E+00
 0.23647913049028E+00
 0.24066769281123E+00
 0.24490736237061E+00
 0.24919536397526E+00
 0.25352847015222E+00
 0.25790293444031E+00
 0.26231450060161E+00
 0.26675838852645E+00
 0.27122929556751E+00
 0.27572140914621E+00
 0.28022843947807E+00
 0.28474366723926E+00
 0.28925999526900E+00
 0.29377003145795E+00
 0.29826616044916E+00
 0.30274064826897E+00
 0.30718573658181E+00
 0.31159376621977E+00
 0.31595721655065E+00
 0.32026903603088E+00
 0.32452237731794E+00
 0.32871093502653E+00
 0.33282893618855E+00
 0.33687120248734E+00
 0.34083318201599E+00
 0.34471096655471E+00
 0.34850129781289E+00
 0.35220155540162E+00
 0.35580973743512E+00
 0.35932442791611E+00
 0.36274475822526E+00
 0.36607036366539E+00
 0.36930133633352E+00
 0.37243817646356E+00
 0.37548174401867E+00
 0.37843321182070E+00
 0.38129402415974E+00
 0.38406584634826E+00
 0.38675053426930E+00
 0.38935009166425E+00
 0.39186664180749E+00
 0.39430239762781E+00
 0.39665963521422E+00
 0.39894067217809E+00
 0.40114785034027E+00
 0.40328351382959E+00
 0.40534999929310E+00
 0.40734962229767E+00
 0.40928466842002E+00
 0.41115737297465E+00
 0.41296995869226E+00
 0.41472456164922E+00
 0.41642327614415E+00
 0.41806813991545E+00
 0.41966112637257E+00
 0.42120414934686E+00
 0.42269905931073E+00
 0.42414764438569E+00
 0.42555163131413E+00
 0.42691268210692E+00
 0.42823239832739E+00
 0.42951232143850E+00
 0.43075393399824E+00
 0.43195866204457E+00
 0.43312787415546E+00
 0.43426288529759E+00
 0.43536495789517E+00
 0.43643530350593E+00
 0.43747508602682E+00
 0.43848541993911E+00
 0.43946737566924E+00
 0.44042197872440E+00
 0.44135021366846E+00
 0.44225302515603E+00
 0.44313131922419E+00
 0.44398596246135E+00
 0.44481778782126E+00
 0.44562759426564E+00
 0.44641614836512E+00
 0.44718418481152E+00
 0.44793240882446E+00
 0.44866149671548E+00
 0.44937209786439E+00
 0.45006483539812E+00
 0.45074030736931E+00
 0.45139908889652E+00
 0.45204173081821E+00
 0.45266876284705E+00
 0.45328069396835E+00
 0.45387801281807E+00
 0.45446118944196E+00
 0.45503067554413E+00
 0.45558690528332E+00
 0.45613029588633E+00
 0.45666124904017E+00
 0.45718015093188E+00
 0.45768737316541E+00
 0.45818327353010E+00
 0.45866819629506E+00
 0.45914247298370E+00
 0.45960642299299E+00
 0.46006035368201E+00
 0.46050456133478E+00
 0.46093933158495E+00
 0.46136493964411E+00
 0.46178165090194E+00
 0.46218972119977E+00
 0.46258939734997E+00
 0.46298091746981E+00
 0.46336451128953E+00
 0.46374040057422E+00
 0.46410879945259E+00
 0.46446991462221E+00
 0.46482394571118E+00
 0.46517108558990E+00
 0.46551152058366E+00
 0.46584543074402E+00
 0.46617299021146E+00
 0.46649436723068E+00
 0.46680972459716E+00
 0.46711921963949E+00
 0.46742300464271E+00
 0.46772122698338E+00
 0.46801402920791E+00
 0.46830154946049E+00
 0.46858392126084E+00
 0.46886127405511E+00
 0.46913373322135E+00
 0.46940142016105E+00
 0.46966445251304E+00
