                  NaN
                  NaN
                  NaN
                  NaN
                  NaN
 0.10000000133514E-09
 0.10000000133514E-09
 0.10000000133514E-09
 0.10000000133514E-09
 0.10000000133517E-09
 0.10000000133555E-09
 0.10000000133930E-09
 0.10000000137080E-09
 0.10000000170361E-09
 0.10000000588520E-09
 0.10000005180809E-09
 0.10000044870392E-09
 0.10000316353646E-09
 0.10001828341241E-09
 0.10008883634977E-09
 0.10037157845148E-09
 0.10136509512868E-09
 0.10447949161460E-09
 0.11331567861959E-09
 0.13628401728071E-09
 0.19154748380896E-09
 0.31571181803326E-09
 0.57817333842281E-09
 0.14210208807832E-04
 0.14215100776587E-04
 0.28428128136305E-04
 0.28442659006003E-04
 0.52309531520703E-04
 0.69096363339303E-04
 0.89855504560964E-04
 0.11519708393447E-03
 0.14577115854829E-03
 0.18226586689076E-03
 0.22540529775888E-03
 0.27594793486653E-03
 0.33468497194735E-03
 0.40243890322214E-03
 0.48006275814821E-03
 0.56843935177026E-03
 0.66848048053881E-03
 0.78112730341774E-03
 0.90735016756317E-03
 0.10481487761376E-02
 0.12045527817395E-02
 0.13776223059872E-02
 0.15684488383184E-02
 0.17781560937618E-02
 0.20079009002876E-02
 0.22588736404721E-02
 0.25322995871773E-02
 0.28294403927588E-02
 0.31515941130284E-02
 0.35000962814032E-02
 0.38763221124249E-02
 0.42816837873042E-02
 0.47176366439430E-02
 0.51856755561107E-02
 0.56873390088172E-02
 0.62242073928668E-02
 0.67979050000013E-02
 0.74101003523772E-02
 0.80625069020905E-02
 0.87568819997686E-02
 0.94950312974775E-02
 0.10278806651362E-01
 0.11110106900681E-01
 0.11990881789102E-01
 0.12923127978838E-01
 0.13908892632029E-01
 0.14950273206259E-01
 0.16049416031194E-01
 0.17208525000764E-01
 0.18429853946580E-01
 0.19715706071785E-01
 0.21068443508283E-01
 0.22490491789824E-01
 0.23984323480759E-01
 0.25552463856712E-01
 0.27200033701789E-01
 0.28924966643310E-01
 0.30732199085438E-01
 0.32624505110723E-01
 0.34604727653052E-01
 0.36675756470411E-01
 0.38840560983919E-01
 0.41102168584641E-01
 0.43463683924400E-01
 0.45928273651828E-01
 0.48499161076811E-01
 0.51179642573192E-01
 0.53973099461576E-01
 0.56882957878254E-01
 0.59912730981284E-01
 0.63066005465832E-01
 0.66346375287001E-01
 0.69757632891347E-01
 0.73303503407964E-01
 0.76987819291458E-01
 0.80814506069312E-01
 0.84787512852253E-01
 0.88910856430450E-01
 0.93188596371591E-01
 0.97624838114812E-01
 0.10222371701571E+00
 0.10698939737418E+00
 0.11192610977583E+00
 0.11703805378259E+00
 0.12232939754847E+00
 0.12780436183665E+00
 0.13346709541969E+00
 0.13932175133483E+00
 0.14537232190682E+00
 0.15162279780000E+00
 0.15807700053577E+00
 0.16474025167138E+00
 0.17161317495181E+00
 0.17870048810445E+00
 0.18600521729564E+00
 0.19353028380575E+00
 0.20127825375753E+00
 0.20925132622119E+00
 0.21745129521518E+00
 0.22587952212397E+00
 0.23453690343526E+00
 0.24342380927327E+00
 0.25254003996012E+00
 0.26188474730211E+00
 0.27145643023415E+00
 0.28125289998576E+00
 0.29127117128387E+00
 0.30150752350062E+00
 0.31195741081856E+00
 0.32261546117002E+00
 0.33347536388164E+00
 0.34453012449438E+00
 0.35577178980454E+00
 0.36719156756244E+00
 0.37877990217199E+00
 0.39052639290898E+00
 0.40241997351855E+00
 0.41444889042180E+00
 0.42660072448411E+00
 0.43886258365579E+00
 0.45122104720699E+00
 0.46366236442750E+00
 0.47617246701175E+00
 0.48873799117906E+00
 0.50134269341447E+00
 0.51397301762261E+00
 0.52661454036961E+00
 0.53925297012157E+00
 0.55187414620921E+00
 0.56446417958218E+00
 0.57700942777501E+00
 0.58949662251370E+00
 0.60191278205081E+00
 0.61424534088291E+00
 0.62648211651766E+00
 0.63861128159443E+00
 0.65062139044834E+00
 0.66250138305818E+00
 0.67424058594901E+00
 0.68582857789776E+00
 0.69725532825847E+00
 0.70851108560929E+00
 0.71958637376842E+00
 0.73047198521970E+00
 0.74115897431710E+00
 0.75163860436913E+00
 0.76190245381932E+00
 0.77194234244231E+00
 0.78175040772773E+00
 0.79131913874870E+00
 0.80064141874846E+00
 0.80971059335458E+00
 0.81852053484205E+00
 0.82706575691235E+00
 0.83534147461518E+00
 0.84334369854085E+00
 0.85106929633549E+00
 0.85851608892169E+00
 0.86568288133113E+00
 0.87256955410021E+00
 0.87917689758753E+00
 0.88550724868640E+00
 0.89156347876081E+00
 0.89734965332231E+00
 0.90287077577957E+00
 0.90813271519384E+00
 0.91314210299405E+00
 0.91790623795635E+00
 0.92243297334059E+00
 0.92673060134252E+00
 0.93080775345378E+00
 0.93467328944115E+00
 0.93833620027287E+00
 0.94180552180877E+00
 0.94509025306402E+00
 0.94819929234963E+00
 0.95114137477142E+00
 0.95392502847097E+00
 0.95655853333980E+00
 0.95904988812742E+00
 0.96140679674531E+00
 0.96363664355557E+00
 0.96574649063767E+00
 0.96774307103241E+00
 0.96963278745537E+00
 0.97142171660085E+00
 0.97311561557102E+00
 0.97471992876646E+00
 0.97623979863491E+00
 0.97768007735160E+00
 0.97904533808683E+00
 0.98033988077007E+00
 0.98156777049316E+00
 0.98273281042806E+00
 0.98383858354654E+00
 0.98488845777463E+00
 0.98588559427698E+00
 0.98683296377685E+00
 0.98773335609789E+00
 0.98858939132557E+00
 0.98940353085766E+00
 0.99017808502483E+00
 0.99091522411251E+00
 0.99161698672360E+00
 0.99228528853436E+00
 0.99292192991155E+00
 0.99352860268000E+00
 0.99410689753058E+00
 0.99465831060851E+00
 0.99518424907439E+00
 0.99568603763031E+00
 0.99616492260788E+00
 0.99662207805745E+00
 0.99705860944587E+00
 0.99747555876735E+00
 0.99787390845655E+00
 0.99825458488562E+00
 0.99861846141310E+00
 0.99896636261787E+00
 0.99929906703640E+00
 0.99961731003847E+00
 0.99992178618028E+00
 0.10002131521110E+01
 0.10004920285565E+01
 0.10007590028093E+01
 0.10010146304847E+01
 0.10012594377172E+01
 0.10014939228182E+01
 0.10017185575602E+01
 0.10019337893610E+01
 0.10021400422601E+01
 0.10023377185466E+01
 0.10025271998265E+01
 0.10027088483535E+01
 0.10028830081977E+01
 0.10030500060025E+01
 0.10032101521741E+01
 0.10033637418479E+01
 0.10035110556735E+01
 0.10036523604820E+01
 0.10037879102924E+01
 0.10039179467880E+01
 0.10040427003030E+01
 0.10041623899841E+01
 0.10042772247955E+01
 0.10043874038115E+01
 0.10044931169358E+01
 0.10045945452179E+01
 0.10046918613852E+01
 0.10047852303083E+01
 0.10048748093108E+01
 0.10049607487316E+01
 0.10050431921131E+01
 0.10051222765763E+01
 0.10051981332147E+01
 0.10052708873581E+01
 0.10053406588362E+01
 0.10054075622982E+01
 0.10054717074332E+01
 0.10055331991565E+01
 0.10055921380324E+01
 0.10056486201516E+01
 0.10057027379527E+01
 0.10057545796013E+01
 0.10058042297170E+01
 0.10058517694576E+01
 0.10058972765786E+01
 0.10059408257054E+01
 0.10059824883784E+01
 0.10060223332450E+01
 0.10060604262050E+01
 0.10060968305313E+01
