                  NaN
                  NaN
                  NaN
                  NaN
                  NaN
 0.32191396678450E+34
 0.19604097856333E+28
 0.42736729687284E+23
 0.10119373302781E+20
 0.12724300710816E+17
 0.53886389417128E+14
 0.56734387306793E+12
 0.12035363157557E+11
 0.44270971662725E+09
 0.25293718148426E+08
 0.20667086436454E+07
 0.22672327720931E+06
 0.31793704983668E+05
 0.54829899209689E+04
 0.11278168915195E+04
 0.27025611640026E+03
 0.74274109379858E+02
 0.23327275107020E+02
 0.85106444524502E+01
 0.37562216139534E+01
 0.20923949472653E+01
 0.14636113667369E+01
 0.12091457756710E+01
 0.14160404958901E+05
 0.70903271439144E+04
 0.74202274484510E+04
 0.40447129887310E+04
 0.42038517462488E+04
 0.32446182605234E+04
 0.25417979911142E+04
 0.20186624039440E+04
 0.16235638468234E+04
 0.13211259717018E+04
 0.10867166676965E+04
 0.90292353336600E+03
 0.75726133334322E+03
 0.64065866669300E+03
 0.54644317268677E+03
 0.46964986787910E+03
 0.40654377205359E+03
 0.35428690218078E+03
 0.31070192147587E+03
 0.27410321771395E+03
 0.24317477457553E+03
 0.21688083504376E+03
 0.19440003686845E+03
 0.17507633192311E+03
 0.15838212492097E+03
 0.14389033746456E+03
 0.13125316401073E+03
 0.12018571860581E+03
 0.11045330562967E+03
 0.10186156338336E+03
 0.94248751528188E+02
 0.87479538472406E+02
 0.81440283962390E+02
 0.76035050170738E+02
 0.71182554940179E+02
 0.66813618035219E+02
 0.62869146945038E+02
 0.59298473177227E+02
 0.56057995964897E+02
 0.53110057222030E+02
 0.50422047542808E+02
 0.47965622007373E+02
 0.45716068841039E+02
 0.43651792633664E+02
 0.41753849235425E+02
 0.40005585260653E+02
 0.38392318907864E+02
 0.36901068755168E+02
 0.35520345220986E+02
 0.34239936424161E+02
 0.33050743983119E+02
 0.31944658259013E+02
 0.30914437796247E+02
 0.29953578402978E+02
 0.29056234464806E+02
 0.28219763810302E+02
 0.27434311779972E+02
 0.26698113615929E+02
 0.26007295578074E+02
 0.25358348987293E+02
 0.24748074481612E+02
 0.24173570465667E+02
 0.23632186128931E+02
 0.23121506290087E+02
 0.22639317241601E+02
 0.22183584250204E+02
 0.21752440781427E+02
 0.21344176467961E+02
 0.20957204882417E+02
 0.20590067711851E+02
 0.20241416342643E+02
 0.19909984039710E+02
 0.19594629332425E+02
 0.19294254137113E+02
 0.19007846610518E+02
 0.18734468251280E+02
 0.18473231171266E+02
 0.18223305112085E+02
 0.17983907105804E+02
 0.17754298772807E+02
 0.17533780557696E+02
 0.17321689120701E+02
 0.17117400646260E+02
 0.16920313761551E+02
 0.16729850139875E+02
 0.16545464097998E+02
 0.16366626035243E+02
 0.16192831138715E+02
 0.16023582003006E+02
 0.15858405915410E+02
 0.15696838624041E+02
 0.15538568348782E+02
 0.15382900144998E+02
 0.15229530399483E+02
 0.15078035945397E+02
 0.14928015014795E+02
 0.14779070976240E+02
 0.14630814975942E+02
 0.14482865812080E+02
 0.14334852238940E+02
 0.14186413891192E+02
 0.14037201140499E+02
 0.13886876057126E+02
 0.13735112131924E+02
 0.13581597686588E+02
 0.13426037443200E+02
 0.13268151468392E+02
 0.13107680828445E+02
 0.12944386982892E+02
 0.12778054776340E+02
 0.12608491768793E+02
 0.12435536295153E+02
 0.12259053161014E+02
 0.12078937511849E+02
 0.11895117667511E+02
 0.11707553530541E+02
 0.11516241227302E+02
 0.11321210594841E+02
 0.11122526260656E+02
 0.10920288425880E+02
 0.10714630388294E+02
 0.10505719862390E+02
 0.10293755688604E+02
 0.10078975061067E+02
 0.98616171477614E+01
 0.96419733130350E+01
 0.94203483515330E+01
 0.91970672806028E+01
 0.89724716641073E+01
 0.87469176576542E+01
 0.85207727085220E+01
 0.82944104269065E+01
 0.80682124411252E+01
 0.78425597503890E+01
 0.76178357891413E+01
 0.73944203436876E+01
 0.71726883397264E+01
 0.69530082504519E+01
 0.67357400968347E+01
 0.65212341061597E+01
 0.63098278585896E+01
 0.61018464591214E+01
 0.58976002967773E+01
 0.56973840722072E+01
 0.55014756576437E+01
 0.53101354839040E+01
 0.51236036025111E+01
 0.49421005502602E+01
 0.47658248851380E+01
 0.45949523557843E+01
 0.44296347708448E+01
 0.42699990559580E+01
 0.41161460382425E+01
 0.39681496539150E+01
 0.38260565305414E+01
 0.36898853216639E+01
 0.35596272082052E+01
 0.34352460678464E+01
 0.33166794892278E+01
 0.32038396482234E+01
 0.30966163138110E+01
 0.29948743515667E+01
 0.28984632179397E+01
 0.28072143588223E+01
 0.27209455711345E+01
 0.26394635605769E+01
 0.25625668121248E+01
 0.24900483581912E+01
 0.24216982489705E+01
 0.23573059103017E+01
 0.22966621907776E+01
 0.22395611690908E+01
 0.21858016662222E+01
 0.21351884803999E+01
 0.20875333543178E+01
 0.20426557161283E+01
 0.20003831760567E+01
 0.19605518446624E+01
 0.19230064219735E+01
 0.18876003276428E+01
 0.18541954858454E+01
 0.18226622189812E+01
 0.17928789443771E+01
 0.17647318756417E+01
 0.17381146884062E+01
 0.17129281446393E+01
 0.16890796881319E+01
 0.16664831220441E+01
 0.16450581738017E+01
 0.16247301418499E+01
 0.16054295194117E+01
 0.15870917659954E+01
 0.15696565342542E+01
 0.15530680384731E+01
 0.15372742673557E+01
 0.15222268219259E+01
 0.15078807029995E+01
 0.14941940090951E+01
 0.14811277350183E+01
 0.14686455468150E+01
 0.14567135781521E+01
 0.14453002803590E+01
 0.14343762225859E+01
 0.14239139414339E+01
 0.14138877974289E+01
 0.14042738325355E+01
 0.13950496675105E+01
 0.13861943689164E+01
 0.13776883495357E+01
 0.13695132709564E+01
 0.13616519431610E+01
 0.13540882691108E+01
 0.13468071400637E+01
 0.13397943849830E+01
 0.13330366882231E+01
 0.13265215346199E+01
 0.13202371563630E+01
 0.13141724995231E+01
 0.13083171447906E+01
 0.13026612777019E+01
 0.12971956469172E+01
 0.12919115327860E+01
 0.12868007051125E+01
 0.12818553958623E+01
 0.12770682643063E+01
 0.12724323727236E+01
 0.12679411607786E+01
 0.12635884141271E+01
 0.12593682587276E+01
 0.12552751257615E+01
 0.12513037359128E+01
 0.12474490856048E+01
 0.12437064240631E+01
 0.12400712421228E+01
 0.12365392578923E+01
 0.12331064039513E+01
 0.12297688106334E+01
 0.12265227988028E+01
 0.12233648671334E+01
 0.12202916808568E+01
 0.12173000645664E+01
 0.12143869917015E+01
 0.12115495761462E+01
 0.12087850666516E+01
 0.12060908370217E+01
 0.12034643792884E+01
 0.12009032989566E+01
 0.11984053076954E+01
 0.11959682186375E+01
 0.11935899403065E+01
 0.11912684717670E+01
 0.11890018984490E+01
 0.11867883870279E+01
 0.11846261812975E+01
 0.11825135989937E+01
 0.11804490276642E+01
 0.11784309210004E+01
 0.11764577959781E+01
 0.11745282296500E+01
 0.11726408554798E+01
 0.11707943621452E+01
 0.11689874892258E+01
 0.11672190268583E+01
 0.11654878111810E+01
 0.11637927231479E+01
 0.11621326869989E+01
 0.11605066667259E+01
 0.11589136666595E+01
 0.11573527273359E+01
 0.11558229247851E+01
 0.11543233693109E+01
 0.11528532035842E+01
