 0.18163555757303E+01
 0.18163555757279E+01
 0.18163555756727E+01
 0.18163555753170E+01
 0.18163555740895E+01
 0.18163555711060E+01
 0.18163555653294E+01
 0.18163555562510E+01
 0.18163555462548E+01
 0.18163555461219E+01
 0.18163555841609E+01
 0.18163557178700E+01
 0.18163560459150E+01
 0.18163567181567E+01
 0.18163579421533E+01
 0.18163599839636E+01
 0.18163631704946E+01
 0.18163678819289E+01
 0.18163745491780E+01
 0.18163836310362E+01
 0.18163956227352E+01
 0.18164110285098E+01
 0.18164303734247E+01
 0.18164541874894E+01
 0.18164829914331E+01
 0.18165172986058E+01
 0.18165576097363E+01
 0.18166044078213E+01
 0.18166581539518E+01
 0.18167192949104E+01
 0.18167882422240E+01
 0.18168653983692E+01
 0.18169511136650E+01
 0.18170457437794E+01
 0.18171495964139E+01
 0.18172629560504E+01
 0.18173860849688E+01
 0.18175192139383E+01
 0.18176625460065E+01
 0.18178162593446E+01
 0.18179804909829E+01
 0.18181553559378E+01
 0.18183409363654E+01
 0.18185372835960E+01
 0.18187444161567E+01
 0.18189623188500E+01
 0.18191909417829E+01
 0.18194301994399E+01
 0.18196799693033E+01
 0.18199400906140E+01
 0.18202103634335E+01
 0.18204905485689E+01
 0.18207803647305E+01
 0.18210794881313E+01
 0.18213875512846E+01
 0.18217041418384E+01
 0.18220288014963E+01
 0.18223610248652E+01
 0.18227002586609E+01
 0.18230459004507E+01
 0.18233972978884E+01
 0.18237537478315E+01
 0.18241144949523E+01
 0.18244787315825E+01
 0.18248455966801E+01
 0.18252141751291E+01
 0.18255834966006E+01
 0.18259525357382E+01
 0.18263202118981E+01
 0.18266853872316E+01
 0.18270468668090E+01
 0.18274033977547E+01
 0.18277536692860E+01
 0.18280963124507E+01
 0.18284298987298E+01
 0.18287529467776E+01
 0.18290639002541E+01
 0.18293611510773E+01
 0.18296430300924E+01
 0.18299078062629E+01
 0.18301536840955E+01
 0.18303788075244E+01
 0.18305812571011E+01
 0.18307586534002E+01
 0.18309096644945E+01
 0.18310318402050E+01
 0.18311229971020E+01
 0.18311808773068E+01
 0.18312031694149E+01
 0.18311874792398E+01
 0.18311313434025E+01
 0.18310322281146E+01
 0.18308875282039E+01
 0.18306945705618E+01
 0.18304505803815E+01
 0.18301527262847E+01
 0.18297980956105E+01
 0.18293836880287E+01
 0.18289064217617E+01
 0.18283631608744E+01
 0.18277506210238E+01
 0.18270654904780E+01
 0.18263043518558E+01
 0.18254636986838E+01
 0.18245399277618E+01
 0.18235293550765E+01
 0.18224282069899E+01
 0.18212326150109E+01
 0.18199386268285E+01
 0.18185422008752E+01
 0.18170391916143E+01
 0.18154253800565E+01
 0.18136964787871E+01
 0.18118480909551E+01
 0.18098757615863E+01
 0.18077749394880E+01
 0.18055410587991E+01
 0.18031694510119E+01
 0.18006554266738E+01
 0.17979936245626E+01
 0.17951803985508E+01
 0.17922104260347E+01
 0.17890789876204E+01
 0.17857812874128E+01
 0.17823125901253E+01
 0.17786682521947E+01
 0.17748436917667E+01
 0.17708344438982E+01
 0.17666361702680E+01
 0.17622447002587E+01
 0.17576560532729E+01
 0.17528664854869E+01
 0.17478725071636E+01
 0.17426709111169E+01
 0.17372588384238E+01
 0.17316337659229E+01
 0.17257935698352E+01
 0.17197365478631E+01
 0.17134614909597E+01
 0.17069675635084E+01
 0.17002545004287E+01
 0.16933225404726E+01
 0.16861724369586E+01
 0.16788054810438E+01
 0.16712234984780E+01
 0.16634288218184E+01
 0.16554243386062E+01
 0.16472134105534E+01
 0.16387999011777E+01
 0.16301881190430E+01
 0.16213828065704E+01
 0.16123885426681E+01
 0.16032119485446E+01
 0.15938583261716E+01
 0.15843338035000E+01
 0.15746447685857E+01
 0.15647978402577E+01
 0.15547998394026E+01
 0.15446578044118E+01
 0.15343787800759E+01
 0.15239701460860E+01
 0.15134392184071E+01
 0.15027935590517E+01
 0.14920408004329E+01
 0.14811887283994E+01
 0.14702452279328E+01
 0.14592183601966E+01
 0.14481164491271E+01
 0.14369478881453E+01
 0.14257213847240E+01
 0.14144458935562E+01
 0.14031305733539E+01
 0.13917850201727E+01
 0.13804191986888E+01
 0.13690432992820E+01
 0.13576679358795E+01
 0.13463040487182E+01
 0.13349629089834E+01
 0.13236560750148E+01
 0.13123953749475E+01
 0.13011927878759E+01
 0.12900603696793E+01
 0.12790102036764E+01
 0.12680541813680E+01
 0.12572039772833E+01
 0.12464709518236E+01
 0.12358659129847E+01
 0.12253991389070E+01
 0.12150803225266E+01
 0.12049177186374E+01
 0.11949193976340E+01
 0.11850921995018E+01
 0.11754420273670E+01
 0.11659738040963E+01
 0.11566914355149E+01
 0.11475979076319E+01
 0.11386952951991E+01
 0.11299848222795E+01
 0.11214669446253E+01
 0.11131414092277E+01
 0.11050073368545E+01
 0.10970633032141E+01
 0.10893074089028E+01
 0.10817373780964E+01
 0.10743506104050E+01
 0.10671441294040E+01
 0.10601149367131E+01
 0.10532597754856E+01
 0.10465752336441E+01
 0.10400579437446E+01
 0.10337043951055E+01
 0.10275110749237E+01
 0.10214744968477E+01
 0.10155912013593E+01
 0.10098577517028E+01
 0.10042707648684E+01
 0.99882689012496E+00
 0.99352289755188E+00
 0.98835559187619E+00
 0.98332188650168E+00
 0.97841863909574E+00
 0.97364292464571E+00
 0.96899184850945E+00
 0.96446255731863E+00
 0.96005230076482E+00
 0.95575838432249E+00
 0.95157821369809E+00
 0.94750920566970E+00
 0.94354888850427E+00
 0.93969482352715E+00
 0.93594464502733E+00
 0.93229604599961E+00
 0.92874678083187E+00
 0.92529464536795E+00
 0.92193749503201E+00
 0.91867326025250E+00
 0.91549988197543E+00
 0.91241536809391E+00
 0.90941775645404E+00
 0.90650515567307E+00
 0.90367569647671E+00
 0.90092758390880E+00
 0.89825903864848E+00
 0.89566825579334E+00
 0.89315358562816E+00
 0.89071336836065E+00
 0.88834598318953E+00
 0.88604981496935E+00
 0.88382332030565E+00
 0.88166495944200E+00
 0.87957324021466E+00
 0.87754671011722E+00
 0.87558392761157E+00
 0.87368348938891E+00
 0.87184404524863E+00
 0.87006422036385E+00
 0.86834271420345E+00
 0.86667823675740E+00
 0.86506952320763E+00
 0.86351534365780E+00
 0.86201447897081E+00
 0.86056574173577E+00
 0.85916796811882E+00
 0.85782003129755E+00
 0.85652080315779E+00
 0.85526920091277E+00
 0.85406414703942E+00
 0.85290459815660E+00
 0.85178952451537E+00
 0.85071791813550E+00
 0.84968879363515E+00
 0.84870118561675E+00
 0.84775414709375E+00
 0.84684675310797E+00
 0.84597809448504E+00
 0.84514728161152E+00
 0.84435344253443E+00
 0.84359572365311E+00
 0.84287328864696E+00
 0.84218532217178E+00
 0.84153101527591E+00
 0.84090958613066E+00
 0.84032026320929E+00
 0.83976229197508E+00
 0.83923493642851E+00
 0.83873747144073E+00
 0.83826918746886E+00
 0.83782939156520E+00
 0.83741740325794E+00
 0.83703256244136E+00
 0.83667420789836E+00
 0.83634170515940E+00
 0.83603442827055E+00
 0.83575176428194E+00
 0.83549311438236E+00
 0.83525789133833E+00
 0.83504551710340E+00
 0.83485543711731E+00
 0.83468709657605E+00
 0.83453995400671E+00
