 0.10928994653294E+01
 0.10928994649487E+01
 0.10928994610162E+01
 0.10928994450568E+01
 0.10928994030772E+01
 0.10928993161439E+01
 0.10928991608747E+01
 0.10928989107793E+01
 0.10928985410553E+01
 0.10928980397564E+01
 0.10928974260057E+01
 0.10928967725156E+01
 0.10928962275860E+01
 0.10928960319091E+01
 0.10928965272309E+01
 0.10928981562081E+01
 0.10929014535557E+01
 0.10929070316877E+01
 0.10929155614287E+01
 0.10929277535223E+01
 0.10929443357998E+01
 0.10929660357100E+01
 0.10929935607440E+01
 0.10930275852818E+01
 0.10930687382567E+01
 0.10931175935697E+01
 0.10931746630868E+01
 0.10932403918292E+01
 0.10933151557961E+01
 0.10933992600681E+01
 0.10934929395620E+01
 0.10935963600464E+01
 0.10937096208681E+01
 0.10938327571840E+01
 0.10939657445034E+01
 0.10941085021425E+01
 0.10942608970566E+01
 0.10944227489882E+01
 0.10945938346404E+01
 0.10947738916251E+01
 0.10949626257723E+01
 0.10951597121337E+01
 0.10953648011008E+01
 0.10955775219419E+01
 0.10957974869613E+01
 0.10960242952145E+01
 0.10962575359797E+01
 0.10964967919741E+01
 0.10967416423567E+01
 0.10969916653716E+01
 0.10972464410746E+01
 0.10975055531893E+01
 0.10977685913767E+01
 0.10980351528473E+01
 0.10983048439687E+01
 0.10985772816112E+01
 0.10988520943036E+01
 0.10991289232233E+01
 0.10994074229786E+01
 0.10996872623344E+01
 0.10999681247065E+01
 0.11002497085843E+01
 0.11005317278361E+01
 0.11008139119072E+01
 0.11010960059363E+01
 0.11013777707910E+01
 0.11016589831287E+01
 0.11019394351436E+01
 0.11022189343703E+01
 0.11024973037288E+01
 0.11027743811890E+01
 0.11030500194521E+01
 0.11033240859101E+01
 0.11035964619720E+01
 0.11038670430353E+01
 0.11041357365549E+01
 0.11044024664336E+01
 0.11046671676452E+01
 0.11049297877409E+01
 0.11051902860895E+01
 0.11054486349515E+01
 0.11057048175657E+01
 0.11059588283332E+01
 0.11062106916673E+01
 0.11064603889150E+01
 0.11067079625519E+01
 0.11069534489162E+01
 0.11071968951643E+01
 0.11074383557332E+01
 0.11076778961488E+01
 0.11079155908705E+01
 0.11081515221656E+01
 0.11083857810705E+01
 0.11086184653499E+01
 0.11088496870976E+01
 0.11090795620362E+01
 0.11093082136016E+01
 0.11095357747616E+01
 0.11097623864354E+01
 0.11099881900678E+01
 0.11102133478786E+01
 0.11104380204442E+01
 0.11106623744788E+01
 0.11108865862760E+01
 0.11111108421192E+01
 0.11113353320385E+01
 0.11115602528176E+01
 0.11117858092427E+01
 0.11120122113177E+01
 0.11122396760536E+01
 0.11124684268796E+01
 0.11126986928382E+01
 0.11129307073575E+01
 0.11131647113573E+01
 0.11134009495492E+01
 0.11136396737286E+01
 0.11138811338938E+01
 0.11141255888249E+01
 0.11143732970384E+01
 0.11146245567716E+01
 0.11148795672645E+01
 0.11151386248656E+01
 0.11154019866751E+01
 0.11156699196376E+01
 0.11159426801485E+01
 0.11162205164370E+01
 0.11165036781185E+01
 0.11167924024188E+01
 0.11170869167004E+01
 0.11173874350946E+01
 0.11176941576967E+01
 0.11180072661743E+01
 0.11183269222628E+01
 0.11186532651087E+01
 0.11189864073392E+01
 0.11193264340844E+01
 0.11196733983496E+01
 0.11200273175676E+01
 0.11203881639008E+01
 0.11207558869214E+01
 0.11211303799122E+01
 0.11215114917825E+01
 0.11218990173432E+01
 0.11222927138006E+01
 0.11226922662221E+01
 0.11230973212789E+01
 0.11235074561456E+01
 0.11239221965005E+01
 0.11243410072956E+01
 0.11247632924206E+01
 0.11251883934941E+01
 0.11256156204569E+01
 0.11260441325682E+01
 0.11264731140977E+01
 0.11269016570093E+01
 0.11273287943949E+01
 0.11277534873952E+01
 0.11281746521785E+01
 0.11285911193196E+01
 0.11290016753498E+01
 0.11294050262028E+01
 0.11297998452435E+01
 0.11301847061864E+01
 0.11305581385460E+01
 0.11309186119111E+01
 0.11312645315083E+01
 0.11315942445265E+01
 0.11319060208154E+01
 0.11321981106754E+01
 0.11324686914930E+01
 0.11327159051547E+01
 0.11329378603499E+01
 0.11331326311940E+01
 0.11332982645029E+01
 0.11334328365633E+01
 0.11335344124762E+01
 0.11336011072377E+01
 0.11336310889253E+01
 0.11336226088967E+01
 0.11335740203621E+01
 0.11334838202439E+01
 0.11333506697028E+01
 0.11331734185135E+01
 0.11329511535750E+01
 0.11326832013242E+01
 0.11323691598699E+01
 0.11320089337592E+01
 0.11316027132145E+01
 0.11311510158655E+01
 0.11306546558775E+01
 0.11301147740557E+01
 0.11295327816739E+01
 0.11289103793450E+01
 0.11282494978323E+01
 0.11275522882058E+01
 0.11268210751554E+01
 0.11260583244883E+01
 0.11252666039256E+01
 0.11244485472891E+01
 0.11236068153613E+01
 0.11227440637263E+01
 0.11218629140852E+01
 0.11209659283997E+01
 0.11200555767661E+01
 0.11191342330295E+01
 0.11182041615404E+01
 0.11172674794892E+01
 0.11163261757125E+01
 0.11153821052373E+01
 0.11144369739422E+01
 0.11134923534292E+01
 0.11125496766951E+01
 0.11116102436576E+01
 0.11106752253337E+01
 0.11097456709791E+01
 0.11088225166314E+01
 0.11079065885360E+01
 0.11069986146164E+01
 0.11060992319567E+01
 0.11052089934682E+01
 0.11043283559602E+01
 0.11034577245921E+01
 0.11025974325334E+01
 0.11017477538229E+01
 0.11009089077038E+01
 0.11000810642955E+01
 0.10992643507050E+01
 0.10984588566938E+01
 0.10976646360035E+01
 0.10968817113033E+01
 0.10961100774799E+01
 0.10953497043699E+01
 0.10946005426618E+01
 0.10938625238804E+01
 0.10931355611519E+01
 0.10924195542627E+01
 0.10917143885991E+01
 0.10910199443866E+01
 0.10903360902665E+01
 0.10896626856938E+01
 0.10889995839767E+01
 0.10883466340802E+01
 0.10877036822225E+01
 0.10870705707109E+01
 0.10864471366348E+01
 0.10858332181466E+01
 0.10852286508049E+01
 0.10846332698785E+01
 0.10840469101009E+01
 0.10834694075947E+01
 0.10829005981894E+01
 0.10823403187036E+01
 0.10817884086701E+01
 0.10812447077575E+01
 0.10807090582155E+01
 0.10801812983861E+01
 0.10796612795711E+01
 0.10791488484461E+01
 0.10786438550555E+01
 0.10781461519272E+01
 0.10776555943122E+01
 0.10771720390287E+01
 0.10766953450447E+01
 0.10762253769086E+01
 0.10757619995239E+01
 0.10753050808133E+01
 0.10748544911350E+01
 0.10744101038262E+01
 0.10739717945523E+01
 0.10735394423463E+01
 0.10731129260026E+01
 0.10726921307587E+01
 0.10722769426821E+01
 0.10718672502232E+01
 0.10714629437175E+01
 0.10710639167916E+01
 0.10706700652166E+01
 0.10702812871203E+01
 0.10698974828395E+01
 0.10695185546167E+01
 0.10691444078545E+01
 0.10687749492940E+01
 0.10684100881788E+01
 0.10680497356004E+01
 0.10676938047885E+01
 0.10673422109441E+01
 0.10669948710322E+01
 0.10666517044444E+01
 0.10663126319705E+01
 0.10659775746377E+01
 0.10656464599538E+01
 0.10653192129315E+01
 0.10649957613801E+01
 0.10646760352613E+01
 0.10643599654419E+01
 0.10640474844277E+01
 0.10637385272758E+01
 0.10634330286211E+01
 0.10631309259440E+01
 0.10628321585262E+01
