 0.22152489232229E+00
 0.22152489232247E+00
 0.22152489232673E+00
 0.22152489235512E+00
 0.22152489246382E+00
 0.22152489271671E+00
 0.22152489318627E+00
 0.22152489398168E+00
 0.22152489504218E+00
 0.22152489594202E+00
 0.22152489542167E+00
 0.22152489078281E+00
 0.22152487732882E+00
 0.22152484768503E+00
 0.22152479148952E+00
 0.22152469520335E+00
 0.22152454208191E+00
 0.22152431248434E+00
 0.22152398401199E+00
 0.22152353202172E+00
 0.22152292997625E+00
 0.22152215013057E+00
 0.22152116372375E+00
 0.22151994084409E+00
 0.22151845182450E+00
 0.22151666731659E+00
 0.22151455756875E+00
 0.22151209325544E+00
 0.22150924577579E+00
 0.22150598634895E+00
 0.22150228805380E+00
 0.22149812371024E+00
 0.22149346753789E+00
 0.22148829446288E+00
 0.22148258057085E+00
 0.22147630307072E+00
 0.22146944014485E+00
 0.22146197145184E+00
 0.22145387790735E+00
 0.22144514237460E+00
 0.22143574929214E+00
 0.22142568510430E+00
 0.22141493822804E+00
 0.22140349936967E+00
 0.22139136166576E+00
 0.22137852086301E+00
 0.22136497548370E+00
 0.22135072700771E+00
 0.22133578009757E+00
 0.22132014260629E+00
 0.22130382599006E+00
 0.22128684516802E+00
 0.22126921891173E+00
 0.22125096990727E+00
 0.22123212473627E+00
 0.22121271409157E+00
 0.22119277354542E+00
 0.22117234317334E+00
 0.22115146555322E+00
 0.22113019025010E+00
 0.22110857046395E+00
 0.22108666421900E+00
 0.22106453425656E+00
 0.22104224824282E+00
 0.22101987885609E+00
 0.22099750369012E+00
 0.22097520518754E+00
 0.22095307077008E+00
 0.22093119313437E+00
 0.22090966977029E+00
 0.22088860360879E+00
 0.22086810262291E+00
 0.22084827986080E+00
 0.22082925368071E+00
 0.22081114766538E+00
 0.22079409055867E+00
 0.22077821627299E+00
 0.22076366413782E+00
 0.22075057825738E+00
 0.22073911027118E+00
 0.22072941529097E+00
 0.22072165442347E+00
 0.22071602608072E+00
 0.22071264511082E+00
 0.22071171657246E+00
 0.22071342529406E+00
 0.22071796130884E+00
 0.22072552144386E+00
 0.22073630887425E+00
 0.22075053258847E+00
 0.22076840877533E+00
 0.22079016063071E+00
 0.22081601834465E+00
 0.22084621908561E+00
 0.22088100987343E+00
 0.22092064213457E+00
 0.22096537739523E+00
 0.22101548559337E+00
 0.22107124529686E+00
 0.22113294425421E+00
 0.22120087947246E+00
 0.22127535655239E+00
 0.22135669376184E+00
 0.22144521918760E+00
 0.22154127117803E+00
 0.22164519936903E+00
 0.22175736653043E+00
 0.22187814707486E+00
 0.22200792789974E+00
 0.22214710907876E+00
 0.22229610445501E+00
 0.22245534174408E+00
 0.22262526341396E+00
 0.22280632602783E+00
 0.22299899893139E+00
 0.22320377295114E+00
 0.22342114763886E+00
 0.22365164241184E+00
 0.22389579102123E+00
 0.22415420070888E+00
 0.22442732775622E+00
 0.22471580552636E+00
 0.22502022977827E+00
 0.22534120844477E+00
 0.22567936699884E+00
 0.22603534277157E+00
 0.22640978475217E+00
 0.22680335733204E+00
 0.22721672976492E+00
 0.22765058071779E+00
 0.22810559806296E+00
 0.22858247009612E+00
 0.22908189352341E+00
 0.22960456256473E+00
 0.23015116632970E+00
 0.23072239665475E+00
 0.23131893361583E+00
 0.23194145132774E+00
 0.23259060998668E+00
 0.23326705658477E+00
 0.23397142171140E+00
 0.23470431760868E+00
 0.23546633899304E+00
 0.23625804971143E+00
 0.23707999930021E+00
 0.23793270607475E+00
 0.23881666646739E+00
 0.23973235198961E+00
 0.24068020176677E+00
 0.24166063979934E+00
 0.24267411888109E+00
 0.24372087537793E+00
 0.24480130656213E+00
 0.24591573479483E+00
 0.24706444874437E+00
 0.24824771412696E+00
 0.24946576619547E+00
 0.25071883266563E+00
 0.25200709782369E+00
 0.25333071950887E+00
 0.25468983373165E+00
 0.25608453589972E+00
 0.25751488000160E+00
 0.25898089351950E+00
 0.26048253339468E+00
 0.26201969255222E+00
 0.26359221762461E+00
 0.26519986939911E+00
 0.26684233181150E+00
 0.26851918687593E+00
 0.27022992946891E+00
 0.27197392118481E+00
 0.27375042522503E+00
 0.27555855727340E+00
 0.27739733206764E+00
 0.27926561531736E+00
 0.28116217248252E+00
 0.28308561470797E+00
 0.28503444891606E+00
 0.28700711604145E+00
 0.28900192760914E+00
 0.29101715086306E+00
 0.29305100619976E+00
 0.29510168023674E+00
 0.29716734818014E+00
 0.29924618615653E+00
 0.30133640538222E+00
 0.30343620752807E+00
 0.30554397229651E+00
 0.30765801136358E+00
 0.30977674091218E+00
 0.31189864555726E+00
 0.31402230812971E+00
 0.31614635163959E+00
 0.31826948585005E+00
 0.32039049611621E+00
 0.32250822401925E+00
 0.32462157937580E+00
 0.32672952993396E+00
 0.32883111779419E+00
 0.33092536301219E+00
 0.33301140166482E+00
 0.33508839362613E+00
 0.33715552691947E+00
 0.33921201860226E+00
 0.34125712926876E+00
 0.34329014165561E+00
 0.34531035288089E+00
 0.34731709983646E+00
 0.34930974119357E+00
 0.35128764244133E+00
 0.35325018312246E+00
 0.35519678004692E+00
 0.35712686038966E+00
 0.35903985657038E+00
 0.36093522360806E+00
 0.36281244472583E+00
 0.36467098226592E+00
 0.36651037864799E+00
 0.36833013451661E+00
 0.37012978508844E+00
 0.37190888507853E+00
 0.37366699469775E+00
 0.37540369913115E+00
 0.37711860408647E+00
 0.37881131902015E+00
 0.38048148592108E+00
 0.38212874642886E+00
 0.38375277410480E+00
 0.38535325294772E+00
 0.38692988236005E+00
 0.38848238681448E+00
 0.39001050594437E+00
 0.39151399426110E+00
 0.39299263017026E+00
 0.39444620246624E+00
 0.39587452359936E+00
 0.39727742608567E+00
 0.39865475845643E+00
 0.40000637927967E+00
 0.40133218362584E+00
 0.40263206964561E+00
 0.40390595535292E+00
 0.40515378105049E+00
 0.40637550493462E+00
 0.40757109908722E+00
 0.40874055102719E+00
 0.40988387108157E+00
 0.41100108341069E+00
 0.41209222520269E+00
 0.41315735675531E+00
 0.41419654919213E+00
 0.41520988580714E+00
 0.41619746913904E+00
 0.41715941404271E+00
 0.41809585094417E+00
 0.41900692397826E+00
 0.41989278801445E+00
 0.42075361306990E+00
 0.42158957990474E+00
 0.42240088236889E+00
 0.42318772341249E+00
 0.42395031740546E+00
 0.42468889005284E+00
 0.42540367564354E+00
 0.42609491871818E+00
 0.42676287196904E+00
 0.42740779535758E+00
 0.42802995837519E+00
 0.42862963801432E+00
 0.42920711434175E+00
 0.42976267920081E+00
 0.43029662717453E+00
 0.43080925865217E+00
 0.43130087820236E+00
 0.43177179571638E+00
 0.43222232633692E+00
 0.43265278824727E+00
 0.43306349863137E+00
 0.43345478426513E+00
 0.43382697004663E+00
 0.43418038572999E+00
 0.43451535835143E+00
 0.43483222006780E+00
 0.43513130423945E+00
 0.43541294336698E+00
 0.43567746646269E+00
 0.43592521218389E+00
 0.43615650737426E+00
 0.43637168522376E+00
 0.43657107815691E+00
 0.43675501478212E+00
 0.43692382404536E+00
 0.43707783062720E+00
 0.43721735982303E+00
 0.43734273507275E+00
 0.43745427747934E+00
 0.43755230239199E+00
 0.43763712520837E+00
 0.43770905769502E+00
