 0.00000000000000E+00
-0.27775805928155E-05
-0.30275940199129E-04
-0.12160332004455E-03
-0.15281425584463E-02
-0.16463301044381E-02
-0.11132152353552E-02
-0.15130479024521E-02
-0.20192685702192E-02
-0.25279688182117E-02
-0.29639640328298E-02
-0.31843444374421E-02
-0.33093128157410E-02
-0.31388543843550E-02
-0.26054807088276E-02
-0.16781825923595E-02
-0.26721997742647E-03
 0.15877880448504E-02
 0.39273533803772E-02
 0.67529804518496E-02
 0.10041815184534E-01
 0.13758981039586E-01
 0.17879099879587E-01
 0.22347860579815E-01
 0.27124817541258E-01
 0.32152198782550E-01
 0.37385349161229E-01
 0.42766797249379E-01
 0.48246384064818E-01
 0.53779593794716E-01
 0.59315228648460E-01
 0.64809639436828E-01
 0.70218978584133E-01
 0.75509451509434E-01
 0.80647722220358E-01
 0.85607965116824E-01
 0.90365593880640E-01
 0.94902443036704E-01
 0.99202748785480E-01
 0.10325674382103E+00
 0.10705781082387E+00
 0.11060339270411E+00
 0.11389393557473E+00
 0.11693220373978E+00
 0.11972410902158E+00
 0.12227743071761E+00
 0.12460128720494E+00
 0.12670705324437E+00
 0.12860655811304E+00
 0.13031285757832E+00
 0.13183955013871E+00
 0.13320054381902E+00
 0.13440991158043E+00
 0.13548188324510E+00
 0.13643034539933E+00
 0.13726912720140E+00
 0.13801157706712E+00
 0.13867059434878E+00
 0.13925867415506E+00
 0.13978766232231E+00
 0.14026893292039E+00
 0.14071312154451E+00
 0.14113032832289E+00
 0.14153007367430E+00
 0.14192130918099E+00
 0.14231222752912E+00
 0.14271050179963E+00
 0.14312330271676E+00
 0.14355733735016E+00
 0.14401869585989E+00
 0.14451307427667E+00
 0.14504568046137E+00
 0.14562135252990E+00
 0.14624450501204E+00
 0.14691920292173E+00
 0.14764917939322E+00
 0.14843789259983E+00
 0.14928849908448E+00
 0.15020387382899E+00
 0.15118694258308E+00
 0.15223988648820E+00
 0.15336532694882E+00
 0.15456642827127E+00
 0.15584363577019E+00
 0.15719850177234E+00
 0.15863420444797E+00
 0.16015185520698E+00
 0.16175330933541E+00
 0.16344020429828E+00
 0.16521412387290E+00
 0.16707660632442E+00
 0.16902921751028E+00
 0.17107352777261E+00
 0.17321110241466E+00
 0.17544350913777E+00
 0.17777229143156E+00
 0.18019909827535E+00
 0.18272561073836E+00
 0.18535348711089E+00
 0.18808448533309E+00
 0.19092044457809E+00
 0.19386318567457E+00
 0.19691462258137E+00
 0.20007673685773E+00
 0.20335155766330E+00
 0.20674117361360E+00
 0.21024776938023E+00
 0.21387358197620E+00
 0.21762091731522E+00
 0.22149214595326E+00
 0.22548971044767E+00
 0.22961610909831E+00
 0.23387389109596E+00
 0.23826565625881E+00
 0.24279414110733E+00
 0.24746202728353E+00
 0.25227196338409E+00
 0.25722698389450E+00
 0.26233008038781E+00
 0.26758395596413E+00
 0.27299086126925E+00
 0.27855412512067E+00
 0.28427647521575E+00
 0.29016076420538E+00
 0.29620972894899E+00
 0.30242611520260E+00
 0.30881252916050E+00
 0.31537150800326E+00
 0.32210546262117E+00
 0.32901669053956E+00
 0.33610737007040E+00
 0.34337944002605E+00
 0.35083473961901E+00
 0.35847484740189E+00
 0.36630113766465E+00
 0.37431475451811E+00
 0.38251653836867E+00
 0.39090709170794E+00
 0.39948671296932E+00
 0.40825539995319E+00
 0.41721286310460E+00
 0.42635841779569E+00
 0.43569118255215E+00
 0.44520989397643E+00
 0.45491291623300E+00
 0.46479829920959E+00
 0.47486382243979E+00
 0.48510701242874E+00
 0.49552504893622E+00
 0.50611488233978E+00
 0.51687309528828E+00
 0.52779590124091E+00
 0.53887949092358E+00
 0.55011974493640E+00
 0.56151258523409E+00
 0.57305342214917E+00
 0.58473766290549E+00
 0.59656064726918E+00
 0.60851741564472E+00
 0.62060308164869E+00
 0.63281256594789E+00
 0.64514074703434E+00
 0.65758246699780E+00
 0.67013257539686E+00
 0.68278588969231E+00
 0.69553723064917E+00
 0.70838139450542E+00
 0.72131329648535E+00
 0.73432783313157E+00
 0.74741996853108E+00
 0.76058481989954E+00
 0.77381750870846E+00
 0.78711332186423E+00
 0.80046763342566E+00
 0.81387595987160E+00
 0.82733396813592E+00
 0.84083745457168E+00
 0.85438237127333E+00
 0.86796485385814E+00
 0.88158119889649E+00
 0.89522783662130E+00
 0.90890135003322E+00
 0.92259841376512E+00
 0.93631589927750E+00
 0.95005086802135E+00
 0.96380048053803E+00
 0.97756195424379E+00
 0.99133264754122E+00
 0.10051100076460E+01
 0.10188915821993E+01
 0.10326749669672E+01
 0.10464578809735E+01
 0.10602380866615E+01
 0.10740134119148E+01
 0.10877817399637E+01
 0.11015410151154E+01
 0.11152892299835E+01
 0.11290244379327E+01
 0.11427447358117E+01
 0.11564482685951E+01
 0.11701332094114E+01
 0.11837978026941E+01
 0.11974403551833E+01
 0.12110592052662E+01
 0.12246527178564E+01
 0.12382193204546E+01
 0.12517575029878E+01
 0.12652657774415E+01
 0.12787427168965E+01
 0.12921869484787E+01
 0.13055971480802E+01
 0.13189720109907E+01
 0.13323102829494E+01
 0.13456108200928E+01
 0.13588724406487E+01
 0.13720940237614E+01
 0.13852745315198E+01
 0.13984129221244E+01
 0.14115082278671E+01
 0.14245595003268E+01
 0.14375658466084E+01
 0.14505264002322E+01
 0.14634403252105E+01
 0.14763068490755E+01
 0.14891252398373E+01
 0.15018947569711E+01
 0.15146147392038E+01
 0.15272845201658E+01
 0.15399034915668E+01
 0.15524710575290E+01
 0.15649866723597E+01
 0.15774497987164E+01
 0.15898599395450E+01
 0.16022166217641E+01
 0.16145193998695E+01
 0.16267678549872E+01
 0.16389615948806E+01
 0.16511002464865E+01
 0.16631834601817E+01
 0.16752109000477E+01
 0.16871822854041E+01
 0.16990973209129E+01
 0.17109557343867E+01
 0.17227572985357E+01
 0.17345017993601E+01
 0.17461890141914E+01
 0.17578187618870E+01
 0.17693908717211E+01
 0.17809052030213E+01
 0.17923616128443E+01
 0.18037599821116E+01
 0.18151002051222E+01
 0.18263821976721E+01
 0.18376058793319E+01
 0.18487711924005E+01
 0.18598780913063E+01
 0.18709265350560E+01
 0.18819165098699E+01
 0.18928479882040E+01
 0.19037209793216E+01
 0.19145355048316E+01
 0.19252915828815E+01
 0.19359892486096E+01
 0.19466285418377E+01
 0.19572095184251E+01
 0.19677322432074E+01
 0.19781967893665E+01
 0.19886032389242E+01
 0.19989516814529E+01
 0.20092422160692E+01
 0.20194749478146E+01
 0.20296499881442E+01
 0.20397674611487E+01
 0.20498274986754E+01
 0.20598302324441E+01
 0.20697758052238E+01
 0.20796643667463E+01
 0.20894960640876E+01
 0.20992710628891E+01
 0.21089895347673E+01
 0.21186516441039E+01
 0.21282575674626E+01
 0.21378074895112E+01
 0.21473016047567E+01
 0.21567400812997E+01
 0.21661231430886E+01
 0.21754509660415E+01
 0.21847237616879E+01
 0.21939417590737E+01
 0.22031051327140E+01
 0.22122141143353E+01
 0.22212689415619E+01
 0.22302698075396E+01
 0.22392169470469E+01
 0.22481105872654E+01
 0.22569509579563E+01
 0.22657383018597E+01
 0.22744728478980E+01
 0.22831548325170E+01
 0.22917844956251E+01
