 0.35779898798956+250
 0.59816299709936+120
 0.32951834731116E+77
 0.77340930448699E+55
 0.81419203594133E+42
 0.18152559865926E+34
 0.11997418551075E+28
 0.27809889226846E+23
 0.69069232874074E+19
 0.90230022210531E+16
 0.39424497364638E+14
 0.42603062638167E+12
 0.92388928823772E+10
 0.34631965232980E+09
 0.20112763692735E+08
 0.16670434944488E+07
 0.18519720992193E+06
 0.26261805156541E+05
 0.45737447134749E+04
 0.94859191343585E+03
 0.22850793159447E+03
 0.62641663546992E+02
 0.19214730023859E+02
 0.65028669789714E+01
 0.23996232441557E+01
 0.95588674808990E+00
 0.40756416378962E+00
 0.18464656795296E+00
 0.13259022604105E+05
 0.66609115291876E+04
 0.69689007250230E+04
 0.52054759559469E+04
 0.39571060657153E+04
 0.30567654929469E+04
 0.23962496300398E+04
 0.19040114974840E+04
 0.15318371420344E+04
 0.12466584272897E+04
 0.10254219465531E+04
 0.85181083281786E+03
 0.71411259400699E+03
 0.60380843079461E+03
 0.51462606692143E+03
 0.44189391113452E+03
 0.38209489578452E+03
 0.33255427690405E+03
 0.29121825757531E+03
 0.25649581360027E+03
 0.22714393827184E+03
 0.20218373283749E+03
 0.18083840218250E+03
 0.16248715424177E+03
 0.14663048763632E+03
 0.13286390926560E+03
 0.12085783675445E+03
 0.11034217849217E+03
 0.10109436023858E+03
 0.92929951482802E+02
 0.85695493047996E+02
 0.79262534092982E+02
 0.73523101623920E+02
 0.68386099240552E+02
 0.63774317860412E+02
 0.59622013235885E+02
 0.55873019474490E+02
 0.52479174578647E+02
 0.49399012901622E+02
 0.46596760222646E+02
 0.44041398735088E+02
 0.41705981170550E+02
 0.39567018437210E+02
 0.37603954612727E+02
 0.35798769895946E+02
 0.34135651366348E+02
 0.32600633657983E+02
 0.31181381297133E+02
 0.29866949211407E+02
 0.28647650290147E+02
 0.27514843224001E+02
 0.26460823755567E+02
 0.25478700041300E+02
 0.24562302016217E+02
 0.23708386355199E+02
 0.22907443194059E+02
 0.22157211198074E+02
 0.21453645052429E+02
 0.20793061024909E+02
 0.20172143535423E+02
 0.19587877296824E+02
 0.19037513989127E+02
 0.18518548236096E+02
 0.18028706395610E+02
 0.17565906263433E+02
 0.17128240664907E+02
 0.16713963904578E+02
 0.16321453949975E+02
 0.15949240164300E+02
 0.15595964694654E+02
 0.15260372042960E+02
 0.14941299722602E+02
 0.14637673060526E+02
 0.14348493302224E+02
 0.14072838263846E+02
 0.13809849362960E+02
 0.13558721008437E+02
 0.13318700694926E+02
 0.13089092266518E+02
 0.12869238830239E+02
 0.12658522911797E+02
 0.12456363437114E+02
 0.12262213571375E+02
 0.12075556971651E+02
 0.11895906520838E+02
 0.11722796020187E+02
 0.11555776733445E+02
 0.11394438971240E+02
 0.11238371234508E+02
 0.11087192402474E+02
 0.10940531093690E+02
 0.10798144029174E+02
 0.10659467407417E+02
 0.10524279017411E+02
 0.10392258549312E+02
 0.10263090630504E+02
 0.10136475400091E+02
 0.10012121109320E+02
 0.98897425052120E+01
 0.97690653425138E+01
 0.96498200660565E+01
 0.95317458183214E+01
 0.94145917619628E+01
 0.92981123772200E+01
 0.91820743918153E+01
 0.90662516875596E+01
 0.89504270945527E+01
 0.88343976175135E+01
 0.87179688450417E+01
 0.86009604132483E+01
 0.84832043839406E+01
 0.83645475603948E+01
 0.82448521680728E+01
 0.81239967392199E+01
 0.80018779429239E+01
 0.78784069770745E+01
 0.77535174431152E+01
 0.76271595338918E+01
 0.74993040100715E+01
 0.73699410723068E+01
 0.72390799311641E+01
 0.71067496136000E+01
 0.69730093725851E+01
 0.68379024425737E+01
 0.67015247396349E+01
 0.65639767799088E+01
 0.64253746715150E+01
 0.62858506074898E+01
 0.61455488453592E+01
 0.60046271150562E+01
 0.58632538409055E+01
 0.57216077852096E+01
 0.55798763949061E+01
 0.54382544565818E+01
 0.52969436604858E+01
 0.51561512432874E+01
 0.50160892756436E+01
 0.48769732196222E+01
 0.47390208214694E+01
 0.46024519405126E+01
 0.44674868707518E+01
 0.43343451810156E+01
 0.42032447381155E+01
 0.40744001191499E+01
 0.39480209388533E+01
 0.38243102207977E+01
 0.37034621734298E+01
 0.35856599816163E+01
 0.34710733485774E+01
 0.33598564977503E+01
 0.32521457271281E+01
 0.31480568285587E+01
 0.30476837948863E+01
 0.29510971240003E+01
 0.28583429726110E+01
 0.27694434856199E+01
 0.26843963967898E+01
 0.26031763728396E+01
 0.25257364633311E+01
 0.24520099449677E+01
 0.23819129155578E+01
 0.23153464748040E+01
 0.22521993989280E+01
 0.21923507742180E+01
 0.21356722936097E+01
 0.20820311342027E+01
 0.20312909004519E+01
 0.19833146434476E+01
 0.19379656505340E+01
 0.18951091174402E+01
 0.18546130949368E+01
 0.18163300531999E+01
 0.17801746860661E+01
 0.17460087336097E+01
 0.17137182102218E+01
 0.16831945216030E+01
 0.16543344764379E+01
 0.16270402470112E+01
 0.16012193846066E+01
 0.15767846371281E+01
 0.15536537506646E+01
 0.15317494254369E+01
 0.15109989431349E+01
 0.14913341246864E+01
 0.14726909416986E+01
 0.14550093217263E+01
 0.14382330501277E+01
 0.14223094420035E+01
 0.14071891030230E+01
 0.13928256423096E+01
 0.13791761058572E+01
 0.13661997403728E+01
 0.13538585637877E+01
 0.13421169905671E+01
 0.13309416588434E+01
 0.13203013110008E+01
 0.13101666376043E+01
 0.13005101646900E+01
 0.12913060960885E+01
 0.12825302267707E+01
 0.12741598602778E+01
 0.12661736432441E+01
 0.12585515141717E+01
 0.12512746371942E+01
 0.12443252919701E+01
 0.12376867782421E+01
 0.12313434037434E+01
 0.12252803932827E+01
 0.12194838066833E+01
 0.12139405079190E+01
 0.12086381215952E+01
 0.12035649625963E+01
 0.11987099912506E+01
 0.11940628045627E+01
 0.11896135617338E+01
 0.11853529488886E+01
 0.11812721699447E+01
 0.11773629086958E+01
 0.11736172854846E+01
 0.11700278382205E+01
 0.11665874951123E+01
 0.11632895576499E+01
 0.11601276771795E+01
 0.11570958265507E+01
 0.11541882805454E+01
 0.11513996176042E+01
 0.11487246739610E+01
 0.11461585534278E+01
 0.11436965960809E+01
 0.11413343692863E+01
 0.11390676649846E+01
 0.11368924727161E+01
 0.11348049673626E+01
 0.11328015157003E+01
 0.11308786524488E+01
 0.11290330784703E+01
 0.11272616425597E+01
 0.11255613415574E+01
 0.11239293126053E+01
 0.11223628170414E+01
 0.11208592459576E+01
 0.11194161119250E+01
 0.11180310217675E+01
 0.11167017091433E+01
 0.11154259925526E+01
 0.11142017931788E+01
 0.11130271176280E+01
 0.11119000653121E+01
 0.11108188094377E+01
 0.11097816080163E+01
 0.11087867895642E+01
 0.11078327526399E+01
 0.11069179597881E+01
 0.11060409447758E+01
 0.11052002984874E+01
 0.11043946653606E+01
 0.11036227559766E+01
 0.11028833202062E+01
 0.11021751676913E+01
 0.11014971534289E+01
 0.11008481748408E+01
 0.11002271784754E+01
 0.10996331492089E+01
 0.10990651072119E+01
 0.10985221231376E+01
 0.10980032945129E+01
 0.10975077551939E+01
 0.10970346736090E+01
 0.10965832472685E+01
 0.10961527069616E+01
 0.10957423139030E+01
 0.10953513534759E+01
