 0.64848558134328E+01
 0.64848558127789E+01
 0.64848558055455E+01
 0.64848557745466E+01
 0.64848556898687E+01
 0.64848555090410E+01
 0.64848551776718E+01
 0.64848546291150E+01
 0.64848537757027E+01
 0.64848524951977E+01
 0.64848506060569E+01
 0.64848478373379E+01
 0.64848438013376E+01
 0.64848379686521E+01
 0.64848296577910E+01
 0.64848180332409E+01
 0.64848021110934E+01
 0.64847807731823E+01
 0.64847527769262E+01
 0.64847167713958E+01
 0.64846713060854E+01
 0.64846148471556E+01
 0.64845457767447E+01
 0.64844623810503E+01
 0.64843628860513E+01
 0.64842454534272E+01
 0.64841081562700E+01
 0.64839490032889E+01
 0.64837659523488E+01
 0.64835568895126E+01
 0.64833197012706E+01
 0.64830522229484E+01
 0.64827523042756E+01
 0.64824178058540E+01
 0.64820466283196E+01
 0.64816367299234E+01
 0.64811861386519E+01
 0.64806929820826E+01
 0.64801554946290E+01
 0.64795720501889E+01
 0.64789411615394E+01
 0.64782614999457E+01
 0.64775319010925E+01
 0.64767513770994E+01
 0.64759191227889E+01
 0.64750345207353E+01
 0.64740971447388E+01
 0.64731067621150E+01
 0.64720633357646E+01
 0.64709670205178E+01
 0.64698181679302E+01
 0.64686173174534E+01
 0.64673651998926E+01
 0.64660627327120E+01
 0.64647110127660E+01
 0.64633113154193E+01
 0.64618651089979E+01
 0.64603740384065E+01
 0.64588398609112E+01
 0.64572645676298E+01
 0.64556502825474E+01
 0.64539992900373E+01
 0.64523140274392E+01
 0.64505970851673E+01
 0.64488512045255E+01
 0.64470792721108E+01
 0.64452843118064E+01
 0.64434694868029E+01
 0.64416381026929E+01
 0.64397935927740E+01
 0.64379395321131E+01
 0.64360796236574E+01
 0.64342176979354E+01
 0.64323577161998E+01
 0.64305037668353E+01
 0.64286600618634E+01
 0.64268309357206E+01
 0.64250208496305E+01
 0.64232343749081E+01
 0.64214762640323E+01
 0.64197513410913E+01
 0.64180645691192E+01
 0.64164219217460E+01
 0.64148270129797E+01
 0.64132859404503E+01
 0.64118042097674E+01
 0.64103874354191E+01
 0.64090413897376E+01
 0.64077719879923E+01
 0.64065852745658E+01
 0.64054874582651E+01
 0.64044849074444E+01
 0.64035841498056E+01
 0.64027918719694E+01
 0.64021149907596E+01
 0.64015605131602E+01
 0.64011356856631E+01
 0.64008479475118E+01
 0.64007049382394E+01
 0.64007145090983E+01
 0.64008847271612E+01
 0.64012238539463E+01
 0.64017404544007E+01
 0.64024433202452E+01
 0.64033414802376E+01
 0.64044442265712E+01
 0.64057611637877E+01
 0.64073021661012E+01
 0.64090773997548E+01
 0.64110973388319E+01
 0.64133727798854E+01
 0.64159148440189E+01
 0.64187349949152E+01
 0.64218450257048E+01
 0.64252570153435E+01
 0.64289835623047E+01
 0.64330374410407E+01
 0.64374318946681E+01
 0.64421804859592E+01
 0.64472986824819E+01
 0.64527978418201E+01
 0.64586939848627E+01
 0.64650020513390E+01
 0.64717372425872E+01
 0.64789151404383E+01
 0.64865515645977E+01
 0.64946625619991E+01
 0.65032645089239E+01
 0.65123738228150E+01
 0.65220070867720E+01
 0.65321810403057E+01
 0.65429123445776E+01
 0.65542177996500E+01
 0.65661140550271E+01
 0.65786175404425E+01
 0.65917446695881E+01
 0.66055114760055E+01
 0.66199337603315E+01
 0.66350268931907E+01
 0.66508058370202E+01
 0.66672850771183E+01
 0.66844785812578E+01
 0.67023998345561E+01
 0.67210615111898E+01
 0.67404759230274E+01
 0.67606546018270E+01
 0.67816085702307E+01
 0.68033482908234E+01
 0.68258835112426E+01
 0.68492237384152E+01
 0.68733794186588E+01
 0.68983556733949E+01
 0.69241620896866E+01
 0.69508066544557E+01
 0.69782969034434E+01
 0.70066403270100E+01
 0.70358441517265E+01
 0.70659161130439E+01
 0.70968635498187E+01
 0.71286939729355E+01
 0.71614152738004E+01
 0.71950353350926E+01
 0.72295621182439E+01
 0.72650041598418E+01
 0.73013694736422E+01
 0.73386658522367E+01
 0.73769013263744E+01
 0.74160833003670E+01
 0.74562186870656E+01
 0.74973132928259E+01
 0.75393721209832E+01
 0.75823981477832E+01
 0.76263930264558E+01
 0.76713556615421E+01
 0.77172831976535E+01
 0.77641694438779E+01
 0.78120058546653E+01
 0.78607797263711E+01
 0.79104750736909E+01
 0.79610732074416E+01
 0.80125505851020E+01
 0.80648805744121E+01
 0.81180329425634E+01
 0.81719737798348E+01
 0.82266657266521E+01
 0.82820680669322E+01
 0.83381373633218E+01
 0.83948262628804E+01
 0.84520885815523E+01
 0.85098727446916E+01
 0.85681267315472E+01
 0.86267974082614E+01
 0.86858316849394E+01
 0.87451754216112E+01
 0.88047750329665E+01
 0.88645777288031E+01
 0.89245313274805E+01
 0.89845850134200E+01
 0.90446894035244E+01
 0.91047973323503E+01
 0.91648613727161E+01
 0.92248379803373E+01
 0.92846850445735E+01
 0.93443621727378E+01
 0.94038307818235E+01
 0.94630545765927E+01
 0.95219989854960E+01
 0.95806309438174E+01
 0.96389195844155E+01
 0.96968357465221E+01
 0.97543514896169E+01
 0.98114402619130E+01
 0.98680774690013E+01
 0.99242396825152E+01
 0.99799044878877E+01
 0.10035050837476E+02
 0.10089659170672E+02
 0.10143710006666E+02
 0.10197186745206E+02
 0.10250072101047E+02
 0.10302350287656E+02
 0.10354006498082E+02
 0.10405026502880E+02
 0.10455397147577E+02
 0.10505106171054E+02
 0.10554141725981E+02
 0.10602493152375E+02
 0.10650149993932E+02
 0.10697102928655E+02
 0.10743343110756E+02
 0.10788862288424E+02
 0.10833653065709E+02
 0.10877708600113E+02
 0.10921022582779E+02
 0.10963589474764E+02
 0.11005404111011E+02
 0.11046462071239E+02
 0.11086759556773E+02
 0.11126293273998E+02
 0.11165060245552E+02
 0.11203058580373E+02
 0.11240286482097E+02
 0.11276742734257E+02
 0.11312426781357E+02
 0.11347338575775E+02
 0.11381478459980E+02
 0.11414847216362E+02
 0.11447446274951E+02
 0.11479277452527E+02
 0.11510342917716E+02
 0.11540645482564E+02
 0.11570188253668E+02
 0.11598974668812E+02
 0.11627008686988E+02
 0.11654294603579E+02
 0.11680837131189E+02
 0.11706641347124E+02
 0.11731712616901E+02
 0.11756056700429E+02
 0.11779679649872E+02
 0.11802587865977E+02
 0.11824787972041E+02
 0.11846286897894E+02
 0.11867091865650E+02
 0.11887210318409E+02
 0.11906649966043E+02
 0.11925418721353E+02
 0.11943524680907E+02
 0.11960976186726E+02
 0.11977781766471E+02
 0.11993950014618E+02
 0.12009489832291E+02
 0.12024410178028E+02
 0.12038720151329E+02
 0.12052428947221E+02
 0.12065545886328E+02
 0.12078080423454E+02
 0.12090042070247E+02
 0.12101440295021E+02
 0.12112284817521E+02
 0.12122585282563E+02
 0.12132351451327E+02
 0.12141592993316E+02
 0.12150319705009E+02
 0.12158541388520E+02
 0.12166267823534E+02
 0.12173508655553E+02
 0.12180273796467E+02
 0.12186572814328E+02
 0.12192415420846E+02
 0.12197811308687E+02
 0.12202770051562E+02
 0.12207301198017E+02
 0.12211414180945E+02
 0.12215118429395E+02
 0.12218423309686E+02
 0.12221338114631E+02
 0.12223871953076E+02
 0.12226033929772E+02
 0.12227833033381E+02
