 0.10906081480649E+00
 0.10906081480638E+00
 0.10906081480525E+00
 0.10906081480759E+00
 0.10906081486070E+00
 0.10906081506914E+00
 0.10906081562597E+00
 0.10906081676049E+00
 0.10906081824986E+00
 0.10906081841475E+00
 0.10906081234677E+00
 0.10906078952499E+00
 0.10906073137047E+00
 0.10906060888299E+00
 0.10906038112731E+00
 0.10905999446429E+00
 0.10905938254100E+00
 0.10905846729296E+00
 0.10905716022836E+00
 0.10905536430815E+00
 0.10905297612732E+00
 0.10904988778778E+00
 0.10904598913525E+00
 0.10904117047594E+00
 0.10903532290531E+00
 0.10902834018400E+00
 0.10902012069935E+00
 0.10901056784455E+00
 0.10899959013264E+00
 0.10898710280474E+00
 0.10897302541979E+00
 0.10895728443291E+00
 0.10893981107775E+00
 0.10892054147308E+00
 0.10889941623097E+00
 0.10887637959349E+00
 0.10885137979030E+00
 0.10882436770041E+00
 0.10879529705576E+00
 0.10876412348921E+00
 0.10873080471726E+00
 0.10869530023699E+00
 0.10865757109092E+00
 0.10861757981317E+00
 0.10857529025802E+00
 0.10853066756210E+00
 0.10848367806418E+00
 0.10843428923856E+00
 0.10838246968097E+00
 0.10832818893503E+00
 0.10827141746542E+00
 0.10821212643883E+00
 0.10815028762078E+00
 0.10808587314562E+00
 0.10801885537465E+00
 0.10794920658448E+00
 0.10787689802958E+00
 0.10780189983477E+00
 0.10772418336006E+00
 0.10764371560851E+00
 0.10756046270367E+00
 0.10747438839393E+00
 0.10738545355210E+00
 0.10729361567448E+00
 0.10719882834941E+00
 0.10710104094551E+00
 0.10700019821910E+00
 0.10689623983296E+00
 0.10678909964004E+00
 0.10667870554996E+00
 0.10656497862980E+00
 0.10644783315561E+00
 0.10632717600000E+00
 0.10620290618649E+00
 0.10607491456093E+00
 0.10594308348259E+00
 0.10580728653108E+00
 0.10566738811476E+00
 0.10552324363467E+00
 0.10537469617650E+00
 0.10522158109765E+00
 0.10506372286578E+00
 0.10490089004152E+00
 0.10473296753392E+00
 0.10455970908518E+00
 0.10438089396862E+00
 0.10419629144653E+00
 0.10400565800839E+00
 0.10380873812330E+00
 0.10360526520018E+00
 0.10339495974859E+00
 0.10317752925424E+00
 0.10295266918907E+00
 0.10272006296483E+00
 0.10247937764961E+00
 0.10223027213488E+00
 0.10197238951823E+00
 0.10170535965664E+00
 0.10142879956973E+00
 0.10114231289072E+00
 0.10084549022283E+00
 0.10053791013715E+00
 0.10021913488321E+00
 0.99888714375185E-01
 0.99546186486824E-01
 0.99191076385276E-01
 0.98822894548146E-01
 0.98441139973590E-01
 0.98045299759188E-01
 0.97634849263017E-01
 0.97209252366680E-01
 0.96767962489427E-01
 0.96310422192817E-01
 0.95836067063214E-01
 0.95344327693698E-01
 0.94834618820700E-01
 0.94306359796633E-01
 0.93758960301247E-01
 0.93191829750038E-01
 0.92604295235340E-01
 0.91995927221720E-01
 0.91366066158373E-01
 0.90714135767748E-01
 0.90039578047985E-01
 0.89341841073625E-01
 0.88620392251743E-01
 0.87874722876510E-01
 0.87104345119004E-01
 0.86308807033560E-01
 0.85487690381227E-01
 0.84640613759267E-01
 0.83767245735096E-01
 0.82867298269312E-01
 0.81940542115890E-01
 0.80986811840032E-01
 0.80005997709363E-01
 0.78998066896470E-01
 0.77963056328545E-01
 0.76901083893787E-01
 0.75812347051681E-01
 0.74697127798321E-01
 0.73555794674327E-01
 0.72388800452043E-01
 0.71196698122073E-01
 0.69980118212486E-01
 0.68739786891602E-01
 0.67476513672560E-01
 0.66191191378249E-01
 0.64884803099341E-01
 0.63558399332182E-01
 0.62213045279833E-01
 0.60850090026777E-01
 0.59470745874125E-01
 0.58076346883135E-01
 0.56668295994780E-01
 0.55248058207869E-01
 0.53817155103917E-01
 0.52377151459135E-01
 0.50929676541308E-01
 0.49476409923654E-01
 0.48019076763071E-01
 0.46559458672727E-01
 0.45099392675172E-01
 0.43640760251871E-01
 0.42185505915937E-01
 0.40735637685246E-01
 0.39293207621261E-01
 0.37860333995573E-01
 0.36439184476581E-01
 0.35031981946372E-01
 0.33640982220032E-01
 0.32268490556445E-01
 0.30916818782447E-01
 0.29588293431157E-01
 0.28285208195120E-01
 0.27009821056913E-01
 0.25764307872423E-01
 0.24550743555911E-01
 0.23371062629952E-01
 0.22227021284189E-01
 0.21120181590559E-01
 0.20051866364916E-01
 0.19023155465939E-01
 0.18034855370170E-01
 0.17087495278328E-01
 0.16181334305127E-01
 0.15316356399461E-01
 0.14492305420993E-01
 0.13708642746760E-01
 0.12964660026186E-01
 0.12259444349394E-01
 0.11591921582276E-01
 0.10960877994392E-01
 0.10365003957879E-01
 0.98029035490276E-02
 0.92731264481657E-02
 0.87741905572942E-02
 0.83045993921508E-02
 0.78628595841217E-02
 0.74474918582502E-02
 0.70570578311844E-02
 0.66901450668839E-02
 0.63453902048120E-02
 0.60214824745692E-02
 0.57171662725476E-02
 0.54312428887552E-02
 0.51625725930862E-02
 0.49100755258337E-02
 0.46727304844690E-02
 0.44495740737089E-02
 0.42396996215297E-02
 0.40422552599960E-02
 0.38564416335763E-02
 0.36815091688336E-02
 0.35167569751378E-02
 0.33615291438435E-02
 0.32152123234337E-02
 0.30772356217619E-02
 0.29470621172591E-02
 0.28241946577862E-02
 0.27081681086536E-02
 0.25985488284591E-02
 0.24949326438611E-02
 0.23969424546080E-02
 0.23042267573322E-02
 0.22164579660258E-02
 0.21333304316076E-02
 0.20545594946798E-02
 0.19798792278610E-02
 0.19090418169652E-02
 0.18418160547782E-02
 0.17779859996614E-02
 0.17173501021541E-02
 0.16597202499556E-02
 0.16049205823749E-02
 0.15527868031690E-02
 0.15031653329060E-02
 0.14559125438163E-02
 0.14108940405660E-02
 0.13679841487530E-02
 0.13270649989793E-02
 0.12880263330938E-02
 0.12507648414905E-02
 0.12151835946090E-02
 0.11811917068212E-02
 0.11487039225533E-02
 0.11176402343339E-02
 0.10879254519236E-02
 0.10594889459249E-02
 0.10322643734123E-02
 0.10061892894262E-02
 0.98120497893625E-03
 0.95725620130026E-03
 0.93429091184059E-03
 0.91226009463962E-03
 0.89111754926704E-03
 0.87081972355562E-03
 0.85132553661171E-03
 0.83259623788094E-03
 0.81459521726356E-03
 0.79728789460151E-03
 0.78064162858806E-03
 0.76462554940238E-03
 0.74921046179914E-03
 0.73436874987563E-03
 0.72007426837871E-03
 0.70630227206932E-03
 0.69302932573134E-03
 0.68023321138021E-03
 0.66789286545466E-03
 0.65598833678226E-03
 0.64450066855228E-03
 0.63341188116573E-03
 0.62270490072071E-03
 0.61236351914237E-03
 0.60237233350789E-03
 0.59271669181607E-03
 0.58338267454475E-03
 0.57435703945984E-03
 0.56562717686901E-03
 0.55718109376179E-03
 0.54900736331715E-03
 0.54109510607477E-03
 0.53343394851881E-03
 0.52601401358718E-03
 0.51882586240517E-03
 0.51186052407651E-03
 0.50510940433781E-03
 0.49856431118082E-03
 0.49221744523583E-03
 0.48606132883925E-03
 0.48008881524967E-03
 0.47429310089285E-03
 0.46866766389738E-03
 0.46320627114309E-03
 0.45790295664531E-03
 0.45275200352369E-03
 0.44774796062663E-03
 0.44288559618637E-03
 0.43815990373761E-03
