 0.13590324627398E+03
 0.13590324627407E+03
 0.13590324627574E+03
 0.13590324628371E+03
 0.13590324630033E+03
 0.13590324631260E+03
 0.13590324628428E+03
 0.13590324617377E+03
 0.13590324603593E+03
 0.13590324626043E+03
 0.13590324799304E+03
 0.13590325368513E+03
 0.13590326768705E+03
 0.13590329677177E+03
 0.13590335051462E+03
 0.13590344147688E+03
 0.13590358518750E+03
 0.13590379994386E+03
 0.13590410644356E+03
 0.13590452736063E+03
 0.13590508678093E+03
 0.13590580982105E+03
 0.13590672200407E+03
 0.13590784836377E+03
 0.13590921377684E+03
 0.13591084239937E+03
 0.13591275685050E+03
 0.13591497833724E+03
 0.13591752672604E+03
 0.13592041980963E+03
 0.13592367455277E+03
 0.13592730576041E+03
 0.13593132721563E+03
 0.13593575144574E+03
 0.13594058996855E+03
 0.13594585357205E+03
 0.13595155214031E+03
 0.13595769524979E+03
 0.13596429195562E+03
 0.13597135143856E+03
 0.13597888275913E+03
 0.13598689509452E+03
 0.13599539780720E+03
 0.13600440056117E+03
 0.13601391341973E+03
 0.13602394691752E+03
 0.13603451213478E+03
 0.13604562078383E+03
 0.13605728528113E+03
 0.13606951880297E+03
 0.13608233543906E+03
 0.13609575019582E+03
 0.13610977917102E+03
 0.13612443964912E+03
 0.13613975013852E+03
 0.13615573054246E+03
 0.13617240269490E+03
 0.13618979023531E+03
 0.13620791747470E+03
 0.13622681219236E+03
 0.13624650377122E+03
 0.13626702397670E+03
 0.13628840710342E+03
 0.13631069014945E+03
 0.13633391313754E+03
 0.13635811918868E+03
 0.13638335443272E+03
 0.13640966854211E+03
 0.13643711486833E+03
 0.13646575040765E+03
 0.13649563632292E+03
 0.13652683783223E+03
 0.13655942445765E+03
 0.13659347023434E+03
 0.13662905388411E+03
 0.13666625890779E+03
 0.13670517374322E+03
 0.13674589201798E+03
 0.13678851237503E+03
 0.13683314036883E+03
 0.13687988593189E+03
 0.13692886513524E+03
 0.13698022473920E+03
 0.13703404857037E+03
 0.13709049227044E+03
 0.13714969793480E+03
 0.13721181386931E+03
 0.13727699600794E+03
 0.13734540767571E+03
 0.13741721925308E+03
 0.13749260936837E+03
 0.13757176473595E+03
 0.13765488073199E+03
 0.13774216140659E+03
 0.13783382141712E+03
 0.13793008231283E+03
 0.13803117701449E+03
 0.13813734872093E+03
 0.13824885114229E+03
 0.13836594923115E+03
 0.13848891943457E+03
 0.13861804943690E+03
 0.13875364137701E+03
 0.13889601007988E+03
 0.13904548356078E+03
 0.13920240413411E+03
 0.13936713024360E+03
 0.13954003550497E+03
 0.13972150983966E+03
 0.13991196015227E+03
 0.14011181160894E+03
 0.14032150801030E+03
 0.14054151196743E+03
 0.14077230766762E+03
 0.14101439755718E+03
 0.14126831121364E+03
 0.14153459489206E+03
 0.14181382209594E+03
 0.14210658960025E+03
 0.14241356914978E+03
 0.14273531325052E+03
 0.14307254201784E+03
 0.14342595443467E+03
 0.14379628131094E+03
 0.14418428076214E+03
 0.14459073557947E+03
 0.14501646337160E+03
 0.14546231320322E+03
 0.14592915871310E+03
 0.14641790529301E+03
 0.14692949131206E+03
 0.14746488072489E+03
 0.14802507443212E+03
 0.14861109986394E+03
 0.14922401219205E+03
 0.14986490320695E+03
 0.15053488987021E+03
 0.15123512257447E+03
 0.15196678119653E+03
 0.15273107539692E+03
 0.15352924691729E+03
 0.15436257014033E+03
 0.15523235647007E+03
 0.15613994443394E+03
 0.15708671791189E+03
 0.15807409343026E+03
 0.15910353401332E+03
 0.16017655143256E+03
 0.16129470044985E+03
 0.16245960144639E+03
 0.16367299225928E+03
 0.16493647686401E+03
 0.16625192195181E+03
 0.16762121708244E+03
 0.16904632790209E+03
 0.17052930643455E+03
 0.17207229296093E+03
 0.17367754047498E+03
 0.17534738992729E+03
 0.17708428933040E+03
 0.17889079980052E+03
 0.18076957940048E+03
 0.18272339001257E+03
 0.18475510106431E+03
 0.18686765711433E+03
 0.18906406312674E+03
 0.19134740015423E+03
 0.19372076715511E+03
 0.19618727565692E+03
 0.19874999074555E+03
 0.20141192995873E+03
 0.20417595903435E+03
 0.20704480566536E+03
 0.21002094598015E+03
 0.21310661767360E+03
 0.21630370101424E+03
 0.21961372100492E+03
 0.22303775388558E+03
 0.22657641788452E+03
 0.23022986655974E+03
 0.23399770844239E+03
 0.23787907445736E+03
 0.24187256869048E+03
 0.24597633193297E+03
 0.25018806407919E+03
 0.25450503111475E+03
 0.25892416177298E+03
 0.26344197623029E+03
 0.26805498633157E+03
 0.27275924340906E+03
 0.27755071677467E+03
 0.28242525649262E+03
 0.28737868685798E+03
 0.29240673358738E+03
 0.29750513759899E+03
 0.30266968434352E+03
 0.30789617399447E+03
 0.31318048055903E+03
 0.31851855184059E+03
 0.32390609001158E+03
 0.32933985508430E+03
 0.33481573860687E+03
 0.34033006923115E+03
 0.34587925484697E+03
 0.35145979951464E+03
 0.35706832398493E+03
 0.36270154516129E+03
 0.36835626210358E+03
 0.37402938188512E+03
 0.37971790536905E+03
 0.38541891193612E+03
 0.39112955949373E+03
 0.39684710057277E+03
 0.40256887887820E+03
 0.40829228330945E+03
 0.41401479423090E+03
 0.41973399005796E+03
 0.42544742554582E+03
 0.43115290613601E+03
 0.43684813691724E+03
 0.44253094775312E+03
 0.44819923317551E+03
 0.45385093176965E+03
 0.45948406529294E+03
 0.46509671764031E+03
 0.47068701081124E+03
 0.47625315076884E+03
 0.48179337107359E+03
 0.48730599165148E+03
 0.49278937095542E+03
 0.49824192050620E+03
 0.50366212124646E+03
 0.50904850399843E+03
 0.51439964356454E+03
 0.51971418191295E+03
 0.52499080605805E+03
 0.53022825826931E+03
 0.53542533492230E+03
 0.54058088548380E+03
 0.54569379486293E+03
 0.55076303227330E+03
 0.55578759255237E+03
 0.56076652035624E+03
 0.56569892368647E+03
 0.57058395706417E+03
 0.57542081915628E+03
 0.58020875333312E+03
 0.58494706220823E+03
 0.58963509322364E+03
 0.59427223088790E+03
 0.59885792000588E+03
 0.60339164303184E+03
 0.60787292148787E+03
 0.61230132883709E+03
 0.61667647916308E+03
 0.62099803045918E+03
 0.62526568108258E+03
 0.62947916955600E+03
 0.63363827052867E+03
 0.63774280433485E+03
 0.64179263143691E+03
 0.64578763889493E+03
 0.64972775440808E+03
 0.65361294203879E+03
 0.65744319840999E+03
 0.66121855576367E+03
 0.66493907527420E+03
 0.66860484762721E+03
 0.67221599737741E+03
 0.67577267835786E+03
 0.67927506297951E+03
 0.68272336194768E+03
 0.68611780677561E+03
 0.68945865479257E+03
 0.69274618280596E+03
 0.69598069177194E+03
 0.69916250959878E+03
 0.70229197867190E+03
 0.70536945995955E+03
 0.70839533969565E+03
 0.71137001561643E+03
 0.71429390555711E+03
 0.71716743917035E+03
 0.71999106617336E+03
 0.72276524283127E+03
 0.72549044954217E+03
 0.72816715956596E+03
 0.73079587930399E+03
 0.73337711526995E+03
 0.73591137331003E+03
 0.73839918456983E+03
 0.74084108763457E+03
 0.74323761363598E+03
 0.74558930980181E+03
 0.74789672748588E+03
 0.75016042544024E+03
 0.75238097098031E+03
 0.75455892168109E+03
 0.75669484677479E+03
 0.75878931551961E+03
