-0.00000000000000E+00
-0.44441287912260E-04
-0.24523510693402E-02
-0.31130448829691E-01
-0.95508906522807E+00
-0.21336437398416E+01
-0.26728296854956E+01
-0.61974439891145E+01
-0.13248420620343E+02
-0.25279687287463E+02
-0.43395395868887E+02
-0.66030563917960E+02
-0.94517279985386E+02
-0.12058222597638E+03
-0.13190245627760E+03
-0.10998136949600E+03
-0.22318479431410E+02
 0.16667963194975E+03
 0.51181660072812E+03
 0.10804768354029E+04
 0.19529421906955E+04
 0.32231237687711E+04
 0.50033050772951E+04
 0.74144832757353E+04
 0.10595584782084E+05
 0.14692774428158E+05
 0.19868181079571E+05
 0.26286839173342E+05
 0.34123751829690E+05
 0.43561105760960E+05
 0.54778468299216E+05
 0.67957858102748E+05
 0.83273451903330E+05
 0.10090630405468E+06
 0.12102137856111E+06
 0.14378904949385E+06
 0.16935967091174E+06
 0.19788418605468E+06
 0.22949948899882E+06
 0.26433634561584E+06
 0.30252053359435E+06
 0.34416435601369E+06
 0.38938057445801E+06
 0.43827320012960E+06
 0.49094376461024E+06
 0.54749093685675E+06
 0.60801391918875E+06
 0.67261401025102E+06
 0.74139092924902E+06
 0.81445649801411E+06
 0.89192051824911E+06
 0.97391056687642E+06
 0.10605589141228E+07
 0.11520093486186E+07
 0.12484223573109E+07
 0.13499742151489E+07
 0.14568503277178E+07
 0.15692653489878E+07
 0.16874475957992E+07
 0.18116473161341E+07
 0.19421409258704E+07
 0.20792233869079E+07
 0.22232202738511E+07
 0.23744804202858E+07
 0.25333837039455E+07
 0.27003371258009E+07
 0.28757765185986E+07
 0.30601750173903E+07
 0.32540311105383E+07
 0.34578877082706E+07
 0.36723196977033E+07
 0.38979354455978E+07
 0.41353898927163E+07
 0.43853719710232E+07
 0.46486154056659E+07
 0.49258970221989E+07
 0.52180441198952E+07
 0.55259213047370E+07
 0.58504546869402E+07
 0.61926149545024E+07
 0.65534305298390E+07
 0.69339792790861E+07
 0.73354807527231E+07
 0.77590016287834E+07
 0.82058657363144E+07
 0.86774201501058E+07
 0.91750617947957E+07
 0.97002704314507E+07
 0.10254603861563E+08
 0.10839697985276E+08
 0.11457270456527E+08
 0.12109133040445E+08
 0.12797188177541E+08
 0.13523438803346E+08
 0.14289981822944E+08
 0.15099026940327E+08
 0.15952896189348E+08
 0.16854027526057E+08
 0.17804982041299E+08
 0.18808448789530E+08
 0.19867257437512E+08
 0.20984374233398E+08
 0.22162913971917E+08
 0.23406147648101E+08
 0.24717507861829E+08
 0.26100595141414E+08
 0.27559192800325E+08
 0.29097263388749E+08
 0.30718968271920E+08
 0.32428665019284E+08
 0.34230923997987E+08
 0.36130538694424E+08
 0.38132519156529E+08
 0.40242124229211E+08
 0.42464842590505E+08
 0.44806441715957E+08
 0.47272929663545E+08
 0.49870594393221E+08
 0.52606014987542E+08
 0.55486205763827E+08
 0.58518017193803E+08
 0.61709055200075E+08
 0.65067084733872E+08
 0.68600203404873E+08
 0.72316825030173E+08
 0.76225707748998E+08
 0.80335922086817E+08
 0.84656892408696E+08
 0.89198368079650E+08
 0.93970454450561E+08
 0.98983591645929E+08
 0.10424854570311E+09
 0.10977643761821E+09
 0.11557871608379E+09
 0.12166714714441E+09
 0.12805382685353E+09
 0.13475114846991E+09
 0.14177180955804E+09
 0.14912880078652E+09
 0.15683538885484E+09
 0.16490510858062E+09
 0.17335173912225E+09
 0.18218932028077E+09
 0.19143209541832E+09
 0.20109452270554E+09
 0.21119125708027E+09
 0.22173712699370E+09
 0.23274717875391E+09
 0.24423656035256E+09
 0.25622061552930E+09
 0.26871489543975E+09
 0.28173470818236E+09
 0.29529585170405E+09
 0.30941411566963E+09
 0.32410540174790E+09
 0.33938566631107E+09
 0.35527092388852E+09
 0.37177735586698E+09
 0.38892109418217E+09
 0.40671841979736E+09
 0.42518562655469E+09
 0.44433908370537E+09
 0.46419518562472E+09
 0.48477041796131E+09
 0.50608130942462E+09
 0.52814444983224E+09
 0.55097641307396E+09
 0.57459395205561E+09
 0.59901375884559E+09
 0.62425261367353E+09
 0.65032744445066E+09
 0.67725516175458E+09
 0.70505282549859E+09
 0.73373754741633E+09
 0.76332660587834E+09
 0.79383733282262E+09
 0.82528716541801E+09
 0.85769379682383E+09
 0.89107499211264E+09
 0.92544865022763E+09
 0.96083288390103E+09
 0.99724595350451E+09
 0.10347061899333E+10
 0.10732321554350E+10
 0.11128426637680E+10
 0.11535565647438E+10
 0.11953929848059E+10
 0.12383710321425E+10
 0.12825101165645E+10
 0.13278296537801E+10
 0.13743492393342E+10
 0.14220885837895E+10
 0.14710675626598E+10
 0.15213061130349E+10
 0.15728242385875E+10
 0.16256421179424E+10
 0.16797799739376E+10
 0.17352581317401E+10
 0.17920970211769E+10
 0.18503171624847E+10
 0.19099391104392E+10
 0.19709835057832E+10
 0.20334711961497E+10
 0.20974230119737E+10
 0.21628598486418E+10
 0.22298027467636E+10
 0.22982727718707E+10
 0.23682910919386E+10
 0.24398790759328E+10
 0.25130580025959E+10
 0.25878494148931E+10
 0.26642747553746E+10
 0.27423556364732E+10
 0.28221139783991E+10
 0.29035714486273E+10
 0.29867499108986E+10
 0.30716715198856E+10
 0.31583582427275E+10
 0.32468323027390E+10
 0.33371159816978E+10
 0.34292316609136E+10
 0.35232018087917E+10
 0.36190489294308E+10
 0.37167957231471E+10
 0.38164649816996E+10
 0.39180794808492E+10
 0.40216622238672E+10
 0.41272361867966E+10
 0.42348245029889E+10
 0.43444503871455E+10
 0.44561371372827E+10
 0.45699081569714E+10
 0.46857869126019E+10
 0.48037970016821E+10
 0.49239621012001E+10
 0.50463059543822E+10
 0.51708524540985E+10
 0.52976255141687E+10
 0.54266491774587E+10
 0.55579475161419E+10
 0.56915448368952E+10
 0.58274654063525E+10
 0.59657335557073E+10
 0.61063738374195E+10
 0.62494108481268E+10
 0.63948691903931E+10
 0.65427735996616E+10
 0.66931489449994E+10
 0.68460201856247E+10
 0.70014123016860E+10
 0.71593503921022E+10
 0.73198596378976E+10
 0.74829653610195E+10
 0.76486928760643E+10
 0.78170676675682E+10
 0.79881152919480E+10
 0.81618613398928E+10
 0.83383315743809E+10
 0.85175516995861E+10
 0.86995476641371E+10
 0.88843454959817E+10
 0.90719711875008E+10
 0.92624509259751E+10
 0.94558109102148E+10
 0.96520774699566E+10
 0.98512770561862E+10
 0.10053436121992E+11
 0.10258581264038E+11
 0.10466739159603E+11
 0.10677936555352E+11
 0.10892200281382E+11
 0.11109557251040E+11
 0.11330034497961E+11
 0.11553659154908E+11
 0.11780458374655E+11
 0.12010459392270E+11
 0.12243689622758E+11
 0.12480176447929E+11
 0.12719947445525E+11
 0.12963030238116E+11
 0.13209452531679E+11
 0.13459242072954E+11
 0.13712426758392E+11
 0.13969034610443E+11
 0.14229093538615E+11
 0.14492631825360E+11
 0.14759677578407E+11
 0.15030259123674E+11
 0.15304405009500E+11
 0.15582143465175E+11
 0.15863503147123E+11
 0.16148512913050E+11
 0.16437201201739E+11
 0.16729596996500E+11
 0.17025729136747E+11
 0.17325626611373E+11
 0.17629318685002E+11
 0.17936834355301E+11
 0.18248202943713E+11
 0.18563453773391E+11
