 0.69358241124443E+01
 0.69358241124443E+01
 0.69358241124459E+01
 0.69358241124648E+01
 0.69358241130742E+01
 0.69358241138514E+01
 0.69358241142070E+01
 0.69358241165316E+01
 0.69358241211818E+01
 0.69358241291167E+01
 0.69358241410644E+01
 0.69358241559927E+01
 0.69358241747802E+01
 0.69358241919706E+01
 0.69358241994365E+01
 0.69358241849791E+01
 0.69358241271637E+01
 0.69358240025158E+01
 0.69358237748913E+01
 0.69358233998489E+01
 0.69358228244412E+01
 0.69358219867319E+01
 0.69358208126679E+01
 0.69358192224493E+01
 0.69358171244514E+01
 0.69358144222757E+01
 0.69358110089950E+01
 0.69358067757660E+01
 0.69358016071708E+01
 0.69357953830535E+01
 0.69357879849863E+01
 0.69357792929241E+01
 0.69357691919941E+01
 0.69357575627875E+01
 0.69357442965073E+01
 0.69357292807885E+01
 0.69357124164698E+01
 0.69356936040010E+01
 0.69356727530980E+01
 0.69356497775181E+01
 0.69356245943086E+01
 0.69355971294032E+01
 0.69355673084337E+01
 0.69355350628026E+01
 0.69355003255479E+01
 0.69354630315955E+01
 0.69354231155196E+01
 0.69353805105116E+01
 0.69353351508050E+01
 0.69352869626510E+01
 0.69352358736332E+01
 0.69351817996124E+01
 0.69351246533536E+01
 0.69350643400255E+01
 0.69350007537838E+01
 0.69349337783719E+01
 0.69348632915112E+01
 0.69347891516331E+01
 0.69347112081584E+01
 0.69346292960437E+01
 0.69345432329873E+01
 0.69344528244562E+01
 0.69343578557277E+01
 0.69342580967393E+01
 0.69341532969542E+01
 0.69340431879474E+01
 0.69339274822789E+01
 0.69338058679069E+01
 0.69336780160688E+01
 0.69335435687047E+01
 0.69334021466655E+01
 0.69332533487215E+01
 0.69330967429267E+01
 0.69329318749172E+01
 0.69327582607870E+01
 0.69325753882046E+01
 0.69323827115503E+01
 0.69321796605996E+01
 0.69319656245650E+01
 0.69317399632591E+01
 0.69315019984173E+01
 0.69312510191661E+01
 0.69309862211884E+01
 0.69307069009895E+01
 0.69304121854785E+01
 0.69301011862336E+01
 0.69297729819560E+01
 0.69294265967147E+01
 0.69290610031095E+01
 0.69286751222326E+01
 0.69282678212582E+01
 0.69278379052921E+01
 0.69273841196380E+01
 0.69269051433213E+01
 0.69263995933926E+01
 0.69258660125093E+01
 0.69253028692454E+01
 0.69247085557217E+01
 0.69240813828493E+01
 0.69234195771449E+01
 0.69227212723886E+01
 0.69219845122824E+01
 0.69212072425590E+01
 0.69203873059340E+01
 0.69195224385415E+01
 0.69186102657635E+01
 0.69176482924318E+01
 0.69166339051678E+01
 0.69155643594709E+01
 0.69144367814398E+01
 0.69132481568291E+01
 0.69119953242420E+01
 0.69106749794550E+01
 0.69092836541583E+01
 0.69078177284628E+01
 0.69062733986069E+01
 0.69046467021604E+01
 0.69029334920921E+01
 0.69011294293700E+01
 0.68992298879165E+01
 0.68972303497129E+01
 0.68951257985065E+01
 0.68929111131620E+01
 0.68905809531492E+01
 0.68881297693934E+01
 0.68855517857325E+01
 0.68828410199797E+01
 0.68799912565843E+01
 0.68769960656516E+01
 0.68738487825077E+01
 0.68705425216886E+01
 0.68670701827848E+01
 0.68634244312846E+01
 0.68595977165540E+01
 0.68555822786593E+01
 0.68513701400197E+01
 0.68469531270416E+01
 0.68423228654359E+01
 0.68374707876058E+01
 0.68323881439067E+01
 0.68270660078648E+01
 0.68214952918591E+01
 0.68156667363696E+01
 0.68095709476238E+01
 0.68031983901788E+01
 0.67965393988202E+01
 0.67895841938978E+01
 0.67823228520808E+01
 0.67747453829762E+01
 0.67668416670913E+01
 0.67586014481385E+01
 0.67500146301311E+01
 0.67410707940181E+01
 0.67317595262104E+01
 0.67220703392503E+01
 0.67119927096022E+01
 0.67015160753745E+01
 0.66906297646301E+01
 0.66793231380457E+01
 0.66675854580117E+01
 0.66554059784244E+01
 0.66427739034464E+01
 0.66296784206704E+01
 0.66161086574929E+01
 0.66020537129105E+01
 0.65875026456182E+01
 0.65724445248154E+01
 0.65568683016373E+01
 0.65407629673421E+01
 0.65241174550443E+01
 0.65069206004595E+01
 0.64891612507351E+01
 0.64708281545287E+01
 0.64519100263214E+01
 0.64323954706941E+01
 0.64122730568989E+01
 0.63915312847861E+01
 0.63701584853754E+01
 0.63481429422582E+01
 0.63254728507357E+01
 0.63021362651111E+01
 0.62781211423167E+01
 0.62534153927729E+01
 0.62280067743187E+01
 0.62018828789173E+01
 0.61750312747537E+01
 0.61474393475689E+01
 0.61190944951439E+01
 0.60899839163333E+01
 0.60600948061025E+01
 0.60294142408112E+01
 0.59979292209624E+01
 0.59656266382709E+01
 0.59324933438409E+01
 0.58985161448638E+01
 0.58636817331467E+01
 0.58279767713374E+01
 0.57913878545955E+01
 0.57539015090557E+01
 0.57155042012252E+01
 0.56761823748325E+01
 0.56359224169091E+01
 0.55947105780382E+01
 0.55525331201457E+01
 0.55093762623203E+01
 0.54652261278736E+01
 0.54200688236805E+01
 0.53738903890525E+01
 0.53266767307439E+01
 0.52784138150129E+01
 0.52290874338578E+01
 0.51786834455027E+01
 0.51271875961304E+01
 0.50745854289391E+01
 0.50208626538103E+01
 0.49660048511848E+01
 0.49099974096279E+01
 0.48528258413870E+01
 0.47944754897568E+01
 0.47349316594744E+01
 0.46741795896338E+01
 0.46122044618877E+01
 0.45489914343482E+01
 0.44845255357183E+01
 0.44187917343928E+01
 0.43517750093172E+01
 0.42834601893899E+01
 0.42138321214667E+01
 0.41428755486553E+01
 0.40705751604118E+01
 0.39969155912443E+01
 0.39218814060459E+01
 0.38454571282786E+01
 0.37676271949303E+01
 0.36883759905701E+01
 0.36076878560814E+01
 0.35255470336548E+01
 0.34419377516644E+01
 0.33568441533757E+01
 0.32702503627252E+01
 0.31821403489902E+01
 0.30924981078566E+01
 0.30013075924325E+01
 0.29085526098962E+01
 0.28142169382901E+01
 0.27182843517480E+01
 0.26207385367672E+01
 0.25215630917177E+01
 0.24207415555129E+01
 0.23182574532623E+01
 0.22140942317441E+01
 0.21082352835864E+01
 0.20006639084756E+01
 0.18913634109466E+01
 0.17803169834555E+01
 0.16675077710515E+01
 0.15529188961810E+01
 0.14365333676621E+01
 0.13183342330958E+01
 0.11983043788599E+01
 0.10764266390203E+01
 0.95268387109958E+00
 0.82705880408037E+00
 0.69953415934115E+00
 0.57009257191205E+00
 0.43871659685698E+00
 0.30538878785334E+00
 0.17009160388690E+00
 0.32807450777694E-01
-0.10648131141711E+00
-0.24779237766456E+00
-0.39114349783631E+00
-0.53655250113797E+00
-0.68403728215013E+00
-0.83361574865149E+00
-0.98530586269653E+00
-0.11391257050100E+01
-0.12950933344242E+01
-0.14532269389929E+01
-0.16135447363345E+01
-0.17760649990770E+01
-0.19408060267301E+01
-0.21077862175427E+01
-0.22770240528622E+01
-0.24485379395475E+01
-0.26223465304223E+01
-0.27984683630777E+01
-0.29769221190023E+01
-0.31577266263783E+01
-0.33409005029670E+01
-0.35264626482346E+01
-0.37144320943948E+01
-0.39048275973743E+01
-0.40976682722257E+01
-0.42929731391005E+01
-0.44907613167335E+01
-0.46910521057090E+01
-0.48938646305485E+01
-0.50992182293109E+01
-0.53071322411811E+01
