 0.00000000000000E+00
-0.28617497016887E-05
-0.28796226482643E-04
-0.11104535745027E-03
-0.34676056808867E-03
-0.63625715471812E-03
-0.90742335348428E-03
-0.11548801153638E-02
-0.16102573263725E-02
-0.19363908384557E-02
-0.20451732324778E-02
-0.18612144273571E-02
-0.13613471260685E-02
-0.41366294234117E-03
 0.10662808213520E-02
 0.30671604372854E-02
 0.56330336249881E-02
 0.87654407487484E-02
 0.12405908866691E-01
 0.16542375393872E-01
 0.21125069405325E-01
 0.26200375168032E-01
 0.31542018072150E-01
 0.37141000263724E-01
 0.43028663092867E-01
 0.49101218396857E-01
 0.55304505151221E-01
 0.61589361699581E-01
 0.67907983644271E-01
 0.74215234091309E-01
 0.80474177004586E-01
 0.86652528908197E-01
 0.92707506782218E-01
 0.98613387996162E-01
 0.10434802359089E+00
 0.10988966686007E+00
 0.11522305388715E+00
 0.12033574080379E+00
 0.12521925469308E+00
 0.12986880215825E+00
 0.13428283795101E+00
 0.13846130384794E+00
 0.14240773580720E+00
 0.14612760987164E+00
 0.14962871180641E+00
 0.15292008392941E+00
 0.15601237725993E+00
 0.15891761370307E+00
 0.16164841309111E+00
 0.16421789225364E+00
 0.16663979209781E+00
 0.16892814107916E+00
 0.17109710324674E+00
 0.17316092358113E+00
 0.17513364829117E+00
 0.17702854356151E+00
 0.17885995321024E+00
 0.18064062199142E+00
 0.18238307844811E+00
 0.18409950207859E+00
 0.18580175308055E+00
 0.18750129210201E+00
 0.18920891440730E+00
 0.19093493827767E+00
 0.19268891918363E+00
 0.19447954427937E+00
 0.19631598612344E+00
 0.19820599663183E+00
 0.20015725567398E+00
 0.20217734062742E+00
 0.20427318647363E+00
 0.20645114823474E+00
 0.20871712349774E+00
 0.21107694665835E+00
 0.21353595971967E+00
 0.21609917726971E+00
 0.21877138205711E+00
 0.22155707555308E+00
 0.22446050298634E+00
 0.22748569090840E+00
 0.23063654615368E+00
 0.23391646300974E+00
 0.23732920333165E+00
 0.24087812878104E+00
 0.24456644997246E+00
 0.24839711312087E+00
 0.25237317676767E+00
 0.25649770341771E+00
 0.26077352598966E+00
 0.26520373901212E+00
 0.26979108450286E+00
 0.27453838912200E+00
 0.27944834336742E+00
 0.28452384959946E+00
 0.28976784885017E+00
 0.29518274657724E+00
 0.30077150381685E+00
 0.30653692253192E+00
 0.31248210921076E+00
 0.31860989681693E+00
 0.32492303966904E+00
 0.33142462867540E+00
 0.33811764270588E+00
 0.34500492689574E+00
 0.35208945232477E+00
 0.35937411157023E+00
 0.36686176009923E+00
 0.37455534245213E+00
 0.38245768540566E+00
 0.39057145890764E+00
 0.39889929626349E+00
 0.40744369560732E+00
 0.41620710923948E+00
 0.42519146847160E+00
 0.43439872416794E+00
 0.44383052646534E+00
 0.45348814235840E+00
 0.46337262709705E+00
 0.47348474196916E+00
 0.48382451732163E+00
 0.49439178776158E+00
 0.50518591770976E+00
 0.51620554594773E+00
 0.52744904121650E+00
 0.53891393779647E+00
 0.55059715516306E+00
 0.56249498882470E+00
 0.57460305175484E+00
 0.58691636734040E+00
 0.59942901638759E+00
 0.61213448010922E+00
 0.62502534042857E+00
 0.63809342921401E+00
 0.65132984377770E+00
 0.66472488105605E+00
 0.67826813870312E+00
 0.69194844010956E+00
 0.70575390155475E+00
 0.71967209262944E+00
 0.73368984858720E+00
 0.74779344429232E+00
 0.76196871591894E+00
 0.77620105372291E+00
 0.79047551230249E+00
 0.80477708158498E+00
 0.81909081416979E+00
 0.83340198862758E+00
 0.84769636303217E+00
 0.86196030869814E+00
 0.87618112842863E+00
 0.89034704293621E+00
 0.90444741496957E+00
 0.91847287126788E+00
 0.93241536064790E+00
 0.94626823679430E+00
 0.96002623469532E+00
 0.97368547281863E+00
 0.98724340769301E+00
 0.10006988165791E+01
 0.10140515909160E+01
 0.10273027114475E+01
 0.10404541201601E+01
 0.10535085494447E+01
 0.10664694643670E+01
 0.10793409170741E+01
 0.10921273489329E+01
 0.11048334936283E+01
 0.11174642975261E+01
 0.11300247962002E+01
 0.11425199584203E+01
 0.11549546676597E+01
 0.11673336351816E+01
 0.11796613453039E+01
 0.11919420098704E+01
 0.12041795783891E+01
 0.12163776777721E+01
 0.12285396241574E+01
 0.12406684131388E+01
 0.12527667001346E+01
 0.12648368576670E+01
 0.12768809775340E+01
 0.12889008566697E+01
 0.13008980397971E+01
 0.13128738424402E+01
 0.13248293279331E+01
 0.13367653961079E+01
 0.13486827301056E+01
 0.13605818584305E+01
 0.13724631554421E+01
 0.13843268639297E+01
 0.13961730920834E+01
 0.14080018450756E+01
 0.14198130261630E+01
 0.14316064560565E+01
 0.14433818738969E+01
 0.14551389461922E+01
 0.14668772826305E+01
 0.14785964525893E+01
 0.14902959687523E+01
 0.15019752974547E+01
 0.15136338865587E+01
 0.15252711467198E+01
 0.15368864713949E+01
 0.15484792330265E+01
 0.15600487782219E+01
 0.15715944466797E+01
 0.15831155740146E+01
 0.15946114845166E+01
 0.16060814961449E+01
 0.16175249303832E+01
 0.16289410953522E+01
 0.16403293220805E+01
 0.16516889224822E+01
 0.16630192341623E+01
 0.16743195813341E+01
 0.16855893100817E+01
 0.16968277644128E+01
 0.17080343061198E+01
 0.17192082974881E+01
 0.17303491240809E+01
 0.17414561662878E+01
 0.17525288335986E+01
 0.17635665326277E+01
 0.17745686956527E+01
 0.17855347616154E+01
 0.17964641805558E+01
 0.18073564186731E+01
 0.18182109691174E+01
 0.18290273092390E+01
 0.18398049563684E+01
 0.18505434348578E+01
 0.18612422875739E+01
 0.18719010646391E+01
 0.18825193373143E+01
 0.18930966865087E+01
 0.19036327117276E+01
 0.19141270143650E+01
 0.19245792365351E+01
 0.19349890088719E+01
 0.19453559895641E+01
 0.19556798439529E+01
 0.19659602606179E+01
 0.19761969276671E+01
 0.19863895642149E+01
 0.19965378889589E+01
 0.20066416454329E+01
 0.20167005790759E+01
 0.20267144546830E+01
 0.20366830631221E+01
 0.20466061898989E+01
 0.20564836202521E+01
 0.20663151870787E+01
 0.20761007202365E+01
 0.20858400387676E+01
 0.20955330036887E+01
 0.21051794826322E+01
 0.21147793361676E+01
 0.21243324564413E+01
 0.21338387237400E+01
 0.21432980753319E+01
 0.21527103974039E+01
 0.21620756227877E+01
 0.21713937003876E+01
 0.21806645491937E+01
 0.21898881420430E+01
 0.21990644399438E+01
 0.22081934123347E+01
 0.22172750446665E+01
 0.22263093094862E+01
 0.22352962390375E+01
 0.22442358114733E+01
 0.22531280490097E+01
 0.22619729843550E+01
 0.22707706250768E+01
 0.22795210304177E+01
 0.22882242285991E+01
 0.22968802686800E+01
 0.23054892304178E+01
 0.23140511569684E+01
 0.23225661216315E+01
 0.23310342083788E+01
 0.23394554936730E+01
 0.23478300680609E+01
 0.23561580213630E+01
 0.23644394584455E+01
 0.23726744815441E+01
 0.23808631954278E+01
 0.23890057257469E+01
 0.23971021803334E+01
 0.24051526857879E+01
 0.24131573664042E+01
 0.24211163707962E+01
 0.24290298172398E+01
 0.24368978598011E+01
 0.24447206355228E+01
 0.24524982965369E+01
 0.24602309920471E+01
 0.24679188758521E+01
 0.24755621118727E+01
 0.24831608554465E+01
