 0.00000000000000E+00
-0.27731104894871E-22
-0.78932956395397E-21
-0.46447161562484E-20
-0.19034594375671E-19
-0.63189060427417E-19
 0.28496569803060E-11
-0.11197178474132E-10
 0.20608140855917E-10
-0.10150537110227E-10
-0.75975797731116E-11
-0.70278175115966E-11
-0.45310661996372E-11
-0.61600642854576E-11
 0.37027683391163E-06
-0.10113901743946E-05
 0.19679372351739E-05
 0.15557082153429E-06
-0.66666593235557E-06
-0.39687985114618E-06
 0.85997395357030E-06
 0.31126593414927E-06
 0.12652654671263E-05
-0.82231688352475E-07
 0.99090456670650E-06
 0.13643344692917E-05
 0.21474902378264E-05
 0.48353105142422E-05
 0.67332462129228E-05
 0.11108580862970E-04
 0.17174694660396E-04
 0.25877077331410E-04
 0.38065993885494E-04
 0.54175433846824E-04
 0.75724868547489E-04
 0.10409224774146E-03
 0.14081017941928E-03
 0.18554122903148E-03
 0.24262581889435E-03
 0.31192931881604E-03
 0.39674606643587E-03
 0.49817523534805E-03
 0.61889363015912E-03
 0.76077494375788E-03
 0.92635440752266E-03
 0.11170583903185E-02
 0.13375595556643E-02
 0.15881367189685E-02
 0.18718906962784E-02
 0.21913153546610E-02
 0.25489285766554E-02
 0.29474617787070E-02
 0.33887242790076E-02
 0.38750488730667E-02
 0.44058807583105E-02
 0.49978964298692E-02
 0.56334090348337E-02
 0.63207922450725E-02
 0.70673880694780E-02
 0.78779100428401E-02
 0.87537284069519E-02
 0.96901547003650E-02
 0.10692298852811E-01
 0.11755838502811E-01
 0.12885248975693E-01
 0.14089271191218E-01
 0.15365154801392E-01
 0.16721159448923E-01
 0.18159941410171E-01
 0.19673906207463E-01
 0.21263989116500E-01
 0.22936626312502E-01
 0.24697235590549E-01
 0.26542352650831E-01
 0.28474903899586E-01
 0.30497505519296E-01
 0.32611098172748E-01
 0.34817836902189E-01
 0.37119499954639E-01
 0.39517406642078E-01
 0.42010197313708E-01
 0.44613631011167E-01
 0.47315496513576E-01
 0.50116522419323E-01
 0.53019243790391E-01
 0.56032765414193E-01
 0.59158635028263E-01
 0.62398321876630E-01
 0.65758464080392E-01
 0.69230725074830E-01
 0.72818570164431E-01
 0.76526752667259E-01
 0.80352621590153E-01
 0.84299495641870E-01
 0.88367051530802E-01
 0.92568322359491E-01
 0.96906359905152E-01
 0.10137670288134E+00
 0.10598260109382E+00
 0.11071767835666E+00
 0.11559752571650E+00
 0.12061313575877E+00
 0.12576318136161E+00
 0.13105525400814E+00
 0.13648700649970E+00
 0.14206321215967E+00
 0.14778607951810E+00
 0.15365194724839E+00
 0.15965931577225E+00
 0.16580954483121E+00
 0.17209821975493E+00
 0.17852211041058E+00
 0.18507167749896E+00
 0.19174769888352E+00
 0.19854587455499E+00
 0.20545808339278E+00
 0.21248548346520E+00
 0.21961772499394E+00
 0.22683768611267E+00
 0.23414339475457E+00
 0.24152185729292E+00
 0.24895309991906E+00
 0.25643363472262E+00
 0.26393045357922E+00
 0.27143136069640E+00
 0.27892183001214E+00
 0.28638027805227E+00
 0.29378041742808E+00
 0.30107791361628E+00
 0.30824789237111E+00
 0.31524745363887E+00
 0.32204069390562E+00
 0.32859067075464E+00
 0.33485487125947E+00
 0.34078046101602E+00
 0.34631323547390E+00
 0.35140577434738E+00
 0.35598998293201E+00
 0.35999207104602E+00
 0.36333851909225E+00
 0.36597101468639E+00
 0.36782878212294E+00
 0.36885702544061E+00
 0.36903119244019E+00
 0.36833630921425E+00
 0.36678339029893E+00
 0.36440157419996E+00
 0.36123814519500E+00
 0.35736148131957E+00
 0.35284618706233E+00
 0.34778406972570E+00
 0.34227534603816E+00
 0.33642235029151E+00
 0.33032576083403E+00
 0.32408235774089E+00
 0.31778241012539E+00
 0.31150852740191E+00
 0.30533429101150E+00
 0.29931867808165E+00
 0.29351313623202E+00
 0.28796245546003E+00
 0.28269964654820E+00
 0.27774900419960E+00
 0.27312176816268E+00
 0.26881694610576E+00
 0.26483182602025E+00
 0.26115721641958E+00
 0.25777626573768E+00
 0.25466749535713E+00
 0.25181108232930E+00
 0.24918600270265E+00
 0.24676983380769E+00
 0.24454265455295E+00
 0.24248561622701E+00
 0.24057836068934E+00
 0.23880321693479E+00
 0.23714224423076E+00
 0.23558086092617E+00
 0.23411058948182E+00
 0.23272181608583E+00
 0.23140262619359E+00
 0.23014747989289E+00
 0.22895044965212E+00
 0.22780441277291E+00
 0.22670645775162E+00
 0.22565211959643E+00
 0.22463878133325E+00
 0.22366504705634E+00
 0.22272780928790E+00
 0.22182299125485E+00
 0.22095002279247E+00
 0.22010763871995E+00
 0.21929325655607E+00
 0.21850704520548E+00
 0.21774656262363E+00
 0.21701221588042E+00
 0.21630303853001E+00
 0.21561627927462E+00
 0.21495128583941E+00
 0.21430886567686E+00
 0.21368787586459E+00
 0.21308881070619E+00
 0.21250721307871E+00
 0.21194479066419E+00
 0.21140110266533E+00
 0.21087519651074E+00
 0.21036725922700E+00
 0.20987496373306E+00
 0.20939939487465E+00
 0.20893852786705E+00
 0.20849409466348E+00
 0.20806324488363E+00
 0.20764722463712E+00
 0.20724453312999E+00
 0.20685481958218E+00
 0.20647833234881E+00
 0.20611482391009E+00
 0.20576245722930E+00
 0.20542190642412E+00
 0.20509225704971E+00
 0.20477421430524E+00
 0.20446588667710E+00
 0.20416890694350E+00
 0.20388044825500E+00
 0.20360147461849E+00
 0.20333246695924E+00
 0.20307313578370E+00
 0.20281952035379E+00
 0.20257686809585E+00
 0.20234266753363E+00
 0.20211635657131E+00
 0.20189659604669E+00
 0.20168489052235E+00
 0.20148023319411E+00
 0.20128242955242E+00
 0.20109116608608E+00
 0.20090793346883E+00
 0.20072915735362E+00
 0.20055625957139E+00
 0.20038978195327E+00
 0.20022913201303E+00
 0.20007307960907E+00
 0.19992482086853E+00
 0.19978034390450E+00
 0.19964217578667E+00
 0.19950801441561E+00
 0.19937855785762E+00
 0.19925337728979E+00
 0.19913238089243E+00
 0.19901631753844E+00
 0.19890492969153E+00
 0.19879592162817E+00
 0.19869221637058E+00
 0.19859184668259E+00
 0.19849742496112E+00
 0.19840425137082E+00
 0.19831408978349E+00
 0.19822848388418E+00
 0.19814803974268E+00
 0.19806484623448E+00
 0.19798689651138E+00
 0.19791190295120E+00
 0.19783876638500E+00
 0.19776979819957E+00
 0.19770308409380E+00
 0.19763873928322E+00
 0.19757770844549E+00
 0.19751798622684E+00
 0.19746360783753E+00
 0.19740865596528E+00
 0.19735760211520E+00
 0.19730672800806E+00
 0.19725756936469E+00
 0.19721134818638E+00
 0.19716513635355E+00
 0.19712471283559E+00
 0.19708514585288E+00
 0.19704464252091E+00
 0.19700566264152E+00
 0.19696966002790E+00
 0.19693572883372E+00
 0.19690157599923E+00
 0.19686848965617E+00
 0.19683898863411E+00
 0.19680917152005E+00
 0.19678237506846E+00
 0.19675680435965E+00
 0.19672900434961E+00
 0.19670573371379E+00
 0.19668397492224E+00
 0.19666267534504E+00
 0.19664181842364E+00
 0.19662215191447E+00
 0.19660397229356E+00
 0.19658480680023E+00
 0.19656729030587E+00
 0.19654908190921E+00
 0.19653415437702E+00
 0.19651872790584E+00
 0.19650851482169E+00
