 0.00000000000000E+00
 0.70247129043571E-24
 0.31797332941432E-22
 0.14409667496117E-21
 0.69350847725312E-21
 0.31970248951385E-20
 0.65522332164408E-11
 0.93874141361478E-11
 0.38080749075317E-12
 0.22792433620929E-10
-0.12748976727373E-10
 0.15612017071929E-10
-0.34174230357497E-11
 0.30500531833002E-10
 0.85361209251000E-06
-0.15798325791293E-06
 0.24579544031589E-05
 0.69549414798462E-06
 0.23480792206403E-05
 0.73687603437001E-06
-0.18670373246171E-05
 0.25093849119717E-05
-0.18278112886264E-05
-0.10532576160938E-05
 0.24258495440462E-05
 0.13196624519018E-05
 0.21305768305987E-05
 0.54371512529911E-05
 0.64335237164504E-05
 0.11054200244450E-04
 0.17644007695394E-04
 0.24279345733411E-04
 0.36836788938775E-04
 0.54937628770647E-04
 0.76198388297754E-04
 0.10468370339493E-03
 0.13927995249816E-03
 0.18669782703255E-03
 0.24297490673246E-03
 0.31467802747789E-03
 0.39639346903232E-03
 0.49944934377048E-03
 0.61943846810386E-03
 0.76207749630368E-03
 0.92655119994790E-03
 0.11180989297712E-02
 0.13384433246437E-02
 0.15871919484093E-02
 0.18730117078788E-02
 0.21935979261624E-02
 0.25504854535853E-02
 0.29483542756288E-02
 0.33916437705235E-02
 0.38786772246194E-02
 0.43907286742741E-02
 0.50224452300726E-02
 0.56344415225700E-02
 0.63058423831715E-02
 0.70641778789867E-02
 0.79128009310395E-02
 0.88154649462090E-02
 0.97575109402361E-02
 0.10732830076776E-01
 0.11763512496480E-01
 0.12891191792353E-01
 0.14113557269397E-01
 0.15445842277227E-01
 0.16856873974389E-01
 0.18298969877881E-01
 0.19808401253452E-01
 0.21419286951568E-01
 0.23156113919792E-01
 0.24941216365844E-01
 0.26831525387845E-01
 0.28815511965692E-01
 0.30894979047811E-01
 0.33075977169748E-01
 0.35357528375928E-01
 0.37742853616750E-01
 0.40234493079053E-01
 0.42802397491939E-01
 0.45588671305909E-01
 0.48431719323974E-01
 0.51337229703935E-01
 0.54364665967124E-01
 0.57555799858199E-01
 0.60925353263490E-01
 0.64423269696211E-01
 0.68073322397239E-01
 0.71815552288578E-01
 0.75668625735526E-01
 0.79632066790695E-01
 0.83738583834208E-01
 0.88016506606279E-01
 0.92505568662591E-01
 0.97196989859734E-01
 0.10209344312566E+00
 0.10703603849253E+00
 0.11217918438130E+00
 0.11738457755749E+00
 0.12290950881459E+00
 0.12861626221502E+00
 0.13446970132156E+00
 0.14039844253710E+00
 0.14658588968687E+00
 0.15296831089276E+00
 0.15960072594147E+00
 0.16638589588514E+00
 0.17337106873950E+00
 0.18050960620775E+00
 0.18782318848640E+00
 0.19524269214801E+00
 0.20271687060087E+00
 0.21044255351669E+00
 0.21834188996298E+00
 0.22633362621090E+00
 0.23454194503114E+00
 0.24287375719432E+00
 0.25128293255889E+00
 0.25974149251183E+00
 0.26822080375101E+00
 0.27661907320088E+00
 0.28501524698640E+00
 0.29330149083384E+00
 0.30155719806098E+00
 0.30977661351356E+00
 0.31778485777391E+00
 0.32537393601113E+00
 0.33248826376470E+00
 0.33906860873202E+00
 0.34494071026438E+00
 0.35009092456236E+00
 0.35437558768685E+00
 0.35773929875428E+00
 0.35988195996722E+00
 0.36061183180274E+00
 0.35973238316743E+00
 0.35693774880680E+00
 0.35194156422146E+00
 0.34464614085670E+00
 0.33499245766584E+00
 0.32286623060943E+00
 0.30843996367154E+00
 0.29190378053666E+00
 0.27360984780403E+00
 0.25395568541013E+00
 0.23337245675704E+00
 0.21227798948190E+00
 0.19118354477676E+00
 0.17061279743623E+00
 0.15098986322832E+00
 0.13264358186292E+00
 0.11582244111982E+00
 0.10072842562484E+00
 0.87441483816373E-01
 0.75970090457297E-01
 0.66329838098623E-01
 0.58400820377269E-01
 0.52098714096736E-01
 0.47422127749328E-01
 0.44172528733897E-01
 0.42202408504489E-01
 0.41269695106784E-01
 0.41143495378837E-01
 0.41697147956104E-01
 0.42769174693699E-01
 0.44156894931659E-01
 0.45772393903650E-01
 0.47469051301886E-01
 0.49213114593298E-01
 0.50943708518560E-01
 0.52598799592790E-01
 0.54139131490241E-01
 0.55500832183059E-01
 0.56634160182892E-01
 0.57544142921758E-01
 0.58313224836551E-01
 0.58972819725339E-01
 0.59486861016380E-01
 0.59889230012992E-01
 0.60156161395844E-01
 0.60346797322201E-01
 0.60432180324380E-01
 0.60452115976136E-01
 0.60457301392045E-01
 0.60412204132306E-01
 0.60302094573637E-01
 0.60158710899542E-01
 0.59964320279304E-01
 0.59731064412776E-01
 0.59495419964059E-01
 0.59255714298961E-01
 0.59020083723764E-01
 0.58786236190418E-01
 0.58507692808010E-01
 0.58258083238362E-01
 0.57980505819392E-01
 0.57695509535285E-01
 0.57405855274387E-01
 0.57135725491245E-01
 0.56872680812878E-01
 0.56562451128687E-01
 0.56285620835639E-01
 0.56006846318776E-01
 0.55734801175456E-01
 0.55465400540479E-01
 0.55199972055360E-01
 0.54935682184656E-01
 0.54672675199860E-01
 0.54410904267417E-01
 0.54154421778330E-01
 0.53898824368172E-01
 0.53656855259658E-01
 0.53423257601642E-01
 0.53174690848251E-01
 0.52938421786708E-01
 0.52696819604620E-01
 0.52462309611654E-01
 0.52224987286234E-01
 0.51984278988801E-01
 0.51767725010715E-01
 0.51542536064626E-01
 0.51336733847142E-01
 0.51113330817246E-01
 0.50898727450249E-01
 0.50694887084408E-01
 0.50490381256068E-01
 0.50282752494845E-01
 0.50069565801858E-01
 0.49890306930907E-01
 0.49739228015146E-01
 0.49559569508270E-01
 0.49352611645242E-01
 0.49153068653012E-01
 0.48963913214590E-01
 0.48792829457300E-01
 0.48599714308196E-01
 0.48462786874093E-01
 0.48244035900046E-01
 0.48070991327965E-01
 0.47884447874135E-01
 0.47701526656188E-01
 0.47541746243978E-01
 0.47381914544201E-01
 0.47267487457004E-01
 0.47040767406204E-01
 0.46860411094191E-01
 0.46700189337579E-01
 0.46585488531270E-01
 0.46320358242844E-01
 0.46226052404527E-01
 0.46159138616565E-01
 0.45965310004161E-01
 0.45898722477271E-01
 0.45732528918769E-01
 0.45587394494551E-01
 0.45525942123188E-01
 0.45354620634668E-01
 0.45147710718080E-01
 0.44982220436079E-01
 0.44849457926139E-01
 0.44732711682739E-01
 0.44594213112378E-01
 0.44506809008757E-01
 0.44395538432823E-01
 0.44267279188314E-01
 0.44156383712943E-01
 0.44024155052290E-01
 0.43854114827703E-01
 0.43728379940781E-01
 0.43591788173631E-01
 0.43448876556918E-01
 0.43386759386287E-01
 0.43217220806299E-01
 0.43157538809011E-01
 0.43030942158872E-01
 0.42828775452491E-01
 0.42762751730486E-01
 0.42617207181343E-01
 0.42480308525332E-01
 0.42367610725329E-01
 0.42252252064280E-01
 0.42146669451326E-01
 0.42014115828566E-01
 0.41921050422966E-01
 0.41820102839509E-01
 0.41699624615867E-01
 0.41601155064119E-01
 0.41530600473882E-01
 0.41437118809754E-01
 0.41265244973904E-01
 0.41221243546953E-01
 0.41058856331277E-01
 0.40964195284144E-01
 0.40822778011851E-01
 0.40733669966200E-01
 0.40601481735036E-01
 0.40468777319280E-01
 0.40367256057905E-01
 0.40282353212379E-01
