-0.47350717324677E+01
-0.47350715745180E+01
-0.47350700653006E+01
-0.47350643656615E+01
-0.47350502503335E+01
-0.47350225201092E+01
-0.47349762150928E+01
-0.47349112515194E+01
-0.47348426628246E+01
-0.47348144536546E+01
-0.47349114709925E+01
-0.47352643457003E+01
-0.47360459385661E+01
-0.47374608835466E+01
-0.47397312687816E+01
-0.47430814921933E+01
-0.47477246029725E+01
-0.47538512977487E+01
-0.47616220641896E+01
-0.47711622129493E+01
-0.47825606886762E+01
-0.47958690975788E+01
-0.48111040865321E+01
-0.48282493667633E+01
-0.48472595817692E+01
-0.48680640806271E+01
-0.48905707049369E+01
-0.49146697067484E+01
-0.49402371653964E+01
-0.49671386175929E+01
-0.49952321475363E+01
-0.50243711375526E+01
-0.50544065539945E+01
-0.50851893189085E+01
-0.51165721089918E+01
-0.51484107504912E+01
-0.51805655933127E+01
-0.52129024506357E+01
-0.52452935372250E+01
-0.52776184860243E+01
-0.53097640330997E+01
-0.53416248168021E+01
-0.53731033824212E+01
-0.54041103184418E+01
-0.54345642351045E+01
-0.54643916577349E+01
-0.54935268780977E+01
-0.55219117543369E+01
-0.55494954366499E+01
-0.55762340362889E+01
-0.56020904245283E+01
-0.56270338687688E+01
-0.56510397153540E+01
-0.56740890637493E+01
-0.56961684416647E+01
-0.57172694748534E+01
-0.57373885946838E+01
-0.57565267202895E+01
-0.57746889570459E+01
-0.57918843272776E+01
-0.58081254914185E+01
-0.58234284906179E+01
-0.58378125070056E+01
-0.58512996264321E+01
-0.58639174458475E+01
-0.58756881502672E+01
-0.58866436348522E+01
-0.58968155599712E+01
-0.59062375344764E+01
-0.59149449324612E+01
-0.59229747652519E+01
-0.59303655449402E+01
-0.59371571453496E+01
-0.59433906737419E+01
-0.59491083870320E+01
-0.59543535656593E+01
-0.59591703296533E+01
-0.59636039058126E+01
-0.59677002857994E+01
-0.59715061347482E+01
-0.59750687818339E+01
-0.59784361675843E+01
-0.59816567807634E+01
-0.59847796537167E+01
-0.59878543946825E+01
-0.59909308996864E+01
-0.59940596293609E+01
-0.59972915084666E+01
-0.60006777515628E+01
-0.60042698959177E+01
-0.60081196533857E+01
-0.60122801463312E+01
-0.60168040947124E+01
-0.60217434687753E+01
-0.60271574467581E+01
-0.60330903770415E+01
-0.60396000506003E+01
-0.60467410214637E+01
-0.60545669002646E+01
-0.60631321813082E+01
-0.60724909066589E+01
-0.60826970920770E+01
-0.60938045055590E+01
-0.61058663982883E+01
-0.61189353627161E+01
-0.61330628239460E+01
-0.61482987216268E+01
-0.61646923335540E+01
-0.61822897200932E+01
-0.62011354298718E+01
-0.62212695160130E+01
-0.62427282865592E+01
-0.62655441107818E+01
-0.62897428162976E+01
-0.63153429085128E+01
-0.63423610585021E+01
-0.63707870016044E+01
-0.64006148747387E+01
-0.64318199574102E+01
-0.64643616912021E+01
-0.64981830697293E+01
-0.65332025688046E+01
-0.65693180369573E+01
-0.66063979414195E+01
-0.66442812739360E+01
-0.66827701869891E+01
-0.67216301269143E+01
-0.67605830107180E+01
-0.67993043089276E+01
-0.68374195264938E+01
-0.68745008970300E+01
-0.69100637665163E+01
-0.69435704640340E+01
-0.69744281613933E+01
-0.70019947993785E+01
-0.70255856561192E+01
-0.70444878259396E+01
-0.70579750274397E+01
-0.70653308711743E+01
-0.70658738200425E+01
-0.70589883115672E+01
-0.70441580417805E+01
-0.70209973223953E+01
-0.69892811603245E+01
-0.69489694167130E+01
-0.69002269793162E+01
-0.68434381066750E+01
-0.67791918398581E+01
-0.67082861463879E+01
-0.66316947310382E+01
-0.65505374696859E+01
-0.64660265134045E+01
-0.63794137023198E+01
-0.62919159612737E+01
-0.62046620506290E+01
-0.61186373485229E+01
-0.60346394065754E+01
-0.59532597070921E+01
-0.58748740818698E+01
-0.57996514281464E+01
-0.57275863509189E+01
-0.56585255269126E+01
-0.55922072074345E+01
-0.55283013224762E+01
-0.54664429407336E+01
-0.54062595465503E+01
-0.53473995798357E+01
-0.52895462270590E+01
-0.52324277354555E+01
-0.51758246586338E+01
-0.51195677301106E+01
-0.50635361388974E+01
-0.50076526289962E+01
-0.49518786142648E+01
-0.48962013065168E+01
-0.48406373198200E+01
-0.47852186781807E+01
-0.47299897348493E+01
-0.46750022660635E+01
-0.46203121821518E+01
-0.45659756324021E+01
-0.45120475846724E+01
-0.44585792742099E+01
-0.44056174249098E+01
-0.43532036996861E+01
-0.43013742691629E+01
-0.42501589814049E+01
-0.41995839689345E+01
-0.41496679641226E+01
-0.41004262549472E+01
-0.40518689673341E+01
-0.40040032199975E+01
-0.39568304704890E+01
-0.39103517324681E+01
-0.38645643856902E+01
-0.38194617626640E+01
-0.37750381342557E+01
-0.37312846762100E+01
-0.36881917124979E+01
-0.36457484280108E+01
-0.36039433417998E+01
-0.35627644549188E+01
-0.35221995527073E+01
-0.34822361486674E+01
-0.34428617122420E+01
-0.34040635754274E+01
-0.33658300113303E+01
-0.33281477937615E+01
-0.32910067196394E+01
-0.32543928520101E+01
-0.32182961140890E+01
-0.31827066377591E+01
-0.31476117403476E+01
-0.31130036819452E+01
-0.30788699976236E+01
-0.30452034730434E+01
-0.30119950881777E+01
-0.29792337858055E+01
-0.29469136775494E+01
-0.29150260053541E+01
-0.28835635603447E+01
-0.28525172944461E+01
-0.28218818050904E+01
-0.27916502521414E+01
-0.27618154652780E+01
-0.27323712403171E+01
-0.27033117819488E+01
-0.26746312178514E+01
-0.26463237542349E+01
-0.26183844737916E+01
-0.25908067932541E+01
-0.25635868531921E+01
-0.25367192257737E+01
-0.25101990586264E+01
-0.24840214984343E+01
-0.24581820197221E+01
-0.24326763008262E+01
-0.24074998865439E+01
-0.23826483684831E+01
-0.23581175165300E+01
-0.23339031360764E+01
-0.23100011743299E+01
-0.22864076311358E+01
-0.22631185911477E+01
-0.22401301759174E+01
-0.22174384892286E+01
-0.21950397023028E+01
-0.21729300786188E+01
-0.21511059167399E+01
-0.21295635611936E+01
-0.21082994737394E+01
-0.20873099860236E+01
-0.20665915617632E+01
-0.20461406416405E+01
-0.20259539053657E+01
-0.20060278181165E+01
-0.19863589435588E+01
-0.19669439893632E+01
-0.19477793399786E+01
-0.19288618414993E+01
-0.19101884245636E+01
-0.18917553089554E+01
-0.18735599742477E+01
-0.18555980862434E+01
-0.18378676750658E+01
-0.18203649295866E+01
-0.18030871063817E+01
-0.17860307465540E+01
-0.17691928885646E+01
-0.17525707342584E+01
-0.17361611557107E+01
-0.17199610622971E+01
-0.17039675078732E+01
-0.16881777840591E+01
-0.16725889313825E+01
-0.16571980939269E+01
-0.16420024015964E+01
-0.16269991379334E+01
-0.16121855247465E+01
-0.15975588632914E+01
-0.15831164470732E+01
-0.15688556370646E+01
-0.15547737404420E+01
-0.15408681876534E+01
-0.15271364651670E+01
-0.15135760040867E+01
-0.15001843102450E+01
-0.14869589226582E+01
-0.14738973967138E+01
-0.14609973245179E+01
-0.14482563422176E+01
-0.14356720974046E+01
-0.14232422901883E+01
-0.14109646234106E+01
-0.13988368819706E+01
-0.13868568160006E+01
-0.13750222620177E+01
-0.13633310727613E+01
-0.13517810972424E+01
-0.13403702529887E+01
