 0.11622822418906E+03
 0.11622820896452E+03
 0.11622807509245E+03
 0.11622760411626E+03
 0.11622650132531E+03
 0.11622445921883E+03
 0.11622149144217E+03
 0.11621902449667E+03
 0.11622173304423E+03
 0.11623919312933E+03
 0.11628633065394E+03
 0.11638239167564E+03
 0.11654889512543E+03
 0.11680728240720E+03
 0.11717684427110E+03
 0.11767322922312E+03
 0.11830761071280E+03
 0.11908642858746E+03
 0.12001156322900E+03
 0.12108077288991E+03
 0.12228837657618E+03
 0.12362585162024E+03
 0.12508254446727E+03
 0.12664623514531E+03
 0.12830371916901E+03
 0.13004124486142E+03
 0.13184490533532E+03
 0.13370094261222E+03
 0.13559595154081E+03
 0.13751709455548E+03
 0.13945222562788E+03
 0.14138997673902E+03
 0.14331979858056E+03
 0.14523201450339E+03
 0.14711782081872E+03
 0.14896927895136E+03
 0.15077929462205E+03
 0.15254158120418E+03
 0.15425063578486E+03
 0.15590172830748E+03
 0.15749079716795E+03
 0.15901444265602E+03
 0.16046986732825E+03
 0.16185483574726E+03
 0.16316762950778E+03
 0.16440700326579E+03
 0.16557214399728E+03
 0.16666263322072E+03
 0.16767840394689E+03
 0.16861970469430E+03
 0.16948707289724E+03
 0.17028130152997E+03
 0.17100341042333E+03
 0.17165461981384E+03
 0.17223632659866E+03
 0.17275008083238E+03
 0.17319756850202E+03
 0.17358059168674E+03
 0.17390105103668E+03
 0.17416093153207E+03
 0.17436228867933E+03
 0.17450723583198E+03
 0.17459793346981E+03
 0.17463657880678E+03
 0.17462548947461E+03
 0.17456674300348E+03
 0.17446267286140E+03
 0.17431554007331E+03
 0.17412760755218E+03
 0.17390112938113E+03
 0.17363834933051E+03
 0.17334149640760E+03
 0.17301278215317E+03
 0.17265438955737E+03
 0.17226847684837E+03
 0.17185717177743E+03
 0.17142255982287E+03
 0.17096670835775E+03
 0.17049164781439E+03
 0.16999936229920E+03
 0.16949179385631E+03
 0.16897084766564E+03
 0.16843836985106E+03
 0.16789616430398E+03
 0.16734599822440E+03
 0.16678955937564E+03
 0.16622850715372E+03
 0.16566443987639E+03
 0.16509889369524E+03
 0.16453333137273E+03
 0.16396918373246E+03
 0.16340784291155E+03
 0.16285059495602E+03
 0.16229857115273E+03
 0.16175308824256E+03
 0.16121494441823E+03
 0.16068521458668E+03
 0.16016478168244E+03
 0.15965435634649E+03
 0.15915460370508E+03
 0.15866603117926E+03
 0.15818900292335E+03
 0.15772373002836E+03
 0.15727024810062E+03
 0.15682839384359E+03
 0.15639777129805E+03
 0.15597774851955E+03
 0.15556740828886E+03
 0.15516549226641E+03
 0.15477045579766E+03
 0.15438019183663E+03
 0.15399227452982E+03
 0.15360366203875E+03
 0.15321072414665E+03
 0.15280914330495E+03
 0.15239396731298E+03
 0.15195897266756E+03
 0.15149728408252E+03
 0.15100077753156E+03
 0.15046009199922E+03
 0.14986447051491E+03
 0.14920140069040E+03
 0.14845679635944E+03
 0.14761447814365E+03
 0.14665617697323E+03
 0.14556128479529E+03
 0.14430671732466E+03
 0.14286676004873E+03
 0.14121302518946E+03
 0.13931444950063E+03
 0.13713746362584E+03
 0.13464623406727E+03
 0.13180345413738E+03
 0.12857094921774E+03
 0.12491108754625E+03
 0.12078837336626E+03
 0.11617161794190E+03
 0.11103643203485E+03
 0.10536811213077E+03
 0.99164605190432E+02
 0.92439296791984E+02
 0.85222715205788E+02
 0.77563832857938E+02
 0.69529051055579E+02
 0.61200112703049E+02
 0.52670376027316E+02
 0.44039909901805E+02
 0.35410554610615E+02
 0.26880981499492E+02
 0.18542842043211E+02
 0.10477736292943E+02
 0.27553814428460E+01
-0.45672656403812E+01
-0.11445437608656E+02
-0.17845706238751E+02
-0.23744199159959E+02
-0.29124285492469E+02
-0.33974673278694E+02
-0.38287236910171E+02
-0.42056027908026E+02
-0.45276186930483E+02
-0.47943948828989E+02
-0.50056929601049E+02
-0.51614666810434E+02
-0.52619276651364E+02
-0.53075991278580E+02
-0.52993660271709E+02
-0.52385063430928E+02
-0.51266794629871E+02
-0.49659139776416E+02
-0.47585717383236E+02
-0.45072936258263E+02
-0.42149503179075E+02
-0.38845860064606E+02
-0.35193398397952E+02
-0.31224229614721E+02
-0.26970510622802E+02
-0.22464006707308E+02
-0.17735865993425E+02
-0.12816152549738E+02
-0.77337970355446E+01
-0.25163837990127E+01
 0.28100161059330E+01
 0.82208624029635E+01
 0.13693185189178E+02
 0.19205603960919E+02
 0.24738280817727E+02
 0.30273148225711E+02
 0.35793193871907E+02
 0.41283304561987E+02
 0.46729255213241E+02
 0.52118810457191E+02
 0.57439985151094E+02
 0.62682895512739E+02
 0.67838422627115E+02
 0.72898128773031E+02
 0.77855034344625E+02
 0.82702815174399E+02
 0.87436026350793E+02
 0.92049968918146E+02
 0.96540648614450E+02
 0.10090480543705E+03
 0.10513971243640E+03
 0.10924325374647E+03
 0.11321382309607E+03
 0.11705030717152E+03
 0.12075240982113E+03
 0.12431906043373E+03
 0.12775136451935E+03
 0.13104862179064E+03
 0.13421219567178E+03
 0.13724349662492E+03
 0.14014268322643E+03
 0.14291255677766E+03
 0.14555343034690E+03
 0.14806836717380E+03
 0.15045925807287E+03
 0.15272711203068E+03
 0.15487548218195E+03
 0.15690635033354E+03
 0.15882257606099E+03
 0.16062549609148E+03
 0.16231905490510E+03
 0.16390541484329E+03
 0.16538742394992E+03
 0.16676755224469E+03
 0.16804895154226E+03
 0.16923417304283E+03
 0.17032609866499E+03
 0.17132763814161E+03
 0.17224083772566E+03
 0.17306935328605E+03
 0.17381554756974E+03
 0.17448215757141E+03
 0.17507187372855E+03
 0.17558731627568E+03
 0.17603102044469E+03
 0.17640571690904E+03
 0.17671383182025E+03
 0.17695784757632E+03
 0.17714017130648E+03
 0.17726317705102E+03
 0.17732920557213E+03
 0.17734055606380E+03
 0.17729945379861E+03
 0.17720803121460E+03
 0.17706837765159E+03
 0.17688254637850E+03
 0.17665254584750E+03
 0.17638033391063E+03
 0.17606784194411E+03
 0.17571686055623E+03
 0.17532917906160E+03
 0.17490656918265E+03
 0.17445061073975E+03
 0.17396298150587E+03
 0.17344521134003E+03
 0.17289889085423E+03
 0.17232546040229E+03
 0.17172628548755E+03
 0.17110289478028E+03
 0.17045629395016E+03
 0.16978834684714E+03
 0.16909928453432E+03
 0.16839122487860E+03
 0.16766491491185E+03
 0.16692161315970E+03
 0.16616230295644E+03
 0.16538790192478E+03
 0.16459951593218E+03
 0.16379809589442E+03
 0.16298459025508E+03
 0.16215959799457E+03
 0.16132419323276E+03
 0.16047914331603E+03
 0.15962521942977E+03
 0.15876313121538E+03
 0.15789362524736E+03
 0.15701736472625E+03
 0.15613493174773E+03
 0.15524698149437E+03
 0.15435417480534E+03
 0.15345697170104E+03
 0.15255593616711E+03
 0.15165166841112E+03
 0.15074461979578E+03
 0.14983526141715E+03
 0.14892404659691E+03
 0.14801140426569E+03
 0.14709774510211E+03
 0.14618346294877E+03
 0.14526893098903E+03
 0.14435450301479E+03
 0.14344047644147E+03
 0.14252728289163E+03
 0.14161508520035E+03
 0.14070428188900E+03
 0.13979514718963E+03
 0.13888786321605E+03
 0.13798272039964E+03
