 0.10799240596646E+03
 0.10799240596642E+03
 0.10799240596616E+03
 0.10799240596823E+03
 0.10799240598896E+03
 0.10799240607021E+03
 0.10799240625885E+03
 0.10799240645408E+03
 0.10799240596011E+03
 0.10799240259863E+03
 0.10799239154141E+03
 0.10799236407130E+03
 0.10799230655346E+03
 0.10799219974863E+03
 0.10799201860924E+03
 0.10799173250973E+03
 0.10799130567840E+03
 0.10799069806412E+03
 0.10798986634501E+03
 0.10798876484494E+03
 0.10798734580167E+03
 0.10798556090403E+03
 0.10798336226978E+03
 0.10798070254827E+03
 0.10797753551350E+03
 0.10797381678316E+03
 0.10796950386758E+03
 0.10796455625614E+03
 0.10795893553154E+03
 0.10795260517541E+03
 0.10794553032456E+03
 0.10793767747967E+03
 0.10792901436150E+03
 0.10791950923526E+03
 0.10790913044911E+03
 0.10789784647554E+03
 0.10788562510772E+03
 0.10787243313471E+03
 0.10785823591773E+03
 0.10784299672192E+03
 0.10782667691095E+03
 0.10780923532306E+03
 0.10779062801868E+03
 0.10777080797065E+03
 0.10774972478477E+03
 0.10772732446956E+03
 0.10770354917116E+03
 0.10767833694160E+03
 0.10765162151141E+03
 0.10762333215853E+03
 0.10759339337859E+03
 0.10756172471088E+03
 0.10752824053521E+03
 0.10749284983390E+03
 0.10745545600598E+03
 0.10741595663944E+03
 0.10737424328155E+03
 0.10733020127315E+03
 0.10728370952382E+03
 0.10723464023768E+03
 0.10718285877953E+03
 0.10712822342750E+03
 0.10707058517072E+03
 0.10700978753029E+03
 0.10694564643123E+03
 0.10687802539910E+03
 0.10680672777649E+03
 0.10673156501169E+03
 0.10665234005292E+03
 0.10656884719495E+03
 0.10648087183292E+03
 0.10638819026533E+03
 0.10629056959962E+03
 0.10618776740857E+03
 0.10607953164484E+03
 0.10596560040692E+03
 0.10584570173933E+03
 0.10571955315375E+03
 0.10558686186670E+03
 0.10544732409737E+03
 0.10530062506988E+03
 0.10514643894877E+03
 0.10498442846932E+03
 0.10481424431068E+03
 0.10463552483513E+03
 0.10444789662173E+03
 0.10425097346141E+03
 0.10404435560362E+03
 0.10382763108360E+03
 0.10360037249087E+03
 0.10336214083946E+03
 0.10311248153107E+03
 0.10285092641087E+03
 0.10257699075521E+03
 0.10229013215225E+03
 0.10198991536933E+03
 0.10167577828940E+03
 0.10134716897961E+03
 0.10100352780727E+03
 0.10064427751006E+03
 0.10026882573262E+03
 0.99876563042925E+02
 0.99466864327234E+02
 0.99039088926591E+02
 0.98592581219366E+02
 0.98126673640306E+02
 0.97640684590139E+02
 0.97133914767426E+02
 0.96605659900569E+02
 0.96055198797372E+02
 0.95481814578078E+02
 0.94884773137394E+02
 0.94263336866934E+02
 0.93616770597855E+02
 0.92944343169314E+02
 0.92245267130734E+02
 0.91518927754935E+02
 0.90764569211801E+02
 0.89981503619598E+02
 0.89169062941511E+02
 0.88326610270807E+02
 0.87453543433779E+02
 0.86549296794672E+02
 0.85613353336186E+02
 0.84645245902948E+02
 0.83644579706094E+02
 0.82611019406671E+02
 0.81544314546349E+02
 0.80444298938095E+02
 0.79310908927750E+02
 0.78144189302402E+02
 0.76944315861454E+02
 0.75711604360874E+02
 0.74446518872167E+02
 0.73149711758101E+02
 0.71822032496713E+02
 0.70464546690077E+02
 0.69078572534361E+02
 0.67665695819384E+02
 0.66227809049411E+02
 0.64767150430008E+02
 0.63286291090778E+02
 0.61788175426461E+02
 0.60276116639175E+02
 0.58753783956083E+02
 0.57225196538005E+02
 0.55694627498975E+02
 0.54166611037487E+02
 0.52645809022080E+02
 0.51136933534188E+02
 0.49644659330548E+02
 0.48173516027314E+02
 0.46727759388259E+02
 0.45311352397191E+02
 0.43927822452900E+02
 0.42580211766582E+02
 0.41271075180468E+02
 0.40002425736382E+02
 0.38775786758987E+02
 0.37592124940889E+02
 0.36452002863261E+02
 0.35355538190216E+02
 0.34302486296510E+02
 0.33292267552862E+02
 0.32324045585008E+02
 0.31396784259543E+02
 0.30509266541634E+02
 0.29660154266056E+02
 0.28848027201428E+02
 0.28071405621573E+02
 0.27328789048366E+02
 0.26618671466178E+02
 0.25939563221595E+02
 0.25290004508239E+02
 0.24668569281558E+02
 0.24073885134783E+02
 0.23504630133257E+02
 0.22959538460623E+02
 0.22437401110240E+02
 0.21937068425493E+02
 0.21457447729935E+02
 0.20997501952433E+02
 0.20556249968179E+02
 0.20132763828070E+02
 0.19726166376978E+02
 0.19335627620754E+02
 0.18960364302927E+02
 0.18599636135982E+02
 0.18252744434579E+02
 0.17919030609911E+02
 0.17597869140825E+02
 0.17288671797524E+02
 0.16990881257899E+02
 0.16703971212900E+02
 0.16427443932378E+02
 0.16160827741546E+02
 0.15903677150051E+02
 0.15655569957009E+02
 0.15416106177902E+02
 0.15184906750120E+02
 0.14961612557648E+02
 0.14745882459502E+02
 0.14537393461477E+02
 0.14335838524070E+02
 0.14140926104512E+02
 0.13952379167797E+02
 0.13769934890859E+02
 0.13593342852907E+02
 0.13422364656978E+02
 0.13256774189111E+02
 0.13096355643978E+02
 0.12940903778782E+02
 0.12790222598792E+02
 0.12644125946654E+02
 0.12502435875140E+02
 0.12364982748435E+02
 0.12231604984145E+02
 0.12102147787750E+02
 0.11976464049630E+02
 0.11854412860756E+02
 0.11735859331423E+02
 0.11620675206688E+02
 0.11508737514417E+02
 0.11399928299522E+02
 0.11294135453488E+02
 0.11191250833795E+02
 0.11091171829593E+02
 0.10993799315416E+02
 0.10899038925136E+02
 0.10806800110894E+02
 0.10716995718058E+02
 0.10629542703818E+02
 0.10544361157759E+02
 0.10461374357162E+02
 0.10380509102862E+02
 0.10301694638278E+02
 0.10224863186669E+02
 0.10149949546308E+02
 0.10076891329543E+02
 0.10005628499994E+02
 0.99361033596718E+01
 0.98682603777524E+01
 0.98020461899226E+01
 0.97374094703997E+01
 0.96743008236578E+01
 0.96126727244147E+01
 0.95524794388480E+01
 0.94936769234459E+01
 0.94362227588241E+01
 0.93800761073471E+01
 0.93251975698685E+01
 0.92715492355310E+01
 0.92190945389972E+01
 0.91677982221371E+01
 0.91176262750305E+01
 0.90685459135442E+01
 0.90205255159032E+01
 0.89735345532593E+01
 0.89275437479433E+01
 0.88825243005624E+01
 0.88384489910498E+01
 0.87952912825445E+01
 0.87530253887396E+01
 0.87116269439223E+01
 0.86710715357184E+01
 0.86313365000054E+01
 0.85923990435527E+01
 0.85542379872726E+01
 0.85168323239538E+01
 0.84801615946405E+01
 0.84442064329905E+01
 0.84089480450296E+01
 0.83743679794251E+01
 0.83404485103378E+01
 0.83071724382315E+01
 0.82745232008631E+01
 0.82424848263458E+01
 0.82110415944045E+01
 0.81801784203648E+01
 0.81498806455695E+01
 0.81201341189673E+01
 0.80909251238390E+01
 0.80622403306566E+01
 0.80340668007128E+01
 0.80063920133557E+01
 0.79792038249580E+01
 0.79524904348666E+01
 0.79262403990019E+01
 0.79004426242591E+01
 0.78750863361607E+01
 0.78501610759446E+01
 0.78256567039339E+01
 0.78015633474362E+01
 0.77778714408453E+01
 0.77545716647092E+01
 0.77316550131801E+01
 0.77091126923542E+01
 0.76869361736842E+01
 0.76651171761739E+01
 0.76436476386935E+01
