 0.10000000133514E-09
 0.10000000133514E-09
 0.10000000133514E-09
 0.10000000133514E-09
 0.10000000133514E-09
 0.10000000133514E-09
 0.10000000133514E-09
 0.10000000133514E-09
 0.10000000133514E-09
 0.10000000133514E-09
 0.10000000133514E-09
 0.10000000133514E-09
 0.10000000133514E-09
 0.10000000133514E-09
 0.10000000133514E-09
 0.10000000133514E-09
 0.10000000133514E-09
 0.52013294512510E-07
 0.52013294512510E-07
 0.25714614881193E-06
 0.50252257662320E-06
 0.91094007275414E-06
 0.15668912936136E-05
 0.25747396923901E-05
 0.40646618261545E-05
 0.61942676517823E-05
 0.91494271397955E-05
 0.13144479271848E-04
 0.18421949080958E-04
 0.25251792307158E-04
 0.33930183373453E-04
 0.44778112861640E-04
 0.58140483678569E-04
 0.74383673874133E-04
 0.93894761061166E-04
 0.11707949934058E-03
 0.14436174799637E-03
 0.17618130231785E-03
 0.21299336528424E-03
 0.25526783053109E-03
 0.30348774310100E-03
 0.35814959582119E-03
 0.41976250786081E-03
 0.48884727065012E-03
 0.56593713080069E-03
 0.65157732307569E-03
 0.74632462620624E-03
 0.85074788316102E-03
 0.96542792076253E-03
 0.10909582006100E-02
 0.12279452932552E-02
 0.13770080593076E-02
 0.15387791134997E-02
 0.17139050971847E-02
 0.19030477343911E-02
 0.21068826236501E-02
 0.23261025744396E-02
 0.25614154653565E-02
 0.28135456115266E-02
 0.30832368910197E-02
 0.33712509436434E-02
 0.36783681007309E-02
 0.40053899332745E-02
 0.43531384820124E-02
 0.47237103934745E-02
 0.51156336528748E-02
 0.55309089144688E-02
 0.59704542517186E-02
 0.64352171996909E-02
 0.69261700302201E-02
 0.74443151497200E-02
 0.79906856736173E-02
 0.85663460991567E-02
 0.91723958022743E-02
 0.98099658190375E-02
 0.10480224623338E-01
 0.11184380837928E-01
 0.11923682775313E-01
 0.12699413952050E-01
 0.13512908453845E-01
 0.14365546789082E-01
 0.15258752895175E-01
 0.16193994082649E-01
 0.17172795688145E-01
 0.18196744801888E-01
 0.19267471373798E-01
 0.20386656933368E-01
 0.21556063843927E-01
 0.22777488821176E-01
 0.24052827686771E-01
 0.25384018287221E-01
 0.26773060364403E-01
 0.28222021223408E-01
 0.29733066340569E-01
 0.31309217260247E-01
 0.32951289277620E-01
 0.34662293017103E-01
 0.36444726302902E-01
 0.38301095954753E-01
 0.40233977451596E-01
 0.42246011063862E-01
 0.44339924946809E-01
 0.46518505568316E-01
 0.48784605280612E-01
 0.51141135008695E-01
 0.53591014528575E-01
 0.56137239787978E-01
 0.58782859753819E-01
 0.61530891620594E-01
 0.64384439991820E-01
 0.67346450206551E-01
 0.70419993280603E-01
 0.73608066601559E-01
 0.76913574261380E-01
 0.80339315638847E-01
 0.83888808835848E-01
 0.87563197088947E-01
 0.91365572570249E-01
 0.95298149648312E-01
 0.99362964620775E-01
 0.10356172852600E+00
 0.10789588608803E+00
 0.11236659753900E+00
 0.11697462818058E+00
 0.12172040744099E+00
 0.12660388462105E+00
 0.13162461720218E+00
 0.13678166755991E+00
 0.14207363094214E+00
 0.14749855304264E+00
 0.15305400753046E+00
 0.15873694439072E+00
 0.16454368843808E+00
 0.17047009456290E+00
 0.17651122169166E+00
 0.18266168330579E+00
 0.18891505712156E+00
 0.19526442011659E+00
 0.20170248180264E+00
 0.20822107141798E+00
 0.21481113147555E+00
 0.22146275656718E+00
 0.22816576952992E+00
 0.23490874157169E+00
 0.24168016346012E+00
 0.24846748933528E+00
 0.25525829019759E+00
 0.26203951629632E+00
 0.26879861091557E+00
 0.27552421954956E+00
 0.28220423785576E+00
 0.28882818347254E+00
 0.29538585247780E+00
 0.30186915688462E+00
 0.30827124674976E+00
 0.31458607173960E+00
 0.32080952928957E+00
 0.32693838366354E+00
 0.33297031257940E+00
 0.33890593385712E+00
 0.34474482459837E+00
 0.35048818679424E+00
 0.35613792565813E+00
 0.36169618662610E+00
 0.36716549079845E+00
 0.37254922612566E+00
 0.37785045227658E+00
 0.38307237019106E+00
 0.38821820744705E+00
 0.39329110451802E+00
 0.39829417550649E+00
 0.40323036129195E+00
 0.40810249204253E+00
 0.41291290446049E+00
 0.41766485844730E+00
 0.42236022960652E+00
 0.42700119747468E+00
 0.43158979862148E+00
 0.43612787872982E+00
 0.44061718901563E+00
 0.44505932708342E+00
 0.44945575174841E+00
 0.45380782362976E+00
 0.45811677840943E+00
 0.46238375936620E+00
 0.46660980034979E+00
 0.47079591790810E+00
 0.47494297075792E+00
 0.47905177232253E+00
 0.48312308140212E+00
 0.48715763240096E+00
 0.49115604764243E+00
 0.49511892237831E+00
 0.49904684319008E+00
 0.50294031768937E+00
 0.50679983910536E+00
 0.51062585647730E+00
 0.51441879755591E+00
 0.51817908028831E+00
 0.52190707790303E+00
 0.52560313669765E+00
 0.52926764400437E+00
 0.53290089169338E+00
 0.53650320222117E+00
 0.54007487359640E+00
 0.54361622579225E+00
 0.54712750407576E+00
 0.55060899108976E+00
 0.55406096676165E+00
 0.55748367060185E+00
 0.56087736924023E+00
 0.56424228635751E+00
 0.56757868457486E+00
 0.57088679278743E+00
 0.57416683656805E+00
 0.57741906107570E+00
 0.58064368502203E+00
 0.58384095370499E+00
 0.58701104270379E+00
 0.59015421518246E+00
 0.59327067404687E+00
 0.59636064379521E+00
 0.59942434119060E+00
 0.60246196065526E+00
 0.60547373548801E+00
 0.60845987316904E+00
 0.61142059022010E+00
 0.61435608720548E+00
 0.61726658735048E+00
 0.62015228825729E+00
 0.62301339642570E+00
 0.62585013283479E+00
 0.62866267808296E+00
 0.63145127113428E+00
 0.63421609501916E+00
 0.63695736080198E+00
 0.63967527325894E+00
 0.64237003392622E+00
 0.64504184526829E+00
 0.64769090747926E+00
 0.65031742299162E+00
 0.65292158918772E+00
 0.65550360962812E+00
 0.65806368172076E+00
 0.66060199841978E+00
 0.66311875809423E+00
 0.66561415763825E+00
 0.66808838709413E+00
 0.67054164158051E+00
 0.67297411603098E+00
 0.67538599785403E+00
 0.67777747826006E+00
 0.68014874559544E+00
 0.68249998897581E+00
 0.68483139448265E+00
 0.68714314829143E+00
 0.68943543275819E+00
 0.69170843351612E+00
 0.69396232954603E+00
 0.69619730399659E+00
 0.69841353415145E+00
 0.70061120322701E+00
 0.70279048361770E+00
 0.70495154541174E+00
 0.70709456888926E+00
 0.70921972669985E+00
 0.71132718911324E+00
 0.71341712221569E+00
 0.71548970283373E+00
 0.71754509706335E+00
 0.71958346172325E+00
 0.72160496836364E+00
 0.72360978318587E+00
 0.72559806450110E+00
 0.72756997072872E+00
 0.72952566618253E+00
 0.73146530563024E+00
 0.73338904364803E+00
 0.73529703728712E+00
 0.73718944148061E+00
 0.73906640645410E+00
 0.74092808096398E+00
 0.74277461764271E+00
 0.74460616189933E+00
 0.74642286314096E+00
 0.74822486613146E+00
 0.75001231476941E+00
 0.75178534939700E+00
 0.75354411399105E+00
 0.75528874747772E+00
 0.75701938764418E+00
 0.75873617248142E+00
 0.76043923639467E+00
 0.76212871510176E+00
 0.76380474105200E+00
 0.76546744537412E+00
 0.76711695944514E+00
 0.76875341253257E+00
 0.77037693188601E+00
 0.77198764376141E+00
