 0.10000000133514E-09
 0.10000000133514E-09
 0.10000000133514E-09
 0.10000000133514E-09
 0.10000000133514E-09
 0.10000000133514E-09
 0.10000000133514E-09
 0.10000000133514E-09
 0.10000000133514E-09
 0.10000000133514E-09
 0.10000000133514E-09
 0.10000000133514E-09
 0.10000000133514E-09
 0.10000000133514E-09
 0.10000000133514E-09
 0.10000000133514E-09
 0.10000000133514E-09
 0.58625814649125E-03
 0.58625814649125E-03
 0.12007076150948E-02
 0.16294569799118E-02
 0.21486092203665E-02
 0.27635869894542E-02
 0.34784917388990E-02
 0.42961715064124E-02
 0.52183881310890E-02
 0.62459088678129E-02
 0.73786527996094E-02
 0.86158374413962E-02
 0.99561220170043E-02
 0.11397714963612E-01
 0.12938494878910E-01
 0.14576168396206E-01
 0.16308260817374E-01
 0.18132263547020E-01
 0.20045660815458E-01
 0.22046024522985E-01
 0.24130998135955E-01
 0.26298370105041E-01
 0.28546094985148E-01
 0.30872287783382E-01
 0.33275257577914E-01
 0.35753509314208E-01
 0.38305723194392E-01
 0.40930784191855E-01
 0.43627759872323E-01
 0.46395888691745E-01
 0.49234582138989E-01
 0.52143400208366E-01
 0.55122060734917E-01
 0.58170422815434E-01
 0.61288457217621E-01
 0.64476253231327E-01
 0.67734000979487E-01
 0.71061993818073E-01
 0.74460594120420E-01
 0.77930250463452E-01
 0.81471468780818E-01
 0.85084793137978E-01
 0.88770856742306E-01
 0.92530329771575E-01
 0.96363911462862E-01
 0.10027235952399E+00
 0.10425644999716E+00
 0.10832461084650E+00
 0.11246352077592E+00
 0.11668070355909E+00
 0.12097703221769E+00
 0.12535345155515E+00
 0.12981087561826E+00
 0.13435027778332E+00
 0.13897263998358E+00
 0.14367895865927E+00
 0.14847026683478E+00
 0.15334759938810E+00
 0.15831201269973E+00
 0.16336458581027E+00
 0.16850642551617E+00
 0.17373862242626E+00
 0.17906234898647E+00
 0.18447877513577E+00
 0.18998905223367E+00
 0.19559433054820E+00
 0.20129583469561E+00
 0.20709481665780E+00
 0.21299243280005E+00
 0.21898990868074E+00
 0.22508848727607E+00
 0.23128934419867E+00
 0.23759376733663E+00
 0.24400294645705E+00
 0.25051799976420E+00
 0.25714005265482E+00
 0.26387028392689E+00
 0.27071292656608E+00
 0.27766310930975E+00
 0.28472432540464E+00
 0.29189769008853E+00
 0.29918396237103E+00
 0.30658377443142E+00
 0.31409757707382E+00
 0.32172574632261E+00
 0.32946849944671E+00
 0.33732588363541E+00
 0.34529770903204E+00
 0.35338342490334E+00
 0.36158233813705E+00
 0.36989353982600E+00
 0.37831564667149E+00
 0.38684719711754E+00
 0.39548567160478E+00
 0.40422890339613E+00
 0.41307401460258E+00
 0.42201756552278E+00
 0.43105556589120E+00
 0.44018534634040E+00
 0.44939874230625E+00
 0.45869168009993E+00
 0.46805793669991E+00
 0.47749083979009E+00
 0.48698288029900E+00
 0.49652604568179E+00
 0.50611173309842E+00
 0.51573064374851E+00
 0.52537298501231E+00
 0.53502835074780E+00
 0.54468587257953E+00
 0.55433411104697E+00
 0.56396133410128E+00
 0.57355538026327E+00
 0.58310378499349E+00
 0.59259390508575E+00
 0.60201289789267E+00
 0.61134801982814E+00
 0.62058633458607E+00
 0.62971500249410E+00
 0.63872194353653E+00
 0.64759503729722E+00
 0.65632242509244E+00
 0.66489297959133E+00
 0.67329604001252E+00
 0.68152210511609E+00
 0.68956224336758E+00
 0.69740904335993E+00
 0.70505611400834E+00
 0.71249851232606E+00
 0.71973292054200E+00
 0.72675785919007E+00
 0.73357312137413E+00
 0.74017990260350E+00
 0.74658190143692E+00
 0.75278362635646E+00
 0.75879189242975E+00
 0.76461327334126E+00
 0.77025570473698E+00
 0.77572838422190E+00
 0.78104018279458E+00
 0.78620065025492E+00
 0.79121896982082E+00
 0.79610428176099E+00
 0.80086515263888E+00
 0.80550973257840E+00
 0.81004548485884E+00
 0.81447973730442E+00
 0.81881906177899E+00
 0.82306885005043E+00
 0.82723444707953E+00
 0.83132060832932E+00
 0.83533151271901E+00
 0.83927097249313E+00
 0.84314229952432E+00
 0.84694851485273E+00
 0.85069224384216E+00
 0.85437585528479E+00
 0.85800145196200E+00
 0.86157093464782E+00
 0.86508600746694E+00
 0.86854818017853E+00
 0.87195885280888E+00
 0.87531924724732E+00
 0.87863052515354E+00
 0.88189373960559E+00
 0.88510987461453E+00
 0.88827982844688E+00
 0.89140442279470E+00
 0.89448446573638E+00
 0.89752072844839E+00
 0.90051389561896E+00
 0.90346467084509E+00
 0.90637364867949E+00
 0.90924155098682E+00
 0.91206892196140E+00
 0.91485637443340E+00
 0.91760449546158E+00
 0.92031383585869E+00
 0.92298494505511E+00
 0.92561838592126E+00
 0.92821467638287E+00
 0.93077433413891E+00
 0.93329789222572E+00
 0.93578585183906E+00
 0.93823873988028E+00
 0.94065703455081E+00
 0.94304123510111E+00
 0.94539183104228E+00
 0.94770931574660E+00
 0.94999414790221E+00
 0.95224682146196E+00
 0.95446779789779E+00
 0.95665754004832E+00
 0.95881651319337E+00
 0.96094516109942E+00
 0.96304394496329E+00
 0.96511330563810E+00
 0.96715368101881E+00
 0.96916550798991E+00
 0.97114921955304E+00
 0.97310524537707E+00
 0.97503398610019E+00
 0.97693587834149E+00
 0.97881132462583E+00
 0.98066072610719E+00
 0.98248448717965E+00
 0.98428299622947E+00
 0.98605664685596E+00
 0.98780582174787E+00
 0.98953089860414E+00
 0.99123225059874E+00
 0.99291024814046E+00
 0.99456524931551E+00
 0.99619761048893E+00
 0.99780768811723E+00
 0.99939582268509E+00
 0.10009623652321E+01
 0.10025076423107E+01
 0.10040319907055E+01
 0.10055357335778E+01
 0.10070191904828E+01
 0.10084826792266E+01
 0.10099265107087E+01
 0.10113509902370E+01
 0.10127564184030E+01
 0.10141430917032E+01
 0.10155113006582E+01
 0.10168613314679E+01
 0.10181934665907E+01
 0.10195079828231E+01
 0.10208051513240E+01
 0.10220852413851E+01
 0.10233485143419E+01
 0.10245952315794E+01
 0.10258256466973E+01
 0.10270400094937E+01
 0.10282385658476E+01
 0.10294215588448E+01
 0.10305892254005E+01
 0.10317417999859E+01
 0.10328795106888E+01
 0.10340025850317E+01
 0.10351112451522E+01
 0.10362057080404E+01
 0.10372861909066E+01
 0.10383529020520E+01
 0.10394060471506E+01
 0.10404458325335E+01
 0.10414724557421E+01
 0.10424861154002E+01
 0.10434870043427E+01
 0.10444753121748E+01
 0.10454512262484E+01
 0.10464149296827E+01
 0.10473666039873E+01
 0.10483064251956E+01
 0.10492345679065E+01
 0.10501512038990E+01
 0.10510565014111E+01
 0.10519506265817E+01
 0.10528337414614E+01
 0.10537060058238E+01
 0.10545675772806E+01
 0.10554186102513E+01
 0.10562592570117E+01
 0.10570896664542E+01
 0.10579099857034E+01
 0.10587203592842E+01
 0.10595209290616E+01
 0.10603118347941E+01
 0.10610932140624E+01
 0.10618652012666E+01
 0.10626279292870E+01
 0.10633815286404E+01
 0.10641261275820E+01
 0.10648618523520E+01
 0.10655888268823E+01
 0.10663071730366E+01
 0.10670170113731E+01
 0.10677184595674E+01
 0.10684116336252E+01
 0.10690966478024E+01
 0.10697736144793E+01
