 0.30153585469249E+03
 0.30153585466417E+03
 0.30153585435853E+03
 0.30153585308203E+03
 0.30153584967836E+03
 0.30153584259452E+03
 0.30153582980188E+03
 0.30153580813280E+03
 0.30153577138861E+03
 0.30153570664199E+03
 0.30153558953299E+03
 0.30153537940676E+03
 0.30153501551633E+03
 0.30153441477403E+03
 0.30153347149243E+03
 0.30153205878736E+03
 0.30153003079869E+03
 0.30152722602902E+03
 0.30152347091281E+03
 0.30151858284569E+03
 0.30151237332968E+03
 0.30150465046444E+03
 0.30149522282017E+03
 0.30148389919665E+03
 0.30147049068711E+03
 0.30145481281334E+03
 0.30143668537390E+03
 0.30141593313668E+03
 0.30139238626731E+03
 0.30136588035282E+03
 0.30133625635108E+03
 0.30130336068013E+03
 0.30126704525105E+03
 0.30122716698657E+03
 0.30118358771834E+03
 0.30113617462658E+03
 0.30108479959453E+03
 0.30102933929119E+03
 0.30096967515115E+03
 0.30090569303812E+03
 0.30083728356770E+03
 0.30076434182144E+03
 0.30068676729752E+03
 0.30060446375577E+03
 0.30051733900178E+03
 0.30042530474778E+03
 0.30032827628169E+03
 0.30022617215135E+03
 0.30011891384194E+03
 0.30000642540733E+03
 0.29988863289649E+03
 0.29976546380604E+03
 0.29963684660691E+03
 0.29950270999114E+03
 0.29936298238023E+03
 0.29921759109577E+03
 0.29906646161839E+03
 0.29890951699966E+03
 0.29874667695145E+03
 0.29857785701083E+03
 0.29840296790212E+03
 0.29822191448054E+03
 0.29803459509348E+03
 0.29784090069933E+03
 0.29764069635700E+03
 0.29743388696860E+03
 0.29722032164998E+03
 0.29699985305851E+03
 0.29677232231374E+03
 0.29653755791501E+03
 0.29629537511963E+03
 0.29604557481749E+03
 0.29578794299616E+03
 0.29552224959319E+03
 0.29524824774512E+03
 0.29496567290692E+03
 0.29467424191395E+03
 0.29437365182361E+03
 0.29406357937099E+03
 0.29374367957973E+03
 0.29341358493126E+03
 0.29307290447723E+03
 0.29272122268445E+03
 0.29235809794792E+03
 0.29198306127124E+03
 0.29159561605550E+03
 0.29119523582014E+03
 0.29078136241760E+03
 0.29035340643978E+03
 0.28991074223373E+03
 0.28945271142121E+03
 0.28897861628455E+03
 0.28848772123117E+03
 0.28797924732498E+03
 0.28745232383326E+03
 0.28690617483917E+03
 0.28633985108579E+03
 0.28575237972713E+03
 0.28514274854493E+03
 0.28450988748465E+03
 0.28385267018180E+03
 0.28316990877753E+03
 0.28246035244052E+03
 0.28172268471021E+03
 0.28095552011694E+03
 0.28015740446396E+03
 0.27932680878927E+03
 0.27846211845487E+03
 0.27756164736454E+03
 0.27662361528376E+03
 0.27564617327346E+03
 0.27462736728885E+03
 0.27356515143752E+03
 0.27245739014775E+03
 0.27130185436609E+03
 0.27009612775034E+03
 0.26883792972272E+03
 0.26752465776527E+03
 0.26615368013072E+03
 0.26472225987148E+03
 0.26322756548980E+03
 0.26166667090147E+03
 0.26003655001065E+03
 0.25833409278103E+03
 0.25655610050759E+03
 0.25469932150946E+03
 0.25276042740849E+03
 0.25073605686579E+03
 0.24862281924905E+03
 0.24641733262862E+03
 0.24411624759106E+03
 0.24171630378793E+03
 0.23921437029073E+03
 0.23660749680253E+03
 0.23389302673526E+03
 0.23106866792938E+03
 0.22813260086681E+03
 0.22508362112997E+03
 0.22192125849115E+03
 0.21864596788306E+03
 0.21525932162789E+03
 0.21176412409371E+03
 0.20816459417221E+03
 0.20446650749321E+03
 0.20067725186209E+03
 0.19680592229388E+03
 0.19286315008938E+03
 0.18886114909525E+03
 0.18481338642015E+03
 0.18073432053052E+03
 0.17663914378947E+03
 0.17254336001644E+03
 0.16846234525514E+03
 0.16441110582128E+03
 0.16040378948150E+03
 0.15645339495125E+03
 0.15257161511411E+03
 0.14876859909853E+03
 0.14505297606441E+03
 0.14143157954623E+03
 0.13790986929365E+03
 0.13449174623101E+03
 0.13117976574226E+03
 0.12797522977469E+03
 0.12487840063687E+03
 0.12188866747921E+03
 0.11900464096863E+03
 0.11622432868886E+03
 0.11354527405600E+03
 0.11096465196282E+03
 0.10847938988311E+03
 0.10608623878994E+03
 0.10378185630348E+03
 0.10156286724903E+03
 0.99425860480880E+02
 0.97367510573805E+02
 0.95384541672461E+02
 0.93473766087635E+02
 0.91632096058231E+02
 0.89856556395566E+02
 0.88144285655706E+02
 0.86492540250557E+02
 0.84898696449238E+02
 0.83360249660968E+02
 0.81874811810462E+02
 0.80440103577377E+02
 0.79053953914484E+02
 0.77714298576203E+02
 0.76419171145490E+02
 0.75166704935998E+02
 0.73955113242025E+02
 0.72782705682931E+02
 0.71647869299913E+02
 0.70549068594482E+02
 0.69484843412035E+02
 0.68453801903389E+02
 0.67454618930514E+02
 0.66486032293638E+02
 0.65546838653723E+02
 0.64635890671644E+02
 0.63752095356457E+02
 0.62894407668513E+02
 0.62061833723642E+02
 0.61253422957841E+02
 0.60468268124181E+02
 0.59705502064877E+02
 0.58964298501779E+02
 0.58243865575363E+02
 0.57543446668189E+02
 0.56862319509528E+02
 0.56199791907767E+02
 0.55555202548064E+02
 0.54927917313011E+02
 0.54317330104823E+02
 0.53722860263408E+02
 0.53143950793771E+02
 0.52580069211944E+02
 0.52030703426700E+02
 0.51495364659040E+02
 0.50973582162518E+02
 0.50464904856756E+02
 0.49968900380975E+02
 0.49485153412700E+02
 0.49013264970743E+02
 0.48552852282459E+02
 0.48103546913298E+02
 0.47664995701526E+02
 0.47236858473524E+02
 0.46818808551241E+02
 0.46410531859174E+02
 0.46011725653106E+02
 0.45622099180577E+02
 0.45241372732506E+02
 0.44869276408097E+02
 0.44505551068003E+02
 0.44149946383244E+02
 0.43802221715429E+02
 0.43462144721533E+02
 0.43129491823585E+02
 0.42804047403159E+02
 0.42485603464140E+02
 0.42173959399633E+02
 0.41868921617353E+02
 0.41570303363060E+02
 0.41277924368566E+02
 0.40991610544669E+02
 0.40711193822994E+02
 0.40436511875300E+02
 0.40167407826444E+02
 0.39903730162890E+02
 0.39645332400760E+02
 0.39392072936437E+02
 0.39143814838960E+02
 0.38900425720336E+02
 0.38661777490640E+02
 0.38427746263639E+02
 0.38198212077923E+02
 0.37973058887227E+02
 0.37752174662703E+02
 0.37535449625493E+02
 0.37322779416654E+02
 0.37114061490935E+02
 0.36909196796043E+02
 0.36708090358990E+02
 0.36510648166456E+02
 0.36316781267412E+02
 0.36126401150488E+02
 0.35939424427533E+02
 0.35755768517827E+02
 0.35575353244953E+02
 0.35398101860625E+02
 0.35223939684657E+02
 0.35052793469118E+02
 0.34884592505385E+02
 0.34719268181678E+02
 0.34556754049245E+02
 0.34396985713857E+02
 0.34239900023847E+02
 0.34085435843737E+02
 0.33933533795399E+02
 0.33784136170962E+02
 0.33637187130642E+02
 0.33492632202499E+02
 0.33350418338183E+02
 0.33210494004346E+02
 0.33072809129646E+02
 0.32937314924763E+02
 0.32803963952728E+02
 0.32672710078542E+02
 0.32543508391726E+02
 0.32416315170789E+02
 0.32291087871042E+02
 0.32167785054028E+02
 0.32046366386358E+02
 0.31926792516107E+02
 0.31809025293304E+02
 0.31693027382084E+02
 0.31578762463727E+02
 0.31466195146693E+02
 0.31355290945014E+02
