 0.42537445909863E+03
 0.42537445909932E+03
 0.42537445912216E+03
 0.42537445931302E+03
 0.42537446010102E+03
 0.42537446168373E+03
 0.42537445775843E+03
 0.42537440895261E+03
 0.42537418267953E+03
 0.42537346816914E+03
 0.42537169787947E+03
 0.42536800416886E+03
 0.42536122333103E+03
 0.42534994077148E+03
 0.42533256272702E+03
 0.42530739802264E+03
 0.42527273618217E+03
 0.42522691533127E+03
 0.42516837545209E+03
 0.42509569632090E+03
 0.42500762027583E+03
 0.42490306702155E+03
 0.42478113527500E+03
 0.42464110218315E+03
 0.42448241529892E+03
 0.42430468138619E+03
 0.42410765544902E+03
 0.42389122759160E+03
 0.42365541145764E+03
 0.42340033045390E+03
 0.42312620574823E+03
 0.42283334541758E+03
 0.42252213348722E+03
 0.42219301926055E+03
 0.42184650765356E+03
 0.42148315079094E+03
 0.42110353870071E+03
 0.42070829184547E+03
 0.42029805316772E+03
 0.41987347919789E+03
 0.41943523663847E+03
 0.41898399387119E+03
 0.41852041637249E+03
 0.41804516114861E+03
 0.41755887195265E+03
 0.41706217522997E+03
 0.41655567625692E+03
 0.41603995578643E+03
 0.41551556755273E+03
 0.41498303616623E+03
 0.41444285454930E+03
 0.41389548256861E+03
 0.41334134599469E+03
 0.41278083539532E+03
 0.41221430583719E+03
 0.41164207637048E+03
 0.41106442979634E+03
 0.41048161308494E+03
 0.40989383740813E+03
 0.40930127852098E+03
 0.40870407750289E+03
 0.40810234091601E+03
 0.40749614181002E+03
 0.40688552029794E+03
 0.40627046924083E+03
 0.40565099138945E+03
 0.40502701978032E+03
 0.40439846930258E+03
 0.40376522533571E+03
 0.40312714406078E+03
 0.40248405334140E+03
 0.40183575257472E+03
 0.40118201360133E+03
 0.40052258090457E+03
 0.39985717160895E+03
 0.39918547590455E+03
 0.39850715770270E+03
 0.39782185215919E+03
 0.39712916716831E+03
 0.39642868363088E+03
 0.39571995460991E+03
 0.39500250460353E+03
 0.39427582989757E+03
 0.39353939715516E+03
 0.39279264202966E+03
 0.39203497074505E+03
 0.39126575635286E+03
 0.39048433863557E+03
 0.38969002420675E+03
 0.38888208516603E+03
 0.38805975807338E+03
 0.38722223198654E+03
 0.38636866309678E+03
 0.38549817734884E+03
 0.38460979418574E+03
 0.38370262245939E+03
 0.38277561027763E+03
 0.38182768295803E+03
 0.38085772991050E+03
 0.37986457874415E+03
 0.37884700702372E+03
 0.37780373524055E+03
 0.37673342525843E+03
 0.37563468054784E+03
 0.37450604259933E+03
 0.37334599306014E+03
 0.37215295086519E+03
 0.37092526161191E+03
 0.36966121703196E+03
 0.36835903010376E+03
 0.36701686991374E+03
 0.36563283385490E+03
 0.36420495329164E+03
 0.36273121025386E+03
 0.36120954106492E+03
 0.35963775093112E+03
 0.35801383986915E+03
 0.35633557169436E+03
 0.35460077307684E+03
 0.35280727547641E+03
 0.35095292954202E+03
 0.34903567376946E+03
 0.34705350667859E+03
 0.34500457723874E+03
 0.34288719182382E+03
 0.34069991971741E+03
 0.33844161019023E+03
 0.33611151263036E+03
 0.33370936178899E+03
 0.33123550186020E+03
 0.32869102593066E+03
 0.32607796080368E+03
 0.32339941721986E+03
 0.32065983711924E+03
 0.31786523921525E+03
 0.31502348647405E+03
 0.31214451532902E+03
 0.30924064865196E+03
 0.30632678626432E+03
 0.30342058825439E+03
 0.30054253729115E+03
 0.29771581407801E+03
 0.29496603470249E+03
 0.29232078212434E+03
 0.28980891988372E+03
 0.28745976814607E+03
 0.28530206193965E+03
 0.28336312052525E+03
 0.28166775832087E+03
 0.28023747749578E+03
 0.27908974746047E+03
 0.27823753262967E+03
 0.27768895778929E+03
 0.27744732016740E+03
 0.27751121688978E+03
 0.27787490003338E+03
 0.27852883850701E+03
 0.27946036165301E+03
 0.28065430509445E+03
 0.28209382944067E+03
 0.28376091141660E+03
 0.28563704056947E+03
 0.28770364809966E+03
 0.28994257215052E+03
 0.29233631011672E+03
 0.29486818099825E+03
 0.29752256142579E+03
 0.30028490480505E+03
 0.30314176029060E+03
 0.30608081641914E+03
 0.30909080150357E+03
 0.31216145893365E+03
 0.31528347195926E+03
 0.31844839384254E+03
 0.32164857250833E+03
 0.32487707950207E+03
 0.32812763506632E+03
 0.33139454411120E+03
 0.33467264915879E+03
 0.33795725769084E+03
 0.34124410901173E+03
 0.34452933923712E+03
 0.34780941861429E+03
 0.35108112660658E+03
 0.35434152583836E+03
 0.35758795229267E+03
 0.36081795595207E+03
 0.36402931709302E+03
 0.36722000100507E+03
 0.37038813053470E+03
 0.37353204088577E+03
 0.37665018089443E+03
 0.37974116345108E+03
 0.38280371425996E+03
 0.38583668367127E+03
 0.38883905160018E+03
 0.39180988009969E+03
 0.39474833920336E+03
 0.39765369111252E+03
 0.40052528362005E+03
 0.40336254163931E+03
 0.40616497059167E+03
 0.40893213914146E+03
 0.41166368679367E+03
 0.41435931480585E+03
 0.41701878154884E+03
 0.41964189313610E+03
 0.42222851442223E+03
 0.42477856515589E+03
 0.42729199087641E+03
 0.42976879111475E+03
 0.43220899939543E+03
 0.43461269674431E+03
 0.43697997955999E+03
 0.43931099199465E+03
 0.44160590068296E+03
 0.44386489502336E+03
 0.44608820529824E+03
 0.44827606614744E+03
 0.45042874212692E+03
 0.45254653141743E+03
 0.45462972382546E+03
 0.45667863936481E+03
 0.45869362785544E+03
 0.46067502316170E+03
 0.46262320337920E+03
 0.46453852490003E+03
 0.46642138765438E+03
 0.46827217706881E+03
 0.47009129193881E+03
 0.47187915171824E+03
 0.47363616226813E+03
 0.47536274692571E+03
 0.47705933337793E+03
 0.47872633730823E+03
 0.48036419678497E+03
 0.48197334722709E+03
 0.48355422880602E+03
 0.48510727287733E+03
 0.48663291505240E+03
 0.48813159029256E+03
 0.48960373612681E+03
 0.49104978693777E+03
 0.49247017581803E+03
 0.49386533470204E+03
 0.49523569247684E+03
 0.49658167502572E+03
 0.49790370592054E+03
 0.49920220541501E+03
 0.50047758954377E+03
 0.50173027307854E+03
 0.50296066390307E+03
 0.50416916685114E+03
 0.50535618289267E+03
 0.50652210880871E+03
 0.50766733583714E+03
 0.50879224959442E+03
 0.50989723180235E+03
 0.51098265114574E+03
 0.51204889357269E+03
 0.51309631708858E+03
 0.51412528131613E+03
 0.51513615058390E+03
 0.51612925802702E+03
 0.51710497061216E+03
 0.51806360775616E+03
 0.51900552233018E+03
 0.51993102595471E+03
 0.52084044483439E+03
 0.52173410825822E+03
 0.52261232090110E+03
 0.52347538422421E+03
 0.52432360493219E+03
 0.52515727860734E+03
 0.52597669881760E+03
 0.52678214898704E+03
 0.52757390406258E+03
 0.52835224526669E+03
 0.52911744084428E+03
 0.52986975691306E+03
 0.53060945092290E+03
 0.53133677742106E+03
 0.53205198661196E+03
 0.53275532407631E+03
 0.53344702917274E+03
 0.53412733692137E+03
 0.53479647833621E+03
 0.53545467969845E+03
 0.53610216210017E+03
 0.53673914260416E+03
 0.53736583378739E+03
 0.53798244302282E+03
 0.53858917520716E+03
 0.53918622960403E+03
 0.53977380266989E+03
 0.54035208515612E+03
 0.54092126530464E+03
 0.54148152679391E+03
 0.54203304890800E+03
 0.54257600803461E+03
