 0.00000000000000E+00
 0.00000000000000E+00
 0.00000000000000E+00
 0.00000000000000E+00
 0.00000000000000E+00
 0.33290761742301E-65
 0.75210740758418E-56
 0.77937848338950E-49
 0.22295957600850E-43
 0.51690645144341E-39
 0.19272312438747E-35
 0.18247869073344E-32
 0.60202832043326E-30
 0.86750426760477E-28
 0.64437019528114E-26
 0.27936983799174E-24
 0.77745869107651E-23
 0.14953112428411E-21
 0.21071110977833E-20
 0.22794049749971E-19
 0.19658418518990E-18
 0.13941168829840E-17
 0.83400384592777E-17
 0.42993299342686E-16
 0.19443011477837E-15
 0.78311851256764E-15
 0.28457064607660E-14
 0.94329806680163E-14
 0.28796494978577E-13
 0.81629307630774E-13
 0.21641615544136E-12
 0.54000928353845E-12
 0.12752062258377E-11
 0.28638115307759E-11
 0.61428267919374E-11
 0.12633346896663E-10
 0.24996606301119E-10
 0.47729371414120E-10
 0.88191240381217E-10
 0.15807887825442E-09
 0.27548603899723E-09
 0.46771252413032E-09
 0.77500893592471E-09
 0.12554661567415E-08
 0.19912778496738E-08
 0.30966199452191E-08
 0.47274023083649E-08
 0.70931538358874E-08
 0.10471302795245E-07
 0.15224109115193E-07
 0.21818494849012E-07
 0.30849003015701E-07
 0.43064094292659E-07
 0.59395967306334E-07
 0.80994059132550E-07
 0.10926235523554E-06
 0.14590060553563E-06
 0.19294951180311E-06
 0.25283992641627E-06
 0.32844607130832E-06
 0.42314275963656E-06
 0.54086659561391E-06
 0.68618109164947E-06
 0.86434565488085E-06
 0.10813892615608E-05
 0.13441839211650E-05
 0.16605290995312E-05
 0.20392331390873E-05
 0.24902014712106E-05
 0.30245280154526E-05
 0.36545903624679E-05
 0.43941489845282E-05
 0.52584505401960E-05
 0.62643357259215E-05
 0.74303518860754E-05
 0.87768709103404E-05
 0.10326212978181E-04
 0.12102776915691E-04
 0.14133177621581E-04
 0.16446392087975E-04
 0.19073914557105E-04
 0.22049922247699E-04
 0.25411453279781E-04
 0.29198598686729E-04
 0.33454710113824E-04
 0.38226623979098E-04
 0.43564907997057E-04
 0.49524130770261E-04
 0.56163153922823E-04
 0.63545463013256E-04
 0.71739516757383E-04
 0.80819153615781E-04
 0.90864025722609E-04
 0.10196009899021E-03
 0.11420037098949E-03
 0.12768482225363E-03
 0.14252199558016E-03
 0.15882927571229E-03
 0.17673376695701E-03
 0.19637331987089E-03
 0.21789759516709E-03
 0.24146929707800E-03
 0.26726554111317E-03
 0.29547940228493E-03
 0.32632166856398E-03
 0.36002278645222E-03
 0.39683511791074E-03
 0.43703556704420E-03
 0.48092826350613E-03
 0.52884805141324E-03
 0.58116380315750E-03
 0.63828307480687E-03
 0.70065669053755E-03
 0.76878408667963E-03
 0.84321949994417E-03
 0.92458118858876E-03
 0.10135519703796E-02
 0.11108987947985E-02
 0.12174766761542E-02
 0.13342424116851E-02
 0.14622680133699E-02
 0.16027564098208E-02
 0.17570597149679E-02
 0.19266993305484E-02
 0.21133898885187E-02
 0.23190647080908E-02
 0.25459080065974E-02
 0.27963881577715E-02
 0.30732979006325E-02
 0.33797979403000E-02
 0.37194673001525E-02
 0.40963574404714E-02
 0.45150539582430E-02
 0.49807442380396E-02
 0.54992845467323E-02
 0.60772755341731E-02
 0.67221365872115E-02
 0.74421744793739E-02
 0.82466494318405E-02
 0.91458172319211E-02
 0.10150945910881E-01
 0.11274313348192E-01
 0.12529145789848E-01
 0.13929500735660E-01
 0.15490095451404E-01
 0.17226033985452E-01
 0.19152520355582E-01
 0.21284403209788E-01
 0.23635759993514E-01
 0.26219400413772E-01
 0.29046320110489E-01
 0.32125228550871E-01
 0.35462146713090E-01
 0.39059973607520E-01
 0.42918340111889E-01
 0.47033522564728E-01
 0.51398432961520E-01
 0.56002867378699E-01
 0.60833702862721E-01
 0.65875562368689E-01
 0.71110874138428E-01
 0.76520643399197E-01
 0.82084847894447E-01
 0.87782979146738E-01
 0.93594396617879E-01
 0.99498680817330E-01
 0.10547603516862E+00
 0.11150749130942E+00
 0.11757508203120E+00
 0.12366200903453E+00
 0.12975268894772E+00
 0.13583282074525E+00
 0.14188936898884E+00
 0.14791053643139E+00
 0.15388583219511E+00
 0.15980583381679E+00
 0.16566225999222E+00
 0.17144786267077E+00
 0.17715636128901E+00
 0.18278236297197E+00
 0.18832130224713E+00
 0.19376936885395E+00
 0.19912343759169E+00
 0.20438100385083E+00
 0.20954012448621E+00
 0.21459937410294E+00
 0.21955778433224E+00
 0.22441478786278E+00
 0.22917018611407E+00
 0.23382409015512E+00
 0.23837692579273E+00
 0.24282934040214E+00
 0.24718221233246E+00
 0.25143661025044E+00
 0.25559376139060E+00
 0.25965503708994E+00
 0.26362192535139E+00
 0.26749601234684E+00
 0.27127896734911E+00
 0.27497252640137E+00
 0.27857847449654E+00
 0.28209864396340E+00
 0.28553488592716E+00
 0.28888907657277E+00
 0.29216310148997E+00
 0.29535885114304E+00
 0.29847820549321E+00
 0.30152304179783E+00
 0.30449522145529E+00
 0.30739658303639E+00
 0.31022894649441E+00
 0.31299410281768E+00
 0.31569381805723E+00
 0.31832982435326E+00
 0.32090382194954E+00
 0.32341747931520E+00
 0.32587242582454E+00
 0.32827025999732E+00
 0.33061253678492E+00
 0.33290078014090E+00
 0.33513647494964E+00
 0.33732106711552E+00
 0.33945596615606E+00
 0.34154254506833E+00
 0.34358213873359E+00
 0.34557604776751E+00
 0.34752553411909E+00
 0.34943182652209E+00
 0.35129611771174E+00
 0.35311956599102E+00
 0.35490329803661E+00
 0.35664840605914E+00
 0.35835594987230E+00
 0.36002695988348E+00
 0.36166243368626E+00
 0.36326334132235E+00
 0.36483062224156E+00
 0.36636518903260E+00
 0.36786792572015E+00
 0.36933968985789E+00
 0.37078131328380E+00
 0.37219360261088E+00
 0.37357734016362E+00
 0.37493328437015E+00
 0.37626217068961E+00
 0.37756471243041E+00
 0.37884160116107E+00
 0.38009350749252E+00
 0.38132108189213E+00
 0.38252495495438E+00
 0.38370573836894E+00
 0.38486402537868E+00
 0.38600039141241E+00
 0.38711539450591E+00
 0.38820957605375E+00
 0.38928346114359E+00
 0.39033755941086E+00
 0.39137236514550E+00
 0.39238835709935E+00
 0.39338600345582E+00
 0.39436575316707E+00
 0.39532804600105E+00
 0.39627330799488E+00
 0.39720194997025E+00
 0.39811437613607E+00
 0.39901097301083E+00
 0.39989212207660E+00
 0.40075818719377E+00
 0.40160952636751E+00
 0.40244648750811E+00
 0.40326940579871E+00
 0.40407860744631E+00
 0.40487441145157E+00
 0.40565712674907E+00
 0.40642705348072E+00
 0.40718448291478E+00
 0.40792969782634E+00
 0.40866297470812E+00
 0.40938458182124E+00
 0.41009477995980E+00
 0.41079382276017E+00
 0.41148195627254E+00
 0.41215942033523E+00
 0.41282644850223E+00
 0.41348326788251E+00
 0.41413009935145E+00
 0.41476715808210E+00
 0.41539465343488E+00
 0.41601278915514E+00
 0.41662176363622E+00
 0.41722177007392E+00
 0.41781299656084E+00
 0.41839562632542E+00
 0.41896983779521E+00
 0.41953580496311E+00
 0.42009369689815E+00
 0.42064367876339E+00
 0.42118591136604E+00
 0.42172055143327E+00
 0.42224775171692E+00
