                  NaN
                  NaN
                  NaN
                  NaN
                  NaN
 0.10000000133514E-09
 0.10000000133514E-09
 0.10000000133514E-09
 0.10000000133514E-09
 0.10000000133517E-09
 0.10000000133552E-09
 0.10000000133896E-09
 0.10000000136760E-09
 0.10000000166391E-09
 0.10000000535617E-09
 0.10000004603157E-09
 0.10000039972876E-09
 0.52075534337901E-07
 0.52163636919591E-07
 0.25782718833871E-06
 0.50441812018706E-06
 0.91574285127948E-06
 0.15781074073107E-05
 0.25991328864780E-05
 0.41144966894557E-05
 0.62906106970624E-05
 0.93267801176487E-05
 0.13457020042864E-04
 0.18951639783557E-04
 0.26118585143819E-04
 0.35304510885138E-04
 0.46895803005488E-04
 0.61320199107749E-04
 0.79046889833824E-04
 0.10058829605078E-03
 0.12650052731567E-03
 0.15738523237138E-03
 0.19388969754195E-03
 0.23670849608063E-03
 0.28658479589796E-03
 0.34431067296743E-03
 0.41072915654202E-03
 0.48673499899188E-03
 0.57327513836610E-03
 0.67135086818042E-03
 0.78201856860058E-03
 0.90639036689803E-03
 0.10456357203704E-02
 0.12009822389146E-02
 0.13737172966644E-02
 0.15651893352675E-02
 0.17768077244627E-02
 0.20100450454963E-02
 0.22664380270711E-02
 0.25475893752811E-02
 0.28551670207902E-02
 0.31909083155543E-02
 0.35566183225115E-02
 0.39541716174359E-02
 0.43855167421655E-02
 0.48526745441838E-02
 0.53577396798315E-02
 0.59028843887038E-02
 0.64903578969006E-02
 0.71239126110836E-02
 0.78033165976112E-02
 0.85323125832654E-02
 0.93134819290442E-02
 0.10149498130420E-01
 0.11043120661610E-01
 0.11997204024229E-01
 0.13014698401381E-01
 0.14098651901514E-01
 0.15252216506340E-01
 0.16478645333334E-01
 0.17781301011706E-01
 0.19163660547930E-01
 0.20629317351432E-01
 0.22181976892294E-01
 0.23825479594696E-01
 0.25563795522651E-01
 0.27401023000410E-01
 0.29341392176531E-01
 0.31389287863713E-01
 0.33549254658086E-01
 0.35825972754911E-01
 0.38224281206750E-01
 0.40749209203823E-01
 0.43405925648727E-01
 0.46199824730474E-01
 0.49136454436728E-01
 0.52221543877876E-01
 0.55461019482311E-01
 0.58861047754462E-01
 0.62429143865755E-01
 0.66169736559512E-01
 0.70090529511572E-01
 0.74198615856807E-01
 0.78501215603075E-01
 0.83005770761913E-01
 0.87719937198028E-01
 0.92651626733491E-01
 0.97808970389554E-01
 0.10320032826334E+00
 0.10883427599095E+00
 0.11471953471982E+00
 0.12086507374543E+00
 0.12728008350253E+00
 0.13397383546596E+00
 0.14095587816658E+00
 0.14823559597421E+00
 0.15582275378315E+00
 0.16372709693295E+00
 0.17195833674289E+00
 0.18052612497704E+00
 0.18944132998352E+00
 0.19871122414678E+00
 0.20834615587980E+00
 0.21835515642340E+00
 0.22874701944700E+00
 0.23953001773569E+00
 0.25071198709070E+00
 0.26230024493305E+00
 0.27430137839346E+00
 0.28672129107916E+00
 0.29956491278982E+00
 0.31283627445074E+00
 0.32653822740061E+00
 0.34067243740845E+00
 0.35523910066733E+00
 0.37023688377188E+00
 0.38566258873571E+00
 0.40151092410866E+00
 0.41777446999788E+00
 0.43444291481867E+00
 0.45150310011597E+00
 0.46893834117607E+00
 0.48672810636297E+00
 0.50484773094075E+00
 0.52326757065746E+00
 0.54195233365593E+00
 0.56086100646435E+00
 0.57994659379222E+00
 0.59915556764262E+00
 0.61842855798523E+00
 0.63770008500071E+00
 0.65690031806467E+00
 0.67595538862567E+00
 0.69478949178946E+00
 0.71332687434776E+00
 0.73149305548607E+00
 0.74921737036227E+00
 0.76643499603021E+00
 0.78308802162255E+00
 0.79912740969328E+00
 0.81451379917181E+00
 0.82921758960736E+00
 0.84321928565686E+00
 0.85650858974686E+00
 0.86908482949492E+00
 0.88095420737560E+00
 0.89212998329032E+00
 0.90263085758159E+00
 0.91248009995137E+00
 0.92170416055977E+00
 0.93033156212495E+00
 0.93839244370261E+00
 0.94591761469505E+00
 0.95293792613663E+00
 0.95948388050945E+00
 0.96558517075313E+00
 0.97127048446686E+00
 0.97656724754698E+00
 0.98150154161008E+00
 0.98609804481231E+00
 0.99037996251274E+00
 0.99436906987816E+00
 0.99808571870849E+00
 0.10015489090108E+01
 0.10047763128684E+01
 0.10077843786011E+01
 0.10105883806841E+01
 0.10132024945661E+01
 0.10156398629333E+01
 0.10179126640237E+01
 0.10200321998480E+01
 0.10220089398173E+01
 0.10238525799354E+01
 0.10255721191297E+01
 0.10271758754800E+01
 0.10286716026818E+01
 0.10300664544129E+01
 0.10313670896237E+01
 0.10325796829803E+01
 0.10337099664807E+01
 0.10347632660412E+01
 0.10357445381228E+01
 0.10366583827002E+01
 0.10375090790132E+01
 0.10383006176814E+01
 0.10390367098660E+01
 0.10397208134362E+01
 0.10403561511095E+01
 0.10409457291501E+01
 0.10414923530141E+01
 0.10419986392116E+01
 0.10424670331994E+01
 0.10428998230467E+01
 0.10432991414150E+01
 0.10436669882876E+01
 0.10440052326883E+01
 0.10443156260534E+01
 0.10445998075757E+01
 0.10448593140931E+01
 0.10450955869257E+01
 0.10453099757464E+01
 0.10455037500963E+01
 0.10456780985856E+01
 0.10458341420520E+01
 0.10459729290622E+01
 0.10460954480954E+01
 0.10462026259221E+01
 0.10462953368625E+01
 0.10463744050200E+01
 0.10464406022583E+01
 0.10464946582591E+01
 0.10465372588843E+01
 0.10465690530864E+01
 0.10465906496853E+01
 0.10466026252517E+01
 0.10466055231881E+01
 0.10465998549016E+01
 0.10465861071644E+01
 0.10465647339326E+01
 0.10465361686166E+01
 0.10465008193892E+01
 0.10464590713609E+01
 0.10464112893552E+01
 0.10463578186472E+01
 0.10462989858217E+01
 0.10462350993995E+01
 0.10461664520481E+01
 0.10460933199704E+01
 0.10460159652821E+01
 0.10459346368641E+01
 0.10458495697715E+01
 0.10457609866485E+01
 0.10456690992112E+01
 0.10455741077283E+01
 0.10454762014044E+01
 0.10453755613069E+01
 0.10452723579696E+01
 0.10451667535013E+01
 0.10450589014842E+01
 0.10449489481507E+01
 0.10448370317948E+01
 0.10447232843244E+01
 0.10446078299524E+01
 0.10444907878628E+01
 0.10443722703783E+01
 0.10442523844067E+01
 0.10441312311953E+01
 0.10440089074601E+01
 0.10438855052842E+01
 0.10437611113163E+01
 0.10436358077654E+01
 0.10435096737546E+01
 0.10433827843119E+01
 0.10432552091522E+01
 0.10431270159664E+01
 0.10429982699903E+01
 0.10428690311764E+01
 0.10427393567262E+01
 0.10426093021012E+01
 0.10424789198207E+01
 0.10423482586388E+01
 0.10422173661119E+01
 0.10420862871148E+01
 0.10419550637728E+01
 0.10418237362561E+01
 0.10416923430995E+01
 0.10415609209640E+01
 0.10414295038026E+01
 0.10412981247626E+01
 0.10411668145231E+01
 0.10410356026016E+01
 0.10409045169662E+01
 0.10407735844707E+01
 0.10406428297468E+01
 0.10405122767439E+01
 0.10403819481049E+01
 0.10402518650427E+01
 0.10401220479666E+01
 0.10399925157910E+01
 0.10398632866701E+01
 0.10397343778624E+01
 0.10396058053407E+01
 0.10394775843283E+01
 0.10393497293142E+01
 0.10392222539252E+01
