                  NaN
                  NaN
                  NaN
                  NaN
                  NaN
 0.44852244825746E+34
 0.26050341946932E+28
 0.54806793965199E+23
 0.12623581431494E+20
 0.15525968620673E+17
 0.64571982536582E+14
 0.66966649130614E+12
 0.14025619672187E+11
 0.51029219652147E+09
 0.28878617126686E+08
 0.23399892007458E+07
 0.25481022157911E+06
 0.18484710194120E+08
 0.31737753644618E+07
 0.32071129950813E+07
 0.14919629633134E+07
 0.73379305009185E+06
 0.38372813423806E+06
 0.21178398371046E+06
 0.12259474262754E+06
 0.74040693684015E+05
 0.46444274586513E+05
 0.30142117614455E+05
 0.20171602204260E+05
 0.13879273473937E+05
 0.97936446096209E+04
 0.70712761035611E+04
 0.52139818373388E+04
 0.39191645258768E+04
 0.29983965829131E+04
 0.23315545741861E+04
 0.18404173355486E+04
 0.14730135751488E+04
 0.11941813279329E+04
 0.97972116174296E+03
 0.81270873556786E+03
 0.68113398557578E+03
 0.57635407061614E+03
 0.49206768307996E+03
 0.42362567760716E+03
 0.36755802364980E+03
 0.32124666919252E+03
 0.28269655460168E+03
 0.25037272263125E+03
 0.22308364831908E+03
 0.19989648750093E+03
 0.18007485838526E+03
 0.16303317418448E+03
 0.14830235022356E+03
 0.13550407220065E+03
 0.12433113095869E+03
 0.11453264650072E+03
 0.10590240480182E+03
 0.98269984852039E+02
 0.91493861086741E+02
 0.85455822802164E+02
 0.80056657951690E+02
 0.75212743719170E+02
 0.70853248219368E+02
 0.66931267622616E+02
 0.63368522828831E+02
 0.60134459371146E+02
 0.57191096865728E+02
 0.54505655284841E+02
 0.52049694889631E+02
 0.49798493556827E+02
 0.47730479576891E+02
 0.45826769421306E+02
 0.44070791205543E+02
 0.42447941596014E+02
 0.40945329747670E+02
 0.39551546385975E+02
 0.38256461198550E+02
 0.37051042014393E+02
 0.35927246489891E+02
 0.34877877697671E+02
 0.33896471885883E+02
 0.32977209970552E+02
 0.32114860295938E+02
 0.31304704734542E+02
 0.30542451264332E+02
 0.29824203592295E+02
 0.29146434231654E+02
 0.28505901984633E+02
 0.27899672740873E+02
 0.27325037250088E+02
 0.26779500098055E+02
 0.26260764669594E+02
 0.25766725657527E+02
 0.25295865795192E+02
 0.24845507001081E+02
 0.24414340190395E+02
 0.24000807432400E+02
 0.23603418788951E+02
 0.23220771382971E+02
 0.22851540012244E+02
 0.22494478885210E+02
 0.22148404204771E+02
 0.21812191012437E+02
 0.21484765037108E+02
 0.21165087541756E+02
 0.20852172789787E+02
 0.20545075588587E+02
 0.20242874443054E+02
 0.19944696048693E+02
 0.19649662594908E+02
 0.19356961031331E+02
 0.19065793259204E+02
 0.18775383226639E+02
 0.18484980076154E+02
 0.18193956873085E+02
 0.17901451674633E+02
 0.17606888152165E+02
 0.17309639108046E+02
 0.17009119321644E+02
 0.16704775429482E+02
 0.16396102711721E+02
 0.16082646264582E+02
 0.15764001181823E+02
 0.15439823698560E+02
 0.15109832878312E+02
 0.14773817430354E+02
 0.14431640387280E+02
 0.14083247040597E+02
 0.13728667513644E+02
 0.13368025005832E+02
 0.13001539026503E+02
 0.12629528492184E+02
 0.12252421133837E+02
 0.11870750068986E+02
 0.11485164621133E+02
 0.11096423718981E+02
 0.10705402456173E+02
 0.10313089627839E+02
 0.99205804971599E+01
 0.95290698975891E+01
 0.91398395643062E+01
 0.87542460155892E+01
 0.83736937171951E+01
 0.79996130391088E+01
 0.76334270613769E+01
 0.72765144088775E+01
 0.69301811790865E+01
 0.65956176940432E+01
 0.62738692323939E+01
 0.59658089461589E+01
 0.56721184494904E+01
 0.53932735273681E+01
 0.51295486367678E+01
 0.48810170599724E+01
 0.46475654633702E+01
 0.44289171041910E+01
 0.42246530605767E+01
 0.40342424484503E+01
 0.38570605976246E+01
 0.36924267926648E+01
 0.35396187851620E+01
 0.33978959187137E+01
 0.32665149813560E+01
 0.31447453890590E+01
 0.30318795571111E+01
 0.29272397422117E+01
 0.28301838715968E+01
 0.27401089424679E+01
 0.26564521544670E+01
 0.25786915835837E+01
 0.25063452207584E+01
 0.24389697442573E+01
 0.23761587771365E+01
 0.23175394362631E+01
 0.22627721531381E+01
 0.22115466677540E+01
 0.21635800984270E+01
 0.21186146418144E+01
 0.20764153848404E+01
 0.20367682370015E+01
 0.19994780164180E+01
 0.19643667319231E+01
 0.19312719709800E+01
 0.19000454240665E+01
 0.18705515108355E+01
 0.18426662009013E+01
 0.18162759675780E+01
 0.17912767588842E+01
 0.17675731507504E+01
 0.17450774202130E+01
 0.17237090175407E+01
 0.17033937926456E+01
 0.16840634301846E+01
 0.16656549595193E+01
 0.16481102387291E+01
 0.16313755657654E+01
 0.16154012627932E+01
 0.16001413324128E+01
 0.15855531584354E+01
 0.15715972166060E+01
 0.15582367800022E+01
 0.15454377564015E+01
 0.15331684113890E+01
 0.15213992041067E+01
 0.15101025958922E+01
 0.14992529297316E+01
 0.14888262353493E+01
 0.14788001140492E+01
 0.14691536438938E+01
 0.14598672294934E+01
 0.14509225325345E+01
 0.14423023521728E+01
 0.14339905664335E+01
 0.14259720410843E+01
 0.14182325498830E+01
 0.14107587363963E+01
 0.14035380161562E+01
 0.13965585699980E+01
 0.13898092401362E+01
 0.13832795181025E+01
 0.13769594930013E+01
 0.13708398111670E+01
 0.13649116385830E+01
 0.13591666253219E+01
 0.13535968732299E+01
 0.13481949147459E+01
 0.13429536774092E+01
 0.13378664609532E+01
 0.13329269185442E+01
 0.13281290254870E+01
 0.13234670677576E+01
 0.13189356265560E+01
 0.13145295424947E+01
 0.13102439238678E+01
 0.13060741119496E+01
 0.13020156778534E+01
 0.12980644035947E+01
 0.12942162755528E+01
 0.12904674692499E+01
 0.12868143381301E+01
 0.12832534056924E+01
 0.12797813537277E+01
 0.12763950162093E+01
 0.12730913705690E+01
 0.12698675280449E+01
 0.12667207279628E+01
 0.12636483316482E+01
 0.12606478142744E+01
 0.12577167594904E+01
 0.12548528558232E+01
 0.12520538882088E+01
 0.12493177348534E+01
 0.12466423622090E+01
 0.12440258209861E+01
 0.12414662412647E+01
 0.12389618292046E+01
 0.12365108622621E+01
 0.12341116899589E+01
 0.12317627180553E+01
 0.12294624270383E+01
 0.12272093472527E+01
 0.12250020681830E+01
 0.12228392394769E+01
 0.12207195494010E+01
 0.12186417482955E+01
 0.12166046211125E+01
 0.12146070117670E+01
 0.12126477949688E+01
 0.12107258878328E+01
 0.12088402536050E+01
 0.12069898891645E+01
 0.12051738231358E+01
 0.12033911219986E+01
 0.12016408849780E+01
 0.11999222422934E+01
 0.11982343564031E+01
 0.11965764148805E+01
 0.11949476335684E+01
 0.11933472551430E+01
 0.11917745481220E+01
 0.11902288067709E+01
 0.11887093467067E+01
 0.11872155066224E+01
 0.11857466461367E+01
 0.11843021463094E+01
 0.11828814076158E+01
 0.11814838501742E+01
 0.11801089116286E+01
 0.11787560479344E+01
 0.11774247319266E+01
 0.11761144525987E+01
 0.11748247149659E+01
 0.11735550388030E+01
 0.11723049584213E+01
 0.11710740231479E+01
 0.11698617945953E+01
 0.11686678478571E+01
 0.11674917707118E+01
 0.11663331630151E+01
