-0.00000000000000E+00
-0.45787993606571E-04
-0.23324942625465E-02
-0.28427610501209E-01
-0.21672534738545E+00
-0.82458924333226E+00
-0.21787233662530E+01
-0.47303885937258E+01
-0.10564899438341E+02
-0.19363908141019E+02
-0.29943380281678E+02
-0.38594142274821E+02
-0.38881433653883E+02
-0.15891269943672E+02
 0.53991713951076E+02
 0.20098615552902E+03
 0.47052820133350E+03
 0.92009139881942E+03
 0.16167541041499E+04
 0.26464855404801E+04
 0.41085996221891E+04
 0.61377530207052E+04
 0.88270016504499E+04
 0.12322219429222E+05
 0.16808373978918E+05
 0.22438087806018E+05
 0.29391256329719E+05
 0.37856460012954E+05
 0.48030044082969E+05
 0.60114191757744E+05
 0.74319720916040E+05
 0.90861631927425E+05
 0.10994372953780E+06
 0.13178058961491E+06
 0.15658755852125E+06
 0.18457264559567E+06
 0.21594634074022E+06
 0.25091657263416E+06
 0.28968739012053E+06
 0.33246438169465E+06
 0.37945083483545E+06
 0.43084939978499E+06
 0.48686389820782E+06
 0.54770048870287E+06
 0.61357123121826E+06
 0.68469266467286E+06
 0.76129065070251E+06
 0.84360119493635E+06
 0.93187078822377E+06
 0.10263618189759E+07
 0.11273513640031E+07
 0.12351377639022E+07
 0.13500383092941E+07
 0.14723972716506E+07
 0.16025812287261E+07
 0.17409872735217E+07
 0.18880460027045E+07
 0.20442175379693E+07
 0.22099994331048E+07
 0.23859297518645E+07
 0.25725834337284E+07
 0.27705849012604E+07
 0.29806014561238E+07
 0.32033487401392E+07
 0.34396289050985E+07
 0.36902058525300E+07
 0.39559868629915E+07
 0.42379142184107E+07
 0.45369876944353E+07
 0.48542797825646E+07
 0.51909251249129E+07
 0.55481371790360E+07
 0.59271991718210E+07
 0.63294749364664E+07
 0.67564110419882E+07
 0.72095383593664E+07
 0.76904791358342E+07
 0.82009470566930E+07
 0.87427542087524E+07
 0.93178132580361E+07
 0.99281429360026E+07
 0.10575873598011E+08
 0.11263249380668E+08
 0.11992633323198E+08
 0.12766518240822E+08
 0.13587518641311E+08
 0.14458394345495E+08
 0.15382046844401E+08
 0.16361520849233E+08
 0.17400026570581E+08
 0.18500921338587E+08
 0.19667733030622E+08
 0.20904162174824E+08
 0.22214126729806E+08
 0.23601790980748E+08
 0.25071258398813E+08
 0.26627068175305E+08
 0.28273981786332E+08
 0.30016901662576E+08
 0.31860984168173E+08
 0.33811625462507E+08
 0.35874474750964E+08
 0.38055439055314E+08
 0.40360692561603E+08
 0.42796685849069E+08
 0.45370146812496E+08
 0.48088082534284E+08
 0.50957837838019E+08
 0.53987020604503E+08
 0.57183582793705E+08
 0.60555729719962E+08
 0.64112062488476E+08
 0.67861455362867E+08
 0.71813110440683E+08
 0.75976545641226E+08
 0.80361744552671E+08
 0.84978591629328E+08
 0.89837673139489E+08
 0.94949740770675E+08
 0.10032585074177E+09
 0.10597727495359E+09
 0.11191558447527E+09
 0.11815255239199E+09
 0.12470022321954E+09
 0.13157079713175E+09
 0.13877658383658E+09
 0.14633008613375E+09
 0.15424387290030E+09
 0.16253060817389E+09
 0.17120294775468E+09
 0.18027357536692E+09
 0.18975505201729E+09
 0.19965986596131E+09
 0.21000037019034E+09
 0.22078872861878E+09
 0.23203682580246E+09
 0.24375629765007E+09
 0.25595845692664E+09
 0.26865424697784E+09
 0.28185420720300E+09
 0.29556846837849E+09
 0.30980650375993E+09
 0.32457752817734E+09
 0.33989006997809E+09
 0.35575230614035E+09
 0.37217193636507E+09
 0.38915615012411E+09
 0.40671214324245E+09
 0.42484673128130E+09
 0.44356665949127E+09
 0.46287859756911E+09
 0.48278934357446E+09
 0.50330592250822E+09
 0.52443573211902E+09
 0.54618654693720E+09
 0.56856672234836E+09
 0.59158513877902E+09
 0.61525132373530E+09
 0.63957558407818E+09
 0.66456885941190E+09
 0.69024292944476E+09
 0.71661022389378E+09
 0.74368406353700E+09
 0.77147841298676E+09
 0.80000812292048E+09
 0.82928846348942E+09
 0.85933540939671E+09
 0.89016555331038E+09
 0.92179596833487E+09
 0.95424411162563E+09
 0.98752791771620E+09
 0.10216656217873E+10
 0.10566757564048E+10
 0.10925771257861E+10
 0.11293886911414E+10
 0.11671296216997E+10
 0.12058192581933E+10
 0.12454770087838E+10
 0.12861224056379E+10
 0.13277750735241E+10
 0.13704547475434E+10
 0.14141811646520E+10
 0.14589741817781E+10
 0.15048536867438E+10
 0.15518396021785E+10
 0.15999520062550E+10
 0.16492109516545E+10
 0.16996365227916E+10
 0.17512489807182E+10
 0.18040685262157E+10
 0.18581155550176E+10
 0.19134103656224E+10
 0.19699734713785E+10
 0.20278253710674E+10
 0.20869866839408E+10
 0.21474780543029E+10
 0.22093202546117E+10
 0.22725340881821E+10
 0.23371404717067E+10
 0.24031603860369E+10
 0.24706148981802E+10
 0.25395251465927E+10
 0.26099123623216E+10
 0.26817978564554E+10
 0.27552030192521E+10
 0.28301493275210E+10
 0.29066583507395E+10
 0.29847517253033E+10
 0.30644511886177E+10
 0.31457785481505E+10
 0.32287556986075E+10
 0.33134046422385E+10
 0.33997474361403E+10
 0.34878062403881E+10
 0.35776032771241E+10
 0.36691609200932E+10
 0.37625014965801E+10
 0.38576475719269E+10
 0.39546216893757E+10
 0.40534464986364E+10
 0.41541447499118E+10
 0.42567393052749E+10
 0.43612530476787E+10
 0.44677089649893E+10
 0.45761301551074E+10
 0.46865397129959E+10
 0.47989609927016E+10
 0.49134172476926E+10
 0.50299318924035E+10
 0.51485283965752E+10
 0.52692303761638E+10
 0.53920615080330E+10
 0.55170454700630E+10
 0.56442060516824E+10
 0.57735672532537E+10
 0.59051530339573E+10
 0.60389873973307E+10
 0.61750945346969E+10
 0.63134986638793E+10
 0.64542240765519E+10
 0.65972951853014E+10
 0.67427364406183E+10
 0.68905724007983E+10
 0.70408276963921E+10
 0.71935270396947E+10
 0.73486952282468E+10
 0.75063571328543E+10
 0.76665377273531E+10
 0.78292620502824E+10
 0.79945552226253E+10
 0.81624424206662E+10
 0.83329489426734E+10
 0.85061001712955E+10
 0.86819215293270E+10
 0.88604385293361E+10
 0.90416767697807E+10
 0.92256619674320E+10
 0.94124198985597E+10
 0.96019763460149E+10
 0.97943574892850E+10
 0.99895890226397E+10
 0.10187697234513E+11
 0.10388708300086E+11
 0.10592648315642E+11
 0.10799543841069E+11
 0.11009421095536E+11
 0.11222306899990E+11
 0.11438227443486E+11
 0.11657209627142E+11
 0.11879280295720E+11
 0.12104466120903E+11
 0.12332793923891E+11
 0.12564290917062E+11
 0.12798984210791E+11
 0.13036900930740E+11
 0.13278068261212E+11
 0.13522513432542E+11
 0.13770263968584E+11
 0.14021347445960E+11
 0.14275791444232E+11
 0.14533623704902E+11
 0.14794871846860E+11
 0.15059563683981E+11
 0.15327727176456E+11
 0.15599390344568E+11
 0.15874581255981E+11
 0.16153328107129E+11
 0.16435659164450E+11
 0.16721602765370E+11
 0.17011187334982E+11
 0.17304441400538E+11
 0.17601393568326E+11
 0.17902072514745E+11
 0.18206507004154E+11
 0.18514725939839E+11
 0.18826758170420E+11
 0.19142632762030E+11
 0.19462378827483E+11
 0.19786025573979E+11
 0.20113602275527E+11
