 0.14975116109994E+00
 0.14975116109984E+00
 0.14975116109912E+00
 0.14975116110486E+00
 0.14975116116235E+00
 0.14975116138767E+00
 0.14975116191086E+00
 0.14975116245230E+00
 0.14975116108233E+00
 0.14975115175973E+00
 0.14975112109402E+00
 0.14975104490941E+00
 0.14975088539156E+00
 0.14975058918325E+00
 0.14975008681904E+00
 0.14974929336468E+00
 0.14974810961546E+00
 0.14974642450141E+00
 0.14974411788638E+00
 0.14974106311244E+00
 0.14973712774655E+00
 0.14973217784736E+00
 0.14972608068138E+00
 0.14971870501232E+00
 0.14970992275068E+00
 0.14969961095308E+00
 0.14968765196325E+00
 0.14967393365679E+00
 0.14965834976348E+00
 0.14964079933340E+00
 0.14962118606619E+00
 0.14959941750895E+00
 0.14957540466277E+00
 0.14954906011571E+00
 0.14952029676995E+00
 0.14948902796341E+00
 0.14945516524995E+00
 0.14941861750853E+00
 0.14937928977898E+00
 0.14933708142260E+00
 0.14929188667454E+00
 0.14924359293054E+00
 0.14919208006520E+00
 0.14913721959378E+00
 0.14907887392074E+00
 0.14901689572718E+00
 0.14895112726554E+00
 0.14888139974969E+00
 0.14880753276130E+00
 0.14872933392649E+00
 0.14864659804810E+00
 0.14855910667365E+00
 0.14846662758834E+00
 0.14836891421801E+00
 0.14826570518332E+00
 0.14815672374527E+00
 0.14804167725390E+00
 0.14792025678246E+00
 0.14779213660825E+00
 0.14765697356803E+00
 0.14751440681243E+00
 0.14736405726000E+00
 0.14720552718945E+00
 0.14703839991096E+00
 0.14686218466402E+00
 0.14667652338289E+00
 0.14648089478208E+00
 0.14627480223929E+00
 0.14605772842118E+00
 0.14582913514656E+00
 0.14558846302132E+00
 0.14533513123712E+00
 0.14506853768045E+00
 0.14478805839383E+00
 0.14449304777790E+00
 0.14418283842520E+00
 0.14385674108874E+00
 0.14351404393652E+00
 0.14315401380178E+00
 0.14277589492947E+00
 0.14237890969266E+00
 0.14196225918181E+00
 0.14152512302971E+00
 0.14106665861415E+00
 0.14058600132599E+00
 0.14008226704635E+00
 0.13955455056361E+00
 0.13900192477179E+00
 0.13842344552770E+00
 0.13781814442516E+00
 0.13718504063203E+00
 0.13652313175115E+00
 0.13583140103655E+00
 0.13510881129550E+00
 0.13435419893978E+00
 0.13356670960352E+00
 0.13274518448331E+00
 0.13188852395673E+00
 0.13099564279400E+00
 0.13006544693839E+00
 0.12909684308856E+00
 0.12808873672752E+00
 0.12704003909398E+00
 0.12594967106950E+00
 0.12481656839403E+00
 0.12363969319581E+00
 0.12241803270414E+00
 0.12115059439540E+00
 0.11983644235588E+00
 0.11847467194846E+00
 0.11706446707300E+00
 0.11560505153278E+00
 0.11409572791429E+00
 0.11253589669445E+00
 0.11092506446461E+00
 0.10926270554173E+00
 0.10754881039434E+00
 0.10578314286990E+00
 0.10396574181431E+00
 0.10209680933961E+00
 0.10017673940758E+00
 0.98206127528289E-01
 0.96185775699725E-01
 0.94116719357850E-01
 0.92000228605573E-01
 0.89837854389798E-01
 0.87631395379735E-01
 0.85382946399591E-01
 0.83094888025929E-01
 0.80769913656313E-01
 0.78411027428032E-01
 0.76021572654057E-01
 0.73605228088663E-01
 0.71165999675567E-01
 0.68708268291410E-01
 0.66236770081259E-01
 0.63756591227847E-01
 0.61273187531779E-01
 0.58792356622923E-01
 0.56320245649951E-01
 0.53863347941705E-01
 0.51428404779978E-01
 0.49022392892817E-01
 0.46652432557027E-01
 0.44325684248867E-01
 0.42049259325367E-01
 0.39830005990244E-01
 0.37674464988301E-01
 0.35588638401120E-01
 0.33577868799605E-01
 0.31646729445808E-01
 0.29798915241859E-01
 0.28037137945904E-01
 0.26363181149130E-01
 0.24777821232185E-01
 0.23280880333707E-01
 0.21871336918138E-01
 0.20547378437861E-01
 0.19306564545090E-01
 0.18145858308421E-01
 0.17061867145208E-01
 0.16050873412344E-01
 0.15108973640720E-01
 0.14232150147583E-01
 0.13416374904976E-01
 0.12657679709244E-01
 0.11952184780823E-01
 0.11296153247538E-01
 0.10686020482214E-01
 0.10118405588509E-01
 0.95901310338453E-02
 0.90982217308251E-02
 0.86399072943819E-02
 0.82126171568922E-02
 0.78139690883738E-02
 0.74417681018955E-02
 0.70939905829319E-02
 0.67687748985831E-02
 0.64644096242079E-02
 0.61793236747763E-02
 0.59120744036245E-02
 0.56613372270399E-02
 0.54258969942219E-02
 0.52046384098057E-02
 0.49965374637690E-02
 0.48006529564420E-02
 0.46161203137251E-02
 0.44421442870381E-02
 0.42779934043558E-02
 0.41229948012529E-02
 0.39765269704115E-02
 0.38380181506252E-02
 0.37069401488645E-02
 0.35828054836534E-02
 0.34651636639883E-02
 0.33535977283379E-02
 0.32477221415085E-02
 0.31471796243781E-02
 0.30516389553573E-02
 0.29607928482787E-02
 0.28743561103507E-02
 0.27920635568470E-02
 0.27136688814290E-02
 0.26389427316409E-02
 0.25676715559786E-02
 0.24996563396319E-02
 0.24347116735275E-02
 0.23726643572592E-02
 0.23133525932758E-02
 0.22566254511102E-02
 0.22023416138944E-02
 0.21503689506495E-02
 0.21005835994793E-02
 0.20528697290383E-02
 0.20071186018636E-02
 0.19632282468915E-02
 0.19211030387433E-02
 0.18806529896264E-02
 0.18417937499130E-02
 0.18044458830371E-02
 0.17685345766800E-02
 0.17339896084991E-02
 0.17007447323467E-02
 0.16687374177809E-02
 0.16379089219235E-02
 0.16082035787478E-02
 0.15795691088331E-02
 0.15519558931969E-02
 0.15253172148786E-02
 0.14996088737550E-02
 0.14747889633629E-02
 0.14508179713727E-02
 0.14276584158755E-02
 0.14052747775985E-02
 0.13836335105437E-02
 0.13627026778560E-02
 0.13424520296070E-02
 0.13228528319839E-02
 0.13038778710704E-02
 0.12855012766088E-02
 0.12676984684921E-02
 0.12504460657807E-02
 0.12337218427900E-02
 0.12175046555110E-02
 0.12017743762331E-02
 0.11865118429993E-02
 0.11716988067518E-02
 0.11573178753636E-02
 0.11433524685458E-02
 0.11297867804479E-02
 0.11166057197451E-02
 0.11037948980874E-02
 0.10913405736417E-02
 0.10792296214159E-02
 0.10674494999855E-02
 0.10559882280758E-02
 0.10448343526372E-02
 0.10339769167787E-02
 0.10234054811165E-02
 0.10131099322800E-02
 0.10030807227129E-02
 0.99330865243349E-03
 0.98378487396091E-03
 0.97450103206647E-03
 0.96544892382267E-03
 0.95662089135401E-03
 0.94800939362434E-03
 0.93960738532204E-03
 0.93140798904969E-03
 0.92340457231737E-03
 0.91559085904033E-03
 0.90796080843687E-03
 0.90050855957034E-03
 0.89322850854302E-03
 0.88611525973069E-03
 0.87916364419462E-03
 0.87236870432040E-03
 0.86572561737274E-03
 0.85922977269232E-03
 0.85287672298667E-03
 0.84666219749907E-03
 0.84058208277851E-03
 0.83463240934212E-03
 0.82880934915377E-03
 0.82310921806339E-03
 0.81752846426233E-03
 0.81206365845254E-03
 0.80671149395999E-03
 0.80146878299653E-03
 0.79633244763027E-03
 0.79129951690598E-03
 0.78636712532234E-03
 0.78153250026248E-03
 0.77679296810910E-03
 0.77214594016172E-03
 0.76758892433063E-03
 0.76311950317524E-03
 0.75873534296891E-03
 0.75443418861511E-03
 0.75021385673871E-03
