 0.66407551040663E+01
 0.66407551040663E+01
 0.66407551040678E+01
 0.66407551040850E+01
 0.66407551042092E+01
 0.66407551046101E+01
 0.66407551055032E+01
 0.66407551071860E+01
 0.66407551110340E+01
 0.66407551168371E+01
 0.66407551238145E+01
 0.66407551295198E+01
 0.66407551297093E+01
 0.66407551145468E+01
 0.66407550684577E+01
 0.66407549715120E+01
 0.66407547937438E+01
 0.66407544972482E+01
 0.66407540377857E+01
 0.66407533586579E+01
 0.66407523943654E+01
 0.66407510560996E+01
 0.66407492824882E+01
 0.66407469773245E+01
 0.66407440186189E+01
 0.66407403057139E+01
 0.66407357199650E+01
 0.66407301369996E+01
 0.66407234273244E+01
 0.66407154575956E+01
 0.66407060887747E+01
 0.66406951790648E+01
 0.66406825940528E+01
 0.66406681922218E+01
 0.66406518315466E+01
 0.66406333748411E+01
 0.66406126832831E+01
 0.66405896197396E+01
 0.66405640496366E+01
 0.66405358373843E+01
 0.66405048489108E+01
 0.66404709505644E+01
 0.66404340079206E+01
 0.66403938850140E+01
 0.66403504419869E+01
 0.66403035360277E+01
 0.66402530181763E+01
 0.66401987327824E+01
 0.66401405172805E+01
 0.66400781986204E+01
 0.66400115940647E+01
 0.66399405068518E+01
 0.66398647277226E+01
 0.66397840296233E+01
 0.66396981707889E+01
 0.66396068893287E+01
 0.66395099012561E+01
 0.66394069031118E+01
 0.66392975667496E+01
 0.66391815373059E+01
 0.66390584355971E+01
 0.66389278498045E+01
 0.66387893398297E+01
 0.66386424336931E+01
 0.66384866023601E+01
 0.66383213420228E+01
 0.66381460543123E+01
 0.66379601177755E+01
 0.66377628730408E+01
 0.66375536127796E+01
 0.66373315886733E+01
 0.66370960004234E+01
 0.66368460017168E+01
 0.66365806930792E+01
 0.66362991204705E+01
 0.66360002742517E+01
 0.66356830845192E+01
 0.66353464210647E+01
 0.66349890887819E+01
 0.66346098262305E+01
 0.66342073020181E+01
 0.66337801111343E+01
 0.66333267735276E+01
 0.66328457307280E+01
 0.66323353386757E+01
 0.66317938730523E+01
 0.66312195137027E+01
 0.66306103470375E+01
 0.66299643650108E+01
 0.66292794504268E+01
 0.66285533890613E+01
 0.66277838542111E+01
 0.66269684053064E+01
 0.66261044583779E+01
 0.66251892669989E+01
 0.66242201248510E+01
 0.66231940382498E+01
 0.66221078669099E+01
 0.66209583775836E+01
 0.66197421695490E+01
 0.66184556839349E+01
 0.66170951949811E+01
 0.66156568068927E+01
 0.66141364476747E+01
 0.66125298630456E+01
 0.66108326158287E+01
 0.66090400847178E+01
 0.66071474256600E+01
 0.66051496211108E+01
 0.66030414265990E+01
 0.66008174305614E+01
 0.65984719604030E+01
 0.65959991633753E+01
 0.65933929705174E+01
 0.65906471045776E+01
 0.65877549811866E+01
 0.65847100813560E+01
 0.65815054232372E+01
 0.65781339158847E+01
 0.65745882675085E+01
 0.65708610440723E+01
 0.65669446142324E+01
 0.65628312134119E+01
 0.65585128980198E+01
 0.65539816218059E+01
 0.65492292662800E+01
 0.65442475856041E+01
 0.65390282903610E+01
 0.65335630283732E+01
 0.65278434528962E+01
 0.65218611987687E+01
 0.65156079817642E+01
 0.65090755656369E+01
 0.65022558033504E+01
 0.64951406725682E+01
 0.64877223351962E+01
 0.64799931171278E+01
 0.64719455573759E+01
 0.64635724385926E+01
 0.64548668098406E+01
 0.64458219896771E+01
 0.64364317303071E+01
 0.64266899543720E+01
 0.64165910372622E+01
 0.64061295861025E+01
 0.63953005227915E+01
 0.63840991057335E+01
 0.63725205891429E+01
 0.63605604780257E+01
 0.63482143237585E+01
 0.63354777275476E+01
 0.63223462059414E+01
 0.63088151258160E+01
 0.62948796082133E+01
 0.62805345256804E+01
 0.62657743676791E+01
 0.62505932773965E+01
 0.62349849712584E+01
 0.62189426516907E+01
 0.62024591038133E+01
 0.61855265586808E+01
 0.61681368186549E+01
 0.61502810984251E+01
 0.61319501880597E+01
 0.61131342932503E+01
 0.60938233430370E+01
 0.60740068017946E+01
 0.60536737263379E+01
 0.60328128566248E+01
 0.60114126793240E+01
 0.59894613662643E+01
 0.59669468909917E+01
 0.59438570309210E+01
 0.59201793843075E+01
 0.58959014458671E+01
 0.58710105731227E+01
 0.58454940104877E+01
 0.58193389579049E+01
 0.57925325335329E+01
 0.57650617944576E+01
 0.57369137249990E+01
 0.57080753082531E+01
 0.56785334481921E+01
 0.56482750284132E+01
 0.56172869095576E+01
 0.55855558496822E+01
 0.55530686236566E+01
 0.55198119854214E+01
 0.54857725724214E+01
 0.54509370618511E+01
 0.54152920023302E+01
 0.53788240066070E+01
 0.53415195457318E+01
 0.53033651003624E+01
 0.52643470717038E+01
 0.52244518444388E+01
 0.51836657187298E+01
 0.51419749743891E+01
 0.50993658164537E+01
 0.50558244076468E+01
 0.50113368538701E+01
 0.49658892139034E+01
 0.49194674854610E+01
 0.48720576134683E+01
 0.48236454906369E+01
 0.47742169525964E+01
 0.47237577738597E+01
 0.46722536848058E+01
 0.46196903491961E+01
 0.45660533845844E+01
 0.45113283509891E+01
 0.44555007375016E+01
 0.43985559970403E+01
 0.43404795146078E+01
 0.42812566342718E+01
 0.42208726001154E+01
 0.41593126868633E+01
 0.40965620122361E+01
 0.40326057085305E+01
 0.39674288378251E+01
 0.39010163959217E+01
 0.38333533048416E+01
 0.37644244728353E+01
 0.36942147389609E+01
 0.36227088697069E+01
 0.35498916334989E+01
 0.34757476278921E+01
 0.34002615167751E+01
 0.33234178578759E+01
 0.32452011724471E+01
 0.31655958853093E+01
 0.30845863811136E+01
 0.30021570438407E+01
 0.29182921839029E+01
 0.28329759725974E+01
 0.27461926083820E+01
 0.26579262604601E+01
 0.25681609741867E+01
 0.24768807774396E+01
 0.23840696493904E+01
 0.22897114894667E+01
 0.21937901720978E+01
 0.20962895006132E+01
 0.19971932306888E+01
 0.18964850640888E+01
 0.17941486463562E+01
 0.16901675747139E+01
 0.15845253784348E+01
 0.14772055441187E+01
 0.13681915039917E+01
 0.12574666538082E+01
 0.11450143088715E+01
 0.10308177288344E+01
 0.91486014687307E+00
 0.79712473695574E+00
 0.67759461640504E+00
 0.55625282451351E+00
 0.43308236133348E+00
 0.30806622257656E+00
 0.18118714236505E+00
 0.52428174831843E-01
-0.78228017752944E-01
-0.21079869842745E+00
-0.34530107819415E+00
-0.48175267381215E+00
-0.62017077733056E+00
-0.76057307768100E+00
-0.90297684705200E+00
-0.10473998272499E+01
-0.11938597229145E+01
-0.13423741245351E+01
-0.14929607212122E+01
-0.16456374600338E+01
-0.18004222208159E+01
-0.19573328934578E+01
-0.21163874065312E+01
-0.22776037189688E+01
-0.24409999832832E+01
-0.26065943867903E+01
-0.27744051187430E+01
-0.29444504751982E+01
-0.31167486713478E+01
-0.32913180509787E+01
-0.34681770543777E+01
-0.36473441614631E+01
-0.38288378834002E+01
-0.40126768162829E+01
-0.41988796023723E+01
-0.43874649307490E+01
-0.45784515483110E+01
-0.47718582693312E+01
-0.49677039602099E+01
-0.51660075335862E+01
-0.53667879601094E+01
-0.55700643020559E+01
-0.57758555856484E+01
-0.59841809805614E+01
-0.61950596872600E+01
-0.64085109684554E+01
-0.66245541309224E+01
