 0.10902556952230E+01
 0.10902556948656E+01
 0.10902556911639E+01
 0.10902556761047E+01
 0.10902556364100E+01
 0.10902555541333E+01
 0.10902554078397E+01
 0.10902551772118E+01
 0.10902548558539E+01
 0.10902544750069E+01
 0.10902541338424E+01
 0.10902540290142E+01
 0.10902544756968E+01
 0.10902559162531E+01
 0.10902589154500E+01
 0.10902641447383E+01
 0.10902723596253E+01
 0.10902843725690E+01
 0.10903010250706E+01
 0.10903231612449E+01
 0.10903516075000E+01
 0.10903871499021E+01
 0.10904305205243E+01
 0.10904823844534E+01
 0.10905433331056E+01
 0.10906138785455E+01
 0.10906944511987E+01
 0.10907853992387E+01
 0.10908869905396E+01
 0.10909994143457E+01
 0.10911227853908E+01
 0.10912571476986E+01
 0.10914024791648E+01
 0.10915586966955E+01
 0.10917256614774E+01
 0.10919031833837E+01
 0.10920910268009E+01
 0.10922889151781E+01
 0.10924965363294E+01
 0.10927135488459E+01
 0.10929395838666E+01
 0.10931742515458E+01
 0.10934171444724E+01
 0.10936678420246E+01
 0.10939259142827E+01
 0.10941909254607E+01
 0.10944624374063E+01
 0.10947400125924E+01
 0.10950232170234E+01
 0.10953116229356E+01
 0.10956048110295E+01
 0.10959023727677E+01
 0.10962039121786E+01
 0.10965090478505E+01
 0.10968174141556E+01
 0.10971286628431E+01
 0.10974424642904E+01
 0.10977585081959E+01
 0.10980765046773E+01
 0.10983961850414E+01
 0.10987173020891E+01
 0.10990396310208E+01
 0.10993629694218E+01
 0.10996871376404E+01
 0.11000119931853E+01
 0.11003373773425E+01
 0.11006631913394E+01
 0.11009893480354E+01
 0.11013157830427E+01
 0.11016424551738E+01
 0.11019693457071E+01
 0.11022964587351E+01
 0.11026238203205E+01
 0.11029514788625E+01
 0.11032795045913E+01
 0.11036079891675E+01
 0.11039370452752E+01
 0.11042668076782E+01
 0.11045974317845E+01
 0.11049290934407E+01
 0.11052619888998E+01
 0.11055963340794E+01
 0.11059323657930E+01
 0.11062703402591E+01
 0.11066105333019E+01
 0.11069532408550E+01
 0.11072987774617E+01
 0.11076474779990E+01
 0.11079996959295E+01
 0.11083558044646E+01
 0.11087161917801E+01
 0.11090812737435E+01
 0.11094514810046E+01
 0.11098272581382E+01
 0.11102091152860E+01
 0.11105974734506E+01
 0.11109928683216E+01
 0.11113958273965E+01
 0.11118068941078E+01
 0.11122266324401E+01
 0.11126556228100E+01
 0.11130944647856E+01
 0.11135437753241E+01
 0.11140041871241E+01
 0.11144763492119E+01
 0.11149609238418E+01
 0.11154585833277E+01
 0.11159700205789E+01
 0.11164959293766E+01
 0.11170370145199E+01
 0.11175939866930E+01
 0.11181675434484E+01
 0.11187583988854E+01
 0.11193672497662E+01
 0.11199947759027E+01
 0.11206416952741E+01
 0.11213085496102E+01
 0.11219959879593E+01
 0.11227045696938E+01
 0.11234347971907E+01
 0.11241871279779E+01
 0.11249619196253E+01
 0.11257594589664E+01
 0.11265799195442E+01
 0.11274233678777E+01
 0.11282897134648E+01
 0.11291787302471E+01
 0.11300900109207E+01
 0.11310229517120E+01
 0.11319767333704E+01
 0.11329502922360E+01
 0.11339422833344E+01
 0.11349510795130E+01
 0.11359747285717E+01
 0.11370109213861E+01
 0.11380569597874E+01
 0.11391097422291E+01
 0.11401657221835E+01
 0.11412209020650E+01
 0.11422707880696E+01
 0.11433103715134E+01
 0.11443341819235E+01
 0.11453362291211E+01
 0.11463100747752E+01
 0.11472488509640E+01
 0.11481453359541E+01
 0.11489921406800E+01
 0.11497816119469E+01
 0.11505061918468E+01
 0.11511584626016E+01
 0.11517313614210E+01
 0.11522183312415E+01
 0.11526135581065E+01
 0.11529119948705E+01
 0.11531096054606E+01
 0.11532034671093E+01
 0.11531917832695E+01
 0.11530739710591E+01
 0.11528505999534E+01
 0.11525233570776E+01
 0.11520949951589E+01
 0.11515692056842E+01
 0.11509504884853E+01
 0.11502440488634E+01
 0.11494556163128E+01
 0.11485913110182E+01
 0.11476575311484E+01
 0.11466608027651E+01
 0.11456076685005E+01
 0.11445046033550E+01
 0.11433579047813E+01
 0.11421736393016E+01
 0.11409575820919E+01
 0.11397151975082E+01
 0.11384515382156E+01
 0.11371713489412E+01
 0.11358789692569E+01
 0.11345783673289E+01
 0.11332731432141E+01
 0.11319665425955E+01
 0.11306614686756E+01
 0.11293605176141E+01
 0.11280659774221E+01
 0.11267798638484E+01
 0.11255039389682E+01
 0.11242397285807E+01
 0.11229885418016E+01
 0.11217515083730E+01
 0.11205295679534E+01
 0.11193235125280E+01
 0.11181339821246E+01
 0.11169615094461E+01
 0.11158064992880E+01
 0.11146692617929E+01
 0.11135500191474E+01
 0.11124489195503E+01
 0.11113660341893E+01
 0.11103013827327E+01
 0.11092549294729E+01
 0.11082265918601E+01
 0.11072162497612E+01
 0.11062237472019E+01
 0.11052489020877E+01
 0.11042915059975E+01
 0.11033513304218E+01
 0.11024281281878E+01
 0.11015216388116E+01
 0.11006315887362E+01
 0.10997576986075E+01
 0.10988996777323E+01
 0.10980572319456E+01
 0.10972300632671E+01
 0.10964178715104E+01
 0.10956203539534E+01
 0.10948372097120E+01
 0.10940681370065E+01
 0.10933128367740E+01
 0.10925710111206E+01
 0.10918423677556E+01
 0.10911266136109E+01
 0.10904234645100E+01
 0.10897326351368E+01
 0.10890538473280E+01
 0.10883868303964E+01
 0.10877313119526E+01
 0.10870870349970E+01
 0.10864537334055E+01
 0.10858311594954E+01
 0.10852190634954E+01
 0.10846172046564E+01
 0.10840253474780E+01
 0.10834432566735E+01
 0.10828707093633E+01
 0.10823074856036E+01
 0.10817533656413E+01
 0.10812081411620E+01
 0.10806716090478E+01
 0.10801435696226E+01
 0.10796238268991E+01
 0.10791121908107E+01
 0.10786084755775E+01
 0.10781125014416E+01
 0.10776240924044E+01
 0.10771430771176E+01
 0.10766692889620E+01
 0.10762025652154E+01
 0.10757427472499E+01
 0.10752896808976E+01
 0.10748432157559E+01
 0.10744032054983E+01
 0.10739695084046E+01
 0.10735419850176E+01
 0.10731205001581E+01
 0.10727049225073E+01
 0.10722951244528E+01
 0.10718909814168E+01
 0.10714923709385E+01
 0.10710991751311E+01
 0.10707112772063E+01
 0.10703285637148E+01
 0.10699509306552E+01
 0.10695782659808E+01
 0.10692104686955E+01
 0.10688474365779E+01
 0.10684890721078E+01
 0.10681352790837E+01
 0.10677859622900E+01
 0.10674410327586E+01
 0.10671003996731E+01
 0.10667639774220E+01
 0.10664316819137E+01
 0.10661034311480E+01
 0.10657791436329E+01
 0.10654587401145E+01
 0.10651421456665E+01
 0.10648292864895E+01
 0.10645200899720E+01
 0.10642144859910E+01
 0.10639124038985E+01
 0.10636137768745E+01
 0.10633185371409E+01
 0.10630266226462E+01
 0.10627379715077E+01
 0.10624525223251E+01
 0.10621702151066E+01
 0.10618909919219E+01
 0.10616147958197E+01
 0.10613415714193E+01
 0.10610712645547E+01
 0.10608038223602E+01
 0.10605391932448E+01
 0.10602773262675E+01
 0.10600181727677E+01
 0.10597616845002E+01
 0.10595078140125E+01
 0.10592565166424E+01
 0.10590077470015E+01
 0.10587614612713E+01
 0.10585176164776E+01
 0.10582761708112E+01
