 0.00000000000000E+00
-0.27775805928155E-05
-0.30325818189573E-04
-0.12065641756973E-03
-0.30049206825292E-03
-0.57498516083284E-03
-0.93262429502096E-03
-0.13492193077420E-02
-0.17863085922618E-02
-0.21883790541873E-02
-0.24829149653398E-02
-0.25846137534364E-02
-0.24028824355454E-02
-0.87298073894960E-02
-0.11297477364475E-01
-0.12222467549509E-01
-0.16037748408765E-01
-0.20249767595881E-01
-0.22170514444032E-01
-0.25170394287441E-01
-0.27873108713379E-01
-0.29069062654921E-01
-0.30635234518730E-01
-0.31002944152396E-01
-0.31484139233993E-01
-0.30863944215374E-01
-0.30226285399366E-01
-0.28696078663615E-01
-0.26703751959429E-01
-0.24614333760960E-01
-0.21868429678949E-01
-0.18754443214263E-01
-0.15555145323687E-01
-0.11900212835314E-01
-0.80281291797611E-02
-0.39831459602419E-02
 0.69537469273632E-04
 0.43547918156370E-02
 0.87137123214280E-02
 0.13114789900378E-01
 0.17531973943384E-01
 0.21867004082545E-01
 0.26251381379596E-01
 0.30591196126945E-01
 0.34869732075229E-01
 0.39073674793024E-01
 0.43191893930871E-01
 0.47215303114022E-01
 0.51136385859119E-01
 0.54911816579276E-01
 0.58613655878981E-01
 0.62200480276828E-01
 0.65670035543688E-01
 0.69021523850712E-01
 0.72255064802923E-01
 0.75371563576065E-01
 0.78372605625775E-01
 0.81260472578561E-01
 0.84037731054063E-01
 0.86707496357392E-01
 0.89273237618390E-01
 0.91723187112813E-01
 0.94092940294411E-01
 0.96370706869565E-01
 0.98560692674592E-01
 0.10066735043518E+00
 0.10269517719997E+00
 0.10464873256364E+00
 0.10653258473770E+00
 0.10835134142670E+00
 0.11010957563383E+00
 0.11181180978473E+00
 0.11346254058538E+00
 0.11506621267709E+00
 0.11662721085257E+00
 0.11814985655238E+00
 0.11963839442433E+00
 0.12109701035073E+00
 0.12252981134388E+00
 0.12394061970883E+00
 0.12532885172487E+00
 0.12670826878249E+00
 0.12807757729778E+00
 0.12944049880826E+00
 0.13080079813349E+00
 0.13216196633827E+00
 0.13352758902976E+00
 0.13490120655108E+00
 0.13628628298912E+00
 0.13768620060686E+00
 0.13910433480073E+00
 0.14054402119916E+00
 0.14200855831273E+00
 0.14350121780596E+00
 0.14502524854376E+00
 0.14658379085690E+00
 0.14818021936236E+00
 0.14981552965567E+00
 0.15149737455244E+00
 0.15322669342049E+00
 0.15500666826163E+00
 0.15684054063570E+00
 0.15873156994035E+00
 0.16068302292425E+00
 0.16269821069071E+00
 0.16478049273945E+00
 0.16693318944182E+00
 0.16915960781432E+00
 0.17146331026666E+00
 0.17384794127643E+00
 0.17631521692405E+00
 0.17887187002302E+00
 0.18152002590018E+00
 0.18426341229406E+00
 0.18710582948209E+00
 0.19005114213315E+00
 0.19310321721584E+00
 0.19626607830571E+00
 0.19954362735537E+00
 0.20294034089610E+00
 0.20645910128890E+00
 0.21010628645850E+00
 0.21388521673177E+00
 0.21780031022331E+00
 0.22185604272325E+00
 0.22605697510910E+00
 0.23040758354912E+00
 0.23491270453321E+00
 0.23957666774710E+00
 0.24440408562545E+00
 0.24940049570184E+00
 0.25457014277531E+00
 0.25991776641769E+00
 0.26544798743110E+00
 0.27116559210757E+00
 0.27707508871424E+00
 0.28318057574366E+00
 0.28948738454872E+00
 0.29599937094351E+00
 0.30272062985489E+00
 0.30965520289358E+00
 0.31680689429979E+00
 0.32417901801071E+00
 0.33177503194287E+00
 0.33959824381375E+00
 0.34765115724380E+00
 0.35593626398887E+00
 0.36445556871425E+00
 0.37321068355471E+00
 0.38220301253132E+00
 0.39143368330466E+00
 0.40090310326435E+00
 0.41061133897197E+00
 0.42055806584147E+00
 0.43074245257705E+00
 0.44116354734310E+00
 0.45181964183544E+00
 0.46270866717600E+00
 0.47382812694665E+00
 0.48517520070711E+00
 0.49674662713826E+00
 0.50853885102606E+00
 0.52054766703177E+00
 0.53276873506460E+00
 0.54519743273830E+00
 0.55782867488435E+00
 0.57065704817586E+00
 0.58367693501165E+00
 0.59688246598252E+00
 0.61026748909275E+00
 0.62382555858876E+00
 0.63755007213732E+00
 0.65143415755358E+00
 0.66547084327175E+00
 0.67965291927515E+00
 0.69397296544059E+00
 0.70842353565949E+00
 0.72299697764305E+00
 0.73768555122400E+00
 0.75248143460072E+00
 0.76737674030332E+00
 0.78236350803329E+00
 0.79743378131140E+00
 0.81257962428095E+00
 0.82779310714931E+00
 0.84306639473434E+00
 0.85839172603650E+00
 0.87376142360602E+00
 0.88916802143249E+00
 0.90460423873022E+00
 0.92006300874489E+00
 0.93553746561620E+00
 0.95102105928262E+00
 0.96650746291376E+00
 0.98199071036911E+00
 0.99746510911242E+00
 0.10129252983010E+01
 0.10283662405285E+01
 0.10437832143295E+01
 0.10591718281458E+01
 0.10745279902361E+01
 0.10898479236667E+01
 0.11051281412507E+01
 0.11203654256470E+01
 0.11355568146060E+01
 0.11506995784030E+01
 0.11657912739445E+01
 0.11808296534289E+01
 0.11958126639770E+01
 0.12107384307323E+01
 0.12256052600911E+01
 0.12404116240188E+01
 0.12551561204467E+01
 0.12698374906469E+01
 0.12844545998266E+01
 0.12990064215071E+01
 0.13134920373398E+01
 0.13279106152210E+01
 0.13422614042221E+01
 0.13565437432032E+01
 0.13707570358761E+01
 0.13849007550114E+01
 0.13989744246723E+01
 0.14129776205120E+01
 0.14269099823896E+01
 0.14407711882529E+01
 0.14545609691264E+01
 0.14682790692930E+01
 0.14819252818802E+01
 0.14954994434279E+01
 0.15090014050125E+01
 0.15224310668512E+01
 0.15357883304789E+01
 0.15490731280722E+01
 0.15622854259413E+01
 0.15754251970081E+01
 0.15884924493320E+01
 0.16014872113066E+01
 0.16144095059442E+01
 0.16272593740073E+01
 0.16400368714794E+01
 0.16527421166758E+01
 0.16653751893043E+01
 0.16779361813900E+01
 0.16904252155531E+01
 0.17028424260591E+01
 0.17151879525218E+01
 0.17274619579974E+01
 0.17396646087962E+01
 0.17517960444524E+01
 0.17638564513331E+01
 0.17758460198663E+01
 0.17877649511867E+01
 0.17996134520548E+01
 0.18113917232997E+01
 0.18230999737450E+01
 0.18347384280333E+01
 0.18463073090127E+01
 0.18578068552693E+01
 0.18692373088608E+01
 0.18805989319297E+01
 0.18918919522749E+01
 0.19031166306433E+01
 0.19142732244554E+01
 0.19253619978935E+01
 0.19363832203071E+01
 0.19473371663513E+01
 0.19582241199077E+01
 0.19690443544006E+01
 0.19797981521575E+01
 0.19904858009550E+01
 0.20011075898154E+01
 0.20116638129107E+01
 0.20221547725144E+01
 0.20325807644436E+01
 0.20429420860816E+01
 0.20532390456898E+01
 0.20634719467913E+01
 0.20736411012860E+01
 0.20837468208915E+01
 0.20937894158146E+01
 0.21037692010025E+01
 0.21136864933698E+01
 0.21235416076575E+01
 0.21333348663800E+01
 0.21430665904907E+01
 0.21527371029951E+01
 0.21623467245595E+01
 0.21718957772401E+01
 0.21813845875135E+01
 0.21908134873237E+01
 0.22001828001653E+01
 0.22094928551405E+01
 0.22187439800845E+01
 0.22279365032031E+01
 0.22370707514759E+01
 0.22461470598525E+01
 0.22551657561131E+01
 0.22641271692414E+01
 0.22730316308425E+01
