 0.00000000000000E+00
 0.16369382275589E-24
 0.17018009441814E-22
 0.95025416883194E-22
 0.61949489168075E-21
 0.36389029206450E-20
 0.56121488444946E-20
 0.17376076230070E-20
 0.27398798461327E-19
 0.57416599716752E-19
 0.63075843516585E-19
 0.59632679004065E-19
 0.10711566457279E-18
-0.55376637819956E-11
 0.61429497648238E-11
 0.48528153009787E-11
 0.29030851951978E-10
-0.59617498737384E-11
 0.20980666692815E-10
 0.10054912299510E-10
 0.90531421163107E-11
-0.84314722556804E-12
-0.56696543686385E-11
 0.56370728913821E-12
-0.13581416997713E-10
-0.41604528596799E-09
-0.19886527053591E-08
 0.79888081491042E-08
-0.24519672054396E-07
-0.30227209731051E-07
 0.25594915501977E-07
-0.19972035004272E-07
 0.52095560660508E-08
 0.17965620188168E-07
 0.38828205076507E-08
 0.97270862165898E-10
 0.11020346982983E-10
 0.10822382296053E-09
 0.31415611850813E-09
 0.73770368270447E-09
 0.15230473946275E-08
 0.28539104736918E-08
 0.51130887232744E-08
 0.87149840398524E-08
 0.14314054365130E-07
 0.22749499416058E-07
 0.35142087931081E-07
 0.52937705163016E-07
 0.78039208154500E-07
 0.11234289227496E-06
 0.15940435046509E-06
 0.22247692858290E-06
 0.30580435238077E-06
 0.41446454240305E-06
 0.55446719332762E-06
 0.73280116457811E-06
 0.95761465025474E-06
 0.12382729530126E-05
 0.15854050169861E-05
 0.20111135963097E-05
 0.25289429581323E-05
 0.31515395303959E-05
 0.39003837502208E-05
 0.47919497775117E-05
 0.58466399082369E-05
 0.70867794348994E-05
 0.85367098854979E-05
 0.10222784041484E-04
 0.12173330678215E-04
 0.14419331732188E-04
 0.16993110872508E-04
 0.19929845344460E-04
 0.23266856411880E-04
 0.27043727760944E-04
 0.31302440405457E-04
 0.36088174700923E-04
 0.41444842445619E-04
 0.47424770857952E-04
 0.54078526473279E-04
 0.12606906899709E-03
 0.69967399686446E-04
 0.78352147945157E-04
 0.89508240794153E-04
 0.99608307464453E-04
 0.11030420920490E-03
 0.12440153954975E-03
 0.13860238070883E-03
 0.15407553766136E-03
 0.17088513177569E-03
 0.18911357365140E-03
 0.20884659280622E-03
 0.23017207681118E-03
 0.25318546504791E-03
 0.27797941446162E-03
 0.30465479507342E-03
 0.36930575338381E-03
 0.39101117874894E-03
 0.39709997194299E-03
 0.43228584906676E-03
 0.47001157828037E-03
 0.51031002556221E-03
 0.55330761046975E-03
 0.59914711757755E-03
 0.64797066905322E-03
 0.69996121155651E-03
 0.75518404077939E-03
 0.81381553316914E-03
 0.89790406801269E-03
 0.98605445700640E-03
 0.94291908502559E-03
 0.10864886123239E-02
 0.11656093530873E-02
 0.12477896985880E-02
 0.13397417540122E-02
 0.14320966536339E-02
 0.15281470126357E-02
 0.16326584564369E-02
 0.17114339741750E-02
 0.18926372880142E-02
 0.19193254336481E-02
 0.21070930702293E-02
 0.22433654331789E-02
 0.23860586656621E-02
 0.25361468455466E-02
 0.26938864479661E-02
 0.28340968730305E-02
 0.30661084966551E-02
 0.31701021362115E-02
 0.34830620913004E-02
 0.36100149114174E-02
 0.38203035636493E-02
 0.40407864975647E-02
 0.42493997810329E-02
 0.45396086780650E-02
 0.47399781635239E-02
 0.50209837940801E-02
 0.52979691219743E-02
 0.55815476608128E-02
 0.58576245507815E-02
 0.61988210540164E-02
 0.64956452185637E-02
 0.67890944909158E-02
 0.72262459919559E-02
 0.75147276838804E-02
 0.78672820528782E-02
 0.82593892441810E-02
 0.86040195540202E-02
 0.89892996604038E-02
 0.94438119850050E-02
 0.98080907305668E-02
 0.10244065915107E-01
 0.10633094422039E-01
 0.11063006511183E-01
 0.11540460690996E-01
 0.11945632320036E-01
 0.12398191650109E-01
 0.12822233317331E-01
 0.13249627177136E-01
 0.13781521988077E-01
 0.14197085870129E-01
 0.14649406581532E-01
 0.15080053962509E-01
 0.15544601026922E-01
 0.16017530292846E-01
 0.16432770763160E-01
 0.16860799994209E-01
 0.17305363784760E-01
 0.17741366435171E-01
 0.18119929515968E-01
 0.18506534645856E-01
 0.18895907681539E-01
 0.19259897515835E-01
 0.19583970032030E-01
 0.19886939018010E-01
 0.20170734167323E-01
 0.20420781885584E-01
 0.20640788837717E-01
 0.20825389471671E-01
 0.20961398847654E-01
 0.21050888336005E-01
 0.21109997837285E-01
 0.21131036891863E-01
 0.21094005096094E-01
 0.21008073260675E-01
 0.20894791707614E-01
 0.20716683928987E-01
 0.20486879205851E-01
 0.20251228532351E-01
 0.19964054695606E-01
 0.19630635540491E-01
 0.19287054248443E-01
 0.18895145198166E-01
 0.18508920085292E-01
 0.18089637651428E-01
 0.17664311703967E-01
 0.17232939989938E-01
 0.16794263806766E-01
 0.16360389729924E-01
 0.15929342445379E-01
 0.15497856984043E-01
 0.15088725560837E-01
 0.14692168500034E-01
 0.14290027374064E-01
 0.13894581691435E-01
 0.13534362900815E-01
 0.13187447570462E-01
 0.12855073937234E-01
 0.12531604345464E-01
 0.12220770158146E-01
 0.11928324008899E-01
 0.11652618233938E-01
 0.11381926280190E-01
 0.11132110232608E-01
 0.10889428037588E-01
 0.10660791163122E-01
 0.10453586215972E-01
 0.10240221538476E-01
 0.10042299152393E-01
 0.98550041133922E-02
 0.96813441789455E-02
 0.95171258787382E-02
 0.93482965211080E-02
 0.91973258984846E-02
 0.90465557736362E-02
 0.89163324839858E-02
 0.87790352685876E-02
 0.86443895366065E-02
 0.85263793811252E-02
 0.84065911543596E-02
 0.83025237448369E-02
 0.81956722889774E-02
 0.80806641550523E-02
 0.79862907390669E-02
 0.78955449062790E-02
 0.77967026569988E-02
 0.77183753480276E-02
 0.76148875164653E-02
 0.75480478691295E-02
 0.74606660632183E-02
 0.73794643606571E-02
 0.73105400652588E-02
 0.72591258306128E-02
 0.71862027658415E-02
 0.71107867074095E-02
 0.70332872954450E-02
 0.69687698680937E-02
 0.69284955263888E-02
 0.68517611250973E-02
 0.67962821757270E-02
 0.67475035165995E-02
 0.66884763467819E-02
 0.66439153391557E-02
 0.65823263032245E-02
 0.65245617885782E-02
 0.64770704264213E-02
 0.64152144709632E-02
 0.63697731908779E-02
 0.63456082004321E-02
 0.63034118924448E-02
 0.62506286853800E-02
 0.62133063624319E-02
 0.61658369594482E-02
 0.61168037132141E-02
 0.60781536086454E-02
 0.60446582455621E-02
 0.60138039163898E-02
 0.59797639233149E-02
 0.59462642144066E-02
 0.59075516836088E-02
 0.58679957741299E-02
 0.58304180232204E-02
 0.58001411118260E-02
 0.57680624043240E-02
 0.57302926626074E-02
 0.56984166339343E-02
 0.56672462215081E-02
 0.56364052797929E-02
 0.56089379247008E-02
 0.55750915916248E-02
 0.55447282132051E-02
 0.55188165448603E-02
 0.54882051344148E-02
 0.54605798693078E-02
 0.54362282789203E-02
 0.54140325104800E-02
 0.53839529472431E-02
 0.53538418456892E-02
 0.53315754053055E-02
 0.53103992548411E-02
 0.52892705273316E-02
 0.52654219045834E-02
 0.52385558668192E-02
 0.52086884907661E-02
 0.51871238568260E-02
 0.51721478337166E-02
 0.51445794355960E-02
 0.51161555198654E-02
 0.50921707515695E-02
 0.50719612176969E-02
 0.50581332832481E-02
