 0.00000000000000E+00
 0.23018579244997E-24
 0.12975396054411E-22
 0.15895332342638E-21
 0.11096513376838E-20
 0.42452020674786E-20
 0.12938679649855E-19
 0.30712441381121E-19
 0.76742422796151E-19
 0.11356640792817E-18
 0.19943746569403E-18
 0.30480357441213E-18
 0.37968932568902E-18
 0.32678254624902E-11
-0.36836986140137E-11
-0.38513925073294E-12
 0.34816312147021E-10
-0.97313636011011E-11
 0.25506579828721E-10
-0.57760381176170E-11
 0.13999835005956E-11
-0.51738641111356E-11
 0.19976018154406E-10
-0.29454679017923E-11
 0.33970389337513E-11
 0.60358964731773E-09
 0.17583769543937E-08
-0.27845704081836E-08
-0.23984111699761E-07
 0.10484800466382E-06
 0.15244695185240E-07
-0.50231053500018E-07
 0.78599433108315E-07
-0.43335270410984E-07
-0.14149420200089E-07
-0.51137150930363E-09
 0.26088635769458E-12
 0.12076795051140E-09
 0.36468033321012E-09
 0.87404447042340E-09
 0.18256215237494E-08
 0.34399083175577E-08
 0.62391918931528E-08
 0.10749045405948E-07
 0.17837546496249E-07
 0.28655375998781E-07
 0.44732576121803E-07
 0.68107534746110E-07
 0.10145947932476E-06
 0.14767541986418E-06
 0.21187166713036E-06
 0.29894007905306E-06
 0.41541772345965E-06
 0.56921782861753E-06
 0.76987103638607E-06
 0.10286890295626E-05
 0.13590436513771E-05
 0.17766234554960E-05
 0.22995740569420E-05
 0.29488884511131E-05
 0.37485500842015E-05
 0.47221406301904E-05
 0.59073291606178E-05
 0.73357147166325E-05
 0.90462008171099E-05
 0.11081925664366E-04
 0.13490960389162E-04
 0.16326151483313E-04
 0.19645539745171E-04
 0.23513389028516E-04
 0.27998432657029E-04
 0.33176501041898E-04
 0.39129534920826E-04
 0.45946044594362E-04
 0.53721487834924E-04
 0.62550519487296E-04
 0.72566765940687E-04
 0.83865063917151E-04
 0.96579004381116E-04
-0.33211924597725E-04
 0.12597645601928E-03
 0.14272235817058E-03
 0.16844509197322E-03
 0.17796448958395E-03
 0.22037405420325E-03
 0.23747317352227E-03
 0.26724975190850E-03
 0.29986322767823E-03
 0.33566730817655E-03
 0.37490113056283E-03
 0.41781583604263E-03
 0.46467707801452E-03
 0.51575880585064E-03
 0.57135737285305E-03
 0.63177994834120E-03
 0.50489931967058E-03
 0.46506336440641E-03
 0.84418923210409E-03
 0.92838966740258E-03
 0.10181482576929E-02
 0.11149527715923E-02
 0.12192274134790E-02
 0.13314346233946E-02
 0.14520849974928E-02
 0.15816885397683E-02
 0.17207512154544E-02
 0.18705349222117E-02
 0.18693892433977E-02
 0.20690261668994E-02
 0.26060493899967E-02
 0.25791519978118E-02
 0.27869256083988E-02
 0.30115744047649E-02
 0.32669071166760E-02
 0.35096763828140E-02
 0.37729844316480E-02
 0.40589509299535E-02
 0.45403145729485E-02
 0.44794074314670E-02
 0.52461219757294E-02
 0.54094883648147E-02
 0.57991654624261E-02
 0.62135106362252E-02
 0.66540571774307E-02
 0.71200833228489E-02
 0.77691727988491E-02
 0.80259156728585E-02
 0.86209155757247E-02
 0.95713369119697E-02
 0.98938723341613E-02
 0.10544403919548E-01
 0.11231860190415E-01
 0.12095496996542E-01
 0.12616829573869E-01
 0.13357325606551E-01
 0.14643527998261E-01
 0.15241262485327E-01
 0.16164969097824E-01
 0.17255711673179E-01
 0.18139601176799E-01
 0.19008369348012E-01
 0.20445049694511E-01
 0.21643324384420E-01
 0.22579247172611E-01
 0.23978764671035E-01
 0.25012883309699E-01
 0.26347785476293E-01
 0.28019332127276E-01
 0.29393255805140E-01
 0.30767617756675E-01
 0.32115678254147E-01
 0.33648693764994E-01
 0.35269230610219E-01
 0.37141737754632E-01
 0.38598691479785E-01
 0.40140334725823E-01
 0.41828662237624E-01
 0.43716532545915E-01
 0.45490424093130E-01
 0.47183218864650E-01
 0.48722457875931E-01
 0.50847752520305E-01
 0.52749175128789E-01
 0.54183301793571E-01
 0.56055476009047E-01
 0.58026058973469E-01
 0.59816549190290E-01
 0.61439887896726E-01
 0.63202543807768E-01
 0.64980708082924E-01
 0.66569456124766E-01
 0.68122757607479E-01
 0.69558742248490E-01
 0.71025611399128E-01
 0.72398548809253E-01
 0.73466236211232E-01
 0.74567033406029E-01
 0.75431148043523E-01
 0.76179031879721E-01
 0.76808874502939E-01
 0.77309169144356E-01
 0.77538974490519E-01
 0.77556568614333E-01
 0.77583136847152E-01
 0.77178838876753E-01
 0.76611502593275E-01
 0.76152512344208E-01
 0.75395623671999E-01
 0.74494517089534E-01
 0.73354100432256E-01
 0.72287703288908E-01
 0.70987196694470E-01
 0.69752156321222E-01
 0.68292074253146E-01
 0.66932134052817E-01
 0.65501916229745E-01
 0.64047501679236E-01
 0.62657707525345E-01
 0.61208884383597E-01
 0.59943606782781E-01
 0.58578373627569E-01
 0.57167395381621E-01
 0.55821676227252E-01
 0.54661814621526E-01
 0.53636136016156E-01
 0.52430292632894E-01
 0.51400333515087E-01
 0.50339762746471E-01
 0.49405929845427E-01
 0.48505502854500E-01
 0.47577568985530E-01
 0.46775328024670E-01
 0.45966340092954E-01
 0.45231830903699E-01
 0.44584040450146E-01
 0.43853261792662E-01
 0.43243429873872E-01
 0.42675349384812E-01
 0.42121615092471E-01
 0.41548505267852E-01
 0.41004032467129E-01
 0.40548797285637E-01
 0.40121597840406E-01
 0.39728740776480E-01
 0.39290706612498E-01
 0.38774828878745E-01
 0.38505646840560E-01
 0.38167137453566E-01
 0.37834230703868E-01
 0.37529455395907E-01
 0.37117804691844E-01
 0.36901425005083E-01
 0.36620660750511E-01
 0.36334058084344E-01
 0.36147824770258E-01
 0.35795962407864E-01
 0.35516172621239E-01
 0.35382004854432E-01
 0.35087934175437E-01
 0.35075145729498E-01
 0.34936960865517E-01
 0.34776174988522E-01
 0.34296317747358E-01
 0.34084411196374E-01
 0.34001031499776E-01
 0.34035949582722E-01
 0.33815254196422E-01
 0.33528986639060E-01
 0.33512318641867E-01
 0.33251134133516E-01
 0.33218899400902E-01
 0.33045547997584E-01
 0.32827512755156E-01
 0.32770768215151E-01
 0.32678712489463E-01
 0.32630108234597E-01
 0.32741323175642E-01
 0.32611672372766E-01
 0.32406708958796E-01
 0.32051518892413E-01
 0.32177849332347E-01
 0.31932159499966E-01
 0.31958592927952E-01
 0.32000159549979E-01
 0.31967713350403E-01
 0.31862207677353E-01
 0.31698089649612E-01
 0.31571402369688E-01
 0.31433762943343E-01
 0.31343901511721E-01
 0.31339361186951E-01
 0.31337195054943E-01
 0.31248180486842E-01
 0.31185197237011E-01
 0.31172541567027E-01
 0.31124121510233E-01
 0.31085623646782E-01
 0.31001606858891E-01
 0.30956502412829E-01
 0.30934828524937E-01
 0.30870283591687E-01
 0.30794704129200E-01
 0.30792477599390E-01
 0.30745013899709E-01
 0.30688203045271E-01
 0.30594320616086E-01
 0.30540638410243E-01
 0.30567607091321E-01
 0.30557323346271E-01
 0.30390309811953E-01
 0.30334517671169E-01
 0.30265750041715E-01
 0.30289765204154E-01
 0.30345182801904E-01
 0.30419285451370E-01
 0.30272277621883E-01
 0.30233686058443E-01
 0.30220572839986E-01
 0.30239417534320E-01
 0.30245421097537E-01
