 0.25537488316029E+03
 0.25537486155653E+03
 0.25537465857972E+03
 0.25537390700641E+03
 0.25537208109943E+03
 0.25536856120476E+03
 0.25536287719523E+03
 0.25535573629053E+03
 0.25535133750429E+03
 0.25536036629582E+03
 0.25540215211561E+03
 0.25550480986963E+03
 0.25570325357160E+03
 0.25604012831234E+03
 0.25654914566560E+03
 0.25726533632024E+03
 0.25822259060485E+03
 0.25944101451980E+03
 0.26092884599939E+03
 0.26269776884287E+03
 0.26474327095728E+03
 0.26705167139923E+03
 0.26961569521102E+03
 0.27240909044696E+03
 0.27541724308939E+03
 0.27860732348845E+03
 0.28196150256515E+03
 0.28544444588058E+03
 0.28903281936969E+03
 0.29270588698054E+03
 0.29642789938180E+03
 0.30017860962123E+03
 0.30394052961857E+03
 0.30768147759344E+03
 0.31138585229177E+03
 0.31503519799785E+03
 0.31861836495602E+03
 0.32210896712863E+03
 0.32549828754644E+03
 0.32877418379893E+03
 0.33192585304741E+03
 0.33494973947323E+03
 0.33782642697526E+03
 0.34055437765134E+03
 0.34312794216552E+03
 0.34554244827832E+03
 0.34779420402226E+03
 0.34988042145957E+03
 0.35179915278397E+03
 0.35355519580224E+03
 0.35513634570894E+03
 0.35654837840409E+03
 0.35779206633734E+03
 0.35886862875489E+03
 0.35977974636249E+03
 0.36052751230866E+03
 0.36111438627713E+03
 0.36154317065844E+03
 0.36181691824504E+03
 0.36193894970238E+03
 0.36191280209809E+03
 0.36174767798816E+03
 0.36143660447375E+03
 0.36098891410821E+03
 0.36040876930125E+03
 0.35970037439305E+03
 0.35886799728356E+03
 0.35791595326364E+03
 0.35684858750962E+03
 0.35567026145196E+03
 0.35438533648312E+03
 0.35299816098259E+03
 0.35151306141659E+03
 0.34993433134532E+03
 0.34826622180575E+03
 0.34651293078072E+03
 0.34467859984453E+03
 0.34276730421106E+03
 0.34078304702061E+03
 0.33872972194790E+03
 0.33661543564166E+03
 0.33443552590256E+03
 0.33219784108017E+03
 0.32990598318574E+03
 0.32756351521046E+03
 0.32517367944537E+03
 0.32273983510093E+03
 0.32026518273189E+03
 0.31775281154700E+03
 0.31520569452684E+03
 0.31262672149173E+03
 0.31001867431288E+03
 0.30738423326061E+03
 0.30472597647406E+03
 0.30204637699287E+03
 0.29934780644846E+03
 0.29663253312222E+03
 0.29390569802179E+03
 0.29116337228139E+03
 0.28841057730018E+03
 0.28564914020085E+03
 0.28288081898661E+03
 0.28010728228457E+03
 0.27733010664990E+03
 0.27455075521055E+03
 0.27177051745939E+03
 0.26899082121471E+03
 0.26621281445314E+03
 0.26343751381153E+03
 0.26066594958243E+03
 0.25790122917355E+03
 0.25513970797100E+03
 0.25238431658963E+03
 0.24963557929053E+03
 0.24689409873986E+03
 0.24416021982627E+03
 0.24143422674448E+03
 0.23871634062779E+03
 0.23600669102490E+03
 0.23330527776275E+03
 0.23061367862275E+03
 0.22792813818725E+03
 0.22525008421286E+03
 0.22257904747104E+03
 0.21991444339703E+03
 0.21725555393889E+03
 0.21460153947306E+03
 0.21195141944830E+03
 0.20930408040189E+03
 0.20665964212334E+03
 0.20401396997610E+03
 0.20136686359437E+03
 0.19871660488502E+03
 0.19606131921146E+03
 0.19339897305280E+03
 0.19072736312350E+03
 0.18804516849962E+03
 0.18534775155087E+03
 0.18263344353303E+03
 0.17989935173035E+03
 0.17714241627341E+03
 0.17435941010849E+03
 0.17154693646320E+03
 0.16870224449532E+03
 0.16582007129600E+03
 0.16289733441808E+03
 0.15993015779946E+03
 0.15691452399580E+03
 0.15384628519593E+03
 0.15072183610552E+03
 0.14753582693379E+03
 0.14428478868331E+03
 0.14096450633748E+03
 0.13757114106984E+03
 0.13410120010596E+03
 0.13055045592435E+03
 0.12691601940229E+03
 0.12319513693497E+03
 0.11938551563695E+03
 0.11548552705870E+03
 0.11149396711044E+03
 0.10741061042750E+03
 0.10323638314447E+03
 0.98973101780008E+02
 0.94623582978146E+02
 0.90192214333216E+02
 0.85684563493603E+02
 0.81107654656644E+02
 0.76470097589270E+02
 0.71781889824424E+02
 0.67054516566962E+02
 0.62300884067656E+02
 0.57535534985557E+02
 0.52773876593107E+02
 0.48032469427694E+02
 0.43328583924321E+02
 0.38680472390377E+02
 0.34106288296232E+02
 0.29624367976293E+02
 0.25252626464098E+02
 0.21008928137810E+02
 0.16909899892346E+02
 0.12971078544763E+02
 0.92072702213519E+01
 0.56313539465664E+01
 0.22546219797474E+01
-0.91283250711791E+00
-0.38631152571754E+01
-0.65899116330741E+01
-0.90889567055245E+01
-0.11357143055599E+02
-0.13393490049525E+02
-0.15198450846332E+02
-0.16774069469867E+02
-0.18123422484617E+02
-0.19251131517197E+02
-0.20162794783963E+02
-0.20865041489189E+02
-0.21365074989169E+02
-0.21670998117348E+02
-0.21791357111436E+02
-0.21735154208691E+02
-0.21511525387063E+02
-0.21129911070146E+02
-0.20599781201183E+02
-0.19930555187623E+02
-0.19131618535804E+02
-0.18212109217984E+02
-0.17180998647293E+02
-0.16046981246556E+02
-0.14818476015371E+02
-0.13503561710282E+02
-0.12109995471711E+02
-0.10645137189605E+02
-0.91160333515970E+01
-0.75293700861482E+01
-0.58914733877593E+01
-0.42083178514112E+01
-0.24855356513878E+01
-0.72852183914788E+00
 0.10578702920896E+01
 0.28688998501243E+01
 0.47001565442147E+01
 0.65475116604354E+01
 0.84071341612896E+01
 0.10275399226246E+02
 0.12148963537284E+02
 0.14024638068628E+02
 0.15899535093002E+02
 0.17770923434832E+02
 0.19636271603769E+02
 0.21493218047388E+02
 0.23339383304186E+02
 0.25173065686185E+02
 0.26992220322317E+02
 0.28795101557731E+02
 0.30580119486388E+02
 0.32345772443015E+02
 0.34090759616040E+02
 0.35813743788572E+02
 0.37513634519969E+02
 0.39189313112751E+02
 0.40839615063632E+02
 0.42464216122582E+02
 0.44062118992975E+02
 0.45632344840356E+02
 0.47174581839996E+02
 0.48688295854164E+02
 0.50172598005999E+02
 0.51627466244734E+02
 0.53052114003113E+02
 0.54446296956176E+02
 0.55810320635160E+02
 0.57143588858987E+02
 0.58445937090423E+02
 0.59717257922654E+02
 0.60957429696549E+02
 0.62166489417719E+02
 0.63344492725036E+02
 0.64490649327541E+02
 0.65606385627651E+02
 0.66691177791287E+02
 0.67745158322699E+02
 0.68768470742223E+02
 0.69761290484902E+02
 0.70723835818898E+02
 0.71656312541602E+02
 0.72558435355429E+02
 0.73431601192709E+02
 0.74275546451838E+02
 0.75090591556624E+02
 0.75876972547366E+02
 0.76634951090922E+02
 0.77365086175007E+02
 0.78067632875154E+02
 0.78742295615350E+02
 0.79390769923215E+02
 0.80012882638360E+02
 0.80608927883286E+02
 0.81179264242039E+02
 0.81724426209145E+02
 0.82244550746198E+02
 0.82740440415852E+02
 0.83211576463545E+02
 0.83659919856385E+02
 0.84085142758779E+02
 0.84487684921728E+02
 0.84867955768280E+02
 0.85226402583645E+02
 0.85563439778655E+02
 0.85879587074310E+02
 0.86174325123590E+02
 0.86449840452765E+02
 0.86705532186134E+02
 0.86942115015115E+02
 0.87159954416399E+02
 0.87359185588042E+02
 0.87540617186019E+02
 0.87704518222629E+02
 0.87851300383485E+02
