 0.92107344900929E+02
 0.92107344900884E+02
 0.92107344900415E+02
 0.92107344901441E+02
 0.92107344920141E+02
 0.92107345003060E+02
 0.92107345228963E+02
 0.92107345644618E+02
 0.92107346015824E+02
 0.92107345258921E+02
 0.92107340521744E+02
 0.92107326039114E+02
 0.92107291983881E+02
 0.92107297485692E+02
 0.92107248256569E+02
 0.92107132272775E+02
 0.92107017384661E+02
 0.92106864107892E+02
 0.92106574357834E+02
 0.92106237804165E+02
 0.92105801656805E+02
 0.92105176476297E+02
 0.92104455646447E+02
 0.92103511854172E+02
 0.92102439668806E+02
 0.92101104064904E+02
 0.92099603970016E+02
 0.92097806213426E+02
 0.92095745763688E+02
 0.92093482314004E+02
 0.92090873947993E+02
 0.92087964465411E+02
 0.92084815638322E+02
 0.92081289102809E+02
 0.92077435542999E+02
 0.92073249746562E+02
 0.92068793890830E+02
 0.92063933950428E+02
 0.92058725641833E+02
 0.92053167047562E+02
 0.92047255434608E+02
 0.92041054766870E+02
 0.92034435477791E+02
 0.92027456046271E+02
 0.92020115815924E+02
 0.92012413065133E+02
 0.92004345893058E+02
 0.91995912114592E+02
 0.91987109140843E+02
 0.91978001093907E+02
 0.91968453087610E+02
 0.91958523828845E+02
 0.91948208817427E+02
 0.91937501872587E+02
 0.91926395785648E+02
 0.91914882234760E+02
 0.91902951694503E+02
 0.91890593286456E+02
 0.91877794892314E+02
 0.91864542861861E+02
 0.91850821997450E+02
 0.91836682736695E+02
 0.91821974161592E+02
 0.91806740562828E+02
 0.91790960331263E+02
 0.91774609379127E+02
 0.91757661611545E+02
 0.91740088844783E+02
 0.91721860745555E+02
 0.91702944721808E+02
 0.91683305883147E+02
 0.91662906965588E+02
 0.91641708240976E+02
 0.91619667443190E+02
 0.91596739697043E+02
 0.91572877447147E+02
 0.91548030344967E+02
 0.91522145215631E+02
 0.91495165957543E+02
 0.91467033642179E+02
 0.91437754794243E+02
 0.91407127807878E+02
 0.91375150877454E+02
 0.91341752299299E+02
 0.91306842120378E+02
 0.91270367470999E+02
 0.91232233290674E+02
 0.91192352830027E+02
 0.91150635551972E+02
 0.91106986943291E+02
 0.91061308104879E+02
 0.91013495860792E+02
 0.90963442748578E+02
 0.90911036611380E+02
 0.90856160637630E+02
 0.90798692995701E+02
 0.90738506859546E+02
 0.90675540006947E+02
 0.90609517629526E+02
 0.90540363773153E+02
 0.90467930190282E+02
 0.90392062134376E+02
 0.90312598644455E+02
 0.90229372337734E+02
 0.90142209328449E+02
 0.90050929507102E+02
 0.89955344511915E+02
 0.89855259516835E+02
 0.89750472613065E+02
 0.89640773726136E+02
 0.89526014111836E+02
 0.89405832414476E+02
 0.89280061672586E+02
 0.89148460072755E+02
 0.89010775995167E+02
 0.88866751009396E+02
 0.88716117387515E+02
 0.88558598536818E+02
 0.88393908755810E+02
 0.88221753996047E+02
 0.88041871405391E+02
 0.87853869843834E+02
 0.87657470289793E+02
 0.87452345423239E+02
 0.87238160876888E+02
 0.87014574706174E+02
 0.86781238757575E+02
 0.86537798702351E+02
 0.86283894911762E+02
 0.86019227078971E+02
 0.85743305769980E+02
 0.85455822291414E+02
 0.85156406890056E+02
 0.84844690484035E+02
 0.84520306291789E+02
 0.84182890384151E+02
 0.83832139058121E+02
 0.83467588748751E+02
 0.83088949091853E+02
 0.82695884594857E+02
 0.82288070452506E+02
 0.81865195577693E+02
 0.81426960748358E+02
 0.80973135716701E+02
 0.80503352867070E+02
 0.80017412179822E+02
 0.79515082845747E+02
 0.78996151907305E+02
 0.78460427308279E+02
 0.77907781771188E+02
 0.77337973698346E+02
 0.76750913823754E+02
 0.76146456035038E+02
 0.75524571513059E+02
 0.74885196458361E+02
 0.74228204446263E+02
 0.73553601632066E+02
 0.72861377616230E+02
 0.72151542280312E+02
 0.71424163682290E+02
 0.70679238854485E+02
 0.69916879786564E+02
 0.69137204155302E+02
 0.68340380421113E+02
 0.67526536729885E+02
 0.66695911769946E+02
 0.65848770313475E+02
 0.64985430210696E+02
 0.64106204763858E+02
 0.63211526519725E+02
 0.62301874573393E+02
 0.61377805592940E+02
 0.60439908380919E+02
 0.59488897158343E+02
 0.58525558793605E+02
 0.57550786734951E+02
 0.56565528402081E+02
 0.55570869456941E+02
 0.54567986348497E+02
 0.53558163397792E+02
 0.52542742332114E+02
 0.51523206149368E+02
 0.50501100426906E+02
 0.49478028600280E+02
 0.48455676017480E+02
 0.47435771493291E+02
 0.46420053017193E+02
 0.45410276396907E+02
 0.44408201210732E+02
 0.43415495636042E+02
 0.42433815938608E+02
 0.41464735785932E+02
 0.40509730607357E+02
 0.39570168980462E+02
 0.38647287824898E+02
 0.37742199549726E+02
 0.36855877048266E+02
 0.35989152328197E+02
 0.35142710072116E+02
 0.34316858907305E+02
 0.33512487602569E+02
 0.32729651348815E+02
 0.31968513919027E+02
 0.31229132449952E+02
 0.30511461867442E+02
 0.29815367375371E+02
 0.29140634312085E+02
 0.28486977626874E+02
 0.27854053314152E+02
 0.27241467326531E+02
 0.26648784236575E+02
 0.26075533974059E+02
 0.25521220992587E+02
 0.24985329272341E+02
 0.24467329224600E+02
 0.23966681927755E+02
 0.23482844060308E+02
 0.23015271176824E+02
 0.22563421773134E+02
 0.22126763288056E+02
 0.21704758553700E+02
 0.21296892661822E+02
 0.20902657109365E+02
 0.20521555493595E+02
 0.20153104728261E+02
 0.19796835486545E+02
 0.19452292199013E+02
 0.19119034629126E+02
 0.18796636691682E+02
 0.18484687270058E+02
 0.18182790301561E+02
 0.17890563695256E+02
 0.17607640035106E+02
 0.17333666396268E+02
 0.17068302898419E+02
 0.16811223414902E+02
 0.16562114701559E+02
 0.16320675788464E+02
 0.16086618761988E+02
 0.15859667252446E+02
 0.15639555590021E+02
 0.15426029237472E+02
 0.15218844730066E+02
 0.15017768774901E+02
 0.14822577128564E+02
 0.14633055110760E+02
 0.14448996730947E+02
 0.14270204637043E+02
 0.14096489976877E+02
 0.13927671569673E+02
 0.13763575766638E+02
 0.13604035621276E+02
 0.13448891601024E+02
 0.13297990201684E+02
 0.13151184630793E+02
 0.13008333972673E+02
 0.12869302945242E+02
 0.12733961604461E+02
 0.12602185376845E+02
 0.12473854499443E+02
 0.12348854132846E+02
 0.12227074035134E+02
 0.12108408201209E+02
 0.11992754758087E+02
 0.11880015870713E+02
 0.11770097449791E+02
 0.11662909093594E+02
 0.11558363545553E+02
 0.11456377550814E+02
 0.11356870490990E+02
 0.11259764931917E+02
 0.11164986350259E+02
 0.11072463001424E+02
 0.10982125730206E+02
 0.10893908034139E+02
 0.10807745732458E+02
 0.10723577286847E+02
 0.10641343031979E+02
 0.10560985586227E+02
 0.10482449660547E+02
 0.10405681847823E+02
 0.10330630739240E+02
 0.10257246666280E+02
 0.10185481623028E+02
 0.10115289562570E+02
 0.10046625723550E+02
 0.99794470254862E+01
 0.99137118122590E+01
 0.98493798693500E+01
 0.97864123554557E+01
 0.97247716280626E+01
 0.96644213188684E+01
 0.96053265709515E+01
 0.95474533363185E+01
 0.94907687668003E+01
 0.94352410971728E+01
 0.93808396319513E+01
 0.93275346384670E+01
 0.92752973489323E+01
 0.92240998992003E+01
