 0.64908541143723E+01
 0.64908541137208E+01
 0.64908541065119E+01
 0.64908540756200E+01
 0.64908539911109E+01
 0.64908538111276E+01
 0.64908534823001E+01
 0.64908529376264E+01
 0.64908520886213E+01
 0.64908508084724E+01
 0.64908489064830E+01
 0.64908460987456E+01
 0.64908419820747E+01
 0.64908317339002E+01
 0.64908189505881E+01
 0.64908019933723E+01
 0.64907741514745E+01
 0.64907345317626E+01
 0.64906852998491E+01
 0.64906174732918E+01
 0.64905301238050E+01
 0.64904243177073E+01
 0.64902904437906E+01
 0.64901316739614E+01
 0.64899383263707E+01
 0.64897141071081E+01
 0.64894492595475E+01
 0.64891476168293E+01
 0.64888033945641E+01
 0.64884095224761E+01
 0.64879708940506E+01
 0.64874817391633E+01
 0.64869354651506E+01
 0.64863374064441E+01
 0.64856820639893E+01
 0.64849674376831E+01
 0.64841877884668E+01
 0.64833491775679E+01
 0.64824467228960E+01
 0.64814791655579E+01
 0.64804455197117E+01
 0.64793410451704E+01
 0.64781727289528E+01
 0.64769365755306E+01
 0.64756322919687E+01
 0.64742598260312E+01
 0.64728193001306E+01
 0.64713110041935E+01
 0.64697353900518E+01
 0.64680889852881E+01
 0.64663804858875E+01
 0.64646069594019E+01
 0.64627693771412E+01
 0.64608688778107E+01
 0.64589067141083E+01
 0.64568842444344E+01
 0.64548029252347E+01
 0.64526643058914E+01
 0.64504700142036E+01
 0.64482217577886E+01
 0.64459213153098E+01
 0.64435663289609E+01
 0.64411669609480E+01
 0.64387211432252E+01
 0.64362308476026E+01
 0.64336981249323E+01
 0.64311250671915E+01
 0.64285138040576E+01
 0.64258664991382E+01
 0.64231853483377E+01
 0.64204725758661E+01
 0.64177304318656E+01
 0.64149611911295E+01
 0.64121671511945E+01
 0.64093506305849E+01
 0.64065139670907E+01
 0.64036595181633E+01
 0.64007896582547E+01
 0.63979067786882E+01
 0.63950132780870E+01
 0.63921071080797E+01
 0.63891995566321E+01
 0.63862887378997E+01
 0.63833771000793E+01
 0.63804675786634E+01
 0.63775618580181E+01
 0.63746628464214E+01
 0.63717730881415E+01
 0.63688951418610E+01
 0.63660315851539E+01
 0.63631850231443E+01
 0.63603580812661E+01
 0.63575534031960E+01
 0.63547736610208E+01
 0.63520215501640E+01
 0.63492997964463E+01
 0.63466111525976E+01
 0.63439537532757E+01
 0.63413395602515E+01
 0.63387669468073E+01
 0.63362387655547E+01
 0.63337579395537E+01
 0.63313274268780E+01
 0.63289502321159E+01
 0.63266293965090E+01
 0.63243679827010E+01
 0.63221691616451E+01
 0.63200360979471E+01
 0.63179720063329E+01
 0.63159801686109E+01
 0.63140592180478E+01
 0.63122217550773E+01
 0.63104666636032E+01
 0.63087973916493E+01
 0.63072175029959E+01
 0.63057305409753E+01
 0.63043401034376E+01
 0.63030498487241E+01
 0.63018634852146E+01
 0.63007847483685E+01
 0.62998133758530E+01
 0.62989610353846E+01
 0.62982276350437E+01
 0.62976169646091E+01
 0.62971328090887E+01
 0.62967789436976E+01
 0.62965591101809E+01
 0.62964770099368E+01
 0.62965362911139E+01
 0.62967360396828E+01
 0.62970884788369E+01
 0.62975926815236E+01
 0.62982518640826E+01
 0.62990690896569E+01
 0.63000472371407E+01
 0.63011889975483E+01
 0.63024927062399E+01
 0.63039687441098E+01
 0.63056151127005E+01
 0.63074335281792E+01
 0.63094254392332E+01
 0.63115919790283E+01
 0.63139340285290E+01
 0.63164481814710E+01
 0.63191424290769E+01
 0.63220129720617E+01
 0.63250595645119E+01
 0.63282816809816E+01
 0.63316785397693E+01
 0.63352455539487E+01
 0.63389887203923E+01
 0.63429034490578E+01
 0.63469889397341E+01
 0.63512429400188E+01
 0.63556614655414E+01
 0.63602497828585E+01
 0.63650038650573E+01
 0.63699231405069E+01
 0.63750073504471E+01
 0.63802535456387E+01
 0.63856681732644E+01
 0.63912495296082E+01
 0.63969994065457E+01
 0.64029178118012E+01
 0.64090129914591E+01
 0.64152868764224E+01
 0.64217444130172E+01
 0.64283897527093E+01
 0.64352346102432E+01
 0.64422851948350E+01
 0.64495508494050E+01
 0.64570405004330E+01
 0.64647697680276E+01
 0.64727498013867E+01
 0.64809946201336E+01
 0.64895174808478E+01
 0.64983375483887E+01
 0.65074696197786E+01
 0.65169304971194E+01
 0.65267357213181E+01
 0.65369052476730E+01
 0.65474538582624E+01
 0.65583960587088E+01
 0.65697487900100E+01
 0.65815236742416E+01
 0.65937304923667E+01
 0.66063796209322E+01
 0.66194763539902E+01
 0.66330229915855E+01
 0.66470192072253E+01
 0.66614629696081E+01
 0.66763465555380E+01
 0.66916598473309E+01
 0.67073887519806E+01
 0.67235182202749E+01
 0.67400283599053E+01
 0.67568974099188E+01
 0.67741008878003E+01
 0.67916141127706E+01
 0.68094094876050E+01
 0.68274583787703E+01
 0.68457315572815E+01
 0.68642004674683E+01
 0.68828352503151E+01
 0.69016066859822E+01
 0.69204862027648E+01
 0.69394453186886E+01
 0.69584574192691E+01
 0.69774961457034E+01
 0.69965364419161E+01
 0.70155543881619E+01
 0.70345274344023E+01
 0.70534342275710E+01
 0.70722548272657E+01
 0.70909704739597E+01
 0.71095637303539E+01
 0.71280183318636E+01
 0.71463193353859E+01
 0.71644529506957E+01
 0.71824064322345E+01
 0.72001682963876E+01
 0.72177278722059E+01
 0.72350755030296E+01
 0.72522025116101E+01
 0.72691010464394E+01
 0.72857640973142E+01
 0.73021854155717E+01
 0.73183594162424E+01
 0.73342812886282E+01
 0.73499468250133E+01
 0.73653523457540E+01
 0.73804947562905E+01
 0.73953716005460E+01
 0.74099804884358E+01
 0.74243199298361E+01
 0.74383886620425E+01
 0.74521858289199E+01
 0.74657109669551E+01
 0.74789638568197E+01
 0.74919445577501E+01
 0.75046537644589E+01
 0.75170919737496E+01
 0.75292602554896E+01
 0.75411594643346E+01
 0.75527912143055E+01
 0.75641569558707E+01
 0.75752585678777E+01
 0.75860980026730E+01
 0.75966771303733E+01
 0.76069983237945E+01
 0.76170638045129E+01
 0.76268761931514E+01
 0.76364378737672E+01
 0.76457516277643E+01
 0.76548201553679E+01
 0.76636462880270E+01
 0.76722328937070E+01
 0.76805830018185E+01
 0.76886996286801E+01
 0.76965858926247E+01
 0.77042448292868E+01
 0.77116796367707E+01
 0.77188935160945E+01
 0.77258897013572E+01
 0.77326714438786E+01
 0.77392420222390E+01
 0.77456047055560E+01
 0.77517629019820E+01
 0.77577197633212E+01
 0.77634786676716E+01
 0.77690429314642E+01
 0.77744158540172E+01
 0.77796007429627E+01
 0.77846009134977E+01
 0.77894196469527E+01
 0.77940602547558E+01
 0.77985258934263E+01
 0.78028198777541E+01
 0.78069454210844E+01
 0.78109057141695E+01
 0.78147039582284E+01
 0.78183432823572E+01
 0.78218268230104E+01
 0.78251577139363E+01
 0.78283389618909E+01
 0.78313736474036E+01
 0.78342647547703E+01
 0.78370152975681E+01
 0.78396282101434E+01
 0.78421063947397E+01
 0.78444527629064E+01
 0.78466701693984E+01
 0.78487613495187E+01
 0.78507290862029E+01
 0.78525761706484E+01
 0.78543053007252E+01
 0.78559190872429E+01
 0.78574201751539E+01
 0.78588111497423E+01
 0.78600945413164E+01
