 0.10893712363211E+00
 0.10893712363193E+00
 0.10893712362771E+00
 0.10893712359943E+00
 0.10893712349875E+00
 0.10893712324873E+00
 0.10893712275576E+00
 0.10893712195399E+00
 0.10893712095019E+00
 0.10893712035517E+00
 0.10893712183016E+00
 0.10893712877837E+00
 0.10893714704520E+00
 0.10893699927914E+00
 0.10893688372338E+00
 0.10893678064253E+00
 0.10893645820293E+00
 0.10893594494827E+00
 0.10893540870703E+00
 0.10893453802978E+00
 0.10893337505132E+00
 0.10893205081012E+00
 0.10893023503842E+00
 0.10892815271560E+00
 0.10892547259100E+00
 0.10892244273865E+00
 0.10891872932458E+00
 0.10891458421866E+00
 0.10890984327713E+00
 0.10890428520172E+00
 0.10889820492977E+00
 0.10889143048898E+00
 0.10888376044717E+00
 0.10887549061895E+00
 0.10886645940333E+00
 0.10885664479123E+00
 0.10884586382742E+00
 0.10883442590415E+00
 0.10882217254788E+00
 0.10880909220982E+00
 0.10879517824716E+00
 0.10878026217053E+00
 0.10876465422560E+00
 0.10874820109198E+00
 0.10873089634155E+00
 0.10871273595912E+00
 0.10869371561134E+00
 0.10867383031554E+00
 0.10865307415462E+00
 0.10863127673898E+00
 0.10860874854699E+00
 0.10858532561427E+00
 0.10856099392728E+00
 0.10853573915405E+00
 0.10850954460296E+00
 0.10848239097993E+00
 0.10845425617716E+00
 0.10842511492474E+00
 0.10839493904964E+00
 0.10836369680825E+00
 0.10833135284092E+00
 0.10829770914992E+00
 0.10826303579373E+00
 0.10822713255376E+00
 0.10818994656167E+00
 0.10815142171638E+00
 0.10811149727471E+00
 0.10807010764629E+00
 0.10802718225879E+00
 0.10798264531077E+00
 0.10793641568942E+00
 0.10788840680469E+00
 0.10783852638988E+00
 0.10778667634204E+00
 0.10773275257055E+00
 0.10767664484721E+00
 0.10761823656003E+00
 0.10755740465505E+00
 0.10749401942473E+00
 0.10742794476111E+00
 0.10735888084944E+00
 0.10728698501595E+00
 0.10721194754440E+00
 0.10713360188234E+00
 0.10705174089557E+00
 0.10696624445960E+00
 0.10687689457130E+00
 0.10678349289909E+00
 0.10668583290955E+00
 0.10658369941218E+00
 0.10647686766626E+00
 0.10636510370253E+00
 0.10624816438670E+00
 0.10612579655495E+00
 0.10599773720060E+00
 0.10586371272810E+00
 0.10572343912471E+00
 0.10557646957133E+00
 0.10542279865696E+00
 0.10526196021226E+00
 0.10509362543398E+00
 0.10491745344614E+00
 0.10473309104893E+00
 0.10454017244531E+00
 0.10433831928192E+00
 0.10412714150587E+00
 0.10390623301059E+00
 0.10367517596078E+00
 0.10343353974872E+00
 0.10318087879247E+00
 0.10291658113643E+00
 0.10264047478215E+00
 0.10235192614235E+00
 0.10205043511290E+00
 0.10173548566736E+00
 0.10140655261978E+00
 0.10106309642333E+00
 0.10070456479218E+00
 0.10033039279991E+00
 0.99940005309124E-01
 0.99532606052826E-01
 0.99108010573179E-01
 0.98665418666502E-01
 0.98204221809355E-01
 0.97723808852866E-01
 0.97223565251385E-01
 0.96702877125581E-01
 0.96161132375385E-01
 0.95597723700426E-01
 0.95011898930277E-01
 0.94403375059591E-01
 0.93771432134691E-01
 0.93115517356841E-01
 0.92435101852595E-01
 0.91729684989493E-01
 0.90998796656745E-01
 0.90241849074589E-01
 0.89458742851411E-01
 0.88648984704429E-01
 0.87812272979871E-01
 0.86948358187531E-01
 0.86057049792811E-01
 0.85138212836221E-01
 0.84191628614238E-01
 0.83217587890798E-01
 0.82216009939110E-01
 0.81187028243757E-01
 0.80130845127357E-01
 0.79047737391077E-01
 0.77937905145588E-01
 0.76802055070237E-01
 0.75640536846421E-01
 0.74453845005452E-01
 0.73242733817188E-01
 0.72007702985325E-01
 0.70749788512416E-01
 0.69469690891296E-01
 0.68168305848274E-01
 0.66846591500885E-01
 0.65505443886837E-01
 0.64146215701422E-01
 0.62769931778917E-01
 0.61377825085517E-01
 0.59971064622357E-01
 0.58551251161354E-01
 0.57119701550126E-01
 0.55677937336279E-01
 0.54227421048937E-01
 0.52770031039202E-01
 0.51307406178836E-01
 0.49841378091161E-01
 0.48373745298203E-01
 0.46906699339045E-01
 0.45442207147430E-01
 0.43982412456079E-01
 0.42529437515852E-01
 0.41085739113890E-01
 0.39653553257531E-01
 0.38235249299386E-01
 0.36833129787013E-01
 0.35449739686024E-01
 0.34087384350044E-01
 0.32748306722932E-01
 0.31434911092141E-01
 0.30149290160253E-01
 0.28893423498940E-01
 0.27669327819940E-01
 0.26478655995582E-01
 0.25322951441661E-01
 0.24203420811911E-01
 0.23121269199692E-01
 0.22077280671519E-01
 0.21072049388210E-01
 0.20105881815228E-01
 0.19178984720808E-01
 0.18291201639063E-01
 0.17442213006623E-01
 0.16631467270729E-01
 0.15858351746829E-01
 0.15121985434762E-01
 0.14421410096660E-01
 0.13755513980678E-01
 0.13123194155459E-01
 0.12523193381846E-01
 0.11954237076120E-01
 0.11415021657134E-01
 0.10904205971062E-01
 0.10420518409893E-01
 0.99626275694094E-02
 0.95292470513648E-02
 0.91191190426190E-02
 0.87310200075278E-02
 0.83637669606878E-02
 0.80162201100263E-02
 0.76872861789604E-02
 0.73759194797992E-02
 0.70811230690038E-02
 0.68019485858992E-02
 0.65374963641152E-02
 0.62869359686467E-02
 0.60494175534096E-02
 0.58242029543919E-02
 0.56105749442940E-02
 0.54078579286565E-02
 0.52154162672345E-02
 0.50326522478221E-02
 0.48590039359453E-02
 0.46939439216695E-02
 0.45369767677298E-02
 0.43876375805471E-02
 0.42454903051762E-02
 0.41101255808882E-02
 0.39811779808223E-02
 0.38582503649369E-02
 0.37410236557359E-02
 0.36291810408211E-02
 0.35224252106860E-02
 0.34204770426590E-02
 0.33230749233788E-02
 0.32299731739465E-02
 0.31409408482333E-02
 0.30557611161412E-02
 0.29742483506095E-02
 0.28961752177057E-02
 0.28213799720464E-02
 0.27496934723636E-02
 0.26809564950386E-02
 0.26150192361145E-02
 0.25517406696772E-02
 0.24909882678067E-02
 0.24326368487341E-02
 0.23765858149749E-02
 0.23226888045444E-02
 0.22708586502552E-02
 0.22209964817893E-02
 0.21730088958191E-02
 0.21268076528404E-02
 0.20823093420617E-02
 0.20394351713655E-02
 0.19981279208901E-02
 0.19582820401729E-02
 0.19198485227231E-02
 0.18827641144557E-02
 0.18469692124298E-02
 0.18124069987444E-02
 0.17790237152518E-02
 0.17467683977335E-02
 0.17156097753346E-02
 0.16854673511003E-02
 0.16563149859829E-02
 0.16281113422442E-02
 0.16008169574969E-02
 0.15743946927812E-02
 0.15488088361254E-02
 0.15240255648116E-02
 0.15000296693994E-02
 0.14767561990393E-02
 0.14541931968116E-02
 0.14323129194087E-02
 0.14110888617377E-02
 0.13904955979238E-02
 0.13705092945625E-02
 0.13511068056910E-02
 0.13322830309236E-02
 0.13139829837719E-02
 0.12962037099928E-02
 0.12789261766780E-02
 0.12621320901704E-02
 0.12458039661009E-02
 0.12299249498343E-02
 0.12144792950358E-02
 0.11994683531936E-02
 0.11848436146406E-02
 0.11706079960968E-02
 0.11567481584373E-02
 0.11432512126050E-02
 0.11301048126775E-02
 0.11172971142917E-02
 0.11048167602854E-02
 0.10926527138231E-02
