 0.10000000133514E-09
 0.10000000133514E-09
 0.10000000133514E-09
 0.10000000133514E-09
 0.10000000133514E-09
 0.10000000133514E-09
 0.10000000133514E-09
 0.10000000133514E-09
 0.10000000133514E-09
 0.10000000133514E-09
 0.10000000133514E-09
 0.10000000133514E-09
 0.10000000133514E-09
 0.10000000133514E-09
 0.10000000133514E-09
 0.10000000133514E-09
 0.10000000133514E-09
 0.10000000133514E-09
 0.10000000133514E-09
 0.10000000133514E-09
 0.10000000133514E-09
 0.10000000133514E-09
 0.10000000133514E-09
 0.10000000133514E-09
 0.10000000133514E-09
 0.10000000133514E-09
 0.10000000133514E-09
 0.10000000133514E-09
 0.10000000133514E-09
 0.37375501217269E-04
 0.37375501217269E-04
 0.68856929205150E-04
 0.68856929205150E-04
 0.11809184803188E-03
 0.15115184157054E-03
 0.19086972401649E-03
 0.23805832871539E-03
 0.29355751280055E-03
 0.35822854946639E-03
 0.43295097475366E-03
 0.51861883613009E-03
 0.61613657368755E-03
 0.72641810169330E-03
 0.85038176486864E-03
 0.98894971548468E-03
 0.11430461872424E-02
 0.13135962695094E-02
 0.15015240440315E-02
 0.17077523513289E-02
 0.19332014721677E-02
 0.21787924243527E-02
 0.24454410981733E-02
 0.27340610002212E-02
 0.30455627723860E-02
 0.33808550094082E-02
 0.37408440838460E-02
 0.41264358219372E-02
 0.45385323804394E-02
 0.49780344746996E-02
 0.54458419318210E-02
 0.59428541065317E-02
 0.64699675708008E-02
 0.70280872526236E-02
 0.76181117612480E-02
 0.82409419210336E-02
 0.88974801510172E-02
 0.95886326902919E-02
 0.10315308409792E-01
 0.11078418179153E-01
 0.11878880662657E-01
 0.12717618057965E-01
 0.13595559020096E-01
 0.14513638270437E-01
 0.15472798970230E-01
 0.16473992001663E-01
 0.17518178082699E-01
 0.18606333317833E-01
 0.19739440688977E-01
 0.20918496532758E-01
 0.22144513085868E-01
 0.23418513993908E-01
 0.24741540184482E-01
 0.26114659311740E-01
 0.27538953576535E-01
 0.29018298840878E-01
 0.30548607850912E-01
 0.32133490882614E-01
 0.33774132884131E-01
 0.35471725565003E-01
 0.37227485087684E-01
 0.39042677139438E-01
 0.40918594660352E-01
 0.42856544789057E-01
 0.44857880313440E-01
 0.46923976120281E-01
 0.49056257480004E-01
 0.51256179064052E-01
 0.53525219890257E-01
 0.55864937944976E-01
 0.58276884583372E-01
 0.60762666594674E-01
 0.63323926484162E-01
 0.65962349294942E-01
 0.68679665038520E-01
 0.71477633513823E-01
 0.74358068665386E-01
 0.77322772594885E-01
 0.80373647394057E-01
 0.83512587423011E-01
 0.86741528730383E-01
 0.90062420319351E-01
 0.93477281465473E-01
 0.96988074410317E-01
 0.10059682174694E+00
 0.10430557329436E+00
 0.10811631946018E+00
 0.11203105369204E+00
 0.11605176313339E+00
 0.12018040088953E+00
 0.12441887447984E+00
 0.12877044194486E+00
 0.13323424796279E+00
 0.13781322647992E+00
 0.14250897042547E+00
 0.14732291735255E+00
 0.15225638457921E+00
 0.15731049883050E+00
 0.16248621544549E+00
 0.16778427725327E+00
 0.17320512846239E+00
 0.17874901681268E+00
 0.18441586417892E+00
 0.19020528566424E+00
 0.19611653952691E+00
 0.20214849803447E+00
 0.20829966376578E+00
 0.21456815965932E+00
 0.22095168487174E+00
 0.22744745887961E+00
 0.23405228947904E+00
 0.24076254775853E+00
 0.24757412954671E+00
 0.25448256178948E+00
 0.26148286150957E+00
 0.26856972714851E+00
 0.27573745479616E+00
 0.28297998638770E+00
 0.29029096540413E+00
 0.29766374898897E+00
 0.30509146548732E+00
 0.31256711552533E+00
 0.32008350655658E+00
 0.32763421106055E+00
 0.33521036318072E+00
 0.34280546026361E+00
 0.35041228553062E+00
 0.35802374709150E+00
 0.36563286570983E+00
 0.37323289584520E+00
 0.38081723515762E+00
 0.38837953457950E+00
 0.39591376515588E+00
 0.40341402922616E+00
 0.41087479410327E+00
 0.41829079999682E+00
 0.42565709189763E+00
 0.43296892154754E+00
 0.44022200792261E+00
 0.44741227624117E+00
 0.45453593723830E+00
 0.46158947316962E+00
 0.46856965768744E+00
 0.47547349652483E+00
 0.48229826890197E+00
 0.48904148981563E+00
 0.49570089234612E+00
 0.50227444763578E+00
 0.50876036157893E+00
 0.51515700619045E+00
 0.52146297200464E+00
 0.52767722249392E+00
 0.53379865313649E+00
 0.53982659321430E+00
 0.54576050267230E+00
 0.55160006662459E+00
 0.55734515303927E+00
 0.56299586248136E+00
 0.56855250223026E+00
 0.57401530139035E+00
 0.57938559989682E+00
 0.58466399925970E+00
 0.58985160542347E+00
 0.59494967449708E+00
 0.59995963369602E+00
 0.60488305025916E+00
 0.60972162384108E+00
 0.61447713200556E+00
 0.61915143964061E+00
 0.62374647871654E+00
 0.62826431903704E+00
 0.63270673606518E+00
 0.63707584130885E+00
 0.64137362980103E+00
 0.64560207233170E+00
 0.64976311552388E+00
 0.65385865126615E+00
 0.65789054211583E+00
 0.66186058708186E+00
 0.66577053030367E+00
 0.66962205432533E+00
 0.67341677708065E+00
 0.67715625567475E+00
 0.68084198289556E+00
 0.68447538658991E+00
 0.68805783054103E+00
 0.69159062431614E+00
 0.69507501927723E+00
 0.69851221130394E+00
 0.70190333745814E+00
 0.70524935450090E+00
 0.70855158338005E+00
 0.71181086851055E+00
 0.71502816541744E+00
 0.71820439191997E+00
 0.72134041455217E+00
 0.72443706873761E+00
 0.72749515896089E+00
 0.73051546031626E+00
 0.73349871961575E+00
 0.73644564411368E+00
 0.73935691956168E+00
 0.74223320995260E+00
 0.74507515682722E+00
 0.74788337663616E+00
 0.75065846536885E+00
 0.75340100120351E+00
 0.75611154328774E+00
 0.75879063548365E+00
 0.76143880252695E+00
 0.76405655488621E+00
 0.76664438693506E+00
 0.76920278344996E+00
 0.77173221214127E+00
 0.77423313044055E+00
 0.77670598314172E+00
 0.77915120632333E+00
 0.78156922150297E+00
 0.78396044360389E+00
 0.78632527497300E+00
 0.78866410833487E+00
 0.79097733099913E+00
 0.79326531852384E+00
 0.79552844165881E+00
 0.79776706005819E+00
 0.79998152765632E+00
 0.80217218980515E+00
 0.80433938484096E+00
 0.80648344716240E+00
 0.80860470061104E+00
 0.81070346337950E+00
 0.81278005455907E+00
 0.81483477566110E+00
 0.81686792938977E+00
 0.81887981481553E+00
 0.82087072008594E+00
 0.82284093082829E+00
 0.82479072729834E+00
 0.82672038701028E+00
 0.82863017887029E+00
 0.83052036919539E+00
 0.83239121824055E+00
 0.83424298429901E+00
 0.83607591983968E+00
 0.83789027264177E+00
 0.83968628636921E+00
 0.84146420161873E+00
 0.84322425433935E+00
 0.84496667769039E+00
 0.84669169929470E+00
 0.84839954337053E+00
 0.85009043119548E+00
 0.85176458200682E+00
 0.85342220862597E+00
 0.85506352183157E+00
 0.85668872934794E+00
 0.85829803671988E+00
 0.85989164207640E+00
 0.86146974453926E+00
 0.86303253889551E+00
 0.86458021711228E+00
 0.86611296829961E+00
 0.86763097811812E+00
 0.86913442945434E+00
 0.87062350223621E+00
 0.87209837501386E+00
 0.87355922201464E+00
 0.87500621611205E+00
 0.87643952649240E+00
 0.87785932118592E+00
 0.87926576378432E+00
