 0.00000000000000E+00
 0.00000000000000E+00
 0.00000000000000E+00
 0.00000000000000E+00
 0.10850394210524E-35
 0.23060666602043E-31
 0.28437478165335E-28
 0.59177418888227E-26
 0.37605524973363E-24
 0.10416675613389E-22
 0.15773914141265E-21
 0.15186244088756E-20
 0.10319421976699E-19
 0.53331221883426E-19
 0.22141367792468E-18
 0.76941242146368E-18
 0.23093447076451E-17
 0.61349477919024E-17
 0.14707890085483E-16
 0.32331713395736E-16
 0.66108006746391E-16
 0.12773455929423E-15
 0.23880264748822E-15
 0.44994974348646E-15
 0.90848257771979E-15
 0.20757283763837E-14
 0.53585377873680E-14
 0.14778274845849E-13
 0.41021800479137E-13
 0.17684503456619E-08
 0.24411002728241E-08
 0.60843252634827E-08
 0.80841867069678E-08
 0.18116740027168E-07
 0.29847295657182E-07
 0.47845653966705E-07
 0.74796136594343E-07
 0.11426016051498E-06
 0.17087559419687E-06
 0.25057950043837E-06
 0.36085478120635E-06
 0.51099995963044E-06
 0.71241756468416E-06
 0.97892884927079E-06
 0.13271019293787E-05
 0.17766006130317E-05
 0.23505491008172E-05
 0.30759098404922E-05
 0.39838767715023E-05
 0.51102886932861E-05
 0.64960159361948E-05
 0.81874261099264E-05
 0.10236791330429E-04
 0.12702736129222E-04
 0.15650689297591E-04
 0.19153338344186E-04
 0.23291098600513E-04
 0.28152562199939E-04
 0.33834975777439E-04
 0.40444715726127E-04
 0.48097766056377E-04
 0.56920281715905E-04
 0.67048759969147E-04
 0.78630975990503E-04
 0.91826169636512E-04
 0.10680561023179E-03
 0.12375310977061E-03
 0.14286549966923E-03
 0.16435310808731E-03
 0.18844033191476E-03
 0.21536607485898E-03
 0.24538428551356E-03
 0.27876445026155E-03
 0.31579213748710E-03
 0.35676949177173E-03
 0.40201578582439E-03
 0.45186806933832E-03
 0.50668151044397E-03
 0.56683006640457E-03
 0.63270709651039E-03
 0.70472695206923E-03
 0.78332122926590E-03
 0.86894613243295E-03
 0.96207855216187E-03
 0.10633157858073E-02
 0.11730014415098E-02
 0.12917650546933E-02
 0.14201782771791E-02
 0.15588373898498E-02
 0.17083646333972E-02
 0.18694100870675E-02
 0.20426515747746E-02
 0.22287948038032E-02
 0.24285756689633E-02
 0.26427599952260E-02
 0.28721459162167E-02
 0.31175637670916E-02
 0.33798813808897E-02
 0.36599901289673E-02
 0.39588276704240E-02
 0.42773652854000E-02
 0.46166120972799E-02
 0.49776167360379E-02
 0.53614687689368E-02
 0.57692988929044E-02
 0.62022819728426E-02
 0.66616334431833E-02
 0.71486192010128E-02
 0.76645485769112E-02
 0.82107797068878E-02
 0.87887288400291E-02
 0.93998361065785E-02
 0.10045615250993E-01
 0.10727626516421E-01
 0.11447484962607E-01
 0.12206852675077E-01
 0.13007446287502E-01
 0.13851037003325E-01
 0.14739448881416E-01
 0.15674558088243E-01
 0.16658480816458E-01
 0.17692846438350E-01
 0.18779844841426E-01
 0.19921549933786E-01
 0.21120074883490E-01
 0.22377575925483E-01
 0.23696242008343E-01
 0.25078295595586E-01
 0.26525985060964E-01
 0.28041593332546E-01
 0.29627355172892E-01
 0.31285573241325E-01
 0.33018525614335E-01
 0.34828474789471E-01
 0.36717656878733E-01
 0.38688277787412E-01
 0.40742533554807E-01
 0.42882481382089E-01
 0.45110188203641E-01
 0.47427623936942E-01
 0.49836674393818E-01
 0.52339123253320E-01
 0.54936662457194E-01
 0.57630886908448E-01
 0.60423188184095E-01
 0.63314923139026E-01
 0.66307282287188E-01
 0.69401324491881E-01
 0.72597965096818E-01
 0.75898013909083E-01
 0.79302045153057E-01
 0.82810581293108E-01
 0.86424187063637E-01
 0.90142682109338E-01
 0.93966368377601E-01
 0.97895114578564E-01
 0.10192875802589E+00
 0.10606695766240E+00
 0.11030924582035E+00
 0.11465502752512E+00
 0.11910344700153E+00
 0.12365361876659E+00
 0.12830439957417E+00
 0.13305451880332E+00
 0.13790239400768E+00
 0.14284631459611E+00
 0.14788425501966E+00
 0.15301400016916E+00
 0.15823291065196E+00
 0.16353809832025E+00
 0.16892626619902E+00
 0.17439375847652E+00
 0.17993638035796E+00
 0.18554956391253E+00
 0.19122820890462E+00
 0.19696670625347E+00
 0.20275883925990E+00
 0.20859791062739E+00
 0.21447662129722E+00
 0.22038715362822E+00
 0.22632115789024E+00
 0.23226975352896E+00
 0.23822372481754E+00
 0.24417339218090E+00
 0.25010886027982E+00
 0.25602003991701E+00
 0.26189672725416E+00
 0.26772881301981E+00
 0.27350623062754E+00
 0.27921954406128E+00
 0.28485935028378E+00
 0.29041691451464E+00
 0.29588409576442E+00
 0.30125346110354E+00
 0.30651831007992E+00
 0.31167278315329E+00
 0.31671183338360E+00
 0.32163126823820E+00
 0.32642770527000E+00
 0.33109970411467E+00
 0.33564330871651E+00
 0.34005852969703E+00
 0.34434497528976E+00
 0.34850288422383E+00
 0.35253304567336E+00
 0.35643673312389E+00
 0.36021566244268E+00
 0.36387189758914E+00
 0.36740782856717E+00
 0.37082609580633E+00
 0.37412954661540E+00
 0.37732119323122E+00
 0.38040416687279E+00
 0.38338168504284E+00
 0.38625701871295E+00
 0.38903346648896E+00
 0.39171433001086E+00
 0.39430289357885E+00
 0.39680240505835E+00
 0.39921604346399E+00
 0.40154699548599E+00
 0.40379830697407E+00
 0.40597297290023E+00
 0.40807390547147E+00
 0.41010392929077E+00
 0.41206577973170E+00
 0.41396210363768E+00
 0.41579545333643E+00
 0.41756829068533E+00
 0.41928298537402E+00
 0.42094181621346E+00
 0.42254697560061E+00
 0.42410056595739E+00
 0.42560460860160E+00
 0.42706103951980E+00
 0.42847171564558E+00
 0.42983841691821E+00
 0.43116284980966E+00
 0.43244664587113E+00
 0.43369136865057E+00
 0.43489851474288E+00
 0.43606952024973E+00
 0.43720575424915E+00
 0.43830853150453E+00
 0.43937910760379E+00
 0.44041868653335E+00
 0.44142841958500E+00
 0.44240940922520E+00
 0.44336271126594E+00
 0.44428933435556E+00
 0.44519024623256E+00
 0.44606637314645E+00
 0.44691860315198E+00
 0.44774778614293E+00
 0.44855473595905E+00
 0.44934023248477E+00
 0.45010502372423E+00
 0.45084982655139E+00
 0.45157532814191E+00
 0.45228218765834E+00
 0.45297103815496E+00
 0.45364248535926E+00
 0.45429711138918E+00
 0.45493547504949E+00
 0.45555811257909E+00
 0.45616553905907E+00
 0.45675824914117E+00
 0.45733671840639E+00
 0.45790140322573E+00
 0.45845274251966E+00
 0.45899115823298E+00
 0.45951705616504E+00
 0.46003082656510E+00
 0.46053284505486E+00
 0.46102347283258E+00
 0.46150305762941E+00
 0.46197193420890E+00
 0.46243042498162E+00
 0.46287884052859E+00
 0.46331747992542E+00
 0.46374663154723E+00
 0.46416657316173E+00
 0.46457757266382E+00
 0.46497988842492E+00
 0.46537376938935E+00
 0.46575945598574E+00
 0.46613718020344E+00
 0.46650716575570E+00
 0.46686962874904E+00
 0.46722477779531E+00
 0.46757281454931E+00
 0.46791393374271E+00
 0.46824832311052E+00
 0.46857616463867E+00
 0.46889763383781E+00
 0.46921290060783E+00
 0.46952212929800E+00
 0.46982547868247E+00
 0.47012310239595E+00
 0.47041514922561E+00
