 0.22154049914417E+00
 0.22154049914436E+00
 0.22154049914888E+00
 0.22154049917921E+00
 0.22154049928689E+00
 0.22154049955414E+00
 0.22154050008683E+00
 0.22154050100274E+00
 0.22154050239333E+00
 0.22154050420367E+00
 0.22154050596067E+00
 0.22154050631093E+00
 0.22154050239384E+00
 0.22154048913246E+00
 0.22154031899378E+00
 0.22154025972959E+00
 0.22154000236390E+00
 0.22153966886423E+00
 0.22153906165842E+00
 0.22153829611435E+00
 0.22153712507157E+00
 0.22153566200785E+00
 0.22153361747038E+00
 0.22153112991597E+00
 0.22152788099139E+00
 0.22152403572452E+00
 0.22151926172813E+00
 0.22151374246142E+00
 0.22150715031580E+00
 0.22149967937316E+00
 0.22149102327994E+00
 0.22148137952308E+00
 0.22147060327151E+00
 0.22145852019856E+00
 0.22144537271862E+00
 0.22143104147312E+00
 0.22141552762845E+00
 0.22139870390959E+00
 0.22138087185375E+00
 0.22136194844165E+00
 0.22134198219733E+00
 0.22132103662176E+00
 0.22129903795524E+00
 0.22127635489090E+00
 0.22125295112617E+00
 0.22122892927229E+00
 0.22120440490790E+00
 0.22117936155127E+00
 0.22115420511644E+00
 0.22112894855721E+00
 0.22110374002560E+00
 0.22107873736959E+00
 0.22105410578362E+00
 0.22103001743941E+00
 0.22100650995459E+00
 0.22098404236420E+00
 0.22096267393366E+00
 0.22094260013065E+00
 0.22092402298103E+00
 0.22090714978630E+00
 0.22089222209718E+00
 0.22087940463206E+00
 0.22086880323998E+00
 0.22086091855652E+00
 0.22085584915254E+00
 0.22085382967949E+00
 0.22085510022992E+00
 0.22085990543941E+00
 0.22086849448195E+00
 0.22088112144025E+00
 0.22089790794954E+00
 0.22091938543183E+00
 0.22094569214914E+00
 0.22097710146519E+00
 0.22101389349762E+00
 0.22105635413435E+00
 0.22110477517877E+00
 0.22115945533442E+00
 0.22122056719692E+00
 0.22128868557249E+00
 0.22136400542554E+00
 0.22144685695933E+00
 0.22153757909677E+00
 0.22163652190285E+00
 0.22174404659841E+00
 0.22186039851782E+00
 0.22198620833130E+00
 0.22212175372717E+00
 0.22226748638080E+00
 0.22242375724867E+00
 0.22259104256589E+00
 0.22276968449444E+00
 0.22296038957101E+00
 0.22316354105900E+00
 0.22337965542798E+00
 0.22360927117494E+00
 0.22385284388072E+00
 0.22411115909833E+00
 0.22438473245877E+00
 0.22467419805359E+00
 0.22498013453516E+00
 0.22530340533525E+00
 0.22564465398522E+00
 0.22600463546657E+00
 0.22638413982726E+00
 0.22678391224964E+00
 0.22720497820957E+00
 0.22764816066114E+00
 0.22811437862442E+00
 0.22860465271790E+00
 0.22911998228811E+00
 0.22966137141206E+00
 0.23023004118266E+00
 0.23082708290087E+00
 0.23145364158737E+00
 0.23211104548926E+00
 0.23280052804135E+00
 0.23352336725558E+00
 0.23428099859414E+00
 0.23507474996982E+00
 0.23590610824420E+00
 0.23677647667021E+00
 0.23768738154772E+00
 0.23864025419463E+00
 0.23963663084019E+00
 0.24067792279379E+00
 0.24176558919412E+00
 0.24290100359855E+00
 0.24408532724197E+00
 0.24531971286093E+00
 0.24660505601655E+00
 0.24794191000894E+00
 0.24933053283443E+00
 0.25077075897110E+00
 0.25226189312114E+00
 0.25380257529068E+00
 0.25539076322869E+00
 0.25702367502589E+00
 0.25869766048529E+00
 0.26040827004292E+00
 0.26215021692120E+00
 0.26391757927256E+00
 0.26570385023662E+00
 0.26750208714455E+00
 0.26930511886513E+00
 0.27110580381577E+00
 0.27289724610968E+00
 0.27467295585213E+00
 0.27642696383137E+00
 0.27815405689176E+00
 0.27984963152617E+00
 0.28150986954382E+00
 0.28313176499519E+00
 0.28471283048985E+00
 0.28625127264375E+00
 0.28774577356291E+00
 0.28919551095509E+00
 0.29060005246432E+00
 0.29195928657688E+00
 0.29327330939519E+00
 0.29454245938154E+00
 0.29576724552195E+00
 0.29694822006442E+00
 0.29808608997265E+00
 0.29918159627363E+00
 0.30023553525727E+00
 0.30124871361262E+00
 0.30222194568295E+00
 0.30315607839627E+00
 0.30405194174593E+00
 0.30491035998871E+00
 0.30573214966018E+00
 0.30651810789707E+00
 0.30726901594837E+00
 0.30798567459011E+00
 0.30866883090548E+00
 0.30931924959646E+00
 0.30993764552701E+00
 0.31052474014037E+00
 0.31108125277356E+00
 0.31160789591729E+00
 0.31210535017704E+00
 0.31257427690691E+00
 0.31301537838455E+00
 0.31342930149646E+00
 0.31381668700478E+00
 0.31417817891141E+00
 0.31451443726854E+00
 0.31482607788053E+00
 0.31511372300150E+00
 0.31537797767261E+00
 0.31561947252768E+00
 0.31583880076938E+00
 0.31603656031102E+00
 0.31621333216823E+00
 0.31636971419925E+00
 0.31650626979337E+00
 0.31662356708981E+00
 0.31672218656946E+00
 0.31680263616575E+00
 0.31686552507745E+00
 0.31691136847360E+00
 0.31694069919535E+00
 0.31695405315640E+00
 0.31695191330673E+00
 0.31693483232552E+00
 0.31690329127638E+00
 0.31685777612852E+00
 0.31679877046513E+00
 0.31672677594244E+00
 0.31664223548587E+00
 0.31654560661537E+00
 0.31643735434133E+00
 0.31631792067450E+00
 0.31618772214833E+00
 0.31604717735806E+00
 0.31589671712484E+00
 0.31573674603447E+00
 0.31556764305365E+00
 0.31538980687624E+00
 0.31520361316299E+00
 0.31500942202078E+00
 0.31480759020718E+00
 0.31459848113274E+00
 0.31438242855917E+00
 0.31415975266868E+00
 0.31393079341784E+00
 0.31369585591652E+00
 0.31345524507971E+00
 0.31320924997227E+00
 0.31295817372694E+00
 0.31270228729736E+00
 0.31244186173027E+00
 0.31217715359084E+00
 0.31190842978789E+00
 0.31163593160330E+00
 0.31135989503255E+00
 0.31108054787330E+00
 0.31079812753223E+00
 0.31051284254761E+00
 0.31022489997857E+00
 0.30993449643298E+00
 0.30964184162973E+00
 0.30934711824416E+00
 0.30905050308487E+00
 0.30875217670095E+00
 0.30845230368426E+00
 0.30815105477146E+00
 0.30784857563231E+00
 0.30754502332143E+00
 0.30724054870169E+00
 0.30693528536396E+00
 0.30662936159355E+00
 0.30632291783258E+00
 0.30601606900458E+00
 0.30570894562910E+00
 0.30540165301517E+00
 0.30509429536283E+00
 0.30478698671259E+00
 0.30447982194699E+00
 0.30417290542374E+00
 0.30386632388369E+00
 0.30356016536443E+00
 0.30325451401842E+00
 0.30294944673763E+00
 0.30264504731672E+00
 0.30234138544277E+00
 0.30203853101486E+00
 0.30173654960031E+00
 0.30143550178333E+00
 0.30113545398416E+00
 0.30083646002244E+00
 0.30053857427057E+00
 0.30024184806694E+00
 0.29994632721588E+00
 0.29965206235460E+00
 0.29935909707985E+00
 0.29906747111437E+00
 0.29877722340420E+00
 0.29848839056346E+00
 0.29820100448805E+00
 0.29791510312585E+00
 0.29763071395237E+00
 0.29734786538243E+00
 0.29706658402479E+00
 0.29678689470063E+00
 0.29650881817079E+00
 0.29623238061179E+00
 0.29595759952189E+00
 0.29568449319260E+00
 0.29541307849028E+00
 0.29514337082376E+00
 0.29487538430601E+00
 0.29460912974147E+00
 0.29434462278445E+00
 0.29408187181035E+00
 0.29382088600810E+00
 0.29356167349763E+00
 0.29330424136102E+00
 0.29304859566667E+00
