 0.00000000000000E+00
-0.28617497016887E-05
-0.31456385972956E-04
-0.12474914048869E-03
-0.30956778758921E-03
-0.59055647936622E-03
-0.95670912696762E-03
-0.13902856474654E-02
-0.18715979272661E-02
-0.23793404717654E-02
-0.28887041021541E-02
-0.33694380398361E-02
-0.37852156061617E-02
-0.40946318180701E-02
-0.10270042257957E-01
-0.88658052215715E-02
-0.11625453682794E-01
-0.12999224944979E-01
-0.16252243299485E-01
-0.18045050934610E-01
-0.21103630949367E-01
-0.23042859906354E-01
-0.25947291355656E-01
-0.27851720070511E-01
-0.30379968344325E-01
-0.31969857846322E-01
-0.33896013039504E-01
-0.34976115187174E-01
-0.36183495717014E-01
-0.36645471274666E-01
-0.37107763931694E-01
-0.36948363022121E-01
-0.36471569596239E-01
-0.35933551482068E-01
-0.34901646152247E-01
-0.33605390404782E-01
-0.32075604321526E-01
-0.30472466768633E-01
-0.28528091935289E-01
-0.26403302494166E-01
-0.24120936819960E-01
-0.21711012870682E-01
-0.19253416942278E-01
-0.16606967576910E-01
-0.13870429539013E-01
-0.11059484550375E-01
-0.81734939577727E-02
-0.52807879708821E-02
-0.23284041918946E-02
 0.68161269909710E-03
 0.37211376998765E-02
 0.67792117524789E-02
 0.98598649476192E-02
 0.12947597901275E-01
 0.16026342845837E-01
 0.19117880895224E-01
 0.22230990722685E-01
 0.25342338206726E-01
 0.28460629579957E-01
 0.31583893244392E-01
 0.34707388179875E-01
 0.37834139072011E-01
 0.40958781440068E-01
 0.44094354148025E-01
 0.47242212766456E-01
 0.50406947629747E-01
 0.53584640511143E-01
 0.56776769410946E-01
 0.59986017100641E-01
 0.63214555495771E-01
 0.66467150330208E-01
 0.69747883681204E-01
 0.73062331117423E-01
 0.76411317228151E-01
 0.79797725387045E-01
 0.83223995126255E-01
 0.86692276431984E-01
 0.90209563645145E-01
 0.93777757959973E-01
 0.97401521040300E-01
 0.10108361388868E+00
 0.10482887446002E+00
 0.10864115361776E+00
 0.11252357182974E+00
 0.11647979649545E+00
 0.12051322832888E+00
 0.12463060641596E+00
 0.12883485985708E+00
 0.13313063528313E+00
 0.13752248557523E+00
 0.14201469669988E+00
 0.14661118372526E+00
 0.15131787138212E+00
 0.15613969654733E+00
 0.16108144692547E+00
 0.16614895267083E+00
 0.17134738601392E+00
 0.17668145935738E+00
 0.18215834675314E+00
 0.18778311927847E+00
 0.19356181654994E+00
 0.19950191512254E+00
 0.20560922184543E+00
 0.21189062893481E+00
 0.21835301404936E+00
 0.22500332825773E+00
 0.23184994992290E+00
 0.23890020894418E+00
 0.24616184579376E+00
 0.25364283396604E+00
 0.26135198211228E+00
 0.26929771765798E+00
 0.27748901930650E+00
 0.28593473928002E+00
 0.29464405393844E+00
 0.30362636699814E+00
 0.31289131568059E+00
 0.32244846149964E+00
 0.33230749403897E+00
 0.34247826143139E+00
 0.35297058723395E+00
 0.36379425233691E+00
 0.37495876026730E+00
 0.38647369609008E+00
 0.39834822907525E+00
 0.41059111120094E+00
 0.42321062670554E+00
 0.43621428123632E+00
 0.44960872103329E+00
 0.46339925205208E+00
 0.47758988260923E+00
 0.49218241648674E+00
 0.50717675022013E+00
 0.52257017122291E+00
 0.53835684062737E+00
 0.55452763373618E+00
 0.57106941031153E+00
 0.58796484924595E+00
 0.60519177322878E+00
 0.62272314138992E+00
 0.64052710217031E+00
 0.65856755774411E+00
 0.67680448696728E+00
 0.69519519079540E+00
 0.71369546350157E+00
 0.73226074679922E+00
 0.75084746549840E+00
 0.76941411959979E+00
 0.78792224462323E+00
 0.80633727533149E+00
 0.82462883536362E+00
 0.84277118313495E+00
 0.86074308667539E+00
 0.87852772986513E+00
 0.89611247245592E+00
 0.91348840134501E+00
 0.93064980970179E+00
 0.94759397347395E+00
 0.96432053529288E+00
 0.98083102404035E+00
 0.99712866699556E+00
 0.10132178819706E+01
 0.10291040515569E+01
 0.10447932718973E+01
 0.10602921105946E+01
 0.10756074726913E+01
 0.10907464496874E+01
 0.11057161737019E+01
 0.11205237176594E+01
 0.11351760964948E+01
 0.11496801430708E+01
 0.11640424613386E+01
 0.11782694679510E+01
 0.11923672881746E+01
 0.12063418229702E+01
 0.12201986547762E+01
 0.12339431090823E+01
 0.12475802382993E+01
 0.12611148327428E+01
 0.12745513681126E+01
 0.12878940968685E+01
 0.13011470048630E+01
 0.13143138528565E+01
 0.13273981544414E+01
 0.13404031966571E+01
 0.13533320575638E+01
 0.13661876152937E+01
 0.13789725223940E+01
 0.13916892899119E+01
 0.14043402274056E+01
 0.14169274969210E+01
 0.14294530871658E+01
 0.14419188299634E+01
 0.14543264376523E+01
 0.14666774858815E+01
 0.14789734032896E+01
 0.14912155446506E+01
 0.15034051057148E+01
 0.15155432107495E+01
 0.15276308482415E+01
 0.15396690046836E+01
 0.15516584764533E+01
 0.15636000464728E+01
 0.15754943747469E+01
 0.15873420892659E+01
 0.15991437192954E+01
 0.16108997708394E+01
 0.16226106636823E+01
 0.16342767558755E+01
 0.16458984055696E+01
 0.16574758626908E+01
 0.16690093744741E+01
 0.16804991335017E+01
 0.16919453138340E+01
 0.17033480225379E+01
 0.17147073622532E+01
 0.17260234076933E+01
 0.17372961967304E+01
 0.17485257265741E+01
 0.17597120298919E+01
 0.17708550700191E+01
 0.17819547952178E+01
 0.17930111448955E+01
 0.18040240646985E+01
 0.18149934664256E+01
 0.18259192365112E+01
 0.18368012978456E+01
 0.18476395228180E+01
 0.18584337898129E+01
 0.18691839697905E+01
 0.18798899423894E+01
 0.18905515761134E+01
 0.19011687206325E+01
 0.19117412369153E+01
 0.19222689938028E+01
 0.19327518430360E+01
 0.19431896348643E+01
 0.19535822253497E+01
 0.19639294844211E+01
 0.19742312806277E+01
 0.19844874623395E+01
 0.19946979053312E+01
 0.20048624769249E+01
 0.20149810572839E+01
 0.20250535249109E+01
 0.20350797399698E+01
 0.20450596308170E+01
 0.20549930471516E+01
 0.20648799255147E+01
 0.20747201325491E+01
 0.20845136000803E+01
 0.20942602448356E+01
 0.21039599755879E+01
 0.21136127307074E+01
 0.21232184236895E+01
 0.21327770051497E+01
 0.21422884241416E+01
 0.21517526174937E+01
 0.21611695625764E+01
 0.21705392088928E+01
 0.21798615338508E+01
 0.21891365135543E+01
 0.21983641267675E+01
 0.22075443676103E+01
 0.22166772287458E+01
 0.22257627181311E+01
 0.22348008431183E+01
 0.22437916167687E+01
 0.22527350586320E+01
 0.22616311994922E+01
 0.22704800679520E+01
 0.22792817084087E+01
 0.22880361600410E+01
 0.22967434787446E+01
 0.23054037132222E+01
 0.23140169345458E+01
 0.23225832047845E+01
 0.23311025942357E+01
 0.23395751859397E+01
 0.23480010604324E+01
 0.23563803014516E+01
 0.23647130152741E+01
 0.23729992863679E+01
 0.23812392216030E+01
 0.23894329283069E+01
 0.23975805117437E+01
 0.24056820921286E+01
 0.24137377919036E+01
 0.24217477306060E+01
 0.24297120412877E+01
 0.24376308512011E+01
 0.24455042963528E+01
 0.24533325190202E+01
 0.24611156592656E+01
 0.24688538604845E+01
 0.24765472763379E+01
 0.24841960642027E+01
 0.24918003746050E+01
 0.24993603674883E+01
 0.25068762052683E+01
