 0.00000000000000E+00
-0.23974417853783E-22
-0.89936882177411E-21
-0.40026854155881E-21
-0.47818748431559E-20
-0.21284690840585E-10
-0.11569472098855E-09
-0.93204833233949E-11
-0.89251204600355E-10
 0.90762607185257E-10
 0.14443608128171E-10
-0.41540515217337E-10
-0.49360165142013E-10
-0.96940416031472E-09
-0.99353725654719E-10
 0.40853752464634E-08
 0.10773028399029E-08
 0.64120169593764E-08
-0.16651132479990E-07
-0.48760023732019E-07
-0.19204445885789E-06
-0.38932532877016E-06
-0.90581041006891E-06
-0.15531560467567E-05
-0.28417355095833E-05
-0.43216829840555E-05
-0.67918989745446E-05
-0.93942556714342E-05
-0.13196128348770E-04
-0.16818733739313E-04
-0.21512680213951E-04
-0.25326665032453E-04
-0.28456675490256E-04
-0.31717112587052E-04
-0.31939892423584E-04
-0.29243911532966E-04
-0.48238833103920E-04
-0.13609944183245E-04
 0.48881758879560E-05
 0.30588502189905E-04
 0.56412664725828E-04
 0.17975082106400E-04
 0.16604967094418E-03
 0.24074367836310E-03
 0.33697562272258E-03
 0.42247134910578E-03
 0.58610019962940E-03
 0.61907270279928E-03
 0.88436727018873E-03
 0.10840040287403E-02
 0.13065664281528E-02
 0.15644140490246E-02
 0.18701975710462E-02
 0.21483613319808E-02
 0.24633756208770E-02
 0.29131129185441E-02
 0.33333469337020E-02
 0.38041825796695E-02
 0.43223443106356E-02
 0.48790951881487E-02
 0.54548267573408E-02
 0.60781005370165E-02
 0.67415551528536E-02
 0.74848495416017E-02
 0.82998441616874E-02
 0.91437039408787E-02
 0.10019716177928E-01
 0.10950347679058E-01
 0.11928800009535E-01
 0.12957771133154E-01
 0.14060143237755E-01
 0.15231587688392E-01
 0.16474297715518E-01
 0.17761308096642E-01
 0.19094543010368E-01
 0.20488927406630E-01
 0.21949291043329E-01
 0.23496830545696E-01
 0.25107642979731E-01
 0.26787317957633E-01
 0.28544316147198E-01
 0.30366263535851E-01
 0.32269639239091E-01
 0.34243525227949E-01
 0.36298063808230E-01
 0.38444275159717E-01
 0.40677785985924E-01
 0.43000436781652E-01
 0.45409731162646E-01
 0.47915685116574E-01
 0.50517359084894E-01
 0.53217100431686E-01
 0.56025092793017E-01
 0.58949003721606E-01
 0.61984344971577E-01
 0.65133311429162E-01
 0.68405865325045E-01
 0.71805366709225E-01
 0.75337378046816E-01
 0.79007520593305E-01
 0.82824494147905E-01
 0.86789578257494E-01
 0.90910237384437E-01
 0.95193117467532E-01
 0.99649046584728E-01
 0.10428589009094E+00
 0.10910885531202E+00
 0.11412426199692E+00
 0.11934402486760E+00
 0.12477641524702E+00
 0.13043466312866E+00
 0.13632571611681E+00
 0.14246010560901E+00
 0.14884952045038E+00
 0.15550618825402E+00
 0.16244202333326E+00
 0.16966839714898E+00
 0.17719816596626E+00
 0.18504712406232E+00
 0.19322750397266E+00
 0.20175279076166E+00
 0.21063574798937E+00
 0.21989288719267E+00
 0.22953465527780E+00
 0.23957412083802E+00
 0.25002390715743E+00
 0.26089405021834E+00
 0.27219045225402E+00
 0.28391689168124E+00
 0.29606972168589E+00
 0.30863814640963E+00
 0.32160221032624E+00
 0.33493212490302E+00
 0.34858502811079E+00
 0.36250598029692E+00
 0.37662160488102E+00
 0.39084310469523E+00
 0.40506229804819E+00
 0.41915434081066E+00
 0.43297990127539E+00
 0.44639019730572E+00
 0.45923367642699E+00
 0.47136627876580E+00
 0.48265959436335E+00
 0.49300599033172E+00
 0.50232581741375E+00
 0.51056850938073E+00
 0.51771516163312E+00
 0.52377417799729E+00
 0.52878011023112E+00
 0.53278615490124E+00
 0.53586079343733E+00
 0.53808198048390E+00
 0.53953424843962E+00
 0.54029994805456E+00
 0.54046219566292E+00
 0.54009811237178E+00
 0.53927954789962E+00
 0.53807208765604E+00
 0.53653370908533E+00
 0.53471579005568E+00
 0.53266406131343E+00
 0.53041746910380E+00
 0.52801018089225E+00
 0.52547139580985E+00
 0.52282587685163E+00
 0.52009507762210E+00
 0.51729671505582E+00
 0.51444623478619E+00
 0.51155650017681E+00
 0.50863860794771E+00
 0.50570176110030E+00
 0.50275381718328E+00
 0.49980161995020E+00
 0.49685051003686E+00
 0.49390522321517E+00
 0.49097006721067E+00
 0.48804800928996E+00
 0.48514251899254E+00
 0.48225556315366E+00
 0.47938914249769E+00
 0.47654535189470E+00
 0.47372528449336E+00
 0.47093021449836E+00
 0.46816144133160E+00
 0.46541954962839E+00
 0.46270551588416E+00
 0.46001946349152E+00
 0.45736232699122E+00
 0.45473438902040E+00
 0.45213580077171E+00
 0.44956700253130E+00
 0.44702803420584E+00
 0.44451891396231E+00
 0.44204005076326E+00
 0.43959096452336E+00
 0.43717175566124E+00
 0.43478250688225E+00
 0.43242299262997E+00
 0.43009312495087E+00
 0.42779273622303E+00
 0.42552155551038E+00
 0.42327935942579E+00
 0.42106619640469E+00
 0.41888157747017E+00
 0.41672506010795E+00
 0.41459679484150E+00
 0.41249637531827E+00
 0.41042311699149E+00
 0.40837714968286E+00
 0.40635800821262E+00
 0.40436546863138E+00
 0.40239881743792E+00
 0.40045806831484E+00
 0.39854286412438E+00
 0.39665258711547E+00
 0.39478712789669E+00
 0.39294605498379E+00
 0.39112888060412E+00
 0.38933555132291E+00
 0.38756547901395E+00
 0.38581837019519E+00
 0.38409360327505E+00
 0.38239114239523E+00
 0.38071048048299E+00
 0.37905119116114E+00
 0.37741301203101E+00
 0.37579557220055E+00
 0.37419843084360E+00
 0.37262142325886E+00
 0.37106401767806E+00
 0.36952602619062E+00
 0.36800670885589E+00
 0.36650609734177E+00
 0.36502365736942E+00
 0.36355911981636E+00
 0.36211198779206E+00
 0.36068216127592E+00
 0.35926921919497E+00
 0.35787292498306E+00
 0.35649286667285E+00
 0.35512882390749E+00
 0.35378046393132E+00
 0.35244742464331E+00
 0.35112934921693E+00
 0.34982594294101E+00
 0.34853702081409E+00
 0.34726233519139E+00
 0.34600141174784E+00
 0.34475432380267E+00
 0.34352039509000E+00
 0.34229985144216E+00
 0.34109183382618E+00
 0.33989625605194E+00
 0.33871324292735E+00
 0.33754220130734E+00
 0.33638297654935E+00
 0.33523541317866E+00
 0.33409907188698E+00
 0.33297397331960E+00
 0.33185976897909E+00
 0.33075619062203E+00
 0.32966321036492E+00
 0.32858037656819E+00
 0.32750785177447E+00
 0.32644510932080E+00
 0.32539207212208E+00
 0.32434849572946E+00
 0.32331424031839E+00
 0.32228919153357E+00
 0.32127310615053E+00
 0.32026575106032E+00
 0.31926707091719E+00
 0.31827667608412E+00
 0.31729483072460E+00
 0.31632092428992E+00
 0.31535507255567E+00
 0.31439703686591E+00
 0.31344658589993E+00
 0.31250375499958E+00
 0.31156845051810E+00
 0.31064033753007E+00
 0.30971940875417E+00
 0.30880553199381E+00
 0.30789843677442E+00
 0.30699820985920E+00
 0.30610466358215E+00
 0.30521765351895E+00
 0.30433708844229E+00
 0.30346275211635E+00
 0.30259462990788E+00
 0.30173263977866E+00
 0.30087657409023E+00
 0.30002651928446E+00
 0.29918223360171E+00
 0.29834363578074E+00
 0.29751071452825E+00
 0.29668324187957E+00
 0.29586120734576E+00
 0.29504461316358E+00
