 0.00000000000000E+00
-0.34235931968977E-22
-0.91254638692831E-21
-0.66296330290777E-20
-0.24713943633834E-19
 0.11997287393522E-10
-0.50199491467256E-11
 0.42906959329926E-11
 0.33852414468294E-10
-0.38998169322658E-11
-0.16047064552816E-11
-0.33134486162453E-10
-0.32541591148293E-11
 0.14585969108755E-08
-0.11862858051682E-09
 0.81334930319626E-08
 0.31147042665503E-08
 0.92651754270719E-08
-0.17375633961443E-07
-0.48650983505604E-07
-0.19373745854686E-06
-0.39623854016371E-06
-0.91609972570818E-06
-0.15764004493788E-05
-0.28711661867711E-05
-0.43746248263764E-05
-0.68517315468548E-05
-0.94886084555506E-05
-0.13294320596960E-04
-0.16960576199989E-04
-0.21651296162685E-04
-0.25514547392216E-04
-0.28706295404292E-04
-0.31943843075178E-04
-0.32225547344074E-04
-0.29599250509493E-04
 0.39561201242117E-05
-0.12448092138273E-04
 0.45115447477516E-05
 0.30104289739175E-04
 0.41439876882275E-04
-0.97543496255044E-04
 0.16319405744997E-03
 0.23998408176314E-03
 0.32288693568041E-03
 0.48950619256431E-03
 0.47184114136144E-03
 0.74584904917246E-03
 0.88683762160820E-03
 0.11042179710383E-02
 0.12975183169071E-02
 0.16325179445634E-02
 0.18321200409937E-02
 0.20335187124597E-02
 0.25539631817128E-02
 0.30155083670876E-02
 0.32938565508909E-02
 0.38728407517729E-02
 0.43780081160170E-02
 0.48382543058248E-02
 0.54086714824574E-02
 0.60104512380147E-02
 0.68349515518914E-02
 0.76832878860289E-02
 0.84868652175130E-02
 0.92209406481202E-02
 0.10062935190426E-01
 0.10954656174230E-01
 0.11991036250362E-01
 0.13126717551135E-01
 0.14337530290162E-01
 0.15597155892970E-01
 0.16802201291556E-01
 0.18070185852740E-01
 0.19399879316572E-01
 0.20866546275030E-01
 0.22481849727538E-01
 0.24121192221080E-01
 0.25812819730031E-01
 0.27601188133688E-01
 0.29474692957666E-01
 0.31409225311814E-01
 0.33409886650786E-01
 0.35525596094835E-01
 0.37779678068762E-01
 0.40185157986725E-01
 0.42624494381067E-01
 0.45172302415530E-01
 0.47852921874779E-01
 0.50628737193657E-01
 0.53543466822112E-01
 0.56612463008590E-01
 0.59848927706893E-01
 0.63212664656480E-01
 0.66728909583117E-01
 0.70397046451463E-01
 0.74225351217000E-01
 0.78283412120998E-01
 0.82508454645324E-01
 0.86962040824765E-01
 0.91645309911272E-01
 0.96513213239829E-01
 0.10164259555717E+00
 0.10702138042717E+00
 0.11269227514207E+00
 0.11867180949207E+00
 0.12493797354632E+00
 0.13151815777613E+00
 0.13846362878176E+00
 0.14579329389553E+00
 0.15351065751957E+00
 0.16165775521715E+00
 0.17023960453679E+00
 0.17930535549624E+00
 0.18889894116852E+00
 0.19904551681947E+00
 0.20977153798178E+00
 0.22112796022693E+00
 0.23316788930970E+00
 0.24592406767880E+00
 0.25943795203032E+00
 0.27374464106501E+00
 0.28890723296797E+00
 0.30493864667258E+00
 0.32186696607716E+00
 0.33971427504557E+00
 0.35847158775453E+00
 0.37812213417817E+00
 0.39863221839008E+00
 0.41994155245203E+00
 0.44194851663039E+00
 0.46454507185312E+00
 0.48752782394761E+00
 0.51060731528177E+00
 0.53340749778465E+00
 0.55541572399709E+00
 0.57603395779240E+00
 0.59456941580353E+00
 0.61033812240575E+00
 0.62270648240846E+00
 0.63116191712368E+00
 0.63536481909413E+00
 0.63519554139351E+00
 0.63075996778964E+00
 0.62235937121812E+00
 0.61047459260041E+00
 0.59570318907960E+00
 0.57871518049368E+00
 0.56019033446080E+00
 0.54076714377885E+00
 0.52102340214326E+00
 0.50144421627346E+00
 0.48241721623693E+00
 0.46422933599708E+00
 0.44706810761538E+00
 0.43104589898131E+00
 0.41621008516086E+00
 0.40255792014628E+00
 0.39004608956776E+00
 0.37861477692495E+00
 0.36818478660339E+00
 0.35867575275246E+00
 0.35000493276042E+00
 0.34208663428218E+00
 0.33484564772094E+00
 0.32820980722492E+00
 0.32210792283740E+00
 0.31648076320163E+00
 0.31128036752377E+00
 0.30645424213438E+00
 0.30196152214521E+00
 0.29777016152317E+00
 0.29384390823101E+00
 0.29015701705438E+00
 0.28668432834396E+00
 0.28340453182519E+00
 0.28030082559460E+00
 0.27735623261395E+00
 0.27455590908460E+00
 0.27188943740420E+00
 0.26934443659057E+00
 0.26691164417277E+00
 0.26458487516477E+00
 0.26235395474860E+00
 0.26021395114832E+00
 0.25815728405303E+00
 0.25617918726572E+00
 0.25427836200366E+00
 0.25244803158385E+00
 0.25068265474475E+00
 0.24897895048442E+00
 0.24733471429605E+00
 0.24574946396386E+00
 0.24421868524138E+00
 0.24273904711815E+00
 0.24131213710362E+00
 0.23993143592436E+00
 0.23859806849802E+00
 0.23731140892628E+00
 0.23606476349471E+00
 0.23485889048514E+00
 0.23369574674700E+00
 0.23256824231362E+00
 0.23147848187493E+00
 0.23042489864980E+00
 0.22940518548363E+00
 0.22841810284592E+00
 0.22746420489409E+00
 0.22654320300097E+00
 0.22564986041907E+00
 0.22478578145156E+00
 0.22395199874158E+00
 0.22314597704232E+00
 0.22236378768823E+00
 0.22160967943761E+00
 0.22088041073869E+00
 0.22017551058494E+00
 0.21949256289608E+00
 0.21883603839657E+00
 0.21819877488337E+00
 0.21758202141672E+00
 0.21698592929703E+00
 0.21641219770120E+00
 0.21585744749700E+00
 0.21532010433794E+00
 0.21480230152956E+00
 0.21430109816609E+00
 0.21381733329952E+00
 0.21335178492241E+00
 0.21290053908207E+00
 0.21246630429113E+00
 0.21204423304945E+00
 0.21163634001164E+00
 0.21124292364752E+00
 0.21086436373288E+00
 0.21049678079284E+00
 0.21014292091743E+00
 0.20980308756482E+00
 0.20947595415699E+00
 0.20915806931466E+00
 0.20885271331772E+00
 0.20855700271197E+00
 0.20827174574775E+00
 0.20799512677965E+00
 0.20772719572080E+00
 0.20747160662463E+00
 0.20722084873210E+00
 0.20698426580361E+00
 0.20675286338509E+00
 0.20653344799021E+00
 0.20631959719871E+00
 0.20610886302470E+00
 0.20590783198470E+00
 0.20571230533064E+00
 0.20552623538299E+00
 0.20534746085684E+00
 0.20517225031758E+00
 0.20500552969330E+00
 0.20484386691280E+00
 0.20468820974291E+00
 0.20453693791344E+00
 0.20439142815184E+00
 0.20425103173402E+00
 0.20411702571817E+00
 0.20398637076943E+00
 0.20386125789488E+00
 0.20373876213281E+00
 0.20362014624707E+00
 0.20350824580778E+00
 0.20339702206337E+00
 0.20329215439269E+00
 0.20318831528751E+00
 0.20308928291044E+00
 0.20299290818479E+00
 0.20290111277278E+00
 0.20281187978645E+00
 0.20272499569450E+00
 0.20264290768240E+00
 0.20256308767346E+00
 0.20248475179018E+00
 0.20241447454582E+00
 0.20233936309144E+00
 0.20226995926611E+00
 0.20220106203821E+00
 0.20213285928400E+00
 0.20207062677580E+00
 0.20200997785281E+00
 0.20195050242118E+00
 0.20189324476118E+00
 0.20183525000002E+00
 0.20178055869850E+00
 0.20172806422717E+00
 0.20167531280227E+00
 0.20162639184172E+00
 0.20157911297844E+00
 0.20153409664044E+00
 0.20148865616156E+00
 0.20144397004896E+00
 0.20140155858364E+00
 0.20136095389232E+00
