 0.00000000000000E+00
 0.96360945190084E-24
 0.59826145800065E-22
 0.25142794314213E-21
 0.23074443687609E-20
 0.91791744451876E-11
 0.42878042078493E-10
-0.30517264684372E-11
 0.69868781980783E-10
-0.51688617177437E-10
-0.95885895894696E-11
 0.37890094889757E-10
 0.39671406616516E-10
 0.24582782153692E-08
 0.12809340364753E-09
-0.40544388750176E-09
 0.48242006082046E-08
 0.27744543956523E-08
-0.19358738424372E-07
-0.51919641835959E-07
-0.19948285829850E-06
-0.40840301198033E-06
-0.93387919546596E-06
-0.16091006663812E-05
-0.29119957848200E-05
-0.44408791297450E-05
-0.69260304040286E-05
-0.95988441167572E-05
-0.13408454821886E-04
-0.17119093754414E-04
-0.21805381624621E-04
-0.25717762493433E-04
-0.28971029283355E-04
-0.32181970862638E-04
-0.32520231932909E-04
-0.29960188288922E-04
 0.35269178262179E-03
-0.22556914790499E-05
 0.44337249990853E-05
 0.29673926487920E-04
 0.19038818671727E-03
 0.48949228873846E-03
 0.17539439790759E-03
 0.24401559055050E-03
 0.19198550587790E-03
 0.84049640830238E-03
-0.12735861685927E-03
 0.15581042339082E-02
 0.90118428729615E-03
 0.11274325738259E-02
 0.14146460368651E-02
 0.17687371382834E-02
 0.13514353113535E-02
 0.21183898666748E-02
 0.32839321640501E-02
 0.23676176976449E-02
 0.37627206160483E-02
 0.41626203466063E-02
 0.43474006938675E-02
 0.43981843954303E-02
 0.53600246760722E-02
 0.62123641118060E-02
 0.76431936087996E-02
 0.82532278625099E-02
 0.82334409629030E-02
 0.89089302764175E-02
 0.99643187161173E-02
 0.10888965532914E-01
 0.12382287879000E-01
 0.14184356173686E-01
 0.15417011449176E-01
 0.16327585583396E-01
 0.16605099244223E-01
 0.17854433928437E-01
 0.19846277143278E-01
 0.22142318329903E-01
 0.24341889354290E-01
 0.25505980874304E-01
 0.27180022554711E-01
 0.29101685337427E-01
 0.30965653169395E-01
 0.33288195834818E-01
 0.35573549282697E-01
 0.38464798043861E-01
 0.41479129263172E-01
 0.44034397538091E-01
 0.46543556953186E-01
 0.49479670239432E-01
 0.52865088458807E-01
 0.56349970983494E-01
 0.60092333103954E-01
 0.64302787890662E-01
 0.68568629269987E-01
 0.72393657419558E-01
 0.76881555111839E-01
 0.81919547002820E-01
 0.87171377491695E-01
 0.92822583842122E-01
 0.98742648549818E-01
 0.10504259428599E+00
 0.11147915890984E+00
 0.11873341903937E+00
 0.12649408454754E+00
 0.13485070922078E+00
 0.14357580739759E+00
 0.15277930467137E+00
 0.16262563243279E+00
 0.17352267826318E+00
 0.18517444273546E+00
 0.19771488526616E+00
 0.21097837143275E+00
 0.22531722328229E+00
 0.24089903184295E+00
 0.25778405486930E+00
 0.27592173953884E+00
 0.29554594096569E+00
 0.31698296471460E+00
 0.34039087656977E+00
 0.36552928506461E+00
 0.39272652488260E+00
 0.42223500174169E+00
 0.45435378839028E+00
 0.48871653254108E+00
 0.52580582177664E+00
 0.56563552952051E+00
 0.60791911200819E+00
 0.65246071749139E+00
 0.69900060761102E+00
 0.74697157244117E+00
 0.79581320764142E+00
 0.84472518482029E+00
 0.89260744583194E+00
 0.93774990232785E+00
 0.97784781089712E+00
 0.10096158910278E+01
 0.10297230618814E+01
 0.10344263839952E+01
 0.10206036337033E+01
 0.98610482476153E+00
 0.93043238432159E+00
 0.85504486900349E+00
 0.76317418561274E+00
 0.65948417530890E+00
 0.54927606622323E+00
 0.43828032122494E+00
 0.33171659019473E+00
 0.23398709374595E+00
 0.14816184596536E+00
 0.76163078328869E-01
 0.18486587382089E-01
-0.25155308455766E-01
-0.55957001479244E-01
-0.75586346646795E-01
-0.86147583499061E-01
-0.89373440231198E-01
-0.87209620873021E-01
-0.81155629800057E-01
-0.72568398718394E-01
-0.62485328476944E-01
-0.51701391429989E-01
-0.40706476036217E-01
-0.29997986528687E-01
-0.19788563274740E-01
-0.10310948244904E-01
-0.16842628913004E-02
 0.61364786579704E-02
 0.13088172359668E-01
 0.19291177071153E-01
 0.24763737943504E-01
 0.29559371754127E-01
 0.33731902914205E-01
 0.37371197332375E-01
 0.40517390904420E-01
 0.43156698338145E-01
 0.45441044525381E-01
 0.47396660745604E-01
 0.48984464540766E-01
 0.50390360102336E-01
 0.51456960859443E-01
 0.52332774333134E-01
 0.53071942327398E-01
 0.53607315825256E-01
 0.54052750021455E-01
 0.54405010784244E-01
 0.54610145505193E-01
 0.54765522828806E-01
 0.54800248210678E-01
 0.54866183860147E-01
 0.54834058368434E-01
 0.54739287492410E-01
 0.54634924759647E-01
 0.54460994541213E-01
 0.54266542120649E-01
 0.54068519409013E-01
 0.53773030131011E-01
 0.53533512027449E-01
 0.53306141542125E-01
 0.53034995911388E-01
 0.52786947099474E-01
 0.52494334592188E-01
 0.52205764120120E-01
 0.51955056358652E-01
 0.51716581049228E-01
 0.51398846971271E-01
 0.51118897422157E-01
 0.50908895167956E-01
 0.50619565392647E-01
 0.50306420627827E-01
 0.50101276344798E-01
 0.49843897001928E-01
 0.49599966456487E-01
 0.49319341632348E-01
 0.49111068669434E-01
 0.48909595965295E-01
 0.48666101356172E-01
 0.48475319982585E-01
 0.48274561025168E-01
 0.48097463788708E-01
 0.47947102907247E-01
 0.47749151170976E-01
 0.47535818526477E-01
 0.47342753238093E-01
 0.47213209094030E-01
 0.47064392596079E-01
 0.46897625344620E-01
 0.46780444105612E-01
 0.46648550268589E-01
 0.46496375416253E-01
 0.46394911071188E-01
 0.46228873410254E-01
 0.46097473771883E-01
 0.45882469802965E-01
 0.45787231557244E-01
 0.45653608893576E-01
 0.45563610560477E-01
 0.45437318223547E-01
 0.45393420667111E-01
 0.45345690486963E-01
 0.45294686690263E-01
 0.45204358188939E-01
 0.45134942880564E-01
 0.45038258876389E-01
 0.44930276882102E-01
 0.44792710326742E-01
 0.44711236586415E-01
 0.44696726712055E-01
 0.44682133263240E-01
 0.44616274737447E-01
 0.44575511890075E-01
 0.44467298765689E-01
 0.44436925311302E-01
 0.44288596236575E-01
 0.44243649217382E-01
 0.44268073854876E-01
 0.44169789905833E-01
 0.44093753525551E-01
 0.44052210445461E-01
 0.43975012711137E-01
 0.43946616447688E-01
 0.43887640969325E-01
 0.43843338568727E-01
 0.43817688671583E-01
 0.43757564122439E-01
 0.43741943454478E-01
 0.43632843568242E-01
 0.43536996770666E-01
 0.43452468491803E-01
 0.43398962749841E-01
 0.43313227525569E-01
 0.43217760653053E-01
 0.43086238401890E-01
 0.43027791808742E-01
 0.42915200912065E-01
 0.42941255122858E-01
 0.42786731794571E-01
 0.42795680295561E-01
 0.42733764720459E-01
 0.42692916523515E-01
 0.42708245724982E-01
 0.42702621578203E-01
 0.42574451137367E-01
 0.42563592234427E-01
 0.42485939853714E-01
 0.42399249463263E-01
 0.42421888672707E-01
 0.42329968664356E-01
 0.42220878775381E-01
 0.42145618380542E-01
 0.42018259545439E-01
 0.41978922515460E-01
 0.41915815964601E-01
 0.41826021273872E-01
 0.41810406343209E-01
 0.41705474638357E-01
 0.41618978109825E-01
 0.41531625855266E-01
 0.41434188365418E-01
 0.41395046683278E-01
 0.41344888638474E-01
 0.41221482621308E-01
