 0.00000000000000E+00
 0.86313051760006E-24
 0.54361848782791E-22
 0.69155861929239E-21
 0.38502385568409E-20
-0.38794465137255E-11
 0.49939776295966E-11
-0.75682083776686E-11
-0.26855475302306E-10
 0.23176098322176E-11
-0.75201015638159E-11
 0.24573766215351E-10
-0.47536498957689E-12
-0.24433160122275E-08
 0.37596940283778E-09
-0.15085113534276E-07
-0.14191295552139E-08
-0.89284059938322E-08
-0.24164934635568E-07
-0.63578355022976E-07
-0.21678379362513E-06
-0.43893838606215E-06
-0.98051744854106E-06
-0.16801516067889E-05
-0.30030981800622E-05
-0.45674445915552E-05
-0.70710302568768E-05
-0.97877530447794E-05
-0.13607322580701E-04
-0.17365830439760E-04
-0.22047490958633E-04
-0.26006124022825E-04
-0.29314802347578E-04
-0.32486891493505E-04
-0.32866289061005E-04
-0.30351881656634E-04
-0.66437970982070E-04
-0.15207244586292E-04
 0.37374393017228E-05
 0.29369263771847E-04
 0.64804101605181E-03
 0.19833662337903E-02
 0.20851545421795E-03
 0.25697841771947E-03
 0.36562161335421E-03
-0.25752722246108E-03
 0.94379034746969E-03
 0.28761737350863E-03
 0.88717195565060E-03
 0.60553266606672E-03
 0.19086546384028E-02
 0.46554573338341E-04
 0.14014444363594E-02
 0.42180183647272E-02
 0.21941675688063E-02
 0.21329682497661E-02
 0.52867105200619E-02
 0.27032154130038E-02
 0.29016245290758E-02
 0.53578780385208E-02
 0.65786288316265E-02
 0.92165722452277E-02
 0.73773091289401E-02
 0.54983762831872E-02
 0.60148979845474E-02
 0.96201779749735E-02
 0.11143640688185E-01
 0.15066033061103E-01
 0.15579463010820E-01
 0.14979665276119E-01
 0.13792946531795E-01
 0.12999419415875E-01
 0.16787484775462E-01
 0.20912155057091E-01
 0.25152487134381E-01
 0.26698146793148E-01
 0.24998380000101E-01
 0.26544793011736E-01
 0.29631383552838E-01
 0.31845380795058E-01
 0.34121647279790E-01
 0.37729717223509E-01
 0.42678829847824E-01
 0.46891590891762E-01
 0.49168635591343E-01
 0.49293575819428E-01
 0.54169794877887E-01
 0.59454901866047E-01
 0.63803918260671E-01
 0.70151393110916E-01
 0.76487748549830E-01
 0.82189284714148E-01
 0.86338448364965E-01
 0.92702750926378E-01
 0.10027556132650E+00
 0.10922851361772E+00
 0.11956051558542E+00
 0.12775513631146E+00
 0.13847205281372E+00
 0.14851499502588E+00
 0.15916982083043E+00
 0.17425741099112E+00
 0.18898430718407E+00
 0.20579068307356E+00
 0.22287798165132E+00
 0.24050307718644E+00
 0.26197007946995E+00
 0.28693531088447E+00
 0.31246541547094E+00
 0.34015555091188E+00
 0.37158913385351E+00
 0.40595772788776E+00
 0.44591549100051E+00
 0.48949723311645E+00
 0.53646802795867E+00
 0.58835189638879E+00
 0.64639067523905E+00
 0.70980052052658E+00
 0.77697910548888E+00
 0.85030838813856E+00
 0.92989725228500E+00
 0.10172043842400E+01
 0.11102227926789E+01
 0.12129071271869E+01
 0.13266087430751E+01
 0.14516552088080E+01
 0.15903727561203E+01
 0.17426884242082E+01
 0.19037878476947E+01
 0.20654791271686E+01
 0.22146191923029E+01
 0.23264669945845E+01
 0.23757431324831E+01
 0.23364426841345E+01
 0.21836224046333E+01
 0.19055804698739E+01
 0.15019061251555E+01
 0.99184355499232E+00
 0.40642305550099E+00
-0.21246507976618E+00
-0.81808072009855E+00
-0.13654553600455E+01
-0.18179728262272E+01
-0.21515095281841E+01
-0.23537303245722E+01
-0.24269684259857E+01
-0.23838867271823E+01
-0.22464357025980E+01
-0.20397299820563E+01
-0.17891028457363E+01
-0.15184088268470E+01
-0.12477988063191E+01
-0.99311883449673E+00
-0.76453937531716E+00
-0.56714509383824E+00
-0.40254143243058E+00
-0.26950131043234E+00
-0.16559584300963E+00
-0.86308130772780E-01
-0.27695250215185E-01
 0.14382197909476E-01
 0.43151651531782E-01
 0.61105959010941E-01
 0.71525831046097E-01
 0.75908938340914E-01
 0.75897295085460E-01
 0.73631816406935E-01
 0.70045045848731E-01
 0.64658289397497E-01
 0.59163732715348E-01
 0.53836905066240E-01
 0.47826524935796E-01
 0.42386121006847E-01
 0.37253688070810E-01
 0.32439319195269E-01
 0.28257865079657E-01
 0.24333132084498E-01
 0.20718422825791E-01
 0.17511788858439E-01
 0.14335396149452E-01
 0.11764385793991E-01
 0.97000957687632E-02
 0.73054954978402E-02
 0.54187525848137E-02
 0.35034887588491E-02
 0.21385558160324E-02
 0.10654715654710E-02
-0.56723547346227E-03
-0.20984889940615E-02
-0.27918592546086E-02
-0.31463679808818E-02
-0.32074001464498E-02
-0.36999751543416E-02
-0.40670598281878E-02
-0.40516488411191E-02
-0.46152283773573E-02
-0.45975794459806E-02
-0.47918027757743E-02
-0.56467971867911E-02
-0.54769383945057E-02
-0.51988587505380E-02
-0.56609280281867E-02
-0.53700570282125E-02
-0.52602212729868E-02
-0.52913778133549E-02
-0.49713439887538E-02
-0.45536728299494E-02
-0.42760461270301E-02
-0.43321803028564E-02
-0.39128847254059E-02
-0.30865177917516E-02
-0.28421729835425E-02
-0.29243712829369E-02
-0.20387343677898E-02
-0.17022810346768E-02
-0.14168775310929E-02
-0.11055529870231E-02
-0.42132565766855E-03
-0.75048472342087E-03
-0.30634150920304E-03
 0.52407290487118E-03
 0.13230775138526E-02
 0.12940131319341E-02
 0.15226991366346E-02
 0.18524838293210E-02
 0.21818209219102E-02
 0.26485039364032E-02
 0.30038537070078E-02
 0.27364399812099E-02
 0.31153496918423E-02
 0.30610553481957E-02
 0.37292724451044E-02
 0.46921408188719E-02
 0.55376607928660E-02
 0.56896946019082E-02
 0.66457442225070E-02
 0.72601006428126E-02
 0.73170958054731E-02
 0.67131950444085E-02
 0.68187823263338E-02
 0.66073491170884E-02
 0.68034449070673E-02
 0.68435386568841E-02
 0.74350083747303E-02
 0.85374089335868E-02
 0.89047684865621E-02
 0.10291253953264E-01
 0.94071893834749E-02
 0.94372141207565E-02
 0.83069794245784E-02
 0.81221781523592E-02
 0.10003163154786E-01
 0.10825841055336E-01
 0.12089143914639E-01
 0.12110923865103E-01
 0.11779057308495E-01
 0.12638554131366E-01
 0.12670774875628E-01
 0.12923092218497E-01
 0.13049635660190E-01
 0.13669003257648E-01
 0.13906219451786E-01
 0.14091581575881E-01
 0.13738397585273E-01
 0.13950684843185E-01
 0.13558482092798E-01
 0.14314419087379E-01
 0.14831899298701E-01
 0.14166236962093E-01
 0.15154839455342E-01
 0.14876134792819E-01
 0.15652889094725E-01
 0.16409941469877E-01
 0.16836640825282E-01
 0.17197499905734E-01
 0.17577446572423E-01
 0.18203004873573E-01
 0.18220922500879E-01
 0.17939592428237E-01
 0.18605992401224E-01
 0.16131065891971E-01
 0.17555036249857E-01
 0.16640509264832E-01
 0.17390836870540E-01
 0.18740962096118E-01
 0.17682442470795E-01
 0.17062972523228E-01
 0.16751491703887E-01
 0.16374323395708E-01
 0.17633038037888E-01
 0.17674239522162E-01
 0.17510615203722E-01
 0.18751613507010E-01
 0.18222442071763E-01
 0.17986032063204E-01
 0.17240335620143E-01
 0.17407846335083E-01
 0.18235762226058E-01
 0.18371570661937E-01
 0.17855675585138E-01
