-0.81379929859954E+01
-0.81379927851333E+01
-0.81379907651038E+01
-0.81379828220725E+01
-0.81379625761423E+01
-0.81379218352795E+01
-0.81378508323706E+01
-0.81377386469991E+01
-0.81375750053060E+01
-0.81373550688802E+01
-0.81370878677881E+01
-0.81368069718867E+01
-0.81365804386250E+01
-0.81365170604270E+01
-0.81368219910911E+01
-0.81375727883814E+01
-0.81390996272568E+01
-0.81415773221017E+01
-0.81453078791551E+01
-0.81504582364199E+01
-0.81573175474851E+01
-0.81660008918125E+01
-0.81767490679008E+01
-0.81895906108299E+01
-0.82046994246018E+01
-0.82220111524832E+01
-0.82416292350503E+01
-0.82634071279953E+01
-0.82873834912079E+01
-0.83133487391610E+01
-0.83412867761886E+01
-0.83709460020769E+01
-0.84022128261571E+01
-0.84349815354015E+01
-0.84689539130221E+01
-0.85039950519377E+01
-0.85399190309496E+01
-0.85766068898094E+01
-0.86137460944394E+01
-0.86512149926295E+01
-0.86888423107599E+01
-0.87264628536542E+01
-0.87639929595209E+01
-0.88011474350116E+01
-0.88378544878594E+01
-0.88739886116213E+01
-0.89094349775245E+01
-0.89441598176752E+01
-0.89779329851304E+01
-0.90107356882308E+01
-0.90424958142289E+01
-0.90731501927821E+01
-0.91026452092287E+01
-0.91309363934420E+01
-0.91580592393221E+01
-0.91838473284135E+01
-0.92083473934399E+01
-0.92315475373809E+01
-0.92534418597209E+01
-0.92740307601264E+01
-0.92933257937391E+01
-0.93113290567645E+01
-0.93281318853691E+01
-0.93436180895969E+01
-0.93578795895784E+01
-0.93709459835154E+01
-0.93828497679867E+01
-0.93936265344797E+01
-0.94033146482983E+01
-0.94119549840676E+01
-0.94196577422245E+01
-0.94263364757976E+01
-0.94321018592905E+01
-0.94370024013984E+01
-0.94410876231231E+01
-0.94444081107610E+01
-0.94470150529016E+01
-0.94489608663933E+01
-0.94503628232957E+01
-0.94511485538097E+01
-0.94514331360757E+01
-0.94512708229412E+01
-0.94507155653320E+01
-0.94498214933970E+01
-0.94486427107576E+01
-0.94472934270033E+01
-0.94457091776077E+01
-0.94440007437908E+01
-0.94422270300534E+01
-0.94404289079711E+01
-0.94386623912895E+01
-0.94370333005032E+01
-0.94354833930762E+01
-0.94341136651295E+01
-0.94329707686782E+01
-0.94320994397357E+01
-0.94315937367336E+01
-0.94313947493448E+01
-0.94315910141122E+01
-0.94322155717933E+01
-0.94333479699509E+01
-0.94349253216917E+01
-0.94370149500311E+01
-0.94396345164053E+01
-0.94427932706565E+01
-0.94465398633861E+01
-0.94507849795326E+01
-0.94555553090053E+01
-0.94608698251067E+01
-0.94666038304410E+01
-0.94727447520570E+01
-0.94792571078270E+01
-0.94859828796443E+01
-0.94928422038813E+01
-0.94997296842163E+01
-0.95064144132547E+01
-0.95127299325532E+01
-0.95184710449266E+01
-0.95233031618374E+01
-0.95269635722320E+01
-0.95290310229737E+01
-0.95291366845388E+01
-0.95267573421641E+01
-0.95214063083205E+01
-0.95124547744262E+01
-0.94993024666875E+01
-0.94812161852433E+01
-0.94575063697046E+01
-0.94273948872453E+01
-0.93901089285468E+01
-0.93449414956432E+01
-0.92911823151210E+01
-0.92282252443059E+01
-0.91555720238624E+01
-0.90729100033521E+01
-0.89800833655213E+01
-0.88771755553884E+01
-0.87645439850307E+01
-0.86428387243659E+01
-0.85130428670697E+01
-0.83764784091615E+01
-0.82347600989465E+01
-0.80897560978384E+01
-0.79434504880543E+01
-0.77978220114335E+01
-0.76546975545236E+01
-0.75156418032246E+01
-0.73818685469589E+01
-0.72542030077709E+01
-0.71330931673327E+01
-0.70186401176634E+01
-0.69106680845322E+01
-0.68087965205900E+01
-0.67124931134335E+01
-0.66211642874275E+01
-0.65341851880863E+01
-0.64509463877149E+01
-0.63708825539834E+01
-0.62934883504562E+01
-0.62183199646846E+01
-0.61450064859662E+01
-0.60732447082155E+01
-0.60027835236820E+01
-0.59334332386231E+01
-0.58650475450421E+01
-0.57975181350858E+01
-0.57307687354445E+01
-0.56647475288987E+01
-0.55994229110383E+01
-0.55347772999977E+01
-0.54708028199817E+01
-0.54074996696061E+01
-0.53448729636734E+01
-0.52829279722651E+01
-0.52216774696968E+01
-0.51611284056921E+01
-0.51012888978058E+01
-0.50421653308783E+01
-0.49837605275913E+01
-0.49260822992945E+01
-0.48691303681659E+01
-0.48129042775294E+01
-0.47573987917206E+01
-0.47026163280289E+01
-0.46485491514343E+01
-0.45951898899160E+01
-0.45425291343279E+01
-0.44905638952257E+01
-0.44392826827649E+01
-0.43886756488068E+01
-0.43387297067851E+01
-0.42894406371807E+01
-0.42407948371602E+01
-0.41927817751120E+01
-0.41453888016439E+01
-0.40986100298535E+01
-0.40524334674270E+01
-0.40068444455797E+01
-0.39618386325727E+01
-0.39174050022496E+01
-0.38735341292636E+01
-0.38302137374631E+01
-0.37874407659342E+01
-0.37452046107183E+01
-0.37034918310492E+01
-0.36623039974047E+01
-0.36216280959220E+01
-0.35814572682265E+01
-0.35417816241438E+01
-0.35026021546984E+01
-0.34639079234027E+01
-0.34256872802948E+01
-0.33879443250781E+01
-0.33506699702400E+01
-0.33138573203986E+01
-0.32774956291399E+01
-0.32415893691932E+01
-0.32061297544194E+01
-0.31711077724171E+01
-0.31365253828436E+01
-0.31023749051497E+01
-0.30686505436237E+01
-0.30353450202290E+01
-0.30024611661524E+01
-0.29699898521504E+01
-0.29379244678474E+01
-0.29062675014873E+01
-0.28750109259319E+01
-0.28441504823507E+01
-0.28136784647461E+01
-0.27835980579568E+01
-0.27539014001676E+01
-0.27245843060429E+01
-0.26956392241184E+01
-0.26670691437553E+01
-0.26388664634421E+01
-0.26110274174506E+01
-0.25835432949793E+01
-0.25564183471355E+01
-0.25296446029351E+01
-0.25032180843846E+01
-0.24771312220742E+01
-0.24513871057714E+01
-0.24259781446809E+01
-0.24009003887083E+01
-0.23761465994129E+01
-0.23517194303517E+01
-0.23276116602439E+01
-0.23038191719737E+01
-0.22803348873831E+01
-0.22571616139469E+01
-0.22342920840044E+01
-0.22117222200726E+01
-0.21894483993138E+01
-0.21674633582633E+01
-0.21457700509546E+01
-0.21243612645219E+01
-0.21032330459525E+01
-0.20823818435812E+01
-0.20618007099174E+01
-0.20414924001446E+01
-0.20214499662323E+01
-0.20016697469074E+01
-0.19821481217691E+01
-0.19628784438914E+01
-0.19438633660887E+01
-0.19250962507149E+01
-0.19065735882822E+01
-0.18882918806258E+01
-0.18702447074715E+01
-0.18524347516467E+01
-0.18348556143751E+01
-0.18175039290357E+01
-0.18003764077022E+01
-0.17834668329458E+01
-0.17667779739506E+01
-0.17503036669866E+01
-0.17340407249452E+01
-0.17179860407169E+01
-0.17021365448842E+01
-0.16864863604099E+01
-0.16710382585918E+01
-0.16557864053867E+01
-0.16407278378062E+01
-0.16258596746750E+01
-0.16111790743198E+01
-0.15966804774370E+01
-0.15823666706218E+01
-0.15682321727447E+01
-0.15542742478475E+01
-0.15404902429549E+01
-0.15268775429324E+01
-0.15134335705968E+01
-0.15001531760624E+01
-0.14870390904774E+01
-0.14740862690984E+01
-0.14612922351936E+01
-0.14486545938766E+01
-0.14361709873635E+01
-0.14238390934121E+01
