 0.27276187932143E+03
 0.27276185701543E+03
 0.27276164773519E+03
 0.27276087374862E+03
 0.27275899453934E+03
 0.27275535187171E+03
 0.27274919951120E+03
 0.27273984691575E+03
 0.27272719536171E+03
 0.27271289503427E+03
 0.27270195062517E+03
 0.27270419104288E+03
 0.27273498469045E+03
 0.27281489974263E+03
 0.27297229208407E+03
 0.27322584542544E+03
 0.27361009171390E+03
 0.27414532786580E+03
 0.27485710104282E+03
 0.27575719055998E+03
 0.27686234631013E+03
 0.27817323731486E+03
 0.27969699441409E+03
 0.28142302089692E+03
 0.28335023583180E+03
 0.28545904714162E+03
 0.28774251146707E+03
 0.29017511835437E+03
 0.29274641804260E+03
 0.29542794719117E+03
 0.29820763380468E+03
 0.30105647195388E+03
 0.30395775668011E+03
 0.30689697042473E+03
 0.30984581015869E+03
 0.31279025229180E+03
 0.31571350532584E+03
 0.31860525691124E+03
 0.32144079181457E+03
 0.32421148850665E+03
 0.32690554235395E+03
 0.32951228225906E+03
 0.33202804816052E+03
 0.33443360658669E+03
 0.33672702641893E+03
 0.33890234942819E+03
 0.34095465572267E+03
 0.34288549992846E+03
 0.34468107364024E+03
 0.34634419099053E+03
 0.34787343431785E+03
 0.34926801468181E+03
 0.35052779048854E+03
 0.35165320747675E+03
 0.35265068620083E+03
 0.35351102802330E+03
 0.35424121886137E+03
 0.35484355713997E+03
 0.35532061474270E+03
 0.35567525194115E+03
 0.35591078339222E+03
 0.35603016539965E+03
 0.35604226377692E+03
 0.35594055970301E+03
 0.35573376715693E+03
 0.35542578785042E+03
 0.35502055413616E+03
 0.35452204586313E+03
 0.35393426961063E+03
 0.35326124029259E+03
 0.35251172971470E+03
 0.35168035841602E+03
 0.35077563607372E+03
 0.34980147417822E+03
 0.34876169915606E+03
 0.34766006185363E+03
 0.34650020401686E+03
 0.34528571292446E+03
 0.34402443996488E+03
 0.34271116198802E+03
 0.34135331428093E+03
 0.33995402993688E+03
 0.33851628391213E+03
 0.33704291391401E+03
 0.33553660734137E+03
 0.33400385228103E+03
 0.33243926518844E+03
 0.33084881456905E+03
 0.32923471231701E+03
 0.32759838361231E+03
 0.32594155164530E+03
 0.32426905845391E+03
 0.32257522340946E+03
 0.32086426822821E+03
 0.31913669872836E+03
 0.31739275775541E+03
 0.31563543981043E+03
 0.31385820481339E+03
 0.31206318373846E+03
 0.31024893073865E+03
 0.30841638259753E+03
 0.30655776442494E+03
 0.30467260011504E+03
 0.30275718473328E+03
 0.30080679207859E+03
 0.29881844140804E+03
 0.29678081614166E+03
 0.29468859739780E+03
 0.29253505942074E+03
 0.29030548534516E+03
 0.28798989150685E+03
 0.28557607220686E+03
 0.28304446319132E+03
 0.28037837235422E+03
 0.27755827882868E+03
 0.27455695476243E+03
 0.27134874114760E+03
 0.26790401083367E+03
 0.26418524880578E+03
 0.26015590880027E+03
 0.25577032637641E+03
 0.25098264778531E+03
 0.24573877433372E+03
 0.23998439989502E+03
 0.23365881666266E+03
 0.22670298341907E+03
 0.21905536902151E+03
 0.21066036261629E+03
 0.20146892973605E+03
 0.19144441102826E+03
 0.18056912901660E+03
 0.16884934985470E+03
 0.15632079063165E+03
 0.14305254753574E+03
 0.12914736745348E+03
 0.11473993175228E+03
 0.99989797918296E+02
 0.85072538159322E+02
 0.70169981222825E+02
 0.55460029907729E+02
 0.41109343320668E+02
 0.27266792921784E+02
 0.14060179243078E+02
 0.15959795422004E+01
-0.10041521118705E+02
-0.20788470072961E+02
-0.30598882165128E+02
-0.39441601111641E+02
-0.47296819746827E+02
-0.54154971259237E+02
-0.60013129193850E+02
-0.64875357521349E+02
-0.68752402881929E+02
-0.71659982919502E+02
-0.73620357111264E+02
-0.74660864458470E+02
-0.74814049683344E+02
-0.74117242659742E+02
-0.72611645018245E+02
-0.70341483712774E+02
-0.67353584768019E+02
-0.63696552965786E+02
-0.59419798453001E+02
-0.54573302633862E+02
-0.49206792442873E+02
-0.43369508473925E+02
-0.37109759533561E+02
-0.30473979457636E+02
-0.23507656032661E+02
-0.16254373925290E+02
-0.87558545171366E+01
-0.10517412528103E+01
 0.68203048426276E+01
 0.14824393160519E+02
 0.22927487800436E+02
 0.31097855206153E+02
 0.39306188342007E+02
 0.47524973165948E+02
 0.55728315719895E+02
 0.63893378332398E+02
 0.71998334033841E+02
 0.80023004743619E+02
 0.87948558492006E+02
 0.95759637687526E+02
 0.10344058068121E+03
 0.11097779820117E+03
 0.11835845097724E+03
 0.12557312593835E+03
 0.13261185377055E+03
 0.13946621615286E+03
 0.14612818426835E+03
 0.15259344572288E+03
 0.15885609535597E+03
 0.16491203310022E+03
 0.17075718290596E+03
 0.17639118637014E+03
 0.18181133556682E+03
 0.18701530344177E+03
 0.19200470957558E+03
 0.19677972073259E+03
 0.20134100342764E+03
 0.20568860396256E+03
 0.20982685661382E+03
 0.21375689893044E+03
 0.21747990599436E+03
 0.22100181824426E+03
 0.22432431446106E+03
 0.22745125708743E+03
 0.23038468937549E+03
 0.23313207535885E+03
 0.23569621099503E+03
 0.23807812433767E+03
 0.24028757216037E+03
 0.24232693967108E+03
 0.24420131513908E+03
 0.24591180118798E+03
 0.24746859645129E+03
 0.24887421306836E+03
 0.25013147229853E+03
 0.25124902819429E+03
 0.25222997448061E+03
 0.25307849057098E+03
 0.25379771315430E+03
 0.25439640359621E+03
 0.25487621184280E+03
 0.25524091228992E+03
 0.25549858755856E+03
 0.25565155770179E+03
 0.25570412126859E+03
 0.25565840371750E+03
 0.25552281995468E+03
 0.25529926637894E+03
 0.25499164193987E+03
 0.25460164418384E+03
 0.25413738817946E+03
 0.25360031418170E+03
 0.25299431812743E+03
 0.25231944246757E+03
 0.25158473169933E+03
 0.25079078761401E+03
 0.24994070194882E+03
 0.24903501642983E+03
 0.24808168660885E+03
 0.24708076378751E+03
 0.24603521687897E+03
 0.24494543222185E+03
 0.24381835117240E+03
 0.24265447924790E+03
 0.24145557732958E+03
 0.24022197877329E+03
 0.23896066370641E+03
 0.23767110541543E+03
 0.23635528265379E+03
 0.23501518712910E+03
 0.23365038136449E+03
 0.23226739619704E+03
 0.23086548085578E+03
 0.22944619851221E+03
 0.22801110434527E+03
 0.22655932599590E+03
 0.22509713235142E+03
 0.22362344122205E+03
 0.22213952325189E+03
 0.22064660553320E+03
 0.21914348309387E+03
 0.21763610295213E+03
 0.21612311280564E+03
 0.21460550367230E+03
 0.21308423683692E+03
 0.21155781664678E+03
 0.21003198757203E+03
 0.20850508482233E+03
 0.20697798496377E+03
 0.20545137299758E+03
 0.20392350949108E+03
 0.20240002477935E+03
 0.20087903032185E+03
 0.19936112117520E+03
 0.19784685904432E+03
 0.19633677527379E+03
 0.19482895406762E+03
 0.19332873595477E+03
 0.19183414764617E+03
 0.19034556713577E+03
 0.18886338274070E+03
 0.18738796032528E+03
 0.18591723964340E+03
 0.18445637160721E+03
 0.18300326442377E+03
 0.18155815612435E+03
 0.18012130460225E+03
 0.17869295054050E+03
 0.17727331606196E+03
 0.17586026450582E+03
 0.17445867444353E+03
 0.17306641252057E+03
 0.17168359529323E+03
 0.17031036645026E+03
 0.16894685769711E+03
 0.16759318831240E+03
