 0.80954940884255E-01
 0.80954940884255E-01
 0.80954940884255E-01
 0.80954940884255E-01
 0.80954940884255E-01
 0.80954940884255E-01
 0.80954940884255E-01
 0.80954940884255E-01
 0.80954940884255E-01
 0.80954940884255E-01
 0.80954940884255E-01
 0.80954940884255E-01
 0.80954940884255E-01
 0.80954940884255E-01
 0.80954720087661E-01
 0.80954720087661E-01
 0.80954476046753E-01
 0.80954211002693E-01
 0.80953648237267E-01
 0.80953011487591E-01
 0.80951955431342E-01
 0.80950708406042E-01
 0.80948863811794E-01
 0.80946692207667E-01
 0.80943741519984E-01
 0.80940321119088E-01
 0.80935951714482E-01
 0.80930963021811E-01
 0.80924872067673E-01
 0.80918010014345E-01
 0.80909912633133E-01
 0.80900897099616E-01
 0.80890730247174E-01
 0.80879121164277E-01
 0.80866420279318E-01
 0.80852396022305E-01
 0.80836991597101E-01
 0.80819934565967E-01
 0.80801607305218E-01
 0.80781775104229E-01
 0.80760392978784E-01
 0.80737423186602E-01
 0.80712598659657E-01
 0.80686323702127E-01
 0.80658356832196E-01
 0.80628656844961E-01
 0.80597186561098E-01
 0.80563689193871E-01
 0.80528545547540E-01
 0.80491513325305E-01
 0.80452544561368E-01
 0.80411591421135E-01
 0.80368602843438E-01
 0.80323524135670E-01
 0.80276079483910E-01
 0.80226627855242E-01
 0.80174898944531E-01
 0.80120817964870E-01
 0.80064307171168E-01
 0.80005283289255E-01
 0.79943645741588E-01
 0.79879319556716E-01
 0.79811976730672E-01
 0.79741931709040E-01
 0.79668864219192E-01
 0.79592649839104E-01
 0.79513158114998E-01
 0.79430250648669E-01
 0.79343780816666E-01
 0.79253593288641E-01
 0.79159308230066E-01
 0.79061172620220E-01
 0.78958799340016E-01
 0.78851994149150E-01
 0.78740553306622E-01
 0.78624262338758E-01
 0.78502895609639E-01
 0.78376215758503E-01
 0.78243754411434E-01
 0.78105674741916E-01
 0.77961493847840E-01
 0.77810921090071E-01
 0.77653652769817E-01
 0.77489369512476E-01
 0.77317735848260E-01
 0.77138182013749E-01
 0.76950763939550E-01
 0.76754888312367E-01
 0.76550124952461E-01
 0.76336092367411E-01
 0.76112325194751E-01
 0.75878142139584E-01
 0.75633468591937E-01
 0.75377591102025E-01
 0.75109972418183E-01
 0.74830049985568E-01
 0.74537030472413E-01
 0.74230697752162E-01
 0.73910213088112E-01
 0.73574904500982E-01
 0.73223875663225E-01
 0.72856766588390E-01
 0.72472631030327E-01
 0.72070672412478E-01
 0.71650061058169E-01
 0.71209734833392E-01
 0.70749175142268E-01
 0.70267267065237E-01
 0.69762826499090E-01
 0.69235275877614E-01
 0.68683384630587E-01
 0.68105924251036E-01
 0.67502133588337E-01
 0.66870744651606E-01
 0.66210454115784E-01
 0.65520429860713E-01
 0.64799354743627E-01
 0.64045892574834E-01
 0.63259195675124E-01
 0.62437804119443E-01
 0.61580884619590E-01
 0.60687057129103E-01
 0.59755568167241E-01
 0.58785201340595E-01
 0.57775356057442E-01
 0.56725069137907E-01
 0.55634046155780E-01
 0.54501653292454E-01
 0.53328037257669E-01
 0.52113506394508E-01
 0.50858436007317E-01
 0.49564040075269E-01
 0.48231883608043E-01
 0.46864216044921E-01
 0.45463645643963E-01
 0.44033759728619E-01
 0.42578752577811E-01
 0.41103503318352E-01
 0.39613573714861E-01
 0.38115113242699E-01
 0.36614788043195E-01
 0.35119524325077E-01
 0.33636317670117E-01
 0.32172254036338E-01
 0.30734076775512E-01
 0.29328062686244E-01
 0.27959811677723E-01
 0.26634124583067E-01
 0.25354983791134E-01
 0.24125310765961E-01
 0.22947271584594E-01
 0.21822167696066E-01
 0.20750430267613E-01
 0.19731931790827E-01
 0.18765902087042E-01
 0.17851192878738E-01
 0.16986286172609E-01
 0.16169346880224E-01
 0.15398359798417E-01
 0.14671263384066E-01
 0.13985860320538E-01
 0.13339940421066E-01
 0.12731367342408E-01
 0.12157992529515E-01
 0.11617748597466E-01
 0.11108645704144E-01
 0.10628806226534E-01
 0.10176370571928E-01
 0.97496491396795E-02
 0.93470237489707E-02
 0.89669699321024E-02
 0.86080564663731E-02
 0.82689422185100E-02
 0.79483908910067E-02
 0.76451889079477E-02
 0.73582603199810E-02
 0.70865808629944E-02
 0.68291965886162E-02
 0.65852364521041E-02
 0.63538311098331E-02
 0.61342268348703E-02
 0.59257022583078E-02
 0.57276057433365E-02
 0.55392692209674E-02
 0.53601291698073E-02
 0.51896404751400E-02
 0.50273146559527E-02
 0.48726361301589E-02
 0.47251824312008E-02
 0.45845397831111E-02
 0.44503408776988E-02
 0.43221842183702E-02
 0.41997520049253E-02
 0.40827277253688E-02
 0.39708348974485E-02
 0.38637563020755E-02
 0.37612524892945E-02
 0.36630994924524E-02
 0.35690285653847E-02
 0.34788460086959E-02
 0.33923498784532E-02
 0.33093705750437E-02
 0.32296911405294E-02
 0.31531641247564E-02
 0.30796525583473E-02
 0.30089678882239E-02
 0.29409911975091E-02
 0.28755912615124E-02
 0.28126634026230E-02
 0.27520517131996E-02
 0.26936659478442E-02
 0.26374217535122E-02
 0.25831808070180E-02
 0.25308704464095E-02
 0.24804033134145E-02
 0.24317153871212E-02
 0.23846889421005E-02
 0.23392694174666E-02
 0.22954061602642E-02
 0.22529921611677E-02
 0.22119847538688E-02
 0.21723237958864E-02
 0.21339716497240E-02
 0.20968348929579E-02
 0.20608821162295E-02
 0.20260842765461E-02
 0.19923549690915E-02
 0.19596703639418E-02
 0.19279885975364E-02
 0.18972893313598E-02
 0.18674946870942E-02
 0.18385884998149E-02
 0.18105366897027E-02
 0.17833256676729E-02
 0.17568845449121E-02
 0.17312034154852E-02
 0.17062538474762E-02
 0.16820280316999E-02
 0.16584603401428E-02
 0.16355462084260E-02
 0.16132618303155E-02
 0.15916039414312E-02
 0.15705113952921E-02
 0.15499832740270E-02
 0.15299999103312E-02
 0.15105617090223E-02
 0.14916110399973E-02
 0.14731503294861E-02
 0.14551629508421E-02
 0.14376528156848E-02
 0.14205643211941E-02
 0.14039029036423E-02
 0.13876546604940E-02
 0.13718058535524E-02
 0.13563633259408E-02
 0.13412748890017E-02
 0.13265483429720E-02
 0.13121723535928E-02
 0.12981358503814E-02
 0.12844475540580E-02
 0.12710580033526E-02
 0.12579769980762E-02
 0.12451952406007E-02
 0.12327036066145E-02
 0.12205127184533E-02
 0.12085749310826E-02
 0.11969016830973E-02
 0.11854853355699E-02
 0.11743183333103E-02
 0.11634129523592E-02
 0.11527227047123E-02
 0.11422604891896E-02
 0.11320200072714E-02
 0.11219949560540E-02
 0.11121991272007E-02
 0.11025866092575E-02
 0.10931716387746E-02
 0.10839490093901E-02
 0.10749134355592E-02
 0.10660598073548E-02
 0.10574029891165E-02
 0.10488983690231E-02
 0.10405610862659E-02
 0.10323869773435E-02
 0.10243717320149E-02
 0.10165111766681E-02
 0.10088211945661E-02
 0.10012578629505E-02
 0.99383717065203E-03
 0.98655578834583E-03
 0.97941017542425E-03
 0.97239689739391E-03
 0.96551262748321E-03
 0.95877388705895E-03
 0.95213796030242E-03
 0.94562131014338E-03
 0.93922136712397E-03
 0.93293529235695E-03
 0.92676032628536E-03
 0.92069379228785E-03
