 0.10000000133514E-09
 0.10000000133514E-09
 0.10000000133514E-09
 0.10000000133514E-09
 0.10000000133514E-09
 0.10000000133514E-09
 0.10000000133514E-09
 0.10000000133514E-09
 0.10000000133514E-09
 0.10000000133514E-09
 0.10000000133514E-09
 0.10000000133514E-09
 0.10000000133514E-09
 0.10000000133514E-09
 0.10000000133514E-09
 0.10000000133514E-09
 0.97407700050595E-03
 0.97407700050595E-03
 0.19690467299188E-02
 0.26494674808921E-02
 0.34614037389964E-02
 0.44091195456482E-02
 0.54947619293014E-02
 0.67186750654966E-02
 0.80796385612367E-02
 0.95752274127244E-02
 0.11202006395756E-01
 0.12955879496079E-01
 0.14832205807982E-01
 0.16826088688964E-01
 0.18932455828593E-01
 0.21146265273935E-01
 0.23462525312391E-01
 0.25876410539931E-01
 0.28383415188073E-01
 0.30979237982873E-01
 0.33659922528661E-01
 0.36421823860386E-01
 0.39261742541338E-01
 0.42176731089160E-01
 0.45164215108776E-01
 0.48221958934702E-01
 0.51348001499514E-01
 0.54540805962255E-01
 0.57799040887501E-01
 0.61121631992699E-01
 0.64507779744160E-01
 0.67956902167632E-01
 0.71468596518362E-01
 0.75042799040651E-01
 0.78679447742943E-01
 0.82378694307148E-01
 0.86140816431183E-01
 0.89966214378132E-01
 0.93855401559861E-01
 0.97808992837482E-01
 0.10182764330627E+00
 0.10591224010429E+00
 0.11006355783925E+00
 0.11428246083868E+00
 0.11857940259664E+00
 0.12293761161772E+00
 0.12736641567099E+00
 0.13186700296779E+00
 0.13644041757092E+00
 0.14108776894564E+00
 0.14581018961671E+00
 0.15060883160019E+00
 0.15548487526859E+00
 0.16043956709125E+00
 0.16547407837906E+00
 0.17058978205590E+00
 0.17578781479506E+00
 0.18106944506501E+00
 0.18643601081767E+00
 0.19188883412173E+00
 0.19742922622668E+00
 0.20305846336792E+00
 0.20877786453245E+00
 0.21458887530467E+00
 0.22049286724070E+00
 0.22649121619990E+00
 0.23258518687472E+00
 0.23877618543947E+00
 0.24506563528934E+00
 0.25145486274500E+00
 0.25794523176658E+00
 0.26453811114266E+00
 0.27123799827104E+00
 0.27804014643090E+00
 0.28494861577369E+00
 0.29196456507935E+00
 0.29908928754019E+00
 0.30632370179164E+00
 0.31366877196371E+00
 0.32112547742617E+00
 0.32869444721848E+00
 0.33637633441089E+00
 0.34417166409822E+00
 0.35208078305926E+00
 0.36010380968536E+00
 0.36824044621178E+00
 0.37649036823663E+00
 0.38485286152079E+00
 0.39332698084866E+00
 0.40191137196295E+00
 0.41060445861310E+00
 0.41940417225986E+00
 0.42830966471221E+00
 0.43731463358781E+00
 0.44641719363685E+00
 0.45561312442882E+00
 0.46489791619288E+00
 0.47426622117451E+00
 0.48371216294512E+00
 0.49322913891516E+00
 0.50280988494428E+00
 0.51244637883876E+00
 0.52212987472065E+00
 0.53185093570500E+00
 0.54159930268805E+00
 0.55136413451233E+00
 0.56113376664375E+00
 0.57089574020959E+00
 0.58063729458729E+00
 0.59034457237058E+00
 0.60000374480000E+00
 0.60960106163717E+00
 0.61911991971674E+00
 0.62854661046530E+00
 0.63786551152109E+00
 0.64706062264590E+00
 0.65611636997643E+00
 0.66501830189582E+00
 0.67375226193519E+00
 0.68230469816068E+00
 0.69066320734633E+00
 0.69881686472348E+00
 0.70675664694274E+00
 0.71447527285855E+00
 0.72196700650495E+00
 0.72922969009441E+00
 0.73626295646091E+00
 0.74306893900310E+00
 0.74965147684368E+00
 0.75601689164088E+00
 0.76217324807681E+00
 0.76812997359031E+00
 0.77389733017040E+00
 0.77948634682446E+00
 0.78490826390720E+00
 0.79017403750729E+00
 0.79529506237894E+00
 0.80028165688552E+00
 0.80514320061931E+00
 0.80988861528120E+00
 0.81452627009692E+00
 0.81906362645229E+00
 0.82350740875567E+00
 0.82786366286976E+00
 0.83213773818296E+00
 0.83633436262202E+00
 0.84045774086109E+00
 0.84451153661997E+00
 0.84849898392371E+00
 0.85242299149023E+00
 0.85628594038814E+00
 0.86009010317584E+00
 0.86383741926496E+00
 0.86752957005352E+00
 0.87116809460639E+00
 0.87475436813056E+00
 0.87828956092133E+00
 0.88177478475577E+00
 0.88521096868736E+00
 0.88859898110020E+00
 0.89193973453002E+00
 0.89523389477609E+00
 0.89848222424263E+00
 0.90168532215396E+00
 0.90484384327385E+00
 0.90795838166640E+00
 0.91102947636800E+00
 0.91405768707129E+00
 0.91704356463836E+00
 0.91998763702376E+00
 0.92289033279248E+00
 0.92575223044727E+00
 0.92857380511061E+00
 0.93135553002955E+00
 0.93409791625482E+00
 0.93680142159406E+00
 0.93946653317780E+00
 0.94209375026322E+00
 0.94468350843362E+00
 0.94723634324113E+00
 0.94975264162204E+00
 0.95223295423812E+00
 0.95467770495580E+00
 0.95708727856282E+00
 0.95946236013491E+00
 0.96180333101602E+00
 0.96411060848972E+00
 0.96638469991636E+00
 0.96862604461456E+00
 0.97083510408828E+00
 0.97301234379139E+00
 0.97515822782124E+00
 0.97727319022038E+00
 0.97935768309527E+00
 0.98141216142720E+00
 0.98343707226742E+00
 0.98543284057213E+00
 0.98739989845871E+00
 0.98933868921710E+00
 0.99124963686328E+00
 0.99313315602851E+00
 0.99498966807837E+00
 0.99681958259729E+00
 0.99862331757658E+00
 0.10004012700513E+01
 0.10021538386471E+01
 0.10038814184768E+01
 0.10055843987873E+01
 0.10072631627788E+01
 0.10089180892617E+01
 0.10105495501865E+01
 0.10121579173075E+01
 0.10137435512237E+01
 0.10153068109069E+01
 0.10168480495951E+01
 0.10183676126926E+01
 0.10198658445616E+01
 0.10213430821649E+01
 0.10227996584851E+01
 0.10242358991658E+01
 0.10256521264362E+01
 0.10270486574362E+01
 0.10284258055449E+01
 0.10297838768832E+01
 0.10311231745341E+01
 0.10324439902146E+01
 0.10337466265739E+01
 0.10350313622584E+01
 0.10362984819013E+01
 0.10375482630031E+01
 0.10387809786220E+01
 0.10399968972529E+01
 0.10411962817360E+01
 0.10423793943264E+01
 0.10435464904725E+01
 0.10446978181000E+01
 0.10458336264192E+01
 0.10469541572751E+01
 0.10480596499838E+01
 0.10491503373889E+01
 0.10502264482704E+01
 0.10512882115180E+01
 0.10523358490176E+01
 0.10533695772601E+01
 0.10543896132713E+01
 0.10553961655015E+01
 0.10563894427327E+01
 0.10573696485752E+01
 0.10583369831432E+01
 0.10592916429823E+01
 0.10602338211720E+01
 0.10611637076954E+01
 0.10620814889528E+01
 0.10629873484206E+01
 0.10638814660843E+01
 0.10647640191070E+01
 0.10656351813644E+01
 0.10664951237517E+01
 0.10673440140235E+01
 0.10681820172835E+01
 0.10690092956081E+01
 0.10698260083520E+01
 0.10706323121889E+01
 0.10714283610140E+01
 0.10722143061705E+01
 0.10729902962073E+01
 0.10737564772936E+01
 0.10745129930343E+01
 0.10752599845621E+01
 0.10759975905958E+01
 0.10767259474564E+01
 0.10774451891724E+01
 0.10781554474742E+01
 0.10788568518636E+01
 0.10795495296888E+01
 0.10802336060911E+01
 0.10809092041267E+01
 0.10815764447373E+01
 0.10822354469923E+01
 0.10828863277507E+01
 0.10835292019830E+01
 0.10841641827094E+01
 0.10847913811530E+01
 0.10854109066252E+01
