 0.00000000000000E+00
 0.00000000000000E+00
 0.00000000000000E+00
 0.00000000000000E+00
 0.10949492519083E-35
 0.23236046460822E-31
 0.28622751237671E-28
 0.59514626907550E-26
 0.37795927267510E-24
 0.10464120580945E-22
 0.15839178708214E-21
 0.15243758702578E-20
 0.10355401854040E-19
 0.53502755623536E-19
 0.22207315756813E-18
 0.77153040567587E-18
 0.31580819379682E-14
 0.83922045809398E-14
 0.97785725224931E-13
 0.41387540541067E-12
 0.15050174987143E-11
 0.48626315928332E-11
 0.14179669076872E-10
 0.37808993041199E-10
 0.93200518975806E-10
 0.21436845798510E-09
 0.46371304074262E-09
 0.94977012622378E-09
 0.18526647920956E-08
 0.34591645918814E-08
 0.62093721601345E-08
 0.10756906600438E-07
 0.18044654114038E-07
 0.29397813648992E-07
 0.46635916582097E-07
 0.72205396657407E-07
 0.10933408790401E-06
 0.16220902875425E-06
 0.23617791696669E-06
 0.33797640604913E-06
 0.47598078854530E-06
 0.66048739688951E-06
 0.90401943952786E-06
 0.12216581569074E-05
 0.16314117947948E-05
 0.21545942767508E-05
 0.28162539817807E-05
 0.36456226597890E-05
 0.46765582205019E-05
 0.59481124198436E-05
 0.75050061897685E-05
 0.93982169135876E-05
 0.11685562788676E-04
 0.14432325013569E-04
 0.17711939729289E-04
 0.21606533489783E-04
 0.26207819254279E-04
 0.31617804553243E-04
 0.37949441570942E-04
 0.45327526710103E-04
 0.53902140074457E-04
 0.63802117691319E-04
 0.75203351849223E-04
 0.88286751064064E-04
 0.10324994756947E-03
 0.12030798879270E-03
 0.13969448257679E-03
 0.16166283498832E-03
 0.18648737610119E-03
 0.21446484162124E-03
 0.24591585127511E-03
 0.28118504598647E-03
 0.32064429213913E-03
 0.36469344701173E-03
 0.41376243859394E-03
 0.46831263583958E-03
 0.52883884782315E-03
 0.59587135113902E-03
 0.66997968698971E-03
 0.75177008239790E-03
 0.84189496281600E-03
 0.94105103322838E-03
 0.10499824310632E-02
 0.11694856113164E-02
 0.13004125514955E-02
 0.14436755915713E-02
 0.16002418166941E-02
 0.17711535963023E-02
 0.19575628333964E-02
 0.21605835504778E-02
 0.23815189824878E-02
 0.26217315184229E-02
 0.28826664567781E-02
 0.31658800224170E-02
 0.34730350566058E-02
 0.38059134356702E-02
 0.41664269191338E-02
 0.45566044453554E-02
 0.49786429066820E-02
 0.54348897356797E-02
 0.59278725927266E-02
 0.64602691784967E-02
 0.70349891199574E-02
 0.76551426742466E-02
 0.83240721342412E-02
 0.90453838287002E-02
 0.98229161870037E-02
 0.10660835714175E-01
 0.11563713460408E-01
 0.12536160655054E-01
 0.13583443483837E-01
 0.14711139738933E-01
 0.15925215657174E-01
 0.17232134583633E-01
 0.18638870591913E-01
 0.20152859995386E-01
 0.21782173520848E-01
 0.23535499838111E-01
 0.25422104376469E-01
 0.27452050087239E-01
 0.29636031041823E-01
 0.31985651222532E-01
 0.34513188265477E-01
 0.37231855723803E-01
 0.40155685360771E-01
 0.43299566095347E-01
 0.46679162569516E-01
 0.50311133883661E-01
 0.54212212593311E-01
 0.58400025604295E-01
 0.62892406187184E-01
 0.67706749721725E-01
 0.72859983202852E-01
 0.78367684309234E-01
 0.84243487042238E-01
 0.90498137288331E-01
 0.97138649502198E-01
 0.10416740204018E+00
 0.11158106625524E+00
 0.11936988192916E+00
 0.12751679310207E+00
 0.13599816502870E+00
 0.14478248410342E+00
 0.15383170307994E+00
 0.16310206044410E+00
 0.17254534425864E+00
 0.18211068101454E+00
 0.19174625095725E+00
 0.20140076133555E+00
 0.21102536481137E+00
 0.22057452724157E+00
 0.23000716823215E+00
 0.23928726645369E+00
 0.24838429037621E+00
 0.25727257905287E+00
 0.26593170782978E+00
 0.27434603859650E+00
 0.28250425882849E+00
 0.29039882622208E+00
 0.29802546046462E+00
 0.30538271928163E+00
 0.31247051556455E+00
 0.31929353811134E+00
 0.32585517255738E+00
 0.33216095915664E+00
 0.33821737693237E+00
 0.34403134625867E+00
 0.34961096753152E+00
 0.35496399601076E+00
 0.36009858995881E+00
 0.36502300306719E+00
 0.36974547554286E+00
 0.37427415483838E+00
 0.37861686449653E+00
 0.38278184386992E+00
 0.38677651516129E+00
 0.39060830024194E+00
 0.39428433058050E+00
 0.39781129965315E+00
 0.40119625398674E+00
 0.40444534796355E+00
 0.40756467956344E+00
 0.41055985324604E+00
 0.41343690642230E+00
 0.41620094003595E+00
 0.41885703744860E+00
 0.42140980373331E+00
 0.42386434470403E+00
 0.42622482240861E+00
 0.42849542757261E+00
 0.43067992088051E+00
 0.43278258118860E+00
 0.43480678431388E+00
 0.43675597686718E+00
 0.43863319037557E+00
 0.44044204061908E+00
 0.44218523448971E+00
 0.44386535948877E+00
 0.44548560501894E+00
 0.44705166221335E+00
 0.44855910867888E+00
 0.45001374167442E+00
 0.45141776614952E+00
 0.45277329265158E+00
 0.45408232024429E+00
 0.45534676344363E+00
 0.45656844268881E+00
 0.45774909408420E+00
 0.45889036990666E+00
 0.45999385131861E+00
 0.46106104332837E+00
 0.46209338159398E+00
 0.46309223804600E+00
 0.46405891974952E+00
 0.46499467762673E+00
 0.46590070422008E+00
 0.46677814034325E+00
 0.46762807439620E+00
 0.46845154736454E+00
 0.46924955582673E+00
 0.47002305156254E+00
 0.47077294413959E+00
 0.47150010486062E+00
 0.47220536832878E+00
 0.47288953203149E+00
 0.47355335944693E+00
 0.47419758338506E+00
 0.47482290460801E+00
 0.47542999488323E+00
 0.47601949806361E+00
 0.47659203215098E+00
 0.47714818853754E+00
 0.47768853542925E+00
 0.47821361696969E+00
 0.47872395672739E+00
 0.47922005651818E+00
 0.47970239783475E+00
 0.48017144341650E+00
 0.48062763798141E+00
 0.48107140870560E+00
 0.48150316545779E+00
 0.48192330331008E+00
 0.48233220119068E+00
 0.48273022509552E+00
 0.48311772421615E+00
 0.48349503709211E+00
 0.48386248838481E+00
 0.48422039079373E+00
 0.48456904570016E+00
 0.48490874257538E+00
 0.48523976088589E+00
 0.48556236997575E+00
 0.48587682849655E+00
 0.48618338644637E+00
 0.48648228476942E+00
 0.48677375544330E+00
 0.48705802298242E+00
 0.48733530249560E+00
 0.48760580296109E+00
 0.48786972516156E+00
 0.48812726340350E+00
 0.48837860471128E+00
 0.48862393001234E+00
 0.48886341395594E+00
 0.48909722543067E+00
 0.48932552697019E+00
 0.48954847620063E+00
 0.48976622532191E+00
 0.48997892127884E+00
 0.49018670660674E+00
 0.49038971812734E+00
 0.49058808906202E+00
 0.49078194798791E+00
 0.49097141926544E+00
 0.49115662347896E+00
 0.49133767656308E+00
 0.49151469151581E+00
 0.49168777740492E+00
 0.49185703987381E+00
 0.49202258122189E+00
 0.49218450082903E+00
 0.49234289412207E+00
 0.49249785431397E+00
 0.49264947149811E+00
 0.49279783297366E+00
 0.49294302335529E+00
 0.49308512498613E+00
 0.49322421673700E+00
 0.49336037604662E+00
 0.49349367770889E+00
 0.49362419427123E+00
 0.49375199609564E+00
 0.49387715147669E+00
 0.49399972700248E+00
 0.49411978627442E+00
 0.49423739207269E+00
 0.49435260499797E+00
 0.49446548386945E+00
 0.49457608582388E+00
 0.49468446633844E+00
