 0.00000000000000E+00
 0.00000000000000E+00
 0.00000000000000E+00
 0.00000000000000E+00
 0.13127497861867E-77
 0.12545462920130E-64
 0.23449528291312E-55
 0.21080025347748E-48
 0.53992693869002E-43
 0.11457983410444E-38
 0.39737263767250E-35
 0.35422252894679E-32
 0.11104547160000E-29
 0.15315403012781E-27
 0.10951865852688E-25
 0.45925968671662E-24
 0.12409675818637E-22
 0.23249051019410E-21
 0.31997779775245E-20
 0.33884032800049E-19
 0.28662135275643E-18
 0.19969471178877E-17
 0.11753711246645E-16
 0.59688755296502E-16
 0.26621125895627E-15
 0.10584846954926E-14
 0.38003614162579E-14
 0.12456541007443E-13
 0.37627964203498E-13
 0.10561172112842E-12
 0.27739826750512E-12
 0.68610061381877E-12
 0.16067451558884E-11
 0.35800114889958E-11
 0.76217261182796E-11
 0.15563562391942E-10
 0.30586172787521E-10
 0.58026054936864E-10
 0.10655639471023E-09
 0.18987225202752E-09
 0.32902525994525E-09
 0.55558595437139E-09
 0.91583674969901E-09
 0.14761815870327E-08
 0.23300817256841E-08
 0.36066793108182E-08
 0.54814248446469E-08
 0.81889977042498E-08
 0.12038508078119E-07
 0.17431847689199E-07
 0.24884663666463E-07
 0.35050694386664E-07
 0.48749468461648E-07
 0.66997561121892E-07
 0.91044059227527E-07
 0.12240748683301E-06
 0.16292096906219E-06
 0.21477732027898E-06
 0.28057998281090E-06
 0.36339764268794E-06
 0.46682333802867E-06
 0.59503542495360E-06
 0.75287039214203E-06
 0.94587773145207E-06
 0.11804151165824E-05
 0.14637147135442E-05
 0.18039690333270E-05
 0.22104182406365E-05
 0.26934418904235E-05
 0.32646554119596E-05
 0.39370303992026E-05
 0.47249307826054E-05
 0.56443254886280E-05
 0.67128449862760E-05
 0.79499225997616E-05
 0.93769291191209E-05
 0.11017316480591E-04
 0.12896771876696E-04
 0.15043451304100E-04
 0.17487902287272E-04
 0.20263623516622E-04
 0.23407044443929E-04
 0.26957810228084E-04
 0.30959037382383E-04
 0.35457593154583E-04
 0.40504572030435E-04
 0.46154991878121E-04
 0.52469102537617E-04
 0.59512311586783E-04
 0.67355451444406E-04
 0.76075793218805E-04
 0.85757674701151E-04
 0.96491983848551E-04
 0.10837871311063E-03
 0.12152666685843E-03
 0.13605470431350E-03
 0.15209335612506E-03
 0.16978402320049E-03
 0.18928337119347E-03
 0.21076298366235E-03
 0.23441245723758E-03
 0.26043855276179E-03
 0.28907180309280E-03
 0.32056651564524E-03
 0.35520458803158E-03
 0.39330033840513E-03
 0.43520003673538E-03
 0.48129327337813E-03
 0.53201679668420E-03
 0.58785204688277E-03
 0.64934661195678E-03
 0.71711539002641E-03
 0.79184606534548E-03
 0.87431998066208E-03
 0.96542175217328E-03
 0.10661472510737E-02
 0.11776343022292E-02
 0.13011783732901E-02
 0.14382476361731E-02
 0.15905308788824E-02
 0.17599474519537E-02
 0.19487104290188E-02
 0.21593442716540E-02
 0.23947629291402E-02
 0.26583033723084E-02
 0.29538169052275E-02
 0.32857180261187E-02
 0.36591094638343E-02
 0.40798085385555E-02
 0.45545077348879E-02
 0.50908672109120E-02
 0.56975713146577E-02
 0.63844651587069E-02
 0.71626017554244E-02
 0.80443120527325E-02
 0.90431615988704E-02
 0.10173914052382E-01
 0.11452396484799E-01
 0.12895242166890E-01
 0.14519567051465E-01
 0.16342485685570E-01
 0.18380720778168E-01
 0.20649819473173E-01
 0.23163594235067E-01
 0.25933505636149E-01
 0.28968081778365E-01
 0.32272541570490E-01
 0.35848516518383E-01
 0.39693878801337E-01
 0.43802956525281E-01
 0.48166606508859E-01
 0.52772658730417E-01
 0.57606359926211E-01
 0.62650916352111E-01
 0.67887780183615E-01
 0.73297325558789E-01
 0.78859289748144E-01
 0.84553203251185E-01
 0.90358704610285E-01
 0.96255823945905E-01
 0.10222529332375E+00
 0.10824778383943E+00
 0.11430761081035E+00
 0.12038759476433E+00
 0.12647255965377E+00
 0.13254851877747E+00
 0.13860241462448E+00
 0.14462312873252E+00
 0.15059994517570E+00
 0.15652349492342E+00
 0.16238547845873E+00
 0.16817859090021E+00
 0.17389645684576E+00
 0.17953330280607E+00
 0.18508500154526E+00
 0.19054733255256E+00
 0.19591705812739E+00
 0.20119154135172E+00
 0.20636840069658E+00
 0.21144675173936E+00
 0.21642519075079E+00
 0.22130305820827E+00
 0.22607967343207E+00
 0.23075584794691E+00
 0.23533152610966E+00
 0.23980729432502E+00
 0.24418354389705E+00
 0.24846212617047E+00
 0.25264379353735E+00
 0.25672986234664E+00
 0.26072133252806E+00
 0.26462064712336E+00
 0.26842898362206E+00
 0.27214804441516E+00
 0.27577910410632E+00
 0.27932492332315E+00
 0.28278684041691E+00
 0.28616619947447E+00
 0.28946588392554E+00
 0.29269427845838E+00
 0.29583905842513E+00
 0.29890923315071E+00
 0.30190664429016E+00
 0.30483312059940E+00
 0.30769045579687E+00
 0.31048043965930E+00
 0.31320481986699E+00
 0.31586531626699E+00
 0.31846361756768E+00
 0.32100138745911E+00
 0.32348024382070E+00
 0.32590177362937E+00
 0.32826753215486E+00
 0.33057903410278E+00
 0.33283775494757E+00
 0.33504513738356E+00
 0.33720258832868E+00
 0.33931147759419E+00
 0.34137313301608E+00
 0.34338885523363E+00
 0.34535990392327E+00
 0.34728750495861E+00
 0.34917284880242E+00
 0.35101709580793E+00
 0.35282136969958E+00
 0.35458676114306E+00
 0.35631433335316E+00
 0.35800511498902E+00
 0.35966010509646E+00
 0.36128027332706E+00
 0.36286656238095E+00
 0.36441988422063E+00
 0.36594112487676E+00
 0.36743114349439E+00
 0.36889077450823E+00
 0.37032082617530E+00
 0.37172208274022E+00
 0.37309530476911E+00
 0.37444123073686E+00
 0.37576057581372E+00
 0.37705403400602E+00
 0.37832227930807E+00
 0.37956596398047E+00
 0.38078572361138E+00
 0.38198217015581E+00
 0.38315590029091E+00
 0.38430749294670E+00
 0.38543750863988E+00
 0.38654649293224E+00
 0.38763497190480E+00
 0.38870345912139E+00
 0.38975245353102E+00
 0.39078243542564E+00
 0.39179387377775E+00
 0.39278722442942E+00
 0.39376292781356E+00
 0.39472141364681E+00
 0.39566309704391E+00
 0.39658838188268E+00
 0.39749766153570E+00
 0.39839131645712E+00
 0.39926971665677E+00
 0.40013322192741E+00
 0.40098218158882E+00
 0.40181693557986E+00
 0.40263781261303E+00
 0.40344513377188E+00
 0.40423921067470E+00
 0.40502034590595E+00
 0.40578883451398E+00
 0.40654496133499E+00
 0.40728900527526E+00
 0.40802123693665E+00
 0.40874191947662E+00
 0.40945130961074E+00
 0.41014965477608E+00
 0.41083719808989E+00
 0.41151417520863E+00
 0.41218081550436E+00
 0.41283734221076E+00
 0.41348397344172E+00
 0.41412091924189E+00
 0.41474838615697E+00
 0.41536657467850E+00
 0.41597568004397E+00
 0.41657589239256E+00
 0.41716739782437E+00
 0.41775037493064E+00
 0.41832500034927E+00
 0.41889144533397E+00
 0.41944987674850E+00
 0.42000045721495E+00
 0.42054334522861E+00
 0.42107869624035E+00
 0.42160665883059E+00
 0.42212738089444E+00
 0.42264100565187E+00
 0.42314767274144E+00
 0.42364751835700E+00
 0.42414067534229E+00
