                  NaN
                  NaN
                  NaN
                  NaN
 0.10000000133514E-09
 0.10000000133514E-09
 0.10000000133514E-09
 0.10000000133514E-09
 0.10000000133514E-09
 0.10000000133517E-09
 0.10000000133562E-09
 0.10000000133995E-09
 0.10000000137693E-09
 0.10000000178191E-09
 0.10000000693301E-09
 0.10000006317558E-09
 0.13640697930616E-06
 0.13648167553165E-06
 0.66359368330110E-06
 0.12790025054315E-05
 0.22826482271395E-05
 0.38614438690838E-05
 0.62365165210609E-05
 0.96745914486622E-05
 0.14488129460868E-04
 0.21034738417548E-04
 0.29715368481692E-04
 0.40972841644898E-04
 0.55289308768072E-04
 0.73184826569921E-04
 0.95215597773820E-04
 0.12197282924665E-03
 0.15408147445944E-03
 0.19219997408225E-03
 0.23702174795092E-03
 0.28927333686762E-03
 0.34971667276088E-03
 0.41914933193445E-03
 0.49840833212884E-03
 0.58836761474304E-03
 0.68994222848436E-03
 0.80408938622558E-03
 0.93180841390332E-03
 0.10741476613963E-02
 0.12322020436673E-02
 0.14071114628737E-02
 0.16000702990619E-02
 0.18123244888062E-02
 0.20451711788957E-02
 0.22999724693688E-02
 0.25781402612169E-02
 0.28811479143591E-02
 0.32105290980229E-02
 0.35678802853467E-02
 0.39548644828226E-02
 0.43732076906541E-02
 0.48247045117884E-02
 0.53112322233260E-02
 0.58347245820989E-02
 0.63971926548813E-02
 0.70023598849612E-02
 0.76493577959644E-02
 0.83418685578004E-02
 0.90822352804881E-02
 0.98728791643117E-02
 0.10716311868380E-01
 0.11615133238861E-01
 0.12572042044144E-01
 0.13589831820483E-01
 0.14671409468646E-01
 0.15819779358481E-01
 0.17038060921165E-01
 0.18329467980535E-01
 0.19697346116408E-01
 0.21145177426161E-01
 0.22676561087276E-01
 0.24295224885124E-01
 0.26005030837368E-01
 0.27810007994288E-01
 0.29714307027104E-01
 0.31722272995554E-01
 0.33838401943936E-01
 0.36067330987382E-01
 0.38413908699307E-01
 0.40883190374703E-01
 0.43480419357120E-01
 0.46210976293579E-01
 0.49080551125224E-01
 0.52096080359502E-01
 0.55261709571114E-01
 0.58584696660885E-01
 0.62071677962115E-01
 0.65729492126388E-01
 0.69565271425867E-01
 0.73586437729342E-01
 0.77800739666113E-01
 0.82216204178846E-01
 0.86841061632442E-01
 0.91684030907804E-01
 0.96754092317426E-01
 0.10206062118791E+00
 0.10761304745201E+00
 0.11342144295014E+00
 0.11949608636942E+00
 0.12584761697537E+00
 0.13248709868740E+00
 0.13942573538477E+00
 0.14667525837028E+00
 0.15424877357001E+00
 0.16215630827244E+00
 0.17041146156884E+00
 0.17902698913063E+00
 0.18801577954892E+00
 0.19739100515735E+00
 0.20716609478895E+00
 0.21735420272121E+00
 0.22796879563627E+00
 0.23902328621382E+00
 0.25053061624174E+00
 0.26250388439421E+00
 0.27495538053095E+00
 0.28789749210221E+00
 0.30134125877748E+00
 0.31529712455284E+00
 0.32977455489305E+00
 0.34478114344422E+00
 0.36032282738215E+00
 0.37640424399202E+00
 0.39302416109265E+00
 0.41018048978518E+00
 0.42786654577772E+00
 0.44606935687262E+00
 0.46477058982816E+00
 0.48394418919452E+00
 0.50355564598002E+00
 0.52356117978925E+00
 0.54390693668086E+00
 0.56452880377705E+00
 0.58535200934199E+00
 0.60629204649353E+00
 0.62725510920935E+00
 0.64814350948372E+00
 0.66885325683171E+00
 0.68928033213430E+00
 0.70932328703951E+00
 0.72888647379305E+00
 0.74788346222915E+00
 0.76623947381080E+00
 0.78389257641379E+00
 0.80079532810251E+00
 0.81691413157003E+00
 0.83222894325558E+00
 0.84673217015114E+00
 0.86042752492235E+00
 0.87332693297763E+00
 0.88545012054913E+00
 0.89682268906268E+00
 0.90747451302632E+00
 0.91743834652784E+00
 0.92674872807380E+00
 0.93544109809956E+00
 0.94355006261479E+00
 0.95111259040476E+00
 0.95816192823415E+00
 0.96473106957896E+00
 0.97085160947188E+00
 0.97655334240528E+00
 0.98186503469157E+00
 0.98681322776914E+00
 0.99142298601534E+00
 0.99571778324839E+00
 0.99971952978080E+00
 0.10034486203531E+01
 0.10069239157003E+01
 0.10101633196839E+01
 0.10131830664102E+01
 0.10159983977493E+01
 0.10186233773730E+01
 0.10210709798993E+01
 0.10233535594491E+01
 0.10254822355530E+01
 0.10274674223584E+01
 0.10293186574762E+01
 0.10310451319639E+01
 0.10326550439283E+01
 0.10341560993998E+01
 0.10355553195409E+01
 0.10368595961232E+01
 0.10380749792706E+01
 0.10392071986603E+01
 0.10402614893424E+01
 0.10412430127028E+01
 0.10421562771495E+01
 0.10430055818458E+01
 0.10437948273223E+01
 0.10445279481341E+01
 0.10452082958022E+01
 0.10458390494556E+01
 0.10464234083010E+01
 0.10469652427686E+01
 0.10474648644784E+01
 0.10479259413018E+01
 0.10483507707562E+01
 0.10487415219238E+01
 0.10491002110525E+01
 0.10494287297992E+01
 0.10497288540979E+01
 0.10500022488601E+01
 0.10502504681897E+01
 0.10504749752880E+01
 0.10506771462877E+01
 0.10508582690396E+01
 0.10510195537739E+01
 0.10511621356964E+01
 0.10512870909901E+01
 0.10513954236800E+01
 0.10514880812117E+01
 0.10515659520629E+01
 0.10516298793588E+01
 0.10516806530681E+01
 0.10517190194871E+01
 0.10517456793705E+01
 0.10517612967878E+01
 0.10517664968274E+01
 0.10517618690644E+01
 0.10517479703486E+01
 0.10517253265036E+01
 0.10516944343250E+01
 0.10516557633242E+01
 0.10516097571395E+01
 0.10515568353262E+01
 0.10514973941386E+01
 0.10514318094483E+01
 0.10513604350108E+01
 0.10512836077961E+01
 0.10512016460843E+01
 0.10511148503503E+01
 0.10510235059887E+01
 0.10509278832046E+01
 0.10508282386616E+01
 0.10507248138928E+01
 0.10506178395194E+01
 0.10505075333814E+01
 0.10503941031669E+01
 0.10502777433020E+01
 0.10501586413693E+01
 0.10500369728361E+01
 0.10499129055255E+01
 0.10497865980420E+01
 0.10496582018921E+01
 0.10495278598906E+01
 0.10493957074070E+01
 0.10492618741636E+01
 0.10491264826843E+01
 0.10489896487256E+01
 0.10488514831229E+01
 0.10487120912130E+01
 0.10485715715832E+01
 0.10484300203706E+01
 0.10482875261435E+01
 0.10481441753873E+01
 0.10480000487442E+01
 0.10478552232976E+01
 0.10477097722991E+01
 0.10475637653516E+01
 0.10474172684937E+01
 0.10472703444424E+01
 0.10471230528409E+01
 0.10469754502277E+01
 0.10468275906315E+01
 0.10466795247901E+01
 0.10465313013158E+01
 0.10463829662444E+01
 0.10462345632397E+01
 0.10460861337209E+01
 0.10459377171299E+01
 0.10457893507464E+01
 0.10456410699376E+01
 0.10454929082999E+01
 0.10453448976847E+01
 0.10451970682929E+01
 0.10450494486930E+01
 0.10449020660096E+01
 0.10447549459159E+01
 0.10446081126908E+01
 0.10444615893081E+01
 0.10443153974874E+01
 0.10441695577510E+01
 0.10440240895242E+01
 0.10438790111399E+01
 0.10437343399119E+01
 0.10435900921335E+01
 0.10434462832231E+01
 0.10433029276564E+01
 0.10431600391212E+01
 0.10430176304286E+01
 0.10428757136276E+01
 0.10427343000105E+01
 0.10425934002060E+01
 0.10424530241436E+01
