 0.10897039088326E+00
 0.10897039088315E+00
 0.10897039088202E+00
 0.10897039088485E+00
 0.10897039093249E+00
 0.10897039114299E+00
 0.10897039173984E+00
 0.10897039305254E+00
 0.10897039545327E+00
 0.10897039913533E+00
 0.10897040360393E+00
 0.10897040679544E+00
 0.10897040385109E+00
 0.10897038568407E+00
 0.10897050216472E+00
 0.10897040230084E+00
 0.10897040309633E+00
 0.10897030026179E+00
 0.10897025355317E+00
 0.10897004144546E+00
 0.10896985916302E+00
 0.10896946735997E+00
 0.10896909454383E+00
 0.10896845939842E+00
 0.10896781594763E+00
 0.10896684717732E+00
 0.10896582292499E+00
 0.10896440740438E+00
 0.10896287045102E+00
 0.10896087193492E+00
 0.10895866751571E+00
 0.10895592521576E+00
 0.10895272295552E+00
 0.10894918000584E+00
 0.10894493287075E+00
 0.10894005008127E+00
 0.10893446507073E+00
 0.10892826802461E+00
 0.10892105196082E+00
 0.10891286609214E+00
 0.10890360989202E+00
 0.10889316919742E+00
 0.10888159355211E+00
 0.10886841763969E+00
 0.10885365194627E+00
 0.10883714496312E+00
 0.10881873129359E+00
 0.10879839909814E+00
 0.10877564325130E+00
 0.10875041554103E+00
 0.10872250812592E+00
 0.10869169935897E+00
 0.10865775599984E+00
 0.10862043315636E+00
 0.10857963819597E+00
 0.10853478458114E+00
 0.10848574530468E+00
 0.10843222979563E+00
 0.10837393433953E+00
 0.10831054314447E+00
 0.10824168398242E+00
 0.10816709620745E+00
 0.10808655293967E+00
 0.10799937241161E+00
 0.10790533051268E+00
 0.10780403828061E+00
 0.10769509284562E+00
 0.10757807826274E+00
 0.10745256544412E+00
 0.10731811145917E+00
 0.10717441743521E+00
 0.10702070531094E+00
 0.10685664088180E+00
 0.10668172615249E+00
 0.10649544686403E+00
 0.10629727393931E+00
 0.10608666335113E+00
 0.10586305500475E+00
 0.10562602383570E+00
 0.10537467919171E+00
 0.10510855474299E+00
 0.10482702257549E+00
 0.10452943801749E+00
 0.10421513603381E+00
 0.10388343178475E+00
 0.10353376428167E+00
 0.10316513441985E+00
 0.10277693315920E+00
 0.10236832752278E+00
 0.10193866126729E+00
 0.10148707046099E+00
 0.10101285699210E+00
 0.10051491816560E+00
 0.99992509785009E-01
 0.99444740767878E-01
 0.98870697911536E-01
 0.98269562957925E-01
 0.97640167102333E-01
 0.96981639528920E-01
 0.96292995080043E-01
 0.95573317959942E-01
 0.94821413534397E-01
 0.94036334995272E-01
 0.93217045465424E-01
 0.92362499920431E-01
 0.91471731810086E-01
 0.90543525407645E-01
 0.89576919537771E-01
 0.88570870571287E-01
 0.87524398301620E-01
 0.86436508964128E-01
 0.85306316847783E-01
 0.84132804654869E-01
 0.82915184635189E-01
 0.81652721183453E-01
 0.80344629080693E-01
 0.78990346715568E-01
 0.77589421529381E-01
 0.76141421120193E-01
 0.74646196138658E-01
 0.73103653598331E-01
 0.71513991626891E-01
 0.69877547314737E-01
 0.68195009612568E-01
 0.66467239275165E-01
 0.64695543492545E-01
 0.62881497884281E-01
 0.61027087457499E-01
 0.59134938516497E-01
 0.57207979748752E-01
 0.55249778319563E-01
 0.53264583526341E-01
 0.51257238101079E-01
 0.49233276187740E-01
 0.47198945770533E-01
 0.45161172068977E-01
 0.43127488288419E-01
 0.41105910555253E-01
 0.39104864497786E-01
 0.37132953486877E-01
 0.35198808631828E-01
 0.33310652693155E-01
 0.31476322540319E-01
 0.29702872997351E-01
 0.27996411467742E-01
 0.26361933301900E-01
 0.24803191723277E-01
 0.23322677085294E-01
 0.21921676350817E-01
 0.20600300822255E-01
 0.19357677195175E-01
 0.18192058651683E-01
 0.17100995803927E-01
 0.16081502145713E-01
 0.15130246603687E-01
 0.14243642654286E-01
 0.13417968931314E-01
 0.12649467732716E-01
 0.11934422823836E-01
 0.11269216877297E-01
 0.10650363571490E-01
 0.10074630879831E-01
 0.95386959285556E-02
 0.90396967406644E-02
 0.85748718190014E-02
 0.81416483707311E-02
 0.77376574107585E-02
 0.73606527314117E-02
 0.70086090657839E-02
 0.66796421117402E-02
 0.63720146409306E-02
 0.60841274164326E-02
 0.58145096918209E-02
 0.55618220694022E-02
 0.53247914258021E-02
 0.51022884534962E-02
 0.48932596867802E-02
 0.46967383744053E-02
 0.45118470882031E-02
 0.43377388485690E-02
 0.41736722016851E-02
 0.40189519438981E-02
 0.38729514988756E-02
 0.37350510086437E-02
 0.36047195339565E-02
 0.34814536537291E-02
 0.33648014615837E-02
 0.32543047614742E-02
 0.31495796489184E-02
 0.30502576528879E-02
 0.29560104336608E-02
 0.28664944624144E-02
 0.27814297498206E-02
 0.27005435111547E-02
 0.26235955851844E-02
 0.25503238826915E-02
 0.24805230543774E-02
 0.24140021636239E-02
 0.23505444346311E-02
 0.22898102229048E-02
 0.22319924361293E-02
 0.21767547402421E-02
 0.21239532879763E-02
 0.20734532028950E-02
 0.20251292355608E-02
 0.19788629169700E-02
 0.19345442409537E-02
 0.18920699951710E-02
 0.18513432952999E-02
 0.18122729119938E-02
 0.17747738746240E-02
 0.17387660472480E-02
 0.17041739728336E-02
 0.16709268230606E-02
 0.16389582135316E-02
 0.16082054352445E-02
 0.15786092955041E-02
 0.15501140919615E-02
 0.15226675741440E-02
 0.14962201003618E-02
 0.14707249639970E-02
 0.14461381191939E-02
 0.14224178988200E-02
 0.13995247836499E-02
 0.13774215653427E-02
 0.13560730885884E-02
 0.13354458279275E-02
 0.13155082381991E-02
 0.12962303727646E-02
 0.12775838761554E-02
 0.12595417090447E-02
 0.12420783863538E-02
 0.12251696486615E-02
 0.12087924942745E-02
 0.11929249696539E-02
 0.11775463030404E-02
 0.11626367380012E-02
 0.11481774716763E-02
 0.11341505240712E-02
 0.11205388968858E-02
 0.11073263710991E-02
 0.10944974847433E-02
 0.10820374434558E-02
 0.10699321691812E-02
 0.10581683320534E-02
 0.10467330789363E-02
 0.10356142322635E-02
 0.10248000775159E-02
 0.10142795137073E-02
 0.10040418847473E-02
 0.99407698067331E-03
 0.98437506057668E-03
 0.97492689382254E-03
 0.96572349395551E-03
 0.95675635298073E-03
 0.94801727630739E-03
 0.93949845870450E-03
 0.93119245279130E-03
 0.92309202577758E-03
 0.91519029299829E-03
 0.90748063249793E-03
 0.89995672979424E-03
 0.89261249841004E-03
 0.88544209996358E-03
 0.87843992892418E-03
 0.87160059974614E-03
 0.86491893896262E-03
 0.85838997209167E-03
 0.85200892860283E-03
 0.84577120639201E-03
 0.83967239350520E-03
 0.83370823552502E-03
 0.82787463971587E-03
 0.82216766834573E-03
 0.81658352323642E-03
 0.81111857320775E-03
 0.80576927756788E-03
 0.80053225493499E-03
 0.79540423807710E-03
 0.79038207761125E-03
 0.78546272709135E-03
 0.78064327068995E-03
 0.77592087868515E-03
 0.77129282450050E-03
 0.76675647629314E-03
 0.76230929330121E-03
 0.75794881019055E-03
 0.75367268112918E-03
 0.74947860551644E-03
 0.74536437130246E-03
 0.74132784076108E-03
 0.73736694753174E-03
 0.73347969355887E-03
 0.72966413227614E-03
 0.72591842546279E-03
 0.72224074870269E-03
 0.71862935168582E-03
 0.71508254088140E-03
 0.71159867672296E-03
 0.70817617176090E-03
