 0.22143197743930E+00
 0.22143197743948E+00
 0.22143197744393E+00
 0.22143197747351E+00
 0.22143197757767E+00
 0.22143197783392E+00
 0.22143197834099E+00
 0.22143197920953E+00
 0.22143198052261E+00
 0.22143198222837E+00
 0.22143198387527E+00
 0.22143198418102E+00
 0.22143198042892E+00
 0.22143196780741E+00
 0.22143193876170E+00
 0.22143188245798E+00
 0.22143178445157E+00
 0.22143162649361E+00
 0.22143138667386E+00
 0.22143103954695E+00
 0.22143055668471E+00
 0.22142990709677E+00
 0.22142905790001E+00
 0.22142797508508E+00
 0.22142662411338E+00
 0.22142497060541E+00
 0.22142298189005E+00
 0.22142062760861E+00
 0.22141788018248E+00
 0.22141471595440E+00
 0.22141111632327E+00
 0.22140706852089E+00
 0.22140256646181E+00
 0.22139761168783E+00
 0.22139221426764E+00
 0.22138639347879E+00
 0.22138017870036E+00
 0.22137361012114E+00
 0.22136673957976E+00
 0.22135963080245E+00
 0.22135236026762E+00
 0.22134501788860E+00
 0.22133770729699E+00
 0.22133054653023E+00
 0.22132366832268E+00
 0.22131722051043E+00
 0.22131136638071E+00
 0.22130628469110E+00
 0.22130217120303E+00
 0.22129923711549E+00
 0.22129771046590E+00
 0.22129783604471E+00
 0.22129987562935E+00
 0.22130410815243E+00
 0.22131082978937E+00
 0.22132035407454E+00
 0.22133301213668E+00
 0.22134915269760E+00
 0.22136914229574E+00
 0.22139341309239E+00
 0.22142228192227E+00
 0.22145620870654E+00
 0.22149563301569E+00
 0.22154101258640E+00
 0.22159282400188E+00
 0.22165156237759E+00
 0.22171774250451E+00
 0.22179189886286E+00
 0.22187458623566E+00
 0.22196637936830E+00
 0.22206787432926E+00
 0.22217968891312E+00
 0.22230246243162E+00
 0.22243685874423E+00
 0.22258356544022E+00
 0.22274329479394E+00
 0.22291678483242E+00
 0.22310480331399E+00
 0.22330814525375E+00
 0.22352763638609E+00
 0.22376413540940E+00
 0.22401853413663E+00
 0.22429176170193E+00
 0.22458478580475E+00
 0.22489861636946E+00
 0.22523430506132E+00
 0.22559303616734E+00
 0.22597580740289E+00
 0.22638389621641E+00
 0.22681856513706E+00
 0.22728113638899E+00
 0.22777299506417E+00
 0.22829560663007E+00
 0.22885050995574E+00
 0.22943932528841E+00
 0.23006375400652E+00
 0.23072560406045E+00
 0.23142677608430E+00
 0.23216928051198E+00
 0.23295524499902E+00
 0.23378692708808E+00
 0.23466671780044E+00
 0.23559714492971E+00
 0.23658089553777E+00
 0.23762082313319E+00
 0.23871996436158E+00
 0.23988166745388E+00
 0.24110910758706E+00
 0.24240605593620E+00
 0.24377638379012E+00
 0.24522421253645E+00
 0.24675393566632E+00
 0.24837021503122E+00
 0.25007803523576E+00
 0.25188267477498E+00
 0.25378973718941E+00
 0.25580520360450E+00
 0.25793539085355E+00
 0.26018701529404E+00
 0.26256714576361E+00
 0.26508324232283E+00
 0.26774316800195E+00
 0.27055506699326E+00
 0.27352767877974E+00
 0.27666944396277E+00
 0.27998952466695E+00
 0.28349680914750E+00
 0.28720033393095E+00
 0.29110879783131E+00
 0.29523020348357E+00
 0.29957192308986E+00
 0.30414005878972E+00
 0.30893908720738E+00
 0.31397148195041E+00
 0.31923748824087E+00
 0.32473462379337E+00
 0.33045739851681E+00
 0.33639725065594E+00
 0.34254264705286E+00
 0.34887953485537E+00
 0.35539124595129E+00
 0.36205908731728E+00
 0.36886215541791E+00
 0.37577900863518E+00
 0.38278779718845E+00
 0.38986669542572E+00
 0.39699453128995E+00
 0.40415107447456E+00
 0.41131750926638E+00
 0.41847645913049E+00
 0.42561215623366E+00
 0.43271056332993E+00
 0.43975899310323E+00
 0.44674657718026E+00
 0.45366344695465E+00
 0.46050119275725E+00
 0.46725243998451E+00
 0.47391093791276E+00
 0.48047111292436E+00
 0.48692723905251E+00
 0.49327463980026E+00
 0.49950915692828E+00
 0.50562661934504E+00
 0.51162334445395E+00
 0.51749571855341E+00
 0.52324004771493E+00
 0.52885321335827E+00
 0.53433168845416E+00
 0.53967221555685E+00
 0.54487175472608E+00
 0.54992713543570E+00
 0.55483530169914E+00
 0.55959340143010E+00
 0.56419859588861E+00
 0.56864821176475E+00
 0.57293987520997E+00
 0.57707119094472E+00
 0.58104015916655E+00
 0.58484483969896E+00
 0.58848362648462E+00
 0.59195514457871E+00
 0.59525831110385E+00
 0.59839239215610E+00
 0.60135683105835E+00
 0.60415147927075E+00
 0.60677641280418E+00
 0.60923203089349E+00
 0.61151919936054E+00
 0.61363901399400E+00
 0.61559266415373E+00
 0.61738202371717E+00
 0.61900901172163E+00
 0.62047590007917E+00
 0.62178516258215E+00
 0.62293963848988E+00
 0.62394232304131E+00
 0.62479642225291E+00
 0.62550544174716E+00
 0.62607301513787E+00
 0.62650278855462E+00
 0.62679896780432E+00
 0.62696552564707E+00
 0.62700662205833E+00
 0.62692654667921E+00
 0.62672961670194E+00
 0.62642026956548E+00
 0.62600288116460E+00
 0.62548193317336E+00
 0.62486188588590E+00
 0.62414715292790E+00
 0.62334216931672E+00
 0.62245130036566E+00
 0.62147888495571E+00
 0.62042915944249E+00
 0.61930634407346E+00
 0.61811452006320E+00
 0.61685773273227E+00
 0.61553990758991E+00
 0.61416484362526E+00
 0.61273630541249E+00
 0.61125789379085E+00
 0.60973310988578E+00
 0.60816531842531E+00
 0.60655782980091E+00
 0.60491377366719E+00
 0.60323618702636E+00
 0.60152798176665E+00
 0.59979196439311E+00
 0.59803080943210E+00
 0.59624708092725E+00
 0.59444322603215E+00
 0.59262159663135E+00
 0.59078440082469E+00
 0.58893377028020E+00
 0.58707173029733E+00
 0.58520021648993E+00
 0.58332103065134E+00
 0.58143579110908E+00
 0.57954625862059E+00
 0.57765387883458E+00
 0.57576009569603E+00
 0.57386631086891E+00
 0.57197383787578E+00
 0.57008382585880E+00
 0.56819747371470E+00
 0.56631570384045E+00
 0.56443964451233E+00
 0.56257015746758E+00
 0.56070814850088E+00
 0.55885434403208E+00
 0.55700954445588E+00
 0.55517448834049E+00
 0.55334971678672E+00
 0.55153589410062E+00
 0.54973355218845E+00
 0.54794320726467E+00
 0.54616529048174E+00
 0.54440022669483E+00
 0.54264843312092E+00
 0.54091025320773E+00
 0.53918596599578E+00
 0.53747588024261E+00
 0.53578026178159E+00
 0.53409929121102E+00
 0.53243322281022E+00
 0.53078221160858E+00
 0.52914641694922E+00
 0.52752594461436E+00
 0.52592092139520E+00
 0.52433142378705E+00
 0.52275752936787E+00
 0.52119926082034E+00
 0.51965670777997E+00
 0.51812987925752E+00
 0.51661877602002E+00
 0.51512338888663E+00
 0.51364370254815E+00
 0.51217969322106E+00
 0.51073131492867E+00
 0.50929852586082E+00
 0.50788126148126E+00
 0.50647946592505E+00
 0.50509302264178E+00
 0.50372191605204E+00
 0.50236601104252E+00
 0.50102524022810E+00
 0.49969950073447E+00
 0.49838868204890E+00
 0.49709267220210E+00
 0.49581135919230E+00
 0.49454461557355E+00
 0.49329232992808E+00
 0.49205437923035E+00
 0.49083063850493E+00
 0.48962097106625E+00
 0.48842524613145E+00
 0.48724332907572E+00
 0.48607508348261E+00
 0.48492037280719E+00
 0.48377905852998E+00
