 0.00000000000000E+00
-0.22712606387794E-22
-0.86607813085824E-21
-0.37604176141183E-20
-0.58245392826410E-20
-0.13349202364237E-10
-0.11757689185513E-10
-0.70312872758163E-10
 0.10355814248731E-10
 0.39308853290753E-11
-0.16083483896787E-10
-0.63510512100382E-11
 0.94749223474124E-11
-0.93660331616586E-08
 0.39881073475301E-07
-0.79055447007729E-07
 0.11943567390585E-08
 0.73950719267622E-08
 0.85190799982710E-07
 0.20259678886914E-06
 0.47605421922271E-06
 0.10346007962089E-05
 0.21101741645026E-05
 0.40648625646917E-05
 0.73778129087337E-05
 0.12868727826996E-04
 0.21542577644787E-04
 0.34650147337603E-04
 0.53904958208217E-04
 0.81419747881076E-04
 0.11964732114318E-03
 0.17149813267537E-03
 0.24031678327641E-03
 0.32985199738590E-03
 0.44425936931153E-03
 0.58803931488770E-03
 0.76602597480693E-03
 0.98332680204571E-03
 0.12452754223624E-02
 0.15573965385357E-02
 0.19253811043723E-02
 0.23549240436048E-02
 0.28518126478164E-02
 0.34218160279243E-02
 0.40706495960691E-02
 0.48039625330844E-02
 0.56272850821619E-02
 0.65457915867705E-02
 0.75653406887088E-02
 0.86894931889392E-02
 0.99243413465512E-02
 0.11278613615465E-01
 0.12749385217140E-01
 0.14341391698178E-01
 0.16061628230165E-01
 0.17915802623177E-01
 0.19909197954889E-01
 0.22044007181755E-01
 0.24318342330260E-01
 0.26737416746778E-01
 0.29300485974085E-01
 0.32014783841224E-01
 0.34880331021717E-01
 0.37903979793913E-01
 0.41088763040715E-01
 0.44432867506345E-01
 0.47937334253391E-01
 0.51607140789215E-01
 0.55442428538529E-01
 0.59445739225143E-01
 0.63618144433104E-01
 0.67961596394211E-01
 0.72479431013676E-01
 0.77167328733855E-01
 0.82032748963244E-01
 0.87078040307469E-01
 0.92301193113824E-01
 0.97704076300855E-01
 0.10328796061030E+00
 0.10905364791718E+00
 0.11500639645183E+00
 0.12114691500047E+00
 0.12747949613946E+00
 0.13400247343699E+00
 0.14071846684468E+00
 0.14762976656610E+00
 0.15473764798375E+00
 0.16204237486489E+00
 0.16954879026529E+00
 0.17725833967397E+00
 0.18517228929665E+00
 0.19329703569707E+00
 0.20163718664168E+00
 0.21019280803396E+00
 0.21896549385558E+00
 0.22795589930151E+00
 0.23716809891878E+00
 0.24660744632321E+00
 0.25627358931623E+00
 0.26617217761802E+00
 0.27630573729427E+00
 0.28667592487201E+00
 0.29728539385146E+00
 0.30813323733433E+00
 0.31922278146436E+00
 0.33055571139441E+00
 0.34213042659885E+00
 0.35394727915072E+00
 0.36600513434076E+00
 0.37830117555200E+00
 0.39083484673116E+00
 0.40359898859970E+00
 0.41659572699086E+00
 0.42981871810163E+00
 0.44325139271620E+00
 0.45688721479451E+00
 0.47071492747557E+00
 0.48472016989171E+00
 0.49889019303439E+00
 0.51320676617060E+00
 0.52763922248574E+00
 0.54215809441481E+00
 0.55672211526093E+00
 0.57128891488623E+00
 0.58580197193838E+00
 0.60019970052998E+00
 0.61442017963201E+00
 0.62838755598965E+00
 0.64201944496699E+00
 0.65521861909994E+00
 0.66787293160108E+00
 0.67985342569394E+00
 0.69101788499035E+00
 0.70122432620307E+00
 0.71033110297760E+00
 0.71821285343914E+00
 0.72476931435519E+00
 0.72992973780523E+00
 0.73366352342566E+00
 0.73597646756579E+00
 0.73691202238691E+00
 0.73654850680928E+00
 0.73498828525302E+00
 0.73235652910949E+00
 0.72879486971726E+00
 0.72444624533271E+00
 0.71945205243747E+00
 0.71394642539557E+00
 0.70805195212286E+00
 0.70187876115449E+00
 0.69552135155147E+00
 0.68905999338883E+00
 0.68256069189929E+00
 0.67607550373599E+00
 0.66964554065611E+00
 0.66330051616018E+00
 0.65706233380365E+00
 0.65094540987856E+00
 0.64495859221581E+00
 0.63910621382916E+00
 0.63338822982773E+00
 0.62780382915765E+00
 0.62234844391169E+00
 0.61701718180495E+00
 0.61180470840588E+00
 0.60670446128243E+00
 0.60171007363721E+00
 0.59681490008561E+00
 0.59201275684564E+00
 0.58729762827302E+00
 0.58266384401802E+00
 0.57810683493342E+00
 0.57362184208464E+00
 0.56920475994313E+00
 0.56485147223150E+00
 0.56055902094587E+00
 0.55632433528867E+00
 0.55214486336580E+00
 0.54801865267750E+00
 0.54394365571759E+00
 0.53991795372985E+00
 0.53594036403369E+00
 0.53200961536017E+00
 0.52812482153342E+00
 0.52428492387162E+00
 0.52048930414827E+00
 0.51673742911645E+00
 0.51302873367378E+00
 0.50936277388450E+00
 0.50573913171968E+00
 0.50215765933424E+00
 0.49861815489190E+00
 0.49512046388070E+00
 0.49166436431032E+00
 0.48824974368774E+00
 0.48487645468957E+00
 0.48154441126904E+00
 0.47825345704409E+00
 0.47500351459569E+00
 0.47179449031279E+00
 0.46862626446906E+00
 0.46549871687549E+00
 0.46241162487736E+00
 0.45936496294755E+00
 0.45635861519757E+00
 0.45339226226803E+00
 0.45046578175312E+00
 0.44757889882352E+00
 0.44473150872145E+00
 0.44192333687159E+00
 0.43915398745381E+00
 0.43642328311167E+00
 0.43373093756102E+00
 0.43107663495055E+00
 0.42845998900984E+00
 0.42588068241556E+00
 0.42333837799457E+00
 0.42083265621536E+00
 0.41836313718054E+00
 0.41592941325205E+00
 0.41353107456261E+00
 0.41116775134956E+00
 0.40883899399257E+00
 0.40654437133065E+00
 0.40428336898469E+00
 0.40205560188873E+00
 0.39986057266194E+00
 0.39769778746372E+00
 0.39556678047902E+00
 0.39346703433937E+00
 0.39139811890511E+00
 0.38935947993620E+00
 0.38735071724270E+00
 0.38537142707322E+00
 0.38342094730681E+00
 0.38149885159734E+00
 0.37960473769529E+00
 0.37773806375605E+00
 0.37589827393925E+00
 0.37408503302356E+00
 0.37229783132844E+00
 0.37053618931208E+00
 0.36879936606722E+00
 0.36708745077851E+00
 0.36539938830180E+00
 0.36373492620791E+00
 0.36209378150561E+00
 0.36047552833727E+00
 0.35887908448340E+00
 0.35730457989457E+00
 0.35575173956499E+00
 0.35421995721097E+00
 0.35270850255573E+00
 0.35121712259309E+00
 0.34974535031017E+00
 0.34829324443037E+00
 0.34685997939150E+00
 0.34544533592427E+00
 0.34404856987889E+00
 0.34266970051612E+00
 0.34130821793760E+00
 0.33996377867796E+00
 0.33863592645766E+00
 0.33732452790063E+00
 0.33602895368338E+00
 0.33474904479048E+00
 0.33348444292932E+00
 0.33223496467278E+00
 0.33100005361283E+00
 0.32977960188183E+00
 0.32857321077396E+00
 0.32738039934469E+00
 0.32620106996707E+00
 0.32503507567116E+00
 0.32388189918606E+00
 0.32274138024330E+00
 0.32161327581483E+00
 0.32049733861875E+00
 0.31939309837569E+00
 0.31830056122617E+00
 0.31721920677787E+00
 0.31614915718989E+00
 0.31508994122476E+00
 0.31404136260523E+00
 0.31300315214653E+00
 0.31197523960172E+00
 0.31095728153925E+00
 0.30994925274199E+00
 0.30895083596505E+00
 0.30796179936599E+00
 0.30698200541565E+00
 0.30601126860945E+00
 0.30504933925514E+00
 0.30409616960405E+00
 0.30315156584053E+00
 0.30221526655951E+00
 0.30128712364863E+00
 0.30036698896410E+00
 0.29945464754375E+00
 0.29854994945880E+00
