 0.00000000000000E+00
-0.30726986033098E-22
-0.80718974585821E-21
-0.59075645136436E-20
-0.26431827387891E-19
 0.67926701971520E-11
 0.44383348155930E-11
 0.19194802802976E-10
 0.35805360039851E-11
-0.54448829690553E-12
 0.19889909183002E-10
-0.14342095669178E-10
 0.64367873705424E-12
 0.11950839424017E-07
-0.32208273644943E-07
-0.18762675270561E-07
 0.15286091701060E-07
 0.32581174983360E-07
 0.48466990364508E-07
 0.19451495144849E-06
 0.46996752345804E-06
 0.10243251900759E-05
 0.21128892886262E-05
 0.40607581740832E-05
 0.73626061524639E-05
 0.12857486927057E-04
 0.21505413846284E-04
 0.34537765051959E-04
 0.53900679666061E-04
 0.81370780862578E-04
 0.11958608783254E-03
 0.17143551166856E-03
 0.24025574805721E-03
 0.32979349958953E-03
 0.44419654652831E-03
 0.58798356005602E-03
 0.76597612397545E-03
 0.98329373349332E-03
 0.12452557600203E-02
 0.15574216971870E-02
 0.19254650210631E-02
 0.23551140958087E-02
 0.28521481450967E-02
 0.34223723685611E-02
 0.40715371181905E-02
 0.48053090099230E-02
 0.56292942725163E-02
 0.65494903526154E-02
 0.75695309146689E-02
 0.86964692970612E-02
 0.99446625832067E-02
 0.11287402627219E-01
 0.12751877445296E-01
 0.14351215000186E-01
 0.16092117508972E-01
 0.17963688736088E-01
 0.19978427702384E-01
 0.22122447350190E-01
 0.24407346957061E-01
 0.26828286967792E-01
 0.29402701100885E-01
 0.32141587900301E-01
 0.35045363533209E-01
 0.38118824887811E-01
 0.41358742327940E-01
 0.44754600433444E-01
 0.48315266190807E-01
 0.52064615412168E-01
 0.55982000881450E-01
 0.60081593043211E-01
 0.64364722211015E-01
 0.68834954933682E-01
 0.73483040152419E-01
 0.78346377782333E-01
 0.83408308304615E-01
 0.88650697239420E-01
 0.94096655343489E-01
 0.99743612771037E-01
 0.10561060099413E+00
 0.11170523386693E+00
 0.11801975597282E+00
 0.12456112647034E+00
 0.13133693275178E+00
 0.13833533117605E+00
 0.14556963457216E+00
 0.15304496489402E+00
 0.16075149989027E+00
 0.16872755763786E+00
 0.17696481039703E+00
 0.18545806122574E+00
 0.19426051549876E+00
 0.20335450386035E+00
 0.21271973495936E+00
 0.22237687489082E+00
 0.23231660488634E+00
 0.24257210648182E+00
 0.25315427038463E+00
 0.26407561979108E+00
 0.27532708833262E+00
 0.28694065180641E+00
 0.29889419197385E+00
 0.31120467709069E+00
 0.32386831205004E+00
 0.33692074717692E+00
 0.35034861184236E+00
 0.36414932827077E+00
 0.37833529133423E+00
 0.39291133582906E+00
 0.40788787598897E+00
 0.42328269750122E+00
 0.43908811223232E+00
 0.45533141112010E+00
 0.47197583510052E+00
 0.48897804548918E+00
 0.50641323877300E+00
 0.52423557139533E+00
 0.54241306578609E+00
 0.56088003168339E+00
 0.57958183697523E+00
 0.59837842788027E+00
 0.61717096952684E+00
 0.63582350953430E+00
 0.65426112688336E+00
 0.67235460495893E+00
 0.69003451054621E+00
 0.70722040252711E+00
 0.72369904909679E+00
 0.73913302605039E+00
 0.75305262529729E+00
 0.76487778106108E+00
 0.77391943479184E+00
 0.77952850008228E+00
 0.78115611276843E+00
 0.77838222767923E+00
 0.77103848052724E+00
 0.75923679202500E+00
 0.74329104185307E+00
 0.72373358558334E+00
 0.70127140803268E+00
 0.67672258138454E+00
 0.65089966141254E+00
 0.62463075086238E+00
 0.59865416861917E+00
 0.57358731814788E+00
 0.54991204322518E+00
 0.52795184990817E+00
 0.50790644218891E+00
 0.48985781860830E+00
 0.47377463852592E+00
 0.45955474619820E+00
 0.44706640374225E+00
 0.43613304954874E+00
 0.42656651590904E+00
 0.41817745996199E+00
 0.41079163712293E+00
 0.40424912653908E+00
 0.39839901285400E+00
 0.39312103073831E+00
 0.38830598780467E+00
 0.38385956458090E+00
 0.37970978531617E+00
 0.37578930854510E+00
 0.37205029601759E+00
 0.36845404945940E+00
 0.36496266772315E+00
 0.36156061114476E+00
 0.35822150557082E+00
 0.35493076558511E+00
 0.35167689669856E+00
 0.34845056863449E+00
 0.34525043021536E+00
 0.34207021644811E+00
 0.33891450322801E+00
 0.33578025054654E+00
 0.33266923683591E+00
 0.32957955400841E+00
 0.32651673720271E+00
 0.32347830593718E+00
 0.32046997977687E+00
 0.31748969305993E+00
 0.31454236111097E+00
 0.31162787692062E+00
 0.30874798496190E+00
 0.30590433921513E+00
 0.30309895106358E+00
 0.30033339543510E+00
 0.29760921722286E+00
 0.29492649520762E+00
 0.29228731999701E+00
 0.28969381419623E+00
 0.28714641449444E+00
 0.28464386149978E+00
 0.28218740734045E+00
 0.27977776193401E+00
 0.27741589978512E+00
 0.27510128348710E+00
 0.27283567028934E+00
 0.27061806009105E+00
 0.26844831232829E+00
 0.26632778949856E+00
 0.26425607814567E+00
 0.26223319311105E+00
 0.26025875092199E+00
 0.25833325852646E+00
 0.25645518258393E+00
 0.25462552300518E+00
 0.25284289700208E+00
 0.25110694605844E+00
 0.24941810722401E+00
 0.24777376663994E+00
 0.24617596870492E+00
 0.24462226881732E+00
 0.24311271271286E+00
 0.24164616939321E+00
 0.24022156561171E+00
 0.23883909130017E+00
 0.23749799440049E+00
 0.23619717776142E+00
 0.23493531958479E+00
 0.23371349365096E+00
 0.23252946753311E+00
 0.23138249779626E+00
 0.23027224245384E+00
 0.22919646368733E+00
 0.22815571014594E+00
 0.22714785525007E+00
 0.22617348051170E+00
 0.22523007676736E+00
 0.22431865649332E+00
 0.22343781893018E+00
 0.22258717002322E+00
 0.22176545489889E+00
 0.22097137570064E+00
 0.22020546962191E+00
 0.21946578613411E+00
 0.21875213418913E+00
 0.21806352268329E+00
 0.21739983185720E+00
 0.21675986061662E+00
 0.21614329051211E+00
 0.21554681703163E+00
 0.21497316827247E+00
 0.21441749528957E+00
 0.21388514352821E+00
 0.21337248517207E+00
 0.21287284469539E+00
 0.21239675582739E+00
 0.21194125752068E+00
 0.21149537904545E+00
 0.21106787159678E+00
 0.21065599816271E+00
 0.21026571270220E+00
 0.20988442716794E+00
 0.20951679089706E+00
 0.20916340246767E+00
 0.20882309562429E+00
 0.20849679164820E+00
 0.20818449658885E+00
 0.20788342498390E+00
 0.20759268363968E+00
 0.20731025630034E+00
 0.20703972386839E+00
 0.20678200212524E+00
 0.20653429446941E+00
 0.20629698567134E+00
 0.20606585182497E+00
 0.20584211240824E+00
 0.20562794939378E+00
 0.20542187175057E+00
 0.20522415535307E+00
 0.20503669970931E+00
 0.20485508998419E+00
 0.20467968270976E+00
 0.20451191389662E+00
 0.20434885444053E+00
 0.20419273383259E+00
 0.20403986661600E+00
 0.20389448226056E+00
 0.20375447381159E+00
 0.20362171206383E+00
 0.20349206685704E+00
 0.20336856717869E+00
 0.20325053497523E+00
 0.20313761950732E+00
 0.20302732772796E+00
 0.20292082249704E+00
 0.20281881404302E+00
 0.20272104968712E+00
 0.20262632511992E+00
 0.20253667470062E+00
 0.20244794778847E+00
 0.20236327243986E+00
 0.20228167830369E+00
 0.20220142929181E+00
 0.20212459500350E+00
 0.20205196812877E+00
 0.20198253163989E+00
 0.20191530218273E+00
 0.20185204072000E+00
 0.20178793504447E+00
