 0.00000000000000E+00
 0.81932793752525E-24
 0.63753517463503E-22
 0.43159674739791E-21
 0.21512610462201E-20
 0.51648434007530E-11
 0.50681536289761E-11
 0.11472913796298E-10
 0.57458200756206E-11
 0.57411782626786E-11
 0.27757440311105E-10
 0.81833930426847E-11
-0.10136075014300E-10
 0.19943574654777E-07
-0.90989108977344E-07
 0.93933667376698E-07
 0.35926060611424E-07
 0.69310159875740E-07
 0.71183347051948E-07
 0.19299422869180E-06
 0.48217655390806E-06
 0.10514931018448E-05
 0.21141273841833E-05
 0.40282210669418E-05
 0.75263162128125E-05
 0.12936830572345E-04
 0.21421006270668E-04
 0.34636230280004E-04
 0.53877758378565E-04
 0.81396611901412E-04
 0.11961311697558E-03
 0.17147176820210E-03
 0.24029895013444E-03
 0.32986199658528E-03
 0.44425650474257E-03
 0.58805078164505E-03
 0.76605494500159E-03
 0.98341698508611E-03
 0.12453596094512E-02
 0.15577886078605E-02
 0.19258655118268E-02
 0.23556683642191E-02
 0.28529843746306E-02
 0.34236161007511E-02
 0.40734485676919E-02
 0.48081541199425E-02
 0.56334490793827E-02
 0.65593822629370E-02
 0.75780599567016E-02
 0.87284837981773E-02
 0.10002781712020E-01
 0.11267870632105E-01
 0.12725419761430E-01
 0.14393820524346E-01
 0.16223738604122E-01
 0.18139148418932E-01
 0.20138125792690E-01
 0.22209918779947E-01
 0.24475512498499E-01
 0.26905038679097E-01
 0.29589268072607E-01
 0.32431388573908E-01
 0.35482117911124E-01
 0.38634131483478E-01
 0.41868862923496E-01
 0.45346750356844E-01
 0.49094499654157E-01
 0.52963354906942E-01
 0.57071129447185E-01
 0.61364556592156E-01
 0.65879799977285E-01
 0.70606962076855E-01
 0.75463719720599E-01
 0.80783019292079E-01
 0.86268749381026E-01
 0.91833819403096E-01
 0.97696417108908E-01
 0.10384211035086E+00
 0.11033537968344E+00
 0.11725114612499E+00
 0.12438374838556E+00
 0.13179990952213E+00
 0.13942717319919E+00
 0.14735918510077E+00
 0.15562122611654E+00
 0.16421363446645E+00
 0.17319671929506E+00
 0.18269229557661E+00
 0.19259011784351E+00
 0.20287687418105E+00
 0.21384836303604E+00
 0.22512871017555E+00
 0.23665417374574E+00
 0.24859424280242E+00
 0.26106260234709E+00
 0.27428885808803E+00
 0.28818956588742E+00
 0.30253964458669E+00
 0.31769925834993E+00
 0.33348086748098E+00
 0.34980090490719E+00
 0.36677928722634E+00
 0.38435851957419E+00
 0.40288496440374E+00
 0.42216172452862E+00
 0.44212686069622E+00
 0.46302128449001E+00
 0.48482065533723E+00
 0.50759397034980E+00
 0.53155163869499E+00
 0.55650324011491E+00
 0.58283920125710E+00
 0.60986090839730E+00
 0.63736788891649E+00
 0.66653158607283E+00
 0.69687599473386E+00
 0.72820339646961E+00
 0.76010382757720E+00
 0.79186383982633E+00
 0.82249298904161E+00
 0.85231726026192E+00
 0.88061637637687E+00
 0.90761676913177E+00
 0.93282928682675E+00
 0.95637134040268E+00
 0.97791874072775E+00
 0.99512056049686E+00
 0.10053648812243E+01
 0.10047536270317E+01
 0.98934500605391E+00
 0.95567440987630E+00
 0.90211915337337E+00
 0.82903871490652E+00
 0.73841315233262E+00
 0.63457156039780E+00
 0.52309100527388E+00
 0.41000156339657E+00
 0.30152034661748E+00
 0.20276083870371E+00
 0.11776559538659E+00
 0.49104112902694E-01
-0.23937384003042E-02
-0.36684577967890E-01
-0.55324401515379E-01
-0.61313759112861E-01
-0.57241934263717E-01
-0.45763921088109E-01
-0.29377401885810E-01
-0.99657006817640E-02
 0.10594920045785E-01
 0.31180996744504E-01
 0.50808594031702E-01
 0.68826743958393E-01
 0.84943864555409E-01
 0.98959481394378E-01
 0.11098843858817E+00
 0.12106898270490E+00
 0.12933822888440E+00
 0.13599446584074E+00
 0.14117844633799E+00
 0.14524368000577E+00
 0.14814513740216E+00
 0.15017487826979E+00
 0.15139558882085E+00
 0.15186229619184E+00
 0.15174112540327E+00
 0.15106454247337E+00
 0.14996377978569E+00
 0.14854919353890E+00
 0.14687522503745E+00
 0.14505609253445E+00
 0.14298267119049E+00
 0.14075304835703E+00
 0.13837122297261E+00
 0.13597354508124E+00
 0.13347287182177E+00
 0.13093825218198E+00
 0.12839178043786E+00
 0.12576626410294E+00
 0.12310815612461E+00
 0.12048554141398E+00
 0.11783891223764E+00
 0.11520953735696E+00
 0.11257045351509E+00
 0.10996215938948E+00
 0.10737440318844E+00
 0.10479182644384E+00
 0.10223271680255E+00
 0.99721996989378E-01
 0.97283220385416E-01
 0.94882736928332E-01
 0.92515489775944E-01
 0.90178520706735E-01
 0.87883155704667E-01
 0.85633150486481E-01
 0.83430054696250E-01
 0.81279377331155E-01
 0.79199278334230E-01
 0.77173688518871E-01
 0.75203277110813E-01
 0.73306567840861E-01
 0.71466723273596E-01
 0.69713340726061E-01
 0.68017493739769E-01
 0.66362724572518E-01
 0.64785355059608E-01
 0.63263755523526E-01
 0.61824623206904E-01
 0.60419541409243E-01
 0.59057358248709E-01
 0.57793875200973E-01
 0.56560329456320E-01
 0.55390260171916E-01
 0.54263059046287E-01
 0.53189723953848E-01
 0.52176902124670E-01
 0.51192323683228E-01
 0.50263889725871E-01
 0.49397155734461E-01
 0.48580203547737E-01
 0.47818078656874E-01
 0.47084770549867E-01
 0.46390073129586E-01
 0.45722012558196E-01
 0.45090243247964E-01
 0.44482868728716E-01
 0.43906862236952E-01
 0.43372809157502E-01
 0.42876537083767E-01
 0.42435118443403E-01
 0.42015428201687E-01
 0.41637816628133E-01
 0.41305578755158E-01
 0.40960131406649E-01
 0.40663675316102E-01
 0.40400864540779E-01
 0.40135819799425E-01
 0.39908381272139E-01
 0.39690031615505E-01
 0.39483117319705E-01
 0.39246716372705E-01
 0.39041974648582E-01
 0.38901953734476E-01
 0.38700134352375E-01
 0.38608236262608E-01
 0.38485048200573E-01
 0.38345203771182E-01
 0.38195781978158E-01
 0.38234665675232E-01
 0.38168927592326E-01
 0.38044245912856E-01
 0.37924043692199E-01
 0.37907313906103E-01
 0.37893848500490E-01
 0.37912494514459E-01
 0.37810157881993E-01
 0.37771736417832E-01
 0.37709150430284E-01
 0.37746320293889E-01
 0.37734752131819E-01
 0.37692845863747E-01
 0.37655715030633E-01
 0.37682040253789E-01
 0.37658402362441E-01
 0.37714049491962E-01
 0.37765145168709E-01
 0.37788367429463E-01
 0.37774788512180E-01
 0.37758581815656E-01
 0.37715637223786E-01
 0.37718766282830E-01
 0.37787642407872E-01
 0.37859840659801E-01
 0.37829162501265E-01
 0.37865277220500E-01
 0.37873851134808E-01
 0.37844376022708E-01
 0.37775787901748E-01
 0.37777876482895E-01
 0.37787427457428E-01
 0.37835852499439E-01
 0.37821082773469E-01
 0.37837841104380E-01
 0.37869048258566E-01
 0.37911555703063E-01
 0.37935015183229E-01
 0.37986022047582E-01
 0.37955941213243E-01
 0.37951568646681E-01
 0.37986599018397E-01
 0.37953036848837E-01
 0.37952399510618E-01
 0.37964879461454E-01
 0.37926646921895E-01
 0.37875049325318E-01
 0.37875554040590E-01
 0.37863657181968E-01
 0.37847154661800E-01
 0.37862147782092E-01
 0.37919735223451E-01
