 0.37869180658622+250
 0.61537938625609+120
 0.33581122022147E+77
 0.78446053598365E+55
 0.82348601600524E+42
 0.18325073390316E+34
 0.12095083784778E+28
 0.28007884895362E+23
 0.69506214535190E+19
 0.90743792208342E+16
 0.39628685753495E+14
 0.42805660388466E+12
 0.92795948619584E+10
 0.34774594637314E+09
 0.20190952232856E+08
 0.16732259157817E+07
 0.25379735576435E+09
 0.35986690346709E+08
 0.30447072783446E+08
 0.12161607332751E+08
 0.52242953772639E+07
 0.24203635379134E+07
 0.11976804174535E+07
 0.62790741171345E+06
 0.34640851636385E+06
 0.19994691437574E+06
 0.12015374647845E+06
 0.74855248828357E+05
 0.48171032660863E+05
 0.31919343208974E+05
 0.21718407050362E+05
 0.15137651135644E+05
 0.10785045458793E+05
 0.78397429787787E+04
 0.58046208973108E+04
 0.43711312867784E+04
 0.33433869202423E+04
 0.25943930958833E+04
 0.20402202301106E+04
 0.16243968874458E+04
 0.13082889490744E+04
 0.10650460972842E+04
 0.87573909710121E+03
 0.72683977718922E+03
 0.60855673939577E+03
 0.51371778868496E+03
 0.43700990625949E+03
 0.37445626396492E+03
 0.32304990851561E+03
 0.28049635178367E+03
 0.24502836747513E+03
 0.21527393520503E+03
 0.19015926401688E+03
 0.16883765239514E+03
 0.15063652205200E+03
 0.13501791675465E+03
 0.12154889462831E+03
 0.10987892404104E+03
 0.99722439807114E+02
 0.90873612914592E+02
 0.83082273050190E+02
 0.76218326901491E+02
 0.70149101300187E+02
 0.64763646475547E+02
 0.59968839373576E+02
 0.55686093870205E+02
 0.51848934039264E+02
 0.48400852070637E+02
 0.45293632578323E+02
 0.42485948113828E+02
 0.39942295221803E+02
 0.37632054693889E+02
 0.35528715322009E+02
 0.33609311952176E+02
 0.31853820319986E+02
 0.30244741586158E+02
 0.28766762506800E+02
 0.27406454376971E+02
 0.26151957067444E+02
 0.24992823566206E+02
 0.23919791979886E+02
 0.22924649516325E+02
 0.22000083697126E+02
 0.21139578415620E+02
 0.20337312832607E+02
 0.19588061079772E+02
 0.18887705301445E+02
 0.18230921702099E+02
 0.17614449503740E+02
 0.17034841983565E+02
 0.16488972061399E+02
 0.15973991424685E+02
 0.15487330165382E+02
 0.15026635924093E+02
 0.14589753240055E+02
 0.14174692587727E+02
 0.13779648975423E+02
 0.13402943726773E+02
 0.13043027784407E+02
 0.12698468782489E+02
 0.12367942316511E+02
 0.12050214217880E+02
 0.11744123965208E+02
 0.11448592755134E+02
 0.11162612404737E+02
 0.10885243096800E+02
 0.10615697722391E+02
 0.10352919112420E+02
 0.10096229937838E+02
 0.98448865957956E+01
 0.95981832222013E+01
 0.93554627646483E+01
 0.91161010915099E+01
 0.88795254728123E+01
 0.86451906961960E+01
 0.84125900392049E+01
 0.81812686777676E+01
 0.79508020612910E+01
 0.77208235978299E+01
 0.74910009120228E+01
 0.72610571609381E+01
 0.70307821725352E+01
 0.68000032819229E+01
 0.65686701687517E+01
 0.63367184867495E+01
 0.61042523684852E+01
 0.58713701326747E+01
 0.56383651818667E+01
 0.54056298077587E+01
 0.51736345599793E+01
 0.49430022603511E+01
 0.47144656822902E+01
 0.44888593279813E+01
 0.42671404476204E+01
 0.40503348592579E+01
 0.38394889826269E+01
 0.36356468693331E+01
 0.34398040617900E+01
 0.32528116135820E+01
 0.30753741418628E+01
 0.29080559729424E+01
 0.27511538232906E+01
 0.26048206866282E+01
 0.24689953304321E+01
 0.23434475669842E+01
 0.22278078237784E+01
 0.21216030699291E+01
 0.20242807267773E+01
 0.19352437695257E+01
 0.18538744063697E+01
 0.17795505919575E+01
 0.17116755209547E+01
 0.16496697248064E+01
 0.15929892708937E+01
 0.15411324063216E+01
 0.14936356506140E+01
 0.14500773766110E+01
 0.14100735954862E+01
 0.13732801975471E+01
 0.13393930145715E+01
 0.13081361631760E+01
 0.12792621793215E+01
 0.12525514979847E+01
 0.12278064199010E+01
 0.12048536308176E+01
 0.11835360595048E+01
 0.11637123906976E+01
 0.11452578715229E+01
 0.11280600023247E+01
 0.11120172407708E+01
 0.10970386334386E+01
 0.10830420968764E+01
 0.10699531745492E+01
 0.10577048622505E+01
 0.10462359369167E+01
 0.10354906745664E+01
 0.10254186821589E+01
 0.10159734382176E+01
 0.10071128241084E+01
 0.99879805124348E+00
 0.99099347047979E+00
 0.98366620454042E+00
 0.97678619951806E+00
 0.97032550049144E+00
 0.96425834188529E+00
 0.95856093780648E+00
 0.95321126002171E+00
 0.94818856873478E+00
 0.94347388009941E+00
 0.93904957566992E+00
 0.93489893273701E+00
 0.93100657472368E+00
 0.92735805694464E+00
 0.92394002759111E+00
 0.92073974579743E+00
 0.91774544246614E+00
 0.91494605487678E+00
 0.91233115817059E+00
 0.90989100391721E+00
 0.90760492954103E+00
 0.90548743593977E+00
 0.90351873071162E+00
 0.90169116596604E+00
 0.89999755528542E+00
 0.89843102362871E+00
 0.89698520780063E+00
 0.89565400985601E+00
 0.89443168815448E+00
 0.89331286752290E+00
 0.89229232501503E+00
 0.89136525511458E+00
 0.89052705287836E+00
 0.88977337034227E+00
 0.88910002187001E+00
 0.88850309524298E+00
 0.88797892317344E+00
 0.88752393369694E+00
 0.88713477660946E+00
 0.88680828219987E+00
 0.88654137369402E+00
 0.88633120183994E+00
 0.88617503427554E+00
 0.88607025924789E+00
 0.88601439831851E+00
 0.88600507566753E+00
 0.88604006550759E+00
 0.88611721131526E+00
 0.88623447007110E+00
 0.88638989931415E+00
 0.88658165015124E+00
 0.88680794180344E+00
 0.88706708884227E+00
 0.88735748451774E+00
 0.88767759419051E+00
 0.88802594203403E+00
 0.88840113663919E+00
 0.88880183757589E+00
 0.88922674968370E+00
 0.88967468315566E+00
 0.89014444131023E+00
 0.89063492442426E+00
 0.89114509755974E+00
 0.89167385403937E+00
 0.89222027261255E+00
 0.89278341978877E+00
 0.89336241861955E+00
 0.89395637516631E+00
 0.89456454248172E+00
 0.89518612337786E+00
 0.89582032821904E+00
 0.89646645862181E+00
 0.89712380624334E+00
 0.89779174950996E+00
 0.89846965270345E+00
 0.89915690534185E+00
 0.89985292502951E+00
 0.90055717008395E+00
 0.90126912684174E+00
 0.90198827886527E+00
 0.90271415276706E+00
 0.90344626736983E+00
 0.90418418061912E+00
 0.90492743518222E+00
 0.90567569245411E+00
 0.90642853097150E+00
 0.90718558209060E+00
 0.90794650918753E+00
 0.90871092286001E+00
 0.90947848027889E+00
 0.91024892894363E+00
 0.91102194631697E+00
 0.91179725076383E+00
 0.91257455765608E+00
 0.91335360975765E+00
 0.91413407786258E+00
 0.91491581437249E+00
 0.91569856832428E+00
 0.91648212285363E+00
 0.91726625042167E+00
 0.91805072245759E+00
 0.91883535237432E+00
 0.91962002988937E+00
 0.92040453291742E+00
 0.92118868225024E+00
 0.92197227036253E+00
 0.92275518102552E+00
 0.92353725955905E+00
 0.92431836813563E+00
 0.92509836551749E+00
 0.92587712887182E+00
 0.92665452924382E+00
 0.92743044936381E+00
 0.92820477768817E+00
 0.92897740251758E+00
 0.92974823004338E+00
 0.93051715386272E+00
 0.93128408088886E+00
 0.93204892914637E+00
 0.93281160863698E+00
 0.93357203705300E+00
