 0.64845550652346E+01
 0.64845550645899E+01
 0.64845550574801E+01
 0.64845550271041E+01
 0.64845549441802E+01
 0.64845547677638E+01
 0.64845544458519E+01
 0.64845539151373E+01
 0.64845530989813E+01
 0.64845519020250E+01
 0.64845501980660E+01
 0.64845478108039E+01
 0.64845444879779E+01
 0.64845398736743E+01
 0.64845334820070E+01
 0.64845246757738E+01
 0.64845126527485E+01
 0.64844964369892E+01
 0.64844748804107E+01
 0.64844466632033E+01
 0.64844103064037E+01
 0.64843641796102E+01
 0.64843065160205E+01
 0.64842354307610E+01
 0.64841489359893E+01
 0.64840449600437E+01
 0.64839213960850E+01
 0.64837761250942E+01
 0.64836070379063E+01
 0.64834120809667E+01
 0.64831893037345E+01
 0.64829368978409E+01
 0.64826532397169E+01
 0.64823369363577E+01
 0.64819868694318E+01
 0.64816022320913E+01
 0.64811825704818E+01
 0.64807278180610E+01
 0.64802383309867E+01
 0.64797149052692E+01
 0.64791588073821E+01
 0.64785717985988E+01
 0.64779561452447E+01
 0.64773146385635E+01
 0.64766506010326E+01
 0.64759678943687E+01
 0.64752709245421E+01
 0.64745646356793E+01
 0.64738545487330E+01
 0.64731467058779E+01
 0.64724477041666E+01
 0.64717646839570E+01
 0.64711053266868E+01
 0.64704778508075E+01
 0.64698910053700E+01
 0.64693540646822E+01
 0.64688768265263E+01
 0.64684696042449E+01
 0.64681432250786E+01
 0.64679104113921E+01
 0.64677805147949E+01
 0.64677670219036E+01
 0.64678827946655E+01
 0.64681411850246E+01
 0.64685560484218E+01
 0.64691417292940E+01
 0.64699130887378E+01
 0.64708854995668E+01
 0.64720748589647E+01
 0.64734975745560E+01
 0.64751705984680E+01
 0.64771114317455E+01
 0.64793381178953E+01
 0.64818693221966E+01
 0.64847243042866E+01
 0.64879229399474E+01
 0.64914857465774E+01
 0.64954339917036E+01
 0.64997896160814E+01
 0.65045753270065E+01
 0.65098146549749E+01
 0.65155319521514E+01
 0.65217525021254E+01
 0.65285025493751E+01
 0.65358093931899E+01
 0.65437013626053E+01
 0.65522103630083E+01
 0.65613629016897E+01
 0.65711931660571E+01
 0.65817347392993E+01
 0.65930226810497E+01
 0.66050935992027E+01
 0.66179861238038E+01
 0.66317406910255E+01
 0.66463997451388E+01
 0.66620077084326E+01
 0.66786116642841E+01
 0.66962609402827E+01
 0.67150075535044E+01
 0.67349063806650E+01
 0.67560154694847E+01
 0.67783960916152E+01
 0.68021127913098E+01
 0.68272339524345E+01
 0.68538319307295E+01
 0.68819834429954E+01
 0.69117729941739E+01
 0.69432796115736E+01
 0.69765976829218E+01
 0.70118233533242E+01
 0.70490584980633E+01
 0.70884111861691E+01
 0.71299954408800E+01
 0.71739325444886E+01
 0.72203500853929E+01
 0.72693826145856E+01
 0.73211728228573E+01
 0.73758701970552E+01
 0.74336324679453E+01
 0.74946240935064E+01
 0.75590170351098E+01
 0.76269907855302E+01
 0.76987289460243E+01
 0.77744272042360E+01
 0.78542699654494E+01
 0.79384570353416E+01
 0.80271781731973E+01
 0.81206244198835E+01
 0.82189768165098E+01
 0.83223991381189E+01
 0.84310418778807E+01
 0.85450293393530E+01
 0.86644546309395E+01
 0.87893744990182E+01
 0.89198083911698E+01
 0.90557301423745E+01
 0.91970635920146E+01
 0.93436819557832E+01
 0.94954094531944E+01
 0.96520280307963E+01
 0.98132686872154E+01
 0.99788202003207E+01
 0.10148315748153E+02
 0.10321369143109E+02
 0.10497572804464E+02
 0.10676504997538E+02
 0.10857743201271E+02
 0.11040869447206E+02
 0.11225481053017E+02
 0.11411190217891E+02
 0.11597627608835E+02
 0.11784446218833E+02
 0.11971311554664E+02
 0.12157916014319E+02
 0.12343959579328E+02
 0.12529164496659E+02
 0.12713267262801E+02
 0.12896023794279E+02
 0.13077200924307E+02
 0.13256557029170E+02
 0.13433875845398E+02
 0.13608954495410E+02
 0.13781591106528E+02
 0.13951599094502E+02
 0.14118797897771E+02
 0.14283008216007E+02
 0.14444070888408E+02
 0.14601820736127E+02
 0.14756104691223E+02
 0.14906780442706E+02
 0.15053706958032E+02
 0.15196750943066E+02
 0.15335789045001E+02
 0.15470702541375E+02
 0.15601381024965E+02
 0.15727725986977E+02
 0.15849641789566E+02
 0.15967046694952E+02
 0.16079863558202E+02
 0.16188027113444E+02
 0.16291480840586E+02
 0.16390178491005E+02
 0.16484085540064E+02
 0.16573174184335E+02
 0.16657429570129E+02
 0.16736844648266E+02
 0.16811422701521E+02
 0.16881181114557E+02
 0.16946144866010E+02
 0.17006342648052E+02
 0.17061822913304E+02
 0.17112636330116E+02
 0.17158844099631E+02
 0.17200513768373E+02
 0.17237723580906E+02
 0.17270556736697E+02
 0.17299102781193E+02
 0.17323460031142E+02
 0.17343730752389E+02
 0.17360018026393E+02
 0.17372440577527E+02
 0.17381111137768E+02
 0.17386147825765E+02
 0.17387672586105E+02
 0.17385808302948E+02
 0.17380681361712E+02
 0.17372416583127E+02
 0.17361141812658E+02
 0.17346984408821E+02
 0.17330070493253E+02
 0.17310526824972E+02
 0.17288478270646E+02
 0.17264048973535E+02
 0.17237360241543E+02
 0.17208532908222E+02
 0.17177683947808E+02
 0.17144929286794E+02
 0.17110381499133E+02
 0.17074149594921E+02
 0.17036341563497E+02
 0.16997060794601E+02
 0.16956407842726E+02
 0.16914479407723E+02
 0.16871370592710E+02
 0.16827171412460E+02
 0.16781969232152E+02
 0.16735847854738E+02
 0.16688888074404E+02
 0.16641166936704E+02
 0.16592758333631E+02
 0.16543732825362E+02
 0.16494158241324E+02
 0.16444098330777E+02
 0.16393614639889E+02
 0.16342765673435E+02
 0.16291607376575E+02
 0.16240191874884E+02
 0.16188566142549E+02
 0.16136781015433E+02
 0.16084878512318E+02
 0.16032900525907E+02
 0.15980887705636E+02
 0.15928878177344E+02
 0.15876905449722E+02
 0.15825004321973E+02
 0.15773201879314E+02
 0.15721530835369E+02
 0.15670016457633E+02
 0.15618685173765E+02
 0.15567558384656E+02
 0.15516659474268E+02
 0.15466010061540E+02
 0.15415626250576E+02
 0.15365527493142E+02
 0.15315729529905E+02
 0.15266247629274E+02
 0.15217094642108E+02
 0.15168283207821E+02
 0.15119825707742E+02
 0.15071732453209E+02
 0.15024011917444E+02
 0.14976673370825E+02
 0.14929724860298E+02
 0.14883172020487E+02
 0.14837022511072E+02
 0.14791281211826E+02
 0.14745953084972E+02
 0.14701041596547E+02
 0.14656550752103E+02
 0.14612483135817E+02
 0.14568841348700E+02
 0.14525626445304E+02
 0.14482841310911E+02
 0.14440486575145E+02
 0.14398562638002E+02
 0.14357069569992E+02
 0.14316007276248E+02
 0.14275375405427E+02
 0.14235172981479E+02
 0.14195399115955E+02
 0.14156052280005E+02
 0.14117131181829E+02
 0.14078632816367E+02
 0.14040556978277E+02
 0.14002900132441E+02
 0.13965660608082E+02
 0.13928835741100E+02
 0.13892422646528E+02
 0.13856418391349E+02
 0.13820820023137E+02
 0.13785624161058E+02
 0.13750827856008E+02
 0.13716427830903E+02
 0.13682420747908E+02
 0.13648802934608E+02
 0.13615570879426E+02
 0.13582720954908E+02
 0.13550249475468E+02
 0.13518152748888E+02
 0.13486427022893E+02
