 0.10000000133514E-09
 0.10000000133514E-09
 0.10000000133514E-09
 0.10000000133514E-09
 0.10000000133514E-09
 0.10000000133514E-09
 0.10000000133514E-09
 0.10000000133514E-09
 0.10000000133514E-09
 0.10000000133514E-09
 0.10000000133514E-09
 0.10000000133514E-09
 0.10000000133514E-09
 0.10000000133514E-09
 0.10000000133514E-09
 0.10000000133514E-09
 0.13655292223041E-06
 0.13655292223041E-06
 0.66339552534039E-06
 0.12776333667989E-05
 0.22782329283109E-05
 0.38498874875790E-05
 0.62098258845459E-05
 0.96181080256824E-05
 0.14376589580723E-04
 0.20826520143561E-04
 0.29345114056619E-04
 0.40341391346621E-04
 0.54251626409300E-04
 0.71534713237356E-04
 0.92667803828714E-04
 0.11814226414696E-03
 0.14846003080741E-03
 0.18413028645358E-03
 0.22566709915251E-03
 0.27358768336793E-03
 0.32841113939717E-03
 0.39065659031143E-03
 0.46084320701800E-03
 0.53949039201732E-03
 0.62711902588047E-03
 0.72424965521043E-03
 0.83140493590069E-03
 0.94911001579066E-03
 0.10778941596556E-02
 0.12182914229141E-02
 0.13708410508905E-02
 0.15360906367686E-02
 0.17145957180934E-02
 0.19069240582748E-02
 0.21136519564742E-02
 0.23353692259495E-02
 0.25726801326230E-02
 0.28262057983436E-02
 0.30965834574449E-02
 0.33844659594021E-02
 0.36905255781144E-02
 0.40154575269094E-02
 0.43599790592728E-02
 0.47262967325155E-02
 0.51124357732339E-02
 0.55204769065552E-02
 0.59512416557359E-02
 0.64055756509132E-02
 0.68843567480159E-02
 0.73884858468703E-02
 0.79189029315043E-02
 0.84765824733180E-02
 0.90625356522234E-02
 0.96778039275345E-02
 0.10323469973355E-01
 0.11000656237053E-01
 0.11710520571708E-01
 0.12454279569448E-01
 0.13233186201990E-01
 0.14048534542259E-01
 0.14901671779846E-01
 0.15794007604081E-01
 0.16726985501686E-01
 0.17702118548981E-01
 0.18720968157185E-01
 0.19785159538347E-01
 0.20896374343467E-01
 0.22056362305684E-01
 0.23266944295363E-01
 0.24529997185993E-01
 0.25848286313504E-01
 0.27222347675547E-01
 0.28654998853997E-01
 0.30148417732193E-01
 0.31704852853576E-01
 0.33326613235296E-01
 0.35016140015535E-01
 0.36775944219591E-01
 0.38608612582979E-01
 0.40516774621910E-01
 0.42503214115006E-01
 0.44570748277696E-01
 0.46722277029668E-01
 0.48960783556834E-01
 0.51289348800428E-01
 0.53711119432831E-01
 0.56229256167756E-01
 0.58847003182124E-01
 0.61567666696535E-01
 0.64394638057076E-01
 0.67332064743308E-01
 0.70381773139041E-01
 0.73547929585199E-01
 0.76833914092628E-01
 0.80243030137143E-01
 0.83778594692884E-01
 0.87443776058251E-01
 0.91241785505866E-01
 0.95175580389696E-01
 0.99247925545932E-01
 0.10346156313434E+00
 0.10781883432509E+00
 0.11232202169765E+00
 0.11697289309544E+00
 0.12177290479519E+00
 0.12672332631233E+00
 0.13182442365117E+00
 0.13707744131331E+00
 0.14248026463009E+00
 0.14803271955275E+00
 0.15373074465763E+00
 0.15957195943757E+00
 0.16555262445654E+00
 0.17166608306711E+00
 0.17790544813483E+00
 0.18426141097184E+00
 0.19072190619843E+00
 0.19727365955265E+00
 0.20390153796643E+00
 0.21058751843712E+00
 0.21731228840116E+00
 0.22405635321131E+00
 0.23079728571971E+00
 0.23751384533324E+00
 0.24418961304714E+00
 0.25080360266766E+00
 0.25734156049108E+00
 0.26379078527555E+00
 0.27014138427374E+00
 0.27638600684389E+00
 0.28252064963439E+00
 0.28854289024796E+00
 0.29445299902179E+00
 0.30025267090823E+00
 0.30594438903289E+00
 0.31153382571343E+00
 0.31702503207193E+00
 0.32242303998312E+00
 0.32773333064319E+00
 0.33296105486342E+00
 0.33811136098984E+00
 0.34318858833231E+00
 0.34819718428660E+00
 0.35314199990386E+00
 0.35802694856399E+00
 0.36285537522281E+00
 0.36763057067453E+00
 0.37235493565411E+00
 0.37703198148992E+00
 0.38166364514918E+00
 0.38625176815147E+00
 0.39079835913545E+00
 0.39530508485562E+00
 0.39977337026645E+00
 0.40420452968838E+00
 0.40859973923731E+00
 0.41295998963943E+00
 0.41728631710258E+00
 0.42157943838107E+00
 0.42584006355295E+00
 0.43006889352147E+00
 0.43426641803453E+00
 0.43843314336984E+00
 0.44256957513087E+00
 0.44667605890166E+00
 0.45075289106058E+00
 0.45480045343966E+00
 0.45881896817285E+00
 0.46280866553437E+00
 0.46676980548098E+00
 0.47070258212534E+00
 0.47460710698595E+00
 0.47848358742878E+00
 0.48233219081671E+00
 0.48615299830612E+00
 0.48994615119639E+00
 0.49371175233004E+00
 0.49744997368832E+00
 0.50116084874114E+00
 0.50484449426944E+00
 0.50850100933551E+00
 0.51213048739627E+00
 0.51573301886728E+00
 0.51930881483655E+00
 0.52285775016445E+00
 0.52638002254016E+00
 0.52987572272281E+00
 0.53334498127692E+00
 0.53678783540779E+00
 0.54020444566359E+00
 0.54359489356915E+00
 0.54695927693156E+00
 0.55029774633465E+00
 0.55361035224860E+00
 0.55689724346189E+00
 0.56015853533222E+00
 0.56339435763964E+00
 0.56660480424482E+00
 0.56979000348927E+00
 0.57295011587403E+00
 0.57608524958556E+00
 0.57919554365903E+00
 0.58228114416609E+00
 0.58534215422100E+00
 0.58837873958154E+00
 0.59139104840556E+00
 0.59437922139196E+00
 0.59734340913610E+00
 0.60028375210247E+00
 0.60320041533992E+00
 0.60609354348795E+00
 0.60896329048018E+00
 0.61180981467308E+00
 0.61463327912918E+00
 0.61743383492268E+00
 0.62021164376995E+00
 0.62296687078888E+00
 0.62569967964203E+00
 0.62841022731708E+00
 0.63109868631992E+00
 0.63376521787060E+00
 0.63640997982062E+00
 0.63903315477455E+00
 0.64163489328084E+00
 0.64421537064667E+00
 0.64677478085680E+00
 0.64931322358849E+00
 0.65183090910000E+00
 0.65432799952440E+00
 0.65680467791315E+00
 0.65926107893054E+00
 0.66169742156358E+00
 0.66411385965875E+00
 0.66651053451046E+00
 0.66888762111543E+00
 0.67124526465725E+00
 0.67358366402993E+00
 0.67590297266779E+00
 0.67820334833200E+00
 0.68048495388383E+00
 0.68274795783415E+00
 0.68499253308971E+00
 0.68721883195689E+00
 0.68942702738749E+00
 0.69161726562730E+00
 0.69378970778633E+00
 0.69594448914873E+00
 0.69808181923069E+00
 0.70020183114461E+00
 0.70230468639652E+00
 0.70439055559675E+00
 0.70645956098110E+00
 0.70851184282076E+00
 0.71054760105955E+00
 0.71256697107033E+00
 0.71457010950987E+00
 0.71655715876890E+00
 0.71852827266420E+00
 0.72048354296331E+00
 0.72242318650246E+00
 0.72434733477606E+00
 0.72625613604524E+00
 0.72814972314388E+00
 0.73002821710389E+00
 0.73189176506657E+00
 0.73374056780819E+00
 0.73557472896043E+00
 0.73739437879226E+00
 0.73919961934088E+00
 0.74099061660830E+00
 0.74276749988602E+00
 0.74453040595750E+00
 0.74627946312304E+00
 0.74801480619384E+00
 0.74973656152045E+00
 0.75144485847643E+00
 0.75313982489790E+00
 0.75482158387602E+00
 0.75649026728305E+00
 0.75814599258953E+00
 0.75978888243059E+00
 0.76141906336360E+00
 0.76303665144976E+00
 0.76464176452952E+00
