 0.29885054579258E+03
 0.29885054576272E+03
 0.29885054543346E+03
 0.29885054403703E+03
 0.29885054027915E+03
 0.29885053243528E+03
 0.29885051841994E+03
 0.29885049577361E+03
 0.29885046148725E+03
 0.29885041141947E+03
 0.29885033901938E+03
 0.29885023315464E+03
 0.29885007517472E+03
 0.29884983553993E+03
 0.29884947052016E+03
 0.29884891939018E+03
 0.29884810240910E+03
 0.29884691973854E+03
 0.29884525127535E+03
 0.29884295731343E+03
 0.29883987984509E+03
 0.29883584437549E+03
 0.29883066202853E+03
 0.29882413181471E+03
 0.29881604298225E+03
 0.29880617726261E+03
 0.29879431091418E+03
 0.29878021666574E+03
 0.29876366548836E+03
 0.29874442802175E+03
 0.29872227583561E+03
 0.29869698245312E+03
 0.29866832428253E+03
 0.29863608113163E+03
 0.29860003675261E+03
 0.29855997936791E+03
 0.29851570179663E+03
 0.29846700170412E+03
 0.29841368163158E+03
 0.29835554924320E+03
 0.29829241717117E+03
 0.29822410292684E+03
 0.29815042884028E+03
 0.29807122184800E+03
 0.29798631329011E+03
 0.29789553862594E+03
 0.29779873710620E+03
 0.29769575156836E+03
 0.29758642725353E+03
 0.29747061236326E+03
 0.29734815681530E+03
 0.29721891180745E+03
 0.29708272910993E+03
 0.29693946034833E+03
 0.29678895625592E+03
 0.29663106586937E+03
 0.29646563563489E+03
 0.29629250852914E+03
 0.29611152310982E+03
 0.29592248961055E+03
 0.29572527570323E+03
 0.29551968208869E+03
 0.29530551943964E+03
 0.29508258902991E+03
 0.29485068153900E+03
 0.29460957608709E+03
 0.29435903874342E+03
 0.29409882152476E+03
 0.29382866112373E+03
 0.29354827806730E+03
 0.29325737514331E+03
 0.29295563600564E+03
 0.29264272480878E+03
 0.29231828335113E+03
 0.29198193076252E+03
 0.29163326210915E+03
 0.29127184676548E+03
 0.29089722570910E+03
 0.29050891173059E+03
 0.29010638723359E+03
 0.28968910162294E+03
 0.28925647068345E+03
 0.28880787357243E+03
 0.28834265109364E+03
 0.28786010303421E+03
 0.28735948786198E+03
 0.28683996443614E+03
 0.28630079211095E+03
 0.28574103841680E+03
 0.28515976254585E+03
 0.28455596808235E+03
 0.28392859995529E+03
 0.28327653345813E+03
 0.28259857751808E+03
 0.28189346926416E+03
 0.28115987351387E+03
 0.28039636601558E+03
 0.27960144149661E+03
 0.27877350231023E+03
 0.27791085273867E+03
 0.27701169010045E+03
 0.27607410118582E+03
 0.27509606229840E+03
 0.27407542180337E+03
 0.27300989381093E+03
 0.27189704565840E+03
 0.27073421055406E+03
 0.26951883156401E+03
 0.26824791342108E+03
 0.26691837367872E+03
 0.26552694090493E+03
 0.26407013712670E+03
 0.26254428205290E+03
 0.26094545452454E+03
 0.25926951572264E+03
 0.25751209221464E+03
 0.25566853686688E+03
 0.25373396819462E+03
 0.25170322969478E+03
 0.24957092854121E+03
 0.24733143167899E+03
 0.24497887088459E+03
 0.24250725881879E+03
 0.23991028031101E+03
 0.23718205176884E+03
 0.23431637813800E+03
 0.23130768047887E+03
 0.22815068571329E+03
 0.22484100986165E+03
 0.22137566865657E+03
 0.21775317483526E+03
 0.21397433669961E+03
 0.21004274525723E+03
 0.20596518896050E+03
 0.20175193919343E+03
 0.19741713950550E+03
 0.19297867223047E+03
 0.18845778131094E+03
 0.18387859910703E+03
 0.17926691489519E+03
 0.17464930174604E+03
 0.17005249060021E+03
 0.16550211433789E+03
 0.16102154081615E+03
 0.15663139075301E+03
 0.15234916610478E+03
 0.14818890682139E+03
 0.14416132241056E+03
 0.14027375406709E+03
 0.13653064839875E+03
 0.13293381524714E+03
 0.12948272642073E+03
 0.12617524774981E+03
 0.12300773890660E+03
 0.11997561817579E+03
 0.11707354854628E+03
 0.11429575551702E+03
 0.11163624782764E+03
 0.10908898741967E+03
 0.10664812592465E+03
 0.10430790462404E+03
 0.10206278873289E+03
 0.99907540966828E+02
 0.97837228282880E+02
 0.95847126783987E+02
 0.93932941468733E+02
 0.92090572250038E+02
 0.90316244298625E+02
 0.88606428813392E+02
 0.86957819175486E+02
 0.85367360904642E+02
 0.83832204249038E+02
 0.82349682728883E+02
 0.80917309512169E+02
 0.79532771036352E+02
 0.78193881652397E+02
 0.76898611572338E+02
 0.75645040217752E+02
 0.74431385550552E+02
 0.73255943095504E+02
 0.72117125420724E+02
 0.71013427987589E+02
 0.69943426753225E+02
 0.68905778688876E+02
 0.67899211425653E+02
 0.66922513785405E+02
 0.65974546585865E+02
 0.65054211150261E+02
 0.64160469775926E+02
 0.63292344458179E+02
 0.62448886743018E+02
 0.61629201571756E+02
 0.60832431853594E+02
 0.60057760314292E+02
 0.59304405570205E+02
 0.58571621453032E+02
 0.57858693810423E+02
 0.57164934957545E+02
 0.56489691218606E+02
 0.55831045912837E+02
 0.55190978291298E+02
 0.54567614703721E+02
 0.53960402344492E+02
 0.53368805951070E+02
 0.52792318609883E+02
 0.52230445119530E+02
 0.51682714668770E+02
 0.51148674684244E+02
 0.50627886875382E+02
 0.50119932819500E+02
 0.49624408583513E+02
 0.49140925757521E+02
 0.48669110141136E+02
 0.48208601041806E+02
 0.47759052223843E+02
 0.47320130062648E+02
 0.46891512209748E+02
 0.46472887957896E+02
 0.46063958539358E+02
 0.45664436399099E+02
 0.45274042568381E+02
 0.44892508740794E+02
 0.44519576312931E+02
 0.44154995214286E+02
 0.43798524270484E+02
 0.43449931144035E+02
 0.43108990944340E+02
 0.42775486634056E+02
 0.42449208666821E+02
 0.42129954377420E+02
 0.41817528110606E+02
 0.41511740792102E+02
 0.41212409404184E+02
 0.40919357285385E+02
 0.40632413579926E+02
 0.40351412682290E+02
 0.40076195043856E+02
 0.39806605091464E+02
 0.39542494184406E+02
 0.39283716396259E+02
 0.39030131947993E+02
 0.38781604233439E+02
 0.38538002530523E+02
 0.38299198683922E+02
 0.38065070130424E+02
 0.37835496434695E+02
 0.37610362253501E+02
 0.37389555183529E+02
 0.37172966673449E+02
 0.36960490139321E+02
 0.36752024034903E+02
 0.36547469761135E+02
 0.36346729605326E+02
 0.36149711286603E+02
 0.35956324173079E+02
 0.35766479599768E+02
 0.35580092629489E+02
 0.35397080560950E+02
 0.35217363278086E+02
 0.35040862078486E+02
 0.34867501346435E+02
 0.34697207500292E+02
 0.34529908851015E+02
 0.34365536197358E+02
 0.34204022066874E+02
 0.34045300634710E+02
 0.33889308412899E+02
 0.33735982707831E+02
 0.33585263629097E+02
 0.33437092752217E+02
 0.33291413033547E+02
 0.33148168918777E+02
 0.33007306615751E+02
 0.32868773756916E+02
 0.32732518521232E+02
 0.32598492040797E+02
 0.32466645794750E+02
 0.32336932773728E+02
 0.32209306891380E+02
 0.32083723749486E+02
 0.31960139944919E+02
 0.31838513101430E+02
 0.31718802056317E+02
 0.31600966731149E+02
 0.31484967764811E+02
 0.31370767226562E+02
 0.31258328023984E+02
 0.31147613926567E+02
 0.31038589517861E+02
 0.30931220705104E+02
 0.30825473801586E+02
 0.30721316093187E+02
 0.30618715803050E+02
 0.30517641796538E+02
 0.30418063809764E+02
 0.30319952150426E+02
 0.30223277994194E+02
 0.30128013294211E+02
 0.30034130555124E+02
 0.29941602944007E+02
