 0.46338014095909E+03
 0.46338014096003E+03
 0.46338014099229E+03
 0.46338014127253E+03
 0.46338014248772E+03
 0.46338014601897E+03
 0.46338015386737E+03
 0.46338016705720E+03
 0.46338017837337E+03
 0.46338015258718E+03
 0.46337999025739E+03
 0.46337947881272E+03
 0.46337824182033E+03
 0.46337569854299E+03
 0.46337104259800E+03
 0.46336324271998E+03
 0.46335106370349E+03
 0.46333310266722E+03
 0.46330783474159E+03
 0.46327366238224E+03
 0.46322896402184E+03
 0.46317213879861E+03
 0.46310164537102E+03
 0.46301603400747E+03
 0.46291397194380E+03
 0.46279426224217E+03
 0.46265585604274E+03
 0.46249786025618E+03
 0.46231954140057E+03
 0.46212032504339E+03
 0.46189979226225E+03
 0.46165767404400E+03
 0.46139384383147E+03
 0.46110830849779E+03
 0.46080119824292E+03
 0.46047275580911E+03
 0.46012332507397E+03
 0.45975333943819E+03
 0.45936330989098E+03
 0.45895381420100E+03
 0.45852548508560E+03
 0.45807899934054E+03
 0.45761506748935E+03
 0.45713442376751E+03
 0.45663781703951E+03
 0.45612600227127E+03
 0.45559973270351E+03
 0.45505975394852E+03
 0.45450679311616E+03
 0.45394155983449E+03
 0.45336473694049E+03
 0.45277697739149E+03
 0.45217890050861E+03
 0.45157108899007E+03
 0.45095408654620E+03
 0.45032839581058E+03
 0.44969447662985E+03
 0.44905274557545E+03
 0.44840357470178E+03
 0.44774728312138E+03
 0.44708416820031E+03
 0.44641446051097E+03
 0.44573835178817E+03
 0.44505599053186E+03
 0.44436748115772E+03
 0.44367288527494E+03
 0.44297222199979E+03
 0.44226546864192E+03
 0.44155256132804E+03
 0.44083339636496E+03
 0.44010782944698E+03
 0.43937567889698E+03
 0.43863672355405E+03
 0.43789070437023E+03
 0.43713732545859E+03
 0.43637625309288E+03
 0.43560711676628E+03
 0.43482950877992E+03
 0.43404298390879E+03
 0.43324706212801E+03
 0.43244122399389E+03
 0.43162491545382E+03
 0.43079754038585E+03
 0.42995846557428E+03
 0.42910701816778E+03
 0.42824248387200E+03
 0.42736408153024E+03
 0.42647106419846E+03
 0.42556256566806E+03
 0.42463769886925E+03
 0.42369553164239E+03
 0.42273508231626E+03
 0.42175531676375E+03
 0.42075514960325E+03
 0.41973344132345E+03
 0.41868899883121E+03
 0.41762056550198E+03
 0.41652682899328E+03
 0.41540641475970E+03
 0.41425788400564E+03
 0.41307973051192E+03
 0.41187038025331E+03
 0.41062820024687E+03
 0.40935148737895E+03
 0.40803847071357E+03
 0.40668730608586E+03
 0.40529602390042E+03
 0.40386280290623E+03
 0.40238556551939E+03
 0.40086226552777E+03
 0.39929083349155E+03
 0.39766918483937E+03
 0.39599525904147E+03
 0.39426703453377E+03
 0.39248259404090E+03
 0.39064019442793E+03
 0.38873829620118E+03
 0.38677571469691E+03
 0.38475173709379E+03
 0.38266627225127E+03
 0.38052012086761E+03
 0.37831524088975E+03
 0.37605513459700E+03
 0.37374519314293E+03
 0.37139368609173E+03
 0.36901196024622E+03
 0.36661574002890E+03
 0.36422578789269E+03
 0.36186914767059E+03
 0.35958019902259E+03
 0.35740129109311E+03
 0.35538334275759E+03
 0.35358554393430E+03
 0.35207426854311E+03
 0.35092100274159E+03
 0.35019967151927E+03
 0.34998309869525E+03
 0.35033948508638E+03
 0.35132893804300E+03
 0.35300044769570E+03
 0.35538960798055E+03
 0.35851677639572E+03
 0.36238632475182E+03
 0.36698748518728E+03
 0.37229577860775E+03
 0.37827529157671E+03
 0.38488168426601E+03
 0.39206500836238E+03
 0.39977271655576E+03
 0.40795184534966E+03
 0.41655082244586E+03
 0.42552111961629E+03
 0.43481723351114E+03
 0.44439792707720E+03
 0.45422548008668E+03
 0.46426615344034E+03
 0.47448966071068E+03
 0.48486900823320E+03
 0.49537988704541E+03
 0.50599943131281E+03
 0.51670735815769E+03
 0.52748518819558E+03
 0.53831546512623E+03
 0.54918208516269E+03
 0.56007001738541E+03
 0.57096446935616E+03
 0.58185197385411E+03
 0.59271898856922E+03
 0.60355266379447E+03
 0.61434074504764E+03
 0.62507104171400E+03
 0.63573172183806E+03
 0.64631139728659E+03
 0.65679887304757E+03
 0.66718324314098E+03
 0.67745416537506E+03
 0.68760132989388E+03
 0.69761506829342E+03
 0.70748581709676E+03
 0.71720463063757E+03
 0.72676288629877E+03
 0.73615245124512E+03
 0.74536577684226E+03
 0.75439562587930E+03
 0.76323541065935E+03
 0.77187899301890E+03
 0.78032074011753E+03
 0.78855584831543E+03
 0.79657993935757E+03
 0.80438887792143E+03
 0.81197969385985E+03
 0.81934960378819E+03
 0.82649650093231E+03
 0.83341873716963E+03
 0.84011535970539E+03
 0.84658583778737E+03
 0.85283012652628E+03
 0.85884883954987E+03
 0.86464295601691E+03
 0.87021331827955E+03
 0.87556291211480E+03
 0.88069347772632E+03
 0.88560760079139E+03
 0.89030830504631E+03
 0.89479881192870E+03
 0.89908279555216E+03
 0.90316401129761E+03
 0.90704657130854E+03
 0.91073478724753E+03
 0.91423307237808E+03
 0.91754607494705E+03
 0.92067852499733E+03
 0.92363529680728E+03
 0.92642129124364E+03
 0.92904154185449E+03
 0.93150103803739E+03
 0.93380487798324E+03
 0.93595812907488E+03
 0.93796580141426E+03
 0.93983298251243E+03
 0.94156465631111E+03
 0.94316576799415E+03
 0.94464116591397E+03
 0.94599572914784E+03
 0.94723415854929E+03
 0.94836110272100E+03
 0.94938111206062E+03
 0.95029865599588E+03
 0.95111807557188E+03
 0.95184361467251E+03
 0.95247939971995E+03
 0.95302947050443E+03
 0.95349770023978E+03
 0.95388789231306E+03
 0.95420373105850E+03
 0.95444880852017E+03
 0.95462653557390E+03
 0.95474007859419E+03
 0.95479285019302E+03
 0.95478780612213E+03
 0.95472791051524E+03
 0.95461610116038E+03
 0.95445517592993E+03
 0.95424770157739E+03
 0.95399632672861E+03
 0.95370327715159E+03
 0.95337112026006E+03
 0.95300199810875E+03
 0.95259813245360E+03
 0.95216146875020E+03
 0.95169406142164E+03
 0.95119786878793E+03
 0.95067454471157E+03
 0.95012592295727E+03
 0.94955362820184E+03
 0.94895926891997E+03
 0.94834429181150E+03
 0.94771013517004E+03
 0.94705822011344E+03
 0.94638985018243E+03
 0.94570620166769E+03
 0.94500850079427E+03
 0.94429789729507E+03
 0.94357537965464E+03
 0.94284206360292E+03
 0.94209888792709E+03
 0.94134678532815E+03
 0.94058660072778E+03
 0.93981919365887E+03
 0.93904532952707E+03
 0.93826577127088E+03
 0.93748117665798E+03
 0.93669231146242E+03
 0.93589978942602E+03
 0.93510421362283E+03
 0.93430613717632E+03
 0.93350610786984E+03
 0.93270464610076E+03
 0.93190222803579E+03
 0.93109932121334E+03
 0.93029634560195E+03
 0.92949373002691E+03
 0.92869178110319E+03
 0.92789098152232E+03
 0.92709159069897E+03
 0.92629397718726E+03
 0.92549843760174E+03
 0.92470524694722E+03
 0.92391467040292E+03
 0.92312695775937E+03
 0.92234232866570E+03
 0.92156102193519E+03
 0.92078324476140E+03
 0.92000919468475E+03
 0.91923903757686E+03
 0.91847294496477E+03
 0.91771107097488E+03
 0.91695355730397E+03
 0.91620053972467E+03
 0.91545214269223E+03
