 0.00000000000000E+00
 0.00000000000000E+00
 0.00000000000000E+00
 0.00000000000000E+00
 0.11019753867043E-35
 0.23360231772262E-31
 0.28753821219216E-28
 0.59753018928974E-26
 0.37930467059187E-24
 0.10497636885621E-22
 0.15885290959164E-21
 0.15284435653831E-20
 0.10380911795698E-19
 0.53625205850952E-19
 0.22254694221180E-18
 0.77307741126228E-18
 0.31684833192290E-14
 0.84190185331361E-14
 0.98008944487428E-13
 0.41466382457004E-12
 0.15074819560600E-11
 0.48694718307991E-11
 0.14196830678830E-10
 0.37848590510107E-10
 0.93285937743923E-10
 0.21454375941040E-09
 0.46406187025296E-09
 0.95045473671324E-09
 0.18540028510410E-08
 0.34617916655917E-08
 0.62145072510562E-08
 0.10766908688588E-07
 0.18063953291066E-07
 0.29434440256175E-07
 0.46704016988655E-07
 0.72329235906563E-07
 0.10955421987405E-06
 0.16259096545216E-06
 0.23682518392878E-06
 0.33904867577414E-06
 0.47771997989462E-06
 0.66325166844345E-06
 0.90832940585469E-06
 0.12282602956538E-05
 0.16413535862617E-05
 0.21693325441334E-05
 0.28377780516085E-05
 0.36766099905510E-05
 0.47205979633215E-05
 0.60099154690517E-05
 0.75907125057965E-05
 0.95157431427670E-05
 0.11845022576488E-04
 0.14646527282360E-04
 0.17996922080051E-04
 0.21982321973358E-04
 0.26699113540161E-04
 0.32254823610969E-04
 0.38769006600749E-04
 0.46385805701434E-04
 0.55231251960559E-04
 0.65476174877269E-04
 0.77298224218281E-04
 0.90892230656503E-04
 0.10647145738126E-03
 0.12426871300233E-03
 0.14453784459820E-03
 0.16755504668901E-03
 0.19362033898767E-03
 0.22305893385099E-03
 0.25622301379788E-03
 0.29349333664340E-03
 0.33528092962523E-03
 0.38202948617965E-03
 0.43421689793935E-03
 0.49235736565669E-03
 0.55700386733064E-03
 0.62875112510622E-03
 0.70823708657810E-03
 0.79614679440777E-03
 0.89321478498533E-03
 0.10002285556590E-02
 0.11180318999319E-02
 0.12475289520222E-02
 0.13896884463644E-02
 0.15455470198366E-02
 0.17162560888662E-02
 0.19029320199887E-02
 0.21068829115271E-02
 0.23294728490184E-02
 0.25721620188571E-02
 0.28365131012312E-02
 0.31242046889825E-02
 0.34370348085009E-02
 0.37769309539429E-02
 0.41459569038066E-02
 0.45463337878695E-02
 0.49804413534600E-02
 0.54508358713471E-02
 0.59602645876083E-02
 0.65116838315661E-02
 0.71082736673249E-02
 0.77534516504374E-02
 0.84509012272386E-02
 0.92045936272974E-02
 0.10018816784048E-01
 0.10898287763570E-01
 0.11847810381225E-01
 0.12872871467482E-01
 0.13979304639207E-01
 0.15173419411061E-01
 0.16462058712292E-01
 0.17852628751065E-01
 0.19353184593076E-01
 0.20972451083436E-01
 0.22719894936273E-01
 0.24605834419758E-01
 0.26641455919927E-01
 0.28838950471327E-01
 0.31211543231765E-01
 0.33773606886492E-01
 0.36540772879009E-01
 0.39529885752971E-01
 0.42759457748712E-01
 0.46248729511012E-01
 0.50018914313153E-01
 0.54091917145012E-01
 0.58491086451581E-01
 0.63240392391085E-01
 0.68363598324226E-01
 0.73884106459923E-01
 0.79823409933349E-01
 0.86199771887615E-01
 0.93026845071842E-01
 0.10031206775846E+00
 0.10805460834350E+00
 0.11624400799322E+00
 0.12485924255823E+00
 0.13386786182082E+00
 0.14322721960188E+00
 0.15288552356276E+00
 0.16278244480908E+00
 0.17285237249821E+00
 0.18302761119212E+00
 0.19324080024332E+00
 0.20342727324637E+00
 0.21352748321991E+00
 0.22348818755243E+00
 0.23326393406039E+00
 0.24281699493682E+00
 0.25211756729278E+00
 0.26114365324277E+00
 0.26987949635901E+00
 0.27831557968644E+00
 0.28644714034023E+00
 0.29427366507831E+00
 0.30179791138325E+00
 0.30902517207904E+00
 0.31596260949357E+00
 0.32261836099786E+00
 0.32900172840215E+00
 0.33512261187222E+00
 0.34099111009278E+00
 0.34661739257272E+00
 0.35201178584625E+00
 0.35718408470022E+00
 0.36214411829326E+00
 0.36690123558912E+00
 0.37146449950308E+00
 0.37584268194348E+00
 0.38004410387814E+00
 0.38407673172054E+00
 0.38794820201360E+00
 0.39166578123860E+00
 0.39523636942993E+00
 0.39866660122197E+00
 0.40196272745553E+00
 0.40513075550138E+00
 0.40817632698696E+00
 0.41110489205946E+00
 0.41392158505889E+00
 0.41663131353541E+00
 0.41923875053087E+00
 0.42174833535281E+00
 0.42416429448191E+00
 0.42649066475609E+00
 0.42873125716783E+00
 0.43088976183713E+00
 0.43296965984036E+00
 0.43497423683102E+00
 0.43690668888602E+00
 0.43877002225683E+00
 0.44056711588103E+00
 0.44230070471081E+00
 0.44397340920542E+00
 0.44558771996639E+00
 0.44714601363333E+00
 0.44865057328986E+00
 0.45010356160277E+00
 0.45150897408134E+00
 0.45286491673948E+00
 0.45417523043062E+00
 0.45544171434668E+00
 0.45666609876088E+00
 0.45785002070659E+00
 0.45899506488442E+00
 0.46010273246506E+00
 0.46117446108805E+00
 0.46221163106171E+00
 0.46321555815087E+00
 0.46418750160543E+00
 0.46512866669965E+00
 0.46604020744632E+00
 0.46692323112365E+00
 0.46777879460556E+00
 0.46860790675848E+00
 0.46941154057820E+00
 0.47019062663420E+00
 0.47094605415482E+00
 0.47167867653623E+00
 0.47238931365513E+00
 0.47307875004355E+00
 0.47374773762052E+00
 0.47439699959537E+00
 0.47502722979682E+00
 0.47563909036853E+00
 0.47623322062121E+00
 0.47681023313692E+00
 0.47737071558935E+00
 0.47791523292713E+00
 0.47844432803048E+00
 0.47895852181948E+00
 0.47945831589183E+00
 0.47994419097469E+00
 0.48041661005945E+00
 0.48087601886234E+00
 0.48132284417279E+00
 0.48175750097327E+00
 0.48218038070634E+00
 0.48259186898288E+00
 0.48299233053236E+00
 0.48338211891252E+00
 0.48376157688693E+00
 0.48413103003869E+00
 0.48449079336473E+00
 0.48484117024081E+00
 0.48518245607026E+00
 0.48551492914967E+00
 0.48583886268794E+00
 0.48615452159109E+00
 0.48646215741508E+00
 0.48676201479454E+00
 0.48705432834761E+00
 0.48733932500648E+00
 0.48761722467118E+00
 0.48788823936003E+00
 0.48815257270596E+00
 0.48841042107598E+00
 0.48866197517937E+00
 0.48890741887140E+00
 0.48914693020357E+00
 0.48938068097325E+00
 0.48960883904718E+00
 0.48983156028541E+00
 0.49004900149881E+00
 0.49026131220393E+00
 0.49046863578951E+00
 0.49067111541621E+00
 0.49086888748521E+00
 0.49106207889487E+00
 0.49125081782926E+00
 0.49143522660346E+00
 0.49161542442350E+00
 0.49179152573336E+00
 0.49196364709622E+00
 0.49213188977162E+00
 0.49229635945944E+00
 0.49245715684100E+00
 0.49261438089941E+00
 0.49276812793799E+00
 0.49291848945817E+00
 0.49306554973235E+00
 0.49320939781581E+00
 0.49335011803058E+00
 0.49348779444228E+00
 0.49362250319339E+00
 0.49375432097888E+00
 0.49388332155694E+00
 0.49400957717511E+00
 0.49413315687845E+00
 0.49425412876005E+00
 0.49437255832297E+00
 0.49448850910562E+00
 0.49460204324270E+00
 0.49471322014232E+00
 0.49482209870366E+00
 0.49492873548178E+00
 0.49503318493661E+00
 0.49513550082896E+00
 0.49523573517539E+00
