 0.00000000000000E+00
 0.00000000000000E+00
 0.00000000000000E+00
 0.00000000000000E+00
 0.13381834849486E-77
 0.12747687976304E-64
 0.23773147611763E-55
 0.21334356075873E-48
 0.54571331949007E-43
 0.11568435294743E-38
 0.40085333785545E-35
 0.35706575986961E-32
 0.11186815746645E-29
 0.15420799637931E-27
 0.11022111668265E-25
 0.46202782899183E-24
 0.12480180259686E-22
 0.23374301267781E-21
 0.32161810495741E-20
 0.34050453660208E-19
 0.28797554013234E-18
 0.20060934206206E-17
 0.11806134100042E-16
 0.59950258719579E-16
 0.26736279424095E-15
 0.10630483224813E-14
 0.38167852684700E-14
 0.12511025850826E-13
 0.37795509901987E-13
 0.10609485927349E-12
 0.27870923111294E-12
 0.68947765552624E-12
 0.16150328096813E-11
 0.35994413869637E-11
 0.76655192376918E-11
 0.15658639904931E-10
 0.30785546013341E-10
 0.58430427372716E-10
 0.10735300632002E-09
 0.19139797949244E-09
 0.33187111590422E-09
 0.56076362882201E-09
 0.92503206818223E-09
 0.14921648458622E-08
 0.23572875510208E-08
 0.36520765473573E-08
 0.55557631996761E-08
 0.83085188474902E-08
 0.12227513847652E-07
 0.17725939538645E-07
 0.25335276779403E-07
 0.35731079677288E-07
 0.49762528082637E-07
 0.68485982030928E-07
 0.93202749347535E-07
 0.12550125445224E-06
 0.16730377341887E-06
 0.22091787738917E-06
 0.28909270742978E-06
 0.37508061692721E-06
 0.48270192761142E-06
 0.61641828342111E-06
 0.78140803326548E-06
 0.98364837678058E-06
 0.12300026622994E-05
 0.15283132282629E-05
 0.18875000041487E-05
 0.23176650429156E-05
 0.28302033054724E-05
 0.34379199796910E-05
 0.41551548942113E-05
 0.49979145052241E-05
 0.59840118779896E-05
 0.71332161651964E-05
 0.84674115515505E-05
 0.10010767396388E-04
 0.11789920810855E-04
 0.13834173736087E-04
 0.16175704468498E-04
 0.18849797794030E-04
 0.21895095820185E-04
 0.25353870435400E-04
 0.29272323564893E-04
 0.33700916462018E-04
 0.38694734064699E-04
 0.44313885122854E-04
 0.50624045767824E-04
 0.57696619436230E-04
 0.65609765550791E-04
 0.74448729085216E-04
 0.84306609552431E-04
 0.95285149102549E-04
 0.10749564814114E-03
 0.12105995913041E-03
 0.13611163677681E-03
 0.15279722288917E-03
 0.17127778434411E-03
 0.19173055137471E-03
 0.21435087945322E-03
 0.23935447034467E-03
 0.26697994397784E-03
 0.29749175683452E-03
 0.33118351598954E-03
 0.36838195656643E-03
 0.40945145217248E-03
 0.45479931229586E-03
 0.50488301393912E-03
 0.56021238932974E-03
 0.62136514576537E-03
 0.68899176532903E-03
 0.76382799765447E-03
 0.84670830268631E-03
 0.93858118527578E-03
 0.10405282985760E-02
 0.11537854627734E-02
 0.12797685004728E-02
 0.14201047769754E-02
 0.15766680142676E-02
 0.17516225825305E-02
 0.19474731145259E-02
 0.21671253060720E-02
 0.24139582002365E-02
 0.26919034755866E-02
 0.30055609326737E-02
 0.33602659150984E-02
 0.37622776123041E-02
 0.42188666751387E-02
 0.47385150459389E-02
 0.53310556042060E-02
 0.60078087061189E-02
 0.67817588922054E-02
 0.76676103937283E-02
 0.86818035127737E-02
 0.98424350034355E-02
 0.11169054418099E-01
 0.12682233755795E-01
 0.14403009793706E-01
 0.16352154510904E-01
 0.18549243059547E-01
 0.21011831144599E-01
 0.23754488755293E-01
 0.26787730514814E-01
 0.30117389094414E-01
 0.33744350576007E-01
 0.37664343140558E-01
 0.41868057217015E-01
 0.46341692176254E-01
 0.51067520050311E-01
 0.56024888404618E-01
 0.61190940415309E-01
 0.66541594126172E-01
 0.72052500749863E-01
 0.77699342653806E-01
 0.83458744080094E-01
 0.89308401916409E-01
 0.95227531890311E-01
 0.10119694884566E+00
 0.10719911482968E+00
 0.11321812395395E+00
 0.11923942671011E+00
 0.12525009195382E+00
 0.13123858122593E+00
 0.13719456682292E+00
 0.14310884665998E+00
 0.14897347435347E+00
 0.15478116630540E+00
 0.16052572035376E+00
 0.16620160837400E+00
 0.17180405167107E+00
 0.17732897801915E+00
 0.18277284436173E+00
 0.18813265864878E+00
 0.19340594652126E+00
 0.19859067676925E+00
 0.20368519809779E+00
 0.20868829036971E+00
 0.21359901968430E+00
 0.21841680579964E+00
 0.22314128064489E+00
 0.22777240976916E+00
 0.23231032959999E+00
 0.23675540092540E+00
 0.24110817484360E+00
 0.24536935276437E+00
 0.24953978192062E+00
 0.25362045174742E+00
 0.25761243120391E+00
 0.26151693762421E+00
 0.26533524936972E+00
 0.26906868621749E+00
 0.27271868167812E+00
 0.27628669005008E+00
 0.27977421660613E+00
 0.28318279576031E+00
 0.28651398860324E+00
 0.28976937155605E+00
 0.29295053412838E+00
 0.29605908521751E+00
 0.29909661908956E+00
 0.30206880756389E+00
 0.30496907888049E+00
 0.30780310863439E+00
 0.31057245823461E+00
 0.31327868746470E+00
 0.31592331447768E+00
 0.31850786315101E+00
 0.32103381818398E+00
 0.32350264022549E+00
 0.32591577442255E+00
 0.32827462922338E+00
 0.33058059013925E+00
 0.33283501357109E+00
 0.33503922832129E+00
 0.33719453542729E+00
 0.33930220306097E+00
 0.34136347041526E+00
 0.34337955015285E+00
 0.34535162571196E+00
 0.34728084900706E+00
 0.34916834147997E+00
 0.35101520114800E+00
 0.35282249517390E+00
 0.35459126198632E+00
 0.35632251412340E+00
 0.35801723643163E+00
 0.35967638566622E+00
 0.36130089423487E+00
 0.36289166849386E+00
 0.36444958946693E+00
 0.36597551436319E+00
 0.36747027589715E+00
 0.36893468334937E+00
 0.37036952394371E+00
 0.37177556177731E+00
 0.37315353934637E+00
 0.37450417909761E+00
 0.37582818094251E+00
 0.37712622839545E+00
 0.37839897975986E+00
 0.37964708061463E+00
 0.38087115364989E+00
 0.38207180745445E+00
 0.38324962857829E+00
 0.38440519129363E+00
 0.38553904880151E+00
 0.38665174337951E+00
 0.38774379782668E+00
 0.38881572178376E+00
 0.38986800917023E+00
 0.39090114366990E+00
 0.39191559001321E+00
 0.39291180008417E+00
 0.39389021884106E+00
 0.39485127149178E+00
 0.39579537434497E+00
 0.39672293396688E+00
 0.39763434232548E+00
 0.39852998109763E+00
 0.39941022078617E+00
 0.40027542407168E+00
 0.40112594125173E+00
 0.40196211327279E+00
 0.40278427220959E+00
 0.40359273972462E+00
 0.40438782925269E+00
 0.40516984630581E+00
 0.40593908668762E+00
 0.40669584077289E+00
 0.40744038814686E+00
 0.40817300132943E+00
 0.40889394608146E+00
 0.40960348119119E+00
 0.41030185782990E+00
 0.41098932053939E+00
 0.41166610963102E+00
 0.41233245488988E+00
 0.41298858256010E+00
 0.41363471233198E+00
 0.41427105896044E+00
 0.41489783033395E+00
 0.41551522936145E+00
 0.41612345395186E+00
 0.41672269659580E+00
 0.41731314476780E+00
 0.41789498193049E+00
 0.41846838576406E+00
 0.41903352975075E+00
 0.41959058316875E+00
 0.42013971126781E+00
 0.42068107403657E+00
 0.42121482858079E+00
 0.42174112773934E+00
 0.42226012022976E+00
 0.42277195143838E+00
 0.42327676289664E+00
 0.42377469307350E+00
 0.42426587668433E+00
 0.42475044496450E+00
 0.42522852627065E+00
 0.42570024584765E+00
