                  NaN
                  NaN
                  NaN
                  NaN
 0.10000000133514E-09
 0.10000000133514E-09
 0.10000000133514E-09
 0.10000000133514E-09
 0.10000000133514E-09
 0.10000000133517E-09
 0.10000000133562E-09
 0.10000000133996E-09
 0.10000000137706E-09
 0.10000000178359E-09
 0.10000000695550E-09
 0.10000006341917E-09
 0.13659804458636E-06
 0.13667275426983E-06
 0.66397584445043E-06
 0.12793478853282E-05
 0.22827965567121E-05
 0.38609900971014E-05
 0.62348090092854E-05
 0.96706215977482E-05
 0.14480558825474E-04
 0.21021771764196E-04
 0.29695006903494E-04
 0.40942769290345E-04
 0.55247364968484E-04
 0.73129068268224E-04
 0.95144703155921E-04
 0.12188660949247E-03
 0.15398200469431E-03
 0.19209259861075E-03
 0.23691505847494E-03
 0.28918194169030E-03
 0.34966292175965E-03
 0.41916519519607E-03
 0.49853559263253E-03
 0.58866264801218E-03
 0.69047956724601E-03
 0.80496387491306E-03
 0.93314126921116E-03
 0.10760872133570E-02
 0.12349296982584E-02
 0.14108509276512E-02
 0.16050886465735E-02
 0.18189401799020E-02
 0.20537630606662E-02
 0.23109798935766E-02
 0.25920755483411E-02
 0.28986030022466E-02
 0.32321851258971E-02
 0.35945179278848E-02
 0.39873705652746E-02
 0.44125855349377E-02
 0.48720835415246E-02
 0.53678681919064E-02
 0.59020258482588E-02
 0.64783483939213E-02
 0.70960820312315E-02
 0.77589894380452E-02
 0.84695166717563E-02
 0.92302004991237E-02
 0.10043678462725E-01
 0.10912679019800E-01
 0.11840042884029E-01
 0.12828718655551E-01
 0.13881768219524E-01
 0.15002359101670E-01
 0.16193781606477E-01
 0.17459446155948E-01
 0.18802882802706E-01
 0.20227773720875E-01
 0.21737928374919E-01
 0.23337289205031E-01
 0.25029947376805E-01
 0.26820170268679E-01
 0.28712356556904E-01
 0.30711090510072E-01
 0.32821121808848E-01
 0.35047383187989E-01
 0.37394992369879E-01
 0.39869270276911E-01
 0.42475754155440E-01
 0.45220173318763E-01
 0.48109614502048E-01
 0.51148233285808E-01
 0.54343463523049E-01
 0.57702012848444E-01
 0.61230835990666E-01
 0.64937131740341E-01
 0.68828479041007E-01
 0.72912729263738E-01
 0.77198036762791E-01
 0.81692809378315E-01
 0.86405913185609E-01
 0.91346472971929E-01
 0.96523976834573E-01
 0.10194828548592E+00
 0.10762967626092E+00
 0.11357880502760E+00
 0.11980664226513E+00
 0.12632459790265E+00
 0.13314450885166E+00
 0.14027868894916E+00
 0.14774096954400E+00
 0.15554206481982E+00
 0.16369665235811E+00
 0.17221863968701E+00
 0.18112229737314E+00
 0.19042239877617E+00
 0.20013400061119E+00
 0.21027274688612E+00
 0.22085446285938E+00
 0.23189522476647E+00
 0.24341167330849E+00
 0.25542043071016E+00
 0.26793852883763E+00
 0.28098285333115E+00
 0.29457027516005E+00
 0.30871767603869E+00
 0.32344085981430E+00
 0.33875687532777E+00
 0.35467733987567E+00
 0.37121603407184E+00
 0.38838064947699E+00
 0.40617772369361E+00
 0.42460837513387E+00
 0.44366530499715E+00
 0.46333419412438E+00
 0.48358901385152E+00
 0.50438994668210E+00
 0.52568232682215E+00
 0.54739531521986E+00
 0.56943984397195E+00
 0.59170980363025E+00
 0.61408455242981E+00
 0.63643077230425E+00
 0.65861020281843E+00
 0.68048475253115E+00
 0.70191817923093E+00
 0.72278475785765E+00
 0.74297462824515E+00
 0.76239623510938E+00
 0.78097784024006E+00
 0.79866878110626E+00
 0.81543781932729E+00
 0.83127255356523E+00
 0.84617599426823E+00
 0.86016440089964E+00
 0.87326509294800E+00
 0.88551210525948E+00
 0.89694548333603E+00
 0.90760811326171E+00
 0.91754480022933E+00
 0.92680067315458E+00
 0.93542023763052E+00
 0.94344659068584E+00
 0.95092031336151E+00
 0.95788030007158E+00
 0.96436320518057E+00
 0.97040314520897E+00
 0.97603189226822E+00
 0.98127921695364E+00
 0.98617221481732E+00
 0.99073637239388E+00
 0.99499495574758E+00
 0.99896953461291E+00
 0.10026801216084E+01
 0.10061450673512E+01
 0.10093813318027E+01
 0.10124046308805E+01
 0.10152294568153E+01
 0.10178691868511E+01
 0.10203362871776E+01
 0.10226421986022E+01
 0.10247976112234E+01
 0.10268123250812E+01
 0.10286955396219E+01
 0.10304557291499E+01
 0.10321007948171E+01
 0.10336380771008E+01
 0.10350743946821E+01
 0.10364160919248E+01
 0.10376690910138E+01
 0.10388388628822E+01
 0.10399305995259E+01
 0.10409490848522E+01
 0.10418987398381E+01
 0.10427837935590E+01
 0.10436081309981E+01
 0.10443754042274E+01
 0.10450890077928E+01
 0.10457521443981E+01
 0.10463677933779E+01
 0.10469387445424E+01
 0.10474676343770E+01
 0.10479569106989E+01
 0.10484095012626E+01
 0.10488262962693E+01
 0.10492099762285E+01
 0.10495624388786E+01
 0.10498854790270E+01
 0.10501807659677E+01
 0.10504498906748E+01
 0.10506943322881E+01
 0.10509154872163E+01
 0.10511146729273E+01
 0.10512931280900E+01
 0.10514520161895E+01
 0.10515924346755E+01
 0.10517154177630E+01
 0.10518219449506E+01
 0.10519129354628E+01
 0.10519892486790E+01
 0.10520517078135E+01
 0.10521010861037E+01
 0.10521381099508E+01
 0.10521634691238E+01
 0.10521778147774E+01
 0.10521817606892E+01
 0.10521758865653E+01
 0.10521607434077E+01
 0.10521368526915E+01
 0.10521047008156E+01
 0.10520647548520E+01
 0.10520174546530E+01
 0.10519632156482E+01
 0.10519024318124E+01
 0.10518354771195E+01
 0.10517627043881E+01
 0.10516844494704E+01
 0.10516010282809E+01
 0.10515127420060E+01
 0.10514198764512E+01
 0.10513227000866E+01
 0.10512214742834E+01
 0.10511164345087E+01
 0.10510078185789E+01
 0.10508958417548E+01
 0.10507807105748E+01
 0.10506626297815E+01
 0.10505417803850E+01
 0.10504183408271E+01
 0.10502924764213E+01
 0.10501643538848E+01
 0.10500341163437E+01
 0.10499019112341E+01
 0.10497678788213E+01
 0.10496321480437E+01
 0.10494948454287E+01
 0.10493560836324E+01
 0.10492159764347E+01
 0.10490746314879E+01
 0.10489321490525E+01
 0.10487886246150E+01
 0.10486441478273E+01
 0.10484988065590E+01
 0.10483526816315E+01
 0.10482058525422E+01
 0.10480583940581E+01
 0.10479103807499E+01
 0.10477618708297E+01
 0.10476129321357E+01
 0.10474636241834E+01
 0.10473140019897E+01
 0.10471641253198E+01
 0.10470140488054E+01
 0.10468638131914E+01
 0.10467134680726E+01
 0.10465630567484E+01
 0.10464126225583E+01
 0.10462622045649E+01
 0.10461118503244E+01
 0.10459615835967E+01
 0.10458114409828E+01
 0.10456614540686E+01
 0.10455116552186E+01
 0.10453620769264E+01
 0.10452127458499E+01
 0.10450636776679E+01
 0.10449149028405E+01
 0.10447664460938E+01
 0.10446183351251E+01
 0.10444705856876E+01
 0.10443232183229E+01
 0.10441762509569E+01
 0.10440297017668E+01
 0.10438835865138E+01
 0.10437379214934E+01
 0.10435927210990E+01
 0.10434479990186E+01
 0.10433037688106E+01
 0.10431600414914E+01
 0.10430168296070E+01
 0.10428741438660E+01
 0.10427319934496E+01
 0.10425903884911E+01
 0.10424493380370E+01
