 0.19071606586272E+00
 0.19071606586285E+00
 0.19071606586575E+00
 0.19071606588442E+00
 0.19071606594887E+00
 0.19071606610550E+00
 0.19071606640876E+00
 0.19071606688534E+00
 0.19071606741006E+00
 0.19071606741688E+00
 0.19071606541960E+00
 0.19071605839959E+00
 0.19071604117699E+00
 0.19071600588422E+00
 0.19071594162463E+00
 0.19071583443070E+00
 0.19071566713974E+00
 0.19071541979260E+00
 0.19071506976980E+00
 0.19071459298465E+00
 0.19071396347190E+00
 0.19071315471102E+00
 0.19071213914636E+00
 0.19071088901355E+00
 0.19070937696441E+00
 0.19070757607187E+00
 0.19070546007577E+00
 0.19070300366114E+00
 0.19070018250780E+00
 0.19069697375587E+00
 0.19069335501235E+00
 0.19068930635139E+00
 0.19068480768661E+00
 0.19067984272864E+00
 0.19067439384649E+00
 0.19066844668485E+00
 0.19066198761969E+00
 0.19065500469905E+00
 0.19064748744054E+00
 0.19063942668246E+00
 0.19063081542928E+00
 0.19062164785688E+00
 0.19061191986782E+00
 0.19060162898989E+00
 0.19059077447298E+00
 0.19057935733323E+00
 0.19056738039823E+00
 0.19055484835041E+00
 0.19054176779147E+00
 0.19052814730342E+00
 0.19051399748193E+00
 0.19049933093511E+00
 0.19048416242340E+00
 0.19046850886903E+00
 0.19045238940749E+00
 0.19043582543656E+00
 0.19041884065988E+00
 0.19040146113413E+00
 0.19038371529746E+00
 0.19036563401990E+00
 0.19034725063052E+00
 0.19032860094935E+00
 0.19030972334488E+00
 0.19029065872849E+00
 0.19027145059381E+00
 0.19025214504005E+00
 0.19023279081827E+00
 0.19021343930644E+00
 0.19019414451338E+00
 0.19017496316624E+00
 0.19015595469347E+00
 0.19013718126038E+00
 0.19011870775707E+00
 0.19010060180502E+00
 0.19008293382559E+00
 0.19006577668275E+00
 0.19004920683268E+00
 0.19003330311045E+00
 0.19001814722219E+00
 0.19000382378605E+00
 0.18999042045725E+00
 0.18997802774871E+00
 0.18996673918344E+00
 0.18995665137782E+00
 0.18994788671060E+00
 0.18994050690845E+00
 0.18993463731594E+00
 0.18993038782692E+00
 0.18992787084748E+00
 0.18992720301188E+00
 0.18992850439272E+00
 0.18993189861905E+00
 0.18993751298506E+00
 0.18994547834130E+00
 0.18995593079380E+00
 0.18996900951362E+00
 0.18998485803830E+00
 0.19000362469890E+00
 0.19002546236560E+00
 0.19005052691827E+00
 0.19007898276378E+00
 0.19011099590961E+00
 0.19014673895486E+00
 0.19018638915295E+00
 0.19023013042199E+00
 0.19027815158717E+00
 0.19033064731543E+00
 0.19038781856557E+00
 0.19044987219024E+00
 0.19051702128162E+00
 0.19058948639322E+00
 0.19066749399214E+00
 0.19075127629453E+00
 0.19084107431211E+00
 0.19093713446203E+00
 0.19103971154495E+00
 0.19114906499394E+00
 0.19126546315610E+00
 0.19138917943305E+00
 0.19152049663541E+00
 0.19165970138332E+00
 0.19180712420274E+00
 0.19196299628899E+00
 0.19212765389001E+00
 0.19230140825295E+00
 0.19248457306737E+00
 0.19267746601436E+00
 0.19288040777598E+00
 0.19309372114650E+00
 0.19331772924589E+00
 0.19355275562173E+00
 0.19379912196804E+00
 0.19405714690178E+00
 0.19432714608810E+00
 0.19460942807808E+00
 0.19490429564964E+00
 0.19521204338412E+00
 0.19553295372280E+00
 0.19586729776194E+00
 0.19621533675780E+00
 0.19657731463278E+00
 0.19695346130089E+00
 0.19734398871685E+00
 0.19774909097558E+00
 0.19816894633303E+00
 0.19860371143715E+00
 0.19905352544501E+00
 0.19951850832597E+00
 0.19999876144622E+00
 0.20049436574814E+00
 0.20100538760682E+00
 0.20153187374848E+00
 0.20207385537621E+00
 0.20263134848593E+00
 0.20320439218547E+00
 0.20379290414745E+00
 0.20439689707808E+00
 0.20501633780491E+00
 0.20565118130873E+00
 0.20630137283194E+00
 0.20696685471299E+00
 0.20764755051628E+00
 0.20834338130654E+00
 0.20905425353623E+00
 0.20978006335738E+00
 0.21052069720331E+00
 0.21127601589829E+00
 0.21204587290459E+00
 0.21283008810363E+00
 0.21362846777256E+00
 0.21444077890651E+00
 0.21526676092786E+00
 0.21610611269392E+00
 0.21695849136422E+00
 0.21782349967353E+00
 0.21870068586034E+00
 0.21958954708047E+00
 0.22048951465542E+00
 0.22139995478667E+00
 0.22232016911908E+00
 0.22324939043935E+00
 0.22418678711678E+00
 0.22513146404196E+00
 0.22608246901622E+00
 0.22703879757788E+00
 0.22799940237010E+00
 0.22896320576599E+00
 0.22992910539612E+00
 0.23089598139354E+00
 0.23186270670789E+00
 0.23282822523258E+00
 0.23379144592615E+00
 0.23475133163314E+00
 0.23570689664261E+00
 0.23665720741049E+00
 0.23760139294910E+00
 0.23853864628269E+00
 0.23946822778904E+00
 0.24038946680416E+00
 0.24130176267866E+00
 0.24220458184649E+00
 0.24309745251726E+00
 0.24397996355343E+00
 0.24485176035423E+00
 0.24571254084619E+00
 0.24656204645721E+00
 0.24740006409108E+00
 0.24822642134199E+00
 0.24904097264549E+00
 0.24984360139562E+00
 0.25063422755390E+00
 0.25141277838121E+00
 0.25217921231486E+00
 0.25293350185979E+00
 0.25367563258537E+00
 0.25440560262352E+00
 0.25512342186004E+00
 0.25582911405456E+00
 0.25652270354330E+00
 0.25720422410270E+00
 0.25787371222598E+00
 0.25853122969315E+00
 0.25917682177612E+00
 0.25981054515921E+00
 0.26043245854880E+00
 0.26104263146651E+00
 0.26164113146550E+00
 0.26222803077836E+00
 0.26280340262106E+00
 0.26336733031239E+00
 0.26391988916176E+00
 0.26446116647684E+00
 0.26499124971918E+00
 0.26551022719301E+00
 0.26601819090323E+00
 0.26651523482187E+00
 0.26700145429272E+00
 0.26747694837787E+00
 0.26794181708370E+00
 0.26839616263447E+00
 0.26884008999574E+00
 0.26927371041819E+00
 0.26969712443354E+00
 0.27011044391540E+00
 0.27051377763085E+00
 0.27090724057651E+00
 0.27129094835785E+00
 0.27166501500653E+00
 0.27202955619517E+00
 0.27238468893459E+00
 0.27273053479288E+00
 0.27306721170290E+00
 0.27339483901022E+00
 0.27371353916385E+00
 0.27402343374593E+00
 0.27432464533395E+00
 0.27461729508415E+00
 0.27490150874513E+00
 0.27517740838638E+00
 0.27544511794722E+00
 0.27570476146281E+00
 0.27595646280723E+00
 0.27620034603168E+00
 0.27643653476575E+00
 0.27666515322829E+00
 0.27688632515963E+00
 0.27710017325815E+00
 0.27730682040326E+00
 0.27750638765367E+00
 0.27769899850515E+00
 0.27788477441739E+00
 0.27806383554782E+00
 0.27823630193708E+00
 0.27840229231936E+00
 0.27856192608360E+00
 0.27871532099011E+00
 0.27886259323626E+00
 0.27900385904917E+00
 0.27913923344333E+00
 0.27926883038319E+00
 0.27939276295851E+00
 0.27951114262163E+00
 0.27962408066968E+00
 0.27973168659473E+00
 0.27983406928007E+00
 0.27993133555797E+00
 0.28002359178435E+00
 0.28011094297393E+00
 0.28019349286724E+00
 0.28027134383972E+00
 0.28034459691283E+00
 0.28041335222073E+00
 0.28047770714340E+00
 0.28053776069334E+00
 0.28059360820604E+00
 0.28064534434153E+00
 0.28069306209336E+00
 0.28073685360272E+00
 0.28077680999946E+00
 0.28081301970670E+00
