 0.00000000000000E+00
-0.30300879194351E-05
-0.29943420262840E-04
-0.11468567140904E-03
-0.27921196280058E-03
-0.52731946709058E-03
-0.85250455811951E-03
-0.12407187506928E-02
-0.16699149147850E-02
-0.21072106750484E-02
-0.25056652873595E-02
-0.28067766225653E-02
-0.29458947866631E-02
-0.28587239957512E-02
-0.24871308014674E-02
-0.17640215474699E-02
-0.67534766785599E-03
 0.79753921211844E-03
 0.26715315972605E-02
 0.49450698063671E-02
 0.77305362107094E-02
 0.10780995668307E-01
 0.14124856611398E-01
 0.17869837953296E-01
 0.21900116128187E-01
 0.26183626748975E-01
 0.30681465184599E-01
 0.35356333271525E-01
 0.40167327390724E-01
 0.45076086278139E-01
 0.50047819892635E-01
 0.55048044238922E-01
 0.60036082595780E-01
 0.64982441436278E-01
 0.69860083545426E-01
 0.74644578390141E-01
 0.79312517275307E-01
 0.83845464909049E-01
 0.88228094179441E-01
 0.92448232705696E-01
 0.96496331745593E-01
 0.10036668274089E+00
 0.10405441843101E+00
 0.10755788424637E+00
 0.11087757845954E+00
 0.11401584873612E+00
 0.11697664745618E+00
 0.11976529377876E+00
 0.12238824424236E+00
 0.12485298709365E+00
 0.12716761948824E+00
 0.12934068345046E+00
 0.13138122874898E+00
 0.13329855844062E+00
 0.13510209894200E+00
 0.13680129327486E+00
 0.13840551110844E+00
 0.13992398217103E+00
 0.14136572536823E+00
 0.14273947417033E+00
 0.14405368235977E+00
 0.14531647669737E+00
 0.14653563742375E+00
 0.14771858429737E+00
 0.14887237023264E+00
 0.15000367993372E+00
 0.15111885460870E+00
 0.15222385731089E+00
 0.15332426818290E+00
 0.15442536625526E+00
 0.15553210649250E+00
 0.15664914233618E+00
 0.15778082704811E+00
 0.15893123327530E+00
 0.16010420352450E+00
 0.16130333354925E+00
 0.16253197441100E+00
 0.16379330247130E+00
 0.16509030736877E+00
 0.16642583467429E+00
 0.16780257678640E+00
 0.16922298226204E+00
 0.17068949368819E+00
 0.17220448882596E+00
 0.17377138956632E+00
 0.17539038093204E+00
 0.17706399428728E+00
 0.17879463722823E+00
 0.18058418033026E+00
 0.18243463220130E+00
 0.18434796268613E+00
 0.18632607251446E+00
 0.18837086522395E+00
 0.19048430562329E+00
 0.19266828131457E+00
 0.19492476794626E+00
 0.19725574375750E+00
 0.19966324302462E+00
 0.20214947579048E+00
 0.20471619411145E+00
 0.20736592624859E+00
 0.21010064159853E+00
 0.21292263305082E+00
 0.21583423923203E+00
 0.21883785748256E+00
 0.22193588281854E+00
 0.22513080757848E+00
 0.22842517928226E+00
 0.23182163179120E+00
 0.23532284849322E+00
 0.23893161954754E+00
 0.24265077135920E+00
 0.24648315508922E+00
 0.25043177953126E+00
 0.25449964159583E+00
 0.25868985637896E+00
 0.26300550967259E+00
 0.26744977869797E+00
 0.27202592315611E+00
 0.27673709990595E+00
 0.28158696592823E+00
 0.28657898597580E+00
 0.29171552374628E+00
 0.29700050663231E+00
 0.30243723334916E+00
 0.30802904827885E+00
 0.31377920862450E+00
 0.31969095564703E+00
 0.32576748083140E+00
 0.33201187504630E+00
 0.33842714552063E+00
 0.34501619060257E+00
 0.35178177753668E+00
 0.35872653902649E+00
 0.36585292675660E+00
 0.37316322504517E+00
 0.38065951992441E+00
 0.38834364722990E+00
 0.39621722942247E+00
 0.40428163876778E+00
 0.41253797116093E+00
 0.42098706561003E+00
 0.42962948319613E+00
 0.43846542238448E+00
 0.44749482726400E+00
 0.45671733308965E+00
 0.46613226056702E+00
 0.47573856650607E+00
 0.48553500625907E+00
 0.49551992488250E+00
 0.50569139007881E+00
 0.51604719096768E+00
 0.52658486092414E+00
 0.53730165632181E+00
 0.54819457692017E+00
 0.55926011077014E+00
 0.57049487963884E+00
 0.58189516786829E+00
 0.59345695503455E+00
 0.60517602733749E+00
 0.61704827623090E+00
 0.62906899506499E+00
 0.64123364641900E+00
 0.65353739451621E+00
 0.66597535495341E+00
 0.67854254534304E+00
 0.69123378868255E+00
 0.70404390741836E+00
 0.71696761811736E+00
 0.72999957683942E+00
 0.74313441286208E+00
 0.75636671354484E+00
 0.76969105073937E+00
 0.78310196873433E+00
 0.79659401524007E+00
 0.81016179531743E+00
 0.82379986650571E+00
 0.83750289546166E+00
 0.85126554790875E+00
 0.86508258505235E+00
 0.87894884333984E+00
 0.89285923323347E+00
 0.90680878381678E+00
 0.92079263316551E+00
 0.93480604250150E+00
 0.94884442220213E+00
 0.96290334158758E+00
 0.97697847362619E+00
 0.99106568723712E+00
 0.10051610268864E+01
 0.10192607295568E+01
 0.10333611616406E+01
 0.10474588613472E+01
 0.10615505714274E+01
 0.10756331647904E+01
 0.10897036939484E+01
 0.11037593779666E+01
 0.11177975873243E+01
 0.11318158313062E+01
 0.11458117648298E+01
 0.11597831720658E+01
 0.11737279639986E+01
 0.11876441572621E+01
 0.12015298894903E+01
 0.12153834065386E+01
 0.12292030414686E+01
 0.12429872001614E+01
 0.12567343708996E+01
 0.12704431713027E+01
 0.12841122632525E+01
 0.12977403837996E+01
 0.13113263413537E+01
 0.13248689877428E+01
 0.13383672382003E+01
 0.13518200683834E+01
 0.13652265182871E+01
 0.13785856747948E+01
 0.13918966667762E+01
 0.14051586626477E+01
 0.14183708797288E+01
 0.14315325905579E+01
 0.14446430948743E+01
 0.14577017323076E+01
 0.14707078740932E+01
 0.14836609394577E+01
 0.14965603718757E+01
 0.15094056466855E+01
 0.15221962686930E+01
 0.15349317734642E+01
 0.15476117394355E+01
 0.15602357494817E+01
 0.15728034171119E+01
 0.15853143929526E+01
 0.15977683342779E+01
 0.16101649462492E+01
 0.16225039350546E+01
 0.16347850224171E+01
 0.16470079777693E+01
 0.16591725521082E+01
 0.16712785583906E+01
 0.16833258211194E+01
 0.16953141481380E+01
 0.17072433734347E+01
 0.17191133561529E+01
 0.17309239877936E+01
 0.17426751473161E+01
 0.17543667728516E+01
 0.17659987563217E+01
 0.17775710422654E+01
 0.17890835749472E+01
 0.18005363161744E+01
 0.18119292395897E+01
 0.18232623278614E+01
 0.18345355740570E+01
 0.18457489817878E+01
 0.18569025658152E+01
 0.18679963668440E+01
 0.18790304215192E+01
 0.18900047678435E+01
 0.19009194638668E+01
 0.19117745727091E+01
 0.19225701684378E+01
 0.19333063335332E+01
 0.19439831581444E+01
 0.19546007448611E+01
 0.19651591994341E+01
 0.19756586277887E+01
 0.19860991512176E+01
 0.19964808982582E+01
 0.20068039998121E+01
 0.20170686026846E+01
 0.20272748466900E+01
 0.20374228837668E+01
 0.20475128697863E+01
 0.20575449667784E+01
 0.20675193444501E+01
 0.20774361786046E+01
 0.20872956444093E+01
 0.20970979238603E+01
 0.21068432043771E+01
 0.21165316770446E+01
 0.21261635373954E+01
 0.21357389861063E+01
 0.21452582265167E+01
 0.21547214685817E+01
 0.21641289204071E+01
 0.21734807966478E+01
 0.21827773148208E+01
 0.21920186965457E+01
 0.22012051646672E+01
 0.22103369484842E+01
 0.22194142734353E+01
 0.22284373753738E+01
 0.22374064824775E+01
 0.22463218348986E+01
 0.22551836783843E+01
 0.22639922467937E+01
 0.22727477849571E+01
 0.22814505394373E+01
 0.22901007583918E+01
