 0.00000000000000E+00
 0.34523161709447E-22
-0.76495765720128E-21
-0.38665941114581E-20
-0.38364298741662E-20
 0.10133020500973E-19
-0.16060407636489E-19
 0.20749921194409E-19
-0.28606912641948E-19
-0.48791518399652E-19
-0.42570336695366E-19
-0.25503332496831E-19
-0.68773925827986E-19
-0.84890726078583E-19
-0.17072987263064E-11
-0.20009489490920E-11
 0.10094872143441E-10
 0.30568088981647E-11
-0.11583075086055E-11
 0.12758561528986E-10
 0.14859385377374E-11
 0.88583435850071E-12
 0.32897235563963E-10
-0.26622476043711E-10
-0.11433145149065E-10
 0.16155929356153E-10
 0.26216751408687E-08
-0.12327253341815E-07
 0.72297807653819E-07
 0.63135618777634E-07
-0.15291839402099E-07
 0.55295379339462E-07
 0.21912204680773E-07
 0.21063290969296E-06
 0.83559306205796E-07
 0.13781305559812E-08
 0.27418593789271E-08
 0.47674470673460E-08
 0.81943022578512E-08
 0.13317933715210E-07
 0.21427779684348E-07
 0.33936392372395E-07
 0.52544833618884E-07
 0.79839762655096E-07
 0.11846903341086E-06
 0.17296236746942E-06
 0.24790278390448E-06
 0.35019911913001E-06
 0.48721637860041E-06
 0.66853770635903E-06
 0.90563595130351E-06
 0.12119115324727E-05
 0.16031253031515E-05
 0.20977256473102E-05
 0.27173601738253E-05
 0.34859506207517E-05
 0.44313597865387E-05
 0.55844878956157E-05
 0.69806016803402E-05
 0.86581968125327E-05
 0.10660261787771E-04
 0.13033951304111E-04
 0.15830755083156E-04
 0.19106520548389E-04
 0.22921954531832E-04
 0.27342204128147E-04
 0.32437047425402E-04
 0.38281739605085E-04
 0.44955337143606E-04
 0.52542100347597E-04
 0.61130881583255E-04
 0.70815513388308E-04
 0.81694018134184E-04
 0.93869144067156E-04
 0.10744771365690E-03
 0.12254178392356E-03
 0.13926698558613E-03
 0.15774289030665E-03
 0.17809336198211E-03
 0.20044570364494E-03
 0.22515959785750E-03
 0.25198914905423E-03
 0.28037846124874E-03
 0.31370062541857E-03
 0.34941989965749E-03
 0.38430412096344E-03
 0.42455322755797E-03
 0.46794818767700E-03
 0.51464716125253E-03
 0.56480848820671E-03
 0.61859324180526E-03
 0.67616776660407E-03
 0.73769702598938E-03
 0.80335272289315E-03
 0.87330219607010E-03
 0.94772169563338E-03
 0.10267882227998E-02
 0.11106810105965E-02
 0.11995933336376E-02
 0.12936871363218E-02
 0.13931439317141E-02
 0.14981659019235E-02
 0.16089568968130E-02
 0.17257160559338E-02
 0.18486064301304E-02
 0.19778417475430E-02
 0.21136211719111E-02
 0.22561483163585E-02
 0.24056283751155E-02
 0.25622706539893E-02
 0.27262879077525E-02
 0.28978807271437E-02
 0.30772675035931E-02
 0.32646553728517E-02
 0.34602542913418E-02
 0.36642903559078E-02
 0.38769734231845E-02
 0.40985736380489E-02
 0.43291085690739E-02
 0.45684670065229E-02
 0.48200280986415E-02
 0.50779362425773E-02
 0.53458695198473E-02
 0.56245902609733E-02
 0.59134622463625E-02
 0.62125966920808E-02
 0.65221528756482E-02
 0.68422140374053E-02
 0.71729016013970E-02
 0.75142286903924E-02
 0.78662433051423E-02
 0.82289540821575E-02
 0.86023314865414E-02
 0.89863127107026E-02
 0.93807917061742E-02
 0.97856193158638E-02
 0.10200609245885E-01
 0.10625572357821E-01
 0.11060148886747E-01
 0.11504107218859E-01
 0.11957030782200E-01
 0.12418510214108E-01
 0.12888134704330E-01
 0.13365425490372E-01
 0.13849688597621E-01
 0.14340490391720E-01
 0.14837239517962E-01
 0.15338957421671E-01
 0.15845565143294E-01
 0.16355855003516E-01
 0.16869001246758E-01
 0.17384552304101E-01
 0.17902046063176E-01
 0.18420763969993E-01
 0.18938422933872E-01
 0.19455231706998E-01
 0.19971076522517E-01
 0.20484160004799E-01
 0.20994297146874E-01
 0.21500559050808E-01
 0.22001783354539E-01
 0.22498168188383E-01
 0.22987900803161E-01
 0.23470850707936E-01
 0.23946254567457E-01
 0.24413259163637E-01
 0.24871457739254E-01
 0.25319986311130E-01
 0.25758302629285E-01
 0.26185807836000E-01
 0.26602016586936E-01
 0.27006327013565E-01
 0.27398297064251E-01
 0.27777428147606E-01
 0.28143339244733E-01
 0.28495623118469E-01
 0.28833899652754E-01
 0.29157933717149E-01
 0.29467497234172E-01
 0.29762324443250E-01
 0.30042329336485E-01
 0.30307499688602E-01
 0.30557710602900E-01
 0.30793115164156E-01
 0.31013714150407E-01
 0.31219895989372E-01
 0.31411756329014E-01
 0.31589399787051E-01
 0.31753513010068E-01
 0.31904301961874E-01
 0.32042411965560E-01
 0.32167899207727E-01
 0.32281644407196E-01
 0.32383956458190E-01
 0.32475263339656E-01
 0.32556298563893E-01
 0.32627532544229E-01
 0.32689422958256E-01
 0.32742557650882E-01
 0.32787424765994E-01
 0.32824485561780E-01
 0.32854214423241E-01
 0.32876996851371E-01
 0.32893348571518E-01
 0.32903745760378E-01
 0.32908373437553E-01
 0.32907481697789E-01
 0.32901745367622E-01
 0.32891399736198E-01
 0.32876672189526E-01
 0.32857930639044E-01
 0.32835348744792E-01
 0.32809189798829E-01
 0.32779645249413E-01
 0.32746999938539E-01
 0.32711543511183E-01
 0.32673319116604E-01
 0.32632604276159E-01
 0.32589445050015E-01
 0.32544131245182E-01
 0.32496814752700E-01
 0.32447591343103E-01
 0.32396548369145E-01
 0.32343849739518E-01
 0.32289731080343E-01
 0.32234093347645E-01
 0.32177197457813E-01
 0.32119024729901E-01
 0.32059797270909E-01
 0.31999565228043E-01
 0.31938282158490E-01
 0.31876181983292E-01
 0.31813255234894E-01
 0.31749576233898E-01
 0.31685318964765E-01
 0.31620324255306E-01
 0.31554810535945E-01
 0.31488782388370E-01
 0.31422319935079E-01
 0.31355556327868E-01
 0.31288316428085E-01
 0.31220773278519E-01
 0.31152921746261E-01
 0.31084749372311E-01
 0.31016665832912E-01
 0.30948179159751E-01
 0.30879491503658E-01
 0.30810753350054E-01
 0.30741922608283E-01
 0.30672948996477E-01
 0.30604013458644E-01
 0.30534996724482E-01
 0.30465963391923E-01
 0.30396951283154E-01
 0.30327934384747E-01
 0.30258977074043E-01
 0.30190213007928E-01
 0.30121402573558E-01
 0.30052701569307E-01
 0.29984106011319E-01
 0.29915592917086E-01
 0.29847198146449E-01
 0.29778950380316E-01
 0.29710854517247E-01
 0.29642938986298E-01
 0.29575130487609E-01
 0.29507509598042E-01
 0.29440072706043E-01
 0.29372786911212E-01
 0.29305678385110E-01
 0.29238773447294E-01
 0.29172071278514E-01
 0.29105553319173E-01
 0.29039214901731E-01
 0.28973089430115E-01
 0.28907220008600E-01
 0.28841526940602E-01
 0.28776044784487E-01
 0.28710781643922E-01
 0.28645727828028E-01
 0.28580896093860E-01
 0.28516280994700E-01
 0.28451891380157E-01
 0.28387765994720E-01
 0.28323826183203E-01
 0.28260104215704E-01
 0.28196614785469E-01
 0.28133351694151E-01
 0.28070296893079E-01
 0.28007481751581E-01
 0.27944901148378E-01
 0.27882561649278E-01
 0.27820390349620E-01
 0.27758464765009E-01
 0.27696793183565E-01
 0.27635309461375E-01
 0.27574073418506E-01
 0.27513062298965E-01
 0.27452280301902E-01
 0.27391705618111E-01
