 0.00000000000000E+00
-0.20629840631941E-22
-0.39860342442592E-21
-0.27758783464520E-20
-0.11135483634759E-19
-0.32112338946725E-19
-0.74006358388939E-19
-0.13555385555387E-18
-0.22555633037960E-18
-0.34374411672529E-18
-0.53570511697448E-18
-0.75827965512865E-18
-0.85710651295224E-18
-0.94666466772518E-18
 0.23156920960473E-11
-0.15205477791371E-11
-0.36984853255308E-11
-0.28287080661528E-11
-0.62203827265264E-11
 0.32115727737117E-11
-0.78363987992375E-12
 0.56000655586055E-11
-0.24059369070809E-10
 0.43753691925020E-12
-0.43697836124182E-11
 0.69937241488603E-10
-0.14176986447253E-08
 0.83100186347078E-08
 0.59172623948907E-07
-0.22746121267333E-06
 0.10122934463080E-06
-0.81485414507908E-07
 0.26953232135106E-07
-0.27682687336785E-07
-0.32715164228256E-06
 0.10311228099388E-08
 0.30043233305902E-08
 0.54095371525190E-08
 0.90972779206978E-08
 0.16357057626662E-07
 0.25770403095974E-07
 0.41182398665305E-07
 0.64223102260263E-07
 0.98234734008326E-07
 0.14720758246061E-06
 0.21696373212124E-06
 0.31483460132316E-06
 0.44978097274094E-06
 0.63279913852441E-06
 0.87758287382929E-06
 0.12020574788313E-05
 0.16266073028927E-05
 0.21758528382022E-05
 0.28789268976474E-05
 0.37704590905993E-05
 0.48903643057271E-05
 0.62853262496640E-05
 0.80084237072913E-05
 0.10120600374727E-04
 0.12690240539447E-04
 0.15795525174218E-04
 0.19522679296462E-04
 0.23968626152091E-04
 0.29240558500619E-04
 0.35456539916155E-04
 0.42745728733981E-04
 0.51250271806164E-04
 0.61124344627619E-04
 0.72535269059249E-04
 0.85663373328954E-04
 0.10070340018228E-03
 0.11786392826018E-03
 0.13736783407502E-03
 0.15945323378586E-03
 0.18437248318726E-03
 0.21239530238726E-03
 0.24380509819361E-03
 0.27890161368581E-03
 0.31800046671891E-03
 0.36143328290311E-03
 0.40830087600959E-03
 0.46222437486546E-03
 0.52058625637566E-03
 0.59285427231463E-03
 0.64982748870763E-03
 0.73388949001311E-03
 0.81836140864529E-03
 0.91041792589481E-03
 0.10105443037682E-02
 0.11192382716273E-02
 0.12370152711709E-02
 0.13644135881220E-02
 0.15019810098958E-02
 0.16502928493038E-02
 0.18099287228645E-02
 0.19814962042929E-02
 0.21656237470740E-02
 0.23629476386264E-02
 0.25741626784296E-02
 0.27999171694754E-02
 0.30408881176179E-02
 0.32978381926825E-02
 0.35715099230823E-02
 0.38626666218608E-02
 0.41720719920072E-02
 0.45005137947771E-02
 0.48488542046788E-02
 0.52179106335189E-02
 0.56085335037881E-02
 0.60216650221064E-02
 0.64581486783262E-02
 0.69189498378656E-02
 0.74049997028325E-02
 0.79172428255242E-02
 0.84566622893192E-02
 0.90242913422154E-02
 0.96204078721897E-02
 0.10248680237139E-01
 0.10903694446567E-01
 0.11599843538927E-01
 0.12325822584152E-01
 0.13069061767058E-01
 0.13872181861855E-01
 0.14701982427844E-01
 0.15568935503319E-01
 0.16474178656039E-01
 0.17418607448468E-01
 0.18403135037503E-01
 0.19428394139496E-01
 0.20495299898216E-01
 0.21604493010773E-01
 0.22756580453815E-01
 0.23952084538883E-01
 0.25191374549274E-01
 0.26474762596911E-01
 0.27802409483859E-01
 0.29174218970897E-01
 0.30590429822407E-01
 0.32050465297205E-01
 0.33553989888529E-01
 0.35100664868459E-01
 0.36689220153419E-01
 0.38319133017041E-01
 0.39989509302134E-01
 0.41698773548005E-01
 0.43445901197917E-01
 0.45227976825994E-01
 0.47047422135745E-01
 0.48896159983107E-01
 0.50775490467082E-01
 0.52684965795601E-01
 0.54623283380017E-01
 0.56584611594970E-01
 0.58565142916795E-01
 0.60558035625297E-01
 0.62578588903575E-01
 0.64609969277062E-01
 0.66652349912713E-01
 0.68701172945153E-01
 0.70761161409988E-01
 0.72817919451083E-01
 0.74876910388854E-01
 0.76935832171919E-01
 0.78989033317308E-01
 0.81033819395352E-01
 0.83065943861135E-01
 0.85085947873900E-01
 0.87089778808100E-01
 0.89074402989217E-01
 0.91037709582383E-01
 0.92976791392601E-01
 0.94889332172009E-01
 0.96773029144303E-01
 0.98624903324163E-01
 0.10044383865104E+00
 0.10222646356484E+00
 0.10397177975795E+00
 0.10567723823558E+00
 0.10734187308096E+00
 0.10896433949816E+00
 0.11054296914860E+00
 0.11207676802180E+00
 0.11356521482832E+00
 0.11500719324208E+00
 0.11640385139186E+00
 0.11775463849820E+00
 0.11905786771434E+00
 0.12031676503388E+00
 0.12153051803589E+00
 0.12270127511133E+00
 0.12382800635538E+00
 0.12491399802746E+00
 0.12595969683696E+00
 0.12696458522459E+00
 0.12793308533553E+00
 0.12886576030041E+00
 0.12976376407841E+00
 0.13062902847170E+00
 0.13146286853068E+00
 0.13226659928670E+00
 0.13304187479558E+00
 0.13378949454669E+00
 0.13451227347841E+00
 0.13521120121750E+00
 0.13588611853501E+00
 0.13653783166092E+00
 0.13716904293333E+00
 0.13778190080249E+00
 0.13837495501841E+00
 0.13895061434157E+00
 0.13950951322748E+00
 0.14005173560552E+00
 0.14057833233488E+00
 0.14109043511201E+00
 0.14158920839518E+00
 0.14207455669891E+00
 0.14254747559571E+00
 0.14300770572574E+00
 0.14345692042392E+00
 0.14389568082451E+00
 0.14432377755904E+00
 0.14474189057883E+00
 0.14515044698525E+00
 0.14555064056048E+00
 0.14594162479171E+00
 0.14632492696413E+00
 0.14669994600010E+00
 0.14706788916621E+00
 0.14742895988094E+00
 0.14778245465750E+00
 0.14813000952881E+00
 0.14847147281842E+00
 0.14880627784357E+00
 0.14913623664936E+00
 0.14945991661350E+00
 0.14977898015768E+00
 0.15009329222082E+00
 0.15040188942654E+00
 0.15070690240277E+00
 0.15100770651423E+00
 0.15130325931156E+00
 0.15159480207424E+00
 0.15188186861862E+00
 0.15216608016216E+00
 0.15244756763438E+00
 0.15272598489658E+00
 0.15299938204269E+00
 0.15326985131218E+00
 0.15353701934820E+00
 0.15380189377234E+00
 0.15406363287089E+00
 0.15432270422266E+00
 0.15457882946652E+00
 0.15483224448291E+00
 0.15508332515996E+00
 0.15533309204957E+00
 0.15557970000569E+00
 0.15582391484095E+00
 0.15606611203082E+00
 0.15630556801372E+00
 0.15654315188469E+00
 0.15677911107616E+00
 0.15701319443425E+00
 0.15724548295283E+00
 0.15747595748136E+00
 0.15770431957612E+00
 0.15793096009768E+00
 0.15815587444278E+00
 0.15837895316851E+00
 0.15860078404017E+00
 0.15882086421290E+00
 0.15903928901011E+00
 0.15925603679117E+00
 0.15947145366421E+00
 0.15968568183738E+00
 0.15989832814043E+00
 0.16010956273266E+00
 0.16031938522458E+00
 0.16052780661658E+00
 0.16073490652360E+00
 0.16094072236780E+00
 0.16114527517724E+00
 0.16134872303063E+00
 0.16155059147561E+00
 0.16175119537692E+00
 0.16195071911448E+00
 0.16214896065798E+00
 0.16234598158283E+00
 0.16254185164111E+00
 0.16273683004085E+00
 0.16293016575129E+00
 0.16312269038852E+00
 0.16331364071552E+00
 0.16350401125624E+00
 0.16369316825602E+00
 0.16388085082962E+00
 0.16406752242848E+00
 0.16425338326606E+00
 0.16443792913243E+00
 0.16462156777922E+00
