 0.00000000000000E+00
 0.27415718100772E-24
 0.11502206982731E-22
 0.14852767768834E-21
 0.94888485847685E-21
 0.37012553333199E-20
 0.12145726188504E-19
 0.28585005265300E-19
 0.62082453925314E-19
 0.11317960136166E-18
 0.21166055319584E-18
 0.36328872726888E-18
 0.47716458045026E-18
 0.60713158679858E-18
-0.24971012794039E-11
 0.18295874961449E-11
 0.15399143368182E-11
 0.14745863684715E-11
 0.77909437665238E-11
-0.52556087783389E-11
 0.12561989368538E-11
-0.76361315963646E-11
 0.38426160596766E-10
-0.25141991718554E-11
 0.24789081101823E-10
-0.14654508981161E-09
 0.59252128829738E-09
 0.13973829529727E-07
-0.12983720930194E-06
 0.65818493465818E-06
-0.28406045253353E-06
 0.17111859523695E-06
 0.26186270394953E-06
-0.13880306208236E-06
 0.13668331769416E-05
 0.41833522072807E-08
 0.24949285148760E-08
 0.53958383997995E-08
 0.10501139860306E-07
 0.12536851267690E-07
 0.25224420778407E-07
 0.40755820807865E-07
 0.63720740423781E-07
 0.97381135438725E-07
 0.14887793822307E-06
 0.21916903057726E-06
 0.31705174040325E-06
 0.44917248067185E-06
 0.63224561849263E-06
 0.88139012920221E-06
 0.12054467911740E-05
 0.16298381023491E-05
 0.21792750760391E-05
 0.28831778178211E-05
 0.37737996963383E-05
 0.48952375138485E-05
 0.62894400074114E-05
 0.80134004901659E-05
 0.10124297934500E-04
 0.12698649905016E-04
 0.15803128034443E-04
 0.19531716552365E-04
 0.23979392358078E-04
 0.29251831006774E-04
 0.35467318477689E-04
 0.42762051550511E-04
 0.51264974284226E-04
 0.61144545650331E-04
 0.72557882562374E-04
 0.85691690167297E-04
 0.10073282734782E-03
 0.11789636654321E-03
 0.13740624461653E-03
 0.15949744895413E-03
 0.18442857304684E-03
 0.21246180367334E-03
 0.24388631986213E-03
 0.27900003430491E-03
 0.31812611162857E-03
 0.36158523639439E-03
 0.44786352778667E-03
 0.46410501991525E-03
 0.58352891117102E-03
 0.46085985083112E-03
 0.79872578322317E-03
 0.73444153711377E-03
 0.81902443924217E-03
 0.91123902781537E-03
 0.10115547205148E-02
 0.11204778137702E-02
 0.12385261293820E-02
 0.13662553101658E-02
 0.15042179310823E-02
 0.16529952949119E-02
 0.18131490902024E-02
 0.19853998998123E-02
 0.21702781124189E-02
 0.23687278870915E-02
 0.25811234178909E-02
 0.28076754919930E-02
 0.30499556336879E-02
 0.33085275044626E-02
 0.35830248314509E-02
 0.38774917274919E-02
 0.41890289581228E-02
 0.45207538292185E-02
 0.48710764750878E-02
 0.52430155672268E-02
 0.56382554162591E-02
 0.60548194971842E-02
 0.64958702773737E-02
 0.69611253008010E-02
 0.74523168691997E-02
 0.79700216309844E-02
 0.85159745292208E-02
 0.90895546577444E-02
 0.97436242249000E-02
 0.10262986583595E-01
 0.11163654169289E-01
 0.11654854737946E-01
 0.12200096999344E-01
 0.13652853571004E-01
 0.13989427947217E-01
 0.14816493768010E-01
 0.15693779807759E-01
 0.16601333856772E-01
 0.17546523844325E-01
 0.18528371386309E-01
 0.19550342286062E-01
 0.20608383462309E-01
 0.21704317545738E-01
 0.22837563423740E-01
 0.24007550576576E-01
 0.25212678342072E-01
 0.26452868177809E-01
 0.27729101595765E-01
 0.29043594581005E-01
 0.30371883679361E-01
 0.31741969202653E-01
 0.33134448395107E-01
 0.34539335052081E-01
 0.36000753588101E-01
 0.37463981023560E-01
 0.38919637740121E-01
 0.40418411719765E-01
 0.41902123562083E-01
 0.43495184072620E-01
 0.44794609803497E-01
 0.46407035258122E-01
 0.48040934163934E-01
 0.49552360503636E-01
 0.50836626198455E-01
 0.52119824206208E-01
 0.53511806319951E-01
 0.55469192715325E-01
 0.56582316032452E-01
 0.57874354019503E-01
 0.59113848144938E-01
 0.60534897894608E-01
 0.61467769685307E-01
 0.62866096023284E-01
 0.64036799149009E-01
 0.64986931122661E-01
 0.65890291390283E-01
 0.66786899955395E-01
 0.67778195687272E-01
 0.68543173209170E-01
 0.69223856626056E-01
 0.69837736946882E-01
 0.70341865377588E-01
 0.70780846457530E-01
 0.71118208593754E-01
 0.71322395280572E-01
 0.71485424074265E-01
 0.71479831570795E-01
 0.71429649306654E-01
 0.71236759749602E-01
 0.70995555639684E-01
 0.70639722550741E-01
 0.70144449399301E-01
 0.69561843759018E-01
 0.68908773862001E-01
 0.68161031370130E-01
 0.67442769568888E-01
 0.66586100101266E-01
 0.65579770107554E-01
 0.64719232749753E-01
 0.63705672677798E-01
 0.62760741597682E-01
 0.61676993460324E-01
 0.60677171204977E-01
 0.59590767318114E-01
 0.58489450381265E-01
 0.57594655878774E-01
 0.56592257135750E-01
 0.55603876713063E-01
 0.54647461488291E-01
 0.53690854592677E-01
 0.52757353576539E-01
 0.51879176137058E-01
 0.51017819075234E-01
 0.50316506051489E-01
 0.49514790703456E-01
 0.48619855968143E-01
 0.47828962529334E-01
 0.47243468199612E-01
 0.46652534451280E-01
 0.45917314018090E-01
 0.45351021074109E-01
 0.44747840255595E-01
 0.44114006527082E-01
 0.43541104212033E-01
 0.43048188198416E-01
 0.42574279106165E-01
 0.42060173051963E-01
 0.41567316804825E-01
 0.41060853921754E-01
 0.40679562289717E-01
 0.40279934612825E-01
 0.39830103900586E-01
 0.39419817774856E-01
 0.39043548113449E-01
 0.38719743753844E-01
 0.38320071686668E-01
 0.38012584208224E-01
 0.37645839456666E-01
 0.37367799012169E-01
 0.37041615891250E-01
 0.36707716130805E-01
 0.36486977530189E-01
 0.36185241333191E-01
 0.35847565791644E-01
 0.35668391517398E-01
 0.35386680252951E-01
 0.35221483965015E-01
 0.34952532506009E-01
 0.34607250066917E-01
 0.34523868711531E-01
 0.34299214428096E-01
 0.33964350502348E-01
 0.33779248094367E-01
 0.33584255766455E-01
 0.33614854841237E-01
 0.33534414592258E-01
 0.33185065837263E-01
 0.32855247764286E-01
 0.32751369904805E-01
 0.32644785880810E-01
 0.32563017543326E-01
 0.32405874710645E-01
 0.32243625509376E-01
 0.32095230786644E-01
 0.31997957567856E-01
 0.31945659958730E-01
 0.31892805770294E-01
 0.31615205128281E-01
 0.31450766600422E-01
 0.31327262608255E-01
 0.31147698980439E-01
 0.31147449785653E-01
 0.31137452533885E-01
 0.31050583952316E-01
 0.30963263688234E-01
 0.30847086087442E-01
 0.30666832591947E-01
 0.30573024015565E-01
 0.30491351145924E-01
 0.30425614219444E-01
 0.30424911072281E-01
 0.30336612255000E-01
 0.30261048436638E-01
 0.30219382363958E-01
 0.30230043932861E-01
 0.30192830423024E-01
 0.30086506052041E-01
 0.29996592243602E-01
 0.29929483392259E-01
 0.29873136938665E-01
 0.29828117733018E-01
 0.29781990412106E-01
 0.29726933237154E-01
 0.29679201048555E-01
 0.29590030199811E-01
 0.29570587619109E-01
 0.29556187307394E-01
 0.29509647219514E-01
 0.29478306861061E-01
 0.29466711992818E-01
 0.29458401707634E-01
 0.29346085424782E-01
 0.29374310779738E-01
 0.29282660135704E-01
 0.29352362377233E-01
 0.29265419418838E-01
 0.29211035588558E-01
 0.29243057742993E-01
 0.29254604785776E-01
 0.29210964670479E-01
 0.29222907832543E-01
 0.29198736903183E-01
