-0.49104138625769E+01
-0.49104136961578E+01
-0.49104121104128E+01
-0.49104061372920E+01
-0.49103913730731E+01
-0.49103623077625E+01
-0.49103126848766E+01
-0.49102370080243E+01
-0.49101349896371E+01
-0.49100196059644E+01
-0.49099268756190E+01
-0.49099239398299E+01
-0.49101126332851E+01
-0.49106275754234E+01
-0.49116295397890E+01
-0.49132958277427E+01
-0.49158093954127E+01
-0.49193484676599E+01
-0.49240773394764E+01
-0.49301399105015E+01
-0.49376540480008E+01
-0.49467094465440E+01
-0.49573655060513E+01
-0.49696521017165E+01
-0.49835710510574E+01
-0.49990979849921E+01
-0.50161850916196E+01
-0.50347641107743E+01
-0.50547491915956E+01
-0.50760401787045E+01
-0.50985253955604E+01
-0.51220846985583E+01
-0.51465915379805E+01
-0.51719159904684E+01
-0.51979260064502E+01
-0.52244899049855E+01
-0.52514774381748E+01
-0.52787613220021E+01
-0.53062182154467E+01
-0.53337293990376E+01
-0.53611822711556E+01
-0.53884698173844E+01
-0.54154915192407E+01
-0.54421533867877E+01
-0.54683681432298E+01
-0.54940552442600E+01
-0.55191408163182E+01
-0.55435575288441E+01
-0.55672444282553E+01
-0.55901467489250E+01
-0.56122155945007E+01
-0.56334076999842E+01
-0.56536851943737E+01
-0.56730152781203E+01
-0.56913699388610E+01
-0.57087256611188E+01
-0.57250631414170E+01
-0.57403670101597E+01
-0.57546255544318E+01
-0.57678304898644E+01
-0.57799766848144E+01
-0.57910619374095E+01
-0.58010867573819E+01
-0.58100541554348E+01
-0.58179694492045E+01
-0.58248400807667E+01
-0.58306754490317E+01
-0.58354867448948E+01
-0.58392868015812E+01
-0.58420899581420E+01
-0.58439119355071E+01
-0.58447697261516E+01
-0.58446814524664E+01
-0.58436662708591E+01
-0.58417442965957E+01
-0.58389361409528E+01
-0.58352639637795E+01
-0.58307501600200E+01
-0.58254177626328E+01
-0.58192903568007E+01
-0.58123920391192E+01
-0.58047472889914E+01
-0.57963809762955E+01
-0.57873182937400E+01
-0.57775870807110E+01
-0.57672086853636E+01
-0.57562110067335E+01
-0.57446202138724E+01
-0.57324620786083E+01
-0.57197629533504E+01
-0.57065490302768E+01
-0.56928465379070E+01
-0.56786815757884E+01
-0.56640798140632E+01
-0.56490682191346E+01
-0.56336723242843E+01
-0.56179178820153E+01
-0.56018306198196E+01
-0.55854356441605E+01
-0.55687583706284E+01
-0.55518241172558E+01
-0.55346576630676E+01
-0.55172837309069E+01
-0.54997258632146E+01
-0.54820085742782E+01
-0.54641555531030E+01
-0.54461901035571E+01
-0.54281353503354E+01
-0.54100139003041E+01
-0.53918480220433E+01
-0.53736596474891E+01
-0.53554701977720E+01
-0.53373003736834E+01
-0.53191710156574E+01
-0.53011018757264E+01
-0.52831124524729E+01
-0.52652212022476E+01
-0.52474463427360E+01
-0.52298050997551E+01
-0.52123143696209E+01
-0.51949896373646E+01
-0.51778485085757E+01
-0.51608995156772E+01
-0.51441581301992E+01
-0.51276362254940E+01
-0.51113431839054E+01
-0.50952882858448E+01
-0.50794788936088E+01
-0.50639206862429E+01
-0.50486175530040E+01
-0.50335714625553E+01
-0.50187822759607E+01
-0.50042475460859E+01
-0.49899624265620E+01
-0.49759194438815E+01
-0.49621083879985E+01
-0.49485161231074E+01
-0.49351263140910E+01
-0.49219189207151E+01
-0.49088717124027E+01
-0.48959579554875E+01
-0.48831473852802E+01
-0.48704052508289E+01
-0.48576941246718E+01
-0.48449720528896E+01
-0.48321921541435E+01
-0.48193043286682E+01
-0.48062545404663E+01
-0.47929840170958E+01
-0.47794302867609E+01
-0.47655270325346E+01
-0.47512038853056E+01
-0.47363869338299E+01
-0.47209988180857E+01
-0.47049604660082E+01
-0.46881857163516E+01
-0.46705900906682E+01
-0.46520854743391E+01
-0.46325832544150E+01
-0.46119928295312E+01
-0.45902236081528E+01
-0.45671864092609E+01
-0.45427935351310E+01
-0.45169594548477E+01
-0.44896039114652E+01
-0.44606507766464E+01
-0.44300324748321E+01
-0.43976898190148E+01
-0.43635727141572E+01
-0.43276470223062E+01
-0.42898898973529E+01
-0.42502976257005E+01
-0.42088845542324E+01
-0.41656858509297E+01
-0.41207586339051E+01
-0.40741819776084E+01
-0.40260617281861E+01
-0.39765267204639E+01
-0.39257293322268E+01
-0.38738442484464E+01
-0.38210655258784E+01
-0.37676049421284E+01
-0.37136859585070E+01
-0.36595399183934E+01
-0.36054007098407E+01
-0.35514989693328E+01
-0.34980573220146E+01
-0.34452844267217E+01
-0.33933700447262E+01
-0.33424833967095E+01
-0.32927672582112E+01
-0.32443409285015E+01
-0.31972962073929E+01
-0.31516996083170E+01
-0.31075943673498E+01
-0.30650019161641E+01
-0.30239246808567E+01
-0.29843491496451E+01
-0.29462488999131E+01
-0.29095875351096E+01
-0.28743210806119E+01
-0.28403999773038E+01
-0.28077712747825E+01
-0.27763802234643E+01
-0.27461714024315E+01
-0.27170892268715E+01
-0.26890793245976E+01
-0.26620890714094E+01
-0.26360664826075E+01
-0.26109611729084E+01
-0.25867259749808E+01
-0.25633137503776E+01
-0.25406805094895E+01
-0.25187836118161E+01
-0.24975820340138E+01
-0.24770364314116E+01
-0.24571092236024E+01
-0.24377643044231E+01
-0.24189669356539E+01
-0.24006839210828E+01
-0.23828837320261E+01
-0.23655360321627E+01
-0.23486119308293E+01
-0.23320840104625E+01
-0.23159256675907E+01
-0.23001127365040E+01
-0.22846214273901E+01
-0.22694295305717E+01
-0.22545156278411E+01
-0.22398606296667E+01
-0.22254448236201E+01
-0.22112513250710E+01
-0.21972636685170E+01
-0.21834663392822E+01
-0.21698451037692E+01
-0.21563865340247E+01
-0.21430780783301E+01
-0.21299080703195E+01
-0.21168658098929E+01
-0.21039415610930E+01
-0.20911263755906E+01
-0.20784117419805E+01
-0.20657897903458E+01
-0.20532533200965E+01
-0.20407963264132E+01
-0.20284125515524E+01
-0.20160973434838E+01
-0.20038451939259E+01
-0.19916522636712E+01
-0.19795145255443E+01
-0.19674286423916E+01
-0.19553915511600E+01
-0.19434007081946E+01
-0.19314536076125E+01
-0.19195483633431E+01
-0.19076833198404E+01
-0.18958562322455E+01
-0.18840669179481E+01
-0.18723139928411E+01
-0.18605966787742E+01
-0.18489143857413E+01
-0.18372666704936E+01
-0.18256532911371E+01
-0.18140742293933E+01
-0.18025294146891E+01
-0.17910190036659E+01
-0.17795432859723E+01
-0.17681025954856E+01
-0.17566967109876E+01
-0.17453269633844E+01
-0.17339936571902E+01
-0.17226973406775E+01
-0.17114386803368E+01
-0.17002184420993E+01
-0.16890372622708E+01
-0.16778958115304E+01
-0.16667949979391E+01
-0.16557355811354E+01
-0.16447183602319E+01
-0.16337441427127E+01
-0.16228137559723E+01
-0.16119280767659E+01
-0.16010880415282E+01
-0.15902939866971E+01
-0.15795471389695E+01
-0.15688479224056E+01
-0.15581975292823E+01
-0.15475965220548E+01
-0.15370456607517E+01
-0.15265456620822E+01
-0.15160972300062E+01
-0.15057010412484E+01
-0.14953577454318E+01
-0.14850679929937E+01
-0.14748323918586E+01
-0.14646515765621E+01
-0.14545260619783E+01
-0.14444564288941E+01
-0.14344432740276E+01
-0.14244866530447E+01
