 0.12161460193875E+03
 0.12161458595830E+03
 0.12161444572697E+03
 0.12161395325833E+03
 0.12161280024275E+03
 0.12161062771334E+03
 0.12160711610128E+03
 0.12160238815792E+03
 0.12159796163200E+03
 0.12159805279626E+03
 0.12161061270168E+03
 0.12164755500575E+03
 0.12172405895617E+03
 0.12185720943552E+03
 0.12206438137308E+03
 0.12236172625497E+03
 0.12276298210040E+03
 0.12327869456316E+03
 0.12391582329959E+03
 0.12467773732877E+03
 0.12556436647060E+03
 0.12657261495412E+03
 0.12769674818409E+03
 0.12892892671520E+03
 0.13025967810690E+03
 0.13167833712962E+03
 0.13317346181493E+03
 0.13473318670967E+03
 0.13634548905478E+03
 0.13799846105971E+03
 0.13968049780277E+03
 0.14138045383231E+03
 0.14308773580488E+03
 0.14479241536397E+03
 0.14648525323285E+03
 0.14815775624746E+03
 0.14980217182570E+03
 0.15141149365416E+03
 0.15297944473695E+03
 0.15450044052849E+03
 0.15596962456103E+03
 0.15738275194972E+03
 0.15873619622953E+03
 0.16002689397765E+03
 0.16125231022947E+03
 0.16241039773139E+03
 0.16349955655936E+03
 0.16451859462667E+03
 0.16546669088493E+03
 0.16634336320018E+03
 0.16714842235131E+03
 0.16788195076538E+03
 0.16854427106049E+03
 0.16913591838350E+03
 0.16965761497923E+03
 0.17011024703710E+03
 0.17049484370252E+03
 0.17081255770259E+03
 0.17106464757069E+03
 0.17125246543660E+03
 0.17137743925938E+03
 0.17144106174146E+03
 0.17144487930967E+03
 0.17139048210144E+03
 0.17127949523025E+03
 0.17111357103268E+03
 0.17089438119219E+03
 0.17062361233964E+03
 0.17030296177783E+03
 0.16993412917456E+03
 0.16951881465118E+03
 0.16905871745915E+03
 0.16855552506749E+03
 0.16801091699464E+03
 0.16742656070532E+03
 0.16680408241189E+03
 0.16614515022479E+03
 0.16545137846214E+03
 0.16472436300716E+03
 0.16396568329341E+03
 0.16317688652068E+03
 0.16235949735624E+03
 0.16151501815379E+03
 0.16064492569319E+03
 0.15975074151159E+03
 0.15883375300343E+03
 0.15789541534492E+03
 0.15693709635795E+03
 0.15596010481882E+03
 0.15496575474422E+03
 0.15395530825471E+03
 0.15293001323422E+03
 0.15189106900546E+03
 0.15083961345505E+03
 0.14977685778725E+03
 0.14870386335237E+03
 0.14762170376064E+03
 0.14653141579623E+03
 0.14543393578918E+03
 0.14433032683429E+03
 0.14322145282266E+03
 0.14210822881427E+03
 0.14099154043539E+03
 0.13987213951264E+03
 0.13875082992044E+03
 0.13762835875753E+03
 0.13650542784277E+03
 0.13538270607068E+03
 0.13426081764397E+03
 0.13314034833380E+03
 0.13202184476335E+03
 0.13090580944264E+03
 0.12979268606661E+03
 0.12868292029351E+03
 0.12757686835389E+03
 0.12647485455511E+03
 0.12537715058446E+03
 0.12428398847460E+03
 0.12319554276348E+03
 0.12211193450460E+03
 0.12103321977475E+03
 0.11995949709619E+03
 0.11889054344773E+03
 0.11782633578193E+03
 0.11676669468546E+03
 0.11571132628756E+03
 0.11465990406312E+03
 0.11361201466683E+03
 0.11256715736074E+03
 0.11152474778825E+03
 0.11048410669008E+03
 0.10944445609726E+03
 0.10840491332853E+03
 0.10736448573271E+03
 0.10632207012712E+03
 0.10527644072860E+03
 0.10422624958225E+03
 0.10317002089919E+03
 0.10210612979922E+03
 0.10103287040480E+03
 0.99948338033169E+02
 0.98850499597244E+02
 0.97737137025012E+02
 0.96605971940743E+02
 0.95454507878274E+02
 0.94280101017783E+02
 0.93079957371494E+02
 0.91851187617447E+02
 0.90590690476174E+02
 0.89295262714479E+02
 0.87961563297396E+02
 0.86586135962156E+02
 0.85165420347478E+02
 0.83695766537303E+02
 0.82173450489334E+02
 0.80594725815145E+02
 0.78955810321526E+02
 0.77252976745221E+02
 0.75482560118749E+02
 0.73641031141793E+02
 0.71724962773563E+02
 0.69731319768789E+02
 0.67657268413435E+02
 0.65500468401233E+02
 0.63259134640250E+02
 0.60931897420275E+02
 0.58518370982302E+02
 0.56018868591081E+02
 0.53434622829167E+02
 0.50768064672769E+02
 0.48022599509442E+02
 0.45202976833561E+02
 0.42315196193377E+02
 0.39366597124481E+02
 0.36365819812188E+02
 0.33322743073231E+02
 0.30248566195040E+02
 0.27155531486375E+02
 0.24056844200506E+02
 0.20966534920985E+02
 0.17899249106534E+02
 0.14870094041462E+02
 0.11894364890049E+02
 0.89873780434605E+01
 0.61642752206157E+01
 0.34398102199574E+01
 0.82820391220047E+00
-0.16570408133769E+01
-0.40032895803967E+01
-0.61988854463199E+01
-0.82334008553419E+01
-0.10097529870001E+02
-0.11783343349465E+02
-0.13284333518357E+02
-0.14595426594512E+02
-0.15713059623610E+02
-0.16635159220870E+02
-0.17361120269908E+02
-0.17891753571885E+02
-0.18229208656759E+02
-0.18376876242611E+02
-0.18339277288436E+02
-0.18121926158104E+02
-0.17731194632087E+02
-0.17174178633017E+02
-0.16458549974596E+02
-0.15592422761236E+02
-0.14584234217143E+02
-0.13442629243560E+02
-0.12176376479055E+02
-0.10794181473256E+02
-0.93047927965459E+01
-0.77167261709630E+01
-0.60383454695247E+01
-0.42777817936465E+01
-0.24428900427160E+01
-0.54122391953782E+00
 0.14199456432371E+01
 0.34336858913785E+01
 0.54933998588403E+01
 0.75928018407590E+01
 0.97259937282011E+01
 0.11887342315253E+02
 0.14071572265505E+02
 0.16273604286912E+02
 0.18488848964808E+02
 0.20712882732711E+02
 0.22941595035448E+02
 0.25171104282946E+02
 0.27397886927991E+02
 0.29618382987186E+02
 0.31829609756635E+02
 0.34028652260233E+02
 0.36212793170300E+02
 0.38379527961731E+02
 0.40526528954688E+02
 0.42651655460420E+02
 0.44752914334659E+02
 0.46828485217610E+02
 0.48876730682104E+02
 0.50896091433343E+02
 0.52885163817473E+02
 0.54842736130466E+02
 0.56767641528994E+02
 0.58658788280810E+02
 0.60515310621221E+02
 0.62336394950834E+02
 0.64121204050059E+02
 0.65869216705410E+02
 0.67579839777303E+02
 0.69252601797556E+02
 0.70887098968910E+02
 0.72482986611803E+02
 0.74040042619978E+02
 0.75558097174326E+02
 0.77037087720168E+02
 0.78476461301874E+02
 0.79876759725674E+02
 0.81237802416481E+02
 0.82559657441302E+02
 0.83842439536922E+02
 0.85086296767064E+02
 0.86291428341603E+02
 0.87458058392743E+02
 0.88586476945831E+02
 0.89676981470499E+02
 0.90729956234328E+02
 0.91745740440778E+02
 0.92724265083722E+02
 0.93666516388423E+02
 0.94572717801869E+02
 0.95443298683485E+02
 0.96278718045546E+02
 0.97079419359246E+02
 0.97845963488573E+02
 0.98578780075905E+02
 0.99278413002837E+02
 0.99945374765840E+02
 0.10058020333628E+03
 0.10118343795695E+03
 0.10175563227439E+03
 0.10229731966166E+03
 0.10280924242471E+03
 0.10329162387147E+03
 0.10374528532315E+03
 0.10417047829277E+03
 0.10456819669800E+03
 0.10493881251030E+03
 0.10528290316929E+03
 0.10560104051959E+03
 0.10589379452767E+03
 0.10616172833272E+03
 0.10640544283316E+03
 0.10662543918046E+03
 0.10682230014797E+03
 0.10699657289490E+03
 0.10714881247040E+03
 0.10727954383644E+03
 0.10738945723012E+03
 0.10747866071490E+03
