 0.55746140268236E+01
 0.55746140262960E+01
 0.55746140206153E+01
 0.55746139968119E+01
 0.55746139327455E+01
 0.55746137978354E+01
 0.55746135533206E+01
 0.55746131507425E+01
 0.55746125261702E+01
 0.55746115872131E+01
 0.55746101923038E+01
 0.55746081254169E+01
 0.55746050716095E+01
 0.55746005983223E+01
 0.55745941452514E+01
 0.55745850256162E+01
 0.55745724260407E+01
 0.55745554220612E+01
 0.55745329844288E+01
 0.55745040153790E+01
 0.55744673359183E+01
 0.55744217163111E+01
 0.55743658631714E+01
 0.55742984392087E+01
 0.55742180699428E+01
 0.55741233452406E+01
 0.55740128229872E+01
 0.55738850367472E+01
 0.55737385007884E+01
 0.55735717277562E+01
 0.55733832046836E+01
 0.55731714639526E+01
 0.55729350109921E+01
 0.55726724587448E+01
 0.55723823792822E+01
 0.55720634580902E+01
 0.55717144267521E+01
 0.55713341011661E+01
 0.55709213846450E+01
 0.55704752712646E+01
 0.55699948771239E+01
 0.55694794162050E+01
 0.55689282197002E+01
 0.55683407358273E+01
 0.55677165335401E+01
 0.55670553037049E+01
 0.55663568593350E+01
 0.55656211349273E+01
 0.55648481857051E+01
 0.55640381859659E+01
 0.55631914269481E+01
 0.55623083125686E+01
 0.55613893591043E+01
 0.55604351912733E+01
 0.55594465393843E+01
 0.55584242364137E+01
 0.55573692150017E+01
 0.55562825046618E+01
 0.55551652286311E+01
 0.55540186014979E+01
 0.55528439263674E+01
 0.55516425923833E+01
 0.55504160732030E+01
 0.55491659238553E+01
 0.55478937791229E+01
 0.55466013516687E+01
 0.55452904309832E+01
 0.55439628805784E+01
 0.55426206361842E+01
 0.55412657063872E+01
 0.55399001705082E+01
 0.55385261781190E+01
 0.55371459474748E+01
 0.55357617644318E+01
 0.55343759832530E+01
 0.55329910161609E+01
 0.55316093629424E+01
 0.55302335779491E+01
 0.55288662824645E+01
 0.55275101651356E+01
 0.55261679851314E+01
 0.55248425663098E+01
 0.55235368009349E+01
 0.55222536515645E+01
 0.55209967795036E+01
 0.55197681458687E+01
 0.55185714616457E+01
 0.55174099904817E+01
 0.55162870489275E+01
 0.55152060521269E+01
 0.55141704920478E+01
 0.55131839408935E+01
 0.55122500530576E+01
 0.55113725626659E+01
 0.55105553251814E+01
 0.55098022639355E+01
 0.55091174014506E+01
 0.55085048701481E+01
 0.55079689048787E+01
 0.55075138050636E+01
 0.55071440784015E+01
 0.55068642536179E+01
 0.55066790166847E+01
 0.55065931591774E+01
 0.55066116247818E+01
 0.55067394686754E+01
 0.55069818787817E+01
 0.55073441865398E+01
 0.55078318565693E+01
 0.55084504936502E+01
 0.55092058756866E+01
 0.55101039100656E+01
 0.55111506275395E+01
 0.55123522662407E+01
 0.55137151734772E+01
 0.55152458875526E+01
 0.55169510381773E+01
 0.55188374550902E+01
 0.55209120661339E+01
 0.55231820073613E+01
 0.55256544810869E+01
 0.55283378172037E+01
 0.55312376471716E+01
 0.55343623635635E+01
 0.55377196398541E+01
 0.55413171760977E+01
 0.55451627162994E+01
 0.55492640363707E+01
 0.55536289156974E+01
 0.55582650883711E+01
 0.55631802443401E+01
 0.55683819678559E+01
 0.55738777057796E+01
 0.55796747695408E+01
 0.55857802263132E+01
 0.55922009331469E+01
 0.55989434754149E+01
 0.56060140652942E+01
 0.56134185683341E+01
 0.56211625330714E+01
 0.56292510068804E+01
 0.56376886297932E+01
 0.56464795325411E+01
 0.56556273408056E+01
 0.56651352379532E+01
 0.56750058299012E+01
 0.56852412423694E+01
 0.56958431040894E+01
 0.57068125611902E+01
 0.57181502450756E+01
 0.57298564364434E+01
 0.57419309519261E+01
 0.57543732622677E+01
 0.57671825187170E+01
 0.57803585424143E+01
 0.57938981860170E+01
 0.58078008396348E+01
 0.58220648954577E+01
 0.58366886126315E+01
 0.58516702387483E+01
 0.58670081757701E+01
 0.58827006605367E+01
 0.58987461600925E+01
 0.59151431717774E+01
 0.59318903408831E+01
 0.59489864947768E+01
 0.59664303730859E+01
 0.59842210678125E+01
 0.60023574568902E+01
 0.60208387430330E+01
 0.60396638583903E+01
 0.60588318119172E+01
 0.60783414007151E+01
 0.60981912281216E+01
 0.61183793704324E+01
 0.61389034196538E+01
 0.61597605349789E+01
 0.61809470304480E+01
 0.62024583385852E+01
 0.62242889475167E+01
 0.62464321686981E+01
 0.62688800954950E+01
 0.62916234531674E+01
 0.63146515499271E+01
 0.63379521764540E+01
 0.63615115747033E+01
 0.63853145255426E+01
 0.64093442063797E+01
 0.64335821184627E+01
 0.64580081336863E+01
 0.64826022949504E+01
 0.65073419111483E+01
 0.65322037390638E+01
 0.65571638864537E+01
 0.65821977839840E+01
 0.66072805100944E+01
 0.66323869630421E+01
 0.66574920645167E+01
 0.66825709880094E+01
 0.67075993933655E+01
 0.67325535789598E+01
 0.67574105689740E+01
 0.67821483113356E+01
 0.68067457905232E+01
 0.68311831219053E+01
 0.68554415077863E+01
 0.68795034408667E+01
 0.69033527030304E+01
 0.69269741561184E+01
 0.69503538567444E+01
 0.69734793270813E+01
 0.69963388379505E+01
 0.70189220793689E+01
 0.70412197134251E+01
 0.70632233622102E+01
 0.70849255881404E+01
 0.71063198658558E+01
 0.71274006212620E+01
 0.71481628352265E+01
 0.71686022714839E+01
 0.71887152359838E+01
 0.72084992549506E+01
 0.72279517827023E+01
 0.72470710012405E+01
 0.72658555118879E+01
 0.72843045714624E+01
 0.73024176950077E+01
 0.73201948143939E+01
 0.73376361516509E+01
 0.73547424492848E+01
 0.73715144461877E+01
 0.73879534146500E+01
 0.74040608148400E+01
 0.74198382871067E+01
 0.74352877157495E+01
 0.74504111778940E+01
 0.74652109057144E+01
 0.74796893446589E+01
 0.74938490560372E+01
 0.75076927403137E+01
 0.75212232571925E+01
 0.75344437116606E+01
 0.75473569583730E+01
 0.75599662217994E+01
 0.75722746945380E+01
 0.75842857716476E+01
 0.75960029074566E+01
 0.76074295369412E+01
 0.76185691732947E+01
 0.76294253726601E+01
 0.76400018664645E+01
 0.76503022716174E+01
 0.76603302705590E+01
 0.76700896393839E+01
 0.76795841402872E+01
 0.76888175683814E+01
 0.76977936874335E+01
 0.77065163925194E+01
 0.77149894701550E+01
 0.77232167647205E+01
 0.77312021229391E+01
 0.77389493851805E+01
 0.77464623937509E+01
 0.77537449779048E+01
 0.77608009798920E+01
 0.77676342257623E+01
 0.77742485007523E+01
 0.77806475951676E+01
 0.77868352414151E+01
 0.77928152370823E+01
 0.77985913173171E+01
 0.78041671703999E+01
 0.78095464772827E+01
 0.78147328755221E+01
 0.78197300151207E+01
 0.78245414938155E+01
 0.78291708587765E+01
 0.78336216510594E+01
 0.78378973715821E+01
 0.78420014848696E+01
 0.78459374249633E+01
 0.78497085734166E+01
 0.78533183002793E+01
 0.78567699199775E+01
 0.78600667219995E+01
 0.78632119327982E+01
 0.78662087595180E+01
 0.78690603657187E+01
 0.78717698731297E+01
 0.78743403597362E+01
 0.78767748600305E+01
 0.78790763770554E+01
 0.78812478364509E+01
 0.78832921913096E+01
 0.78852122982094E+01
 0.78870109874544E+01
 0.78886910366024E+01
 0.78902551914467E+01
 0.78917061705434E+01
 0.78930466091537E+01
