 0.10000000133514E-09
 0.10000000133514E-09
 0.10000000133514E-09
 0.10000000133514E-09
 0.10000000133514E-09
 0.10000000133514E-09
 0.10000000133514E-09
 0.10000000133514E-09
 0.10000000133514E-09
 0.10000000133514E-09
 0.10000000133514E-09
 0.10000000133514E-09
 0.10000000133514E-09
 0.10000000133514E-09
 0.10000000133514E-09
 0.10000000133514E-09
 0.10000000133514E-09
 0.10000000133514E-09
 0.10000000133514E-09
 0.10000000133514E-09
 0.10000000133514E-09
 0.10000000133514E-09
 0.10000000133514E-09
 0.10000000133514E-09
 0.10000000133514E-09
 0.10000000133514E-09
 0.10000000133514E-09
 0.10000000133514E-09
 0.10000000133514E-09
 0.35390495311794E-04
 0.35390495311794E-04
 0.65393487887297E-04
 0.65393487887297E-04
 0.11244262726490E-03
 0.14409032726509E-03
 0.18215419747284E-03
 0.22742609856696E-03
 0.28072497377817E-03
 0.34289257838693E-03
 0.41478997226789E-03
 0.49729382251363E-03
 0.59129313055499E-03
 0.69768689411017E-03
 0.81738175304168E-03
 0.95128953573590E-03
 0.11003264789394E-02
 0.12654116062970E-02
 0.14474655840218E-02
 0.16474101555202E-02
 0.18661674576889E-02
 0.21046598703077E-02
 0.23638098034680E-02
 0.26445395428255E-02
 0.29477705625462E-02
 0.32744240435478E-02
 0.36254216185223E-02
 0.40016842746550E-02
 0.44041326962736E-02
 0.48336890451283E-02
 0.52912726553136E-02
 0.57778069780131E-02
 0.62942142357459E-02
 0.68414198052879E-02
 0.74203494588306E-02
 0.80319312773750E-02
 0.86770955347931E-02
 0.93567751471230E-02
 0.10071904152979E-01
 0.10823422587298E-01
 0.11612273778727E-01
 0.12439405172670E-01
 0.13305772617138E-01
 0.14212335781833E-01
 0.15160062131213E-01
 0.16149926848326E-01
 0.17182911270840E-01
 0.18260012354142E-01
 0.19382234589472E-01
 0.20550589727248E-01
 0.21766107089515E-01
 0.23029838116165E-01
 0.24342839621385E-01
 0.25706180202602E-01
 0.27120950402165E-01
 0.28591050894228E-01
 0.30112398097897E-01
 0.31688613211547E-01
 0.33320881496999E-01
 0.35010396182327E-01
 0.36758391587167E-01
 0.38566121706757E-01
 0.40434879689673E-01
 0.42365984079018E-01
 0.44360773306267E-01
 0.46420623342380E-01
 0.48546958425517E-01
 0.50741213450528E-01
 0.53004880869230E-01
 0.55339483537617E-01
 0.57746543152292E-01
 0.60227713814092E-01
 0.62784590667273E-01
 0.65418833841129E-01
 0.68132171457460E-01
 0.70926336562015E-01
 0.73803115260964E-01
 0.76764316706570E-01
 0.79811788197945E-01
 0.82947400410237E-01
 0.86173047286702E-01
 0.89490692313941E-01
 0.92902284809356E-01
 0.96409756511033E-01
 0.10001511859843E+00
 0.10372033385505E+00
 0.10752741304936E+00
 0.11143828454440E+00
 0.11545491549736E+00
 0.11957917850964E+00
 0.12381300392265E+00
 0.12815816658620E+00
 0.13261786929971E+00
 0.13719098282738E+00
 0.14188033121092E+00
 0.14668735286358E+00
 0.15161333284619E+00
 0.15665934255389E+00
 0.16182628946459E+00
 0.16711486872149E+00
 0.17252552089332E+00
 0.17805844902703E+00
 0.18371354824491E+00
 0.18949038756554E+00
 0.19538823807553E+00
 0.20140596005797E+00
 0.20754207283087E+00
 0.21379471173990E+00
 0.22016153809457E+00
 0.22663981770710E+00
 0.23322641881164E+00
 0.23991773869575E+00
 0.24670978045687E+00
 0.25359809099423E+00
 0.26057778194641E+00
 0.26764365352409E+00
 0.27479008446255E+00
 0.28201114221051E+00
 0.28930057849561E+00
 0.29665192326305E+00
 0.30405841405510E+00
 0.31151320526071E+00
 0.31900926107176E+00
 0.32653948442723E+00
 0.33409674075583E+00
 0.34167469709976E+00
 0.34926476234604E+00
 0.35686073022965E+00
 0.36445577146613E+00
 0.37204323558502E+00
 0.37961666458976E+00
 0.38716982644215E+00
 0.39469675420099E+00
 0.40219171529510E+00
 0.40964927853325E+00
 0.41706425805918E+00
 0.42443179871993E+00
 0.43174724737930E+00
 0.43900633246581E+00
 0.44620496980857E+00
 0.45333937614627E+00
 0.46040604783533E+00
 0.46740170310839E+00
 0.47432331128792E+00
 0.48116807707082E+00
 0.48793340834039E+00
 0.49461692966210E+00
 0.50121647594499E+00
 0.50773008364866E+00
 0.51415598204245E+00
 0.52049260057937E+00
 0.52673856850470E+00
 0.53289269422546E+00
 0.53895400194363E+00
 0.54492174781056E+00
 0.55079538471213E+00
 0.55657459358909E+00
 0.56225926766799E+00
 0.56784951768580E+00
 0.57334568190137E+00
 0.57874807144273E+00
 0.58405806527210E+00
 0.58927632500412E+00
 0.59440403215025E+00
 0.59944254409950E+00
 0.60439337580100E+00
 0.60925817812981E+00
 0.61403871607955E+00
 0.61873685802916E+00
 0.62335453578574E+00
 0.62789373847458E+00
 0.63235648917580E+00
 0.63674482098745E+00
 0.64106076907769E+00
 0.64530634203357E+00
 0.64948353724443E+00
 0.65359429581798E+00
 0.65764051686330E+00
 0.66162404272452E+00
 0.66554666794131E+00
 0.66941011949594E+00
 0.67321605495997E+00
 0.67696607700796E+00
 0.68066171528462E+00
 0.68430443452113E+00
 0.68789564017365E+00
 0.69143667386429E+00
 0.69492881718848E+00
 0.69837329100626E+00
 0.70177126331605E+00
 0.70512385481481E+00
 0.70843201134287E+00
 0.71169701139593E+00
 0.71491968867874E+00
 0.71810097511453E+00
 0.72124177316513E+00
 0.72434293533281E+00
 0.72740527776222E+00
 0.73042958649419E+00
 0.73341661885451E+00
 0.73636711484118E+00
 0.73928176811566E+00
 0.74216125118231E+00
 0.74500621381419E+00
 0.74781728830971E+00
 0.75059508069505E+00
 0.75334017753845E+00
 0.75605314629435E+00
 0.75873453965889E+00
 0.76138489108482E+00
 0.76400471597094E+00
 0.76659451804010E+00
 0.76915478570365E+00
 0.77168599357608E+00
 0.77418860412549E+00
 0.77666306912276E+00
 0.77910982689331E+00
 0.78152930383501E+00
 0.78392191977260E+00
 0.78628807895733E+00
 0.78862818107464E+00
 0.79094261497610E+00
 0.79323176054057E+00
 0.79549599077939E+00
 0.79773566679947E+00
 0.79995114572002E+00
 0.80214277620027E+00
 0.80431089856411E+00
 0.80645584952852E+00
 0.80857795429801E+00
 0.81067753533375E+00
 0.81275490923430E+00
 0.81481038428535E+00
 0.81684426055644E+00
 0.81885684028329E+00
 0.82084841277563E+00
 0.82281926532599E+00
 0.82476968064603E+00
 0.82669993434421E+00
 0.82861029711532E+00
 0.83050103736192E+00
 0.83237241708775E+00
 0.83422469515130E+00
 0.83605812374405E+00
 0.83787295217952E+00
 0.83966942477626E+00
 0.84144778407748E+00
 0.84320826507652E+00
 0.84495110024112E+00
 0.84667652032901E+00
 0.84838474991334E+00
 0.85007601185300E+00
 0.85175052344584E+00
 0.85340849889418E+00
 0.85505014970260E+00
 0.85667568475248E+00
 0.85828530863073E+00
 0.85987922044548E+00
 0.86145761973196E+00
 0.86302070189763E+00
 0.86456865909027E+00
 0.86610168015080E+00
 0.86761995172261E+00
 0.86912365713858E+00
 0.87061297748607E+00
 0.87208809013643E+00
 0.87354917033375E+00
 0.87499638993056E+00
 0.87642992021607E+00
 0.87784992802006E+00
 0.87925657762336E+00
