 0.10000000133514E-09
 0.10000000133514E-09
 0.10000000133514E-09
 0.10000000133514E-09
 0.10000000133514E-09
 0.10000000133514E-09
 0.10000000133514E-09
 0.10000000133514E-09
 0.10000000133514E-09
 0.10000000133514E-09
 0.10000000133514E-09
 0.10000000133514E-09
 0.10000000133514E-09
 0.10000000133514E-09
 0.10000000133514E-09
 0.10000000133514E-09
 0.10000000133514E-09
 0.10000000133514E-09
 0.10000000133514E-09
 0.10000000133514E-09
 0.10000000133514E-09
 0.10000000133514E-09
 0.10000000133514E-09
 0.10000000133514E-09
 0.10000000133514E-09
 0.10000000133514E-09
 0.10000000133514E-09
 0.10000000133514E-09
 0.10000000133514E-09
 0.10749898898951E-03
 0.10749898898951E-03
 0.18529677358023E-03
 0.18529677358023E-03
 0.29965459172297E-03
 0.37336940803702E-03
 0.45965341503193E-03
 0.55967620786352E-03
 0.67460795813030E-03
 0.80561368748337E-03
 0.95384998892398E-03
 0.11204612968773E-02
 0.13065771243026E-02
 0.15133112411646E-02
 0.17417605408216E-02
 0.19930034840122E-02
 0.22681018341857E-02
 0.25681002518334E-02
 0.28940266445957E-02
 0.32468934125010E-02
 0.36276981737655E-02
 0.40374252987852E-02
 0.44770470664230E-02
 0.49475247279824E-02
 0.54498084210952E-02
 0.59848391885897E-02
 0.65535511984276E-02
 0.71568704854648E-02
 0.77957162521044E-02
 0.84710045376445E-02
 0.91836411463410E-02
 0.99345342010159E-02
 0.10724585062636E-01
 0.11554696189740E-01
 0.12425766527350E-01
 0.13338694948879E-01
 0.14294380084934E-01
 0.15293721154444E-01
 0.16337615520263E-01
 0.17426966576358E-01
 0.18562679241927E-01
 0.19745661256145E-01
 0.20976829740749E-01
 0.22257103773293E-01
 0.23587410361955E-01
 0.24968684239090E-01
 0.26401865046145E-01
 0.27887911329731E-01
 0.29427788071373E-01
 0.31022466023782E-01
 0.32672936677166E-01
 0.34380218039892E-01
 0.36145329902502E-01
 0.37969302827123E-01
 0.39853192192878E-01
 0.41801926297466E-01
 0.43809390338229E-01
 0.45880124778905E-01
 0.48015287382136E-01
 0.50216037983962E-01
 0.52483584255917E-01
 0.54819151364289E-01
 0.57224007778544E-01
 0.59699445236577E-01
 0.62246770912410E-01
 0.64867330969462E-01
 0.67562522984747E-01
 0.70333746140834E-01
 0.73182462447424E-01
 0.76110158699714E-01
 0.79118303245605E-01
 0.82208527059621E-01
 0.85382361427831E-01
 0.88641407365100E-01
 0.91987335897234E-01
 0.95421804907191E-01
 0.98946519634238E-01
 0.10256319581497E+00
 0.10627357407654E+00
 0.11007940397059E+00
 0.11398244088562E+00
 0.11798450582662E+00
 0.12208737525275E+00
 0.12629277876501E+00
 0.13060251965909E+00
 0.13501831471303E+00
 0.13954191411829E+00
 0.14417493684559E+00
 0.14891902357232E+00
 0.15377567091233E+00
 0.15874642040559E+00
 0.16383259340906E+00
 0.16903720464506E+00
 0.17435801826170E+00
 0.17979754957072E+00
 0.18535661273280E+00
 0.19103581696633E+00
 0.19683549796391E+00
 0.20275577494868E+00
 0.20879650475044E+00
 0.21495723141330E+00
 0.22123721133613E+00
 0.22763533691465E+00
 0.23415012170672E+00
 0.24077973872750E+00
 0.24752189823635E+00
 0.25437393520839E+00
 0.26133276889614E+00
 0.26839480705061E+00
 0.27555604644106E+00
 0.28281207697239E+00
 0.29015801182741E+00
 0.29758857892297E+00
 0.30509806397843E+00
 0.31268034081391E+00
 0.32032901761072E+00
 0.32803732488421E+00
 0.33579824078310E+00
 0.34360449536027E+00
 0.35144867613788E+00
 0.35932315928341E+00
 0.36722033273290E+00
 0.37513248987168E+00
 0.38305196471944E+00
 0.39097115950496E+00
 0.39888340339271E+00
 0.40677981429643E+00
 0.41465406392540E+00
 0.42249928284204E+00
 0.43030888334994E+00
 0.43807656872376E+00
 0.44579635046392E+00
 0.45346260869845E+00
 0.46107002601198E+00
 0.46861367539542E+00
 0.47608894018692E+00
 0.48349158886000E+00
 0.49081766859087E+00
 0.49806365517089E+00
 0.50522625828125E+00
 0.51230253926949E+00
 0.51928987523798E+00
 0.52618590043878E+00
 0.53298853227689E+00
 0.53969595892325E+00
 0.54630659221769E+00
 0.55281908298344E+00
 0.55923231649215E+00
 0.56554539212587E+00
 0.57175761441614E+00
 0.57786849531976E+00
 0.58387774938394E+00
 0.58978527247016E+00
 0.59559116768231E+00
 0.60129575103002E+00
 0.60689951730394E+00
 0.61240315848567E+00
 0.61780754760713E+00
 0.62311373988573E+00
 0.62832296892005E+00
 0.63343642548843E+00
 0.63845615294969E+00
 0.64338359202541E+00
 0.64822057489158E+00
 0.65296904321582E+00
 0.65763103339768E+00
 0.66220864538672E+00
 0.66670403479388E+00
 0.67111939725093E+00
 0.67545693521622E+00
 0.67971885572147E+00
 0.68390735065393E+00
 0.68802457969203E+00
 0.69207266483617E+00
 0.69605366890776E+00
 0.69996961278807E+00
 0.70382243671322E+00
 0.70761402247690E+00
 0.71134617973916E+00
 0.71502064405536E+00
 0.71863908162501E+00
 0.72220308088474E+00
 0.72571416820257E+00
 0.72917379377726E+00
 0.73258334071923E+00
 0.73594413044340E+00
 0.73925742064705E+00
 0.74252441098332E+00
 0.74574624130885E+00
 0.74892400076280E+00
 0.75205873361123E+00
 0.75515135419862E+00
 0.75820298042915E+00
 0.76121442693257E+00
 0.76418656187113E+00
 0.76712022527817E+00
 0.77001621209515E+00
 0.77287528407802E+00
 0.77569817610875E+00
 0.77848559666450E+00
 0.78123823721022E+00
 0.78395674962346E+00
 0.78664176585376E+00
 0.78929389759903E+00
 0.79191373961782E+00
 0.79450186410917E+00
 0.79705882580039E+00
 0.79958516182985E+00
 0.80208139613110E+00
 0.80454803520233E+00
 0.80698556920030E+00
 0.80939447751405E+00
 0.81177522612718E+00
 0.81412826815092E+00
 0.81645404561212E+00
 0.81875299066072E+00
 0.82102552325135E+00
 0.82327205236655E+00
 0.82549298075562E+00
 0.82768869720579E+00
 0.82985958579185E+00
 0.83200602067960E+00
 0.83412836779063E+00
 0.83622698627685E+00
 0.83830222471323E+00
 0.84035442738097E+00
 0.84238393081789E+00
 0.84439106390683E+00
 0.84637615124888E+00
 0.84833950773974E+00
 0.85028144490617E+00
 0.85220226842138E+00
 0.85410227653574E+00
 0.85598176022068E+00
 0.85784101077318E+00
 0.85968030881389E+00
 0.86149993212725E+00
 0.86330015399144E+00
 0.86508124128930E+00
 0.86684345610672E+00
 0.86858705781424E+00
 0.87031230002187E+00
 0.87201943286931E+00
 0.87370870061613E+00
 0.87538034430641E+00
 0.87703460034826E+00
 0.87867170282566E+00
 0.88029187933536E+00
 0.88189535473710E+00
 0.88348235153262E+00
 0.88505308699820E+00
 0.88660777609265E+00
 0.88814662886830E+00
 0.88966985226494E+00
 0.89117765037219E+00
 0.89267022452734E+00
 0.89414777177031E+00
 0.89561048539133E+00
 0.89705855711782E+00
 0.89849217525765E+00
 0.89991152502509E+00
 0.90131678850577E+00
 0.90270814528278E+00
 0.90408577192586E+00
 0.90544984261545E+00
 0.90680052819452E+00
 0.90813799723323E+00
 0.90946241518767E+00
 0.91077394638521E+00
 0.91207275133677E+00
 0.91335898806146E+00
