 0.30054083141441E+03
 0.30054083138587E+03
 0.30054083107887E+03
 0.30054082980179E+03
 0.30054082640822E+03
 0.30054081937605E+03
 0.30054080683592E+03
 0.30054078639994E+03
 0.30054075446619E+03
 0.30054070459231E+03
 0.30054062479700E+03
 0.30054049410885E+03
 0.30054027899460E+03
 0.30053993031580E+03
 0.30053938126062E+03
 0.30053854633118E+03
 0.30053732177567E+03
 0.30053558649459E+03
 0.30053320380521E+03
 0.30053002347374E+03
 0.30052588366460E+03
 0.30052061503401E+03
 0.30051404071101E+03
 0.30050597872163E+03
 0.30049624538903E+03
 0.30048465546227E+03
 0.30047102406726E+03
 0.30045516767100E+03
 0.30043690524791E+03
 0.30041605882118E+03
 0.30039245460625E+03
 0.30036592283553E+03
 0.30033629955023E+03
 0.30030342494453E+03
 0.30026714631737E+03
 0.30022731623180E+03
 0.30018379428407E+03
 0.30013644665127E+03
 0.30008514661602E+03
 0.30002977488918E+03
 0.29997021956515E+03
 0.29990637660777E+03
 0.29983815001734E+03
 0.29976545183705E+03
 0.29968820226665E+03
 0.29960632969745E+03
 0.29951977069088E+03
 0.29942846990505E+03
 0.29933237996065E+03
 0.29923146121171E+03
 0.29912568157953E+03
 0.29901501631506E+03
 0.29889944751549E+03
 0.29877896381147E+03
 0.29865355992698E+03
 0.29852323621723E+03
 0.29838799816900E+03
 0.29824785586339E+03
 0.29810282342637E+03
 0.29795291848561E+03
 0.29779816153311E+03
 0.29763857533931E+03
 0.29747418433721E+03
 0.29730501400944E+03
 0.29713109026864E+03
 0.29695243884065E+03
 0.29676908459774E+03
 0.29658105106290E+03
 0.29638835982134E+03
 0.29619102981309E+03
 0.29598907682282E+03
 0.29578251291071E+03
 0.29557134587126E+03
 0.29535557874848E+03
 0.29513520924008E+03
 0.29491022955136E+03
 0.29468062493880E+03
 0.29444637424807E+03
 0.29420744911958E+03
 0.29396381353300E+03
 0.29371542322998E+03
 0.29346222554735E+03
 0.29320415891326E+03
 0.29294115238985E+03
 0.29267309888706E+03
 0.29239995522490E+03
 0.29212159790639E+03
 0.29183791395624E+03
 0.29154878040272E+03
 0.29125406149401E+03
 0.29095360947101E+03
 0.29064726445701E+03
 0.29033485365055E+03
 0.29001619117017E+03
 0.28969107621498E+03
 0.28935929457288E+03
 0.28902061767469E+03
 0.28867480113923E+03
 0.28832158405486E+03
 0.28796069539472E+03
 0.28759183619161E+03
 0.28721470001821E+03
 0.28682895971465E+03
 0.28643427004482E+03
 0.28603026552040E+03
 0.28561656260329E+03
 0.28519275750727E+03
 0.28475842541223E+03
 0.28431312055204E+03
 0.28385637515039E+03
 0.28338769750736E+03
 0.28290657372132E+03
 0.28241246760186E+03
 0.28190481471316E+03
 0.28138302823312E+03
 0.28084649286365E+03
 0.28029457117419E+03
 0.27972659537314E+03
 0.27914187355569E+03
 0.27853968023956E+03
 0.27791926827383E+03
 0.27727980027456E+03
 0.27662058316794E+03
 0.27594073249043E+03
 0.27523938522076E+03
 0.27451565510301E+03
 0.27376862766926E+03
 0.27299736293244E+03
 0.27220089622515E+03
 0.27137824084981E+03
 0.27052838753297E+03
 0.26965030794961E+03
 0.26874295723754E+03
 0.26780527315482E+03
 0.26683618371835E+03
 0.26583460514176E+03
 0.26479944617522E+03
 0.26372961644695E+03
 0.26262402565461E+03
 0.26148158124139E+03
 0.26030120043947E+03
 0.25908181036263E+03
 0.25782235341105E+03
 0.25652179063084E+03
 0.25517909657862E+03
 0.25379327656440E+03
 0.25236335657929E+03
 0.25088839317938E+03
 0.24936747008759E+03
 0.24779970944106E+03
 0.24618426052375E+03
 0.24452031511294E+03
 0.24280710177161E+03
 0.24104388965445E+03
 0.23922990915916E+03
 0.23736467321694E+03
 0.23544750897752E+03
 0.23347787484654E+03
 0.23145528529238E+03
 0.22937932157437E+03
 0.22724961626575E+03
 0.22506590535649E+03
 0.22282798893069E+03
 0.22053578122589E+03
 0.21818930680215E+03
 0.21578869440969E+03
 0.21333425467114E+03
 0.21082642691625E+03
 0.20826585635985E+03
 0.20565337732755E+03
 0.20299005715330E+03
 0.20027721030853E+03
 0.19751642518024E+03
 0.19470958880505E+03
 0.19185890827248E+03
 0.18896693322294E+03
 0.18603656143635E+03
 0.18307105614130E+03
 0.18007405195708E+03
 0.17704954872527E+03
 0.17400190399251E+03
 0.17093581019745E+03
 0.16785626232740E+03
 0.16476851456651E+03
 0.16167803586452E+03
 0.15859044243020E+03
 0.15551143612033E+03
 0.15244673477142E+03
 0.14940199579491E+03
 0.14638277659423E+03
 0.14339427997461E+03
 0.14044159422924E+03
 0.13752942067394E+03
 0.13466207651130E+03
 0.13184346254759E+03
 0.12907703517173E+03
 0.12636579181184E+03
 0.12371226684943E+03
 0.12111853972345E+03
 0.11858624608669E+03
 0.11611660063639E+03
 0.11371042553008E+03
 0.11136817843321E+03
 0.10908998766354E+03
 0.10687568123861E+03
 0.10472482880573E+03
 0.10263676875845E+03
 0.10061064238946E+03
 0.98645421990292E+02
 0.96739942227091E+02
 0.94892922354095E+02
 0.93102991032173E+02
 0.91368708080997E+02
 0.89688580790766E+02
 0.88061080560592E+02
 0.86484656811421E+02
 0.84957749178577E+02
 0.83478799033172E+02
 0.82046256868935E+02
 0.80658589463884E+02
 0.79314295966293E+02
 0.78011870593933E+02
 0.76749875343854E+02
 0.75526894265918E+02
 0.74341546714934E+02
 0.73192492543706E+02
 0.72078432328498E+02
 0.70998106762092E+02
 0.69950297994261E+02
 0.68933827194345E+02
 0.67947559662659E+02
 0.66990400706218E+02
 0.66061294836706E+02
 0.65159226227458E+02
 0.64283216568224E+02
 0.63432325677573E+02
 0.62605650235433E+02
 0.61802320890419E+02
 0.61021503463441E+02
 0.60262395886867E+02
 0.59524226963322E+02
 0.58806258880891E+02
 0.58107781997937E+02
 0.57428114772491E+02
 0.56766602865351E+02
 0.56122618615756E+02
 0.55495558051824E+02
 0.54884843530365E+02
 0.54289918931502E+02
 0.53710251471066E+02
 0.53145328088269E+02
 0.52594657363988E+02
 0.52057766707444E+02
 0.51534202487658E+02
 0.51023528714464E+02
 0.50525326496680E+02
 0.50039193037299E+02
 0.49564741267300E+02
 0.49101599522699E+02
 0.48649410033758E+02
 0.48207828726794E+02
 0.47776524777059E+02
 0.47355179945523E+02
 0.46943487720993E+02
 0.46541153269922E+02
 0.46147892631626E+02
 0.45763432703085E+02
 0.45387510233344E+02
 0.45019871597493E+02
 0.44660272430178E+02
 0.44308477126721E+02
 0.43964258833438E+02
 0.43627398713139E+02
 0.43297685713121E+02
 0.42974916298905E+02
 0.42658893992040E+02
 0.42349429224552E+02
 0.42046339218396E+02
 0.41749447173050E+02
 0.41458582629630E+02
 0.41173580823370E+02
 0.40894282635440E+02
 0.40620534315696E+02
 0.40352187206431E+02
 0.40089097600487E+02
 0.39831126650291E+02
 0.39578140062373E+02
 0.39330007869233E+02
 0.39086604318862E+02
 0.38847807780462E+02
 0.38613500570376E+02
 0.38383568582380E+02
 0.38157901461125E+02
 0.37936392387025E+02
 0.37718937801142E+02
 0.37505437210221E+02
 0.37295793581660E+02
 0.37089912626529E+02
 0.36887702962956E+02
 0.36689076077762E+02
