 0.11658001922606E+03
 0.11658001922612E+03
 0.11658001922715E+03
 0.11658001923165E+03
 0.11658001923962E+03
 0.11658001924072E+03
 0.11658001920886E+03
 0.11658001910859E+03
 0.11658001893168E+03
 0.11658001878852E+03
 0.11658001906830E+03
 0.11658002065698E+03
 0.11658002518209E+03
 0.11658003524676E+03
 0.11658005462039E+03
 0.11658008843534E+03
 0.11658014306407E+03
 0.11658022622760E+03
 0.11658034676212E+03
 0.11658051496636E+03
 0.11658074207345E+03
 0.11658103979229E+03
 0.11658142048480E+03
 0.11658189717181E+03
 0.11658248267297E+03
 0.11658318997433E+03
 0.11658403186642E+03
 0.11658502093002E+03
 0.11658616936762E+03
 0.11658748923910E+03
 0.11658899169957E+03
 0.11659068837454E+03
 0.11659258939661E+03
 0.11659470644607E+03
 0.11659704901215E+03
 0.11659962777946E+03
 0.11660245280132E+03
 0.11660553428212E+03
 0.11660888244659E+03
 0.11661250746925E+03
 0.11661642006716E+03
 0.11662063086527E+03
 0.11662515070837E+03
 0.11662999065293E+03
 0.11663516200876E+03
 0.11664067635946E+03
 0.11664654558309E+03
 0.11665278187494E+03
 0.11665939778543E+03
 0.11666640626976E+03
 0.11667382070374E+03
 0.11668165488767E+03
 0.11668992318333E+03
 0.11669864053719E+03
 0.11670782255046E+03
 0.11671748555606E+03
 0.11672764669803E+03
 0.11673832402324E+03
 0.11674953654883E+03
 0.11676130440570E+03
 0.11677364890801E+03
 0.11678659265625E+03
 0.11680015966708E+03
 0.11681437546102E+03
 0.11682926718364E+03
 0.11684486371721E+03
 0.11686119579129E+03
 0.11687829613187E+03
 0.11689619948437E+03
 0.11691494282043E+03
 0.11693456541759E+03
 0.11695510898787E+03
 0.11697661776895E+03
 0.11699913862046E+03
 0.11702272119239E+03
 0.11704741773746E+03
 0.11707328407693E+03
 0.11710037879867E+03
 0.11712876370544E+03
 0.11715850394639E+03
 0.11718966820571E+03
 0.11722232865753E+03
 0.11725656116906E+03
 0.11729244546178E+03
 0.11733008418433E+03
 0.11736953072091E+03
 0.11741089313416E+03
 0.11745426826679E+03
 0.11749975666874E+03
 0.11754746433657E+03
 0.11759750203644E+03
 0.11764998546660E+03
 0.11770503551638E+03
 0.11776277830311E+03
 0.11782334654138E+03
 0.11788687810944E+03
 0.11795351698647E+03
 0.11802341390402E+03
 0.11809672640577E+03
 0.11817361796392E+03
 0.11825425984666E+03
 0.11833883068201E+03
 0.11842751709016E+03
 0.11852051335077E+03
 0.11861802313855E+03
 0.11872025822184E+03
 0.11882743951488E+03
 0.11893979780222E+03
 0.11905757352088E+03
 0.11918101728801E+03
 0.11931039153395E+03
 0.11944596934153E+03
 0.11958803462333E+03
 0.11973688480258E+03
 0.11989282881086E+03
 0.12005618991229E+03
 0.12022730235915E+03
 0.12040651639568E+03
 0.12059419473941E+03
 0.12079071716457E+03
 0.12099647672111E+03
 0.12121191823677E+03
 0.12143739996056E+03
 0.12167339192786E+03
 0.12192035239645E+03
 0.12217875439316E+03
 0.12244908736232E+03
 0.12273185754078E+03
 0.12302758791352E+03
 0.12333681735614E+03
 0.12366010197564E+03
 0.12399801337998E+03
 0.12435113899834E+03
 0.12472008281418E+03
 0.12510546219981E+03
 0.12550791106700E+03
 0.12592807795742E+03
 0.12636662358594E+03
 0.12682422297239E+03
 0.12730156817972E+03
 0.12779935872310E+03
 0.12831831262724E+03
 0.12885915917038E+03
 0.12942263941910E+03
 0.13000951365850E+03
 0.13062055241820E+03
 0.13125654629290E+03
 0.13191830175898E+03
 0.13260664531989E+03
 0.13332242317651E+03
 0.13406650922532E+03
 0.13483980034991E+03
 0.13564322337316E+03
 0.13647773714947E+03
 0.13734438343111E+03
 0.13824410521559E+03
 0.13917802149156E+03
 0.14014725335662E+03
 0.14115296774638E+03
 0.14219638182825E+03
 0.14327877630388E+03
 0.14440147291658E+03
 0.14556586121399E+03
 0.14677338134706E+03
 0.14802553137313E+03
 0.14932387270426E+03
 0.15067000041333E+03
 0.15206557308497E+03
 0.15351227330048E+03
 0.15501182818766E+03
 0.15656597557620E+03
 0.15817646587057E+03
 0.15984503809391E+03
 0.16157340331316E+03
 0.16336321778414E+03
 0.16521606049376E+03
 0.16713341653486E+03
 0.16911663773063E+03
 0.17116691433721E+03
 0.17328524789327E+03
 0.17547241566873E+03
 0.17772894411168E+03
 0.18005508237252E+03
 0.18245078040994E+03
 0.18491566572258E+03
 0.18744903529997E+03
 0.19004984947930E+03
 0.19271672622215E+03
 0.19544794638055E+03
 0.19824144467245E+03
 0.20109500775956E+03
 0.20400600267479E+03
 0.20697161399308E+03
 0.20998883839991E+03
 0.21305451035940E+03
 0.21616534726363E+03
 0.21931798381922E+03
 0.22250900927865E+03
 0.22573499888549E+03
 0.22899254846952E+03
 0.23227829885137E+03
 0.23558895359502E+03
 0.23892130270256E+03
 0.24227223523025E+03
 0.24563875666882E+03
 0.24901798458617E+03
 0.25240716695190E+03
 0.25580368263909E+03
 0.25920503798382E+03
 0.26260886558662E+03
 0.26601293892154E+03
 0.26941514121890E+03
 0.27281348765470E+03
 0.27620610901575E+03
 0.27959124785275E+03
 0.28296725542059E+03
 0.28633258763735E+03
 0.28968580207907E+03
 0.29302554130203E+03
 0.29635053968053E+03
 0.29965959251406E+03
 0.30295166002908E+03
 0.30622568445904E+03
 0.30948071016024E+03
 0.31271584942547E+03
 0.31593028340695E+03
 0.31912324501675E+03
 0.32229402655991E+03
 0.32544197040742E+03
 0.32856648335831E+03
 0.33166699931235E+03
 0.33474300989537E+03
 0.33779404834475E+03
 0.34081968463885E+03
 0.34381953042752E+03
 0.34679323108933E+03
 0.34974046338286E+03
 0.35266094202054E+03
 0.35555440760196E+03
 0.35842063225496E+03
 0.36125941984050E+03
 0.36407059825945E+03
 0.36685400704801E+03
 0.36960952317983E+03
 0.37233704028911E+03
 0.37503647754688E+03
 0.37770777854816E+03
 0.38035089426199E+03
 0.38296580021189E+03
 0.38555248439777E+03
 0.38811096284856E+03
 0.39064125473959E+03
 0.39314339762304E+03
 0.39561744499360E+03
 0.39806346213931E+03
 0.40048152739401E+03
 0.40287172937219E+03
 0.40523417372433E+03
 0.40756896865478E+03
 0.40987623682665E+03
 0.41215611038008E+03
 0.41440872950313E+03
 0.41663424297083E+03
 0.41883280821575E+03
 0.42100459063258E+03
 0.42314976295910E+03
 0.42526850163493E+03
 0.42736099162080E+03
 0.42942742119790E+03
 0.43146798906244E+03
 0.43348289719661E+03
 0.43547234968200E+03
 0.43743655655248E+03
 0.43937573101641E+03
 0.44129009204782E+03
 0.44317986126953E+03
 0.44504526252554E+03
 0.44688652276711E+03
 0.44870387251229E+03
 0.45049754359246E+03
 0.45226777073424E+03
 0.45401478930635E+03
 0.45573883760631E+03
 0.45744015514187E+03
 0.45911898305649E+03
 0.46077556150528E+03
 0.46241013283127E+03
 0.46402294019406E+03
 0.46561422723303E+03
 0.46718423732208E+03
 0.46873321395790E+03
 0.47026140138584E+03
 0.47176904158232E+03
 0.47325637987985E+03
 0.47472365839051E+03
 0.47617112087295E+03
 0.47759900712859E+03
 0.47900755865599E+03
 0.48039701670332E+03
 0.48176761892958E+03
