 0.00000000000000E+00
 0.00000000000000E+00
 0.00000000000000E+00
 0.00000000000000E+00
 0.00000000000000E+00
 0.54750776025414E-65
 0.11520722507661E-55
 0.11318739893198E-48
 0.31064873021605E-43
 0.69670531306823E-39
 0.25280250952411E-35
 0.23400786539188E-32
 0.75737542623953E-30
 0.10735479075048E-27
 0.78610584381363E-26
 0.33657468593424E-24
 0.92631509989960E-23
 0.17640417588173E-21
 0.24637284330460E-20
 0.26437499339265E-19
 0.22633537465238E-18
 0.15943207853226E-17
 0.94787087851475E-17
 0.48583517810737E-16
 0.21854287667550E-15
 0.87587665339860E-15
 0.31680208459879E-14
 0.10455741854808E-13
 0.31788244183660E-13
 0.89762788977942E-13
 0.23711348172300E-12
 0.58961579453689E-12
 0.13878019392188E-11
 0.31070076463271E-11
 0.66448169573343E-11
 0.13627340377151E-10
 0.26891077827864E-10
 0.51215308705783E-10
 0.94400682143076E-10
 0.16881239322919E-09
 0.29353023803916E-09
 0.49727195620314E-09
 0.82227954492137E-09
 0.13293795123056E-08
 0.21044462121306E-08
 0.32665114890943E-08
 0.49777729707191E-08
 0.74557568119273E-08
 0.10987888090388E-07
 0.15948713190989E-07
 0.22820003228687E-07
 0.32213946466659E-07
 0.44899611413659E-07
 0.61832829942471E-07
 0.84189614879783E-07
 0.11340318730224E-06
 0.15120464787132E-06
 0.19966728434017E-06
 0.26125446472651E-06
 0.33887102365591E-06
 0.43591801125616E-06
 0.55635063385862E-06
 0.70473918415919E-06
 0.88633272738791E-06
 0.11071252855357E-05
 0.13739242412653E-05
 0.16944206728467E-05
 0.20772613044458E-05
 0.25321217783099E-05
 0.30697809598627E-05
 0.37021959549584E-05
 0.44425775802795E-05
 0.53054660216062E-05
 0.63068064369067E-05
 0.74640243383810E-05
 0.87961004277474E-05
 0.10323645305514E-04
 0.12068972956780E-04
 0.14056173931618E-04
 0.16311187778602E-04
 0.18861874969345E-04
 0.21738088096037E-04
 0.24971742917035E-04
 0.28596889316210E-04
 0.32649812839207E-04
 0.37168995155758E-04
 0.42195341047824E-04
 0.47772157499606E-04
 0.53945249355378E-04
 0.60763001552646E-04
 0.68276459496554E-04
 0.76539414226890E-04
 0.85608493851790E-04
 0.95543259285091E-04
 0.10640631185534E-03
 0.11826339905133E-03
 0.13118353535115E-03
 0.14523913631691E-03
 0.16050616295182E-03
 0.17706424205784E-03
 0.19499692202658E-03
 0.21439175369623E-03
 0.23534055718870E-03
 0.25793962980543E-03
 0.28229000457364E-03
 0.30849770121293E-03
 0.33667403448716E-03
 0.36693594397095E-03
 0.39940634753016E-03
 0.43421454055054E-03
 0.47149664689070E-03
 0.51139606989586E-03
 0.55406400323979E-03
 0.59966008063810E-03
 0.64835291583699E-03
 0.70032087620089E-03
 0.75575272020743E-03
 0.81484855552513E-03
 0.87782061532716E-03
 0.94489443366607E-03
 0.10163096558575E-02
 0.10923229927704E-02
 0.11732033282441E-02
 0.12592417828745E-02
 0.13507478105026E-02
 0.14480519224370E-02
 0.15515076099361E-02
 0.16614931902561E-02
 0.17784138673179E-02
 0.19027038886416E-02
 0.20348290127943E-02
 0.21752890033936E-02
 0.23246203528754E-02
 0.24833993991828E-02
 0.26522452324254E-02
 0.28318233447142E-02
 0.30228492089740E-02
 0.32260918163442E-02
 0.34423780416671E-02
 0.36725975097527E-02
 0.39177067283423E-02
 0.41787343577316E-02
 0.44567864098873E-02
 0.47530519328415E-02
 0.50688099370573E-02
 0.54054345296039E-02
 0.57644031261904E-02
 0.61473031041942E-02
 0.65558403531998E-02
 0.69918465119156E-02
 0.74572895802580E-02
 0.79542815422147E-02
 0.84850892927584E-02
 0.90521448215143E-02
 0.96580712025527E-02
 0.10305635877696E-01
 0.10997846949603E-01
 0.11737909480313E-01
 0.12529251370086E-01
 0.13375533868709E-01
 0.14280668380727E-01
 0.15248816109011E-01
 0.16284409706559E-01
 0.17392150576417E-01
 0.18577018184248E-01
 0.19844279426216E-01
 0.21199466085760E-01
 0.22648391847864E-01
 0.24197118701646E-01
 0.25851950349439E-01
 0.27619394477861E-01
 0.29506126888577E-01
 0.31518939102983E-01
 0.33664673612554E-01
 0.35950146262926E-01
 0.38382052110349E-01
 0.40966864938434E-01
 0.43710713401523E-01
 0.46619247107462E-01
 0.49697495883995E-01
 0.52949717156334E-01
 0.56379245186465E-01
 0.59988343612981E-01
 0.63778068802158E-01
 0.67748141372389E-01
 0.71896854332631E-01
 0.76220998358082E-01
 0.80715823707801E-01
 0.85375045024494E-01
 0.90190839554473E-01
 0.95154168249136E-01
 0.10025450746576E+00
 0.10548027215643E+00
 0.11081893393646E+00
 0.11625721333308E+00
 0.12178129279741E+00
 0.12737702953240E+00
 0.13303016398202E+00
 0.13872651253873E+00
 0.14445215269747E+00
 0.15019357940978E+00
 0.15593783721984E+00
 0.16167263583803E+00
 0.16738643237742E+00
 0.17306850466751E+00
 0.17870897676760E+00
 0.18429885345934E+00
 0.18983002044282E+00
 0.19529523881832E+00
 0.20068811544889E+00
 0.20600307877698E+00
 0.21123533609427E+00
 0.21638082665603E+00
 0.22143617851348E+00
 0.22639865738673E+00
 0.23126611620907E+00
 0.23603694439575E+00
 0.24071001540850E+00
 0.24528464230834E+00
 0.24976053258073E+00
 0.25413771923643E+00
 0.25841662896598E+00
 0.26259786804602E+00
 0.26668231264132E+00
 0.27067104920866E+00
 0.27456533629553E+00
 0.27836658049315E+00
 0.28207631599500E+00
 0.28569618037843E+00
 0.28922790182020E+00
 0.29267326747443E+00
 0.29603411782793E+00
 0.29931233351641E+00
 0.30250981995055E+00
 0.30562850010970E+00
 0.30867030097640E+00
 0.31163714606391E+00
 0.31453095332541E+00
 0.31735362283395E+00
 0.32010703685903E+00
 0.32279305576605E+00
 0.32541350438528E+00
 0.32797018005636E+00
 0.33046484726595E+00
 0.33289923506723E+00
 0.33527503397691E+00
 0.33759390001997E+00
 0.33985744388056E+00
 0.34206724065620E+00
 0.34422482196851E+00
 0.34633168309857E+00
 0.34838927540262E+00
 0.35039901180065E+00
 0.35236226451351E+00
 0.35428036692708E+00
 0.35615461353904E+00
 0.35798626131776E+00
 0.35977652949205E+00
 0.36152659936760E+00
 0.36323761744423E+00
 0.36491069511946E+00
 0.36654690916266E+00
 0.36814730285391E+00
 0.36971288771315E+00
 0.37124464315401E+00
 0.37274351820492E+00
 0.37421043119758E+00
 0.37564627212094E+00
 0.37705190295774E+00
 0.37842815843444E+00
 0.37977584715256E+00
 0.38109575147432E+00
 0.38238862932998E+00
 0.38365521473436E+00
 0.38489621841697E+00
 0.38611232897767E+00
 0.38730421323911E+00
 0.38847251655485E+00
 0.38961786490529E+00
 0.39074086398236E+00
 0.39184210088110E+00
 0.39292214426265E+00
 0.39398154511075E+00
 0.39502083748929E+00
 0.39604053896361E+00
 0.39704115090015E+00
 0.39802315931043E+00
 0.39898703549952E+00
 0.39993323642105E+00
 0.40086220499551E+00
 0.40177437062982E+00
 0.40267015021992E+00
 0.40354994780579E+00
 0.40441415519390E+00
 0.40526315272281E+00
 0.40609730982626E+00
 0.40691698415418E+00
 0.40772252341640E+00
 0.40851426506627E+00
 0.40929253648164E+00
