 0.00000000000000E+00
 0.00000000000000E+00
 0.00000000000000E+00
 0.00000000000000E+00
 0.00000000000000E+00
 0.17625039259552E-21
 0.22585336840038E-18
 0.48372592075785E-16
 0.31435704251199E-14
 0.88650877919395E-13
 0.13622614291906E-11
 0.13276292690169E-10
 0.91152881764500E-10
 0.47527008182048E-09
 0.19883538478067E-08
 0.69560145227474E-08
 0.21001625282654E-07
 0.56083649032025E-07
 0.13506128785170E-06
 0.29790193803594E-06
 0.60942071751036E-06
 0.11682202462820E-05
 0.21163239222688E-05
 0.36488952929851E-05
 0.60234170765104E-05
 0.95677575479261E-05
 0.14686657436939E-04
 0.21866307653930E-04
 0.31676833085657E-04
 0.44772636345644E-04
 0.61890672672340E-04
 0.83846824723076E-04
 0.11153060469082E-03
 0.14589847075445E-03
 0.18796602922932E-03
 0.23879944488099E-03
 0.29950630994648E-03
 0.37122625160749E-03
 0.45512148986529E-03
 0.55236754416353E-03
 0.66414425302139E-03
 0.79162722283225E-03
 0.93597981108301E-03
 0.10983457140836E-02
 0.12798421998149E-02
 0.14815540134692E-02
 0.17045279634600E-02
 0.19497681820446E-02
 0.22182320443454E-02
 0.25108267229685E-02
 0.28284063403139E-02
 0.31717696878843E-02
 0.35416584874059E-02
 0.39387561332075E-02
 0.43636868920689E-02
 0.48170155170156E-02
 0.52992472388779E-02
 0.58108281003832E-02
 0.63521455968333E-02
 0.69235295889192E-02
 0.75252534687560E-02
 0.81575355366915E-02
 0.88205405710071E-02
 0.95143815630746E-02
 0.10239121597039E-01
 0.10994775852506E-01
 0.11781313720719E-01
 0.12598660980081E-01
 0.13446702055475E-01
 0.14325282358547E-01
 0.15234210637554E-01
 0.16173261368964E-01
 0.17142177164379E-01
 0.18140671174788E-01
 0.19168429521875E-01
 0.20225113610469E-01
 0.21310362760507E-01
 0.22423796316776E-01
 0.23565016058493E-01
 0.24733608494888E-01
 0.25929147162327E-01
 0.27151194756896E-01
 0.28399305318292E-01
 0.29673026355411E-01
 0.30971910221069E-01
 0.32295480969760E-01
 0.33643286239585E-01
 0.35014867707998E-01
 0.36409769758515E-01
 0.37827542160159E-01
 0.39267741362771E-01
 0.40729932039825E-01
 0.42213688861374E-01
 0.43718597947069E-01
 0.45244259016410E-01
 0.46790286016251E-01
 0.48356308746962E-01
 0.49941974717000E-01
 0.51546950645788E-01
 0.53170920344752E-01
 0.54813594595521E-01
 0.56474701966711E-01
 0.58153996349202E-01
 0.59851256560108E-01
 0.61566288393330E-01
 0.63298924280249E-01
 0.65049025272670E-01
 0.66816482274170E-01
 0.68601216747104E-01
 0.70403182048484E-01
 0.72222365285164E-01
 0.74058786994999E-01
 0.75912501816640E-01
 0.77783602816060E-01
 0.79672218540379E-01
 0.81578517456269E-01
 0.83502704524145E-01
 0.85445027077641E-01
 0.87405771372754E-01
 0.89385269464218E-01
 0.91383891844573E-01
 0.93402095349737E-01
 0.95440261515129E-01
 0.97498928626541E-01
 0.99578645919099E-01
 0.10168000456363E+00
 0.10380364163836E+00
 0.10595023864913E+00
 0.10812052131287E+00
 0.11031525793856E+00
 0.11253526013128E+00
 0.11478138039494E+00
 0.11705451037246E+00
 0.11935558161894E+00
 0.12168555970825E+00
 0.12404544576717E+00
 0.12643627294964E+00
 0.12885909947670E+00
 0.13131500883247E+00
 0.13380511125658E+00
 0.13633053334258E+00
 0.13889241718154E+00
 0.14149191498583E+00
 0.14413018522356E+00
 0.14680839593362E+00
 0.14952770875243E+00
 0.15228928616270E+00
 0.15509428147962E+00
 0.15794384023345E+00
 0.16083908848349E+00
 0.16378114102572E+00
 0.16677108571159E+00
 0.16980998645443E+00
 0.17289887759739E+00
 0.17603883588028E+00
 0.17923067797712E+00
 0.18247539438615E+00
 0.18577385160029E+00
 0.18912685887981E+00
 0.19253515473178E+00
 0.19599941854109E+00
 0.19952021620687E+00
 0.20309803432471E+00
 0.20673322665911E+00
 0.21042601278905E+00
 0.21417647930308E+00
 0.21798449577302E+00
 0.22184976211089E+00
 0.22577172347627E+00
 0.22974958010767E+00
 0.23378223461023E+00
 0.23786826931126E+00
 0.24200591019883E+00
 0.24619299268421E+00
 0.25042693082321E+00
 0.25470468554189E+00
 0.25902275153086E+00
 0.26337713246829E+00
 0.26776332956431E+00
 0.27217634485202E+00
 0.27661068789331E+00
 0.28106040150261E+00
 0.28551910058676E+00
 0.28998002597137E+00
 0.29443610220936E+00
 0.29888002391130E+00
 0.30330433808341E+00
 0.30770153764398E+00
 0.31206416425910E+00
 0.31638487043330E+00
 0.32065672685537E+00
 0.32487296665817E+00
 0.32902731162745E+00
 0.33311398401007E+00
 0.33712775613619E+00
 0.34106399282821E+00
 0.34491867585184E+00
 0.34868841378161E+00
 0.35237043534991E+00
 0.35596257692918E+00
 0.35946325451009E+00
 0.36287142747509E+00
 0.36618656132968E+00
 0.36940858118598E+00
 0.37253783142501E+00
 0.37557502015934E+00
 0.37852118040539E+00
 0.38137762322852E+00
 0.38414589798030E+00
 0.38682774917092E+00
 0.38942508419207E+00
 0.39193993861234E+00
 0.39437444553644E+00
 0.39673081169021E+00
 0.39901129373132E+00
 0.40121817821300E+00
 0.40335376404240E+00
 0.40542034623980E+00
 0.40742020479900E+00
 0.40935559424730E+00
 0.41122872386160E+00
 0.41304179679109E+00
 0.41479692889307E+00
 0.41649619783679E+00
 0.41814162767066E+00
 0.41973518254831E+00
 0.42127876607614E+00
 0.42277422171290E+00
 0.42422333121804E+00
 0.42562781726969E+00
 0.42698933814306E+00
 0.42830949234890E+00
 0.42958981977206E+00
 0.43083180154855E+00
 0.43203686273672E+00
 0.43320637212916E+00
 0.43434164407791E+00
 0.43544394201372E+00
 0.43651447772246E+00
 0.43755441505409E+00
 0.43856487173174E+00
 0.43954691733305E+00
 0.44050157918827E+00
 0.44142984298010E+00
 0.44233265418808E+00
 0.44321091915107E+00
 0.44406550859155E+00
 0.44489725547582E+00
 0.44570696032513E+00
 0.44649538988413E+00
 0.44726328117520E+00
 0.44801134004936E+00
 0.44874024440633E+00
 0.44945064448592E+00
 0.45014316456995E+00
 0.45081840390392E+00
 0.45147693805226E+00
 0.45211931961773E+00
 0.45274607891001E+00
 0.45335772573757E+00
 0.45395474991934E+00
 0.45453762202528E+00
 0.45510679430903E+00
 0.45566270180712E+00
 0.45620576266183E+00
 0.45673637914414E+00
 0.45725493792377E+00
 0.45776181125327E+00
 0.45825735740976E+00
 0.45874192125863E+00
 0.45921583492854E+00
 0.45967941802718E+00
 0.46013297851367E+00
 0.46057681309840E+00
 0.46101120766681E+00
 0.46143643787193E+00
 0.46185276943157E+00
 0.46226045839795E+00
 0.46265975203920E+00
 0.46305088865871E+00
 0.46343409831418E+00
 0.46380960299414E+00
 0.46417761699269E+00
 0.46453834727635E+00
 0.46489199372676E+00
 0.46523874933450E+00
 0.46557880057554E+00
 0.46591232771363E+00
 0.46623950499564E+00
 0.46656050082942E+00
 0.46687547802676E+00
 0.46718459420842E+00
 0.46748800174004E+00
 0.46778584799848E+00
 0.46807827568383E+00
 0.46836542305807E+00
 0.46864742368448E+00
 0.46892440710176E+00
 0.46919649875169E+00
 0.46946382007589E+00
