                  NaN
                  NaN
                  NaN
                  NaN
                  NaN
 0.32191396678450E+34
 0.19604097856333E+28
 0.42736729687284E+23
 0.10119373302781E+20
 0.12724300710816E+17
 0.53886389417128E+14
 0.56734387306793E+12
 0.12035363157557E+11
 0.44270971662725E+09
 0.25293718148426E+08
 0.20667086436454E+07
 0.22672327720931E+06
 0.31793704983668E+05
 0.54829899209689E+04
 0.11278168915195E+04
 0.27025611640026E+03
 0.74274109379858E+02
 0.23327275107020E+02
 0.85106444524499E+01
 0.37562216139534E+01
 0.20923949472656E+01
 0.14636113667369E+01
 0.12091457756711E+01
 0.10996589926445E+01
 0.17658959995899E+05
 0.92425696608041E+04
 0.93055367309965E+04
 0.52602515371205E+04
 0.52859439417096E+04
 0.40817097623534E+04
 0.31975998409986E+04
 0.25385113554201E+04
 0.20401797408710E+04
 0.16584330635146E+04
 0.13624266328325E+04
 0.11303002051812E+04
 0.94634610761783E+03
 0.79913223447106E+03
 0.68023724859709E+03
 0.58338694528420E+03
 0.50385767394906E+03
 0.43805727667514E+03
 0.38322830803376E+03
 0.33723536036547E+03
 0.29841085630851E+03
 0.26544228198497E+03
 0.23728883375007E+03
 0.21311929703289E+03
 0.19226532433323E+03
 0.17418613206397E+03
 0.15844151780856E+03
 0.14467101863743E+03
 0.13257785675191E+03
 0.12191644708485E+03
 0.11248243603300E+03
 0.10410511552435E+03
 0.96641113337432E+02
 0.89969556207681E+02
 0.83988065206468E+02
 0.78609597798765E+02
 0.73759858574807E+02
 0.69375197705490E+02
 0.65400878956688E+02
 0.61789698999411E+02
 0.58500795186210E+02
 0.55498684237873E+02
 0.52752474755802E+02
 0.50235171808506E+02
 0.47923131020793E+02
 0.45795582435649E+02
 0.43834227019247E+02
 0.42022921056311E+02
 0.40347365924090E+02
 0.38794865832513E+02
 0.37354139131957E+02
 0.36015140988391E+02
 0.34768880811883E+02
 0.33607304252708E+02
 0.32523192074245E+02
 0.31512992526849E+02
 0.30565103714608E+02
 0.29677078437717E+02
 0.28844150906035E+02
 0.28061990697081E+02
 0.27326679476694E+02
 0.26634648898590E+02
 0.25982655728758E+02
 0.25367737059743E+02
 0.24787178385267E+02
 0.24238496942759E+02
 0.23719422715825E+02
 0.23227858581695E+02
 0.22761883665426E+02
 0.22319723210063E+02
 0.21899726114859E+02
 0.21500393828726E+02
 0.21120306388835E+02
 0.20758153589860E+02
 0.20412724800919E+02
 0.20082880906960E+02
 0.19767562395756E+02
 0.19465773904629E+02
 0.19176582338257E+02
 0.18899108550656E+02
 0.18632522945840E+02
 0.18376050057928E+02
 0.18128948459350E+02
 0.17890509138887E+02
 0.17660068439326E+02
 0.17436985249880E+02
 0.17220653866473E+02
 0.17010484482938E+02
 0.16805918580121E+02
 0.16606411245280E+02
 0.16411448597017E+02
 0.16220523555921E+02
 0.16033292821249E+02
 0.15849005423907E+02
 0.15667337663251E+02
 0.15487848820662E+02
 0.15310111377955E+02
 0.15133706523634E+02
 0.14958231211613E+02
 0.14783296018969E+02
 0.14608524437322E+02
 0.14433556263813E+02
 0.14258045361839E+02
 0.14081661491324E+02
 0.13904094195003E+02
 0.13725049413016E+02
 0.13544255673060E+02
 0.13361464136399E+02
 0.13176447279866E+02
 0.12989004758337E+02
 0.12798963960061E+02
 0.12606179700919E+02
 0.12410538399359E+02
 0.12211956654099E+02
 0.12010382824780E+02
 0.11805800343154E+02
 0.11598225220972E+02
 0.11387707173453E+02
 0.11174329092372E+02
 0.10958207203234E+02
 0.10739488061496E+02
 0.10518349882926E+02
 0.10294998423999E+02
 0.10069666087717E+02
 0.98426092357553E+01
 0.96141116529849E+01
 0.93844576093727E+01
 0.91539660221547E+01
 0.89229625859481E+01
 0.86917832463761E+01
 0.84607716093777E+01
 0.82302741819805E+01
 0.80006423305358E+01
 0.77722244831785E+01
 0.75453682905381E+01
 0.73204161687500E+01
 0.70977027100963E+01
 0.68775567564279E+01
 0.66602958390167E+01
 0.64462275814154E+01
 0.62356467615721E+01
 0.60288355963001E+01
 0.58260617679553E+01
 0.56275780246780E+01
 0.54336213525631E+01
 0.52444119117889E+01
 0.50601524679895E+01
 0.48810269426876E+01
 0.47071998361658E+01
 0.45388153401045E+01
 0.43759962749434E+01
 0.42188433690309E+01
 0.40674342713790E+01
 0.39218228889493E+01
 0.37820387836780E+01
 0.36480870223074E+01
 0.35199479094065E+01
 0.33975774515221E+01
 0.32809080852466E+01
 0.31698496244811E+01
 0.30642913043114E+01
 0.29640996500663E+01
 0.28691271531876E+01
 0.27792098206750E+01
 0.26941707161672E+01
 0.26138226269834E+01
 0.25379705322329E+01
 0.24664140925790E+01
 0.23989499987579E+01
 0.23353741759754E+01
 0.22754836843968E+01
 0.22190784649260E+01
 0.21659628309083E+01
 0.21159466313748E+01
 0.20688462469029E+01
 0.20244852499219E+01
 0.19826950436481E+01
 0.19433151068010E+01
 0.19061932029526E+01
 0.18711853915024E+01
 0.18381560160263E+01
 0.18069774903511E+01
 0.17775301019654E+01
 0.17497017376511E+01
 0.17233875388717E+01
 0.16984895661241E+01
 0.16749164371384E+01
 0.16525829639495E+01
 0.16314097999641E+01
 0.16113230650923E+01
 0.15922539945350E+01
 0.15741386945115E+01
 0.15569174145947E+01
 0.15405349051875E+01
 0.15249396494104E+01
 0.15100836959964E+01
 0.14959224335972E+01
 0.14824143405830E+01
 0.14695207473387E+01
 0.14572056359715E+01
 0.14454354235302E+01
 0.14341788278317E+01
 0.14234066674643E+01
 0.14130917054888E+01
 0.14032085171107E+01
 0.13937333454854E+01
 0.13846439933984E+01
 0.13759197075276E+01
 0.13675410595525E+01
 0.13594898683763E+01
 0.13517490954662E+01
 0.13443027629850E+01
 0.13371359062170E+01
 0.13302344711752E+01
 0.13235852587070E+01
 0.13171758664987E+01
 0.13109946377545E+01
 0.13050305961516E+01
 0.12992734257604E+01
 0.12937133990915E+01
 0.12883413573752E+01
 0.12831486539428E+01
 0.12781271394849E+01
 0.12732691164533E+01
 0.12685673158379E+01
 0.12640148664105E+01
 0.12596052705398E+01
 0.12553323787332E+01
 0.12511903699152E+01
 0.12471737330726E+01
 0.12432772428227E+01
 0.12394959443212E+01
 0.12358251376813E+01
 0.12322603620165E+01
 0.12287973793469E+01
 0.12254321639339E+01
 0.12221608880574E+01
 0.12189799131201E+01
 0.12158857754627E+01
 0.12128751774924E+01
 0.12099449785225E+01
 0.12070921852663E+01
 0.12043139456236E+01
 0.12016075387735E+01
 0.11989703685329E+01
 0.11963999568889E+01
 0.11938939367750E+01
 0.11914500469182E+01
 0.11890661271061E+01
 0.11867401099288E+01
 0.11844700192551E+01
 0.11822539633360E+01
 0.11800901314660E+01
 0.11779767895705E+01
 0.11759122759957E+01
 0.11738949981902E+01
 0.11719234297315E+01
 0.11699961067466E+01
 0.11681116241643E+01
 0.11662686334408E+01
 0.11644658401098E+01
 0.11627020011100E+01
 0.11609759212291E+01
 0.11592864524279E+01
 0.11576324912297E+01
 0.11560129760001E+01
 0.11544268846523E+01
 0.11528732352835E+01
 0.11513510815110E+01
 0.11498595121931E+01
 0.11483976501385E+01
