-0.00000000000000E+00
-0.48481404995192E-04
-0.24254169554539E-02
-0.29359530841672E-01
-0.17450747057450E+00
-0.68340600516348E+00
-0.20468633716059E+01
-0.50819838229851E+01
-0.10956311368158E+02
-0.21072106004737E+02
-0.36685444173923E+02
-0.58201317985755E+02
-0.84137698024229E+02
-0.10982073713419E+03
-0.12591099227114E+03
-0.11560691201803E+03
-0.56405710842242E+02
 0.83722472297619E+02
 0.34815665732920E+03
 0.79121113865865E+03
 0.15034423597526E+04
 0.25255128304541E+04
 0.39527138552332E+04
 0.59287831534475E+04
 0.85547325592821E+04
 0.11965288568162E+05
 0.16305387615651E+05
 0.21731983965202E+05
 0.28409574236143E+05
 0.36511647672379E+05
 0.46220202486514E+05
 0.57722134493457E+05
 0.71197913261525E+05
 0.86838517134513E+05
 0.10483374570492E+06
 0.12537422297539E+06
 0.14864442100166E+06
 0.17482919108257E+06
 0.20411048319310E+06
 0.23666746774532E+06
 0.27267556098569E+06
 0.31231059443888E+06
 0.35574133731502E+06
 0.40313726133596E+06
 0.45466735408017E+06
 0.51050092795421E+06
 0.57080870366327E+06
 0.63576397947089E+06
 0.70554384838521E+06
 0.78033114150244E+06
 0.86031447439278E+06
 0.94568937723833E+06
 0.10366610521066E+07
 0.11334450666388E+07
 0.12362685998194E+07
 0.13453717235047E+07
 0.14610086617631E+07
 0.15834491281838E+07
 0.17129794673822E+07
 0.18499035198891E+07
 0.19945443103072E+07
 0.21472450099712E+07
 0.23083700997970E+07
 0.24783065079495E+07
 0.26574647594805E+07
 0.28462801249621E+07
 0.30452142172033E+07
 0.32547554140185E+07
 0.34754196167674E+07
 0.37077529126914E+07
 0.39523321359375E+07
 0.42097663438293E+07
 0.44806977926590E+07
 0.47658033361970E+07
 0.50657968855071E+07
 0.53814300114299E+07
 0.57134929579242E+07
 0.60628180488906E+07
 0.64302806166499E+07
 0.68168019465740E+07
 0.72233488671893E+07
 0.76509379005753E+07
 0.81006370837763E+07
 0.85735684683367E+07
 0.90709907802442E+07
 0.95939966154613E+07
 0.10143953554132E+08
 0.10722231053231E+08
 0.11330255761181E+08
 0.11969535794118E+08
 0.12641653902968E+08
 0.13348268187660E+08
 0.14091119934746E+08
 0.14872041823715E+08
 0.15692951374943E+08
 0.16555867524035E+08
 0.17462908547547E+08
 0.18416301146814E+08
 0.19418397298844E+08
 0.20471618680947E+08
 0.21578580670896E+08
 0.22741968339788E+08
 0.23964629115355E+08
 0.25249552329719E+08
 0.26599877407412E+08
 0.28018892856957E+08
 0.29510055381670E+08
 0.31076992367491E+08
 0.32723514052744E+08
 0.34453617043639E+08
 0.36271500864457E+08
 0.38181567289456E+08
 0.40188426556756E+08
 0.42296928337034E+08
 0.44512144789116E+08
 0.46839401944896E+08
 0.49284262848393E+08
 0.51852567209929E+08
 0.54550417078569E+08
 0.57384213348093E+08
 0.60360635434468E+08
 0.63486821142458E+08
 0.66769783975892E+08
 0.70217265864032E+08
 0.73837212470015E+08
 0.77637910654351E+08
 0.81627976557071E+08
 0.85816384540849E+08
 0.90212466097489E+08
 0.94825908235145E+08
 0.99666764082760E+08
 0.10474545442513E+09
 0.11007276798200E+09
 0.11565986629178E+09
 0.12151827400675E+09
 0.12765988714577E+09
 0.13409696520083E+09
 0.14084211415281E+09
 0.14790829906009E+09
 0.15530882918540E+09
 0.16305734424053E+09
 0.17116781854536E+09
 0.17965454911646E+09
 0.18853209840946E+09
 0.19781536078329E+09
 0.20751949518690E+09
 0.21765992620514E+09
 0.22825232752186E+09
 0.23931262064278E+09
 0.25085694648883E+09
 0.26290165985849E+09
 0.27546331505417E+09
 0.28855864558434E+09
 0.30220456009029E+09
 0.31641824816681E+09
 0.33121669651147E+09
 0.34661738239890E+09
 0.36263781291799E+09
 0.37929550885961E+09
 0.39660814743637E+09
 0.41459364025219E+09
 0.43326971312406E+09
 0.45265436434554E+09
 0.47276555694955E+09
 0.49362130932267E+09
 0.51523982401762E+09
 0.53763907880158E+09
 0.56083725602193E+09
 0.58485249010138E+09
 0.60970292578377E+09
 0.63540671368712E+09
 0.66198199902673E+09
 0.68944691845615E+09
 0.71781956910065E+09
 0.74711803240080E+09
 0.77736039883311E+09
 0.80856468387432E+09
 0.84074890688806E+09
 0.87393104067830E+09
 0.90812906150596E+09
 0.94336092561613E+09
 0.97964455911918E+09
 0.10169979143683E+10
 0.10554389393279E+10
 0.10949856032829E+10
 0.11356559248577E+10
 0.11774679735552E+10
 0.12204398434189E+10
 0.12645896932185E+10
 0.13099358558817E+10
 0.13564967203169E+10
 0.14042907542010E+10
 0.14533365445815E+10
 0.15036528847867E+10
 0.15552586126449E+10
 0.16081727287369E+10
 0.16624144146894E+10
 0.17180029834311E+10
 0.17749578939659E+10
 0.18332987579114E+10
 0.18930453471296E+10
 0.19542175691969E+10
 0.20168354799228E+10
 0.20809192803882E+10
 0.21464893178265E+10
 0.22135660808112E+10
 0.22821701685888E+10
 0.23523222564419E+10
 0.24240432923456E+10
 0.24973542836842E+10
 0.25722763532390E+10
 0.26488307764380E+10
 0.27270388963940E+10
 0.28069221971307E+10
 0.28885022758181E+10
 0.29718008651914E+10
 0.30568398161143E+10
 0.31436410676438E+10
 0.32322266676104E+10
 0.33226187698341E+10
 0.34148396796294E+10
 0.35089117703306E+10
 0.36048575409212E+10
 0.37026995708160E+10
 0.38024605774402E+10
 0.39041633699387E+10
 0.40078308472340E+10
 0.41134860221638E+10
 0.42211519915885E+10
 0.43308520122740E+10
 0.44426093771293E+10
 0.45564474747988E+10
 0.46723898435497E+10
 0.47904600648292E+10
 0.49106818833773E+10
 0.50330790945577E+10
 0.51576755536522E+10
 0.52844952881496E+10
 0.54135623480236E+10
 0.55449009436893E+10
 0.56785354423968E+10
 0.58144900924883E+10
 0.59527893471708E+10
 0.60934577547114E+10
 0.62365199941478E+10
 0.63820007476806E+10
 0.65299249679174E+10
 0.66803174477417E+10
 0.68332032773074E+10
 0.69886074465049E+10
 0.71465552549896E+10
 0.73070719049472E+10
 0.74701827750576E+10
 0.76359132992709E+10
 0.78042890070443E+10
 0.79753355154295E+10
 0.81490785748445E+10
 0.83255439940061E+10
 0.85047576166097E+10
 0.86867454179830E+10
 0.88715334593393E+10
 0.90591478807078E+10
 0.92496149150331E+10
 0.94429608764811E+10
 0.96392121825076E+10
 0.98383953413893E+10
 0.10040536877546E+11
 0.10245663465979E+11
 0.10453801851216E+11
 0.10664978866781E+11
 0.10879221460483E+11
 0.11096556598894E+11
 0.11317011373775E+11
 0.11540612956210E+11
 0.11767388595303E+11
 0.11997365630517E+11
 0.12230571520883E+11
 0.12467033749033E+11
 0.12706779920730E+11
 0.12949837708604E+11
 0.13196234879812E+11
 0.13445999289295E+11
 0.13699158860734E+11
 0.13955741639362E+11
 0.14215775732430E+11
 0.14479289313823E+11
 0.14746310661858E+11
 0.15016868136592E+11
 0.15290990192479E+11
 0.15568705352837E+11
 0.15850042237646E+11
 0.16135029540945E+11
 0.16423696081611E+11
 0.16716070664840E+11
 0.17012182268656E+11
 0.17312060002806E+11
 0.17615732929638E+11
 0.17923230260589E+11
 0.18234581312042E+11
 0.18549815482521E+11
