 0.14928669943783E+00
 0.14928669943772E+00
 0.14928669943699E+00
 0.14928669944318E+00
 0.14928669950318E+00
 0.14928669974275E+00
 0.14928670038081E+00
 0.14928670164048E+00
 0.14928670336754E+00
 0.14928670411020E+00
 0.14928669954786E+00
 0.14928668041660E+00
 0.14928663027078E+00
 0.14928652346119E+00
 0.14928632362264E+00
 0.14928598260002E+00
 0.14928544088359E+00
 0.14928462767856E+00
 0.14928346231988E+00
 0.14928185434813E+00
 0.14927970612628E+00
 0.14927691527287E+00
 0.14927337533359E+00
 0.14926897713102E+00
 0.14926361178155E+00
 0.14925717073960E+00
 0.14924954753742E+00
 0.14924063833075E+00
 0.14923034278620E+00
 0.14921856367006E+00
 0.14920520926600E+00
 0.14919018939834E+00
 0.14917342108019E+00
 0.14915481966623E+00
 0.14913430972590E+00
 0.14911181495241E+00
 0.14908726352119E+00
 0.14906058559260E+00
 0.14903171366549E+00
 0.14900058271725E+00
 0.14896712848645E+00
 0.14893128924721E+00
 0.14889300494196E+00
 0.14885221719940E+00
 0.14880886925150E+00
 0.14876290590878E+00
 0.14871427353066E+00
 0.14866291999315E+00
 0.14860879460214E+00
 0.14855184796088E+00
 0.14849203192693E+00
 0.14842929961231E+00
 0.14836360493012E+00
 0.14829490250360E+00
 0.14822314739270E+00
 0.14814829480345E+00
 0.14807029976551E+00
 0.14798911676186E+00
 0.14790469936670E+00
 0.14781699984917E+00
 0.14772596870942E+00
 0.14763155424813E+00
 0.14753370205690E+00
 0.14743235459920E+00
 0.14732745070514E+00
 0.14721892508465E+00
 0.14710670774939E+00
 0.14699072369981E+00
 0.14687089246905E+00
 0.14674712742236E+00
 0.14661933540161E+00
 0.14648741622756E+00
 0.14635126229106E+00
 0.14621075817816E+00
 0.14606578008992E+00
 0.14591619630615E+00
 0.14576186424413E+00
 0.14560263280159E+00
 0.14543834099167E+00
 0.14526881755094E+00
 0.14509388029183E+00
 0.14491333634143E+00
 0.14472698155390E+00
 0.14453460007546E+00
 0.14433590519113E+00
 0.14413076364952E+00
 0.14391887300846E+00
 0.14369996642340E+00
 0.14347376638404E+00
 0.14323997978541E+00
 0.14299830003917E+00
 0.14274840701794E+00
 0.14248996641101E+00
 0.14222262997090E+00
 0.14194603185967E+00
 0.14165979321717E+00
 0.14136351996380E+00
 0.14105680121055E+00
 0.14073920936110E+00
 0.14041030875102E+00
 0.14006963140185E+00
 0.13971670709668E+00
 0.13935104404420E+00
 0.13897213472042E+00
 0.13857945207092E+00
 0.13817245442603E+00
 0.13775058306427E+00
 0.13731326175138E+00
 0.13685989824360E+00
 0.13638988387440E+00
 0.13590259112540E+00
 0.13539737856739E+00
 0.13487359223852E+00
 0.13433055709879E+00
 0.13376758882064E+00
 0.13318398543073E+00
 0.13257903971131E+00
 0.13195202775182E+00
 0.13130222150643E+00
 0.13062887642590E+00
 0.12993125135741E+00
 0.12920849685885E+00
 0.12846005531224E+00
 0.12768509352266E+00
 0.12688286737344E+00
 0.12605264713826E+00
 0.12519371436986E+00
 0.12430536731439E+00
 0.12338692536226E+00
 0.12243773601354E+00
 0.12145717666897E+00
 0.12044466282679E+00
 0.11939965388413E+00
 0.11832165439772E+00
 0.11721022746577E+00
 0.11606499314887E+00
 0.11488563647293E+00
 0.11367192011635E+00
 0.11242368344391E+00
 0.11114084010009E+00
 0.10982339610538E+00
 0.10847144605233E+00
 0.10708518123484E+00
 0.10566489135941E+00
 0.10421095680399E+00
 0.10272386635676E+00
 0.10120420329983E+00
 0.99652651868768E-01
 0.98069991430920E-01
 0.96457103593998E-01
 0.94814954563682E-01
 0.93144607723293E-01
 0.91447211557444E-01
 0.89723998047351E-01
 0.87976190298785E-01
 0.86205347099020E-01
 0.84412842617395E-01
 0.82600206898201E-01
 0.80769038314380E-01
 0.78921002862617E-01
 0.77057814256064E-01
 0.75181273075199E-01
 0.73293223362605E-01
 0.71395585401728E-01
 0.69490342636893E-01
 0.67579529628417E-01
 0.65665278698736E-01
 0.63749766017345E-01
 0.61835260981916E-01
 0.59924091266736E-01
 0.58018667580445E-01
 0.56121468782143E-01
 0.54235045729852E-01
 0.52362015778771E-01
 0.50505059809098E-01
 0.48666911264952E-01
 0.46850335506123E-01
 0.45058121966257E-01
 0.43293063477366E-01
 0.41557930560266E-01
 0.39855448472472E-01
 0.38188266001563E-01
 0.36558924182625E-01
 0.34969822456816E-01
 0.33423189338880E-01
 0.31921047453363E-01
 0.30465185789359E-01
 0.29057136817721E-01
 0.27698155978151E-01
 0.26389219270535E-01
 0.25130935397514E-01
 0.23923681112897E-01
 0.22767510167930E-01
 0.21662186636841E-01
 0.20607205417366E-01
 0.19601812399570E-01
 0.18645030062618E-01
 0.17735685153842E-01
 0.16872438203518E-01
 0.16053811717504E-01
 0.15278219515151E-01
 0.14543994843210E-01
 0.13849414806421E-01
 0.13192724042760E-01
 0.12572154017251E-01
 0.11985943181743E-01
 0.11432350040664E-01
 0.10909666487175E-01
 0.10416228326237E-01
 0.99504236402611E-02
 0.95106973845498E-02
 0.90955581245672E-02
 0.87035791272442E-02
 0.83334007471000E-02
 0.79837310011212E-02
 0.76533451939548E-02
 0.73410849225673E-02
 0.70458565937670E-02
 0.67666299430663E-02
 0.65024351653263E-02
 0.62523623924747E-02
 0.60155511423635E-02
 0.57912007504305E-02
 0.55785583028279E-02
 0.53769181617783E-02
 0.51856193908745E-02
 0.50040435310108E-02
 0.48316115783818E-02
 0.46677818202703E-02
 0.45120468450309E-02
 0.43639326684981E-02
 0.42229954192738E-02
 0.40888197432668E-02
 0.39610170556306E-02
 0.38392235225372E-02
 0.37230986352586E-02
 0.36123236404417E-02
 0.35065998018212E-02
 0.34056473940191E-02
 0.33092041737790E-02
 0.32170241649177E-02
 0.31288768741319E-02
 0.30445462181605E-02
 0.29638291495157E-02
 0.28865351189144E-02
 0.28124851083874E-02
 0.27415107747478E-02
 0.26734541469149E-02
 0.26081664969666E-02
 0.25455080141134E-02
 0.24853468779124E-02
 0.24275591811781E-02
 0.23720281172357E-02
 0.23186435880954E-02
 0.22673017892211E-02
 0.22179047954632E-02
 0.21703601975889E-02
 0.21245806888586E-02
 0.20804839042173E-02
 0.20379919462633E-02
 0.19970311702462E-02
 0.19575319358575E-02
 0.19194283477377E-02
 0.18826580075063E-02
 0.18471618247161E-02
 0.18128838060459E-02
 0.17797709153543E-02
 0.17477728332184E-02
 0.17168418389415E-02
 0.16869326065934E-02
 0.16580021120267E-02
 0.16300095186959E-02
 0.16029160071190E-02
 0.15766846815889E-02
 0.15512804423364E-02
 0.15266698986425E-02
 0.15028212823877E-02
 0.14797043518846E-02
 0.14572902824204E-02
 0.14355516294674E-02
 0.14144622237415E-02
 0.13939971223815E-02
 0.13741325248270E-02
 0.13548457228753E-02
 0.13361150361649E-02
 0.13179197776786E-02
 0.13002401793963E-02
 0.12830573492349E-02
 0.12663532290180E-02
 0.12501105567073E-02
 0.12343128246591E-02
 0.12189442237655E-02
 0.12039896421903E-02
 0.11894345940472E-02
 0.11752652166610E-02
 0.11614682146182E-02
 0.11480308713276E-02
 0.11349409784400E-02
 0.11221868264583E-02
 0.11097572007609E-02
