 0.18163555757303E+01
 0.18163555757279E+01
 0.18163555756727E+01
 0.18163555753170E+01
 0.18163555740895E+01
 0.18163555711060E+01
 0.18163555653294E+01
 0.18163555562510E+01
 0.18163555462548E+01
 0.18163555461219E+01
 0.18163555841609E+01
 0.18163557178700E+01
 0.18163560459150E+01
 0.18163567181567E+01
 0.18163579421533E+01
 0.18163599839636E+01
 0.18163631704946E+01
 0.18163678819289E+01
 0.18163745491780E+01
 0.18163836310362E+01
 0.18163956227352E+01
 0.18164110285098E+01
 0.18164303734247E+01
 0.18164541874894E+01
 0.18164829914331E+01
 0.18165172986059E+01
 0.18165576097363E+01
 0.18166044078217E+01
 0.18166581568601E+01
 0.18167192933245E+01
 0.18167882451208E+01
 0.18168653933697E+01
 0.18169511221960E+01
 0.18170457439016E+01
 0.18171495966499E+01
 0.18172629564959E+01
 0.18173860857756E+01
 0.18175192153541E+01
 0.18176625484197E+01
 0.18178162633551E+01
 0.18179804974843E+01
 0.18181553662384E+01
 0.18183409523477E+01
 0.18185373079045E+01
 0.18187444524550E+01
 0.18189623721253E+01
 0.18191910187317E+01
 0.18194303089145E+01
 0.18196801228680E+01
 0.18199403031786E+01
 0.18202106540121E+01
 0.18204909411412E+01
 0.18207808892448E+01
 0.18210801816249E+01
 0.18213884591621E+01
 0.18217053192889E+01
 0.18220303150721E+01
 0.18223629542234E+01
 0.18227026984676E+01
 0.18230489624542E+01
 0.18234011131683E+01
 0.18237584692126E+01
 0.18241202996020E+01
 0.18244858237718E+01
 0.18248542107203E+01
 0.18252245784677E+01
 0.18255959930854E+01
 0.18259674690553E+01
 0.18263379691296E+01
 0.18267064025841E+01
 0.18270716254758E+01
 0.18274324399214E+01
 0.18277875942352E+01
 0.18281357828141E+01
 0.18284756448323E+01
 0.18288057711339E+01
 0.18291246819926E+01
 0.18294308507149E+01
 0.18297226941381E+01
 0.18299985720463E+01
 0.18302567846536E+01
 0.18304955764692E+01
 0.18307131335101E+01
 0.18309075819271E+01
 0.18310765512312E+01
 0.18312188406127E+01
 0.18313320236324E+01
 0.18314139733838E+01
 0.18314625147291E+01
 0.18314753947435E+01
 0.18314502966065E+01
 0.18313848385363E+01
 0.18312765723925E+01
 0.18311229868824E+01
 0.18309214751287E+01
 0.18306693784825E+01
 0.18303639626030E+01
 0.18300024102983E+01
 0.18295818279114E+01
 0.18290992734806E+01
 0.18285516626836E+01
 0.18279358880069E+01
 0.18272487360531E+01
 0.18264869232792E+01
 0.18256470599384E+01
 0.18247256864947E+01
 0.18237192581536E+01
 0.18226241393472E+01
 0.18214366143178E+01
 0.18201528839464E+01
 0.18187690460667E+01
 0.18172811286299E+01
 0.18156850960269E+01
 0.18139767998877E+01
 0.18121520419571E+01
 0.18102065269790E+01
 0.18081359368633E+01
 0.18059358570231E+01
 0.18036018538132E+01
 0.18011294004171E+01
 0.17985139868222E+01
 0.17957503769008E+01
 0.17928352976261E+01
 0.17897636164153E+01
 0.17865307872722E+01
 0.17831323449390E+01
 0.17795638791928E+01
 0.17758210643819E+01
 0.17718996823497E+01
 0.17677956626084E+01
 0.17635050873361E+01
 0.17590242401144E+01
 0.17543496340842E+01
 0.17494780151665E+01
 0.17444064423796E+01
 0.17391322665583E+01
 0.17336531774048E+01
 0.17279672749390E+01
 0.17220730555939E+01
 0.17159693840257E+01
 0.17096556236367E+01
 0.17031315731339E+01
 0.16963975308006E+01
 0.16894542822069E+01
 0.16823030607756E+01
 0.16749456346345E+01
 0.16673842237811E+01
 0.16596215185787E+01
 0.16516606549664E+01
 0.16435052300824E+01
 0.16351591906149E+01
 0.16266269014664E+01
 0.16179130617713E+01
 0.16090226844012E+01
 0.15999604766860E+01
 0.15907331062977E+01
 0.15813457625651E+01
 0.15718043768135E+01
 0.15621150613784E+01
 0.15522840707771E+01
 0.15423176824052E+01
 0.15322224194245E+01
 0.15220047955255E+01
 0.15116714833282E+01
 0.15012292336919E+01
 0.14906848515274E+01
 0.14800454094246E+01
 0.14693179673238E+01
 0.14585099224688E+01
 0.14476287067684E+01
 0.14366821168115E+01
 0.14256781241166E+01
 0.14146250208605E+01
 0.14035314003299E+01
 0.13924062846593E+01
 0.13812590845547E+01
 0.13700995116350E+01
 0.13589377233869E+01
 0.13477842653563E+01
 0.13366500204612E+01
 0.13255462158134E+01
 0.13144843255831E+01
 0.13034760226138E+01
 0.12925330691772E+01
 0.12816672352124E+01
 0.12708901711081E+01
 0.12602132574152E+01
 0.12496475413560E+01
 0.12392036645321E+01
 0.12288917672191E+01
 0.12187206842170E+01
 0.12086991131805E+01
 0.11988347080718E+01
 0.11891341653163E+01
 0.11796032656851E+01
 0.11702468269809E+01
 0.11610687502422E+01
 0.11520720393910E+01
 0.11432588407551E+01
 0.11346304851026E+01
 0.11261875648245E+01
 0.11179300269928E+01
 0.11098572228135E+01
 0.11019679808515E+01
 0.10942606738639E+01
 0.10867333267236E+01
 0.10793836187395E+01
 0.10722089440621E+01
 0.10652065538897E+01
 0.10583735418397E+01
 0.10517067900673E+01
 0.10452032272654E+01
 0.10388596285911E+01
 0.10326727650542E+01
 0.10266394130953E+01
 0.10207563594273E+01
 0.10150204079626E+01
 0.10094283624334E+01
 0.10039771306512E+01
 0.99866365241225E+00
 0.99348494990140E+00
 0.98843795357471E+00
 0.98351982129034E+00
 0.97872771912292E+00
 0.97405889152284E+00
 0.96951059413772E+00
 0.96508018641849E+00
 0.96076507907981E+00
 0.95656275880236E+00
 0.95247071976995E+00
 0.94848659281628E+00
 0.94460799748518E+00
 0.94083262731520E+00
 0.93715823998958E+00
 0.93358263604469E+00
 0.93010366912077E+00
 0.92671924733138E+00
 0.92342731644053E+00
 0.92022587490219E+00
 0.91711296419409E+00
 0.91408666469497E+00
 0.91114506730158E+00
 0.90828638856207E+00
 0.90550881887692E+00
 0.90281062000529E+00
 0.90019005761495E+00
 0.89764544144697E+00
 0.89517513358670E+00
 0.89277753005783E+00
 0.89045105589820E+00
 0.88819415057351E+00
 0.88600531142319E+00
 0.88388306524258E+00
 0.88182595348469E+00
 0.87983255765611E+00
 0.87790148556428E+00
 0.87603138652513E+00
 0.87422091030871E+00
 0.87246875860737E+00
 0.87077364995734E+00
 0.86913432928535E+00
 0.86754956836479E+00
 0.86601816266994E+00
 0.86453893432311E+00
 0.86311072475337E+00
 0.86173240050511E+00
 0.86040285452988E+00
 0.85912099966933E+00
 0.85788577922076E+00
 0.85669613984944E+00
 0.85555105885718E+00
 0.85444953767682E+00
 0.85339059500833E+00
 0.85237327296122E+00
 0.85139662426640E+00
 0.85045972581502E+00
 0.84956167758259E+00
 0.84870159170153E+00
 0.84787860025540E+00
 0.84709185309020E+00
 0.84634051652531E+00
 0.84562377734498E+00
 0.84494083306986E+00
 0.84429090204773E+00
 0.84367321491536E+00
 0.84308702334201E+00
 0.84253159003832E+00
 0.84200619347578E+00
 0.84151012710938E+00
 0.84104269947791E+00
 0.84060323379522E+00
 0.84019106475020E+00
 0.83980554980720E+00
 0.83944604087772E+00
 0.83911191827424E+00
 0.83880257124419E+00
 0.83851740305074E+00
 0.83825582637586E+00
 0.83801726453226E+00
 0.83780116052296E+00
