 0.10928994653294E+01
 0.10928994649487E+01
 0.10928994610162E+01
 0.10928994450568E+01
 0.10928994030772E+01
 0.10928993161439E+01
 0.10928991608747E+01
 0.10928989107793E+01
 0.10928985410553E+01
 0.10928980397564E+01
 0.10928974260057E+01
 0.10928967725156E+01
 0.10928962275860E+01
 0.10928960319091E+01
 0.10928965272309E+01
 0.10928981562081E+01
 0.10929014535557E+01
 0.10929070316877E+01
 0.10929155614287E+01
 0.10929277535223E+01
 0.10929443357998E+01
 0.10929660357100E+01
 0.10929935607440E+01
 0.10930275852818E+01
 0.10930687382567E+01
 0.10931175935697E+01
 0.10931746630868E+01
 0.10932403918292E+01
 0.10933151557515E+01
 0.10933992600943E+01
 0.10934929395113E+01
 0.10935963601398E+01
 0.10937096207006E+01
 0.10938327571829E+01
 0.10939657445014E+01
 0.10941085021382E+01
 0.10942608970484E+01
 0.10944227489732E+01
 0.10945938346139E+01
 0.10947738915790E+01
 0.10949626256944E+01
 0.10951597120055E+01
 0.10953648008941E+01
 0.10955775216160E+01
 0.10957974864576E+01
 0.10960242944506E+01
 0.10962575348407E+01
 0.10964967903037E+01
 0.10967416399441E+01
 0.10969916619371E+01
 0.10972464362511E+01
 0.10975055465015E+01
 0.10977685822150E+01
 0.10980351404391E+01
 0.10983048273437E+01
 0.10985772595624E+01
 0.10988520653429E+01
 0.10991288855307E+01
 0.10994073743460E+01
 0.10996872001028E+01
 0.10999680456960E+01
 0.11002496090179E+01
 0.11005316032552E+01
 0.11008137570808E+01
 0.11010958147617E+01
 0.11013775361878E+01
 0.11016586969250E+01
 0.11019390879503E+01
 0.11022185154546E+01
 0.11024968008754E+01
 0.11027737805529E+01
 0.11030493054071E+01
 0.11033232408876E+01
 0.11035954662915E+01
 0.11038658747295E+01
 0.11041343711738E+01
 0.11044008768869E+01
 0.11046653239715E+01
 0.11049276569226E+01
 0.11051878318301E+01
 0.11054458174744E+01
 0.11057015933756E+01
 0.11059551499974E+01
 0.11062064884731E+01
 0.11064556417228E+01
 0.11067025926503E+01
 0.11069473906659E+01
 0.11071900777605E+01
 0.11074307029096E+01
 0.11076693259446E+01
 0.11079060153494E+01
 0.11081408470962E+01
 0.11083739056755E+01
 0.11086052821286E+01
 0.11088350812563E+01
 0.11090634114279E+01
 0.11092903883452E+01
 0.11095161367985E+01
 0.11097407899679E+01
 0.11099644793548E+01
 0.11101873592219E+01
 0.11104095801960E+01
 0.11106313007590E+01
 0.11108526850561E+01
 0.11110739101268E+01
 0.11112951552642E+01
 0.11115166061797E+01
 0.11117384563219E+01
 0.11119609039942E+01
 0.11121841540218E+01
 0.11124084177586E+01
 0.11126339114950E+01
 0.11128608555785E+01
 0.11130894780717E+01
 0.11133200100781E+01
 0.11135526894892E+01
 0.11137877529968E+01
 0.11140254451028E+01
 0.11142660100427E+01
 0.11145097007318E+01
 0.11147567639021E+01
 0.11150074815362E+01
 0.11152620413676E+01
 0.11155207212710E+01
 0.11157837696711E+01
 0.11160514184795E+01
 0.11163239074085E+01
 0.11166014637575E+01
 0.11168843055921E+01
 0.11171726389705E+01
 0.11174666571763E+01
 0.11177665377124E+01
 0.11180724391657E+01
 0.11183845003824E+01
 0.11187028356640E+01
 0.11190275346797E+01
 0.11193586584253E+01
 0.11196962343360E+01
 0.11200402509294E+01
 0.11203906705331E+01
 0.11207474110083E+01
 0.11211103467091E+01
 0.11214793032268E+01
 0.11218540651881E+01
 0.11222343700447E+01
 0.11226198909706E+01
 0.11230102626905E+01
 0.11234050594904E+01
 0.11238038028289E+01
 0.11242059572444E+01
 0.11246109344763E+01
 0.11250180842184E+01
 0.11254267007576E+01
 0.11258360210588E+01
 0.11262452550977E+01
 0.11266534668148E+01
 0.11270597515228E+01
 0.11274631084291E+01
 0.11278625001844E+01
 0.11282568078629E+01
 0.11286448763049E+01
 0.11290254723773E+01
 0.11293973324497E+01
 0.11297591044617E+01
 0.11301093896831E+01
 0.11304467565238E+01
 0.11307696806753E+01
 0.11310766082061E+01
 0.11313659103894E+01
 0.11316359310110E+01
 0.11318849500597E+01
 0.11321112199975E+01
 0.11323129554395E+01
 0.11324883416118E+01
 0.11326355528870E+01
 0.11327527458234E+01
 0.11328381067342E+01
 0.11328898487404E+01
 0.11329062380405E+01
 0.11328856108224E+01
 0.11328263969549E+01
 0.11327271586596E+01
 0.11325866050836E+01
 0.11324036260872E+01
 0.11321773158221E+01
 0.11319070050264E+01
 0.11315922774340E+01
 0.11312329912022E+01
 0.11308292877324E+01
 0.11303816086670E+01
 0.11298906823773E+01
 0.11293575476825E+01
 0.11287835158433E+01
 0.11281701539335E+01
 0.11275192775275E+01
 0.11268329171259E+01
 0.11261132710865E+01
 0.11253626835360E+01
 0.11245836069274E+01
 0.11237785666722E+01
 0.11229501233783E+01
 0.11221008401944E+01
 0.11212332547942E+01
 0.11203498528335E+01
 0.11194530458258E+01
 0.11185451462950E+01
 0.11176283616859E+01
 0.11167047882788E+01
 0.11157763763414E+01
 0.11148449460239E+01
 0.11139121927312E+01
 0.11129796651524E+01
 0.11120487859189E+01
 0.11111208479879E+01
 0.11101970183518E+01
 0.11092783449001E+01
 0.11083657623257E+01
 0.11074601001929E+01
 0.11065620898798E+01
 0.11056723700395E+01
 0.11047915044171E+01
 0.11039199547858E+01
 0.11030581317712E+01
 0.11022063758095E+01
 0.11013649689640E+01
 0.11005341387849E+01
 0.10997140633349E+01
 0.10989048780437E+01
 0.10981066787241E+01
 0.10973195278261E+01
 0.10965434545042E+01
 0.10957784624444E+01
 0.10950245282684E+01
 0.10942816083906E+01
 0.10935496417808E+01
 0.10928285489667E+01
 0.10921182363084E+01
 0.10914185959408E+01
 0.10907295111281E+01
 0.10900508574790E+01
 0.10893825006172E+01
 0.10887243001771E+01
 0.10880761099121E+01
 0.10874377812561E+01
 0.10868091565743E+01
 0.10861900826359E+01
 0.10855803993332E+01
 0.10849799479135E+01
 0.10843885655756E+01
 0.10838060955669E+01
 0.10832323719503E+01
 0.10826672378601E+01
 0.10821105325740E+01
 0.10815620991403E+01
 0.10810217804101E+01
 0.10804894213995E+01
 0.10799648672418E+01
 0.10794479661453E+01
 0.10789385700583E+01
 0.10784365317187E+01
 0.10779417060860E+01
 0.10774539506465E+01
 0.10769731256570E+01
 0.10764990929386E+01
 0.10760317172532E+01
 0.10755708652455E+01
 0.10751164082808E+01
 0.10746682187029E+01
 0.10742261715399E+01
 0.10737901443128E+01
 0.10733600164748E+01
 0.10729356712762E+01
 0.10725169938479E+01
 0.10721038716194E+01
 0.10716961949997E+01
 0.10712938562297E+01
 0.10708967498406E+01
 0.10705047733240E+01
 0.10701178259007E+01
 0.10697358093838E+01
 0.10693586275608E+01
 0.10689861862080E+01
 0.10686183938868E+01
 0.10682551603996E+01
 0.10678963983454E+01
 0.10675420219516E+01
 0.10671919474531E+01
 0.10668460930125E+01
 0.10665043786593E+01
 0.10661667261766E+01
 0.10658330590709E+01
 0.10655033029551E+01
 0.10651773829800E+01
 0.10648552313333E+01
 0.10645367770681E+01
 0.10642219515638E+01
 0.10639106884425E+01
 0.10636029236460E+01
 0.10632985929398E+01
 0.10629976339208E+01
