 0.22152489232229E+00
 0.22152489232247E+00
 0.22152489232673E+00
 0.22152489235512E+00
 0.22152489246382E+00
 0.22152489271671E+00
 0.22152489318627E+00
 0.22152489398168E+00
 0.22152489504218E+00
 0.22152489594202E+00
 0.22152489542167E+00
 0.22152489078281E+00
 0.22152487732882E+00
 0.22152484768504E+00
 0.22152479148961E+00
 0.22152469520387E+00
 0.22152454210345E+00
 0.22152431253324E+00
 0.22152398422065E+00
 0.22152353260371E+00
 0.22152293146424E+00
 0.22152215362855E+00
 0.22152117135034E+00
 0.22151995639492E+00
 0.22151848177267E+00
 0.22151672225743E+00
 0.22151465407334E+00
 0.22151225627525E+00
 0.22150951138568E+00
 0.22150640618532E+00
 0.22150293267363E+00
 0.22149908869074E+00
 0.22149487868274E+00
 0.22149031469331E+00
 0.22148541707090E+00
 0.22148021542076E+00
 0.22147474884635E+00
 0.22146906735359E+00
 0.22146323200099E+00
 0.22145731618256E+00
 0.22145140577555E+00
 0.22144559990041E+00
 0.22144001143774E+00
 0.22143476755067E+00
 0.22143001016080E+00
 0.22142589648286E+00
 0.22142259920351E+00
 0.22142030709819E+00
 0.22141922523887E+00
 0.22141957530196E+00
 0.22142159582256E+00
 0.22142554244441E+00
 0.22143168823363E+00
 0.22144032374242E+00
 0.22145175729132E+00
 0.22146631466615E+00
 0.22148434054072E+00
 0.22150619725243E+00
 0.22153226543987E+00
 0.22156299316721E+00
 0.22159871125805E+00
 0.22163989640557E+00
 0.22168700446338E+00
 0.22174051059857E+00
 0.22180090938257E+00
 0.22186871462149E+00
 0.22194446066320E+00
 0.22202870250274E+00
 0.22212201497281E+00
 0.22222499514450E+00
 0.22233826162460E+00
 0.22246245489772E+00
 0.22259824010674E+00
 0.22274630631749E+00
 0.22290736719865E+00
 0.22308216201681E+00
 0.22327145861729E+00
 0.22347605297818E+00
 0.22369677282088E+00
 0.22393447601855E+00
 0.22419005504472E+00
 0.22446443876176E+00
 0.22475859330429E+00
 0.22507352465386E+00
 0.22541028291053E+00
 0.22576996462169E+00
 0.22615371192645E+00
 0.22656282287056E+00
 0.22699837576744E+00
 0.22746176434257E+00
 0.22795436386546E+00
 0.22847762407469E+00
 0.22903306648310E+00
 0.22962229039541E+00
 0.23024697802971E+00
 0.23090891135541E+00
 0.23160995945719E+00
 0.23235210139320E+00
 0.23313742780547E+00
 0.23396814296977E+00
 0.23484659174340E+00
 0.23577524230081E+00
 0.23675671908380E+00
 0.23779379946530E+00
 0.23888943246512E+00
 0.24004675097908E+00
 0.24126916477950E+00
 0.24255998767978E+00
 0.24392305396387E+00
 0.24536232633164E+00
 0.24688200762626E+00
 0.24848655563420E+00
 0.25018071018834E+00
 0.25196949225287E+00
 0.25385818733485E+00
 0.25585243341717E+00
 0.25795816094983E+00
 0.26018164198316E+00
 0.26252945920954E+00
 0.26500852614185E+00
 0.26762610212413E+00
 0.27038970396857E+00
 0.27330714088694E+00
 0.27638643245170E+00
 0.27963602642471E+00
 0.28306377371469E+00
 0.28667792222344E+00
 0.29048658409822E+00
 0.29449727857507E+00
 0.29871691496289E+00
 0.30315164410945E+00
 0.30780611261832E+00
 0.31268359036190E+00
 0.31778539294821E+00
 0.32311068835691E+00
 0.32865616665095E+00
 0.33441598613581E+00
 0.34038121013003E+00
 0.34654074278036E+00
 0.35288072515295E+00
 0.35938578931573E+00
 0.36603811304525E+00
 0.37281812438858E+00
 0.37970585944309E+00
 0.38668082443253E+00
 0.39372278120962E+00
 0.40081189244282E+00
 0.40792930588277E+00
 0.41505724180690E+00
 0.42217941173566E+00
 0.42928079681201E+00
 0.43634808895415E+00
 0.44336914835985E+00
 0.45033323745895E+00
 0.45723100593275E+00
 0.46405389582764E+00
 0.47079515491887E+00
 0.47744773837807E+00
 0.48400530545747E+00
 0.49046259139847E+00
 0.49681442503682E+00
 0.50305635356992E+00
 0.50918388871904E+00
 0.51519276709443E+00
 0.52107893865476E+00
 0.52683854717526E+00
 0.53246780372688E+00
 0.53796292505650E+00
 0.54332027762687E+00
 0.54853642524475E+00
 0.55360770001558E+00
 0.55853092135127E+00
 0.56330273569417E+00
 0.56792022584453E+00
 0.57238028829294E+00
 0.57668028059122E+00
 0.58081766557591E+00
 0.58479033937108E+00
 0.58859597167996E+00
 0.59223296172502E+00
 0.59569985406051E+00
 0.59899537127449E+00
 0.60211865940467E+00
 0.60506938529583E+00
 0.60784698789071E+00
 0.61045190549257E+00
 0.61288436182417E+00
 0.61514532917334E+00
 0.61723589440685E+00
 0.61915746979981E+00
 0.62091186868184E+00
 0.62250116638791E+00
 0.62392774729273E+00
 0.62519427670646E+00
 0.62630365401789E+00
 0.62725906258695E+00
 0.62806389962754E+00
 0.62872180051704E+00
 0.62923650149411E+00
 0.62961186418141E+00
 0.62985228853757E+00
 0.62996184905332E+00
 0.62994492289792E+00
 0.62980590887266E+00
 0.62954932577105E+00
 0.62917971441689E+00
 0.62870164930239E+00
 0.62811972457779E+00
 0.62743853383159E+00
 0.62666261907358E+00
 0.62579654802175E+00
 0.62484480051321E+00
 0.62381179465656E+00
 0.62270189741193E+00
 0.62151940630026E+00
 0.62026849889981E+00
 0.61895328061231E+00
 0.61757776082698E+00
 0.61614580877288E+00
 0.61466121342766E+00
 0.61312766665097E+00
 0.61154866484435E+00
 0.60992767696616E+00
 0.60826799889185E+00
 0.60657281036236E+00
 0.60484515871051E+00
 0.60308798536498E+00
 0.60130410337559E+00
 0.59949620728591E+00
 0.59766685506578E+00
 0.59581851115394E+00
 0.59395350860993E+00
 0.59207403926462E+00
 0.59018224791244E+00
 0.58828018798973E+00
 0.58636972583774E+00
 0.58445262913210E+00
 0.58253062934002E+00
 0.58060534229172E+00
 0.57867831704623E+00
 0.57675088002456E+00
 0.57482449588286E+00
 0.57290031892798E+00
 0.57097963657912E+00
 0.56906346240239E+00
 0.56715288472708E+00
 0.56524886438181E+00
 0.56335231622445E+00
 0.56146407678888E+00
 0.55958491958009E+00
 0.55771559025925E+00
 0.55585674143213E+00
 0.55400902138029E+00
 0.55217297037876E+00
 0.55034910992945E+00
 0.54853795840041E+00
 0.54673994795519E+00
 0.54495546346113E+00
 0.54318485238060E+00
 0.54142846937815E+00
 0.53968662851017E+00
 0.53795957422679E+00
 0.53624755122827E+00
 0.53455075101523E+00
 0.53286933967507E+00
 0.53120350784758E+00
 0.52955340096774E+00
 0.52791910193631E+00
 0.52630071279194E+00
 0.52469830707183E+00
 0.52311193250869E+00
 0.52154166592007E+00
 0.51998747881725E+00
 0.51844939923522E+00
 0.51692739838805E+00
 0.51542150316716E+00
 0.51393166888318E+00
 0.51245786212858E+00
 0.51100000782194E+00
 0.50955804789957E+00
 0.50813192768872E+00
 0.50672158189582E+00
 0.50532691265322E+00
 0.50394781158962E+00
 0.50258420260689E+00
 0.50123598123144E+00
 0.49990303728484E+00
 0.49858525642836E+00
 0.49728252023840E+00
 0.49599470090070E+00
 0.49472167783275E+00
 0.49346330110457E+00
 0.49221947436983E+00
 0.49099004983666E+00
 0.48977488806699E+00
 0.48857385086267E+00
 0.48738679826180E+00
 0.48621358774822E+00
 0.48505407347870E+00
 0.48390811268005E+00
