 0.00000000000000E+00
-0.27775805928155E-05
-0.30275940199129E-04
-0.12160332004455E-03
-0.15281425584463E-02
-0.16463301044381E-02
-0.11132152635359E-02
-0.15130479751448E-02
-0.20192685631714E-02
-0.25279690057875E-02
-0.29639640331211E-02
-0.31843444763588E-02
-0.33093128223328E-02
-0.31387790839514E-02
-0.26062608431490E-02
-0.16781382260628E-02
-0.28117500709783E-03
 0.15855466590016E-02
 0.39299574334824E-02
 0.67520238641381E-02
 0.10043460785450E-01
 0.13762593490200E-01
 0.17878988745460E-01
 0.22349923636694E-01
 0.27129770614754E-01
 0.32164164387004E-01
 0.37403055427004E-01
 0.42793305372831E-01
 0.48288689190734E-01
 0.53844415461805E-01
 0.59410097961271E-01
 0.64945162799209E-01
 0.70410012677648E-01
 0.75771724362091E-01
 0.81001599403118E-01
 0.86076438620236E-01
 0.90977127619704E-01
 0.95688766549531E-01
 0.10019988465245E+00
 0.10450544140181E+00
 0.10860399646118E+00
 0.11249739517899E+00
 0.11619085838909E+00
 0.11969216916218E+00
 0.12301196765416E+00
 0.12616270979544E+00
 0.12915869701854E+00
 0.13201533714582E+00
 0.13474938914546E+00
 0.13737808158672E+00
 0.13991859501034E+00
 0.14239019064669E+00
 0.14481030514266E+00
 0.14719615437775E+00
 0.14956537144335E+00
 0.15193511729297E+00
 0.15432245236753E+00
 0.15674309948417E+00
 0.15921285933939E+00
 0.16174560235538E+00
 0.16435421488918E+00
 0.16705250433008E+00
 0.16985169964480E+00
 0.17276336601910E+00
 0.17579821752345E+00
 0.17896637789059E+00
 0.18227702035497E+00
 0.18573823442612E+00
 0.18935803341417E+00
 0.19314341570000E+00
 0.19710098075261E+00
 0.20123674094125E+00
 0.20555616268146E+00
 0.21006435977676E+00
 0.21476546441287E+00
 0.21966427262907E+00
 0.22476451094920E+00
 0.23006937207620E+00
 0.23558210836707E+00
 0.24130558253719E+00
 0.24724238680881E+00
 0.25339532328673E+00
 0.25976664800742E+00
 0.26635884529190E+00
 0.27317373518448E+00
 0.28021329618066E+00
 0.28747935810839E+00
 0.29497411734448E+00
 0.30269860556600E+00
 0.31065490596400E+00
 0.31884479328299E+00
 0.32726962232622E+00
 0.33593148551445E+00
 0.34483233733572E+00
 0.35397367164878E+00
 0.36335740819967E+00
 0.37298514622102E+00
 0.38285847009713E+00
 0.39297921518591E+00
 0.40334913439151E+00
 0.41396979848045E+00
 0.42484285479923E+00
 0.43596989229166E+00
 0.44735237392520E+00
 0.45899131435375E+00
 0.47088775902022E+00
 0.48304290736207E+00
 0.49545657916476E+00
 0.50812918702158E+00
 0.52106049722032E+00
 0.53424982362646E+00
 0.54769596292503E+00
 0.56139721674317E+00
 0.57535150161143E+00
 0.58955521972053E+00
 0.60400465228702E+00
 0.61869490430119E+00
 0.63362043209147E+00
 0.64877422030876E+00
 0.66414866026017E+00
 0.67973446409584E+00
 0.69552061646813E+00
 0.71149451971658E+00
 0.72764188976476E+00
 0.74394645553153E+00
 0.76038979064635E+00
 0.77695170998962E+00
 0.79360993578797E+00
 0.81034025882511E+00
 0.82711599740160E+00
 0.84390793398753E+00
 0.86068415551836E+00
 0.87741042600048E+00
 0.89404992042584E+00
 0.91056431748015E+00
 0.92691431415368E+00
 0.94306082721143E+00
 0.95896627044112E+00
 0.97459532854075E+00
 0.98991668488552E+00
 0.10049034819936E+01
 0.10195345486538E+01
 0.10337946017125E+01
 0.10476744417948E+01
 0.10611712394094E+01
 0.10742878130037E+01
 0.10870323920730E+01
 0.10994177235769E+01
 0.11114605068571E+01
 0.11231801909230E+01
 0.11345985057280E+01
 0.11457385500139E+01
 0.11566241863285E+01
 0.11672794351100E+01
 0.11777279778679E+01
 0.11879928436679E+01
 0.11980960518955E+01
 0.12080584456644E+01
 0.12178995620907E+01
 0.12276375201248E+01
 0.12372889597760E+01
 0.12468691352912E+01
 0.12563918234150E+01
 0.12658694331612E+01
 0.12753131218440E+01
 0.12847327689825E+01
 0.12941371524594E+01
 0.13035339788100E+01
 0.13129299650749E+01
 0.13223309385870E+01
 0.13317419345349E+01
 0.13411672418440E+01
 0.13506104937341E+01
 0.13600747233298E+01
 0.13695624276445E+01
 0.13790756147671E+01
 0.13886158727519E+01
 0.13981844094354E+01
 0.14077820845018E+01
 0.14174094574590E+01
 0.14270668253578E+01
 0.14367542359667E+01
 0.14464715264159E+01
 0.14562183692498E+01
 0.14659942530427E+01
 0.14757985394031E+01
 0.14856304538085E+01
 0.14954891136637E+01
 0.15053735470737E+01
 0.15152827021671E+01
 0.15252154613937E+01
 0.15351706365297E+01
 0.15451469876543E+01
 0.15551432569081E+01
 0.15651581345251E+01
 0.15751902858819E+01
 0.15852383546009E+01
 0.15953009723199E+01
 0.16053767555773E+01
 0.16154643021221E+01
 0.16255622616739E+01
 0.16356692169457E+01
 0.16457837856410E+01
 0.16559045962447E+01
 0.16660302763900E+01
 0.16761594699907E+01
 0.16862908290740E+01
 0.16964230238097E+01
 0.17065547479980E+01
 0.17166847011698E+01
 0.17268116054254E+01
 0.17369341991510E+01
 0.17470512652221E+01
 0.17571615715822E+01
 0.17672639395546E+01
 0.17773571885895E+01
 0.17874401734785E+01
 0.17975117729781E+01
 0.18075708996260E+01
 0.18176164614117E+01
 0.18276474234599E+01
 0.18376627597151E+01
 0.18476614597172E+01
 0.18576425461501E+01
 0.18676050749326E+01
 0.18775481142148E+01
 0.18874707529946E+01
 0.18973721208352E+01
 0.19072513542383E+01
 0.19171076284886E+01
 0.19269401298670E+01
 0.19367480737025E+01
 0.19465306982563E+01
 0.19562872647636E+01
 0.19660170621206E+01
 0.19757193838257E+01
 0.19853935674445E+01
 0.19950389602310E+01
 0.20046549439417E+01
 0.20142408873787E+01
 0.20237962265869E+01
 0.20333203873548E+01
 0.20428128289220E+01
 0.20522729867012E+01
 0.20617004249978E+01
 0.20710945993375E+01
 0.20804550556098E+01
 0.20897813411643E+01
 0.20990730193647E+01
 0.21083296813332E+01
 0.21175509221306E+01
 0.21267363629071E+01
 0.21358856340780E+01
 0.21449983888106E+01
 0.21540743112252E+01
 0.21631130607379E+01
 0.21721143530415E+01
 0.21810778809114E+01
 0.21900033817634E+01
 0.21988905996755E+01
 0.22077392983511E+01
 0.22165492209806E+01
 0.22253201776086E+01
 0.22340519489923E+01
 0.22427443460333E+01
 0.22513971963902E+01
 0.22600103133361E+01
 0.22685835567376E+01
 0.22771167734843E+01
 0.22856098374507E+01
 0.22940626338826E+01
 0.23024750272634E+01
 0.23108469398253E+01
 0.23191782671849E+01
 0.23274689467912E+01
 0.23357188773617E+01
 0.23439280153143E+01
 0.23520962984108E+01
 0.23602236772369E+01
 0.23683101343029E+01
 0.23763556301220E+01
 0.23843601419213E+01
 0.23923236515893E+01
 0.24002461863485E+01
 0.24081277236513E+01
 0.24159682716353E+01
 0.24237678527624E+01
 0.24315264841262E+01
 0.24392442046597E+01
 0.24469210492052E+01
 0.24545570668811E+01
 0.24621523131574E+01
 0.24697068174049E+01
 0.24772206533121E+01
 0.24846938829441E+01
 0.24921265727570E+01
 0.24995188085032E+01
 0.25068706693436E+01
 0.25141822397720E+01
 0.25214536103476E+01
