 0.00000000000000E+00
-0.54312754405595E-23
-0.63200296035601E-21
 0.10428048845874E-20
-0.51255945687241E-19
-0.77900216743141E-20
-0.52464426365538E-10
 0.59735001294552E-10
 0.59446676497285E-10
 0.61802034903791E-11
 0.42851475493278E-11
 0.10463485058834E-10
-0.29286663165188E-10
-0.40268985412239E-07
-0.11514846955736E-05
 0.21300932825462E-05
-0.18229774890137E-05
 0.11105165525599E-05
-0.13741306615890E-05
-0.12203140989082E-05
 0.20595387786801E-06
-0.13080714193568E-05
 0.14946657002082E-05
 0.35092581051553E-05
 0.60710329626973E-05
 0.10578035568802E-04
 0.17752331386841E-04
 0.26496281713716E-04
 0.41761342673472E-04
 0.63544029694760E-04
 0.95040890032372E-04
 0.13535714779913E-03
 0.19035714559215E-03
 0.26197018164483E-03
 0.35319676014761E-03
 0.46826534023342E-03
 0.61101320338292E-03
 0.78614684320049E-03
 0.99708999877362E-03
 0.12490966111887E-02
 0.15466142589790E-02
 0.18943656621972E-02
 0.22974552769069E-02
 0.27601058728940E-02
 0.32887455050719E-02
 0.38866260710395E-02
 0.45588311746934E-02
 0.53107099233674E-02
 0.61460876075900E-02
 0.70698688010223E-02
 0.80839204583795E-02
 0.91985021640051E-02
 0.10412715487943E-01
 0.11729095904866E-01
 0.13151819946460E-01
 0.14688137128496E-01
 0.16342307117109E-01
 0.18114385921105E-01
 0.20009888469064E-01
 0.22026625776211E-01
 0.24168308922329E-01
 0.26436532798469E-01
 0.28836231866964E-01
 0.31371485123991E-01
 0.34045127813447E-01
 0.36857457898801E-01
 0.39808054540857E-01
 0.42901464505676E-01
 0.46138970877815E-01
 0.49522352203309E-01
 0.53052861731050E-01
 0.56732752989481E-01
 0.60563091248497E-01
 0.64545817204413E-01
 0.68680275325545E-01
 0.72972617272495E-01
 0.77422028163560E-01
 0.82028467729992E-01
 0.86792985707136E-01
 0.91718419152201E-01
 0.96805711961078E-01
 0.10205871690747E+00
 0.10747755999950E+00
 0.11306683618064E+00
 0.11882373348025E+00
 0.12475047718098E+00
 0.13084892560690E+00
 0.13712021046743E+00
 0.14356640986437E+00
 0.15018929268318E+00
 0.15699039013826E+00
 0.16397273015285E+00
 0.17114007744781E+00
 0.17849374540607E+00
 0.18603354839954E+00
 0.19376039622092E+00
 0.20167547277121E+00
 0.20978281004237E+00
 0.21808182648006E+00
 0.22657573422551E+00
 0.23526489430862E+00
 0.24415094810523E+00
 0.25323490836991E+00
 0.26251721619412E+00
 0.27199450909423E+00
 0.28166666782280E+00
 0.29153441676431E+00
 0.30159357071593E+00
 0.31184215281665E+00
 0.32227577518046E+00
 0.33289010747367E+00
 0.34368032044893E+00
 0.35463936420746E+00
 0.36576320164212E+00
 0.37703480322337E+00
 0.38844664275834E+00
 0.39998339981324E+00
 0.41163259047863E+00
 0.42337424577428E+00
 0.43519413721468E+00
 0.44706367619028E+00
 0.45895270132321E+00
 0.47082639079686E+00
 0.48264672735821E+00
 0.49436689761314E+00
 0.50593614203657E+00
 0.51730040581712E+00
 0.52840073014486E+00
 0.53916698742434E+00
 0.54952293284214E+00
 0.55938076646117E+00
 0.56864568940780E+00
 0.57721173416889E+00
 0.58497722720598E+00
 0.59184290985666E+00
 0.59772247640869E+00
 0.60254673756939E+00
 0.60627176857024E+00
 0.60887960675774E+00
 0.61038430279649E+00
 0.61082447333592E+00
 0.61026659311418E+00
 0.60879661074201E+00
 0.60651639414463E+00
 0.60353772128489E+00
 0.59997500481507E+00
 0.59594039593615E+00
 0.59153986923412E+00
 0.58686976376594E+00
 0.58201596430780E+00
 0.57705260585816E+00
 0.57204175468438E+00
 0.56703412135335E+00
 0.56207055816880E+00
 0.55718134417257E+00
 0.55238993672638E+00
 0.54771279438605E+00
 0.54316030419503E+00
 0.53873892989795E+00
 0.53445080313489E+00
 0.53029526455784E+00
 0.52626992460998E+00
 0.52237062097099E+00
 0.51859219707701E+00
 0.51492860440983E+00
 0.51137388679172E+00
 0.50792151344711E+00
 0.50456470895210E+00
 0.50129739210012E+00
 0.49811368944953E+00
 0.49500788162081E+00
 0.49197473810889E+00
 0.48900962523434E+00
 0.48610806619109E+00
 0.48326594218760E+00
 0.48047952020406E+00
 0.47774548697821E+00
 0.47506048030064E+00
 0.47242215846804E+00
 0.46982774360640E+00
 0.46727500512696E+00
 0.46476194143113E+00
 0.46228683651730E+00
 0.45984767478804E+00
 0.45744314094187E+00
 0.45507197528494E+00
 0.45273285360554E+00
 0.45042448627333E+00
 0.44814598204410E+00
 0.44589639220302E+00
 0.44367488626829E+00
 0.44148062920022E+00
 0.43931290300003E+00
 0.43717110239389E+00
 0.43505446455938E+00
 0.43296258560807E+00
 0.43089487075933E+00
 0.42885072788164E+00
 0.42682970858623E+00
 0.42483136575877E+00
 0.42285536365267E+00
 0.42090123222915E+00
 0.41896855643447E+00
 0.41705708833806E+00
 0.41516636913523E+00
 0.41329613516914E+00
 0.41144597703323E+00
 0.40961562688365E+00
 0.40780486365110E+00
 0.40601327469741E+00
 0.40424063112158E+00
 0.40248657419693E+00
 0.40075092226977E+00
 0.39903340905617E+00
 0.39733375029473E+00
 0.39565161657693E+00
 0.39398691369455E+00
 0.39233915898673E+00
 0.39070829992393E+00
 0.38909404290197E+00
 0.38749610803024E+00
 0.38591434896888E+00
 0.38434844715334E+00
 0.38279828038041E+00
 0.38126353400262E+00
 0.37974404200435E+00
 0.37823958905573E+00
 0.37674985127633E+00
 0.37527470941250E+00
 0.37381374694571E+00
 0.37236703707952E+00
 0.37093421840604E+00
 0.36951516713772E+00
 0.36810968252108E+00
 0.36671755171896E+00
 0.36533844464682E+00
 0.36397239116810E+00
 0.36261910164078E+00
 0.36127865202333E+00
 0.35995042014948E+00
 0.35863441919658E+00
 0.35733043186680E+00
 0.35603847149971E+00
 0.35475801299092E+00
 0.35348890681976E+00
 0.35223124074979E+00
 0.35098487554613E+00
 0.34974942795785E+00
 0.34852463766654E+00
 0.34731064078354E+00
 0.34610724495128E+00
 0.34491413893418E+00
 0.34373106845973E+00
 0.34255820774376E+00
 0.34139518208413E+00
 0.34024209068971E+00
 0.33909845836518E+00
 0.33796415523279E+00
 0.33683913420631E+00
 0.33572340672541E+00
 0.33461668893672E+00
 0.33351897833545E+00
 0.33243012418190E+00
 0.33134972415668E+00
 0.33027795352944E+00
 0.32921433164164E+00
 0.32815908311935E+00
 0.32711202853063E+00
 0.32607291781963E+00
 0.32504186165748E+00
 0.32401855455961E+00
 0.32300307415873E+00
 0.32199496948476E+00
 0.32099453808779E+00
 0.32000117061891E+00
 0.31901528630575E+00
 0.31803637611681E+00
 0.31706453714878E+00
 0.31609992914609E+00
 0.31514188981677E+00
 0.31419056692790E+00
 0.31324588834781E+00
 0.31230792828458E+00
 0.31137644544472E+00
 0.31045129448993E+00
 0.30953242740726E+00
 0.30861979782577E+00
 0.30771318761447E+00
 0.30681272633592E+00
 0.30591823574368E+00
 0.30502976039835E+00
 0.30414702665984E+00
 0.30327001765230E+00
 0.30239861910849E+00
 0.30153270618733E+00
 0.30067242110285E+00
 0.29981753809579E+00
 0.29896805989496E+00
 0.29812390766176E+00
 0.29728496271407E+00
