 0.00000000000000E+00
-0.30394352896069E-22
-0.84385330940634E-21
-0.61896374138446E-20
-0.99405470423740E-19
-0.16955124097616E-18
 0.56467053028897E-11
 0.23606677232212E-10
 0.10445463340839E-10
-0.57508757543047E-11
-0.10123709209999E-10
-0.15920425801561E-10
-0.18053604871244E-10
-0.18410515609257E-06
 0.14123118632295E-05
 0.35841140501596E-05
 0.64508614828704E-05
-0.32160864981330E-05
 0.11831276049802E-05
 0.28684913239979E-05
-0.17727168207334E-05
 0.44604105261093E-06
 0.13149787787377E-05
 0.63377847879948E-05
 0.84422297834577E-05
 0.10458042195235E-04
 0.15815304562431E-04
 0.27941618857959E-04
 0.43159326039188E-04
 0.64048434420829E-04
 0.95648320845393E-04
 0.13613300485071E-03
 0.19122440228129E-03
 0.26053285924911E-03
 0.35244622566617E-03
 0.46847857969399E-03
 0.61065483164719E-03
 0.78580024787735E-03
 0.99688787911616E-03
 0.12488512058001E-02
 0.15460517060994E-02
 0.18944441917350E-02
 0.22973844049022E-02
 0.27603903516277E-02
 0.32888715444011E-02
 0.38874563125964E-02
 0.45601923295427E-02
 0.53136562766259E-02
 0.61495049290065E-02
 0.70700008486922E-02
 0.80995412646211E-02
 0.92096809441895E-02
 0.10416105818382E-01
 0.11732138359251E-01
 0.13166343333878E-01
 0.14722057517231E-01
 0.16392411365443E-01
 0.18174383209889E-01
 0.20072031963408E-01
 0.22089821677470E-01
 0.24241629354554E-01
 0.26524132317043E-01
 0.28951688529123E-01
 0.31523422110299E-01
 0.34236562127274E-01
 0.37086788631884E-01
 0.40078355404067E-01
 0.43227462414714E-01
 0.46524779963042E-01
 0.49978461505145E-01
 0.53589705073848E-01
 0.57361058570694E-01
 0.61295379329754E-01
 0.65390551959490E-01
 0.69673777304175E-01
 0.74114873410336E-01
 0.78720469742330E-01
 0.83506986999440E-01
 0.88474292688542E-01
 0.93631919385240E-01
 0.98989006307657E-01
 0.10453394165202E+00
 0.11027194584152E+00
 0.11620817461402E+00
 0.12233767706947E+00
 0.12866942360759E+00
 0.13520969872530E+00
 0.14195346131259E+00
 0.14892271073375E+00
 0.15611649676270E+00
 0.16353809862708E+00
 0.17120824236822E+00
 0.17911498128783E+00
 0.18724368658612E+00
 0.19561627150168E+00
 0.20422716685145E+00
 0.21309018188779E+00
 0.22222504131915E+00
 0.23162302273753E+00
 0.24128605891775E+00
 0.25122321442228E+00
 0.26143502537467E+00
 0.27191848992203E+00
 0.28266248063707E+00
 0.29369044332501E+00
 0.30499797095491E+00
 0.31656113038928E+00
 0.32840239842950E+00
 0.34051453936947E+00
 0.35289611270206E+00
 0.36554633498978E+00
 0.37846225493917E+00
 0.39162703615367E+00
 0.40499351944486E+00
 0.41858816253881E+00
 0.43237478440131E+00
 0.44633261961686E+00
 0.46039290537936E+00
 0.47451088157199E+00
 0.48857723308196E+00
 0.50249029621281E+00
 0.51616836435675E+00
 0.52952340335851E+00
 0.54243769510744E+00
 0.55483021179330E+00
 0.56661142071162E+00
 0.57759467482391E+00
 0.58754789501696E+00
 0.59612849133988E+00
 0.60293606106065E+00
 0.60753287427186E+00
 0.60948557443081E+00
 0.60843298983252E+00
 0.60412382248582E+00
 0.59646471056033E+00
 0.58554389751093E+00
 0.57161599709570E+00
 0.55508086242007E+00
 0.53647856736005E+00
 0.51640782912140E+00
 0.49550772469374E+00
 0.47438486733966E+00
 0.45359382050099E+00
 0.43361640636262E+00
 0.41479657605359E+00
 0.39739490413862E+00
 0.38155500958257E+00
 0.36732809386652E+00
 0.35467639366642E+00
 0.34353487239552E+00
 0.33379361305478E+00
 0.32531293383418E+00
 0.31795562966354E+00
 0.31157394075888E+00
 0.30603348410225E+00
 0.30121037216902E+00
 0.29699072617536E+00
 0.29327776188321E+00
 0.28998349917813E+00
 0.28703195189491E+00
 0.28435992613754E+00
 0.28191608561274E+00
 0.27965444622594E+00
 0.27754569348701E+00
 0.27555678264985E+00
 0.27366646688951E+00
 0.27185584285477E+00
 0.27010883481307E+00
 0.26841632648064E+00
 0.26677203035186E+00
 0.26516960186661E+00
 0.26360606973709E+00
 0.26207716783201E+00
 0.26057924285665E+00
 0.25911241205676E+00
 0.25767606648457E+00
 0.25627001015072E+00
 0.25489358368007E+00
 0.25354628592652E+00
 0.25222766872533E+00
 0.25093629924632E+00
 0.24967497318873E+00
 0.24844268111796E+00
 0.24723690348700E+00
 0.24605934303546E+00
 0.24490867104458E+00
 0.24378542206252E+00
 0.24268890864883E+00
 0.24161887220654E+00
 0.24057574423431E+00
 0.23955719715346E+00
 0.23856383152587E+00
 0.23759639744740E+00
 0.23665209471728E+00
 0.23573173157591E+00
 0.23483363051334E+00
 0.23395853862611E+00
 0.23310580027372E+00
 0.23227426981553E+00
 0.23146499424425E+00
 0.23067544034489E+00
 0.22990689359197E+00
 0.22915845635081E+00
 0.22842874088127E+00
 0.22771851998098E+00
 0.22702604944855E+00
 0.22635165410755E+00
 0.22569539023177E+00
 0.22505544204218E+00
 0.22443214352707E+00
 0.22382503473655E+00
 0.22323473078029E+00
 0.22265797690364E+00
 0.22209772991405E+00
 0.22155075669963E+00
 0.22101771901840E+00
 0.22049922198567E+00
 0.21999494632818E+00
 0.21950246502758E+00
 0.21902462431148E+00
 0.21855878008424E+00
 0.21810342582107E+00
 0.21766034189060E+00
 0.21722920957203E+00
 0.21680928566242E+00
 0.21639855061278E+00
 0.21599979631908E+00
 0.21561058121173E+00
 0.21523194642199E+00
 0.21486198994881E+00
 0.21450284929487E+00
 0.21415298975330E+00
 0.21381252795554E+00
 0.21348108705790E+00
 0.21315712034040E+00
 0.21284286947084E+00
 0.21253782813087E+00
 0.21224089033565E+00
 0.21194896887902E+00
 0.21166823556743E+00
 0.21139368360292E+00
 0.21112163615973E+00
 0.21085854021549E+00
 0.21060800589834E+00
 0.21035636176848E+00
 0.21010992559751E+00
 0.20987549677503E+00
 0.20964584516837E+00
 0.20942299502766E+00
 0.20920212930159E+00
 0.20898922910697E+00
 0.20878215948823E+00
 0.20858083879375E+00
 0.20838473074520E+00
 0.20819026581741E+00
 0.20800470762441E+00
 0.20782042543546E+00
 0.20764214384566E+00
 0.20747012598911E+00
 0.20729998724179E+00
 0.20713335973393E+00
 0.20697402643405E+00
 0.20681962290420E+00
 0.20666725685602E+00
 0.20651789629485E+00
 0.20637009288627E+00
 0.20622759916066E+00
 0.20608728277176E+00
 0.20595306533743E+00
 0.20582296539006E+00
 0.20569327644432E+00
 0.20557092731154E+00
 0.20544955694711E+00
 0.20533020468353E+00
 0.20521040991343E+00
 0.20509598214943E+00
 0.20498567572238E+00
 0.20487609991511E+00
 0.20477187891945E+00
 0.20466999373521E+00
 0.20456845983346E+00
 0.20447118650441E+00
 0.20437768269196E+00
 0.20428055555987E+00
 0.20418818966356E+00
 0.20409895916390E+00
 0.20401213649872E+00
 0.20392888445947E+00
 0.20384431197648E+00
 0.20376455045777E+00
 0.20368462243305E+00
 0.20360254388982E+00
 0.20352651095893E+00
 0.20345016270238E+00
 0.20337731311926E+00
 0.20330702215772E+00
 0.20323823938964E+00
 0.20317017500515E+00
 0.20310298009333E+00
 0.20303756251194E+00
