 0.00000000000000E+00
 0.68996036844231E-24
 0.42911996658812E-22
 0.57065029857629E-21
 0.14304300817646E-19
 0.36521619108882E-19
-0.15276030447424E-12
-0.81257276131673E-11
-0.98653628996557E-11
 0.89548775850148E-11
 0.75663660636956E-11
 0.17915499530514E-10
 0.19489223461602E-10
 0.36774616110055E-06
-0.18552163547544E-05
-0.39974168667340E-05
-0.82410632289857E-05
 0.67503213677082E-05
-0.21710797077171E-05
-0.38523263174803E-05
 0.74686631084002E-05
-0.14453885405344E-05
 0.40853536200011E-05
-0.58192240573105E-05
-0.37799779127189E-05
 0.92554962658899E-05
 0.22185394082741E-04
 0.26277978986866E-04
 0.40011019858499E-04
 0.61588937893242E-04
 0.89310874437372E-04
 0.13282686836497E-03
 0.18326382595945E-03
 0.27247242215795E-03
 0.35907638330226E-03
 0.47011673517030E-03
 0.61647217204847E-03
 0.79027283056816E-03
 0.99955344674802E-03
 0.12517503021136E-02
 0.15529962398968E-02
 0.18952455504795E-02
 0.23012762525465E-02
 0.27687118853542E-02
 0.32977945699483E-02
 0.38954006195039E-02
 0.45702622963929E-02
 0.53104672396817E-02
 0.61569430127985E-02
 0.71838570342466E-02
 0.79499824522295E-02
 0.91305667440798E-02
 0.10547974394324E-01
 0.12046140357654E-01
 0.13502364819444E-01
 0.14888539461963E-01
 0.16386366560190E-01
 0.18161647856081E-01
 0.20183555505005E-01
 0.22477173853771E-01
 0.24855055628914E-01
 0.27404741342886E-01
 0.29912241646759E-01
 0.32467652548046E-01
 0.35225283411574E-01
 0.38378577236947E-01
 0.41839011956215E-01
 0.45180708639783E-01
 0.48906691871518E-01
 0.52785962558535E-01
 0.56893147289606E-01
 0.61236124739083E-01
 0.65835975990565E-01
 0.70949529426149E-01
 0.75416882044794E-01
 0.80704749811539E-01
 0.86746992009378E-01
 0.93023270450083E-01
 0.99758825958616E-01
 0.10653461414268E+00
 0.11325414289532E+00
 0.12036922759460E+00
 0.12790097267904E+00
 0.13573110988983E+00
 0.14438312844514E+00
 0.15363944325914E+00
 0.16342538864465E+00
 0.17411205264113E+00
 0.18507987203220E+00
 0.19650092943387E+00
 0.20861925573483E+00
 0.22024583557544E+00
 0.23248755459168E+00
 0.24652849253213E+00
 0.26151583533467E+00
 0.27792328695140E+00
 0.29536293603521E+00
 0.31265169250190E+00
 0.33090835532683E+00
 0.35020146075501E+00
 0.37015700003509E+00
 0.39093312128403E+00
 0.41293391490723E+00
 0.43739558502974E+00
 0.46234970229121E+00
 0.48828375974712E+00
 0.51699103368012E+00
 0.54730426641269E+00
 0.57927026651956E+00
 0.61260142542383E+00
 0.64650225391930E+00
 0.68035308879936E+00
 0.71419725851603E+00
 0.75141205209292E+00
 0.78696571453311E+00
 0.82145493892350E+00
 0.85285530779370E+00
 0.88349489376644E+00
 0.91239644703503E+00
 0.94453071150691E+00
 0.98296924088786E+00
 0.10265102563647E+01
 0.10709516863463E+01
 0.11121549507456E+01
 0.11342124300652E+01
 0.11164662805704E+01
 0.10422815534385E+01
 0.89606122807743E+00
 0.67326281673062E+00
 0.37807749684076E+00
 0.25794542345652E-01
-0.35863561175345E+00
-0.74536268329235E+00
-0.11029135671159E+01
-0.14026442131797E+01
-0.16241206128383E+01
-0.17546642368328E+01
-0.17905037900180E+01
-0.17392433390287E+01
-0.16141014205451E+01
-0.14349766001821E+01
-0.12217906632697E+01
-0.99475462886470E+00
-0.77296456459734E+00
-0.56771586048924E+00
-0.38930060191582E+00
-0.24196608067282E+00
-0.12588022718117E+00
-0.36868586374594E-01
 0.27307459596544E-01
 0.69962193811356E-01
 0.96774435693743E-01
 0.11059723758680E+00
 0.11574775571290E+00
 0.11496396479411E+00
 0.10992502476352E+00
 0.10239627596540E+00
 0.92967328311968E-01
 0.82724753513860E-01
 0.72377936142585E-01
 0.62607036283656E-01
 0.53130226517036E-01
 0.44798779017646E-01
 0.36452927080132E-01
 0.28977600739853E-01
 0.22323313850059E-01
 0.16469158557513E-01
 0.11867869316699E-01
 0.82627431308895E-02
 0.52190637370100E-02
 0.27609188530688E-02
 0.47593371288057E-03
-0.13437209387292E-02
-0.25045067265848E-02
-0.33002575361922E-02
-0.38927542269697E-02
-0.44364617310538E-02
-0.48382071966112E-02
-0.52148849007978E-02
-0.54218938455193E-02
-0.52090105911086E-02
-0.53773876641945E-02
-0.55659792176934E-02
-0.53532689768972E-02
-0.51940916509188E-02
-0.49599026286833E-02
-0.47790818546434E-02
-0.44554226611284E-02
-0.41896165909176E-02
-0.41282513034176E-02
-0.38820602175657E-02
-0.36371864447714E-02
-0.36333681360327E-02
-0.33987707517495E-02
-0.32067581649783E-02
-0.27608634069039E-02
-0.23658246665247E-02
-0.19743881378318E-02
-0.14712022605072E-02
-0.11224303424413E-02
-0.61417547768263E-03
-0.22936819602916E-03
 0.95585205220460E-04
 0.54080593472395E-03
 0.80266794877467E-03
 0.12015044752991E-02
 0.15927750201110E-02
 0.17794146741391E-02
 0.21647578263325E-02
 0.24945029634637E-02
 0.28468189101699E-02
 0.29213512726433E-02
 0.33919828633938E-02
 0.34743439892171E-02
 0.38813848363024E-02
 0.43738187584574E-02
 0.47820587117785E-02
 0.49289878653713E-02
 0.54655610963779E-02
 0.53890936828349E-02
 0.53173828946470E-02
 0.56863787408870E-02
 0.59672874367559E-02
 0.61599448903308E-02
 0.62184105339635E-02
 0.67753170984554E-02
 0.70011608317526E-02
 0.74985765865022E-02
 0.78369507853415E-02
 0.84884123052448E-02
 0.89014086821827E-02
 0.91598695410159E-02
 0.94146320363301E-02
 0.96382847489338E-02
 0.10144120828177E-01
 0.10405116947641E-01
 0.10105048348919E-01
 0.98891178598037E-02
 0.10397022922381E-01
 0.98140577532153E-02
 0.96313304727225E-02
 0.11089035746999E-01
 0.11489350896277E-01
 0.10343150295331E-01
 0.11243584177289E-01
 0.12882931482416E-01
 0.12236942242596E-01
 0.12136243672245E-01
 0.11721353541332E-01
 0.12843314314270E-01
 0.13063537598696E-01
 0.12890421255320E-01
 0.12666423688788E-01
 0.12709932475419E-01
 0.13784684820676E-01
 0.13081915298264E-01
 0.13632823146278E-01
 0.13861058493816E-01
 0.13604772437061E-01
 0.14440280425916E-01
 0.15120220229389E-01
 0.14699585262719E-01
 0.13449968273930E-01
 0.13268427448608E-01
 0.13628723235137E-01
 0.14774335947871E-01
 0.15536577662834E-01
 0.16453726485853E-01
 0.16274514447761E-01
 0.15599506477777E-01
 0.16194220568554E-01
 0.15133535002418E-01
 0.14794089766249E-01
 0.15029287361369E-01
 0.16524724590362E-01
 0.17051432642195E-01
 0.16802269676405E-01
 0.17578975353568E-01
 0.17085435215366E-01
 0.16548616108249E-01
 0.16839290356500E-01
 0.16696756637701E-01
 0.15956692168198E-01
 0.17464107764167E-01
 0.17706222145599E-01
 0.17496330558287E-01
 0.17248890831041E-01
 0.16211714906179E-01
 0.17226085011338E-01
 0.16467117022479E-01
 0.16504336540481E-01
 0.18216554140750E-01
 0.17979404159756E-01
 0.18995726358981E-01
 0.19103381012724E-01
 0.18967736059464E-01
 0.18551743704135E-01
 0.18463604312257E-01
 0.18792411474127E-01
 0.18887591601678E-01
