 0.35779898798956+250
 0.59816299709936+120
 0.32951834731116E+77
 0.77340930448699E+55
 0.81419203594133E+42
 0.18152559865926E+34
 0.11997418551075E+28
 0.27809889226846E+23
 0.69069232874076E+19
 0.90230022210530E+16
 0.39424497364638E+14
 0.42603062638167E+12
 0.92388928823771E+10
 0.34631965232979E+09
 0.20112763692727E+08
 0.16670434944451E+07
 0.25394636055894E+09
 0.36010746823672E+08
 0.30467893325702E+08
 0.12170101537684E+08
 0.52279146694705E+07
 0.24220116767765E+07
 0.11984761916178E+07
 0.62831090739438E+06
 0.34662151064930E+06
 0.20006320669468E+06
 0.12021908473047E+06
 0.74892731998961E+05
 0.48192831518333E+05
 0.31932083249906E+05
 0.21725850328376E+05
 0.15141920156921E+05
 0.10787373126008E+05
 0.78408918184108E+04
 0.58050591577804E+04
 0.43711327913877E+04
 0.33431182180779E+04
 0.25939670664328E+04
 0.20397094420469E+04
 0.16238465596385E+04
 0.13077257889527E+04
 0.10644867477031E+04
 0.87519334170009E+03
 0.72631335592996E+03
 0.60805257674288E+03
 0.51323741739079E+03
 0.43655361424739E+03
 0.37402341125682E+03
 0.32263959258458E+03
 0.28010724457172E+03
 0.24465919414026E+03
 0.21492349418669E+03
 0.18982628683389E+03
 0.16852084067175E+03
 0.15033459816200E+03
 0.13472978742198E+03
 0.12127361957595E+03
 0.10961551455583E+03
 0.99469953685863E+02
 0.90630637111175E+02
 0.82848734605095E+02
 0.75993582680160E+02
 0.69932503280160E+02
 0.64554636121145E+02
 0.59766901227707E+02
 0.55490774814703E+02
 0.51659806415104E+02
 0.48217534734265E+02
 0.45115733449311E+02
 0.42313136057296E+02
 0.39774281322776E+02
 0.37468537664017E+02
 0.35369461483605E+02
 0.33454081486057E+02
 0.31702396252941E+02
 0.30096908973117E+02
 0.28622346178499E+02
 0.27265270708845E+02
 0.26013864568482E+02
 0.24857666816378E+02
 0.23787434062984E+02
 0.22794973951204E+02
 0.21872973931904E+02
 0.21014940535682E+02
 0.20215046332109E+02
 0.19468084323424E+02
 0.18769361758526E+02
 0.18115250618383E+02
 0.17500850021843E+02
 0.16923249544861E+02
 0.16379323878697E+02
 0.15866259653267E+02
 0.15381480037879E+02
 0.14922629483125E+02
 0.14487554987284E+02
 0.14074296878559E+02
 0.13681038113035E+02
 0.13306111422824E+02
 0.12947980635073E+02
 0.12605211002832E+02
 0.12276490125406E+02
 0.11960578695237E+02
 0.11656334567075E+02
 0.11362688653719E+02
 0.11078643381128E+02
 0.10803260244773E+02
 0.10535744871992E+02
 0.10275081710706E+02
 0.10020585824489E+02
 0.97715199225803E+01
 0.95271962790180E+01
 0.92869572248527E+01
 0.90501990780664E+01
 0.88163521442646E+01
 0.85848755776907E+01
 0.83552820320375E+01
 0.81271141162584E+01
 0.78999689285278E+01
 0.76734719106303E+01
 0.74472982201002E+01
 0.72211860911967E+01
 0.69949047791903E+01
 0.67683079553594E+01
 0.65412876065872E+01
 0.63138612784410E+01
 0.60860285928182E+01
 0.58578922408764E+01
 0.56297401183829E+01
 0.54019015874150E+01
 0.51748208585511E+01
 0.49490656867275E+01
 0.47252881973703E+01
 0.45042979467696E+01
 0.42869493753801E+01
 0.40742038774665E+01
 0.38670438223380E+01
 0.36664429549590E+01
 0.34733496646274E+01
 0.32886078141207E+01
 0.31129141729885E+01
 0.29468165685324E+01
 0.27906600399957E+01
 0.26446507910296E+01
 0.25087771449877E+01
 0.23828717583178E+01
 0.22666233404184E+01
 0.21596137757124E+01
 0.20613379011783E+01
 0.19712410686636E+01
 0.18887385739427E+01
 0.18132373523208E+01
 0.17441588167443E+01
 0.16809414731816E+01
 0.16230555006719E+01
 0.15700050019141E+01
 0.15213367792048E+01
 0.14766275946408E+01
 0.14355042395402E+01
 0.13976284329353E+01
 0.13626922134354E+01
 0.13304215507271E+01
 0.13005689538555E+01
 0.12729150218191E+01
 0.12472621800644E+01
 0.12234370917522E+01
 0.12012806973717E+01
 0.11806520222329E+01
 0.11614248035202E+01
 0.11434856250358E+01
 0.11267319294800E+01
 0.11110721130283E+01
 0.10964225112001E+01
 0.10827079581168E+01
 0.10698599395824E+01
 0.10578167035741E+01
 0.10465214395703E+01
 0.10359226563826E+01
 0.10259727954442E+01
 0.10166290369746E+01
 0.10078515831993E+01
 0.99960384564539E+00
 0.99185242419998E+00
 0.98456624252105E+00
 0.97771644393920E+00
 0.97127702863399E+00
 0.96522298350545E+00
 0.95953188528222E+00
 0.95418233413523E+00
 0.94915472061583E+00
 0.94443074705531E+00
 0.93999328451905E+00
 0.93582633776185E+00
 0.93191499484751E+00
 0.92824531825734E+00
 0.92480418496801E+00
 0.92157933057194E+00
 0.91855925947758E+00
 0.91573313416568E+00
 0.91309085221526E+00
 0.91061121754414E+00
 0.90830860550761E+00
 0.90616275899512E+00
 0.90416573474140E+00
 0.90230994109617E+00
 0.90058829262958E+00
 0.89899409840296E+00
 0.89752095575489E+00
 0.89616286885347E+00
 0.89491420773084E+00
 0.89376952776802E+00
 0.89272373257410E+00
 0.89177201571504E+00
 0.89090982731296E+00
 0.89013277089770E+00
 0.88943671171397E+00
 0.88881778770282E+00
 0.88827227571872E+00
 0.88779663018657E+00
 0.88738750979126E+00
 0.88704171245578E+00
 0.88675614911021E+00
 0.88652800250244E+00
 0.88635451038088E+00
 0.88623304720506E+00
 0.88616112427092E+00
 0.88613636277245E+00
 0.88615650385711E+00
 0.88621939037237E+00
 0.88632296112707E+00
 0.88646525323433E+00
 0.88664439572280E+00
 0.88685860631120E+00
 0.88710618428467E+00
 0.88738549526266E+00
 0.88769498915884E+00
 0.88803317569156E+00
 0.88839867880748E+00
 0.88879007813972E+00
 0.88920609879955E+00
 0.88964550319730E+00
 0.89010711513171E+00
 0.89058982606192E+00
 0.89109255285226E+00
 0.89161421396062E+00
 0.89215387319665E+00
 0.89271057279576E+00
 0.89328342914803E+00
 0.89387156490645E+00
 0.89447414303911E+00
 0.89509033864302E+00
 0.89571944556694E+00
 0.89636067905425E+00
 0.89701339278264E+00
 0.89767690195197E+00
 0.89835055882499E+00
 0.89903376613528E+00
 0.89972593575912E+00
 0.90042652524798E+00
 0.90113495893973E+00
 0.90185078669816E+00
 0.90257343164423E+00
 0.90330248423755E+00
 0.90403748140578E+00
 0.90477799690722E+00
 0.90552361653311E+00
 0.90627394413825E+00
 0.90702853865293E+00
 0.90778712607491E+00
 0.90854932719963E+00
 0.90931481837122E+00
 0.91008327776620E+00
 0.91085432639881E+00
 0.91162775027339E+00
 0.91240325858200E+00
 0.91318059749050E+00
 0.91395948690247E+00
 0.91473968658338E+00
 0.91552088632199E+00
 0.91630302033738E+00
 0.91708579135060E+00
 0.91786898902156E+00
 0.91865238298002E+00
 0.91943580400744E+00
 0.92021908102446E+00
 0.92100203612911E+00
 0.92178450919316E+00
 0.92256633728885E+00
 0.92334737393311E+00
 0.92412747031994E+00
 0.92490649042054E+00
 0.92568430139909E+00
 0.92646078039161E+00
 0.92723580770151E+00
 0.92800926646956E+00
 0.92878104712598E+00
 0.92955105073788E+00
 0.93031917186799E+00
 0.93108531849710E+00
 0.93184940077243E+00
 0.93261133171936E+00
