 0.10000000133514E-09
 0.10000000133514E-09
 0.10000000133514E-09
 0.10000000133514E-09
 0.10000000133514E-09
 0.10000000133514E-09
 0.10000000133514E-09
 0.10000000133514E-09
 0.10000000133514E-09
 0.10000000133514E-09
 0.10000000133514E-09
 0.10000000133514E-09
 0.10000000133514E-09
 0.10000000133514E-09
 0.10000000133514E-09
 0.10000000133514E-09
 0.13712213258874E-06
 0.13712213258874E-06
 0.66614766926502E-06
 0.12829649524696E-05
 0.22878482987920E-05
 0.38664550934543E-05
 0.62372788349721E-05
 0.96620614475922E-05
 0.14444834715971E-04
 0.20929604192024E-04
 0.29496998849107E-04
 0.40560109624880E-04
 0.54560005515049E-04
 0.71961090178340E-04
 0.93246930957430E-04
 0.11891579082563E-03
 0.14947703729407E-03
 0.18544835389467E-03
 0.22735293176636E-03
 0.27571681335649E-03
 0.33106814785002E-03
 0.39393651205380E-03
 0.46485156329080E-03
 0.54434313547870E-03
 0.63294201942214E-03
 0.73117911193180E-03
 0.83958705386186E-03
 0.95870109179362E-03
 0.10890601289615E-02
 0.12312084297080E-02
 0.13856945728996E-02
 0.15530744663636E-02
 0.17339126265222E-02
 0.19287837670476E-02
 0.21382723907776E-02
 0.23629764910927E-02
 0.26035065097313E-02
 0.28604885736520E-02
 0.31345639234960E-02
 0.34263917135666E-02
 0.37366507743310E-02
 0.40660367683667E-02
 0.44152679347081E-02
 0.47865453150998E-02
 0.51779159096875E-02
 0.55914538050934E-02
 0.60279767874718E-02
 0.64883328195427E-02
 0.69733986879175E-02
 0.74840764153532E-02
 0.80213030009026E-02
 0.85860528122102E-02
 0.91793262881309E-02
 0.98021663358971E-02
 0.10455655674110E-01
 0.11140902665347E-01
 0.11859073100379E-01
 0.12611370975207E-01
 0.13399044679120E-01
 0.14223374718737E-01
 0.15085711817648E-01
 0.15987446152214E-01
 0.16930029367264E-01
 0.17914950109538E-01
 0.18943763531977E-01
 0.20018092899474E-01
 0.21139600740470E-01
 0.22310038315993E-01
 0.23531198880582E-01
 0.24804958432556E-01
 0.26133239377148E-01
 0.27518974718125E-01
 0.28962598836069E-01
 0.30467033469901E-01
 0.32034493872022E-01
 0.33667324434072E-01
 0.35367919143486E-01
 0.37138740617249E-01
 0.38982331834018E-01
 0.40901358651542E-01
 0.42898517736486E-01
 0.44976604670943E-01
 0.47138503605428E-01
 0.49387121063476E-01
 0.51725512628186E-01
 0.54156711860896E-01
 0.56683871880609E-01
 0.59310188380374E-01
 0.62038922948702E-01
 0.64873359700330E-01
 0.67817447156171E-01
 0.70873156987504E-01
 0.74044447941610E-01
 0.77334585064550E-01
 0.80746837685879E-01
 0.84284319031170E-01
 0.87950196132341E-01
 0.91747490411322E-01
 0.95678950239583E-01
 0.99747351017225E-01
 0.10395513798743E+00
 0.10830470576979E+00
 0.11279797258251E+00
 0.11743657638354E+00
 0.12222204935966E+00
 0.12715508655960E+00
 0.13223643070512E+00
 0.13746574324724E+00
 0.14284373505994E+00
 0.14836725967964E+00
 0.15403302642759E+00
 0.15983937949582E+00
 0.16578169579195E+00
 0.17185421198325E+00
 0.17805029399563E+00
 0.18435993237805E+00
 0.19077352408307E+00
 0.19727718985992E+00
 0.20385684077435E+00
 0.21049565570291E+00
 0.21717487571119E+00
 0.22387536992214E+00
 0.23057773848635E+00
 0.23726087723003E+00
 0.24390716376434E+00
 0.25049667535132E+00
 0.25701605908214E+00
 0.26345184875266E+00
 0.26979391199594E+00
 0.27603465568593E+00
 0.28216935358647E+00
 0.28819510567044E+00
 0.29411162423624E+00
 0.29992029144426E+00
 0.30562321576937E+00
 0.31122531443867E+00
 0.31673044077172E+00
 0.32214352830106E+00
 0.32746933710372E+00
 0.33271324206353E+00
 0.33787896678799E+00
 0.34297186108052E+00
 0.34799674185005E+00
 0.35295753634722E+00
 0.35785814999160E+00
 0.36270176007921E+00
 0.36749161408165E+00
 0.37223011306022E+00
 0.37692086824418E+00
 0.38156556123827E+00
 0.38616619439686E+00
 0.39072465130912E+00
 0.39524262737957E+00
 0.39972152603334E+00
 0.40416277518095E+00
 0.40856745717339E+00
 0.41293662459486E+00
 0.41727121617973E+00
 0.42157213673164E+00
 0.42584003969360E+00
 0.43007563902459E+00
 0.43427940634807E+00
 0.43845196959711E+00
 0.44259376378242E+00
 0.44670516178940E+00
 0.45078657344816E+00
 0.45483830925254E+00
 0.45886058812914E+00
 0.46285381137529E+00
 0.46681806457641E+00
 0.47075367811204E+00
 0.47466076622848E+00
 0.47853953404153E+00
 0.48239014947486E+00
 0.48621276727525E+00
 0.49000749762569E+00
 0.49377448925834E+00
 0.49751388065213E+00
 0.50122576024655E+00
 0.50491023797339E+00
 0.50856742856119E+00
 0.51219742872174E+00
 0.51580037000009E+00
 0.51937643852143E+00
 0.52292553075675E+00
 0.52644784300091E+00
 0.52994351635883E+00
 0.53341261292169E+00
 0.53685525810297E+00
 0.54027158711040E+00
 0.54366167090233E+00
 0.54702562556164E+00
 0.55036361224977E+00
 0.55367569645163E+00
 0.55696200242743E+00
 0.56022266510924E+00
 0.56345782850060E+00
 0.56666758873861E+00
 0.56985206396541E+00
 0.57301141771383E+00
 0.57614578020989E+00
 0.57925528008443E+00
 0.58234006864251E+00
 0.58540027786792E+00
 0.58843600910918E+00
 0.59144746709543E+00
 0.59443478555050E+00
 0.59739810897943E+00
 0.60033759102701E+00
 0.60325338429309E+00
 0.60614564471262E+00
 0.60901452875492E+00
 0.61186019179758E+00
 0.61468279096457E+00
 0.61748248799042E+00
 0.62025944721382E+00
 0.62301383135751E+00
 0.62574580125323E+00
 0.62845552124956E+00
 0.63114315175074E+00
 0.63380888778176E+00
 0.63645285016261E+00
 0.63907522016853E+00
 0.64167616398373E+00
 0.64425584777508E+00
 0.64681446083548E+00
 0.64935216330746E+00
 0.65186909238681E+00
 0.65436545458361E+00
 0.65684140447150E+00
 0.65929712754667E+00
 0.66173278410868E+00
 0.66414853361916E+00
 0.66654452063769E+00
 0.66892094649027E+00
 0.67127794069807E+00
 0.67361569887759E+00
 0.67593437485295E+00
 0.67823412935033E+00
 0.68051513046622E+00
 0.68277754090053E+00
 0.68502153644350E+00
 0.68724725300812E+00
 0.68945489557723E+00
 0.69164456160669E+00
 0.69381645660256E+00
 0.69597073107091E+00
 0.69810754711740E+00
 0.70022706508697E+00
 0.70232943818921E+00
 0.70441477540377E+00
 0.70648329983107E+00
 0.70853514114281E+00
 0.71057045960571E+00
 0.71258940546708E+00
 0.71459207270667E+00
 0.71657867227418E+00
 0.71854934416730E+00
 0.72050424835452E+00
 0.72244351112041E+00
 0.72436728276501E+00
 0.72627565054690E+00
 0.72816888056956E+00
 0.73004705298447E+00
 0.73191030449035E+00
 0.73375874846588E+00
 0.73559254019485E+00
 0.73741182580779E+00
 0.73921673538770E+00
 0.74100740835539E+00
 0.74278397503265E+00
 0.74454657167467E+00
 0.74629532658664E+00
 0.74803037294118E+00
 0.74975183760593E+00
 0.75145985239440E+00
 0.75315454273252E+00
 0.75483603341318E+00
 0.75650444879922E+00
 0.75815991653898E+00
 0.75980255428809E+00
 0.76143248532999E+00
 0.76304983099390E+00
 0.76465470823189E+00
