 0.10000000133514E-09
 0.10000000133514E-09
 0.10000000133514E-09
 0.10000000133514E-09
 0.10000000133514E-09
 0.10000000133514E-09
 0.10000000133514E-09
 0.10000000133514E-09
 0.10000000133514E-09
 0.10000000133514E-09
 0.10000000133514E-09
 0.10000000133514E-09
 0.10000000133514E-09
 0.10000000133514E-09
 0.10000000133514E-09
 0.10000000133514E-09
 0.97515845910023E-03
 0.97515845910023E-03
 0.19704488287247E-02
 0.26509611525378E-02
 0.34629520304749E-02
 0.44107004903663E-02
 0.54964035044943E-02
 0.67204424350930E-02
 0.80816758837761E-02
 0.95777366731914E-02
 0.11205312210338E-01
 0.12960378818488E-01
 0.14838425803950E-01
 0.16834639823500E-01
 0.18944096074410E-01
 0.21161842476914E-01
 0.23483028854157E-01
 0.25903006382284E-01
 0.28417365883640E-01
 0.31021962407868E-01
 0.33712989993244E-01
 0.36486993508623E-01
 0.39340870953189E-01
 0.42271867170659E-01
 0.45277580595100E-01
 0.48355937128257E-01
 0.51505190164862E-01
 0.54723900797352E-01
 0.58010921163418E-01
 0.61365383614113E-01
 0.64786642266476E-01
 0.68274282256732E-01
 0.71828094094330E-01
 0.75448062113145E-01
 0.79134313561269E-01
 0.82887130491122E-01
 0.86706918309937E-01
 0.90594203124432E-01
 0.94549598339863E-01
 0.98573801308165E-01
 0.10266758507247E+00
 0.10683175717781E+00
 0.11106718999972E+00
 0.11538449035169E+00
 0.11976659300294E+00
 0.12422294119131E+00
 0.12875457633324E+00
 0.13336254414656E+00
 0.13804791301502E+00
 0.14281169535133E+00
 0.14765501182162E+00
 0.15257898144371E+00
 0.15758463620618E+00
 0.16267314891104E+00
 0.16784561752782E+00
 0.17310307983129E+00
 0.17844675372678E+00
 0.18387780594175E+00
 0.18939733612541E+00
 0.19500639561573E+00
 0.20070621180077E+00
 0.20649794972128E+00
 0.21238280446475E+00
 0.21836185654939E+00
 0.22443628126310E+00
 0.23060726485600E+00
 0.23687587337562E+00
 0.24324336092641E+00
 0.24971077217237E+00
 0.25627926029254E+00
 0.26294976438999E+00
 0.26972720045348E+00
 0.27660571203156E+00
 0.28358945216284E+00
 0.29067923191882E+00
 0.29787599934436E+00
 0.30518058806503E+00
 0.31259363704253E+00
 0.32011563184789E+00
 0.32774725521343E+00
 0.33548867739350E+00
 0.34334012007774E+00
 0.35130160641885E+00
 0.35937284709163E+00
 0.36755362525451E+00
 0.37584312858862E+00
 0.38424051630142E+00
 0.39274455476569E+00
 0.40135377679426E+00
 0.41006634924598E+00
 0.41888148070320E+00
 0.42779331715552E+00
 0.43680030847676E+00
 0.44589887844879E+00
 0.45508485284265E+00
 0.46435356235743E+00
 0.47369990350183E+00
 0.48311811822338E+00
 0.49260144997227E+00
 0.50214309335000E+00
 0.51173521139826E+00
 0.52136932283966E+00
 0.53103634935291E+00
 0.54072646659623E+00
 0.55042912788494E+00
 0.56013321533299E+00
 0.56982654886022E+00
 0.57949667268747E+00
 0.58913149268577E+00
 0.59871470077264E+00
 0.60823350833854E+00
 0.61767227356506E+00
 0.62701513276885E+00
 0.63624576527943E+00
 0.64534833700779E+00
 0.65430609003358E+00
 0.66310195230805E+00
 0.67172049783876E+00
 0.68014637153171E+00
 0.68836610098890E+00
 0.69636843132111E+00
 0.70414239636575E+00
 0.71168207531131E+00
 0.71898437788499E+00
 0.72605106325381E+00
 0.73288573105346E+00
 0.73949179184263E+00
 0.74587820701605E+00
 0.75205506889822E+00
 0.75803444959078E+00
 0.76382858088534E+00
 0.76945046115382E+00
 0.77491258963950E+00
 0.78022731424092E+00
 0.78540571952302E+00
 0.79045869258569E+00
 0.79539536938374E+00
 0.80022429713247E+00
 0.80495336388643E+00
 0.80958884309594E+00
 0.81413792799683E+00
 0.81860493077523E+00
 0.82299366718183E+00
 0.82730844131845E+00
 0.83155237530164E+00
 0.83572879660609E+00
 0.83984017947238E+00
 0.84388855889889E+00
 0.84787635270486E+00
 0.85180527698710E+00
 0.85567685363170E+00
 0.85949247324465E+00
 0.86325337979493E+00
 0.86696090702174E+00
 0.87061586813915E+00
 0.87421941597975E+00
 0.87777226790920E+00
 0.88127545138541E+00
 0.88472952526494E+00
 0.88813525819703E+00
 0.89149334138698E+00
 0.89480457137391E+00
 0.89806933954929E+00
 0.90128835031134E+00
 0.90446222846095E+00
 0.90759141432974E+00
 0.91067653099318E+00
 0.91371827335697E+00
 0.91671685802078E+00
 0.91967308534713E+00
 0.92258727665987E+00
 0.92546010226315E+00
 0.92829205194153E+00
 0.93108358300535E+00
 0.93383525834405E+00
 0.93654754073135E+00
 0.93922096652806E+00
 0.94185605496271E+00
 0.94445327902247E+00
 0.94701311730096E+00
 0.94953608630047E+00
 0.95202269510684E+00
 0.95447342587721E+00
 0.95688867703670E+00
 0.95926911825101E+00
 0.96161512668813E+00
 0.96392724351160E+00
 0.96620588883226E+00
 0.96845156199358E+00
 0.97066476570047E+00
 0.97284594023660E+00
 0.97499554559231E+00
 0.97711409789274E+00
 0.97920200368455E+00
 0.98125975164394E+00
 0.98328778134339E+00
 0.98528654130922E+00
 0.98725648819726E+00
 0.98919805221093E+00
 0.99111166064120E+00
 0.99299773999751E+00
 0.99485672021409E+00
 0.99668902714182E+00
 0.99849506877534E+00
 0.10002752192158E+01
 0.10020299355478E+01
 0.10037595978693E+01
 0.10054646010847E+01
 0.10071453268825E+01
 0.10088021677149E+01
 0.10104354917881E+01
 0.10120456716051E+01
 0.10136330720402E+01
 0.10151980484466E+01
 0.10167409640929E+01
 0.10182621686944E+01
 0.10197619949243E+01
 0.10212407927677E+01
 0.10226988987686E+01
 0.10241366321159E+01
 0.10255543252106E+01
 0.10269522910545E+01
 0.10283308398569E+01
 0.10296903089272E+01
 0.10310309610271E+01
 0.10323531114357E+01
 0.10336570552824E+01
 0.10349430697358E+01
 0.10362114458261E+01
 0.10374624586937E+01
 0.10386963872938E+01
 0.10399135039992E+01
 0.10411140683377E+01
 0.10422983382019E+01
 0.10434665685750E+01
 0.10446190145280E+01
 0.10457559178480E+01
 0.10468775272061E+01
 0.10479840816346E+01
 0.10490758099794E+01
 0.10501529474333E+01
 0.10512157208120E+01
 0.10522643532918E+01
 0.10532990585564E+01
 0.10543200590125E+01
 0.10553275600586E+01
 0.10563217720417E+01
 0.10573028971025E+01
 0.10582711364114E+01
 0.10592266859484E+01
 0.10601697455178E+01
 0.10611004972129E+01
 0.10620191288338E+01
 0.10629258242322E+01
 0.10638207631714E+01
 0.10647041320790E+01
 0.10655760961841E+01
 0.10664368275622E+01
 0.10672864925687E+01
 0.10681252587503E+01
 0.10689532880298E+01
 0.10697707459357E+01
 0.10705777767726E+01
 0.10713745390778E+01
 0.10721611867293E+01
 0.10729378717187E+01
 0.10737047378204E+01
 0.10744619279773E+01
 0.10752095846322E+01
 0.10759478453419E+01
 0.10766768481714E+01
 0.10773967262180E+01
 0.10781076117453E+01
 0.10788096340685E+01
 0.10795029211370E+01
 0.10801875977995E+01
 0.10808637874424E+01
 0.10815316108482E+01
 0.10821911879641E+01
 0.10828426348741E+01
 0.10834860675839E+01
 0.10841215987142E+01
 0.10847493396204E+01
 0.10853694000602E+01
