 0.13590324627398E+03
 0.13590324627407E+03
 0.13590324627574E+03
 0.13590324628371E+03
 0.13590324630033E+03
 0.13590324631260E+03
 0.13590324628428E+03
 0.13590324617377E+03
 0.13590324603593E+03
 0.13590324626043E+03
 0.13590324799304E+03
 0.13590325368513E+03
 0.13590326768705E+03
 0.13590329677178E+03
 0.13590335051468E+03
 0.13590344147721E+03
 0.13590358519989E+03
 0.13590379997288E+03
 0.13590410657885E+03
 0.13590452774113E+03
 0.13590508774889E+03
 0.13590581208814E+03
 0.13590672693951E+03
 0.13590785844650E+03
 0.13590923325421E+03
 0.13591087821811E+03
 0.13591281989480E+03
 0.13591508505824E+03
 0.13591770098257E+03
 0.13592069585356E+03
 0.13592409927526E+03
 0.13592794287585E+03
 0.13593226086078E+03
 0.13593709079957E+03
 0.13594247431508E+03
 0.13594845785752E+03
 0.13595509302182E+03
 0.13596243762302E+03
 0.13597055592674E+03
 0.13597951971259E+03
 0.13598940842551E+03
 0.13600030976723E+03
 0.13601232010644E+03
 0.13602554489815E+03
 0.13604009906632E+03
 0.13605610733960E+03
 0.13607370453409E+03
 0.13609303586864E+03
 0.13611425723300E+03
 0.13613753542233E+03
 0.13616304841738E+03
 0.13619098558189E+03
 0.13622154793675E+03
 0.13625494840741E+03
 0.13629141204293E+03
 0.13633117602866E+03
 0.13637449072407E+03
 0.13642161908502E+03
 0.13647283724333E+03
 0.13652846993069E+03
 0.13658875831345E+03
 0.13665404878981E+03
 0.13672467387609E+03
 0.13680098112762E+03
 0.13688333347831E+03
 0.13697210951792E+03
 0.13706770459876E+03
 0.13717053136133E+03
 0.13728101938247E+03
 0.13739961731410E+03
 0.13752679272295E+03
 0.13766303273404E+03
 0.13780884639768E+03
 0.13796476461748E+03
 0.13813134109680E+03
 0.13830915354171E+03
 0.13849880616885E+03
 0.13870093015104E+03
 0.13891618663156E+03
 0.13914526625365E+03
 0.13938889298529E+03
 0.13964782622921E+03
 0.13992286202955E+03
 0.14021483613331E+03
 0.14052462757560E+03
 0.14085316169919E+03
 0.14120141034917E+03
 0.14157047649854E+03
 0.14196131137437E+03
 0.14237512075254E+03
 0.14281311353030E+03
 0.14327657393564E+03
 0.14376686132051E+03
 0.14428541672883E+03
 0.14483376917363E+03
 0.14541355142323E+03
 0.14602649278520E+03
 0.14667443996984E+03
 0.14735936218765E+03
 0.14808335654346E+03
 0.14884867246523E+03
 0.14965770828315E+03
 0.15051303689626E+03
 0.15141741134163E+03
 0.15237378805158E+03
 0.15338534699537E+03
 0.15445557115495E+03
 0.15558796278186E+03
 0.15678654802249E+03
 0.15805557638892E+03
 0.15939962770939E+03
 0.16082364372578E+03
 0.16233296890072E+03
 0.16393337662995E+03
 0.16563108188579E+03
 0.16743284700995E+03
 0.16934596668778E+03
 0.17137835743137E+03
 0.17353856508768E+03
 0.17583584903235E+03
 0.17828025263511E+03
 0.18088259291297E+03
 0.18365456314601E+03
 0.18660875170789E+03
 0.18975893116126E+03
 0.19311918950078E+03
 0.19670493654837E+03
 0.20053253961880E+03
 0.20461891263272E+03
 0.20898154891517E+03
 0.21363839359033E+03
 0.21860701137706E+03
 0.22390466001345E+03
 0.22954740433807E+03
 0.23554972791790E+03
 0.24192377030560E+03
 0.24867882132030E+03
 0.25582028584615E+03
 0.26335017057826E+03
 0.27126588968792E+03
 0.27956141752640E+03
 0.28822565602532E+03
 0.29724333381530E+03
 0.30659622795485E+03
 0.31626321132895E+03
 0.32622132791782E+03
 0.33644622816494E+03
 0.34691314890360E+03
 0.35759741315306E+03
 0.36847521376156E+03
 0.37952354306212E+03
 0.39072125888053E+03
 0.40204816501452E+03
 0.41348577082490E+03
 0.42501722443223E+03
 0.43662668132341E+03
 0.44830051736989E+03
 0.46002488865582E+03
 0.47178683900616E+03
 0.48357480362612E+03
 0.49537733391533E+03
 0.50718389516749E+03
 0.51898390417441E+03
 0.53076694282997E+03
 0.54252310477294E+03
 0.55424238429732E+03
 0.56591485517752E+03
 0.57753055412355E+03
 0.58907960881807E+03
 0.60055233642578E+03
 0.61193862482433E+03
 0.62322891930905E+03
 0.63441331479889E+03
 0.64548243093895E+03
 0.65642650637036E+03
 0.66723631098763E+03
 0.67790270071245E+03
 0.68841703066652E+03
 0.69877029430256E+03
 0.70895441450388E+03
 0.71896149522265E+03
 0.72878383911283E+03
 0.73841434526798E+03
 0.74784664441385E+03
 0.75707402916800E+03
 0.76609127210938E+03
 0.77489286136640E+03
 0.78347443853242E+03
 0.79183187665120E+03
 0.79996159656346E+03
 0.80786072133565E+03
 0.81552685085767E+03
 0.82295819164920E+03
 0.83015350266047E+03
 0.83711202724397E+03
 0.84383359225057E+03
 0.85031853544602E+03
 0.85656772183658E+03
 0.86258236570468E+03
 0.86836393273839E+03
 0.87391527179536E+03
 0.87923857938237E+03
 0.88433685618681E+03
 0.88921332091571E+03
 0.89387160058478E+03
 0.89831558313925E+03
 0.90254938899187E+03
 0.90657738709650E+03
 0.91040417914178E+03
 0.91403444893458E+03
 0.91747314302438E+03
 0.92072525913017E+03
 0.92379589214432E+03
 0.92669024199546E+03
 0.92941356739124E+03
 0.93197111623935E+03
 0.93436818722591E+03
 0.93661008830155E+03
 0.93870206172220E+03
 0.94064935583664E+03
 0.94245719306008E+03
 0.94413065689237E+03
 0.94567487077445E+03
 0.94709481296484E+03
 0.94839538352827E+03
 0.94958137919642E+03
 0.95065751476283E+03
 0.95162839324562E+03
 0.95249851171081E+03
 0.95327222237190E+03
 0.95395380284453E+03
 0.95454738431753E+03
 0.95505692521762E+03
 0.95548637346915E+03
 0.95583957060918E+03
 0.95612010699893E+03
 0.95633145393953E+03
 0.95647706663466E+03
 0.95656024507933E+03
 0.95658420859884E+03
 0.95655182518827E+03
 0.95646624393155E+03
 0.95633009313610E+03
 0.95614626793780E+03
 0.95591721394114E+03
 0.95564550513630E+03
 0.95533353057901E+03
 0.95498361093729E+03
 0.95459793681075E+03
 0.95417860632175E+03
 0.95372766132130E+03
 0.95324701763395E+03
 0.95273855222681E+03
 0.95220398215659E+03
 0.95164499530127E+03
 0.95106324865465E+03
 0.95046026842010E+03
 0.94983749056512E+03
 0.94919629294092E+03
 0.94853803906332E+03
 0.94786403412039E+03
 0.94717544706033E+03
 0.94647344605489E+03
 0.94575909559060E+03
 0.94503341805761E+03
 0.94429745364423E+03
 0.94355216736674E+03
 0.94279839807358E+03
 0.94203701312476E+03
 0.94126881942688E+03
 0.94049457031046E+03
 0.93971506241592E+03
 0.93893089057251E+03
 0.93814274132684E+03
 0.93735119273843E+03
 0.93655690541316E+03
 0.93576040733634E+03
 0.93496224239912E+03
 0.93416285180460E+03
 0.93336271560131E+03
 0.93256229924521E+03
 0.93176204171958E+03
 0.93096231595500E+03
 0.93016346512812E+03
 0.92936587300435E+03
 0.92856986822211E+03
 0.92777575941024E+03
 0.92698383662074E+03
 0.92619437430433E+03
 0.92540762268858E+03
 0.92462382818086E+03
 0.92384318154951E+03
 0.92306595531186E+03
 0.92229232481180E+03
 0.92152246957313E+03
 0.92075656242792E+03
 0.91999476542048E+03
 0.91923722649657E+03
 0.91848408233978E+03
 0.91773546090085E+03
