                  NaN
                  NaN
                  NaN
                  NaN
 0.81419203594133E+42
 0.18152559865926E+34
 0.11997418551075E+28
 0.27809889226846E+23
 0.69069232874077E+19
 0.90230022210549E+16
 0.39424497364765E+14
 0.42603062639572E+12
 0.92388928852995E+10
 0.34631965370198E+09
 0.20112764782421E+08
 0.16670445202679E+07
 0.25403029256040E+09
 0.36042353673533E+08
 0.30494546406018E+08
 0.12186432044311E+08
 0.52383851974877E+07
 0.24289945055291E+07
 0.12032958454116E+07
 0.63173942941727E+06
 0.34912632932598E+06
 0.20193702636928E+06
 0.12165079501423E+06
 0.76007559363566E+05
 0.49075837864225E+05
 0.32642331669982E+05
 0.22305178955687E+05
 0.15620508511515E+05
 0.11187355823708E+05
 0.81787526265811E+04
 0.60932466925443E+04
 0.46191703024853E+04
 0.35583787152324E+04
 0.27822223615424E+04
 0.22055245221606E+04
 0.17708665591681E+04
 0.14388874044535E+04
 0.11821756633945E+04
 0.98136277370515E+03
 0.82257415994355E+03
 0.69574239017622E+03
 0.59347418846062E+03
 0.51027732908680E+03
 0.44202895809876E+03
 0.38560279359059E+03
 0.33860563228557E+03
 0.29918867416334E+03
 0.26591183613120E+03
 0.23764408289376E+03
 0.21349047279944E+03
 0.19273760020521E+03
 0.17481293359459E+03
 0.15925398106729E+03
 0.14568466745560E+03
 0.13379751925129E+03
 0.12336990365729E+03
 0.11413135406165E+03
 0.10593939146626E+03
 0.98648821692408E+02
 0.92137813823939E+02
 0.86303647302841E+02
 0.81059288600077E+02
 0.76330782477346E+02
 0.72055013001625E+02
 0.68177826276594E+02
 0.64652693183420E+02
 0.61439440562262E+02
 0.58503210529514E+02
 0.55813786160869E+02
 0.53344794249964E+02
 0.51073158269274E+02
 0.48978597791999E+02
 0.47043333426645E+02
 0.45251646544900E+02
 0.43589644839116E+02
 0.42044966747227E+02
 0.40606638665936E+02
 0.39264883439504E+02
 0.38010925645378E+02
 0.36836937373088E+02
 0.35735847518594E+02
 0.34701305729742E+02
 0.33727548664766E+02
 0.32810141448663E+02
 0.31942928938143E+02
 0.31122294736637E+02
 0.30344299933091E+02
 0.29605374083773E+02
 0.28902224350739E+02
 0.28231813210817E+02
 0.27591338614600E+02
 0.26978233737174E+02
 0.26390088431837E+02
 0.25824674095451E+02
 0.25279913986772E+02
 0.24753849400782E+02
 0.24244669038886E+02
 0.23750641167750E+02
 0.23270151509280E+02
 0.22801668977990E+02
 0.22343747716598E+02
 0.21895011374808E+02
 0.21454260509165E+02
 0.21020009903373E+02
 0.20591193850309E+02
 0.20166678464630E+02
 0.19745388491551E+02
 0.19326292750975E+02
 0.18908427457544E+02
 0.18490876601233E+02
 0.18072765702822E+02
 0.17653299325154E+02
 0.17231729205547E+02
 0.16807384467944E+02
 0.16379655093163E+02
 0.15948012049534E+02
 0.15512022588587E+02
 0.15071336066054E+02
 0.14625723118868E+02
 0.14175062420313E+02
 0.13719404330554E+02
 0.13258876645227E+02
 0.12793817165463E+02
 0.12324787432018E+02
 0.11852532219153E+02
 0.11378030339531E+02
 0.10902512581922E+02
 0.10427455914624E+02
 0.99546058808731E+01
 0.94859282581135E+01
 0.90235907260813E+01
 0.85698896021397E+01
 0.81271692391602E+01
 0.76977393520256E+01
 0.72837520270910E+01
 0.68871238338413E+01
 0.65094298473490E+01
 0.61518840595562E+01
 0.58152879691485E+01
 0.55000176132645E+01
 0.52060576019092E+01
 0.49330395940270E+01
 0.46803049301755E+01
 0.44469635883392E+01
 0.42319591895725E+01
 0.40341275852741E+01
 0.38522537927254E+01
 0.36851044642951E+01
 0.35314767281400E+01
 0.33902114855167E+01
 0.32602140336616E+01
 0.31404653748485E+01
 0.30300235379810E+01
 0.29280296997291E+01
 0.28337030414414E+01
 0.27463356641904E+01
 0.26652902567432E+01
 0.25899928098138E+01
 0.25199281550264E+01
 0.24546343687702E+01
 0.23936947281869E+01
 0.23367369236139E+01
 0.22834259603280E+01
 0.22334603013556E+01
 0.21865683020190E+01
 0.21425048031608E+01
 0.21010485768617E+01
 0.20619991314181E+01
 0.20251749749524E+01
 0.19904110019263E+01
 0.19575573229397E+01
 0.19264772621376E+01
 0.18970460570383E+01
 0.18691496453867E+01
 0.18426837206726E+01
 0.18175525371276E+01
 0.17936681844880E+01
 0.17709498917647E+01
 0.17493231773678E+01
 0.17287193742282E+01
 0.17090751994793E+01
 0.16903319943051E+01
 0.16724355623259E+01
 0.16553356203005E+01
 0.16389855521984E+01
 0.16233420739322E+01
 0.16083649008390E+01
 0.15940165966068E+01
 0.15802622397049E+01
 0.15670692888333E+01
 0.15544073826598E+01
 0.15422481461748E+01
 0.15305650577028E+01
 0.15193332848058E+01
 0.15085295810110E+01
 0.14981182549920E+01
 0.14881069891984E+01
 0.14784623859518E+01
 0.14691664144242E+01
 0.14602021508303E+01
 0.14515536604801E+01
 0.14432059298648E+01
 0.14351448483624E+01
 0.14273571021969E+01
 0.14198301117703E+01
 0.14125520445898E+01
 0.14055117071029E+01
 0.13986985213376E+01
 0.13921024844894E+01
 0.13857141448773E+01
 0.13795245566165E+01
 0.13735252369732E+01
 0.13677081548730E+01
 0.13620656976385E+01
 0.13565906390037E+01
 0.13512761301103E+01
 0.13461156748838E+01
 0.13411030739199E+01
 0.13362324599083E+01
 0.13314982484330E+01
 0.13268951254396E+01
 0.13224180335925E+01
 0.13180621588972E+01
 0.13138229153568E+01
 0.13096959319126E+01
 0.13056770426801E+01
 0.13017622732066E+01
 0.12979478299995E+01
 0.12942300937599E+01
 0.12906056066395E+01
 0.12870710695716E+01
 0.12836233248927E+01
 0.12802593509606E+01
 0.12769762662529E+01
 0.12737713041579E+01
 0.12706418270688E+01
 0.12675853030154E+01
 0.12645992990835E+01
 0.12616815011830E+01
 0.12588296803011E+01
 0.12560416948585E+01
 0.12533155037102E+01
 0.12506491364772E+01
 0.12480407070292E+01
 0.12454884062757E+01
 0.12429904963456E+01
 0.12405453046859E+01
 0.12381512240167E+01
 0.12358067116199E+01
 0.12335102820999E+01
 0.12312605031953E+01
 0.12290560051366E+01
 0.12268954633751E+01
 0.12247776018191E+01
 0.12227011937306E+01
 0.12206650537185E+01
 0.12186680527790E+01
 0.12167090853218E+01
 0.12147870938742E+01
 0.12129010569770E+01
 0.12110499856719E+01
 0.12092329334905E+01
 0.12074489907053E+01
 0.12056972594784E+01
 0.12039768885973E+01
 0.12022870506189E+01
 0.12006269468662E+01
 0.11989958161477E+01
 0.11973929011986E+01
 0.11958174829637E+01
 0.11942688607599E+01
 0.11927463657264E+01
 0.11912493438184E+01
 0.11897771714674E+01
 0.11883292182857E+01
 0.11869049005129E+01
 0.11855036469150E+01
 0.11841249070285E+01
 0.11827681385553E+01
 0.11814328174994E+01
 0.11801184416914E+01
 0.11788245200129E+01
 0.11775505778273E+01
 0.11762961537285E+01
 0.11750608009799E+01
 0.11738440841760E+01
 0.11726455842726E+01
 0.11714648907601E+01
 0.11703016089743E+01
 0.11691553530657E+01
 0.11680257491962E+01
 0.11669124333280E+01
 0.11658150530773E+01
 0.11647332650453E+01
 0.11636667347073E+01
 0.11626151392787E+01
