                  NaN
                  NaN
                  NaN
                  NaN
 0.10000000133514E-09
 0.10000000133514E-09
 0.10000000133514E-09
 0.10000000133514E-09
 0.10000000133514E-09
 0.10000000133517E-09
 0.10000000133562E-09
 0.10000000133997E-09
 0.10000000137718E-09
 0.10000000178510E-09
 0.10000000697605E-09
 0.10000006364511E-09
 0.13716745611467E-06
 0.13724249398112E-06
 0.66673050874272E-06
 0.12846869219983E-05
 0.22924319443594E-05
 0.38776072526916E-05
 0.62623762433737E-05
 0.97148227895949E-05
 0.14549312499710E-04
 0.21125849836756E-04
 0.29848751353963E-04
 0.41164831377173E-04
 0.55561542921572E-04
 0.73565174706439E-04
 0.95739670064552E-04
 0.12268521537805E-03
 0.15503771235936E-03
 0.19346899636622E-03
 0.23868691376270E-03
 0.29143538719615E-03
 0.35249623230207E-03
 0.42269082983221E-03
 0.50288092040605E-03
 0.59397063278118E-03
 0.69690902000043E-03
 0.81269075433762E-03
 0.94235918486082E-03
 0.10870084623608E-02
 0.12477857438162E-02
 0.14258939798441E-02
 0.16225917302940E-02
 0.18391971507812E-02
 0.20770901204422E-02
 0.23377147029256E-02
 0.26225793832752E-02
 0.29332616949995E-02
 0.32714078821860E-02
 0.36387370291547E-02
 0.40370411501808E-02
 0.44681888805315E-02
 0.49341281408214E-02
 0.54368838073254E-02
 0.59785647924276E-02
 0.65629778635017E-02
 0.71894178359039E-02
 0.78616627415251E-02
 0.85821784835226E-02
 0.93535280729532E-02
 0.10178372017125E-01
 0.11059464469129E-01
 0.11999668289247E-01
 0.13001957176660E-01
 0.14069403575729E-01
 0.15205203579473E-01
 0.16412670707332E-01
 0.17695223673983E-01
 0.19056429611764E-01
 0.20499980203250E-01
 0.22029699820651E-01
 0.23649536362365E-01
 0.25363613600978E-01
 0.27176194141654E-01
 0.29091710239325E-01
 0.31114735645651E-01
 0.33250031277490E-01
 0.35502548528266E-01
 0.37877396997083E-01
 0.40379920295073E-01
 0.43015629782987E-01
 0.45790273612681E-01
 0.48709783388650E-01
 0.51781625972542E-01
 0.55009970820031E-01
 0.58402542990614E-01
 0.61966255192821E-01
 0.65708362458749E-01
 0.69636367997849E-01
 0.73758044933549E-01
 0.78081461888862E-01
 0.82615079640472E-01
 0.87367588454253E-01
 0.92348055357701E-01
 0.97565898864249E-01
 0.10303081764647E+00
 0.10875299204324E+00
 0.11474282575516E+00
 0.12101119102337E+00
 0.12756931214878E+00
 0.13442883144930E+00
 0.14160176170284E+00
 0.14910144309234E+00
 0.15693863140338E+00
 0.16512743489739E+00
 0.17368134525510E+00
 0.18261424003332E+00
 0.19194025309509E+00
 0.20167402667585E+00
 0.21183046365015E+00
 0.22242450904911E+00
 0.23347170255426E+00
 0.24498756027545E+00
 0.25698793806712E+00
 0.26948856687607E+00
 0.28250516865231E+00
 0.29605356458322E+00
 0.31014881180853E+00
 0.32480583152195E+00
 0.34003818455977E+00
 0.35586030466890E+00
 0.37227997583971E+00
 0.38930468339426E+00
 0.40694016465070E+00
 0.42518540728192E+00
 0.44403319700184E+00
 0.46346917999405E+00
 0.48346678400915E+00
 0.50398926654463E+00
 0.52498414945524E+00
 0.54638473734273E+00
 0.56810754581307E+00
 0.59005325014371E+00
 0.61210769869269E+00
 0.63414723580588E+00
 0.65603945923405E+00
 0.67765351798023E+00
 0.69885795515403E+00
 0.71953121404003E+00
 0.73956516660716E+00
 0.75886822450178E+00
 0.77736796202375E+00
 0.79501121709814E+00
 0.81176413668187E+00
 0.82761073036976E+00
 0.84255090192878E+00
 0.85659710629686E+00
 0.86977350696406E+00
 0.88211092219668E+00
 0.89364633481248E+00
 0.90442037023472E+00
 0.91447523474938E+00
 0.92385446867581E+00
 0.93260026058306E+00
 0.94075369480209E+00
 0.94835472388401E+00
 0.95544100454320E+00
 0.96204835694629E+00
 0.96821017289537E+00
 0.97395756613099E+00
 0.97931985421470E+00
 0.98432399695487E+00
 0.98899502155315E+00
 0.99335613244985E+00
 0.99742880971074E+00
 0.10012330175524E+01
 0.10047870628173E+01
 0.10081080597483E+01
 0.10112117145697E+01
 0.10141127077788E+01
 0.10168244881644E+01
 0.10193596212271E+01
 0.10217297368684E+01
 0.10239456866214E+01
 0.10260174062391E+01
 0.10279542406506E+01
 0.10297648607432E+01
 0.10314572705997E+01
 0.10330389836760E+01
 0.10345170243945E+01
 0.10358977796836E+01
 0.10371874000858E+01
 0.10383914611200E+01
 0.10395152818946E+01
 0.10405637682175E+01
 0.10415414967151E+01
 0.10424527715438E+01
 0.10433015951165E+01
 0.10440917236997E+01
 0.10448266672164E+01
 0.10455097068559E+01
 0.10461439136616E+01
 0.10467321715916E+01
 0.10472771852468E+01
 0.10477814788041E+01
 0.10482480549549E+01
 0.10486778638742E+01
 0.10490736444771E+01
 0.10494373662241E+01
 0.10497708657698E+01
 0.10500758768421E+01
 0.10503540296017E+01
 0.10506068539000E+01
 0.10508357874088E+01
 0.10510421887823E+01
 0.10512273297781E+01
 0.10513924167230E+01
 0.10515385759760E+01
 0.10516668701201E+01
 0.10517783103934E+01
 0.10518738432503E+01
 0.10519543551864E+01
 0.10520206882945E+01
 0.10520736393079E+01
 0.10521139574414E+01
 0.10521423507439E+01
 0.10521594877085E+01
 0.10521660007159E+01
 0.10521624849962E+01
 0.10521495054745E+01
 0.10521275937531E+01
 0.10520972557069E+01
 0.10520589662490E+01
 0.10520131764457E+01
 0.10519603131481E+01
 0.10519007795428E+01
 0.10518349590570E+01
 0.10517632131823E+01
 0.10516858826352E+01
 0.10516032943690E+01
 0.10515157563280E+01
 0.10514235591858E+01
 0.10513269762171E+01
 0.10512262754181E+01
 0.10511217024525E+01
 0.10510134975453E+01
 0.10509018776340E+01
 0.10507870541832E+01
 0.10506692294485E+01
 0.10505485971219E+01
 0.10504253335127E+01
 0.10502996116775E+01
 0.10501715927643E+01
 0.10500414330835E+01
 0.10499092798560E+01
 0.10497752755855E+01
 0.10496395472673E+01
 0.10495022268686E+01
 0.10493634283864E+01
 0.10492232679017E+01
 0.10490818538627E+01
 0.10489392870198E+01
 0.10487956654276E+01
 0.10486510795154E+01
 0.10485056210336E+01
 0.10483593659631E+01
 0.10482124039571E+01
 0.10480648025012E+01
 0.10479166346712E+01
 0.10477679674128E+01
 0.10476188648329E+01
 0.10474693883712E+01
 0.10473196038959E+01
 0.10471695552366E+01
 0.10470192984180E+01
 0.10468688820476E+01
 0.10467183534124E+01
 0.10465677669151E+01
 0.10464171547087E+01
 0.10462665584669E+01
 0.10461160143254E+01
 0.10459655617756E+01
 0.10458152343787E+01
 0.10456650738702E+01
 0.10455150913431E+01
 0.10453653257114E+01
 0.10452158055930E+01
 0.10450665614573E+01
 0.10449176153142E+01
 0.10447689892400E+01
 0.10446207064480E+01
 0.10444727870836E+01
 0.10443252516851E+01
 0.10441781182842E+01
 0.10440314050442E+01
 0.10438851281572E+01
 0.10437393036972E+01
 0.10435939458283E+01
 0.10434490686689E+01
 0.10433046853696E+01
 0.10431608083434E+01
 0.10430174483523E+01
 0.10428746169648E+01
 0.10427323238865E+01
 0.10425905783725E+01
 0.10424493895408E+01
