 0.10963120135019E+01
 0.10963120131949E+01
 0.10963120098811E+01
 0.10963119959204E+01
 0.10963119580722E+01
 0.10963118780497E+01
 0.10963117329475E+01
 0.10963114964922E+01
 0.10963111453546E+01
 0.10963106725916E+01
 0.10963101104744E+01
 0.10963095590068E+01
 0.10963092132835E+01
 0.10963093853661E+01
 0.10963105142990E+01
 0.10963131649606E+01
 0.10963180168328E+01
 0.10963258436573E+01
 0.10963374898186E+01
 0.10963538432773E+01
 0.10963758090057E+01
 0.10964042849231E+01
 0.10964401401929E+01
 0.10964841959666E+01
 0.10965372130903E+01
 0.10965998800044E+01
 0.10966728042605E+01
 0.10967565079492E+01
 0.10968514257402E+01
 0.10969579038039E+01
 0.10970762014511E+01
 0.10972064939236E+01
 0.10973488756295E+01
 0.10975033644539E+01
 0.10976699075626E+01
 0.10978483864214E+01
 0.10980386231628E+01
 0.10982403857141E+01
 0.10984533944148E+01
 0.10986773283153E+01
 0.10989118309481E+01
 0.10991565161327E+01
 0.10994109736694E+01
 0.10996747748291E+01
 0.10999474776763E+01
 0.11002286314983E+01
 0.11005177823610E+01
 0.11008144762811E+01
 0.11011182638083E+01
 0.11014287036338E+01
 0.11017453661982E+01
 0.11020678362655E+01
 0.11023957155656E+01
 0.11027286260048E+01
 0.11030662110895E+01
 0.11034081375536E+01
 0.11037540992095E+01
 0.11041038162666E+01
 0.11044570367831E+01
 0.11048135605105E+01
 0.11051731563147E+01
 0.11055356806975E+01
 0.11059010040862E+01
 0.11062690283978E+01
 0.11066396884997E+01
 0.11070129515642E+01
 0.11073888169717E+01
 0.11077673175158E+01
 0.11081485176998E+01
 0.11085325152587E+01
 0.11089194400526E+01
 0.11093094543116E+01
 0.11097027529334E+01
 0.11100995628948E+01
 0.11105001429269E+01
 0.11109047840784E+01
 0.11113138071324E+01
 0.11117275652275E+01
 0.11121464448773E+01
 0.11125708632941E+01
 0.11130012676727E+01
 0.11134381382286E+01
 0.11138819892865E+01
 0.11143333559295E+01
 0.11147928165522E+01
 0.11152609776360E+01
 0.11157384761032E+01
 0.11162260418192E+01
 0.11167242785086E+01
 0.11172339681223E+01
 0.11177558793958E+01
 0.11182908180881E+01
 0.11188396218381E+01
 0.11194031641958E+01
 0.11199823513045E+01
 0.11205781284514E+01
 0.11211914704180E+01
 0.11218233894112E+01
 0.11224749310702E+01
 0.11231471715897E+01
 0.11238412274155E+01
 0.11245582368445E+01
 0.11252993722363E+01
 0.11260658305729E+01
 0.11268588334382E+01
 0.11276796371607E+01
 0.11285295406348E+01
 0.11294096961862E+01
 0.11303214254455E+01
 0.11312659833335E+01
 0.11322446069139E+01
 0.11332584988487E+01
 0.11343088198720E+01
 0.11353966628088E+01
 0.11365230133569E+01
 0.11376887636088E+01
 0.11388946556709E+01
 0.11401412498845E+01
 0.11414288813796E+01
 0.11427576179945E+01
 0.11441272093011E+01
 0.11455369911267E+01
 0.11469858511877E+01
 0.11484721271187E+01
 0.11499936294646E+01
 0.11515470845370E+01
 0.11531285503650E+01
 0.11547331352169E+01
 0.11563546794468E+01
 0.11579857395420E+01
 0.11596174727924E+01
 0.11612393600851E+01
 0.11628392781873E+01
 0.11644033882148E+01
 0.11659162171559E+01
 0.11673607851186E+01
 0.11687189731951E+01
 0.11699718191836E+01
 0.11711003188094E+01
 0.11720859410290E+01
 0.11729115876628E+01
 0.11735621132949E+01
 0.11740250380158E+01
 0.11742913370255E+01
 0.11743556184531E+01
 0.11742162934160E+01
 0.11738754036986E+01
 0.11733383663989E+01
 0.11726134473815E+01
 0.11717112478774E+01
 0.11706441648245E+01
 0.11694257097430E+01
 0.11680701865036E+01
 0.11665921562731E+01
 0.11650061225265E+01
 0.11633262014554E+01
 0.11615660149678E+01
 0.11597383669104E+01
 0.11578552579785E+01
 0.11559278135476E+01
 0.11539662444570E+01
 0.11519798530095E+01
 0.11499770293359E+01
 0.11479653492714E+01
 0.11459514223450E+01
 0.11439412425938E+01
 0.11419400400284E+01
 0.11399523753245E+01
 0.11379822062168E+01
 0.11360329366383E+01
 0.11341074751058E+01
 0.11322082781710E+01
 0.11303374070225E+01
 0.11284965451460E+01
 0.11266870687339E+01
 0.11249100678743E+01
 0.11231663718799E+01
 0.11214565922759E+01
 0.11197811484375E+01
 0.11181402807501E+01
 0.11165340842472E+01
 0.11149625258915E+01
 0.11134254557900E+01
 0.11119226260512E+01
 0.11104537140619E+01
 0.11090183179383E+01
 0.11076159812865E+01
 0.11062461932060E+01
 0.11049084029041E+01
 0.11036020278082E+01
 0.11023264560739E+01
 0.11010810571172E+01
 0.10998651816604E+01
 0.10986781670694E+01
 0.10975193486195E+01
 0.10963880566867E+01
 0.10952836157186E+01
 0.10942053554508E+01
 0.10931526065692E+01
 0.10921247069096E+01
 0.10911210033663E+01
 0.10901408484240E+01
 0.10891836035274E+01
 0.10882486444603E+01
 0.10873353565716E+01
 0.10864431351217E+01
 0.10855713923116E+01
 0.10847195519228E+01
 0.10838870474344E+01
 0.10830733321006E+01
 0.10822778688508E+01
 0.10815001354390E+01
 0.10807396232080E+01
 0.10799958368549E+01
 0.10792682959054E+01
 0.10785565324050E+01
 0.10778600925471E+01
 0.10771785347092E+01
 0.10765114301124E+01
 0.10758583633221E+01
 0.10752189333689E+01
 0.10745927458004E+01
 0.10739794235828E+01
 0.10733785988575E+01
 0.10727899158250E+01
 0.10722130291498E+01
 0.10716476047488E+01
 0.10710933189464E+01
 0.10705498585340E+01
 0.10700169194685E+01
 0.10694942075590E+01
 0.10689814387133E+01
 0.10684783357092E+01
 0.10679846329269E+01
 0.10675000731096E+01
 0.10670244058135E+01
 0.10665573876108E+01
 0.10660987840066E+01
 0.10656483677236E+01
 0.10652059202531E+01
 0.10647712277243E+01
 0.10643440851631E+01
 0.10639242924432E+01
 0.10635116571510E+01
 0.10631059899992E+01
 0.10627071126763E+01
 0.10623148493583E+01
 0.10619290294189E+01
 0.10615494885575E+01
 0.10611760664516E+01
 0.10608086116553E+01
 0.10604469703303E+01
 0.10600910019498E+01
 0.10597405632815E+01
 0.10593955164698E+01
 0.10590557333864E+01
 0.10587210854520E+01
 0.10583914472074E+01
 0.10580666962907E+01
 0.10577467193754E+01
 0.10574314023882E+01
 0.10571206362047E+01
 0.10568143146087E+01
 0.10565123327591E+01
 0.10562145890904E+01
 0.10559209891310E+01
 0.10556314368903E+01
 0.10553458422672E+01
 0.10550641153757E+01
 0.10547861704862E+01
 0.10545119218862E+01
 0.10542412891763E+01
 0.10539741918102E+01
 0.10537105539755E+01
 0.10534502986224E+01
 0.10531933565251E+01
 0.10529396562422E+01
 0.10526891278831E+01
 0.10524417052958E+01
 0.10521973225816E+01
 0.10519559168222E+01
 0.10517174283416E+01
 0.10514817950273E+01
 0.10512489577747E+01
 0.10510188616655E+01
 0.10507914513371E+01
 0.10505666736352E+01
 0.10503444761440E+01
 0.10501248073782E+01
 0.10499076171843E+01
 0.10496928577049E+01
 0.10494804802145E+01
 0.10492704417172E+01
 0.10490626968590E+01
 0.10488572014522E+01
 0.10486539130603E+01
 0.10484527907005E+01
 0.10482537937718E+01
 0.10480568820209E+01
 0.10478620174448E+01
