 0.00000000000000E+00
-0.17261580854724E-22
-0.65821937945226E-21
-0.28579173867299E-20
-0.44266498548072E-20
-0.29602082362394E-20
-0.30113264318416E-19
-0.30740623991716E-19
 0.39941727084985E-19
 0.62956797935036E-20
-0.76863107922188E-19
-0.30968332317581E-19
-0.11462320971331E-18
-0.13307194898805E-18
-0.15296170164957E-18
 0.95295934374321E-19
-0.39468133042929E-18
-0.17272098198912E-18
-0.28270438495394E-18
-0.10702655648956E-18
-0.28551835798202E-19
 0.41979082019041E-19
 0.28769606026037E-18
 0.99827330059026E-18
 0.42548722316414E-18
 0.74505086313651E-18
-0.40941269804830E-19
 0.71583531179778E-18
-0.95820096738223E-18
 0.54320057951651E-17
 0.31378018050398E-17
 0.55087198193156E-17
-0.20394161039828E-13
 0.86564830863805E-13
 0.12028969998456E-16
 0.51816294596737E-17
-0.20867455587034E-12
 0.32217314800077E-13
-0.76523718207095E-13
 0.65247216609350E-12
 0.91069247746397E-10
-0.56459342950981E-09
-0.47446513973781E-09
 0.57967874073506E-09
 0.10179960841794E-09
-0.27822325927078E-09
 0.12462195008161E-10
-0.77944641612398E-10
-0.11342558612659E-09
-0.14858765661079E-09
 0.88686645423518E-10
 0.11862386068700E-09
-0.50060380589364E-10
 0.94363867282295E-10
 0.35743950986099E-09
 0.26228624312607E-10
 0.10934195184472E-09
 0.98618958175714E-09
 0.32384885880751E-10
-0.21196789966527E-10
-0.74883648827104E-10
-0.75747739407553E-10
-0.16049026897218E-09
 0.18645062251983E-09
 0.93892191038248E-10
-0.34762973574845E-10
 0.24704254736564E-10
 0.58910811976442E-12
 0.11990449291713E-09
-0.49450067186718E-11
 0.93385986633989E-10
 0.33337860828788E-10
-0.12599143171745E-10
 0.45604580483185E-12
 0.91119264541548E-13
-0.34061068329714E-10
 0.55222781642303E-10
 0.41858357897951E-10
-0.47754098716274E-10
-0.26767219490755E-10
 0.54010469604154E-10
 0.10554277550795E-09
-0.72825379550487E-10
 0.12177640549531E-11
 0.51615073529542E-11
-0.68880141030140E-10
 0.41641321204248E-10
-0.12629420268195E-10
 0.58514842325200E-10
-0.91751459920419E-11
-0.32778245160370E-10
-0.64391649176140E-10
 0.88969271171824E-11
 0.52364099050827E-10
-0.59750820485697E-10
-0.98300429978121E-10
 0.18532855923452E-09
-0.24842917613321E-09
-0.15575139254304E-10
 0.43153860250595E-10
-0.63259456984511E-10
-0.36068167591298E-10
-0.12870332021318E-09
-0.12104689465532E-09
 0.67736516511478E-11
 0.24883056293089E-10
-0.54967455795641E-10
 0.59762326576801E-10
-0.58558608576522E-10
 0.37306284504257E-10
 0.17297660915922E-11
 0.40341665931304E-10
-0.48567761585460E-10
 0.98033867442836E-11
-0.48592996835221E-10
 0.69771642659764E-11
-0.30106421707207E-09
-0.49522723603071E-10
 0.98147071695085E-10
-0.60382233723732E-10
-0.13458781366784E-10
-0.11846428794429E-09
-0.39885161247020E-10
-0.17108139401562E-09
-0.55701647339596E-10
-0.21067536405232E-10
 0.42439862896425E-10
 0.59311607204197E-10
 0.30486281454286E-10
-0.64070118817587E-10
 0.34060754227194E-10
-0.12630622345187E-11
 0.86620492651646E-10
 0.36925094334525E-10
-0.73896536244715E-10
 0.19470967066904E-10
 0.37415115675151E-11
 0.23176041441775E-10
 0.35849908427221E-10
 0.12298755737582E-10
 0.16106565997903E-10
-0.92127121798788E-10
 0.70588165668845E-11
-0.32496531398447E-10
-0.17232399204320E-10
 0.15010727867074E-10
 0.28541365329356E-10
-0.17492947759650E-10
-0.14313299666406E-10
 0.90261785601841E-10
 0.67827949983015E-10
 0.32174666824288E-13
 0.20660729876807E-10
-0.36063340082704E-11
 0.19220961920029E-10
 0.69390835319303E-10
 0.38858645659821E-10
-0.13554268504274E-10
-0.94542811012997E-10
 0.41366228855480E-10
-0.22167469563367E-10
-0.93379653652429E-12
-0.28330714809706E-10
 0.18907674733668E-12
-0.33472899612137E-11
 0.69753554882660E-11
 0.12356833814704E-10
-0.17951956860150E-11
-0.23400991973449E-10
 0.76718842559777E-10
 0.98497915066986E-11
 0.54180756553796E-10
-0.63166714622568E-11
 0.28738193066889E-12
-0.12724246773929E-11
-0.11783428027032E-10
-0.56983108438932E-08
 0.11278721114772E-10
-0.13121369324646E-11
-0.47777192512556E-11
 0.21924523747446E-11
-0.27463939840626E-11
-0.11435196702316E-11
 0.13287130362359E-12
 0.12293527732018E-11
-0.20037489699134E-11
-0.46881522402899E-11
-0.19495779189635E-11
-0.25317846113119E-11
-0.31031567607347E-11
 0.50551287145212E-12
 0.25636754273789E-11
 0.70175110696599E-11
 0.42791013273335E-11
 0.22518301010937E-12
 0.22687128395456E-11
 0.39568445902904E-11
-0.45655639470093E-11
-0.11029937543789E-10
-0.61036269035450E-11
-0.78787446127946E-11
-0.26684048285324E-11
 0.24873461647854E-11
-0.39155077476515E-11
 0.61980208334977E-11
-0.13192123118593E-10
 0.42101604491892E-11
 0.34548968607645E-11
 0.19576998202202E-10
-0.19152019210939E-10
 0.35523492022889E-11
-0.33696789522926E-11
-0.17870991387477E-10
 0.12191058263699E-11
-0.13700788021287E-10
-0.14741100056263E-10
-0.18977312662635E-11
 0.85831019353974E-11
 0.52498143595308E-11
-0.21160506539185E-12
 0.45802294440895E-12
-0.32278840083117E-11
-0.11244964116916E-11
 0.15891979737132E-10
 0.47211977443073E-11
-0.72842192936928E-12
-0.15857119753843E-11
 0.26061221132927E-12
-0.33932339263890E-11
 0.84834277556880E-12
-0.25207906449306E-11
-0.45397315018509E-12
-0.24329024314544E-11
-0.98098727980189E-11
-0.17151813176731E-11
 0.42395019728062E-12
-0.15899392498451E-11
-0.23025265286945E-11
 0.64396039000728E-12
 0.11851371166777E-11
 0.60687447633221E-09
-0.10680264674367E-10
 0.41504920722712E-11
-0.27663031330582E-11
 0.17073792361433E-11
-0.68816869332352E-11
-0.97613645492120E-12
-0.51405866883541E-11
-0.37139249845190E-11
 0.16378240200169E-11
-0.73294784846586E-11
 0.12752226257678E-11
 0.31727611987544E-11
 0.59618950851153E-12
-0.20799191488109E-11
-0.47535908021636E-11
 0.76173049372078E-12
-0.33805062259036E-12
 0.49046208365528E-11
 0.71169264488684E-11
-0.42484415347806E-11
 0.24029187470527E-11
 0.81233998376292E-12
 0.80684066058588E-12
-0.52399176828403E-11
 0.63608646181893E-12
-0.12745576555038E-11
 0.58774394583294E-11
 0.22373600291543E-11
-0.65281983870572E-11
-0.54826258361563E-12
-0.18416810917706E-12
-0.42793602913699E-11
-0.33753545472208E-11
 0.13394726816711E-11
-0.87907047347031E-12
 0.77297476247105E-12
 0.64634055814172E-12
 0.27362113816493E-11
 0.70083666163805E-12
 0.11948607324267E-11
-0.21661947440259E-12
-0.27212501819007E-11
-0.47055674659683E-12
 0.22475077332498E-11
-0.28074340164893E-11
 0.27231796672607E-11
-0.33993700084029E-13
-0.71127892649449E-12
 0.27098707047012E-11
-0.16081377216023E-10
-0.10376118271462E-10
-0.72972875194355E-11
-0.63843106876195E-11
-0.44933147314248E-11
 0.29354109613251E-10
-0.24003081295151E-11
-0.15788282417092E-11
-0.97197346556512E-11
 0.10200929245502E-11
