 0.92173030465821E+02
 0.92173030465775E+02
 0.92173030465283E+02
 0.92173030466360E+02
 0.92173030486036E+02
 0.92173030574413E+02
 0.92173030827464E+02
 0.92173031386471E+02
 0.92173032412735E+02
 0.92173033984396E+02
 0.92173035874873E+02
 0.92173037156646E+02
 0.92173035663114E+02
 0.92173027342529E+02
 0.92173005613904E+02
 0.92172960805406E+02
 0.92172879733192E+02
 0.92172745471992E+02
 0.92172537357783E+02
 0.92172231092924E+02
 0.92171799105278E+02
 0.92171211006829E+02
 0.92170434113858E+02
 0.92169433999212E+02
 0.92168175155991E+02
 0.92166621603994E+02
 0.92164737056434E+02
 0.92162485462143E+02
 0.92159831540401E+02
 0.92156740906819E+02
 0.92153179602279E+02
 0.92149116203198E+02
 0.92144519206771E+02
 0.92139356893590E+02
 0.92133603130024E+02
 0.92127225676296E+02
 0.92120200332408E+02
 0.92112499318561E+02
 0.92104096522133E+02
 0.92094966573903E+02
 0.92085084658173E+02
 0.92074426424687E+02
 0.92062968078160E+02
 0.92050686269342E+02
 0.92037558172792E+02
 0.92023561477843E+02
 0.92008674401382E+02
 0.91992875876993E+02
 0.91976144815878E+02
 0.91958461181977E+02
 0.91939805260290E+02
 0.91920157804849E+02
 0.91899499969711E+02
 0.91877813252024E+02
 0.91855079422961E+02
 0.91831280412592E+02
 0.91806398176179E+02
 0.91780414660661E+02
 0.91753311572196E+02
 0.91725070259547E+02
 0.91695671823697E+02
 0.91665096028652E+02
 0.91633322140909E+02
 0.91600328363845E+02
 0.91566091636319E+02
 0.91530587456855E+02
 0.91493789645136E+02
 0.91455670175190E+02
 0.91416199023893E+02
 0.91375343933902E+02
 0.91333070193843E+02
 0.91289340430241E+02
 0.91244114314165E+02
 0.91197349464536E+02
 0.91148999260517E+02
 0.91099014117377E+02
 0.91047340986307E+02
 0.90993923179031E+02
 0.90938700076903E+02
 0.90881607108070E+02
 0.90822576118128E+02
 0.90761533316507E+02
 0.90698401590924E+02
 0.90633098895532E+02
 0.90565538635660E+02
 0.90495599330411E+02
 0.90423238985888E+02
 0.90348330325430E+02
 0.90270766110341E+02
 0.90190434091769E+02
 0.90107216666116E+02
 0.90020988918633E+02
 0.89931621638252E+02
 0.89838979086027E+02
 0.89742918856485E+02
 0.89643293151350E+02
 0.89539947413915E+02
 0.89432721309688E+02
 0.89321445294427E+02
 0.89205944079974E+02
 0.89086036630167E+02
 0.88961532815523E+02
 0.88832235879515E+02
 0.88697941617062E+02
 0.88558437388591E+02
 0.88413503251957E+02
 0.88262911518024E+02
 0.88106425596197E+02
 0.87943800554086E+02
 0.87774783665129E+02
 0.87599113366948E+02
 0.87416519152704E+02
 0.87226722735547E+02
 0.87029436641254E+02
 0.86824363545989E+02
 0.86611200564157E+02
 0.86389634785524E+02
 0.86159343576693E+02
 0.85919999556667E+02
 0.85671264594381E+02
 0.85412794750400E+02
 0.85144195356104E+02
 0.84865190941974E+02
 0.84575377587431E+02
 0.84274388253602E+02
 0.83961852458807E+02
 0.83637393608705E+02
 0.83300633514215E+02
 0.82951195593162E+02
 0.82588701344974E+02
 0.82212775039235E+02
 0.81823044715725E+02
 0.81419143780171E+02
 0.81000711857966E+02
 0.80567398113071E+02
 0.80118860047838E+02
 0.79654771078082E+02
 0.79174816385902E+02
 0.78678696503213E+02
 0.78166131546564E+02
 0.77636860616979E+02
 0.77090642187276E+02
 0.76527257324391E+02
 0.75946511206253E+02
 0.75348229652053E+02
 0.74732270103328E+02
 0.74098508225628E+02
 0.73446849367423E+02
 0.72777221178131E+02
 0.72089579997572E+02
 0.71383905156578E+02
 0.70660201973822E+02
 0.69918502474082E+02
 0.69158817906434E+02
 0.68381312926998E+02
 0.67586044494165E+02
 0.66773146683323E+02
 0.65942779026145E+02
 0.65095119382892E+02
 0.64230384859180E+02
 0.63348819252705E+02
 0.62450705762246E+02
 0.61536360141139E+02
 0.60606154442091E+02
 0.59660503769633E+02
 0.58699880244164E+02
 0.57724820707515E+02
 0.56735940994433E+02
 0.55733931029623E+02
 0.54719575339010E+02
 0.53693757076413E+02
 0.52657465627370E+02
 0.51611804492690E+02
 0.50557996866225E+02
 0.49497388018948E+02
 0.48431447819870E+02
 0.47361768938447E+02
 0.46290054536238E+02
 0.45218106971407E+02
 0.44147816037670E+02
 0.43081136294881E+02
 0.42020056949868E+02
 0.40966584656413E+02
 0.39922711006300E+02
 0.38890379940998E+02
 0.37871463428077E+02
 0.36867722428185E+02
 0.35880799400909E+02
 0.34912193489278E+02
 0.33963256402981E+02
 0.33035112281290E+02
 0.32128775073120E+02
 0.31245054315837E+02
 0.30384588760716E+02
 0.29547850720739E+02
 0.28735147626496E+02
 0.27946653360413E+02
 0.27182397528732E+02
 0.26442292741210E+02
 0.25725912073383E+02
 0.25033431543974E+02
 0.24364258831439E+02
 0.23717962239944E+02
 0.23094052615219E+02
 0.22491998027426E+02
 0.21911231117326E+02
 0.21351158038654E+02
 0.20811165295914E+02
 0.20290628876609E+02
 0.19788915259369E+02
 0.19305392620968E+02
 0.18839430620943E+02
 0.18390405058222E+02
 0.17957697082535E+02
 0.17540704403796E+02
 0.17138836376921E+02
 0.16751515277042E+02
 0.16378180809071E+02
 0.16018288389882E+02
 0.15671315272935E+02
 0.15336744654745E+02
 0.15014088860982E+02
 0.14702873796937E+02
 0.14402643406989E+02
 0.14112959104972E+02
 0.13833399145236E+02
 0.13563558856749E+02
 0.13303049712341E+02
 0.13051499716741E+02
 0.12808551669801E+02
 0.12573863304417E+02
 0.12347107028037E+02
 0.12127969489758E+02
 0.11916150343334E+02
 0.11711361813797E+02
 0.11513329183485E+02
 0.11321789111426E+02
 0.11136489680188E+02
 0.10957189976294E+02
 0.10783659122687E+02
 0.10615676802169E+02
 0.10453031819866E+02
 0.10295521963991E+02
 0.10142953780243E+02
 0.99951421880616E+01
 0.98519100694856E+01
 0.97130877836521E+01
 0.95785126675906E+01
 0.94480292003916E+01
 0.93214883893702E+01
 0.91987472350406E+01
 0.90796690625742E+01
 0.89641226686588E+01
 0.88519823767014E+01
 0.87431276396865E+01
 0.86374428582467E+01
 0.85348170656494E+01
 0.84351440069700E+01
 0.83383215631165E+01
 0.82442517339639E+01
 0.81528404784008E+01
 0.80639973980219E+01
 0.79776358060845E+01
 0.78936723596117E+01
 0.78120269871964E+01
 0.77326226854676E+01
 0.76553855135808E+01
 0.75802443038250E+01
 0.75071306513502E+01
 0.74359787556207E+01
 0.73667252799491E+01
 0.72993092662163E+01
 0.72336721177816E+01
 0.71697573511754E+01
 0.71075105546222E+01
 0.70468793567608E+01
 0.69878133097321E+01
 0.69302637951407E+01
 0.68741839001699E+01
 0.68195285067198E+01
 0.67662540225213E+01
 0.67143184462764E+01
 0.66636812709200E+01
 0.66143034598708E+01
 0.65661471926063E+01
 0.65191761580859E+01
 0.64733551805785E+01
 0.64286503546088E+01
 0.63850288747146E+01
 0.63424591627857E+01
 0.63009106367683E+01
 0.62603537287205E+01
 0.62207599086882E+01
 0.61821016471020E+01
 0.61443522418929E+01
 0.61074859507730E+01
 0.60714777382766E+01
 0.60363035976556E+01
 0.60019401885954E+01
 0.59683649099154E+01
