 0.13586514181776E+03
 0.13586514181785E+03
 0.13586514181958E+03
 0.13586514182786E+03
 0.13586514184526E+03
 0.13586514185850E+03
 0.13586514182749E+03
 0.13586514168146E+03
 0.13586514132835E+03
 0.13586514069337E+03
 0.13586513980584E+03
 0.13586513895405E+03
 0.13586513890382E+03
 0.13586514116540E+03
 0.13586514827096E+03
 0.13586516402676E+03
 0.13586519371307E+03
 0.13586524420940E+03
 0.13586532398511E+03
 0.13586544311842E+03
 0.13586561311061E+03
 0.13586584668596E+03
 0.13586615754306E+03
 0.13586656011760E+03
 0.13586706918361E+03
 0.13586769949732E+03
 0.13586846601126E+03
 0.13586938349248E+03
 0.13587046611214E+03
 0.13587172750081E+03
 0.13587318151792E+03
 0.13587483958734E+03
 0.13587671424073E+03
 0.13587881929477E+03
 0.13588116230461E+03
 0.13588375981244E+03
 0.13588661893001E+03
 0.13588975244541E+03
 0.13589317203526E+03
 0.13589688941633E+03
 0.13590091663378E+03
 0.13590526625116E+03
 0.13590995123599E+03
 0.13591498515068E+03
 0.13592038210235E+03
 0.13592615679981E+03
 0.13593232458197E+03
 0.13593890109662E+03
 0.13594590383219E+03
 0.13595334992199E+03
 0.13596125769840E+03
 0.13596964636680E+03
 0.13597853609354E+03
 0.13598794808332E+03
 0.13599790463862E+03
 0.13600842929201E+03
 0.13601954694980E+03
 0.13603128384935E+03
 0.13604366783490E+03
 0.13605672843434E+03
 0.13607049664155E+03
 0.13608500625094E+03
 0.13610029266745E+03
 0.13611639357674E+03
 0.13613334908879E+03
 0.13615120187316E+03
 0.13616999737785E+03
 0.13618978392234E+03
 0.13621061282905E+03
 0.13623253863658E+03
 0.13625561926999E+03
 0.13627991622902E+03
 0.13630549491112E+03
 0.13633242327446E+03
 0.13636077465636E+03
 0.13639062617127E+03
 0.13642205910908E+03
 0.13645515917406E+03
 0.13649001678805E+03
 0.13652672711808E+03
 0.13656538957087E+03
 0.13660611033953E+03
 0.13664899953815E+03
 0.13669417311598E+03
 0.13674175245112E+03
 0.13679190204274E+03
 0.13684468752392E+03
 0.13690028024879E+03
 0.13695882658090E+03
 0.13702047907542E+03
 0.13708539699139E+03
 0.13715374866574E+03
 0.13722570802616E+03
 0.13730145714014E+03
 0.13738118670375E+03
 0.13746509552238E+03
 0.13755339090946E+03
 0.13764628827500E+03
 0.13774401541370E+03
 0.13784680831956E+03
 0.13795491192286E+03
 0.13806858379514E+03
 0.13818809199588E+03
 0.13831371601317E+03
 0.13844574837766E+03
 0.13858449356611E+03
 0.13873026899740E+03
 0.13888340688766E+03
 0.13904425403197E+03
 0.13921317153077E+03
 0.13939053669454E+03
 0.13957674375468E+03
 0.13977220302061E+03
 0.13997734318838E+03
 0.14019261201908E+03
 0.14041847541580E+03
 0.14065542008675E+03
 0.14090395522138E+03
 0.14116460703810E+03
 0.14143792803642E+03
 0.14172449151286E+03
 0.14202495109620E+03
 0.14233982260700E+03
 0.14266980401296E+03
 0.14301556479232E+03
 0.14337780315028E+03
 0.14375724388117E+03
 0.14415463674231E+03
 0.14457075848996E+03
 0.14500641690232E+03
 0.14546244416129E+03
 0.14593970046155E+03
 0.14643907399852E+03
 0.14696148187193E+03
 0.14750786799214E+03
 0.14807920730189E+03
 0.14867649851563E+03
 0.14930077168878E+03
 0.14995308646975E+03
 0.15063452923831E+03
 0.15134621784428E+03
 0.15208930050530E+03
 0.15286495761829E+03
 0.15367440160188E+03
 0.15451888536648E+03
 0.15539969040887E+03
 0.15631814850312E+03
 0.15727562735941E+03
 0.15827354749523E+03
 0.15931337782860E+03
 0.16039664738076E+03
 0.16152494404315E+03
 0.16269991902336E+03
 0.16392337678279E+03
 0.16519697891338E+03
 0.16652269732554E+03
 0.16790250532111E+03
 0.16933848059848E+03
 0.17083281233099E+03
 0.17238778511646E+03
 0.17400579800732E+03
 0.17568936263464E+03
 0.17744111651595E+03
 0.17926378674884E+03
 0.18116022095193E+03
 0.18313337591539E+03
 0.18518629606121E+03
 0.18732208848237E+03
 0.18954393469990E+03
 0.19185504373424E+03
 0.19425862325651E+03
 0.19675785517512E+03
 0.19935584772737E+03
 0.20205559279663E+03
 0.20485991457211E+03
 0.20777141357470E+03
 0.21079240443281E+03
 0.21392487841863E+03
 0.21717044917508E+03
 0.22053029110810E+03
 0.22400510940094E+03
 0.22759512987377E+03
 0.23130004410832E+03
 0.23511901432248E+03
 0.23905069051694E+03
 0.24309322234774E+03
 0.24724432183456E+03
 0.25150124933782E+03
 0.25586087144927E+03
 0.26031965997162E+03
 0.26487409409460E+03
 0.26952010896367E+03
 0.27425360483412E+03
 0.27907034668129E+03
 0.28396601414131E+03
 0.28893631873485E+03
 0.29397685229183E+03
 0.29908333603189E+03
 0.30425150104553E+03
 0.30947683332123E+03
 0.31475586756905E+03
 0.32008426613541E+03
 0.32545811168524E+03
 0.33087361512304E+03
 0.33632707902338E+03
 0.34181491866685E+03
 0.34733366438609E+03
 0.35287995858308E+03
 0.35845052964080E+03
 0.36404224405506E+03
 0.36965203318263E+03
 0.37527693318385E+03
 0.38091407136597E+03
 0.38656071657560E+03
 0.39221415041212E+03
 0.39787175770270E+03
 0.40353103267411E+03
 0.40918951472740E+03
 0.41484483577533E+03
 0.42049462085938E+03
 0.42613675962320E+03
 0.43176901916011E+03
 0.43738929966419E+03
 0.44299555948343E+03
 0.44858581535140E+03
 0.45415815504531E+03
 0.45971071443103E+03
 0.46524169395697E+03
 0.47074933887873E+03
 0.47623196343120E+03
 0.48168793787526E+03
 0.48711568193028E+03
 0.49251365708468E+03
 0.49788039051503E+03
 0.50321446907731E+03
 0.50851451200443E+03
 0.51377920245821E+03
 0.51900727267541E+03
 0.52419750260458E+03
 0.52934873298330E+03
 0.53445983339758E+03
 0.53952973499472E+03
 0.54455742168916E+03
 0.54954192388665E+03
 0.55448231562658E+03
 0.55937771595179E+03
 0.56422729374169E+03
 0.56903027294311E+03
 0.57378591260088E+03
 0.57849351828131E+03
 0.58315245456544E+03
 0.58776210923367E+03
 0.59232192592606E+03
 0.59683138723631E+03
 0.60129002075393E+03
 0.60569739433622E+03
 0.61005312253316E+03
 0.61435684924606E+03
 0.61860826654856E+03
 0.62280710241581E+03
 0.62695312246600E+03
 0.63104613421138E+03
 0.63508597319171E+03
 0.63907251523956E+03
 0.64300566910824E+03
 0.64688538023640E+03
 0.65071162113632E+03
 0.65448440204323E+03
 0.65820375949946E+03
 0.66186976139956E+03
 0.66548250644324E+03
 0.66904211903287E+03
 0.67254874733369E+03
 0.67600256971523E+03
 0.67940379168788E+03
 0.68275263802598E+03
 0.68604935814006E+03
 0.68929422293593E+03
 0.69248752887697E+03
 0.69562958469904E+03
 0.69872072509854E+03
 0.70176130025763E+03
 0.70475167697630E+03
 0.70769223708087E+03
 0.71058338609094E+03
 0.71342553383170E+03
 0.71621910979655E+03
 0.71896455462879E+03
 0.72166232477182E+03
 0.72431288044724E+03
 0.72691669842883E+03
 0.72947426562673E+03
 0.73198607635594E+03
 0.73445262836230E+03
 0.73687443471275E+03
 0.73925200816488E+03
 0.74158588147262E+03
 0.74387657322657E+03
 0.74612461838178E+03
 0.74833055771294E+03
