 0.46338014095909E+03
 0.46338014096003E+03
 0.46338014099229E+03
 0.46338014127253E+03
 0.46338014248772E+03
 0.46338014601897E+03
 0.46338015386737E+03
 0.46338016705720E+03
 0.46338017837337E+03
 0.46338015258718E+03
 0.46337999025739E+03
 0.46337947881272E+03
 0.46337824182033E+03
 0.46337569854299E+03
 0.46337104259797E+03
 0.46336324271984E+03
 0.46335106369999E+03
 0.46333310265368E+03
 0.46330783471663E+03
 0.46327366232837E+03
 0.46322896389365E+03
 0.46317213854365E+03
 0.46310164490907E+03
 0.46301603321403E+03
 0.46291397068601E+03
 0.46279426040918E+03
 0.46265585358858E+03
 0.46249785730412E+03
 0.46231953838344E+03
 0.46212032289758E+03
 0.46189979255194E+03
 0.46165767960551E+03
 0.46139385884692E+03
 0.46110833870920E+03
 0.46080125243943E+03
 0.46047284488058E+03
 0.46012346427315E+03
 0.45975354817619E+03
 0.45936361285759E+03
 0.45895424234765E+03
 0.45852607672910E+03
 0.45807980148745E+03
 0.45761613729666E+03
 0.45713583023379E+03
 0.45663964300545E+03
 0.45612834666356E+03
 0.45560271315876E+03
 0.45506350979221E+03
 0.45451148874736E+03
 0.45394738858938E+03
 0.45337192547679E+03
 0.45278579055208E+03
 0.45218964677774E+03
 0.45158412657006E+03
 0.45096983003974E+03
 0.45034732353376E+03
 0.44971713864174E+03
 0.44907977246698E+03
 0.44843568692867E+03
 0.44778530929324E+03
 0.44712903461639E+03
 0.44646722050431E+03
 0.44580019492307E+03
 0.44512825402525E+03
 0.44445166444902E+03
 0.44377066421130E+03
 0.44308546393459E+03
 0.44239624867219E+03
 0.44170317952975E+03
 0.44100639468927E+03
 0.44030601076577E+03
 0.43960212422868E+03
 0.43889481094707E+03
 0.43818413523270E+03
 0.43747013880026E+03
 0.43675285015525E+03
 0.43603228360730E+03
 0.43530843970548E+03
 0.43458130642053E+03
 0.43385085981350E+03
 0.43311706859057E+03
 0.43237988086784E+03
 0.43163924204605E+03
 0.43089508635501E+03
 0.43014733804896E+03
 0.42939588919259E+03
 0.42864068776870E+03
 0.42788161121917E+03
 0.42711854692993E+03
 0.42635137458914E+03
 0.42557996858644E+03
 0.42480418089586E+03
 0.42402386677516E+03
 0.42323886748134E+03
 0.42244901365285E+03
 0.42165412986681E+03
 0.42085402765501E+03
 0.42004851485121E+03
 0.41923737020248E+03
 0.41842037110989E+03
 0.41759729781866E+03
 0.41676789475686E+03
 0.41593190429596E+03
 0.41508905643655E+03
 0.41423906671050E+03
 0.41338163691691E+03
 0.41251645573684E+03
 0.41164319473809E+03
 0.41076150976027E+03
 0.40987104249864E+03
 0.40897141828319E+03
 0.40806224573892E+03
 0.40714311778456E+03
 0.40621360957619E+03
 0.40527327583048E+03
 0.40432166252219E+03
 0.40335829444591E+03
 0.40238267934967E+03
 0.40139430516849E+03
 0.40039264755730E+03
 0.39937716396581E+03
 0.39834725108485E+03
 0.39730243075487E+03
 0.39624206610894E+03
 0.39516556333516E+03
 0.39407232373239E+03
 0.39296172941740E+03
 0.39183315486940E+03
 0.39068598255468E+03
 0.38951958439467E+03
 0.38833333810767E+03
 0.38712662881756E+03
 0.38589885264360E+03
 0.38464942025760E+03
 0.38337776379272E+03
 0.38208333678897E+03
 0.38076563644724E+03
 0.37942419058155E+03
 0.37805856868013E+03
 0.37666839895030E+03
 0.37525337220650E+03
 0.37381324237234E+03
 0.37234784412924E+03
 0.37085709948158E+03
 0.36934102833269E+03
 0.36779976764908E+03
 0.36623355941460E+03
 0.36464278500948E+03
 0.36302796512539E+03
 0.36138979075899E+03
 0.35972911732944E+03
 0.35804698692269E+03
 0.35634466005523E+03
 0.35462356357702E+03
 0.35288555046208E+03
 0.35113256586613E+03
 0.34936690331128E+03
 0.34759122358458E+03
 0.34580847577819E+03
 0.34402205677050E+03
 0.34223573608973E+03
 0.34045375479781E+03
 0.33868082348396E+03
 0.33692218294885E+03
 0.33518359680779E+03
 0.33347140209990E+03
 0.33179253234771E+03
 0.33015449659199E+03
 0.32856539367306E+03
 0.32703393626594E+03
 0.32556935094517E+03
 0.32418137940523E+03
 0.32288019436255E+03
 0.32167632433707E+03
 0.32058051560320E+03
 0.31960363851899E+03
 0.31875652397907E+03
 0.31804981334933E+03
 0.31749378525929E+03
 0.31709820097108E+03
 0.31687213346956E+03
 0.31682382497084E+03
 0.31696054525856E+03
 0.31728848006025E+03
 0.31781265038616E+03
 0.31853688925365E+03
 0.31946377192248E+03
 0.32059464540565E+03
 0.32192964603266E+03
 0.32346773709157E+03
 0.32520693729493E+03
 0.32714414729452E+03
 0.32927544814522E+03
 0.33159614403330E+03
 0.33410086916871E+03
 0.33678375893084E+03
 0.33963840834981E+03
 0.34265814522523E+03
 0.34583599842713E+03
 0.34916382002961E+03
 0.35263638254297E+03
 0.35624539367654E+03
 0.35998357284743E+03
 0.36384371553082E+03
 0.36781869811944E+03
 0.37190152493553E+03
 0.37608536021332E+03
 0.38036353868308E+03
 0.38472956265616E+03
 0.38917716010248E+03
 0.39370023413357E+03
 0.39829289773656E+03
 0.40294946990031E+03
 0.40766452238765E+03
 0.41243276661780E+03
 0.41724913298731E+03
 0.42210877658104E+03
 0.42700701251721E+03
 0.43193936053513E+03
 0.43690145077067E+03
 0.44188926117374E+03
 0.44689877065112E+03
 0.45192617947966E+03
 0.45696784055702E+03
 0.46202025295607E+03
 0.46708007198557E+03
 0.47214408024456E+03
 0.47720920147110E+03
 0.48227247726155E+03
 0.48733108534489E+03
 0.49238232387490E+03
 0.49742360197932E+03
 0.50245242798232E+03
 0.50746643009550E+03
 0.51246334671420E+03
 0.51744099772059E+03
 0.52239731157529E+03
 0.52733030852488E+03
 0.53223809702960E+03
 0.53711888375892E+03
 0.54197094009994E+03
 0.54679263218083E+03
 0.55158241036272E+03
 0.55633880111649E+03
 0.56106040241245E+03
 0.56574588339196E+03
 0.57039398764179E+03
 0.57500353678108E+03
 0.57957340954487E+03
 0.58410255160937E+03
 0.58858998699470E+03
 0.59303478096809E+03
 0.59743607173208E+03
 0.60179305265930E+03
 0.60610497725590E+03
 0.61037115347455E+03
 0.61459094949216E+03
 0.61876377550302E+03
 0.62288910189152E+03
 0.62696644608500E+03
 0.63099537387944E+03
 0.63497550293810E+03
 0.63890648846080E+03
 0.64278803489892E+03
 0.64661988803105E+03
 0.65040183827490E+03
 0.65413371067248E+03
 0.65781537516150E+03
 0.66144673463203E+03
 0.66502772976478E+03
 0.66855833806233E+03
 0.67203856834499E+03
 0.67546845871675E+03
 0.67884808253831E+03
 0.68217754516785E+03
 0.68545697577274E+03
 0.68868653257909E+03
 0.69186639938769E+03
 0.69499678946551E+03
 0.69807793210051E+03
 0.70111008601909E+03
 0.70409352881138E+03
 0.70702855785464E+03
 0.70991548861698E+03
 0.71275466300944E+03
 0.71554643012039E+03
 0.71829116119821E+03
 0.72098924115620E+03
 0.72364107303005E+03
 0.72624706591504E+03
 0.72880764754848E+03
 0.73132325781407E+03
 0.73379434597740E+03
 0.73622136657468E+03
 0.73860479118572E+03
 0.74094509277719E+03
 0.74324276588156E+03
 0.74549829243247E+03
 0.74771217216431E+03
 0.74988491200979E+03
