 0.00000000000000E+00
 0.00000000000000E+00
 0.00000000000000E+00
 0.00000000000000E+00
 0.11019753867043E-35
 0.23360231772262E-31
 0.28753821219216E-28
 0.59753018928974E-26
 0.37930467059188E-24
 0.10497636885621E-22
 0.15885290959164E-21
 0.15284435653831E-20
 0.10380911795698E-19
 0.53625205850951E-19
 0.22254694221176E-18
 0.77307741126154E-18
 0.23195797854405E-17
 0.61602180395571E-17
 0.14764143094147E-16
 0.32446206450549E-16
 0.66324738606918E-16
 0.12812634039423E-15
 0.23951041979291E-15
 0.45133183962335E-15
 0.91159010095882E-15
 0.20836574013834E-14
 0.53796133689243E-14
 0.14832579690632E-13
 0.41151520490536E-13
 0.11082868123061E-12
 0.57043590210639E-08
 0.77155459399961E-08
 0.10248040392483E-07
 0.29405200511454E-07
 0.37838217671154E-07
 0.75487645567673E-07
 0.11647714388567E-06
 0.17574131014442E-06
 0.25974308808798E-06
 0.37665382159227E-06
 0.53665185904894E-06
 0.75224323151401E-06
 0.10386042429359E-05
 0.14139428903029E-05
 0.18998781667555E-05
 0.25218347388910E-05
 0.33094516439939E-05
 0.42970030352983E-05
 0.55238334544521E-05
 0.70347956901250E-05
 0.88807021420471E-05
 0.11118783343040E-04
 0.13813152069763E-04
 0.17035275679212E-04
 0.20864444115435E-04
 0.25388248126479E-04
 0.30703059835123E-04
 0.36914527316452E-04
 0.44138045753963E-04
 0.52499237343796E-04
 0.62134470706716E-04
 0.73191305110891E-04
 0.85829019115492E-04
 0.10021909952445E-03
 0.11654572581411E-03
 0.13500621429426E-03
 0.15581154358036E-03
 0.17918688496730E-03
 0.20537208578488E-03
 0.23462208329609E-03
 0.26720738056095E-03
 0.30341472772830E-03
 0.34354737800171E-03
 0.38792553761823E-03
 0.43688733478119E-03
 0.49078902073271E-03
 0.55000532364204E-03
 0.61492971240693E-03
 0.68597602224530E-03
 0.76357806896465E-03
 0.84819007875426E-03
 0.94028791344816E-03
 0.10403686932175E-02
 0.11489527177079E-02
 0.12665825607132E-02
 0.13939726878079E-02
 0.15314434770260E-02
 0.16797371769029E-02
 0.18394952511537E-02
 0.20113849523808E-02
 0.21961010053534E-02
 0.23943660695884E-02
 0.26069306675551E-02
 0.28345748352866E-02
 0.30781097282760E-02
 0.33383755553479E-02
 0.36162435135906E-02
 0.39126168400233E-02
 0.42284349662448E-02
 0.45646702508319E-02
 0.49223311933363E-02
 0.53024591876390E-02
 0.57061339020043E-02
 0.61344724468396E-02
 0.65886328942162E-02
 0.70698103210912E-02
 0.75792393572109E-02
 0.81181981942473E-02
 0.86880065043259E-02
 0.92900241146529E-02
 0.99256554067682E-02
 0.10596350059236E-01
 0.11303597544929E-01
 0.12048933876594E-01
 0.12833944819577E-01
 0.13660246845542E-01
 0.14529506890726E-01
 0.15443441744798E-01
 0.16403793711921E-01
 0.17412361030732E-01
 0.18470970996582E-01
 0.19581706012944E-01
 0.20746065863481E-01
 0.21966180487876E-01
 0.23244005753114E-01
 0.24581517767096E-01
 0.25980726506547E-01
 0.27443648375971E-01
 0.28972306624123E-01
 0.30568729587714E-01
 0.32234940355909E-01
 0.33972949131076E-01
 0.35784745082053E-01
 0.37672293188611E-01
 0.39637518273896E-01
 0.41682310381511E-01
 0.43808492473452E-01
 0.46017837700030E-01
 0.48312052377923E-01
 0.50692758350058E-01
 0.53161496508546E-01
 0.55719725289695E-01
 0.58368807179256E-01
 0.61110003418285E-01
 0.63944489491199E-01
 0.66873308370142E-01
 0.69897435493221E-01
 0.73017724010905E-01
 0.76234942254552E-01
 0.79549754443402E-01
 0.82962734143100E-01
 0.86474371815788E-01
 0.90085066948469E-01
 0.93795359306824E-01
 0.97605084945475E-01
 0.10151464015670E+00
 0.10552412323054E+00
 0.10963355634610E+00
 0.11384291659984E+00
 0.11815206562567E+00
 0.12256079762828E+00
 0.12706878307242E+00
 0.13167558319439E+00
 0.13638058118894E+00
 0.14118298753016E+00
 0.14608180745155E+00
 0.15107576095274E+00
 0.15616326837840E+00
 0.16134239987766E+00
 0.16661077455216E+00
 0.17196553119224E+00
 0.17740325718832E+00
 0.18291992292506E+00
 0.18851082017080E+00
 0.19417051522936E+00
 0.19989279072719E+00
 0.20567061837939E+00
 0.21149616658911E+00
 0.21736082364494E+00
 0.22325522872514E+00
 0.22916932904419E+00
 0.23509253938544E+00
 0.24101380597626E+00
 0.24692177940127E+00
 0.25280499409348E+00
 0.25865198548519E+00
 0.26445158540780E+00
 0.27019296638653E+00
 0.27586582880047E+00
 0.28146046222887E+00
 0.28696827094491E+00
 0.29238113437031E+00
 0.29769200676219E+00
 0.30289476611024E+00
 0.30798423925407E+00
 0.31295621393345E+00
 0.31780731342698E+00
 0.32253505922991E+00
 0.32713775837554E+00
 0.33161581297544E+00
 0.33596620301198E+00
 0.34019053613842E+00
 0.34428961406511E+00
 0.34826470474604E+00
 0.35211746347312E+00
 0.35584988188218E+00
 0.35946422627045E+00
 0.36296300198051E+00
 0.36634889129619E+00
 0.36962473687511E+00
 0.37279346800941E+00
 0.37585810105866E+00
 0.37882169986960E+00
 0.38168737201350E+00
 0.38445820333319E+00
 0.38713727416685E+00
 0.38972764345575E+00
 0.39223232748510E+00
 0.39465429440300E+00
 0.39699642317775E+00
 0.39926160548887E+00
 0.40145258408237E+00
 0.40357205730483E+00
 0.40562264133045E+00
 0.40760687470115E+00
 0.40952721415756E+00
 0.41138603705910E+00
 0.41318563901689E+00
 0.41492823103854E+00
 0.41661594889112E+00
 0.41825085024473E+00
 0.41983491372032E+00
 0.42137004210146E+00
 0.42285806589681E+00
 0.42430074669722E+00
 0.42569977257802E+00
 0.42705676773759E+00
 0.42837329138591E+00
 0.42965083881388E+00
 0.43089084692658E+00
 0.43209469232618E+00
 0.43326369727872E+00
 0.43439913053662E+00
 0.43550220889051E+00
 0.43657409927912E+00
 0.43761592093342E+00
 0.43862874760780E+00
 0.43961361053078E+00
 0.44057149766292E+00
 0.44150335711625E+00
 0.44241009902123E+00
 0.44329259630691E+00
 0.44415168730233E+00
 0.44498817595200E+00
 0.44580283413990E+00
 0.44659640328902E+00
 0.44736959515299E+00
 0.44812309289797E+00
 0.44885755277130E+00
 0.44957360567666E+00
 0.45027185731010E+00
 0.45095289016162E+00
 0.45161726369344E+00
 0.45226551572826E+00
 0.45289816350272E+00
 0.45351570459562E+00
 0.45411861745618E+00
 0.45470736218812E+00
 0.45528238190892E+00
 0.45584410274552E+00
 0.45639293494636E+00
 0.45692927402482E+00
 0.45745350005162E+00
 0.45796597954770E+00
 0.45846706559184E+00
 0.45895709855836E+00
 0.45943640613205E+00
 0.45990530444695E+00
 0.46036409841041E+00
 0.46081308174798E+00
 0.46125253816577E+00
 0.46168274111258E+00
 0.46210395454744E+00
 0.46251643289762E+00
 0.46292042266731E+00
 0.46331616081806E+00
 0.46370387695817E+00
 0.46408379245871E+00
 0.46445612155020E+00
 0.46482107076057E+00
 0.46517884005982E+00
 0.46552962287980E+00
 0.46587360595725E+00
 0.46621096978833E+00
 0.46654188931970E+00
 0.46686653353205E+00
 0.46718506630867E+00
 0.46749764574755E+00
 0.46780442514185E+00
 0.46810555301033E+00
