-0.00000000000000E+00
-0.45787993606571E-04
-0.25304599996102E-02
-0.31889990841282E-01
-0.19238902878356E+00
-0.77240709108910E+00
-0.23527514096003E+01
-0.59132338726814E+01
-0.12953955340048E+02
-0.25474439784740E+02
-0.45942513271230E+02
-0.76954232486793E+02
-0.12078867057249E+03
-0.17850069401845E+03
-0.24885932359079E+03
-0.32710017176381E+03
-0.40340534597417E+03
-0.46136821759640E+03
-0.47664636879850E+03
-0.41544753442447E+03
-0.23334498175719E+03
 0.12570124555266E+03
 0.73001072998566E+03
 0.16606656599904E+04
 0.30107366829488E+04
 0.48858597503996E+04
 0.74022653421919E+04
 0.10685755929012E+05
 0.14871066361247E+05
 0.20101903327462E+05
 0.26524575739475E+05
 0.34285479508985E+05
 0.43533470078049E+05
 0.54419222432214E+05
 0.67085897201861E+05
 0.81680190700246E+05
 0.98335505934309E+05
 0.11718502968257E+06
 0.13835707472362E+06
 0.16197023151378E+06
 0.18813666671515E+06
 0.21696585372657E+06
 0.24856302687828E+06
 0.28303026075456E+06
 0.32046787214268E+06
 0.36097609397994E+06
 0.40465657604849E+06
 0.45160906672477E+06
 0.50195445970087E+06
 0.55580361426236E+06
 0.61328225928651E+06
 0.67452673876059E+06
 0.73968608357549E+06
 0.80892373406998E+06
 0.88241911127945E+06
 0.96036971241264E+06
 0.10429928290743E+07
 0.11305262730658E+07
 0.12232309568436E+07
 0.13213920114960E+07
 0.14253209177504E+07
 0.15353547784824E+07
 0.16518609257321E+07
 0.17752340577656E+07
 0.19059015442739E+07
 0.20443225714034E+07
 0.21909900340562E+07
 0.23464315752537E+07
 0.25112094848993E+07
 0.26859244195329E+07
 0.28712162522166E+07
 0.30677650814153E+07
 0.32762933640684E+07
 0.34975577719346E+07
 0.37323692001285E+07
 0.39815810441124E+07
 0.42460938186327E+07
 0.45268574450786E+07
 0.48248725464675E+07
 0.51411930129726E+07
 0.54769277188303E+07
 0.58332422576938E+07
 0.62113642513869E+07
 0.66125812821361E+07
 0.70382421281927E+07
 0.74899165860574E+07
 0.79688240985243E+07
 0.84766554710251E+07
 0.90150543793855E+07
 0.95857398983908E+07
 0.10190516612389E+08
 0.10831281480997E+08
 0.11510019182604E+08
 0.12228811418041E+08
 0.12989846800150E+08
 0.13795413665657E+08
 0.14647911901480E+08
 0.15549863238934E+08
 0.16503902404440E+08
 0.17512795648853E+08
 0.18579455949779E+08
 0.19706916609717E+08
 0.20898363588994E+08
 0.22157142671281E+08
 0.23486759878535E+08
 0.24890884949551E+08
 0.26373363650621E+08
 0.27938227524644E+08
 0.29589700017586E+08
 0.31332201467631E+08
 0.33170362695369E+08
 0.35109033512359E+08
 0.37153284977499E+08
 0.39308425859789E+08
 0.41580012556328E+08
 0.43973842591517E+08
 0.46495981785771E+08
 0.49152775708675E+08
 0.51950823443351E+08
 0.54897036010237E+08
 0.57998612486342E+08
 0.61263282581933E+08
 0.64698419741585E+08
 0.68312361153865E+08
 0.72113548193363E+08
 0.76110756901299E+08
 0.80313107888976E+08
 0.84730045616411E+08
 0.89371353273246E+08
 0.94247151091519E+08
 0.99367903362231E+08
 0.10474440724964E+09
 0.11038779369445E+09
 0.11630952790658E+09
 0.12252139472504E+09
 0.12903550318714E+09
 0.13586426484256E+09
 0.14302040145113E+09
 0.15051691075889E+09
 0.15836706690138E+09
 0.16658441297168E+09
 0.17518274485010E+09
 0.18417609586969E+09
 0.19357870952072E+09
 0.20340507715758E+09
 0.21366983892224E+09
 0.22438784136276E+09
 0.23557408759216E+09
 0.24724376095534E+09
 0.25941216822988E+09
 0.27209476299474E+09
 0.28530708504720E+09
 0.29906479995347E+09
 0.31338390444945E+09
 0.32827984063449E+09
 0.34376888863589E+09
 0.35986697776992E+09
 0.37659022200347E+09
 0.39395484423543E+09
 0.41197706326595E+09
 0.43067319744066E+09
 0.45005957602204E+09
 0.47015265223339E+09
 0.49096884228326E+09
 0.51252463381627E+09
 0.53483658231852E+09
 0.55792124574735E+09
 0.58179525401495E+09
 0.60647525346427E+09
 0.63197800165415E+09
 0.65832018082172E+09
 0.68551857063181E+09
 0.71359000168177E+09
 0.74255140536903E+09
 0.77241968849124E+09
 0.80321189900951E+09
 0.83494511823847E+09
 0.86763655263130E+09
 0.90130350577152E+09
 0.93596338274744E+09
 0.97163368978808E+09
 0.10083321267373E+10
 0.10460765116154E+10
 0.10848848234149E+10
 0.11247751788007E+10
 0.11657657506029E+10
 0.12078750455054E+10
 0.12511217769492E+10
 0.12955246051220E+10
 0.13411024713654E+10
 0.13878745259292E+10
 0.14358599977989E+10
 0.14850782242758E+10
 0.15355487240313E+10
 0.15872911848119E+10
 0.16403254348143E+10
 0.16946713074275E+10
 0.17503488804542E+10
 0.18073782747829E+10
 0.18657797602773E+10
 0.19255736547499E+10
 0.19867804243868E+10
 0.20494206259022E+10
 0.21135149604209E+10
 0.21790841273611E+10
 0.22461489778155E+10
 0.23147304408797E+10
 0.23848496058397E+10
 0.24565275803809E+10
 0.25297856342217E+10
 0.26046450633440E+10
 0.26811272498876E+10
 0.27592537225772E+10
 0.28390462458838E+10
 0.29205264209363E+10
 0.30037160117615E+10
 0.30886370273255E+10
 0.31753114496963E+10
 0.32637614005289E+10
 0.33540090557379E+10
 0.34460767188419E+10
 0.35399868437955E+10
 0.36357619157946E+10
 0.37334245728552E+10
 0.38329975239155E+10
 0.39345035776497E+10
 0.40379656115516E+10
 0.41434066822463E+10
 0.42508498538742E+10
 0.43603183521091E+10
 0.44718354658920E+10
 0.45854245980289E+10
 0.47011092558697E+10
 0.48189130124196E+10
 0.49388595771198E+10
 0.50609727333578E+10
 0.51852763739998E+10
 0.53117944624527E+10
 0.54405510534639E+10
 0.55715703911298E+10
 0.57048766567382E+10
 0.58404942182337E+10
 0.59784475674194E+10
 0.61187612446814E+10
 0.62614598863823E+10
 0.64065682019349E+10
 0.65541110114211E+10
 0.67041132632623E+10
 0.68565999611794E+10
 0.70115961847941E+10
 0.71691271260602E+10
 0.73292180859388E+10
 0.74918944261217E+10
 0.76571816048320E+10
 0.78251051791510E+10
 0.79956907891875E+10
 0.81689642076820E+10
 0.83449511849474E+10
 0.85236776546746E+10
 0.87051696348479E+10
 0.88894531978784E+10
 0.90765545507891E+10
 0.92664999309032E+10
 0.94593156891802E+10
 0.96550282696883E+10
 0.98536642203193E+10
 0.10055250118212E+11
 0.10259812705280E+11
 0.10467378755389E+11
 0.10677975139181E+11
 0.10891628834067E+11
 0.11108366883180E+11
 0.11328216425788E+11
 0.11551204682397E+11
 0.11777358958797E+11
 0.12006706660362E+11
 0.12239275262879E+11
 0.12475092329239E+11
 0.12714185555746E+11
 0.12956582644583E+11
 0.13202311426794E+11
 0.13451399843499E+11
 0.13703875885167E+11
 0.13959767577598E+11
 0.14219103211339E+11
 0.14481910928650E+11
 0.14748219116992E+11
 0.15018056207435E+11
 0.15291450736648E+11
 0.15568431252835E+11
 0.15849026434796E+11
 0.16133265130925E+11
 0.16421176157563E+11
 0.16712788420288E+11
 0.17008130952653E+11
 0.17307232866479E+11
 0.17610123463181E+11
 0.17916831915771E+11
 0.18227387606776E+11
 0.18541820018243E+11
