 0.69215140312587E+01
 0.69215140312587E+01
 0.69215140312604E+01
 0.69215140312797E+01
 0.69215140313856E+01
 0.69215140317681E+01
 0.69215140328104E+01
 0.69215140351586E+01
 0.69215140398021E+01
 0.69215140480596E+01
 0.69215140615587E+01
 0.69215140820115E+01
 0.69215141109212E+01
 0.69215141489834E+01
 0.69215141953862E+01
 0.69215142469876E+01
 0.69215142973123E+01
 0.69215143355400E+01
 0.69215143456162E+01
 0.69215143052544E+01
 0.69215141851542E+01
 0.69215139483563E+01
 0.69215135498025E+01
 0.69215129360176E+01
 0.69215120456197E+01
 0.69215108089398E+01
 0.69215091493217E+01
 0.69215069837963E+01
 0.69215042235032E+01
 0.69215007736652E+01
 0.69214965377886E+01
 0.69214914193227E+01
 0.69214853200943E+01
 0.69214781407303E+01
 0.69214697868136E+01
 0.69214601615951E+01
 0.69214491770930E+01
 0.69214367454680E+01
 0.69214227820953E+01
 0.69214072087623E+01
 0.69213899514928E+01
 0.69213709380871E+01
 0.69213500991410E+01
 0.69213273673345E+01
 0.69213026765066E+01
 0.69212759605518E+01
 0.69212471524301E+01
 0.69212161863555E+01
 0.69211829825963E+01
 0.69211474680387E+01
 0.69211095597619E+01
 0.69210691678447E+01
 0.69210261939981E+01
 0.69209805304301E+01
 0.69209320588091E+01
 0.69208806488819E+01
 0.69208261573405E+01
 0.69207684273433E+01
 0.69207072868135E+01
 0.69206425477018E+01
 0.69205740045805E+01
 0.69205014351239E+01
 0.69204245970692E+01
 0.69203432301054E+01
 0.69202570523740E+01
 0.69201657610327E+01
 0.69200690310079E+01
 0.69199665143088E+01
 0.69198578400944E+01
 0.69197426122201E+01
 0.69196204086771E+01
 0.69194907809275E+01
 0.69193532524970E+01
 0.69192073243458E+01
 0.69190524616731E+01
 0.69188881016480E+01
 0.69187136503636E+01
 0.69185284813284E+01
 0.69183319346123E+01
 0.69181233151543E+01
 0.69179018916304E+01
 0.69176668953091E+01
 0.69174175165501E+01
 0.69171529061680E+01
 0.69168721746175E+01
 0.69165742865876E+01
 0.69162584378320E+01
 0.69159235132321E+01
 0.69155684287518E+01
 0.69151920506281E+01
 0.69147931887027E+01
 0.69143705918942E+01
 0.69139229512688E+01
 0.69134488939047E+01
 0.69129469763693E+01
 0.69124156894603E+01
 0.69118534504061E+01
 0.69112585960761E+01
 0.69106293888172E+01
 0.69099640042338E+01
 0.69092605211606E+01
 0.69085169390763E+01
 0.69077311567783E+01
 0.69069009676577E+01
 0.69060240594253E+01
 0.69050980118175E+01
 0.69041202884771E+01
 0.69030882305237E+01
 0.69019990525131E+01
 0.69008498391469E+01
 0.68996375363095E+01
 0.68983589454564E+01
 0.68970107221264E+01
 0.68955893650837E+01
 0.68940912097771E+01
 0.68925124326273E+01
 0.68908490331085E+01
 0.68890968261951E+01
 0.68872514596642E+01
 0.68853083755644E+01
 0.68832628259653E+01
 0.68811097129736E+01
 0.68788441736603E+01
 0.68764607094885E+01
 0.68739537532084E+01
 0.68713175168515E+01
 0.68685459851983E+01
 0.68656329294451E+01
 0.68625718973894E+01
 0.68593562145425E+01
 0.68559789795024E+01
 0.68524330713308E+01
 0.68487111489572E+01
 0.68448056508542E+01
 0.68407088046928E+01
 0.68364126243291E+01
 0.68319089241062E+01
 0.68271893137778E+01
 0.68222452210794E+01
 0.68170678914620E+01
 0.68116483929942E+01
 0.68059776270265E+01
 0.68000463383046E+01
 0.67938451329716E+01
 0.67873644536992E+01
 0.67805946450311E+01
 0.67735259153820E+01
 0.67661483699091E+01
 0.67584519949031E+01
 0.67504266952485E+01
 0.67420622790115E+01
 0.67333484973956E+01
 0.67242750186573E+01
 0.67148312926402E+01
 0.67050071349815E+01
 0.66947918086227E+01
 0.66841748078722E+01
 0.66731455052574E+01
 0.66616932014632E+01
 0.66498071998775E+01
 0.66374767382362E+01
 0.66246910470753E+01
 0.66114392751761E+01
 0.65977105957321E+01
 0.65834941348230E+01
 0.65687789737861E+01
 0.65535541923285E+01
 0.65378088227020E+01
 0.65215318863219E+01
 0.65047123312543E+01
 0.64873391552416E+01
 0.64694012917708E+01
 0.64508876407378E+01
 0.64317870355589E+01
 0.64120883258744E+01
 0.63917802682247E+01
 0.63708515971529E+01
 0.63492909646707E+01
 0.63270869587305E+01
 0.63042281003403E+01
 0.62807028438040E+01
 0.62564995157326E+01
 0.62316063647976E+01
 0.62060115335060E+01
 0.61797030735674E+01
 0.61526689996493E+01
 0.61248971062362E+01
 0.60963750514523E+01
 0.60670905285433E+01
 0.60370310453286E+01
 0.60061839718484E+01
 0.59745366262154E+01
 0.59420762551058E+01
 0.59087899855788E+01
 0.58746648331854E+01
 0.58396877208467E+01
 0.58038455680595E+01
 0.57671251331252E+01
 0.57295131459291E+01
 0.56909962381046E+01
 0.56515610096618E+01
 0.56111939627556E+01
 0.55698815398360E+01
 0.55276100881112E+01
 0.54843659559151E+01
 0.54401353915493E+01
 0.53949045918709E+01
 0.53486596480885E+01
 0.53013866392758E+01
 0.52530715376426E+01
 0.52037002980775E+01
 0.51532588186463E+01
 0.51017329007391E+01
 0.50491081902669E+01
 0.49953704408680E+01
 0.49405052987462E+01
 0.48844982485632E+01
 0.48273347927206E+01
 0.47690003415596E+01
 0.47094802696360E+01
 0.46487598673487E+01
 0.45868243258808E+01
 0.45236588158111E+01
 0.44592484069310E+01
 0.43935781222569E+01
 0.43266329190277E+01
 0.42583977090941E+01
 0.41888572861667E+01
 0.41179964389994E+01
 0.40457998498114E+01
 0.39722521590965E+01
 0.38973379322519E+01
 0.38210416657264E+01
 0.37433478126676E+01
 0.36642407362410E+01
 0.35837047508433E+01
 0.35017240986676E+01
 0.34182829753841E+01
 0.33333655164223E+01
 0.32469557323322E+01
 0.31590376750875E+01
 0.30695952735580E+01
 0.29786123749264E+01
 0.28860727943341E+01
 0.27919602836239E+01
 0.26962585464609E+01
 0.25989512135216E+01
 0.25000218308401E+01
 0.23994539079796E+01
 0.22972309044450E+01
 0.21933362056562E+01
 0.20877531251406E+01
 0.19804649363725E+01
 0.18714548491621E+01
 0.17607060081205E+01
 0.16482015031007E+01
 0.15339243364825E+01
 0.14178575254371E+01
 0.12999839661943E+01
 0.11802864993911E+01
 0.10587479297684E+01
 0.93535097328864E+00
 0.81007832593015E+00
 0.68291260872617E+00
 0.55383638130285E+00
 0.42283213481280E+00
 0.28988234111923E+00
 0.15496936341424E+00
 0.18075543816038E-01
-0.12081683938339E+00
-0.26172557830708E+00
-0.40466850842448E+00
-0.54966352860598E+00
-0.69672859130169E+00
-0.84588170520732E+00
-0.99714094469728E+00
-0.11505244305831E+01
-0.13060503411233E+01
-0.14637369425669E+01
-0.16236025050372E+01
-0.17856653836462E+01
-0.19499440061015E+01
-0.21164568326594E+01
-0.22852223468748E+01
-0.24562592069113E+01
-0.26295859731321E+01
-0.28052213676166E+01
-0.29831841412045E+01
-0.31634931143807E+01
-0.33461671152358E+01
-0.35312250579940E+01
-0.37186859687272E+01
-0.39085688523699E+01
-0.41008927727086E+01
-0.42956768779322E+01
-0.44929403678494E+01
-0.46927025673099E+01
-0.48949827164774E+01
-0.50998001936964E+01
-0.53071744429473E+01
