 0.26504529431295E+01
 0.26504529431250E+01
 0.26504529430185E+01
 0.26504529423105E+01
 0.26504529398173E+01
 0.26504529336840E+01
 0.26504529215454E+01
 0.26504529007552E+01
 0.26504528693171E+01
 0.26504528284792E+01
 0.26504527890477E+01
 0.26504527817332E+01
 0.26504528715647E+01
 0.26504531737337E+01
 0.26504538691052E+01
 0.26504552170343E+01
 0.26504575637158E+01
 0.26504613458094E+01
 0.26504670909460E+01
 0.26504754100112E+01
 0.26504869909478E+01
 0.26505025889868E+01
 0.26505230150551E+01
 0.26505491231166E+01
 0.26505818031444E+01
 0.26506219741381E+01
 0.26506705576358E+01
 0.26507284761453E+01
 0.26507966563144E+01
 0.26508760173863E+01
 0.26509674354132E+01
 0.26510718300107E+01
 0.26511900415628E+01
 0.26513228246141E+01
 0.26514711018216E+01
 0.26516354479370E+01
 0.26518167124641E+01
 0.26520155100688E+01
 0.26522324503868E+01
 0.26524680962088E+01
 0.26527229540096E+01
 0.26529974679175E+01
 0.26532920211580E+01
 0.26536069272190E+01
 0.26539424301253E+01
 0.26542987003286E+01
 0.26546758314509E+01
 0.26550738429308E+01
 0.26554926531739E+01
 0.26559321112090E+01
 0.26563919714291E+01
 0.26568718966681E+01
 0.26573714550511E+01
 0.26578901179301E+01
 0.26584272582899E+01
 0.26589821480387E+01
 0.26595539551861E+01
 0.26601417466846E+01
 0.26607444826726E+01
 0.26613610168821E+01
 0.26619901082807E+01
 0.26626303772413E+01
 0.26632803535479E+01
 0.26639384551604E+01
 0.26646029901138E+01
 0.26652721557499E+01
 0.26659440364238E+01
 0.26666166053687E+01
 0.26672877255214E+01
 0.26679551479485E+01
 0.26686165112003E+01
 0.26692693402107E+01
 0.26699110432917E+01
 0.26705389486895E+01
 0.26711502349979E+01
 0.26717419810722E+01
 0.26723111552186E+01
 0.26728546141345E+01
 0.26733690988205E+01
 0.26738512375918E+01
 0.26742975698090E+01
 0.26747044586517E+01
 0.26750682026637E+01
 0.26753849700234E+01
 0.26756508158481E+01
 0.26758605368587E+01
 0.26760120234712E+01
 0.26760999934763E+01
 0.26761200071190E+01
 0.26760675128457E+01
 0.26759378395462E+01
 0.26757261260851E+01
 0.26754274389068E+01
 0.26750366918130E+01
 0.26745486456370E+01
 0.26739579428797E+01
 0.26732590773149E+01
 0.26724464294081E+01
 0.26715141333726E+01
 0.26704562285945E+01
 0.26692666475152E+01
 0.26679390935908E+01
 0.26664671336846E+01
 0.26648441855274E+01
 0.26630634723165E+01
 0.26611180746926E+01
 0.26590009166610E+01
 0.26567047261750E+01
 0.26542220587334E+01
 0.26515453252098E+01
 0.26486667566664E+01
 0.26455784062900E+01
 0.26422721953533E+01
 0.26387398702396E+01
 0.26349729944343E+01
 0.26309630697017E+01
 0.26267014203824E+01
 0.26221792011159E+01
 0.26173875778418E+01
 0.26123175204586E+01
 0.26069599901672E+01
 0.26013044091967E+01
 0.25953444167467E+01
 0.25890695343369E+01
 0.25824707280484E+01
 0.25755390313508E+01
 0.25682655338629E+01
 0.25606414659377E+01
 0.25526583773618E+01
 0.25443079424214E+01
 0.25355821981089E+01
 0.25264735440039E+01
 0.25169747990240E+01
 0.25070792354403E+01
 0.24967806858352E+01
 0.24860735001781E+01
 0.24749527909302E+01
 0.24634143114846E+01
 0.24514545324037E+01
 0.24390707864676E+01
 0.24262612332309E+01
 0.24130248760228E+01
 0.23993616310499E+01
 0.23852723595243E+01
 0.23707587580304E+01
 0.23558236430485E+01
 0.23404705397220E+01
 0.23247040136662E+01
 0.23085294070785E+01
 0.22919529923653E+01
 0.22749817543110E+01
 0.22576234903661E+01
 0.22398867644410E+01
 0.22217794815555E+01
 0.22033138610903E+01
 0.21844989018632E+01
 0.21653456483316E+01
 0.21458654985921E+01
 0.21260702179254E+01
 0.21059721340318E+01
 0.20855840229068E+01
 0.20649191237117E+01
 0.20439909243059E+01
 0.20228138231073E+01
 0.20014024693186E+01
 0.19797721261207E+01
 0.19579385743107E+01
 0.19359187437630E+01
 0.19137300267224E+01
 0.18913907373579E+01
 0.18689201624130E+01
 0.18463385101461E+01
 0.18236670096149E+01
 0.18009279114018E+01
 0.17781444716229E+01
 0.17553409460494E+01
 0.17325425674835E+01
 0.17097752358225E+01
 0.16870654015090E+01
 0.16644400235139E+01
 0.16419260978485E+01
 0.16195504195402E+01
 0.15973394837759E+01
 0.15753191473825E+01
 0.15535142313084E+01
 0.15319480421590E+01
 0.15106424202252E+01
 0.14896175992814E+01
 0.14688918886673E+01
 0.14484819340481E+01
 0.14284008309928E+01
 0.14086612918688E+01
 0.13892732339589E+01
 0.13702446652064E+01
 0.13515818202279E+01
 0.13332887743652E+01
 0.13153686092958E+01
 0.12978224138261E+01
 0.12806502356947E+01
 0.12638507178661E+01
 0.12474220953388E+01
 0.12313612020722E+01
 0.12156643609006E+01
 0.12003272059515E+01
 0.11853449702162E+01
 0.11707124978994E+01
 0.11564242559838E+01
 0.11424745200281E+01
 0.11288574605121E+01
 0.11155670159336E+01
 0.11025971321265E+01
 0.10899417128697E+01
 0.10775946605108E+01
 0.10655497363470E+01
 0.10538009650648E+01
 0.10423423517837E+01
 0.10311678729205E+01
 0.10202717222250E+01
 0.10096481023299E+01
 0.99929147187606E+00
 0.98919597996598E+00
 0.97935627016757E+00
 0.96976694807328E+00
 0.96042272379051E+00
 0.95131842733182E+00
 0.94244894385116E+00
 0.93380930864279E+00
 0.92539463803642E+00
 0.91720015262697E+00
 0.90922115636446E+00
 0.90145304525393E+00
 0.89389131419237E+00
 0.88653158483767E+00
 0.87936952894534E+00
 0.87240090024743E+00
 0.86562157225948E+00
 0.85902748416717E+00
 0.85261465932965E+00
 0.84637919883742E+00
 0.84031727462227E+00
 0.83442516773380E+00
 0.82869921662404E+00
 0.82313582871860E+00
 0.81773148043761E+00
 0.81248273258990E+00
 0.80738621821244E+00
 0.80243863189908E+00
 0.79763672601319E+00
 0.79297733591992E+00
 0.78845735528062E+00
 0.78407371012132E+00
 0.77982344303434E+00
 0.77570362715118E+00
 0.77171140060818E+00
 0.76784395495516E+00
 0.76409854514017E+00
 0.76047247011759E+00
 0.75696309521442E+00
 0.75356783083638E+00
 0.75028415103814E+00
 0.74710957176744E+00
 0.74404165664835E+00
 0.74107803170292E+00
 0.73821636016839E+00
 0.73545435851534E+00
 0.73278978419425E+00
 0.73022045018074E+00
 0.72774420079248E+00
 0.72535893718630E+00
 0.72306259544687E+00
 0.72085315051756E+00
 0.71872863199683E+00
 0.71668710536567E+00
 0.71472667130043E+00
 0.71284546374060E+00
 0.71104166879331E+00
 0.70931350120926E+00
 0.70765921664722E+00
 0.70607710016108E+00
 0.70456548232532E+00
 0.70312271965457E+00
 0.70174720630512E+00
 0.70043737200989E+00
 0.69919167296074E+00
 0.69800860323934E+00
 0.69688668148200E+00
 0.69582446788340E+00
 0.69482054132937E+00
 0.69387351557669E+00
 0.69298203546217E+00
 0.69214476892712E+00
 0.69136041586702E+00
 0.69062769855829E+00
 0.68994537402213E+00
 0.68931221712550E+00
 0.68872703805793E+00
 0.68818865292385E+00
 0.68769592796886E+00
 0.68724773832277E+00
 0.68684298194278E+00
