 0.11003733297191E+01
 0.11003733293926E+01
 0.11003733258756E+01
 0.11003733110890E+01
 0.11003732711308E+01
 0.11003731866943E+01
 0.11003730334000E+01
 0.11003727820619E+01
 0.11003723998508E+01
 0.11003718543107E+01
 0.11003711222533E+01
 0.11003702043823E+01
 0.11003691441862E+01
 0.11003680480822E+01
 0.11003671031184E+01
 0.11003665893212E+01
 0.11003668850749E+01
 0.11003684652103E+01
 0.11003718924363E+01
 0.11003778040349E+01
 0.11003868947623E+01
 0.11003998980215E+01
 0.11004175667391E+01
 0.11004406548522E+01
 0.11004699003014E+01
 0.11005060093154E+01
 0.11005496451355E+01
 0.11006014170773E+01
 0.11006618713797E+01
 0.11007314857104E+01
 0.11008106658265E+01
 0.11008997419889E+01
 0.11009989697831E+01
 0.11011085311436E+01
 0.11012285322499E+01
 0.11013590142594E+01
 0.11014999468648E+01
 0.11016512408565E+01
 0.11018127485598E+01
 0.11019842700882E+01
 0.11021655578350E+01
 0.11023563218164E+01
 0.11025562347973E+01
 0.11027649376865E+01
 0.11029820441934E+01
 0.11032071456016E+01
 0.11034398152599E+01
 0.11036796121590E+01
 0.11039260873347E+01
 0.11041787840443E+01
 0.11044372432785E+01
 0.11047010062723E+01
 0.11049696173376E+01
 0.11052426263072E+01
 0.11055195906162E+01
 0.11058000773501E+01
 0.11060836649683E+01
 0.11063699445890E+01
 0.11066585213429E+01
 0.11069490153650E+01
 0.11072410611291E+01
 0.11075343131117E+01
 0.11078284408274E+01
 0.11081231315366E+01
 0.11084180901952E+01
 0.11087130397568E+01
 0.11090077210226E+01
 0.11093018931089E+01
 0.11095953334547E+01
 0.11098878368523E+01
 0.11101792157951E+01
 0.11104693002853E+01
 0.11107579381329E+01
 0.11110449908444E+01
 0.11113303395593E+01
 0.11116138804767E+01
 0.11118955252382E+01
 0.11121752005790E+01
 0.11124528488783E+01
 0.11127284266427E+01
 0.11130019020471E+01
 0.11132732630531E+01
 0.11135425052639E+01
 0.11138096402678E+01
 0.11140746912965E+01
 0.11143377321967E+01
 0.11145987395354E+01
 0.11148578052066E+01
 0.11151150000129E+01
 0.11153704043991E+01
 0.11156241084015E+01
 0.11158762176587E+01
 0.11161268435272E+01
 0.11163761087383E+01
 0.11166241472235E+01
 0.11168710994104E+01
 0.11171171164848E+01
 0.11173623528979E+01
 0.11176069850322E+01
 0.11178511947027E+01
 0.11180951593061E+01
 0.11183390816816E+01
 0.11185831645454E+01
 0.11188276192555E+01
 0.11190726657406E+01
 0.11193185322293E+01
 0.11195654537371E+01
 0.11198136746009E+01
 0.11200634462897E+01
 0.11203150265937E+01
 0.11205686802362E+01
 0.11208246788453E+01
 0.11210832990647E+01
 0.11213448238889E+01
 0.11216095438730E+01
 0.11218777483492E+01
 0.11221497333353E+01
 0.11224257996563E+01
 0.11227062467042E+01
 0.11229913778898E+01
 0.11232814971115E+01
 0.11235769528101E+01
 0.11238779443368E+01
 0.11241848184835E+01
 0.11244978599801E+01
 0.11248173428918E+01
 0.11251435367145E+01
 0.11254766950437E+01
 0.11258170553243E+01
 0.11261648380588E+01
 0.11265202401544E+01
 0.11268834329158E+01
 0.11272545584101E+01
 0.11276337265641E+01
 0.11280210095225E+01
 0.11284164413914E+01
 0.11288200032707E+01
 0.11292316344254E+01
 0.11296512201565E+01
 0.11300785842433E+01
 0.11305134880667E+01
 0.11309556292971E+01
 0.11314046336978E+01
 0.11318600514759E+01
 0.11323213579560E+01
 0.11327879384890E+01
 0.11332591028382E+01
 0.11337340676306E+01
 0.11342119636567E+01
 0.11346918200792E+01
 0.11351725797490E+01
 0.11356530889324E+01
 0.11361320856483E+01
 0.11366082553750E+01
 0.11370800480888E+01
 0.11375459525438E+01
 0.11380043159444E+01
 0.11384533265055E+01
 0.11388911518608E+01
 0.11393157792735E+01
 0.11397251372777E+01
 0.11401170308885E+01
 0.11404891840887E+01
 0.11408391893562E+01
 0.11411645770493E+01
 0.11414627859021E+01
 0.11417311806373E+01
 0.11419670456241E+01
 0.11421676432112E+01
 0.11423301645230E+01
 0.11424518335296E+01
 0.11425298845221E+01
 0.11425615993978E+01
 0.11425443293305E+01
 0.11424755916192E+01
 0.11423530429531E+01
 0.11421745585790E+01
 0.11419382750260E+01
 0.11416426465873E+01
 0.11412864496341E+01
 0.11408688820189E+01
 0.11403895394377E+01
 0.11398484729283E+01
 0.11392461823400E+01
 0.11385836396827E+01
 0.11378622912877E+01
 0.11370840041997E+01
 0.11362510495306E+01
 0.11353660950810E+01
 0.11344321346172E+01
 0.11334524042351E+01
 0.11324304048243E+01
 0.11313697802218E+01
 0.11302742876751E+01
 0.11291477194366E+01
 0.11279938888695E+01
 0.11268165490988E+01
 0.11256193771805E+01
 0.11244059173108E+01
 0.11231795598477E+01
 0.11219435448531E+01
 0.11207009003179E+01
 0.11194544617781E+01
 0.11182068537636E+01
 0.11169604926219E+01
 0.11157175867650E+01
 0.11144801423924E+01
 0.11132499654209E+01
 0.11120286757629E+01
 0.11108177059127E+01
 0.11096183221969E+01
 0.11084316350238E+01
 0.11072586067565E+01
 0.11061000611749E+01
 0.11049566948085E+01
 0.11038290942660E+01
 0.11027177406169E+01
 0.11016230164711E+01
 0.11005452214124E+01
 0.10994845856389E+01
 0.10984412480172E+01
 0.10974153061465E+01
 0.10964067967714E+01
 0.10954157075399E+01
 0.10944419857929E+01
 0.10934855356496E+01
 0.10925462334772E+01
 0.10916239244260E+01
 0.10907184293930E+01
 0.10898295487954E+01
 0.10889570630800E+01
 0.10881007383598E+01
 0.10872603303088E+01
 0.10864355806676E+01
 0.10856262235603E+01
 0.10848319880972E+01
 0.10840525964305E+01
 0.10832877684267E+01
 0.10825372221053E+01
 0.10818006702767E+01
 0.10810778313469E+01
 0.10803684208873E+01
 0.10796721544290E+01
 0.10789887515170E+01
 0.10783179336242E+01
 0.10776594260994E+01
 0.10770129573336E+01
 0.10763782575523E+01
 0.10757550622885E+01
 0.10751431123682E+01
 0.10745421519142E+01
 0.10739519296648E+01
 0.10733721992255E+01
 0.10728027192529E+01
 0.10722432530859E+01
 0.10716935690090E+01
 0.10711534395547E+01
 0.10706226451516E+01
 0.10701009683945E+01
 0.10695881967002E+01
 0.10690841239855E+01
 0.10685885478260E+01
 0.10681012713027E+01
 0.10676221023282E+01
 0.10671508531880E+01
 0.10666873408112E+01
 0.10662313867312E+01
 0.10657828169910E+01
 0.10653414617458E+01
 0.10649071560159E+01
 0.10644797391264E+01
 0.10640590528156E+01
 0.10636449446101E+01
 0.10632372654865E+01
 0.10628358705032E+01
 0.10624406178625E+01
 0.10620513699268E+01
 0.10616679923368E+01
 0.10612903540984E+01
 0.10609183279609E+01
 0.10605517897933E+01
 0.10601906187712E+01
 0.10598346968178E+01
 0.10594839104305E+01
 0.10591381460611E+01
 0.10587972966909E+01
 0.10584612547564E+01
 0.10581299183863E+01
 0.10578031855656E+01
 0.10574809590637E+01
 0.10571631435225E+01
 0.10568496451017E+01
 0.10565403734071E+01
 0.10562352404892E+01
 0.10559341599171E+01
 0.10556370478120E+01
 0.10553438219143E+01
 0.10550544028933E+01
 0.10547687130278E+01
 0.10544866761479E+01
