 0.00000000000000E+00
-0.27775805928155E-05
-0.30275940199129E-04
-0.12160332004455E-03
-0.15281425584463E-02
-0.16463301044381E-02
-0.11132151952169E-02
-0.15130479539715E-02
-0.20192688098490E-02
-0.25279689849670E-02
-0.29639640780065E-02
-0.31843444574092E-02
-0.33093128437479E-02
-0.31388544156310E-02
-0.26054105526001E-02
-0.16778484926787E-02
-0.26669515737547E-03
 0.15822264619303E-02
 0.39332378380631E-02
 0.67569784108406E-02
 0.10042155784676E-01
 0.13762260880253E-01
 0.17879885176747E-01
 0.22349629956884E-01
 0.27125596712239E-01
 0.32155386626869E-01
 0.37389994024343E-01
 0.42773656023247E-01
 0.48256902213320E-01
 0.53796592992556E-01
 0.59341787442696E-01
 0.64848195110027E-01
 0.70276069415787E-01
 0.75590169416113E-01
 0.80761082574658E-01
 0.85762241345419E-01
 0.90572746384376E-01
 0.95176945734748E-01
 0.99560241000258E-01
 0.10371603642826E+00
 0.10764064035149E+00
 0.11133410806521E+00
 0.11479963285656E+00
 0.11804388612198E+00
 0.12107539021802E+00
 0.12390535792687E+00
 0.12654638167643E+00
 0.12901299629477E+00
 0.13132061023966E+00
 0.13348557043218E+00
 0.13552478354088E+00
 0.13745554073916E+00
 0.13929509033761E+00
 0.14106115542207E+00
 0.14277012287149E+00
 0.14443978554623E+00
 0.14608603102465E+00
 0.14772441140383E+00
 0.14937002809020E+00
 0.15103764506927E+00
 0.15274153343486E+00
 0.15449464089415E+00
 0.15630987189346E+00
 0.15819864902682E+00
 0.16017154415124E+00
 0.16223842364279E+00
 0.16440904856218E+00
 0.16669237758432E+00
 0.16909683420506E+00
 0.17163037592953E+00
 0.17429978745426E+00
 0.17711151744125E+00
 0.18007176040884E+00
 0.18318604275584E+00
 0.18645945184793E+00
 0.18989665222422E+00
 0.19350199658246E+00
 0.19727943842284E+00
 0.20123278274929E+00
 0.20536498065668E+00
 0.20967962870521E+00
 0.21417961089738E+00
 0.21886744892022E+00
 0.22374578324934E+00
 0.22881688137229E+00
 0.23408306918540E+00
 0.23954646335743E+00
 0.24520933958943E+00
 0.25107367670183E+00
 0.25714173813345E+00
 0.26341515250526E+00
 0.26989590935339E+00
 0.27658614977031E+00
 0.28348720792083E+00
 0.29060129102156E+00
 0.29793031324446E+00
 0.30547618553592E+00
 0.31324062963978E+00
 0.32122594727322E+00
 0.32943418989375E+00
 0.33786734436233E+00
 0.34652724071699E+00
 0.35541571925405E+00
 0.36453474268084E+00
 0.37388611513613E+00
 0.38347175518461E+00
 0.39329336572390E+00
 0.40335250749782E+00
 0.41365051804459E+00
 0.42418858616737E+00
 0.43496769492989E+00
 0.44598863274179E+00
 0.45725156909508E+00
 0.46875663786837E+00
 0.48050359637784E+00
 0.49249108645147E+00
 0.50471795288337E+00
 0.51718200462573E+00
 0.52988078590244E+00
 0.54281083325652E+00
 0.55596798692795E+00
 0.56934727273822E+00
 0.58294294471753E+00
 0.59674822579513E+00
 0.61075538208709E+00
 0.62495557847573E+00
 0.63933886906532E+00
 0.65389405950746E+00
 0.66860863298140E+00
 0.68346914024266E+00
 0.69846032031590E+00
 0.71356568006257E+00
 0.72876774618217E+00
 0.74404741321833E+00
 0.75938441629175E+00
 0.77475722326513E+00
 0.79014299547785E+00
 0.80551803507572E+00
 0.82085722135548E+00
 0.83613501682425E+00
 0.85132556527841E+00
 0.86640303742528E+00
 0.88134251307913E+00
 0.89612066735776E+00
 0.91071559336286E+00
 0.92510821688539E+00
 0.93928267480703E+00
 0.95322658677822E+00
 0.96693150086905E+00
 0.98039283671117E+00
 0.99360992751367E+00
 0.10065856107499E+01
 0.10193260697736E+01
 0.10318402324586E+01
 0.10441393696186E+01
 0.10562363853608E+01
 0.10681454619464E+01
 0.10798815675702E+01
 0.10914600036001E+01
 0.11028960879502E+01
 0.11142048205466E+01
 0.11254007218470E+01
 0.11364975617170E+01
 0.11475083504430E+01
 0.11584451827292E+01
 0.11693192069406E+01
 0.11801406245311E+01
 0.11909186851326E+01
 0.12016617087984E+01
 0.12123771433915E+01
 0.12230715679130E+01
 0.12337507948129E+01
 0.12444198879286E+01
 0.12550832441459E+01
 0.12657446335316E+01
 0.12764072623579E+01
 0.12870738278444E+01
 0.12977465571656E+01
 0.13084272278590E+01
 0.13191172798759E+01
 0.13298177991803E+01
 0.13405295885443E+01
 0.13512531692775E+01
 0.13619888207197E+01
 0.13727366210397E+01
 0.13834964561071E+01
 0.13942680504436E+01
 0.14050510077973E+01
 0.14158447768649E+01
 0.14266487076464E+01
 0.14374620735602E+01
 0.14482840342275E+01
 0.14591137032525E+01
 0.14699501376977E+01
 0.14807923251161E+01
 0.14916392186957E+01
 0.15024897500494E+01
 0.15133428143617E+01
 0.15241972720704E+01
 0.15350519785744E+01
 0.15459057968961E+01
 0.15567575560373E+01
 0.15676060859356E+01
 0.15784502228491E+01
 0.15892887987730E+01
 0.16001206560220E+01
 0.16109446491366E+01
 0.16217596235729E+01
 0.16325644541155E+01
 0.16433580334879E+01
 0.16541392472160E+01
 0.16649070149086E+01
 0.16756602601411E+01
 0.16863979361440E+01
 0.16971190076399E+01
 0.17078224588569E+01
 0.17185072934121E+01
 0.17291725498390E+01
 0.17398172540586E+01
 0.17504404975702E+01
 0.17610413427166E+01
 0.17716189250445E+01
 0.17821723630446E+01
 0.17927008209854E+01
 0.18032034739726E+01
 0.18136794999844E+01
 0.18241281420756E+01
 0.18345486353223E+01
 0.18449402377774E+01
 0.18553022367116E+01
 0.18656339438372E+01
 0.18759346796052E+01
 0.18862037971294E+01
 0.18964406640386E+01
 0.19066446638873E+01
 0.19168152185053E+01
 0.19269517464684E+01
 0.19370537020409E+01
 0.19471205563862E+01
 0.19571517919682E+01
 0.19671469199490E+01
 0.19771054617432E+01
 0.19870269653792E+01
 0.19969109922000E+01
 0.20067571224484E+01
 0.20165649476572E+01
 0.20263341103611E+01
 0.20360642140474E+01
 0.20457549158893E+01
 0.20554058707939E+01
 0.20650167700610E+01
 0.20745873007303E+01
 0.20841171668204E+01
 0.20936061133279E+01
 0.21030538613402E+01
 0.21124601690441E+01
 0.21218247970594E+01
 0.21311475356897E+01
 0.21404281803501E+01
 0.21496665352092E+01
 0.21588624158541E+01
 0.21680156607017E+01
 0.21771261076434E+01
 0.21861936090588E+01
 0.21952180395478E+01
 0.22041992677986E+01
 0.22131371942155E+01
 0.22220317113384E+01
 0.22308827459333E+01
 0.22396902061665E+01
 0.22484540187845E+01
 0.22571741279094E+01
 0.22658504782178E+01
 0.22744830280313E+01
 0.22830717542434E+01
 0.22916166219637E+01
 0.23001176382258E+01
 0.23085747669301E+01
 0.23169880165224E+01
 0.23253574070139E+01
 0.23336829356754E+01
 0.23419646389292E+01
 0.23502025412582E+01
 0.23583966797984E+01
 0.23665470909888E+01
 0.23746538369186E+01
 0.23827169704011E+01
 0.23907365523347E+01
 0.23987126374434E+01
 0.24066453106511E+01
 0.24145346515694E+01
 0.24223807432326E+01
 0.24301836799835E+01
 0.24379435415936E+01
 0.24456604365595E+01
 0.24533344669082E+01
 0.24609657458196E+01
 0.24685543799274E+01
 0.24761004802759E+01
 0.24836041767202E+01
