 0.35779898798956+250
 0.59816299709936+120
 0.32951834731116E+77
 0.77340930448699E+55
 0.81419203594133E+42
 0.18152559865926E+34
 0.11997418551075E+28
 0.27809889226846E+23
 0.69069232874076E+19
 0.90230022210530E+16
 0.39424497364637E+14
 0.42603062638167E+12
 0.92388928823772E+10
 0.34631965232980E+09
 0.20112763692734E+08
 0.16670434944485E+07
 0.18519720992176E+06
 0.18248564111989E+08
 0.31781620674612E+07
 0.31621109098525E+07
 0.14686704681415E+07
 0.72126687692756E+06
 0.37646885662082E+06
 0.20729549324889E+06
 0.11966217399286E+06
 0.72031668859928E+05
 0.45011306917620E+05
 0.29084426341108E+05
 0.19367768079447E+05
 0.13252876223528E+05
 0.92949299441855E+04
 0.66667843843425E+04
 0.48805133811898E+04
 0.36403027510303E+04
 0.27622367164808E+04
 0.21292957506840E+04
 0.16654324069600E+04
 0.13202426459166E+04
 0.10597012124828E+04
 0.86044924893604E+03
 0.70619696695429E+03
 0.58541497203472E+03
 0.48983180241665E+03
 0.41343658474603E+03
 0.35180834353920E+03
 0.30165875462617E+03
 0.26051531901924E+03
 0.22650081622603E+03
 0.19817643541884E+03
 0.17442954980651E+03
 0.15439236450571E+03
 0.13738281337329E+03
 0.12286062245587E+03
 0.11039484779866E+03
 0.99639347412469E+02
 0.90314351001954E+02
 0.82192323426051E+02
 0.75087065535581E+02
 0.68845417462383E+02
 0.63340784620687E+02
 0.58467818876518E+02
 0.54138591782903E+02
 0.50279328707040E+02
 0.46840798646703E+02
 0.43744007682792E+02
 0.40957556286167E+02
 0.38443234230398E+02
 0.36168315281628E+02
 0.34104643349276E+02
 0.32227954300942E+02
 0.30517242812614E+02
 0.28954228835802E+02
 0.27523026541366E+02
 0.26209765696354E+02
 0.25002265382409E+02
 0.23889811093140E+02
 0.22862990948495E+02
 0.21913472136493E+02
 0.21033890995425E+02
 0.20217686265806E+02
 0.19459023548684E+02
 0.18752702680809E+02
 0.18094061649860E+02
 0.17478940130996E+02
 0.16903578516156E+02
 0.16364605769152E+02
 0.15858969611592E+02
 0.15383901872062E+02
 0.14936913811182E+02
 0.14515738259790E+02
 0.14118302039594E+02
 0.13742707927002E+02
 0.13387588944162E+02
 0.13050681952188E+02
 0.12730861894280E+02
 0.12426785452532E+02
 0.12137206070771E+02
 0.11860989796807E+02
 0.11597067546478E+02
 0.11344449207073E+02
 0.11102207768540E+02
 0.10869479080816E+02
 0.10645454622568E+02
 0.10429375886228E+02
 0.10220513887252E+02
 0.10018192672886E+02
 0.98217696358637E+01
 0.96306355542774E+01
 0.94442050817467E+01
 0.92619191897703E+01
 0.90832468060512E+01
 0.89076896644964E+01
 0.87347622476934E+01
 0.85640771056853E+01
 0.83950512130925E+01
 0.82273303975602E+01
 0.80605197352968E+01
 0.78942413985953E+01
 0.77281435183074E+01
 0.75618924227001E+01
 0.73951849882709E+01
 0.72277429692468E+01
 0.70593206431222E+01
 0.68897007432759E+01
 0.67186999113385E+01
 0.65461779842037E+01
 0.63720285340367E+01
 0.61961881003127E+01
 0.60186540037983E+01
 0.58394714505502E+01
 0.56587333915983E+01
 0.54765832656621E+01
 0.52932399346563E+01
 0.51090217610603E+01
 0.49242878143036E+01
 0.47394599920375E+01
 0.45550576707049E+01
 0.43716530612090E+01
 0.41898910451075E+01
 0.40104651389369E+01
 0.38341118840211E+01
 0.36615673130628E+01
 0.34935793820993E+01
 0.33308551983300E+01
 0.31740649099311E+01
 0.30237748257089E+01
 0.28804706877739E+01
 0.27444896406583E+01
 0.26161084231959E+01
 0.24954431123921E+01
 0.23824938029331E+01
 0.22771516762217E+01
 0.21792130441447E+01
 0.20883932683607E+01
 0.20043506128307E+01
 0.19267000467140E+01
 0.18550326079727E+01
 0.17889316983064E+01
 0.17279789500871E+01
 0.16717692985276E+01
 0.16199136647906E+01
 0.15720453847255E+01
 0.15278248307683E+01
 0.14869329223593E+01
 0.14490836884398E+01
 0.14140144308970E+01
 0.13814840482073E+01
 0.13512757340546E+01
 0.13231924230135E+01
 0.12970560213977E+01
 0.12727049405990E+01
 0.12499965425447E+01
 0.12287975805870E+01
 0.12089898926907E+01
 0.11904657051679E+01
 0.11731278139069E+01
 0.11568873842396E+01
 0.11416642521162E+01
 0.11273852708771E+01
 0.11139835061007E+01
 0.11013978902841E+01
 0.10895727772630E+01
 0.10784568080408E+01
 0.10680032015760E+01
 0.10581685882948E+01
 0.10489133931839E+01
 0.10402009026587E+01
 0.10319972122873E+01
 0.10242709944918E+01
 0.10169933744175E+01
 0.10101374032593E+01
 0.10036781161529E+01
 0.99759231942207E+00
 0.99185847216589E+00
 0.98645642808447E+00
 0.98136743112886E+00
 0.97657397701798E+00
 0.97205972315261E+00
 0.96780929947073E+00
 0.96379613590427E+00
 0.96003157549553E+00
 0.95649053936219E+00
 0.95316114838907E+00
 0.95003233782566E+00
 0.94709363702692E+00
 0.94433520481853E+00
 0.94174783309212E+00
 0.93932279848977E+00
 0.93705183958668E+00
 0.93492719882696E+00
 0.93294159167367E+00
 0.93108804362944E+00
 0.92936010636302E+00
 0.92775149186455E+00
 0.92625648131681E+00
 0.92486942080507E+00
 0.92358514116240E+00
 0.92239863824823E+00
 0.92130521219260E+00
 0.92030042243206E+00
 0.91937998382933E+00
 0.91853992114883E+00
 0.91777638506653E+00
 0.91708575860812E+00
 0.91646459390588E+00
 0.91590959530148E+00
 0.91541767272244E+00
 0.91498586443457E+00
 0.91461131576702E+00
 0.91429133852795E+00
 0.91402340604817E+00
 0.91380507631485E+00
 0.91363399617887E+00
 0.91350795944654E+00
 0.91342487869663E+00
 0.91338272693368E+00
 0.91337957781246E+00
 0.91341362864417E+00
 0.91348308486999E+00
 0.91358629731998E+00
 0.91372165422930E+00
 0.91388767187669E+00
 0.91408288309466E+00
 0.91430587935600E+00
 0.91455534434293E+00
 0.91483001297615E+00
 0.91512866130799E+00
 0.91545013448577E+00
 0.91579332778152E+00
 0.91615717443704E+00
 0.91654065400536E+00
 0.91694281635741E+00
 0.91736270114237E+00
 0.91779942854146E+00
 0.91825215114290E+00
 0.91872003499548E+00
 0.91920233105062E+00
 0.91969827030947E+00
 0.92020714470987E+00
 0.92072822258360E+00
 0.92126091880001E+00
 0.92180456817787E+00
 0.92235858003694E+00
 0.92292233617740E+00
 0.92349533080973E+00
 0.92407701223846E+00
 0.92466688382187E+00
 0.92526445485668E+00
 0.92586923601151E+00
 0.92648079153375E+00
 0.92709869873278E+00
 0.92772255040100E+00
 0.92835195356244E+00
 0.92898652132124E+00
 0.92962588783258E+00
 0.93026969905472E+00
 0.93091762646830E+00
 0.93156937654243E+00
 0.93222461129623E+00
 0.93288303428576E+00
 0.93354437492258E+00
 0.93420835655336E+00
 0.93487472386855E+00
 0.93554322968721E+00
 0.93621362891270E+00
 0.93688569915972E+00
 0.93755921934257E+00
 0.93823398668036E+00
 0.93890979362364E+00
 0.93958645101221E+00
 0.94026377276800E+00
 0.94094158448733E+00
 0.94161971448823E+00
 0.94229800493141E+00
 0.94297629641821E+00
 0.94365444286713E+00
 0.94433230428951E+00
 0.94500974012661E+00
 0.94568662225076E+00
 0.94636282764551E+00
