 0.92160004389117E+02
 0.92160004389073E+02
 0.92160004388592E+02
 0.92160004389583E+02
 0.92160004412022E+02
 0.92160004500091E+02
 0.92160004735360E+02
 0.92160005214715E+02
 0.92160005844000E+02
 0.92160005913666E+02
 0.92160003349846E+02
 0.92159993707264E+02
 0.92159969136010E+02
 0.92159917382986E+02
 0.92159821152291E+02
 0.92159657780270E+02
 0.92159399231124E+02
 0.92159012524041E+02
 0.92158460242482E+02
 0.92157701393160E+02
 0.92156692256332E+02
 0.92155387159863E+02
 0.92153739462372E+02
 0.92151702595098E+02
 0.92149230183303E+02
 0.92146276769191E+02
 0.92142798519838E+02
 0.92138753295711E+02
 0.92134100659057E+02
 0.92128801914858E+02
 0.92122819801018E+02
 0.92116118282917E+02
 0.92108662237126E+02
 0.92100416917980E+02
 0.92091347512977E+02
 0.92081418594135E+02
 0.92070593879374E+02
 0.92058835447570E+02
 0.92046103498933E+02
 0.92032355682279E+02
 0.92017546848849E+02
 0.92001628650092E+02
 0.91984549212177E+02
 0.91966252771817E+02
 0.91946679414076E+02
 0.91925764783932E+02
 0.91903439839574E+02
 0.91879630612184E+02
 0.91854257979133E+02
 0.91827237465711E+02
 0.91798478973262E+02
 0.91767886666785E+02
 0.91735358685482E+02
 0.91700786942295E+02
 0.91664057012357E+02
 0.91625047946360E+02
 0.91583631647547E+02
 0.91539673212413E+02
 0.91493030342725E+02
 0.91443553905371E+02
 0.91391086485276E+02
 0.91335463098588E+02
 0.91276510677583E+02
 0.91214025338324E+02
 0.91147858084583E+02
 0.91077791985893E+02
 0.91003619828553E+02
 0.90925125549527E+02
 0.90842084086988E+02
 0.90754260778204E+02
 0.90661411548038E+02
 0.90563282833817E+02
 0.90459610926838E+02
 0.90350121791413E+02
 0.90234531418803E+02
 0.90112545657108E+02
 0.89983858856708E+02
 0.89848155635554E+02
 0.89705107834869E+02
 0.89554376903573E+02
 0.89395612721755E+02
 0.89228452972434E+02
 0.89052523382333E+02
 0.88867436910261E+02
 0.88672794119567E+02
 0.88468182200854E+02
 0.88253175212884E+02
 0.88027334390732E+02
 0.87790205453068E+02
 0.87541319298629E+02
 0.87280193585571E+02
 0.87006332247065E+02
 0.86719174909682E+02
 0.86418277434357E+02
 0.86103055340022E+02
 0.85772948241000E+02
 0.85427381021682E+02
 0.85065757362082E+02
 0.84687468286888E+02
 0.84291886830452E+02
 0.83878370953674E+02
 0.83446261705577E+02
 0.82994882342529E+02
 0.82523540269212E+02
 0.82031532884647E+02
 0.81518139513238E+02
 0.80982627207405E+02
 0.80424249732129E+02
 0.79842251778836E+02
 0.79235876408157E+02
 0.78604356246393E+02
 0.77946913143739E+02
 0.77262777104174E+02
 0.76551112221230E+02
 0.75811275145500E+02
 0.75042464856472E+02
 0.74243940246978E+02
 0.73414991644412E+02
 0.72554932389681E+02
 0.71663120306958E+02
 0.70738947937478E+02
 0.69781864925892E+02
 0.68791379233103E+02
 0.67767073479522E+02
 0.66708622501368E+02
 0.65615788980943E+02
 0.64488460935945E+02
 0.63326670640590E+02
 0.62130584510983E+02
 0.60900549692501E+02
 0.59637138254945E+02
 0.58341171237419E+02
 0.57013731028828E+02
 0.55656140887946E+02
 0.54270253560285E+02
 0.52858180060395E+02
 0.51422490237917E+02
 0.49966274610068E+02
 0.48493092148039E+02
 0.47007034094037E+02
 0.45512656423022E+02
 0.44015002769770E+02
 0.42519557970974E+02
 0.41031987270567E+02
 0.39558166939869E+02
 0.38104010456971E+02
 0.36675284444635E+02
 0.35277372763840E+02
 0.33915330477353E+02
 0.32593494508013E+02
 0.31315506629215E+02
 0.30084215304894E+02
 0.28901668899210E+02
 0.27769112266644E+02
 0.26687058734705E+02
 0.25655368500700E+02
 0.24673364522768E+02
 0.23739871148531E+02
 0.22853415562829E+02
 0.22012255900726E+02
 0.21214474184365E+02
 0.20458048230181E+02
 0.19740926109212E+02
 0.19061021900307E+02
 0.18416331607666E+02
 0.17804899422511E+02
 0.17224828094762E+02
 0.16674319187705E+02
 0.16151657723710E+02
 0.15655225187128E+02
 0.15183503073000E+02
 0.14735058394554E+02
 0.14308547581466E+02
 0.13902720237804E+02
 0.13516397423858E+02
 0.13148484263620E+02
 0.12797949150808E+02
 0.12463834663241E+02
 0.12145242759232E+02
 0.11841330902145E+02
 0.11551310333560E+02
 0.11274445591975E+02
 0.11010043077510E+02
 0.10757455521246E+02
 0.10516072414289E+02
 0.10285321953610E+02
 0.10064666429397E+02
 0.98535983928427E+01
 0.96516412444835E+01
 0.94583460433501E+01
 0.92732889768764E+01
 0.90960701385902E+01
 0.89263118044640E+01
 0.87636577423038E+01
 0.86077699283374E+01
 0.84583303965038E+01
 0.83150356967266E+01
 0.81776007905367E+01
 0.80457541806366E+01
 0.79190714953110E+01
 0.77976452568768E+01
 0.76810753646722E+01
 0.75691416293970E+01
 0.74616359711127E+01
 0.73583598430355E+01
 0.72591246271507E+01
 0.71637517421347E+01
 0.70720703184094E+01
 0.69839184100321E+01
 0.68991417353710E+01
 0.68175934650998E+01
 0.67391338710587E+01
 0.66636291123295E+01
 0.65909527290143E+01
 0.65209832018299E+01
 0.64536058785660E+01
 0.63887099522128E+01
 0.63261912754682E+01
 0.62659493941147E+01
 0.62078887077643E+01
 0.61519183982281E+01
 0.60979515750618E+01
 0.60459050439326E+01
 0.59956995133314E+01
 0.59472597027013E+01
 0.59005130433828E+01
 0.58553906239348E+01
 0.58118264810071E+01
 0.57697575956378E+01
 0.57291237021986E+01
 0.56898673431062E+01
 0.56519334653019E+01
 0.56152695168146E+01
 0.55798251276671E+01
 0.55455522479046E+01
 0.55124048224276E+01
 0.54803388939093E+01
 0.54493123536801E+01
 0.54192848858257E+01
 0.53902179247246E+01
 0.53620745776174E+01
 0.53348196309175E+01
 0.53084189814495E+01
 0.52828402721595E+01
 0.52580525938369E+01
 0.52340262163110E+01
 0.52107325827983E+01
 0.51881443943147E+01
 0.51662356436242E+01
 0.51449812241957E+01
 0.51243569674604E+01
 0.51043400424218E+01
 0.50849082615527E+01
 0.50660404492244E+01
 0.50477162583015E+01
 0.50299161971972E+01
 0.50126216468586E+01
 0.49958146119207E+01
 0.49794779040433E+01
 0.49635948722880E+01
 0.49481498627480E+01
 0.49331274438854E+01
 0.49185130644608E+01
 0.49042925651994E+01
 0.48904525759006E+01
 0.48769800620150E+01
 0.48638625814787E+01
 0.48510881572048E+01
 0.48386452037060E+01
 0.48265226698464E+01
 0.48147099388964E+01
 0.48031967718234E+01
 0.47919732995325E+01
 0.47810300400374E+01
 0.47703578878524E+01
 0.47599480027044E+01
 0.47497921476907E+01
 0.47398818989649E+01
 0.47302096824040E+01
 0.47207677358586E+01
 0.47115489348711E+01
 0.47025462011574E+01
 0.46937528890640E+01
 0.46851624588700E+01
 0.46767686238717E+01
 0.46685653567265E+01
 0.46605469412709E+01
 0.46527076629410E+01
 0.46450421430689E+01
 0.46375451809368E+01
 0.46302117362503E+01
 0.46230369394248E+01
 0.46160162139038E+01
 0.46091449090923E+01
 0.46024186953263E+01
 0.45958333798018E+01
 0.45893849013356E+01
 0.45830693285312E+01
 0.45768828509534E+01
 0.45708218212735E+01
