 0.64848558134328E+01
 0.64848558127789E+01
 0.64848558055455E+01
 0.64848557745466E+01
 0.64848556898687E+01
 0.64848555090410E+01
 0.64848551776718E+01
 0.64848546291150E+01
 0.64848537757027E+01
 0.64848524951977E+01
 0.64848506060569E+01
 0.64848478373379E+01
 0.64848438013376E+01
 0.64848379686521E+01
 0.64848296577912E+01
 0.64848180332421E+01
 0.64848021110999E+01
 0.64847807737613E+01
 0.64847527771425E+01
 0.64847167735410E+01
 0.64846713129118E+01
 0.64846148641338E+01
 0.64845458171456E+01
 0.64844624698959E+01
 0.64843630690764E+01
 0.64842458111648E+01
 0.64841088215697E+01
 0.64839501890734E+01
 0.64837679757673E+01
 0.64835602404776E+01
 0.64833250645362E+01
 0.64830605777781E+01
 0.64827649860056E+01
 0.64824366077712E+01
 0.64820739089972E+01
 0.64816755407339E+01
 0.64812403605944E+01
 0.64807674818273E+01
 0.64802562930597E+01
 0.64797065062656E+01
 0.64791181682229E+01
 0.64784916928175E+01
 0.64778278820713E+01
 0.64771279448887E+01
 0.64763935175747E+01
 0.64756266764967E+01
 0.64748299504601E+01
 0.64740063313259E+01
 0.64731592814618E+01
 0.64722927398044E+01
 0.64714111255342E+01
 0.64705193423259E+01
 0.64696227783545E+01
 0.64687273058968E+01
 0.64678392831311E+01
 0.64669655424298E+01
 0.64661134180010E+01
 0.64652907088216E+01
 0.64645057001039E+01
 0.64637671140210E+01
 0.64630841787686E+01
 0.64624665751685E+01
 0.64619244468840E+01
 0.64614695750513E+01
 0.64611108981551E+01
 0.64608609031843E+01
 0.64607315637301E+01
 0.64607353015494E+01
 0.64608849839012E+01
 0.64611939453047E+01
 0.64616759731907E+01
 0.64623453067782E+01
 0.64632166644291E+01
 0.64643052532102E+01
 0.64656267504085E+01
 0.64671973099888E+01
 0.64690336388687E+01
 0.64711529137417E+01
 0.64735729349056E+01
 0.64763120220073E+01
 0.64793890824327E+01
 0.64828236563214E+01
 0.64866359213192E+01
 0.64908467556014E+01
 0.64954777376883E+01
 0.65005512232500E+01
 0.65060903609769E+01
 0.65121191081256E+01
 0.65186623961244E+01
 0.65257461545588E+01
 0.65333972606240E+01
 0.65416436149770E+01
 0.65505167105771E+01
 0.65600427262974E+01
 0.65702553367222E+01
 0.65811876157808E+01
 0.65928740445211E+01
 0.66053509234905E+01
 0.66186560421835E+01
 0.66328290487610E+01
 0.66479114188118E+01
 0.66639466708994E+01
 0.66809805473881E+01
 0.66990610505632E+01
 0.67182383646686E+01
 0.67385653642488E+01
 0.67600975420463E+01
 0.67828932648777E+01
 0.68070137370066E+01
 0.68325229961399E+01
 0.68594883639662E+01
 0.68879810177318E+01
 0.69180750879895E+01
 0.69498519693092E+01
 0.69833869119775E+01
 0.70187679265295E+01
 0.70560846531882E+01
 0.70954301331327E+01
 0.71369017093464E+01
 0.71806001714739E+01
 0.72266307448062E+01
 0.72751022294354E+01
 0.73261272017184E+01
 0.73798215973963E+01
 0.74363039417510E+01
 0.74956960876445E+01
 0.75581211667414E+01
 0.76237027525867E+01
 0.76925657371271E+01
 0.77648337902803E+01
 0.78406267560083E+01
 0.79200593261234E+01
 0.80032403429076E+01
 0.80902738846381E+01
 0.81812399527692E+01
 0.82762141676958E+01
 0.83752520517357E+01
 0.84783845839334E+01
 0.85856202561144E+01
 0.86969377754003E+01
 0.88122875339645E+01
 0.89315852020022E+01
 0.90547050612275E+01
 0.91814955832540E+01
 0.93117635465312E+01
 0.94452808895078E+01
 0.95817845648900E+01
 0.97209978235546E+01
 0.98625961375517E+01
 0.10006257307486E+02
 0.10151649146587E+02
 0.10298440915465E+02
 0.10446307859749E+02
 0.10594939607739E+02
 0.10744039876361E+02
 0.10893330711401E+02
 0.11042548146540E+02
 0.11191451888145E+02
 0.11339811930555E+02
 0.11487414640014E+02
 0.11634061992753E+02
 0.11779570480450E+02
 0.11923765144549E+02
 0.12066495207939E+02
 0.12207601621329E+02
 0.12346939747104E+02
 0.12484381016552E+02
 0.12619799318891E+02
 0.12753080746571E+02
 0.12884118155755E+02
 0.13012811127424E+02
 0.13139061418985E+02
 0.13262785830106E+02
 0.13383899094548E+02
 0.13502327461592E+02
 0.13617996990064E+02
 0.13730844750220E+02
 0.13840807070968E+02
 0.13947827493013E+02
 0.14051855642395E+02
 0.14152845739244E+02
 0.14250754077759E+02
 0.14345545074439E+02
 0.14437185066734E+02
 0.14525647749113E+02
 0.14610909676740E+02
 0.14692952712017E+02
 0.14771763948430E+02
 0.14847335128089E+02
 0.14919662317814E+02
 0.14988746561481E+02
 0.15054593554537E+02
 0.15117213802241E+02
 0.15176622005396E+02
 0.15232838090740E+02
 0.15285884633542E+02
 0.15335791162559E+02
 0.15382588369883E+02
 0.15426312919245E+02
 0.15467001493820E+02
 0.15504702878344E+02
 0.15539460587110E+02
 0.15571325452367E+02
 0.15600349075230E+02
 0.15626587639399E+02
 0.15650099337964E+02
 0.15670943583240E+02
 0.15689183264606E+02
 0.15704882475283E+02
 0.15718106961859E+02
 0.15728923571049E+02
 0.15737400572054E+02
 0.15743607529202E+02
 0.15747614044612E+02
 0.15749491085666E+02
 0.15749308328122E+02
 0.15747138485153E+02
 0.15743050455242E+02
 0.15737116127847E+02
 0.15729406125001E+02
 0.15719989483181E+02
 0.15708935498755E+02
 0.15696313072824E+02
 0.15682189920517E+02
 0.15666631370537E+02
 0.15649703997373E+02
 0.15631471617262E+02
 0.15611997326424E+02
 0.15591342904769E+02
 0.15569568795400E+02
 0.15546733501733E+02
 0.15522894458948E+02
 0.15498107695528E+02
 0.15472427587923E+02
 0.15445906753785E+02
 0.15418596508352E+02
 0.15390546284832E+02
 0.15361804137363E+02
 0.15332416559842E+02
 0.15302428310025E+02
 0.15271882651798E+02
 0.15240820888369E+02
 0.15209284163616E+02
 0.15177310443378E+02
 0.15144936839670E+02
 0.15112199139828E+02
 0.15079131443626E+02
 0.15045766868999E+02
 0.15012136312792E+02
 0.14978270159395E+02
 0.14944197421226E+02
 0.14909944893183E+02
 0.14875539341501E+02
 0.14841005671277E+02
 0.14806367807605E+02
 0.14771648348682E+02
 0.14736868769936E+02
 0.14702049701043E+02
 0.14667210586269E+02
 0.14632370137359E+02
 0.14597545382240E+02
 0.14562753586935E+02
 0.14528010129867E+02
 0.14493330144436E+02
 0.14458727335322E+02
 0.14424215100382E+02
 0.14389805873056E+02
 0.14355511419079E+02
 0.14321342818019E+02
 0.14287310535038E+02
 0.14253424138273E+02
 0.14219692796505E+02
 0.14186125174959E+02
 0.14152729058602E+02
 0.14119511941360E+02
 0.14086480881115E+02
 0.14053641600648E+02
 0.14021001247351E+02
 0.13988564254272E+02
 0.13956336362527E+02
 0.13924322111850E+02
 0.13892525850875E+02
 0.13860951110220E+02
 0.13829601890134E+02
 0.13798481365524E+02
 0.13767592362100E+02
 0.13736937205984E+02
 0.13706518727015E+02
 0.13676338839128E+02
 0.13646399274730E+02
 0.13616701640959E+02
 0.13587247219958E+02
 0.13558036901238E+02
 0.13529072009220E+02
 0.13500353148851E+02
 0.13471880785417E+02
 0.13443655269073E+02
 0.13415676782394E+02
 0.13387945392098E+02
 0.13360460948891E+02
