 0.10000000133514E-09
 0.10000000133514E-09
 0.10000000133514E-09
 0.10000000133514E-09
 0.10000000133514E-09
 0.10000000133514E-09
 0.10000000133514E-09
 0.10000000133514E-09
 0.10000000133514E-09
 0.10000000133514E-09
 0.10000000133514E-09
 0.10000000133514E-09
 0.10000000133514E-09
 0.10000000133514E-09
 0.10000000133514E-09
 0.10000000133514E-09
 0.10000000133514E-09
 0.69487090353540E-07
 0.69487090353540E-07
 0.33334787260481E-06
 0.64272188693022E-06
 0.11514172057340E-05
 0.19592722159330E-05
 0.31877555302562E-05
 0.49867070945906E-05
 0.75355870367025E-05
 0.11043983005886E-04
 0.15751409832114E-04
 0.21926569917834E-04
 0.29866154100801E-04
 0.39893474802864E-04
 0.52356665767749E-04
 0.67626968412323E-04
 0.86097156721131E-04
 0.10817979004174E-03
 0.13430536554808E-03
 0.16492127240775E-03
 0.20049073423385E-03
 0.24149138963377E-03
 0.28841454736533E-03
 0.34176480831344E-03
 0.40205885579790E-03
 0.46982558150237E-03
 0.54560585570691E-03
 0.62995239352796E-03
 0.72343019338168E-03
 0.82661525337410E-03
 0.94009582216798E-03
 0.10644726144794E-02
 0.12003593445468E-02
 0.13483821149952E-02
 0.15091811610524E-02
 0.16834101284584E-02
 0.18717375658837E-02
 0.20748464876090E-02
 0.22934360568848E-02
 0.25282220783898E-02
 0.27799355757038E-02
 0.30493253349749E-02
 0.33371620674919E-02
 0.36442301480532E-02
 0.39713374083746E-02
 0.43193143751004E-02
 0.46903148809846E-02
 0.50827746928886E-02
 0.54987439701945E-02
 0.59391467226269E-02
 0.64049339435079E-02
 0.68970800555067E-02
 0.74165929682983E-02
 0.79645108220762E-02
 0.85418924092178E-02
 0.91498389542512E-02
 0.97894906282820E-02
 0.10462014661454E-01
 0.11168609985642E-01
 0.11910527701525E-01
 0.12689051461527E-01
 0.13505518730746E-01
 0.14361298164701E-01
 0.15257808400550E-01
 0.16196521687562E-01
 0.17178951705389E-01
 0.18206683386438E-01
 0.19281335674713E-01
 0.20404600677053E-01
 0.21578218513270E-01
 0.22803978552184E-01
 0.24083764280415E-01
 0.25419518333709E-01
 0.26813235534123E-01
 0.28266966773767E-01
 0.29783684121951E-01
 0.31364097130854E-01
 0.33011201173565E-01
 0.34727351868289E-01
 0.36514958497263E-01
 0.38376568394913E-01
 0.40314750094448E-01
 0.42332160437160E-01
 0.44431512915007E-01
 0.46615600205022E-01
 0.48887290953516E-01
 0.51249526419198E-01
 0.53705226403834E-01
 0.56257426934605E-01
 0.58909193277016E-01
 0.61663630355079E-01
 0.64523826100676E-01
 0.67492844387783E-01
 0.70573763501866E-01
 0.73769712112251E-01
 0.77083690788277E-01
 0.80519485765566E-01
 0.84078436750996E-01
 0.87763961697660E-01
 0.91578716746403E-01
 0.95525125857924E-01
 0.99605466520163E-01
 0.10382169693880E+00
 0.10817559949537E+00
 0.11266861889394E+00
 0.11730194039647E+00
 0.12207633414684E+00
 0.12699214187955E+00
 0.13204941727067E+00
 0.13724759015961E+00
 0.14258549710293E+00
 0.14806179714780E+00
 0.15367450328396E+00
 0.15942070436893E+00
 0.16529639548692E+00
 0.17129708587241E+00
 0.17741893532856E+00
 0.18365538789880E+00
 0.18999913537267E+00
 0.19644268702892E+00
 0.20297646269102E+00
 0.20959029625183E+00
 0.21627252241983E+00
 0.22301090232346E+00
 0.22979083174473E+00
 0.23659741486054E+00
 0.24341529555617E+00
 0.25022990044266E+00
 0.25702456677137E+00
 0.26378463050751E+00
 0.27049328652705E+00
 0.27713986403323E+00
 0.28371275736143E+00
 0.29020230747625E+00
 0.29660100620644E+00
 0.30290331750030E+00
 0.30910539654648E+00
 0.31520553905153E+00
 0.32120327152990E+00
 0.32709930927021E+00
 0.33289661246758E+00
 0.33859745500949E+00
 0.34420532796872E+00
 0.34972376952254E+00
 0.35515653623819E+00
 0.36050773455372E+00
 0.36578051274649E+00
 0.37097914594391E+00
 0.37610737573690E+00
 0.38116831202090E+00
 0.38616523750565E+00
 0.39110103977606E+00
 0.39597837669848E+00
 0.40079932066091E+00
 0.40556718549176E+00
 0.41028335414079E+00
 0.41494986441794E+00
 0.41956840582692E+00
 0.42414062413758E+00
 0.42866787696535E+00
 0.43315155525475E+00
 0.43759288314823E+00
 0.44199292648687E+00
 0.44635268870089E+00
 0.45067313306211E+00
 0.45495504269057E+00
 0.45919924003683E+00
 0.46340635785350E+00
 0.46757711671411E+00
 0.47171207363250E+00
 0.47581178407936E+00
 0.47987673062155E+00
 0.48390742754953E+00
 0.48790428246066E+00
 0.49186770017086E+00
 0.49579806456649E+00
 0.49969573947489E+00
 0.50356105880162E+00
 0.50739432069525E+00
 0.51119584964489E+00
 0.51496593203362E+00
 0.51870480991644E+00
 0.52241292101180E+00
 0.52609023587837E+00
 0.52973714496712E+00
 0.53335385857651E+00
 0.53694063510572E+00
 0.54049768667796E+00
 0.54402523256863E+00
 0.54752351007923E+00
 0.55099274000790E+00
 0.55443310337505E+00
 0.55784480641357E+00
 0.56122807932191E+00
 0.56458308415874E+00
 0.56791009507498E+00
 0.57120923331398E+00
 0.57448079183439E+00
 0.57772488822011E+00
 0.58094177199215E+00
 0.58413162325488E+00
 0.58729464391907E+00
 0.59043105140780E+00
 0.59354101674290E+00
 0.59662476589143E+00
 0.59968247998254E+00
 0.60271436565921E+00
 0.60572062630300E+00
 0.60870144479796E+00
 0.61165704157283E+00
 0.61458761878892E+00
 0.61749335361049E+00
 0.62037444473544E+00
 0.62323111512987E+00
 0.62606356204880E+00
 0.62887195945464E+00
 0.63165651385704E+00
 0.63441744019015E+00
 0.63715492724156E+00
 0.63986916895407E+00
 0.64256038297380E+00
 0.64522873407999E+00
 0.64787443433487E+00
 0.65049766641825E+00
 0.65309865409292E+00
 0.65567758021923E+00
 0.65823463350683E+00
 0.66077001137880E+00
 0.66328390846870E+00
 0.66577651447816E+00
 0.66824802104277E+00
 0.67069862414753E+00
 0.67312850721397E+00
 0.67553785777892E+00
 0.67792688092333E+00
 0.68029573777863E+00
 0.68264462309367E+00
 0.68497372523140E+00
 0.68728321581469E+00
 0.68957329988276E+00
 0.69184414394167E+00
 0.69409593400882E+00
 0.69632881680577E+00
 0.69854302314108E+00
 0.70073870193274E+00
 0.70291603967380E+00
 0.70507518055573E+00
 0.70721633358918E+00
 0.70933965503295E+00
 0.71144532440242E+00
 0.71353350822363E+00
 0.71560435968783E+00
 0.71765805283099E+00
 0.71969475911324E+00
 0.72171464527616E+00
 0.72371787425720E+00
 0.72570460319113E+00
 0.72767498821018E+00
 0.72962918351374E+00
 0.73156735106766E+00
 0.73348966311332E+00
 0.73539625332731E+00
 0.73728727261954E+00
 0.73916287804873E+00
 0.74102321699357E+00
 0.74286844258445E+00
 0.74469869951334E+00
 0.74651413000237E+00
 0.74831488429487E+00
 0.75010110378649E+00
 0.75187293368907E+00
 0.75363051003185E+00
 0.75537397507534E+00
 0.75710346516272E+00
 0.75881911981735E+00
 0.76052107117960E+00
 0.76220945614828E+00
 0.76388440400529E+00
 0.76554604810516E+00
 0.76719452007042E+00
 0.76882994518416E+00
 0.77045245275772E+00
 0.77206217004526E+00
