 0.46769851438376E+03
 0.46769851438465E+03
 0.46769851441572E+03
 0.46769851468688E+03
 0.46769851592196E+03
 0.46769851929701E+03
 0.46769852497016E+03
 0.46769852250872E+03
 0.46769845921348E+03
 0.46769818046661E+03
 0.46769735084805E+03
 0.46769537985460E+03
 0.46769137562310E+03
 0.46768413591228E+03
 0.46767217770735E+03
 0.46765379397955E+03
 0.46762712538601E+03
 0.46759023761817E+03
 0.46754119161928E+03
 0.46747810799942E+03
 0.46739921587896E+03
 0.46730289127037E+03
 0.46718768378212E+03
 0.46705233286923E+03
 0.46689577502388E+03
 0.46671714585358E+03
 0.46651577593491E+03
 0.46629118478861E+03
 0.46604306967126E+03
 0.46577129561040E+03
 0.46547588163669E+03
 0.46515698838079E+03
 0.46481490453623E+03
 0.46445003336865E+03
 0.46406287938562E+03
 0.46365403501391E+03
 0.46322416893357E+03
 0.46277401271652E+03
 0.46230434960951E+03
 0.46181600327460E+03
 0.46130982682531E+03
 0.46078669350630E+03
 0.46024748754912E+03
 0.45969309521196E+03
 0.45912439770213E+03
 0.45854226394349E+03
 0.45794754441977E+03
 0.45734106583352E+03
 0.45672362638119E+03
 0.45609599196348E+03
 0.45545889211557E+03
 0.45481301850896E+03
 0.45415902169401E+03
 0.45349750955776E+03
 0.45282904719110E+03
 0.45215415563076E+03
 0.45147330956659E+03
 0.45078693987855E+03
 0.45009543211590E+03
 0.44939913121412E+03
 0.44869833489977E+03
 0.44799329993157E+03
 0.44728424118299E+03
 0.44657132967834E+03
 0.44585470677268E+03
 0.44513446699497E+03
 0.44441067007870E+03
 0.44368333998378E+03
 0.44295246577320E+03
 0.44221800254672E+03
 0.44147987303060E+03
 0.44073796756118E+03
 0.43999214555549E+03
 0.43924223625415E+03
 0.43848803932735E+03
 0.43772932520918E+03
 0.43696583450822E+03
 0.43619728662439E+03
 0.43542336336125E+03
 0.43464372324018E+03
 0.43385799710291E+03
 0.43306578844524E+03
 0.43226667237837E+03
 0.43146019834143E+03
 0.43064588373110E+03
 0.42982321931569E+03
 0.42899166626511E+03
 0.42815065603697E+03
 0.42729958779443E+03
 0.42643783046632E+03
 0.42556472344619E+03
 0.42467956915910E+03
 0.42378160985204E+03
 0.42287012573326E+03
 0.42194429157106E+03
 0.42100326642464E+03
 0.42004617100524E+03
 0.41907208264001E+03
 0.41808003970939E+03
 0.41706903652967E+03
 0.41603802490482E+03
 0.41498591482199E+03
 0.41391156412721E+03
 0.41281378374876E+03
 0.41169134643744E+03
 0.41054297192488E+03
 0.40936733764227E+03
 0.40816306887670E+03
 0.40692873781827E+03
 0.40566291582200E+03
 0.40436410115876E+03
 0.40303077191075E+03
 0.40166138321108E+03
 0.40025430645398E+03
 0.39880808997863E+03
 0.39732113344105E+03
 0.39579191450637E+03
 0.39421897003728E+03
 0.39260092337782E+03
 0.39093653647589E+03
 0.38922473716081E+03
 0.38746471452525E+03
 0.38565595999234E+03
 0.38379838793965E+03
 0.38189246852969E+03
 0.37993937148457E+03
 0.37794115369294E+03
 0.37590102426431E+03
 0.37382360619403E+03
 0.37171528308875E+03
 0.36958467666243E+03
 0.36744308556419E+03
 0.36530502742625E+03
 0.36318872814412E+03
 0.36111694162153E+03
 0.35911713704662E+03
 0.35722199749434E+03
 0.35546949599656E+03
 0.35390256706341E+03
 0.35256843599920E+03
 0.35151736757328E+03
 0.35080115609026E+03
 0.35047105136522E+03
 0.35057563731464E+03
 0.35115866213205E+03
 0.35225682504567E+03
 0.35389793639058E+03
 0.35609977524623E+03
 0.35886896462656E+03
 0.36220148218627E+03
 0.36608325295559E+03
 0.37049167156895E+03
 0.37539740029122E+03
 0.38076646117551E+03
 0.38656213513216E+03
 0.39274670384178E+03
 0.39928265577828E+03
 0.40613416295782E+03
 0.41326709468209E+03
 0.42064978546080E+03
 0.42825315249868E+03
 0.43605070482180E+03
 0.44401822671744E+03
 0.45213421160900E+03
 0.46037844644452E+03
 0.46873264254287E+03
 0.47718034215440E+03
 0.48570619328260E+03
 0.49429618666731E+03
 0.50293728397950E+03
 0.51161723577749E+03
 0.52032452103313E+03
 0.52904846538663E+03
 0.53777865569139E+03
 0.54650543600334E+03
 0.55521934217694E+03
 0.56391156305585E+03
 0.57257337741001E+03
 0.58119648562739E+03
 0.58977297343708E+03
 0.59829521780075E+03
 0.60675574920905E+03
 0.61514754348439E+03
 0.62346371387181E+03
 0.63169778319125E+03
 0.63984347349449E+03
 0.64789480312102E+03
 0.65584612714972E+03
 0.66369206679498E+03
 0.67142752780544E+03
 0.67904773194800E+03
 0.68654820829365E+03
 0.69392480914175E+03
 0.70117366892581E+03
 0.70829129168921E+03
 0.71527439586010E+03
 0.72212017340298E+03
 0.72882596465465E+03
 0.73538953212792E+03
 0.74180830855464E+03
 0.74808182835515E+03
 0.75420810271741E+03
 0.76018611043901E+03
 0.76601500680225E+03
 0.77169431076677E+03
 0.77722378993620E+03
 0.78260340148407E+03
 0.78783343683988E+03
 0.79291437315167E+03
 0.79784691992026E+03
 0.80263198798887E+03
 0.80727068873312E+03
 0.81176437405072E+03
 0.81611448932539E+03
 0.82032272585865E+03
 0.82439080868622E+03
 0.82832077204064E+03
 0.83211457803915E+03
 0.83577446087917E+03
 0.83930271830980E+03
 0.84270168316959E+03
 0.84597380858743E+03
 0.84912164569522E+03
 0.85214778898206E+03
 0.85505481420866E+03
 0.85784545205718E+03
 0.86052239324148E+03
 0.86308837757348E+03
 0.86554616141974E+03
 0.86789851581841E+03
 0.87014818998485E+03
 0.87229795091608E+03
 0.87435055334373E+03
 0.87630874358131E+03
 0.87817523350975E+03
 0.87995272625247E+03
 0.88164388042470E+03
 0.88325133287489E+03
 0.88477768764385E+03
 0.88622550470621E+03
 0.88759730356554E+03
 0.88889553996011E+03
 0.89012269699066E+03
 0.89128113623624E+03
 0.89237318335621E+03
 0.89340112875825E+03
 0.89436721056836E+03
 0.89527362337435E+03
 0.89612247056814E+03
 0.89691584409609E+03
 0.89765578978539E+03
 0.89834424219548E+03
 0.89898314630896E+03
 0.89957436531004E+03
 0.90011971900495E+03
 0.90062096675685E+03
 0.90107980890546E+03
 0.90149791286112E+03
 0.90187688372499E+03
 0.90221829859864E+03
 0.90252363397972E+03
 0.90279439085466E+03
 0.90303196763900E+03
 0.90323775254550E+03
 0.90341304867646E+03
 0.90355914772655E+03
 0.90367728413858E+03
 0.90376865424676E+03
 0.90383442027377E+03
 0.90387569827256E+03
 0.90389355662115E+03
 0.90388903525481E+03
 0.90386314198524E+03
 0.90381683759370E+03
 0.90375105407671E+03
 0.90366669978107E+03
 0.90356459705651E+03
 0.90344564583323E+03
 0.90331058879302E+03
 0.90316024126142E+03
 0.90299532996086E+03
 0.90281658014677E+03
 0.90262465857179E+03
 0.90242024692313E+03
 0.90220398258459E+03
 0.90197647489435E+03
 0.90173829331284E+03
 0.90149003121962E+03
 0.90123222489979E+03
 0.90096539319421E+03
 0.90069004077663E+03
 0.90040664993357E+03
 0.90011566568676E+03
 0.89981755978540E+03
 0.89951275213100E+03
 0.89920164850174E+03
 0.89888464132746E+03
 0.89856210810858E+03
 0.89823441329086E+03
 0.89790190107406E+03
