 0.00000000000000E+00
 0.00000000000000E+00
 0.00000000000000E+00
 0.00000000000000E+00
 0.13611617412934E-77
 0.12929841232334E-64
 0.24064026287244E-55
 0.21562599687492E-48
 0.55090036480955E-43
 0.11667381866227E-38
 0.40397153177520E-35
 0.35961581087758E-32
 0.11260822448896E-29
 0.15516161934632E-27
 0.11086446922595E-25
 0.46460043503042E-24
 0.12547244167006E-22
 0.23497039319345E-21
 0.32328989510310E-20
 0.34227949605426E-19
 0.28949968185181E-18
 0.20169962454482E-17
 0.11872675207809E-16
 0.60303528058829E-16
 0.26902055013206E-15
 0.10700163659716E-14
 0.38433165851408E-14
 0.12603419558371E-13
 0.38092255026544E-13
 0.10698028231068E-12
 0.28117947620276E-12
 0.69595852354079E-12
 0.16311038662535E-11
 0.36372818749059E-11
 0.77504668080837E-11
 0.15841126561683E-10
 0.31161940822100E-10
 0.59178073633341E-10
 0.10878708229750E-09
 0.19406081599187E-09
 0.33666831055569E-09
 0.56916568723347E-09
 0.93936531865717E-09
 0.15160208588804E-08
 0.23960859467857E-08
 0.37138216511886E-08
 0.56520399235621E-08
 0.84557770431550E-08
 0.12448691804605E-07
 0.18052477769841E-07
 0.25809568048311E-07
 0.36409392988376E-07
 0.50718431565747E-07
 0.69814269352448E-07
 0.95023845529403E-07
 0.12796604584029E-06
 0.17059875966868E-06
 0.22527048865313E-06
 0.29477656819832E-06
 0.38242002309548E-06
 0.49207708562799E-06
 0.62826732673135E-06
 0.79622841143712E-06
 0.10019963223411E-05
 0.12524860304030E-05
 0.15555841785496E-05
 0.19202393759548E-05
 0.23565602044879E-05
 0.28759172321968E-05
 0.34910497889415E-05
 0.42161775285110E-05
 0.50671171019189E-05
 0.60614043926674E-05
 0.72184225265039E-05
 0.85595361050659E-05
 0.10108232548775E-04
 0.11890271594466E-04
 0.13933842356532E-04
 0.16269732407805E-04
 0.18931505287957E-04
 0.21955692246458E-04
 0.25381998250809E-04
 0.29253523615715E-04
 0.33617004920167E-04
 0.38523076194059E-04
 0.44026555391942E-04
 0.50186757022672E-04
 0.57067835312980E-04
 0.64739169309278E-04
 0.73275781355074E-04
 0.82758800700197E-04
 0.93275981293098E-04
 0.10492246916245E-03
 0.11780079273876E-03
 0.13202249626181E-03
 0.14770838408650E-03
 0.16498956161783E-03
 0.18400850084401E-03
 0.20492015380379E-03
 0.22789329283983E-03
 0.25311197192645E-03
 0.28077721818161E-03
 0.31110894943672E-03
 0.34434813114537E-03
 0.38075913854384E-03
 0.42063267939305E-03
 0.46428891240833E-03
 0.51208111608485E-03
 0.56439982350438E-03
 0.62167734422653E-03
 0.68439356009336E-03
 0.75308211387593E-03
 0.82833731696854E-03
 0.91082488852284E-03
 0.10012830128203E-02
 0.11005447279679E-02
 0.12095439285823E-02
 0.13293309576950E-02
 0.14610900574517E-02
 0.16061582620486E-02
 0.17660489600468E-02
 0.19424774175116E-02
 0.21373920048957E-02
 0.23530089448257E-02
 0.25918527102809E-02
 0.28568046866998E-02
 0.31511554902134E-02
 0.34786660743704E-02
 0.38436423450391E-02
 0.42510116160091E-02
 0.47064066037802E-02
 0.52162597618920E-02
 0.57879081748094E-02
 0.64297178802573E-02
 0.71511110437033E-02
 0.79627326050341E-02
 0.88764796480743E-02
 0.99055052470107E-02
 0.11064218747465E-01
 0.12368156840316E-01
 0.13833818537988E-01
 0.15478319122699E-01
 0.17318953590314E-01
 0.19372787210661E-01
 0.21655923994233E-01
 0.24182781953393E-01
 0.26965427666102E-01
 0.30012922763876E-01
 0.33330579981449E-01
 0.36919791867029E-01
 0.40777714651526E-01
 0.44897382919227E-01
 0.49267966473760E-01
 0.53875315610314E-01
 0.58702567336775E-01
 0.63730819905381E-01
 0.68939779534757E-01
 0.74308690984426E-01
 0.79816436500132E-01
 0.85442308075869E-01
 0.91166303074733E-01
 0.96969371044441E-01
 0.10283349262712E+00
 0.10874197887656E+00
 0.11467921331228E+00
 0.12063081349720E+00
 0.12658366902994E+00
 0.13252578145073E+00
 0.13844628519653E+00
 0.14433534597091E+00
 0.15018403129441E+00
 0.15598449178501E+00
 0.16172958229052E+00
 0.16741296211818E+00
 0.17302907102776E+00
 0.17857299603048E+00
 0.18404049344074E+00
 0.18942787162088E+00
 0.19473198464205E+00
 0.19995020582798E+00
 0.20508037067512E+00
 0.21012071155020E+00
 0.21506987680187E+00
 0.21992684407342E+00
 0.22469093267836E+00
 0.22936174763413E+00
 0.23393915388795E+00
 0.23842328251673E+00
 0.24281445613592E+00
 0.24711319367557E+00
 0.25132019369582E+00
 0.25543630798823E+00
 0.25946252332098E+00
 0.26339993423582E+00
 0.26724975629803E+00
 0.27101327357986E+00
 0.27469186877494E+00
 0.27828696969068E+00
 0.28180006457160E+00
 0.28523666982467E+00
 0.28859036577155E+00
 0.29186674353793E+00
 0.29506741418115E+00
 0.29819400089468E+00
 0.30124813215970E+00
 0.30423144065101E+00
 0.30714554844266E+00
 0.30999207868157E+00
 0.31277263412919E+00
 0.31548880587077E+00
 0.31814216895832E+00
 0.32073427312488E+00
 0.32326666043434E+00
 0.32574082968144E+00
 0.32815827038515E+00
 0.33052043230223E+00
 0.33282874540811E+00
 0.33508461066786E+00
 0.33728939603689E+00
 0.33944444261826E+00
 0.34155106172805E+00
 0.34361053113084E+00
 0.34562410086183E+00
 0.34759298995130E+00
 0.34951838937717E+00
 0.35140145518029E+00
 0.35324331794834E+00
 0.35504507711152E+00
 0.35680780270594E+00
 0.35853253666703E+00
 0.36022029362513E+00
 0.36187205998496E+00
 0.36348879209313E+00
 0.36507142338133E+00
 0.36662085989813E+00
 0.36813798210427E+00
 0.36962364556635E+00
 0.37107868097075E+00
 0.37250389548527E+00
 0.37390007386254E+00
 0.37526797712584E+00
 0.37660834510657E+00
 0.37792189418697E+00
 0.37920932583817E+00
 0.38047131451466E+00
 0.38170851667795E+00
 0.38292157308690E+00
 0.38411110119135E+00
 0.38527770330456E+00
 0.38642196197166E+00
 0.38754444526675E+00
 0.38864570417539E+00
 0.38972627123755E+00
 0.39078666589503E+00
 0.39182739185634E+00
 0.39284893892275E+00
 0.39385178113711E+00
 0.39483637995632E+00
 0.39580318284309E+00
 0.39675262563574E+00
 0.39768512979759E+00
 0.39860110496460E+00
 0.39950095025170E+00
 0.40038505293607E+00
 0.40125378862580E+00
 0.40210752280705E+00
 0.40294661026054E+00
 0.40377139569895E+00
 0.40458221540836E+00
 0.40537939413186E+00
 0.40616324896062E+00
 0.40693408730474E+00
 0.40769220784544E+00
 0.40843790272156E+00
 0.40917145409816E+00
 0.40989313730772E+00
 0.41060322031593E+00
 0.41130196123289E+00
 0.41198961510014E+00
 0.41266642807274E+00
 0.41333263799976E+00
 0.41398847906561E+00
 0.41463417872655E+00
 0.41526995589998E+00
 0.41589602628030E+00
 0.41651259944131E+00
 0.41711987894342E+00
 0.41771806191624E+00
 0.41830734173317E+00
 0.41888790651101E+00
 0.41945993918667E+00
 0.42002361859974E+00
 0.42057911789404E+00
 0.42112660607189E+00
 0.42166624804155E+00
 0.42219820447909E+00
 0.42272263186182E+00
 0.42323968287872E+00
 0.42374950636158E+00
 0.42425224723447E+00
