 0.00000000000000E+00
 0.00000000000000E+00
 0.00000000000000E+00
 0.00000000000000E+00
 0.11082470345924E-25
 0.23470971389315E-21
 0.28870619153749E-18
 0.59965350074575E-16
 0.38050265079419E-14
 0.10527481108726E-12
 0.15926374377195E-11
 0.15320734711704E-10
 0.10403753097295E-09
 0.53735517320626E-09
 0.22297908367190E-08
 0.77450911639596E-08
 0.23237145269152E-07
 0.61707462468212E-07
 0.14786452048238E-06
 0.32468345120109E-06
 0.66152928762717E-06
 0.12634783789796E-05
 0.22812972222386E-05
 0.39214426747517E-05
 0.64554375174188E-05
 0.10228038750827E-04
 0.15663732241510E-04
 0.23271231040324E-04
 0.33645806943143E-04
 0.47469424186859E-04
 0.65508766432342E-04
 0.88611339348896E-04
 0.11769989794873E-03
 0.15376548704449E-03
 0.19785939759743E-03
 0.25108434164611E-03
 0.31458512889617E-03
 0.38953910939413E-03
 0.47714660501761E-03
 0.57862152586103E-03
 0.69518233477142E-03
 0.82804347606881E-03
 0.97840737100432E-03
 0.11474570503722E-02
 0.13363494533884E-02
 0.15462094333695E-02
 0.17781244650535E-02
 0.20331400493711E-02
 0.23122557998798E-02
 0.26164221799093E-02
 0.29465378777813E-02
 0.33034477400575E-02
 0.36879412928603E-02
 0.41007517640473E-02
 0.45425555459183E-02
 0.50139721519161E-02
 0.55155645494257E-02
 0.60478398396294E-02
 0.66112502948086E-02
 0.72061946435613E-02
 0.78330197451087E-02
 0.84920223540678E-02
 0.91834512234723E-02
 0.99075122860276E-02
 0.10664360050243E-01
 0.11454115637973E-01
 0.12276859813464E-01
 0.13132638016840E-01
 0.14021463263566E-01
 0.14943319212343E-01
 0.15898163139372E-01
 0.16885929015781E-01
 0.17906530783480E-01
 0.18959865535858E-01
 0.20045816619429E-01
 0.21164256899837E-01
 0.22315052270992E-01
 0.23498064407823E-01
 0.24713154922574E-01
 0.25960187881290E-01
 0.27239033403128E-01
 0.28549571134623E-01
 0.29891693451150E-01
 0.31265308977760E-01
 0.32670345830086E-01
 0.34106755269828E-01
 0.35574515007110E-01
 0.37073632486698E-01
 0.38604149580443E-01
 0.40166145588750E-01
 0.41759740437137E-01
 0.43385098487336E-01
 0.45042458471601E-01
 0.46732044992365E-01
 0.48454203107374E-01
 0.50209319737209E-01
 0.51997847535677E-01
 0.53820313446876E-01
 0.55677318844659E-01
 0.57569548030010E-01
 0.59497772136265E-01
 0.61462856403317E-01
 0.63465767429328E-01
 0.65507579338042E-01
 0.67589475527895E-01
 0.69712764380300E-01
 0.71878883046477E-01
 0.74089407714558E-01
 0.76346061501073E-01
 0.78650714994766E-01
 0.81005412013107E-01
 0.83412376343925E-01
 0.85874013537380E-01
 0.88392998046687E-01
 0.90972029932566E-01
 0.93614200616108E-01
 0.96322796091196E-01
 0.99101344541530E-01
 0.10195364394557E+00
 0.10488376057355E+00
 0.10789606125848E+00
 0.11099520981088E+00
 0.11418619193108E+00
 0.11747431332738E+00
 0.12086519970201E+00
 0.12436481899688E+00
 0.12797944693792E+00
 0.13171564323346E+00
 0.13558026888855E+00
 0.13958039877962E+00
 0.14372321262956E+00
 0.14801588949490E+00
 0.15246550018402E+00
 0.15707895550449E+00
 0.16186223480124E+00
 0.16682067243306E+00
 0.17195831914231E+00
 0.17727741658438E+00
 0.18277812024736E+00
 0.18845790245770E+00
 0.19431125375639E+00
 0.20032913310232E+00
 0.20649870387833E+00
 0.21280367114270E+00
 0.21922402252934E+00
 0.22573633648667E+00
 0.23231451404938E+00
 0.23893057258097E+00
 0.24555518478510E+00
 0.25215917077669E+00
 0.25871418026058E+00
 0.26519369955187E+00
 0.27157373574496E+00
 0.27783344445709E+00
 0.28395540726426E+00
 0.28992570284146E+00
 0.29573376232289E+00
 0.30137243414063E+00
 0.30683713010579E+00
 0.31212578707207E+00
 0.31723838881448E+00
 0.32217656456038E+00
 0.32694315880148E+00
 0.33154208458391E+00
 0.33597781635133E+00
 0.34025530806847E+00
 0.34437985908244E+00
 0.34835689112921E+00
 0.35219189639431E+00
 0.35589032989809E+00
 0.35945751290363E+00
 0.36289874119713E+00
 0.36621906298769E+00
 0.36942336134662E+00
 0.37251636053707E+00
 0.37550257618137E+00
 0.37838635478857E+00
 0.38117183856880E+00
 0.38386299093407E+00
 0.38646360974716E+00
 0.38897732460859E+00
 0.39140759051148E+00
 0.39375772162945E+00
 0.39603087262834E+00
 0.39823006654300E+00
 0.40035818896804E+00
 0.40241799565019E+00
 0.40441213305174E+00
 0.40634312158259E+00
 0.40821337365835E+00
 0.41002520078628E+00
 0.41178081550932E+00
 0.41348233607812E+00
 0.41513178656027E+00
 0.41673111311261E+00
 0.41828217193311E+00
 0.41978675093770E+00
 0.42124655615670E+00
 0.42266322592112E+00
 0.42403992227394E+00
 0.42537495315142E+00
 0.42667137057229E+00
 0.42793056058316E+00
 0.42915385297215E+00
 0.43034252338774E+00
 0.43149779732745E+00
 0.43262084847580E+00
 0.43371280697057E+00
 0.43477475458959E+00
 0.43580773129984E+00
 0.43681273650435E+00
 0.43779072822360E+00
 0.43874263223246E+00
 0.43966933093450E+00
 0.44057167825935E+00
 0.44145049017421E+00
 0.44230655394663E+00
 0.44314062633599E+00
 0.44395343364134E+00
 0.44474567538016E+00
 0.44551802448874E+00
 0.44627112713590E+00
 0.44700560595665E+00
 0.44772205986230E+00
 0.44842106604885E+00
 0.44910317836019E+00
 0.44976893152885E+00
 0.45041883984005E+00
 0.45105339845268E+00
 0.45167308449350E+00
 0.45227835792169E+00
 0.45286966173464E+00
 0.45344742181307E+00
 0.45401204993642E+00
 0.45456394260794E+00
 0.45510348209138E+00
 0.45563103702322E+00
 0.45614696275661E+00
 0.45665160215890E+00
 0.45714528629252E+00
 0.45762833421999E+00
 0.45810105415211E+00
 0.45856374288476E+00
 0.45901668902182E+00
 0.45946016891285E+00
 0.45989445001951E+00
 0.46031979188876E+00
 0.46073644364551E+00
 0.46114464701004E+00
 0.46154463481487E+00
 0.46193663298814E+00
 0.46232085975837E+00
 0.46269752529601E+00
 0.46306683368457E+00
 0.46342898209898E+00
 0.46378416153330E+00
 0.46413255624285E+00
 0.46447434492757E+00
 0.46480970031708E+00
 0.46513879006283E+00
 0.46546177584963E+00
 0.46577881434074E+00
 0.46609005768646E+00
 0.46639565312144E+00
 0.46669574307372E+00
 0.46699046574641E+00
 0.46727995495995E+00
 0.46756434041354E+00
 0.46784374828941E+00
 0.46811830021494E+00
 0.46838811463782E+00
 0.46865330615882E+00
 0.46891398588993E+00
 0.46917026223405E+00
 0.46942223973161E+00
 0.46967002016541E+00
 0.46991370240001E+00
 0.47015338155022E+00
 0.47038915133030E+00
 0.47062110207702E+00
 0.47084932096845E+00
 0.47107389363145E+00
 0.47129490310765E+00
 0.47151242924984E+00
 0.47172655055588E+00
 0.47193734319022E+00
 0.47214488103372E+00
 0.47234923555366E+00
 0.47255047672908E+00
 0.47274867254873E+00
 0.47294388904762E+00
 0.47313619068620E+00
 0.47332563981415E+00
 0.47351229720948E+00
 0.47369622210273E+00
 0.47387747213761E+00
 0.47405610338973E+00
 0.47423217051340E+00
 0.47440572672469E+00
 0.47457682379052E+00
