-0.00000000000000E+00
-0.44441287912260E-04
-0.24523510693402E-02
-0.31130448829691E-01
-0.95508906522807E+00
-0.21336437398416E+01
-0.26728296854956E+01
-0.61974439891145E+01
-0.13248421967049E+02
-0.25279688634168E+02
-0.43395397215593E+02
-0.66030565264666E+02
-0.94517279985386E+02
-0.12058222328297E+03
-0.13190245762431E+03
-0.10998137218941E+03
-0.22318475391293E+02
 0.16526051658366E+03
 0.51311861868737E+03
 0.10815363264803E+04
 0.19526782579267E+04
 0.32241969140976E+04
 0.50040180246364E+04
 0.74150601115321E+04
 0.10597111846686E+05
 0.14694173182681E+05
 0.19870813910751E+05
 0.26289829799984E+05
 0.34130901738015E+05
 0.43574978814656E+05
 0.54803214401507E+05
 0.67998279383933E+05
 0.83341577771623E+05
 0.10101412329761E+06
 0.12119213416618E+06
 0.14404797923617E+06
 0.16974797829304E+06
 0.19845604475713E+06
 0.23032754106286E+06
 0.26551296063563E+06
 0.30416671590998E+06
 0.34643863019325E+06
 0.39247725531539E+06
 0.44244011089362E+06
 0.49648522239614E+06
 0.55478060215080E+06
 0.61750579812942E+06
 0.68485438068834E+06
 0.75703732140718E+06
 0.83428378623253E+06
 0.91685300526518E+06
 0.10050224793890E+07
 0.10991043581502E+07
 0.11994504960456E+07
 0.13064379936272E+07
 0.14204935033680E+07
 0.15420823383853E+07
 0.16717199171991E+07
 0.18099704402611E+07
 0.19574513533524E+07
 0.21148392142400E+07
 0.22828660653560E+07
 0.24623321205209E+07
 0.26541491981655E+07
 0.28591662430652E+07
 0.30784283050902E+07
 0.33130218979737E+07
 0.35641112101137E+07
 0.38329406833261E+07
 0.41208454957898E+07
 0.44292499403793E+07
 0.47596690728247E+07
 0.51137209342621E+07
 0.54931227319986E+07
 0.58996923777944E+07
 0.63353650135421E+07
 0.68021848848437E+07
 0.73023091590786E+07
 0.78380282545363E+07
 0.84117524384254E+07
 0.90260257251753E+07
 0.96835279160573E+07
 0.10387077162677E+08
 0.11139653125900E+08
 0.11944378999091E+08
 0.12804534279778E+08
 0.13723568088632E+08
 0.14705101214324E+08
 0.15752935710195E+08
 0.16871059210171E+08
 0.18063654516027E+08
 0.19335094096231E+08
 0.20690106525018E+08
 0.22133246344620E+08
 0.23669657587783E+08
 0.25304599759890E+08
 0.27043566742108E+08
 0.28892315899583E+08
 0.30856846147987E+08
 0.32943431403744E+08
 0.35158609147715E+08
 0.37509204726719E+08
 0.40002332815001E+08
 0.42645395719115E+08
 0.45446088860491E+08
 0.48412427574380E+08
 0.51552742118301E+08
 0.54875676350742E+08
 0.58390165887716E+08
 0.62105453895141E+08
 0.66031139860712E+08
 0.70177112936453E+08
 0.74553559723669E+08
 0.79171208937995E+08
 0.84040399589999E+08
 0.89172383569597E+08
 0.94578439577236E+08
 0.10027009192271E+09
 0.10625907272088E+09
 0.11255726226280E+09
 0.11917669963626E+09
 0.12612952921395E+09
 0.13342796665628E+09
 0.14108419953983E+09
 0.14911037950026E+09
 0.15751860523066E+09
 0.16632073478149E+09
 0.17552837146769E+09
 0.18515293749705E+09
 0.19520538201191E+09
 0.20569615499193E+09
 0.21663508607630E+09
 0.22803139044527E+09
 0.23989383706926E+09
 0.25222978186477E+09
 0.26504596047521E+09
 0.27834811062230E+09
 0.29214071915448E+09
 0.30642727780132E+09
 0.32121011389678E+09
 0.33649042495576E+09
 0.35226853370151E+09
 0.36854382197485E+09
 0.38531545478020E+09
 0.40258221442403E+09
 0.42034291520079E+09
 0.43859676091433E+09
 0.45734382791505E+09
 0.47658529560256E+09
 0.49632377221396E+09
 0.51656342096929E+09
 0.53731014263839E+09
 0.55857159448466E+09
 0.58035715075137E+09
 0.60267789540224E+09
 0.62554638042504E+09
 0.64897653337486E+09
 0.67298358550263E+09
 0.69758371517047E+09
 0.72279398592690E+09
 0.74863224167993E+09
 0.77511692687957E+09
 0.80226690023789E+09
 0.83010152105439E+09
 0.85864025705729E+09
 0.88790279778304E+09
 0.91790902531034E+09
 0.94867887608353E+09
 0.98023235164295E+09
 0.10125894827115E+10
 0.10457702928370E+10
 0.10797947559221E+10
 0.11146828949403E+10
 0.11504546700079E+10
 0.11871299862261E+10
 0.12247287697123E+10
 0.12632709449141E+10
 0.13027763943593E+10
 0.13432649428899E+10
 0.13847565095857E+10
 0.14272709465329E+10
 0.14708281692574E+10
 0.15154481038923E+10
 0.15611506670368E+10
 0.16079558406869E+10
 0.16558836192989E+10
 0.17049540843296E+10
 0.17551873196404E+10
 0.18066034737948E+10
 0.18592228002425E+10
 0.19130655364460E+10
 0.19681520224319E+10
 0.20245026865103E+10
 0.20821379931596E+10
 0.21410784614228E+10
 0.22013447635222E+10
 0.22629575422269E+10
 0.23259376218115E+10
 0.23903058209123E+10
 0.24560830820955E+10
 0.25232904306904E+10
 0.25919489608612E+10
 0.26620798395856E+10
 0.27337043633067E+10
 0.28068438369938E+10
 0.28815197322249E+10
 0.29577535588629E+10
 0.30355668969506E+10
 0.31149814661851E+10
 0.31960190334328E+10
 0.32787014529384E+10
 0.33630506756364E+10
 0.34490887451619E+10
 0.35368377783702E+10
 0.36263199764573E+10
 0.37175576472414E+10
 0.38105731085868E+10
 0.39053889304642E+10
 0.40020276038887E+10
 0.41005117251022E+10
 0.42008640990681E+10
 0.43031075059459E+10
 0.44072647967161E+10
 0.45133589167651E+10
 0.46214131031912E+10
 0.47314503330073E+10
 0.48434939138047E+10
 0.49575671043093E+10
 0.50736933659309E+10
 0.51918961424968E+10
 0.53121990274931E+10
 0.54346256812521E+10
 0.55591998202935E+10
 0.56859452647323E+10
 0.58148858988423E+10
 0.59460457384902E+10
 0.60794488274449E+10
 0.62151193435808E+10
 0.63530815225583E+10
 0.64933596904129E+10
 0.66359782423431E+10
 0.67809616387643E+10
 0.69283343559421E+10
 0.70781212332721E+10
 0.72303469275362E+10
 0.73850361953829E+10
 0.75422140349710E+10
 0.77019053650294E+10
 0.78641353275043E+10
 0.80289289308504E+10
 0.81963114542562E+10
 0.83663082926868E+10
 0.85389447365083E+10
 0.87142462778085E+10
 0.88922384466637E+10
 0.90729469809868E+10
 0.92563975153048E+10
 0.94426159010172E+10
 0.96316279829431E+10
 0.98234598024900E+10
 0.10018137371220E+11
 0.10215686716456E+11
 0.10416134148483E+11
 0.10619505979586E+11
 0.10825828537397E+11
 0.11035128326262E+11
 0.11247431825698E+11
 0.11462765670841E+11
 0.11681156745124E+11
 0.11902631610668E+11
 0.12127217315326E+11
 0.12354940726097E+11
 0.12585828756905E+11
 0.12819908835042E+11
 0.13057207950265E+11
 0.13297753481711E+11
 0.13541572866659E+11
 0.13788693316506E+11
 0.14039142580031E+11
 0.14292948364004E+11
 0.14550138120496E+11
 0.14810739769313E+11
 0.15074781302834E+11
 0.15342290459779E+11
 0.15613295348092E+11
 0.15887824247306E+11
 0.16165905334542E+11
 0.16447566747246E+11
 0.16732836950760E+11
 0.17021744413611E+11
 0.17314317687704E+11
 0.17610585533385E+11
 0.17910576550085E+11
 0.18214319550983E+11
 0.18521843418218E+11
 0.18833177131662E+11
 0.19148349708918E+11
 0.19467390398322E+11
 0.19790328389025E+11
 0.20117193010045E+11
