 0.26482300296472E+01
 0.26482300296430E+01
 0.26482300295409E+01
 0.26482300288623E+01
 0.26482300262642E+01
 0.26482300202198E+01
 0.26482300089857E+01
 0.26482299899724E+01
 0.26482299646144E+01
 0.26482299431219E+01
 0.26482299556176E+01
 0.26482300666411E+01
 0.26482303884973E+01
 0.26482310975183E+01
 0.26482324414481E+01
 0.26482347439673E+01
 0.26482384054029E+01
 0.26482438947697E+01
 0.26482517491880E+01
 0.26482625547915E+01
 0.26482769459368E+01
 0.26482955841977E+01
 0.26483191510012E+01
 0.26483483527084E+01
 0.26483838826457E+01
 0.26484264150907E+01
 0.26484766208264E+01
 0.26485351382160E+01
 0.26486025696948E+01
 0.26486794681330E+01
 0.26487663232220E+01
 0.26488635523359E+01
 0.26489714902931E+01
 0.26490903729957E+01
 0.26492203229802E+01
 0.26493613324958E+01
 0.26495132598196E+01
 0.26496758009282E+01
 0.26498484834584E+01
 0.26500306379102E+01
 0.26502213955690E+01
 0.26504196669606E+01
 0.26506241284241E+01
 0.26508332092354E+01
 0.26510450742169E+01
 0.26512576125632E+01
 0.26514684249903E+01
 0.26516748112516E+01
 0.26518737592960E+01
 0.26520619347719E+01
 0.26522356725366E+01
 0.26523909657174E+01
 0.26525234600764E+01
 0.26526284478284E+01
 0.26527008583570E+01
 0.26527352631348E+01
 0.26527258454587E+01
 0.26526664264976E+01
 0.26525504410046E+01
 0.26523709781844E+01
 0.26521207140900E+01
 0.26517919572018E+01
 0.26513766373069E+01
 0.26508653320212E+01
 0.26502509708295E+01
 0.26495235537761E+01
 0.26486735089882E+01
 0.26476909018850E+01
 0.26465654409497E+01
 0.26452864654486E+01
 0.26438429639477E+01
 0.26422235827910E+01
 0.26404166133986E+01
 0.26384099946566E+01
 0.26361913408567E+01
 0.26337479512983E+01
 0.26310667615845E+01
 0.26281344321519E+01
 0.26249372376615E+01
 0.26214611771217E+01
 0.26176919414253E+01
 0.26136149013247E+01
 0.26092151291557E+01
 0.26044773928463E+01
 0.25993861688300E+01
 0.25939256294767E+01
 0.25880796686783E+01
 0.25818319325838E+01
 0.25751657315716E+01
 0.25680640735762E+01
 0.25605097630100E+01
 0.25524853969442E+01
 0.25439713592569E+01
 0.25349530911031E+01
 0.25254108061812E+01
 0.25153261303300E+01
 0.25046805650668E+01
 0.24934552600444E+01
 0.24816313798339E+01
 0.24691899286338E+01
 0.24561118969858E+01
 0.24423782265034E+01
 0.24279698124261E+01
 0.24128676281644E+01
 0.23970529563839E+01
 0.23805071678806E+01
 0.23632119691828E+01
 0.23451494094919E+01
 0.23263021110087E+01
 0.23066535030063E+01
 0.22861877196034E+01
 0.22648894360862E+01
 0.22427447755116E+01
 0.22197386224440E+01
 0.21958640198054E+01
 0.21711095339889E+01
 0.21454671724469E+01
 0.21189314317207E+01
 0.20914989794074E+01
 0.20631694645152E+01
 0.20339451533763E+01
 0.20038317148381E+01
 0.19728382945722E+01
 0.19409779510233E+01
 0.19082682329490E+01
 0.18747308572024E+01
 0.18403928534397E+01
 0.18052869370521E+01
 0.17694509187246E+01
 0.17329287992169E+01
 0.16957716841982E+01
 0.16580378783524E+01
 0.16197925509595E+01
 0.15811065599373E+01
 0.15420638570101E+01
 0.15027517461967E+01
 0.14632662300023E+01
 0.14237120564723E+01
 0.13841999370562E+01
 0.13448470773323E+01
 0.13057742243982E+01
 0.12671053216960E+01
 0.12289664541745E+01
 0.11914782377480E+01
 0.11547580002935E+01
 0.11189152882550E+01
 0.10840497271345E+01
 0.10502449432805E+01
 0.10175761617632E+01
 0.98609869823267E+00
 0.95585239385643E+00
 0.92686090979932E+00
 0.89913301247786E+00
 0.87266330919792E+00
 0.84743473597258E+00
 0.82342006979388E+00
 0.80058473796871E+00
 0.77888722416171E+00
 0.75828275154515E+00
 0.73872372872481E+00
 0.72016105813517E+00
 0.70254525118900E+00
 0.68582790900958E+00
 0.66996036780459E+00
 0.65489791838819E+00
 0.64059726346016E+00
 0.62701656236488E+00
 0.61411693925308E+00
 0.60186143338369E+00
 0.59021548976139E+00
 0.57914681343989E+00
 0.56862569223851E+00
 0.55862365144853E+00
 0.54911481918709E+00
 0.54007463030884E+00
 0.53148065405257E+00
 0.52331154490401E+00
 0.51554782105466E+00
 0.50817112687665E+00
 0.50116423667076E+00
 0.49451104875439E+00
 0.48819667372394E+00
 0.48220690571945E+00
 0.47652858897766E+00
 0.47114917747549E+00
 0.46605697649736E+00
 0.46124091047594E+00
 0.45669047723712E+00
 0.45239574488744E+00
 0.44834732233744E+00
 0.44453626704671E+00
 0.44095407962121E+00
 0.43759265195052E+00
 0.43444426949051E+00
 0.43150151825670E+00
 0.42875740185338E+00
 0.42620507079974E+00
 0.42383811111448E+00
 0.42165026472119E+00
 0.41963571424295E+00
 0.41778840471630E+00
 0.41610297276006E+00
 0.41457402111928E+00
 0.41319647513096E+00
 0.41196532724763E+00
 0.41087577324096E+00
 0.40992322783011E+00
 0.40910317878608E+00
 0.40841129722650E+00
 0.40784338565191E+00
 0.40739539648575E+00
 0.40706339424303E+00
 0.40684354350318E+00
 0.40673216290242E+00
 0.40672563598306E+00
 0.40682054048263E+00
 0.40701340155484E+00
 0.40730105060298E+00
 0.40768023111693E+00
 0.40814783500131E+00
 0.40870090398880E+00
 0.40933650814763E+00
 0.41005178323811E+00
 0.41084395777188E+00
 0.41171042760758E+00
 0.41264851476554E+00
 0.41365571197448E+00
 0.41472954981445E+00
 0.41586763172107E+00
 0.41706761868994E+00
 0.41832726483422E+00
 0.41964436715851E+00
 0.42101677149303E+00
 0.42244239417121E+00
 0.42391921712643E+00
 0.42544526502890E+00
 0.42701863132713E+00
 0.42863744952301E+00
 0.43029990738274E+00
 0.43200424715669E+00
 0.43374875301968E+00
 0.43553178486802E+00
 0.43735166135816E+00
 0.43920686708712E+00
 0.44109586124779E+00
 0.44301714887749E+00
 0.44496930631881E+00
 0.44695090200762E+00
 0.44896060721900E+00
 0.45099706901860E+00
 0.45305899330765E+00
 0.45514517442058E+00
 0.45725435440056E+00
 0.45938536315427E+00
 0.46153705095933E+00
 0.46370831474164E+00
 0.46589807910303E+00
 0.46810529059912E+00
 0.47032893346391E+00
 0.47256801039257E+00
 0.47482159389961E+00
 0.47708870924695E+00
 0.47936847927822E+00
 0.48166001178137E+00
 0.48396248060665E+00
 0.48627505311778E+00
 0.48859693493516E+00
 0.49092735125873E+00
 0.49326555598941E+00
 0.49561081368849E+00
 0.49796243389394E+00
 0.50031973130517E+00
 0.50268203502932E+00
 0.50504872470198E+00
 0.50741917408143E+00
 0.50979277610090E+00
 0.51216900478221E+00
 0.51454720185420E+00
 0.51692691645662E+00
 0.51930757523749E+00
 0.52168867162711E+00
 0.52406971923284E+00
 0.52645027879427E+00
 0.52882984852155E+00
 0.53120799828987E+00
 0.53358431077215E+00
 0.53595839915748E+00
 0.53832982092201E+00
 0.54069820724046E+00
 0.54306319628792E+00
 0.54542442820949E+00
 0.54778156613390E+00
 0.55013429729761E+00
 0.55248226661249E+00
 0.55482517788045E+00
 0.55716274174835E+00
 0.55949467525688E+00
 0.56182070576274E+00
 0.56414057055012E+00
 0.56645401987319E+00
