 0.00000000000000E+00
-0.30300879194351E-05
-0.29943420262840E-04
-0.11468567140904E-03
-0.27921196280058E-03
-0.52731946709058E-03
-0.85250455811951E-03
-0.12407187506928E-02
-0.16699149147850E-02
-0.21072106750484E-02
-0.25056652873595E-02
-0.28067766225653E-02
-0.29458947866631E-02
-0.28587239957512E-02
-0.24871307995489E-02
-0.17640215508416E-02
-0.67534769231378E-03
 0.79753920165072E-03
 0.26715315833006E-02
 0.49450698128990E-02
 0.77305362168672E-02
 0.10780995667993E-01
 0.14124856597141E-01
 0.17869837977603E-01
 0.21900116124252E-01
 0.26183626764685E-01
 0.30681464574622E-01
 0.35356331780784E-01
 0.40167320198261E-01
 0.45075806771909E-01
 0.50047939549282E-01
 0.55047898850530E-01
 0.60036211492254E-01
 0.64982138180908E-01
 0.69859947796000E-01
 0.74644577179874E-01
 0.79312515396553E-01
 0.83845462090687E-01
 0.88228089609414E-01
 0.92448225471332E-01
 0.96496320028162E-01
 0.10036666445341E+00
 0.10405439080318E+00
 0.10755784334777E+00
 0.11087751872888E+00
 0.11401576304401E+00
 0.11697652675254E+00
 0.11976512628839E+00
 0.12238801525446E+00
 0.12485267808612E+00
 0.12716720788604E+00
 0.12934014187545E+00
 0.13138052409176E+00
 0.13329765110519E+00
 0.13510094240167E+00
 0.13679983279408E+00
 0.13840368329706E+00
 0.13992171385194E+00
 0.14136293267351E+00
 0.14273606183258E+00
 0.14404954265864E+00
 0.14531148853334E+00
 0.14652966562847E+00
 0.14771147861072E+00
 0.14886396458551E+00
 0.14999379149843E+00
 0.15110728333026E+00
 0.15221038480603E+00
 0.15330865728475E+00
 0.15440736038839E+00
 0.15551142917935E+00
 0.15662549645021E+00
 0.15775389451412E+00
 0.15890067469565E+00
 0.16006965786073E+00
 0.16126441757764E+00
 0.16248828265352E+00
 0.16374440713863E+00
 0.16503575798296E+00
 0.16636515825762E+00
 0.16773524073414E+00
 0.16914851766354E+00
 0.17060728389645E+00
 0.17211426174802E+00
 0.17367067961705E+00
 0.17528171002263E+00
 0.17694524857090E+00
 0.17866516409211E+00
 0.18044330492916E+00
 0.18228165840366E+00
 0.18418217318397E+00
 0.18614672831623E+00
 0.18817720698308E+00
 0.19027555269075E+00
 0.19244363372192E+00
 0.19468340493478E+00
 0.19699682446151E+00
 0.19938590658046E+00
 0.20185283804831E+00
 0.20439935924953E+00
 0.20702797810364E+00
 0.20974064207646E+00
 0.21253962139856E+00
 0.21542723551544E+00
 0.21840587068243E+00
 0.22147789915445E+00
 0.22464579607849E+00
 0.22791208962673E+00
 0.23127939554576E+00
 0.23475037985687E+00
 0.23832781290882E+00
 0.24201450649992E+00
 0.24581329307886E+00
 0.24972716617122E+00
 0.25375910662909E+00
 0.25791221155029E+00
 0.26218954743272E+00
 0.26659430363758E+00
 0.27112970581612E+00
 0.27579892256809E+00
 0.28060535801222E+00
 0.28555230604573E+00
 0.29064378084631E+00
 0.29588173894037E+00
 0.30127016168104E+00
 0.30681241373262E+00
 0.31251174903208E+00
 0.31837141704277E+00
 0.32439461579867E+00
 0.33058446277604E+00
 0.33694398284096E+00
 0.34347609853997E+00
 0.35018360881881E+00
 0.35706918200767E+00
 0.36413531428309E+00
 0.37138433739371E+00
 0.37881839266010E+00
 0.38643937494068E+00
 0.39424898406758E+00
 0.40224864807266E+00
 0.41043956393887E+00
 0.41882263204030E+00
 0.42739851544318E+00
 0.43616751489271E+00
 0.44512967877560E+00
 0.45428472884551E+00
 0.46363209488931E+00
 0.47317087958855E+00
 0.48289989587206E+00
 0.49281762672593E+00
 0.50292228628543E+00
 0.51321177218367E+00
 0.52368371765244E+00
 0.53433538396884E+00
 0.54516390237208E+00
 0.55616634152193E+00
 0.56733883083134E+00
 0.57867800066076E+00
 0.59017989388721E+00
 0.60184046312601E+00
 0.61365555295545E+00
 0.62562060388465E+00
 0.63773133202880E+00
 0.64998277947676E+00
 0.66237020596558E+00
 0.67488865597411E+00
 0.68753306579039E+00
 0.70029833219086E+00
 0.71317920096045E+00
 0.72617039232485E+00
 0.73926656346407E+00
 0.75246235744080E+00
 0.76575236601583E+00
 0.77913117364032E+00
 0.79259334929302E+00
 0.80613351483908E+00
 0.81974623098245E+00
 0.83342617801497E+00
 0.84716801307159E+00
 0.86096649524552E+00
 0.87481643475230E+00
 0.88871271417766E+00
 0.90265033886212E+00
 0.91662439591795E+00
 0.93063011550786E+00
 0.94466282799148E+00
 0.95871803917344E+00
 0.97279140251578E+00
 0.98687865872764E+00
 0.10009758060362E+01
 0.10150789329649E+01
 0.10291844334660E+01
 0.10432886903777E+01
 0.10573883267019E+01
 0.10714802080532E+01
 0.10855612625242E+01
 0.10996286081411E+01
 0.11136795545231E+01
 0.11277115229944E+01
 0.11417220865753E+01
 0.11557089590313E+01
 0.11696699808325E+01
 0.11836031074305E+01
 0.11975064108212E+01
 0.12113780705262E+01
 0.12252163656126E+01
 0.12390196725658E+01
 0.12527864293270E+01
 0.12665151688388E+01
 0.12802045408356E+01
 0.12938532374970E+01
 0.13074600295024E+01
 0.13210237464356E+01
 0.13345432655626E+01
 0.13480175409101E+01
 0.13614455639900E+01
 0.13748264226354E+01
 0.13881592043226E+01
 0.14014430737165E+01
 0.14146772196484E+01
 0.14278608886589E+01
 0.14409933738969E+01
 0.14540739971641E+01
 0.14671021251423E+01
 0.14800771355698E+01
 0.14929984944090E+01
 0.15058656419598E+01
 0.15186780863241E+01
 0.15314353485487E+01
 0.15441369854819E+01
 0.15567825963377E+01
 0.15693717759395E+01
 0.15819041607958E+01
 0.15943794198049E+01
 0.16067972221587E+01
 0.16191573054985E+01
 0.16314593711156E+01
 0.16437031804698E+01
 0.16558884824168E+01
 0.16680150798678E+01
 0.16800828000819E+01
 0.16920914611947E+01
 0.17040408801090E+01
 0.17159309213580E+01
 0.17277614503278E+01
 0.17395323942350E+01
 0.17512436494768E+01
 0.17628951193539E+01
 0.17744867375165E+01
 0.17860184667464E+01
 0.17974902511410E+01
 0.18089020751923E+01
 0.18202539159057E+01
 0.18315457649810E+01
 0.18427776301550E+01
 0.18539495285042E+01
 0.18650614796290E+01
 0.18761135464139E+01
 0.18871057605038E+01
 0.18980381759452E+01
 0.19089108575470E+01
 0.19197238826112E+01
 0.19304773336090E+01
 0.19411712991028E+01
 0.19518058809310E+01
 0.19623811915923E+01
 0.19728973343019E+01
 0.19833544312237E+01
 0.19937526131738E+01
 0.20040920133888E+01
 0.20143727750896E+01
 0.20245950419862E+01
 0.20347589667592E+01
 0.20448647075795E+01
 0.20549124283223E+01
 0.20649022926563E+01
 0.20748344867334E+01
 0.20847091834265E+01
 0.20945265648848E+01
 0.21042868214162E+01
 0.21139901444416E+01
 0.21236367303582E+01
 0.21332267828327E+01
 0.21427604987045E+01
 0.21522380980673E+01
 0.21616597892348E+01
 0.21710257858602E+01
 0.21803363070970E+01
 0.21895915759555E+01
 0.21987918167612E+01
 0.22079372575928E+01
 0.22170281264168E+01
 0.22260646636854E+01
 0.22350470960123E+01
 0.22439756629691E+01
 0.22528506124785E+01
 0.22616721797516E+01
 0.22704406133935E+01
 0.22791561542247E+01
 0.22878190592943E+01
