 0.00000000000000E+00
 0.34523161709447E-22
-0.76495765720128E-21
-0.38665941114581E-20
-0.38364298741662E-20
 0.10133020500973E-19
-0.16060407636489E-19
 0.20749921194409E-19
-0.28606912641948E-19
-0.48791518399652E-19
-0.42570336695366E-19
-0.25503332496831E-19
-0.68773925827986E-19
-0.84890726078583E-19
 0.19959636678663E-18
-0.13218468316438E-18
-0.82652421469770E-19
 0.69628145864365E-19
-0.84444166934294E-19
-0.10702655648956E-18
 0.10441814234771E-17
 0.13244104749669E-18
 0.23181265287167E-18
-0.32061332281731E-18
 0.36875559340892E-17
 0.14671770843304E-17
 0.25383587278994E-17
 0.26063747250073E-17
 0.15199049827442E-17
 0.34024651684001E-17
 0.37329021473749E-17
 0.62956797935035E-17
 0.69065553657535E-17
 0.14762106904368E-16
-0.61546525721351E-13
-0.71733096471867E-14
 0.16125658494642E-13
 0.79949093783816E-13
 0.71622585986943E-13
 0.27178258279889E-12
 0.33351908533909E-11
 0.82219271658668E-11
-0.23977674622998E-10
 0.63849527789374E-10
 0.26458853057220E-10
 0.16914587210387E-10
-0.13556100703875E-10
-0.11768164011661E-10
 0.37284656763653E-10
-0.57029820278273E-10
 0.24350846444474E-10
-0.73588925923055E-11
 0.44057948904079E-10
 0.28512449146952E-10
 0.45734738094755E-10
-0.68692276026377E-11
-0.38082246502624E-10
-0.42190833065606E-10
 0.17431604972511E-11
 0.20478808929776E-10
 0.29187104973344E-10
 0.14477317644166E-10
-0.92615660198635E-11
-0.61123429087569E-10
-0.12958054673984E-10
-0.69540864591717E-11
 0.43687141315119E-10
 0.30152341457517E-10
 0.55835391585009E-10
-0.98902275530097E-11
-0.19354352937981E-10
-0.31365140983440E-11
-0.19499141443513E-11
 0.32286436283546E-10
-0.18342481351580E-10
-0.55863913804875E-11
 0.42783196291106E-11
-0.25758152139726E-12
 0.59123644824110E-11
-0.27710193864311E-11
-0.48096682885727E-12
 0.20497064473823E-10
-0.13314297828973E-10
 0.14317659747625E-10
 0.12954477177499E-11
 0.13140557305323E-10
-0.23570748110541E-10
 0.17089124764366E-10
-0.71553759586536E-11
 0.27393921904102E-11
 0.14931969455014E-10
-0.15590657197734E-10
-0.20552550464048E-10
-0.51517310975970E-11
 0.14630841300609E-10
 0.13887723066193E-10
 0.73099982237221E-11
-0.63835534379154E-11
 0.45076158014422E-10
-0.14975792822200E-10
 0.55089663316218E-11
-0.63960906878638E-11
 0.16963469118469E-10
-0.73502490853074E-11
-0.59266075816631E-12
-0.85793665447818E-11
 0.43540192416978E-11
-0.12401497109470E-11
-0.42059908331224E-12
 0.34621550196901E-11
-0.11844717761942E-11
 0.11083450667230E-12
-0.91496795711080E-11
 0.14937493648036E-10
 0.59272734050593E-11
-0.38664902505725E-12
 0.30751828174606E-11
-0.23148148452281E-11
-0.15699703354956E-11
 0.75472551164458E-11
 0.62227649938670E-11
-0.46207899041114E-10
 0.79165733116112E-11
 0.35392500039753E-12
-0.49752240635790E-11
 0.46195914476527E-11
-0.93897092109087E-11
-0.56710948447097E-11
-0.14168282867130E-10
-0.45083909479810E-11
-0.29701724377016E-12
 0.54852931885463E-11
 0.35984336676041E-11
 0.24524001622208E-11
-0.35349501375183E-11
 0.61455372745889E-11
-0.53731544065715E-13
 0.48239105267948E-11
-0.18749637953894E-11
 0.70792220612594E-11
 0.40331788935981E-11
 0.44824509519826E-11
-0.75404706225447E-11
-0.23848937352201E-11
-0.79469864384873E-11
-0.26127174413570E-11
-0.61726444581682E-11
-0.12362985330648E-11
 0.34025782572329E-12
-0.52510296499027E-11
 0.93027964514248E-11
-0.15353083303383E-12
-0.62890111658330E-12
 0.28285413504229E-11
 0.93019728543771E-13
-0.50599220789941E-12
 0.92501666095845E-12
 0.29830589607547E-12
-0.19355793291638E-11
 0.20725933914653E-11
-0.46469207231238E-11
 0.23590773562617E-11
-0.70399897686056E-11
-0.51167637588766E-11
-0.14003899225192E-11
-0.16045770439194E-12
 0.27017898849661E-11
-0.76709187197563E-12
-0.10288132392511E-11
-0.27394083300042E-11
 0.55212605448868E-12
 0.13005623809108E-11
-0.14367523166424E-11
 0.55558150718787E-11
 0.28167150086789E-11
-0.12118582887743E-12
 0.25563643381528E-11
 0.82875394671041E-12
 0.13119896017073E-11
 0.11291007836643E-11
-0.19946971231539E-11
-0.22926548845123E-12
-0.13738298987701E-11
-0.28803138057436E-11
-0.33086686116319E-11
 0.12339487750218E-12
 0.14697171399289E-11
 0.28789320187326E-12
-0.41282608558356E-12
-0.20139470052926E-11
-0.31379376487760E-11
 0.48417974731904E-12
 0.24322119690822E-11
 0.57608405941804E-12
 0.33240847012938E-11
-0.18199445838947E-11
-0.22651197300552E-11
 0.21897839530895E-11
-0.94656285934141E-12
-0.42273621360374E-11
 0.25059515684826E-11
 0.79305047888659E-12
 0.12125746265512E-11
 0.37050725650928E-12
-0.64530840246851E-12
 0.16628816985837E-11
-0.56134758155020E-12
-0.18312013250777E-11
 0.24254344017484E-11
 0.21861916977437E-11
-0.36629774724862E-11
 0.19295849524030E-11
-0.16187243895682E-11
 0.57351807845507E-12
-0.36494800748298E-11
-0.64374297079464E-11
-0.11131835194887E-11
-0.44808644579959E-11
-0.18584502926072E-11
 0.18020554007818E-11
-0.64475100972561E-12
-0.13144002377666E-11
-0.21613281643633E-12
-0.96472339387619E-12
 0.55261956202920E-11
 0.86210839003914E-12
-0.10866812668229E-11
 0.12523359606647E-11
-0.20169809704283E-11
-0.31889812790216E-11
 0.26425208623564E-11
-0.15944802441306E-11
 0.50224538525233E-12
-0.27859120743212E-11
 0.72781792198155E-12
 0.51996136065128E-12
 0.33809060310004E-11
 0.27809862167813E-11
 0.99292700658369E-12
 0.22512180374166E-11
-0.57780512551972E-12
-0.75445657243187E-12
 0.59580879031220E-13
 0.12868183307714E-11
-0.15309672859576E-11
-0.47859426415804E-11
 0.31878077586323E-12
-0.82086626420837E-12
 0.69394068066561E-12
-0.21869740756957E-11
-0.22946350191792E-11
 0.78165534100256E-12
 0.82569745731819E-12
 0.11174557030750E-11
 0.31915671247058E-11
-0.64913243387664E-11
-0.35961425040441E-11
-0.14667721540979E-11
-0.49486602652524E-12
 0.12743626907433E-11
 0.11701844400994E-11
 0.78145895490834E-12
-0.21167939829060E-11
-0.31065363131272E-12
 0.33776743407000E-11
 0.97278397878753E-12
 0.43077167622233E-12
-0.13027491893202E-11
 0.23369439193139E-11
 0.93022941847585E-12
 0.11507846307277E-12
 0.11633327553010E-11
-0.23267324035248E-12
 0.55567181411361E-12
 0.44423588937576E-12
 0.82041218767628E-12
 0.12210357408971E-11
 0.16428904079941E-11
-0.13937266676439E-11
-0.48346836217795E-12
-0.10527341904851E-11
 0.26511299737286E-12
 0.35611274848634E-12
-0.16226018388059E-11
 0.10959392610779E-11
 0.23622842967218E-12
-0.36026682242332E-12
-0.74128197602592E-12
-0.75895890965649E-13
 0.34092089412848E-13
 0.28793372001753E-11
-0.11775473026390E-10
 0.11501258265719E-11
-0.38728922260198E-10
 0.94977907109104E-12
 0.12045816113438E-10
 0.47589118769307E-11
 0.79295264259037E-10
-0.48959197326232E-12
-0.75279383976469E-12
