 0.00000000000000E+00
-0.20629840631941E-22
-0.39860342442592E-21
-0.27758783464520E-20
-0.11135483634759E-19
-0.32112338946725E-19
-0.74006358388939E-19
-0.13555385555387E-18
-0.22555633037960E-18
-0.34374411672529E-18
-0.53570511697448E-18
-0.75827965512865E-18
-0.85710651295224E-18
-0.94666466772518E-18
-0.98134258541225E-18
 0.52733196890986E-11
 0.10249688896587E-10
 0.76629170418596E-12
 0.17800050659628E-11
-0.59966604761362E-11
-0.49167719736232E-11
 0.25514125756312E-11
-0.44206444375090E-12
-0.84957845740051E-11
 0.56877109664704E-11
-0.25288109009920E-10
-0.28941032287363E-10
 0.22789033676887E-07
-0.64131413791556E-07
 0.36859819905905E-06
-0.23248845482365E-06
 0.29942766553088E-06
-0.32335729099355E-06
 0.39385402857904E-06
 0.22842168132668E-06
 0.71910588345856E-09
 0.20878149437592E-08
 0.28434204552977E-08
 0.46030694380149E-08
 0.81354124152447E-08
 0.13951869879890E-07
 0.22941118458442E-07
 0.36631607053666E-07
 0.56791476103613E-07
 0.87649805652484E-07
 0.13129515124266E-06
 0.19422909184448E-06
 0.28218721498261E-06
 0.40337669072628E-06
 0.56889220194408E-06
 0.79129169873517E-06
 0.10852648272088E-05
 0.14709271997623E-05
 0.19716412414972E-05
 0.26135593599775E-05
 0.34299474617324E-05
 0.44573440603080E-05
 0.57398600537405E-05
 0.73276087912343E-05
 0.92777150880076E-05
 0.11655657620865E-04
 0.14534301408911E-04
 0.17996635058572E-04
 0.22134614014464E-04
 0.27050420661034E-04
 0.32857000814635E-04
 0.39678323837589E-04
 0.47651162045897E-04
 0.56923503398336E-04
 0.67656462430834E-04
 0.80024152532776E-04
 0.94215680362347E-04
 0.11043253988888E-03
 0.12889112357892E-03
 0.14982247138493E-03
 0.17347343387312E-03
 0.20010597635161E-03
 0.22999688962853E-03
 0.26343950261519E-03
 0.30074208893318E-03
 0.34223089448844E-03
 0.38824716468286E-03
 0.44263001693956E-03
 0.48952023255657E-03
 0.56962557640577E-03
 0.62516561916170E-03
 0.69954969027309E-03
 0.78086374728826E-03
 0.86956981754505E-03
 0.96614377372137E-03
 0.10710795017081E-02
 0.11848928781911E-02
 0.13081110961854E-02
 0.14412870719922E-02
 0.15849796143428E-02
 0.17397773766420E-02
 0.19062849093335E-02
 0.20851251682361E-02
 0.22769784697657E-02
 0.24824214596214E-02
 0.27021622422795E-02
 0.29369175458025E-02
 0.31874446586521E-02
 0.34544777463102E-02
 0.37387202959911E-02
 0.40409795214623E-02
 0.43620768159761E-02
 0.47028200625992E-02
 0.50640647899249E-02
 0.54466608283009E-02
 0.58515288174389E-02
 0.62795506715131E-02
 0.67316638929442E-02
 0.72087973806231E-02
 0.77119256369968E-02
 0.82420462984167E-02
 0.88001230133819E-02
 0.93871802459360E-02
 0.10001014053206E-01
 0.10653537158945E-01
 0.11330889180985E-01
 0.12059760711307E-01
 0.12793211333823E-01
 0.13575486377944E-01
 0.14394201268200E-01
 0.15249806691361E-01
 0.16143400685240E-01
 0.17075986787928E-01
 0.18048435926036E-01
 0.19061425519776E-01
 0.20115745838898E-01
 0.21212102693147E-01
 0.22351069205266E-01
 0.23533171357728E-01
 0.24758741330220E-01
 0.26028128673505E-01
 0.27341455757147E-01
 0.28698707848099E-01
 0.30099690857864E-01
 0.31544497745191E-01
 0.33032036623594E-01
 0.34562865073037E-01
 0.36135052784108E-01
 0.37747980918078E-01
 0.39400866639309E-01
 0.41092540831510E-01
 0.42821562632200E-01
 0.44586366656723E-01
 0.46385040470100E-01
 0.48216347977973E-01
 0.50077968038950E-01
 0.51968249997492E-01
 0.53880591144181E-01
 0.55822187558957E-01
 0.57790871556743E-01
 0.59764745346750E-01
 0.61761459850024E-01
 0.63772629319842E-01
 0.65794536552454E-01
 0.67824116236381E-01
 0.69864150979683E-01
 0.71906617021960E-01
 0.73945409899196E-01
 0.75984905877685E-01
 0.78018401974657E-01
 0.80047025520379E-01
 0.82065181589096E-01
 0.84069653154254E-01
 0.86059070287124E-01
 0.88030260746524E-01
 0.89981142701655E-01
 0.91908873772962E-01
 0.93811650255323E-01
 0.95686455161507E-01
 0.97531067007549E-01
 0.99343311733275E-01
 0.10112205709910E+00
 0.10286443186623E+00
 0.10456869921048E+00
 0.10623333090637E+00
 0.10785737637335E+00
 0.10943912576121E+00
 0.11097770450979E+00
 0.11247246456344E+00
 0.11392234028106E+00
 0.11532771010719E+00
 0.11668872427802E+00
 0.11800370024985E+00
 0.11927497758824E+00
 0.12050064812970E+00
 0.12168709410836E+00
 0.12282788534073E+00
 0.12392723229637E+00
 0.12498985798114E+00
 0.12601166107267E+00
 0.12699539951802E+00
 0.12794442427750E+00
 0.12885857633951E+00
 0.12973936482694E+00
 0.13058894382354E+00
 0.13140851895932E+00
 0.13219932385854E+00
 0.13296288950958E+00
 0.13370043137469E+00
 0.13441271175880E+00
 0.13510254358265E+00
 0.13576982584284E+00
 0.13641419054614E+00
 0.13703987442472E+00
 0.13764643257274E+00
 0.13823444701081E+00
 0.13880573255040E+00
 0.13935998299408E+00
 0.13989899097589E+00
 0.14042242769053E+00
 0.14093249159876E+00
 0.14142855674696E+00
 0.14191205162522E+00
 0.14238336819867E+00
 0.14284247582960E+00
 0.14329109657736E+00
 0.14372889566639E+00
 0.14415703060721E+00
 0.14457448529003E+00
 0.14498407973174E+00
 0.14538393991781E+00
 0.14577590294748E+00
 0.14615977441289E+00
 0.14653549723798E+00
 0.14690484652879E+00
 0.14726698197431E+00
 0.14762169620327E+00
 0.14797103059448E+00
 0.14831317490978E+00
 0.14865082678454E+00
 0.14898227624022E+00
 0.14930754680138E+00
 0.14962841199489E+00
 0.14994408792399E+00
 0.15025527787504E+00
 0.15056295195465E+00
 0.15086471790330E+00
 0.15116324067753E+00
 0.15145721061011E+00
 0.15174871571220E+00
 0.15203349060143E+00
 0.15231691883991E+00
 0.15259633983952E+00
 0.15287327311097E+00
 0.15314586604818E+00
 0.15341591044967E+00
 0.15368277831130E+00
 0.15394656645640E+00
 0.15420830745540E+00
 0.15446689177277E+00
 0.15472229682551E+00
 0.15497641031380E+00
 0.15522768709972E+00
 0.15547626621106E+00
 0.15572250178422E+00
 0.15596709341486E+00
 0.15620944105882E+00
 0.15644930864911E+00
 0.15668704849629E+00
 0.15692325596249E+00
 0.15715745129879E+00
 0.15738971102606E+00
 0.15762005838335E+00
 0.15784851179983E+00
 0.15807534793353E+00
 0.15830064899910E+00
 0.15852410643554E+00
 0.15874612935342E+00
 0.15896658224997E+00
 0.15918509206292E+00
 0.15940255246338E+00
 0.15961824998206E+00
 0.15983241184928E+00
 0.16004525485958E+00
 0.16025653802210E+00
 0.16046645249115E+00
 0.16067501682068E+00
 0.16088189105009E+00
 0.16108818297522E+00
 0.16129296571865E+00
 0.16149625376173E+00
 0.16169826396602E+00
 0.16189895647305E+00
 0.16209850906976E+00
 0.16229669211177E+00
 0.16249369200541E+00
 0.16268980939817E+00
 0.16288437888756E+00
 0.16307775452544E+00
 0.16326989791134E+00
 0.16346126585196E+00
 0.16365131300869E+00
 0.16383979700169E+00
 0.16402784783295E+00
 0.16421433720733E+00
