 0.00000000000000E+00
-0.99138512373286E-25
 0.28232189073992E-22
 0.21897161281779E-21
 0.73470583190186E-21
 0.25182719174015E-22
 0.58280007231290E-20
 0.78947824610534E-20
 0.22362254626525E-19
 0.44845386305084E-19
 0.53625455812010E-19
 0.36666039117365E-19
 0.10004900614611E-18
 0.12985649018646E-18
 0.96701641628214E-20
 0.14203053614144E-18
 0.90444476581683E-19
-0.95358563272267E-19
-0.12927482617667E-18
-0.11991003561899E-18
-0.24018845844417E-17
-0.19480985258920E-17
-0.34173519267571E-17
-0.36875559340892E-17
-0.11065762254800E-16
-0.95213924064703E-17
-0.12240278904762E-16
-0.14588133365628E-16
-0.14170458491837E-16
-0.23352801775603E-16
-0.29946314826802E-16
-0.13151423261437E-16
-0.55662637062311E-16
-0.78781120934948E-16
 0.45996536572063E-12
 0.97372106343504E-13
-0.28659166747417E-12
-0.73128962170727E-12
-0.63749657670180E-12
-0.73916519232594E-12
-0.66815364007004E-10
-0.79524210429803E-10
 0.23642902334671E-09
-0.62228862399361E-09
-0.16014310401358E-09
-0.17007247078609E-09
 0.56668980689478E-10
 0.11760671907311E-09
-0.37014497999581E-09
 0.75216826208675E-09
-0.43502068164662E-09
 0.25992483864463E-09
-0.51357335834062E-09
-0.68350908167865E-09
-0.89584778278075E-09
 0.42353776333634E-09
 0.60787077328943E-09
 0.58122297199174E-09
 0.26294787032793E-09
-0.18629935105404E-09
-0.33990135030598E-09
-0.40927653197468E-09
-0.72157886885405E-10
 0.98420896432324E-09
 0.38313497561792E-09
 0.24634703365118E-09
-0.33185600456337E-09
-0.61863302467049E-09
-0.81677562265500E-09
-0.87802606973136E-10
 0.47178344053598E-09
 0.14238037654992E-10
 0.38289127024416E-09
-0.57173922105941E-09
 0.59350391808336E-09
 0.37204610663154E-09
 0.69675291720135E-10
 0.50269368815773E-10
-0.35276846005756E-09
 0.11411340415247E-09
-0.82826186034502E-10
-0.50596610374411E-09
 0.53113389561826E-09
-0.10103644362770E-09
-0.10853215834839E-09
-0.29637711177023E-09
 0.87811281563606E-09
-0.66484470818138E-09
 0.15140308596016E-09
-0.10712551617555E-09
-0.34322962576599E-09
 0.83299400105364E-09
 0.59125639420946E-09
 0.41231336288331E-10
-0.43159801992072E-09
-0.52303914773169E-09
-0.26102197289986E-09
 0.15009117945641E-09
-0.10192117559656E-08
 0.91134826130310E-09
-0.45033074499108E-10
 0.27692830525583E-09
-0.35444618314830E-09
 0.35993785830729E-09
-0.13734540793193E-09
 0.28192861714021E-09
-0.27087876503750E-09
 0.47624092075223E-10
-0.42213040193816E-10
-0.14154381462566E-10
-0.16483625755207E-09
 0.13933302791179E-09
 0.50493010731910E-09
-0.59481641655443E-09
-0.25762541738429E-09
 0.32446113149945E-10
-0.17045526354754E-09
 0.19675805380705E-09
 0.93280708231617E-11
-0.62933302117978E-09
-0.23743456385735E-09
 0.38384598406371E-08
-0.28951435987968E-09
 0.11495422972083E-09
 0.21869513623151E-09
-0.49452201738672E-09
 0.57357880963917E-09
 0.66561359074043E-09
 0.89820270343030E-09
 0.54782739645460E-09
 0.40470284206076E-10
-0.54003996821997E-09
-0.28781563062318E-09
 0.17412224678433E-09
 0.40908683745896E-09
-0.42383798976299E-09
 0.34750051263852E-09
-0.10508906319015E-09
 0.26995986479206E-09
-0.65968363116164E-09
-0.30247701790446E-09
-0.54605971820492E-09
 0.43068305087816E-09
 0.20218542206127E-10
 0.42977128712075E-09
 0.39751846962570E-09
 0.64116766645904E-09
 0.32731014630099E-09
 0.21748769683824E-09
 0.13044248515685E-08
-0.70887732953835E-09
-0.95218883687850E-10
-0.24505452553131E-09
-0.25844556025970E-09
 0.61335417100571E-10
-0.29077079140216E-10
 0.12694046507357E-09
 0.27805665091877E-10
-0.10188828678945E-09
-0.33252972254650E-09
 0.71847617516400E-09
-0.33673162597822E-09
 0.10416558398427E-08
 0.93086328865458E-09
 0.33638418354297E-09
 0.18076342313614E-09
-0.32456162812527E-09
 0.62517083281154E-10
 0.98361129915379E-10
 0.28870710874734E-09
 0.11257544595054E-10
-0.34847707075291E-09
 0.14845496512680E-09
-0.44771513752260E-09
-0.42127758567498E-09
-0.83761121848096E-10
-0.11292069911287E-09
-0.12440862303791E-09
-0.16397501859928E-09
-0.14190499998540E-09
 0.39685851187863E-09
 0.21640556684966E-10
 0.30143102941696E-10
 0.30642916276434E-09
 0.40795029349406E-09
 0.22556375673037E-10
-0.81575132481604E-10
-0.21063553820631E-09
 0.50747151730559E-10
 0.41600367775929E-09
 0.43201249142100E-09
 0.16848419008643E-09
-0.35888948680154E-09
-0.30240909383145E-09
-0.34981018913193E-09
 0.23184534261255E-09
 0.77619148742375E-11
-0.24788229900175E-09
 0.13654116957097E-09
 0.51064222283166E-09
-0.30284588193126E-09
-0.16948294115716E-09
-0.11425421856919E-09
-0.17201409378468E-09
 0.37523771015792E-10
-0.36252256591403E-09
-0.89947495241885E-10
 0.37893047985476E-09
-0.75358820576537E-09
-0.21156277934114E-09
 0.76472507824212E-09
-0.21253846932382E-09
 0.13684849900529E-09
-0.97007211030464E-10
 0.71890717094664E-09
 0.11467155148173E-08
 0.54429125136651E-09
 0.74584282148256E-09
 0.59116869858171E-09
-0.34164169203265E-09
 0.94503520117776E-10
 0.19258725112277E-09
-0.15812936265007E-09
 0.58260835250023E-09
-0.12839535159708E-08
-0.10875861532525E-09
 0.15343324571902E-09
-0.15887412014835E-09
 0.21299851693914E-09
 0.29946111024370E-09
-0.52412144133001E-09
 0.60726265022281E-09
-0.16339150950270E-09
 0.70524214796237E-09
-0.17266863821078E-09
-0.85741636893664E-10
-0.79838696573122E-09
-0.71052662532218E-09
 0.26281404252837E-09
-0.11321741441634E-08
-0.23538709731575E-10
 0.44096942391726E-09
 0.12302213220496E-09
-0.59131387398609E-09
 0.47123311686144E-09
 0.84728032331181E-09
-0.15961371721500E-09
 0.80305407544064E-10
-0.17315857803824E-10
-0.23668640501121E-10
 0.62538197400489E-09
-0.24263658967083E-10
-0.15827288955880E-09
-0.49366216959725E-09
-0.98996492060676E-09
 0.20482323308227E-08
 0.77361092571058E-09
 0.12905124091694E-09
 0.31239981182790E-09
-0.58703106578059E-09
-0.53186109531913E-09
-0.49177317477607E-09
 0.10239922359525E-08
-0.37951748327572E-09
-0.62845169150400E-09
-0.17605431630757E-09
-0.11955818000142E-09
 0.35181283104185E-09
-0.10474812844547E-08
-0.65945957151634E-09
-0.35627799334480E-10
-0.43501849926880E-09
 0.32455293366691E-09
-0.24994666134887E-09
-0.13817286871339E-09
-0.20923349898286E-09
-0.29717863882190E-09
-0.45627049813989E-09
 0.26619663392885E-09
 0.15817320132464E-09
 0.22782202035886E-09
-0.12729158408889E-09
 0.15850064287057E-10
 0.16713757657948E-09
-0.39302459613867E-09
 0.10985924430795E-09
 0.80506441331146E-10
 0.28110512476425E-09
 0.99049650877311E-10
 0.13416335182059E-09
-0.18896417625176E-08
 0.64565918025014E-08
-0.88307763322667E-09
 0.22727675248817E-07
-0.94158566793300E-09
-0.81058179728201E-08
-0.11245564078857E-07
-0.23418440527503E-07
 0.35745413338491E-09
 0.43965317412532E-09
