 0.00000000000000E+00
 0.27415718100772E-24
 0.11502206982731E-22
 0.14852767768834E-21
 0.94888485847685E-21
 0.37012553333199E-20
 0.12145726188504E-19
 0.28585005265300E-19
 0.62082453925314E-19
 0.11317960136166E-18
 0.21166055319584E-18
 0.36328872726888E-18
 0.47716458045026E-18
 0.60713158679858E-18
 0.69563292921672E-18
-0.60767492049075E-11
-0.71460263208475E-11
 0.13850918376859E-13
 0.10491971735408E-11
 0.90962728137884E-11
 0.83389653908904E-11
-0.30411936867722E-11
 0.81771413175471E-11
-0.64831553969204E-11
-0.12675151824157E-10
 0.48284012207781E-10
 0.26907410377522E-10
-0.85459332382906E-07
 0.30875700151852E-06
-0.89271434082976E-06
 0.71964777741696E-06
-0.97943440283315E-06
 0.10458109403867E-05
-0.74593148051676E-06
-0.77300845170854E-06
 0.78235853047638E-09
-0.96071565716617E-09
 0.24081219788194E-08
 0.64031606154323E-08
 0.95662997134715E-08
 0.13961627753289E-07
 0.23238713509641E-07
 0.36041058233420E-07
 0.59476568450217E-07
 0.86395097796278E-07
 0.13407916841743E-06
 0.19519750208085E-06
 0.28270936529346E-06
 0.40640849991783E-06
 0.56863606638409E-06
 0.78722762687240E-06
 0.10845543147109E-05
 0.14732957026869E-05
 0.19726321847849E-05
 0.26189633851938E-05
 0.34317788648097E-05
 0.44615638593031E-05
 0.57453964641638E-05
 0.73327372079990E-05
 0.92839341632162E-05
 0.11658739080312E-04
 0.14541195508348E-04
 0.18003470978293E-04
 0.22142152602940E-04
 0.27058343358219E-04
 0.32866737617928E-04
 0.39689895911361E-04
 0.47662998136883E-04
 0.56936980789239E-04
 0.67672238412782E-04
 0.80048205519430E-04
 0.94238962169811E-04
 0.11045796631627E-03
 0.12892093314889E-03
 0.14985637114950E-03
 0.17351767197083E-03
 0.20015994853596E-03
 0.23006013275100E-03
 0.26351394949907E-03
 0.30083436522237E-03
 0.34234611384887E-03
 0.38838836879160E-03
 0.33293875245669E-03
 0.68869166610774E-03
 0.38504579936230E-03
 0.62546920656722E-03
 0.69994732007508E-03
 0.78135353649824E-03
 0.87017553854451E-03
 0.96689194396464E-03
 0.10719945582985E-02
 0.11860220380469E-02
 0.13094913094449E-02
 0.14429640894949E-02
 0.15870130577616E-02
 0.17422299712759E-02
 0.19092348360933E-02
 0.20886717509058E-02
 0.22807343611288E-02
 0.24873757771659E-02
 0.27081200486412E-02
 0.29439929957676E-02
 0.31956544559625E-02
 0.34639760206132E-02
 0.37498487440702E-02
 0.40546039044290E-02
 0.43772177516588E-02
 0.47202469831417E-02
 0.50837713923561E-02
 0.54695862338525E-02
 0.58777484822049E-02
 0.63090978910233E-02
 0.67648981582562E-02
 0.72464202965219E-02
 0.77537642420858E-02
 0.82886276964087E-02
 0.88516842981269E-02
 0.94438805507959E-02
 0.10281990060916E-01
 0.10584416881048E-01
 0.11679858842616E-01
 0.11610822007047E-01
 0.12875081477384E-01
 0.13670637051636E-01
 0.14484989004153E-01
 0.15342877634580E-01
 0.16240286173742E-01
 0.17170226752446E-01
 0.18138033896500E-01
 0.19144212372245E-01
 0.20188237101646E-01
 0.21269454372789E-01
 0.22388263590877E-01
 0.23542627083530E-01
 0.24735151988064E-01
 0.25959967642760E-01
 0.27216218173795E-01
 0.28513082898581E-01
 0.29837553371944E-01
 0.31180509760089E-01
 0.32575185845115E-01
 0.33936551650964E-01
 0.35372907655096E-01
 0.36844784176718E-01
 0.38302790417694E-01
 0.39781150359030E-01
 0.41261203635370E-01
 0.42742451515543E-01
 0.44245435592140E-01
 0.45733324465017E-01
 0.47215518407487E-01
 0.48567178022161E-01
 0.50418990489716E-01
 0.51849103895154E-01
 0.52672804157482E-01
 0.54438878565201E-01
 0.55863143163740E-01
 0.57162121486567E-01
 0.58529118194856E-01
 0.59894513706520E-01
 0.60840404591614E-01
 0.61959233241085E-01
 0.63286973240428E-01
 0.64337284960896E-01
 0.65484824234818E-01
 0.66321084932874E-01
 0.67160341432726E-01
 0.67983352775187E-01
 0.68704956507637E-01
 0.69359855562917E-01
 0.69935155552561E-01
 0.70430350478567E-01
 0.70797941956883E-01
 0.71091957450869E-01
 0.71320060227645E-01
 0.71465303048415E-01
 0.71441851122944E-01
 0.71333659553975E-01
 0.71174904409298E-01
 0.70921453354224E-01
 0.70524399987738E-01
 0.70082032058161E-01
 0.69536708563590E-01
 0.68898235798966E-01
 0.68210358442283E-01
 0.67444369271958E-01
 0.66581407147786E-01
 0.65714059148768E-01
 0.64757178572332E-01
 0.64004450941180E-01
 0.62797138449877E-01
 0.61869520553676E-01
 0.61058575280599E-01
 0.59830519147408E-01
 0.58790764414838E-01
 0.57882842305023E-01
 0.56860253477134E-01
 0.55868284581037E-01
 0.54969204631895E-01
 0.54053021722038E-01
 0.53144657879977E-01
 0.52269671427420E-01
 0.51401110569461E-01
 0.50562956751395E-01
 0.49895738774621E-01
 0.49078226665947E-01
 0.48195076623606E-01
 0.47626077915042E-01
 0.46944883121279E-01
 0.46249006885504E-01
 0.45682319591414E-01
 0.45035615216173E-01
 0.44477811787161E-01
 0.43863749549733E-01
 0.43357467637929E-01
 0.42833616755149E-01
 0.42348285439471E-01
 0.41890737988007E-01
 0.41354313501890E-01
 0.40974070514417E-01
 0.40530773612344E-01
 0.40142398708701E-01
 0.39663680833839E-01
 0.39362543753003E-01
 0.38935968777237E-01
 0.38612112604294E-01
 0.38252266454435E-01
 0.37883539724377E-01
 0.37643149621468E-01
 0.37315863468700E-01
 0.36929717636958E-01
 0.36753482279331E-01
 0.36389847090463E-01
 0.36199799634404E-01
 0.35891500726932E-01
 0.35550705720535E-01
 0.35458546880916E-01
 0.35162546527949E-01
 0.34965742916138E-01
 0.34849110421769E-01
 0.34438432529254E-01
 0.34360677440784E-01
 0.34023505416208E-01
 0.33815056894926E-01
 0.33562018266463E-01
 0.33754251526010E-01
 0.33430644154597E-01
 0.33283889181365E-01
 0.32987891896506E-01
 0.32873111112241E-01
 0.32748135855990E-01
 0.32606951049255E-01
 0.32542369795363E-01
 0.32255848365390E-01
 0.32112324153177E-01
 0.32086993929090E-01
 0.31959352022361E-01
 0.31798873933654E-01
 0.31717752028722E-01
 0.31686086880951E-01
 0.31490692074240E-01
 0.31295706464110E-01
 0.31213023963634E-01
 0.31200948174407E-01
 0.31117546013606E-01
 0.30985156189511E-01
 0.30883603096857E-01
 0.30828475959085E-01
 0.30803893047149E-01
 0.30713166300330E-01
 0.30608509811958E-01
 0.30571270466660E-01
 0.30465004867087E-01
 0.30335435482258E-01
 0.30321324173916E-01
 0.30245740718733E-01
 0.30189754899380E-01
 0.30150797111061E-01
 0.30082789870309E-01
 0.30049425700573E-01
 0.30002531241841E-01
 0.29951034077043E-01
 0.30000210814719E-01
 0.29913033405891E-01
 0.29825251706051E-01
 0.29777114361911E-01
 0.29733894456387E-01
 0.29711813161947E-01
 0.29653081271475E-01
 0.29631308375962E-01
 0.29638128139480E-01
 0.29564170528702E-01
 0.29498694209581E-01
 0.29465192940114E-01
 0.29496310065544E-01
 0.29390396398169E-01
 0.29359200445524E-01
 0.29452436058517E-01
 0.29365176365430E-01
 0.29392157183542E-01
