 0.12161460193875E+03
 0.12161458595830E+03
 0.12161444572697E+03
 0.12161395325833E+03
 0.12161280024275E+03
 0.12161062771334E+03
 0.12160711610128E+03
 0.12160238815792E+03
 0.12159796163200E+03
 0.12159805279626E+03
 0.12161061270168E+03
 0.12164755500575E+03
 0.12172405895617E+03
 0.12185720943552E+03
 0.12206438137308E+03
 0.12236172625497E+03
 0.12276298210040E+03
 0.12327869456316E+03
 0.12391582329959E+03
 0.12467773732877E+03
 0.12556436647060E+03
 0.12657261495412E+03
 0.12769674818409E+03
 0.12892892671520E+03
 0.13025967810690E+03
 0.13167833712963E+03
 0.13317346181493E+03
 0.13473318670966E+03
 0.13634548905482E+03
 0.13799845966543E+03
 0.13968049848437E+03
 0.14138045266349E+03
 0.14308773422403E+03
 0.14479241535665E+03
 0.14648524830134E+03
 0.14815775622480E+03
 0.14980217178627E+03
 0.15141149357840E+03
 0.15297944461990E+03
 0.15450044031883E+03
 0.15596962422318E+03
 0.15738275140714E+03
 0.15873619539188E+03
 0.16002689269602E+03
 0.16125230831138E+03
 0.16241039491053E+03
 0.16349955247848E+03
 0.16451858881062E+03
 0.16546668271328E+03
 0.16634335187246E+03
 0.16714840684738E+03
 0.16788192979288E+03
 0.16854424300853E+03
 0.16913588126170E+03
 0.16965756634909E+03
 0.17011018393464E+03
 0.17049476255577E+03
 0.17081245425166E+03
 0.17106451676416E+03
 0.17125230133283E+03
 0.17137723491211E+03
 0.17144080907877E+03
 0.17144456902469E+03
 0.17139010352264E+03
 0.17127903618678E+03
 0.17111301772586E+03
 0.17089371805269E+03
 0.17062282190145E+03
 0.17030202453795E+03
 0.16993302344935E+03
 0.16951751645476E+03
 0.16905720035534E+03
 0.16855376005328E+03
 0.16800887237731E+03
 0.16742420199051E+03
 0.16680137212430E+03
 0.16614204800875E+03
 0.16544784074636E+03
 0.16472034307318E+03
 0.16396113116105E+03
 0.16317174882548E+03
 0.16235371738124E+03
 0.16150853577172E+03
 0.16063767733296E+03
 0.15974258782485E+03
 0.15882476632576E+03
 0.15788545089144E+03
 0.15692607665200E+03
 0.15594794906869E+03
 0.15495237876775E+03
 0.15394062453828E+03
 0.15291393116174E+03
 0.15187349451793E+03
 0.15082045008482E+03
 0.14975600552953E+03
 0.14868121968183E+03
 0.14759716336339E+03
 0.14650487070556E+03
 0.14540527982137E+03
 0.14429944208201E+03
 0.14318822671971E+03
 0.14207254532735E+03
 0.14095328320866E+03
 0.13983118947612E+03
 0.13870706758526E+03
 0.13758166370875E+03
 0.13645567967857E+03
 0.13532978384754E+03
 0.13420460110142E+03
 0.13308071794565E+03
 0.13195868221932E+03
 0.13083899849789E+03
 0.12972211267377E+03
 0.12860847340187E+03
 0.12749844035535E+03
 0.12639234226229E+03
 0.12529045638350E+03
 0.12419302075519E+03
 0.12310021723564E+03
 0.12201217497220E+03
 0.12092896059288E+03
 0.11985061772059E+03
 0.11877712446240E+03
 0.11770828988445E+03
 0.11664400358241E+03
 0.11558399922226E+03
 0.11452796595023E+03
 0.11347551392057E+03
 0.11242616671056E+03
 0.11137936850975E+03
 0.11033447117179E+03
 0.10929073224654E+03
 0.10824730743073E+03
 0.10720324663635E+03
 0.10615749229095E+03
 0.10510887042232E+03
 0.10405608824429E+03
 0.10299773093611E+03
 0.10193223933166E+03
 0.10085797634980E+03
 0.99773117645930E+02
 0.98675702868774E+02
 0.97563643432470E+02
 0.96434682867207E+02
 0.95286463958651E+02
 0.94116466304799E+02
 0.92921977176214E+02
 0.91700241363891E+02
 0.90448269384008E+02
 0.89162988303220E+02
 0.87841176682894E+02
 0.86479515390321E+02
 0.85074573826998E+02
 0.83622832293388E+02
 0.82120701809671E+02
 0.80564536696574E+02
 0.78950693758766E+02
 0.77275526340470E+02
 0.75535471376714E+02
 0.73727035518213E+02
 0.71846902576401E+02
 0.69891979693995E+02
 0.67859422995967E+02
 0.65746819778156E+02
 0.63552208017944E+02
 0.61274169474977E+02
 0.58911959620418E+02
 0.56465625086802E+02
 0.53936018626925E+02
 0.51325099166884E+02
 0.48635771805751E+02
 0.45872195884235E+02
 0.43039732165674E+02
 0.40145029049836E+02
 0.37196006518805E+02
 0.34201834890713E+02
 0.31172929021732E+02
 0.28120880255149E+02
 0.25058197618565E+02
 0.21998306004917E+02
 0.18955319324152E+02
 0.15943891628482E+02
 0.12978957523029E+02
 0.10075575568505E+02
 0.72487125819079E+01
 0.45130709277487E+01
 0.18828783470227E+01
-0.62823736418727E+00
-0.30074410638744E+01
-0.52428353164228E+01
-0.73235282378690E+01
-0.92399126817809E+01
-0.10983554488433E+02
-0.12547394058939E+02
-0.13925811262232E+02
-0.15114634338800E+02
-0.16111169095632E+02
-0.16914183630037E+02
-0.17523866984424E+02
-0.17941759864253E+02
-0.18170678672279E+02
-0.18214591776106E+02
-0.18078510009098E+02
-0.17768348550081E+02
-0.17290789754500E+02
-0.16653155706777E+02
-0.15863239986223E+02
-0.14929245192581E+02
-0.13859582960579E+02
-0.12662835007968E+02
-0.11347630302894E+02
-0.99225271694394E+01
-0.83961015626935E+01
-0.67765927324016E+01
-0.50721346683941E+01
-0.32905918743561E+01
-0.14395409840633E+01
 0.47373751154254E+00
 0.24422540888253E+01
 0.44593475860437E+01
 0.65186928639029E+01
 0.86143084679768E+01
 0.10740521550723E+02
 0.12891945816888E+02
 0.15063530136181E+02
 0.17250497079697E+02
 0.19448397918582E+02
 0.21653043309125E+02
 0.23860532726886E+02
 0.26067157999486E+02
 0.28269455048024E+02
 0.30464215180397E+02
 0.32648525125676E+02
 0.34819603949227E+02
 0.36974875501663E+02
 0.39111963019389E+02
 0.41228646615770E+02
 0.43322900396979E+02
 0.45392825401443E+02
 0.47436722658990E+02
 0.49452997067191E+02
 0.51440161444879E+02
 0.53397054781965E+02
 0.55322329595621E+02
 0.57214874869226E+02
 0.59073820016772E+02
 0.60898269749535E+02
 0.62687615119743E+02
 0.64440520104163E+02
 0.66157108316953E+02
 0.67836622915162E+02
 0.69478612109039E+02
 0.71082712998000E+02
 0.72648606421935E+02
 0.74176098283008E+02
 0.75665044561450E+02
 0.77115362624685E+02
 0.78526626134448E+02
 0.79899302696900E+02
 0.81233251290554E+02
 0.82528555020683E+02
 0.83785502489251E+02
 0.85003749647869E+02
 0.86183997298020E+02
 0.87326320299489E+02
 0.88431024143207E+02
 0.89498453803267E+02
 0.90528712439503E+02
 0.91522389476307E+02
 0.92479759575016E+02
 0.93401228276506E+02
 0.94287226226894E+02
 0.95138189444567E+02
 0.95954549719760E+02
 0.96736814876246E+02
 0.97485655057773E+02
 0.98200974138896E+02
 0.98883848685554E+02
 0.99534614878130E+02
 0.10015379752058E+03
 0.10074193261586E+03
 0.10129956466954E+03
 0.10182721680706E+03
 0.10232558240841E+03
 0.10279512124567E+03
 0.10323599353043E+03
 0.10364938077571E+03
 0.10403558133640E+03
 0.10439516412367E+03
 0.10472869347298E+03
 0.10503672975115E+03
 0.10531986307955E+03
 0.10557858893318E+03
 0.10581350368646E+03
 0.10602514854416E+03
 0.10621406586888E+03
 0.10638080809119E+03
 0.10652591100515E+03
 0.10664996892997E+03
 0.10675341852481E+03
