 0.11128825829539+252
 0.33359894098696+121
 0.10362940912810E+78
 0.18264676755879E+56
 0.16191571578923E+43
 0.32191396678450E+34
 0.19604097856333E+28
 0.42736729687284E+23
 0.10119373302781E+20
 0.12724300710814E+17
 0.53886389416980E+14
 0.56734387305186E+12
 0.12035363154363E+11
 0.44270971520643E+09
 0.25293717047841E+08
 0.20667076148933E+07
 0.22672226768623E+06
 0.31792701417566E+05
 0.54819884401598E+04
 0.11268162201578E+04
 0.26925578821995E+03
 0.73273938179463E+02
 0.22327180603727E+02
 0.75105896415395E+01
 0.27561884104088E+01
 0.10923740439255E+01
 0.46359774913424E+00
 0.20913662937934E+00
 0.99652679081868E-01
 0.49881072683953E-01
 0.21709914222382E+05
 0.11828133164882E+05
 0.66846286466354E+04
 0.86202460375829E+04
 0.51930903223609E+04
 0.50713139923224E+04
 0.39743801653977E+04
 0.31550894353196E+04
 0.25347158154040E+04
 0.20589499216497E+04
 0.16897449783641E+04
 0.14000622157187E+04
 0.11704281532891E+04
 0.98664078811044E+03
 0.83821989208020E+03
 0.71734697206267E+03
 0.61812816160362E+03
 0.53607693482329E+03
 0.46774666924797E+03
 0.41046652472121E+03
 0.36214985944748E+03
 0.32115374440748E+03
 0.28617505938365E+03
 0.25617292281196E+03
 0.23031046406418E+03
 0.20791062647233E+03
 0.18842228020024E+03
 0.17139425979972E+03
 0.15645527614979E+03
 0.14329804310950E+03
 0.13166717660931E+03
 0.12134927066730E+03
 0.11216527511269E+03
 0.10396425314559E+03
 0.96618463692952E+02
 0.90019356944320E+02
 0.84074338090200E+02
 0.78704116325269E+02
 0.73840588328676E+02
 0.69425034391219E+02
 0.65406663170835E+02
 0.61741420342267E+02
 0.58390952669549E+02
 0.55321787463725E+02
 0.52504625163944E+02
 0.49913742355497E+02
 0.47526518502483E+02
 0.45322986921174E+02
 0.43285479134786E+02
 0.41398342634910E+02
 0.39647681802932E+02
 0.38021102514567E+02
 0.36507537168909E+02
 0.35097094369637E+02
 0.33780920627830E+02
 0.32554278682830E+02
 0.31403649750255E+02
 0.30325713841126E+02
 0.29314630185202E+02
 0.28365127217972E+02
 0.27472421031058E+02
 0.26632175715143E+02
 0.25840444305136E+02
 0.25093624681271E+02
 0.24388433322931E+02
 0.23721876852069E+02
 0.23091203609189E+02
 0.22493901286129E+02
 0.21927658394796E+02
 0.21390338241330E+02
 0.20880001997108E+02
 0.20394830888642E+02
 0.19933152475831E+02
 0.19493428758511E+02
 0.19074223413104E+02
 0.18674208042984E+02
 0.18292144531454E+02
 0.17926880093037E+02
 0.17577337843280E+02
 0.17242510011045E+02
 0.16921461542151E+02
 0.16613308371639E+02
 0.16317214192360E+02
 0.16032402782617E+02
 0.15758133390612E+02
 0.15493712996983E+02
 0.15238476766204E+02
 0.14991800626894E+02
 0.14753084601589E+02
 0.14521768404589E+02
 0.14297306581580E+02
 0.14079182459509E+02
 0.13867038934204E+02
 0.13660127797302E+02
 0.13458125283096E+02
 0.13260598944694E+02
 0.13067125211908E+02
 0.12877299390292E+02
 0.12690733214769E+02
 0.12507052494844E+02
 0.12325899996956E+02
 0.12146932271407E+02
 0.11969820318105E+02
 0.11794252464067E+02
 0.11619930933077E+02
 0.11446575752008E+02
 0.11273924966204E+02
 0.11101731798219E+02
 0.10929770937333E+02
 0.10757834586162E+02
 0.10585737640853E+02
 0.10413314405125E+02
 0.10240422468555E+02
 0.10066940432300E+02
 0.98927719436005E+01
 0.97178424666662E+01
 0.95421027165510E+01
 0.93655259362808E+01
 0.91881093404217E+01
 0.90098725524918E+01
 0.88308575823266E+01
 0.86511276805850E+01
 0.84707661632510E+01
 0.82898751862716E+01
 0.81085742584522E+01
 0.79270070009069E+01
 0.77453057663610E+01
 0.75636408544495E+01
 0.73821850634261E+01
 0.72011198606884E+01
 0.70206336584366E+01
 0.68409212257130E+01
 0.66621796443312E+01
 0.64846108924379E+01
 0.63084170603933E+01
 0.61338005763179E+01
 0.59609623104584E+01
 0.57901015386902E+01
 0.56214148655338E+01
 0.54550945984155E+01
 0.52913290568832E+01
 0.51303008642150E+01
 0.49721868303955E+01
 0.48171570826092E+01
 0.46653746057311E+01
 0.45169940322401E+01
 0.43721612727339E+01
 0.42310124697188E+01
 0.40936729592684E+01
 0.39602564214399E+01
 0.38308641299558E+01
 0.37055835540063E+01
 0.35844875549547E+01
 0.34676335309152E+01
 0.33550624801412E+01
 0.32467985177192E+01
 0.31428481726069E+01
 0.30432003514932E+01
 0.29478267565006E+01
 0.28566817252386E+01
 0.27697034895864E+01
 0.26868137886997E+01
 0.26079216712389E+01
 0.25329226913945E+01
 0.24617015602947E+01
 0.23941337263771E+01
 0.23300871453183E+01
 0.22694241151755E+01
 0.22120030469520E+01
 0.21576800769211E+01
 0.21063105879670E+01
 0.20577505437739E+01
 0.20118576961971E+01
 0.19684925772857E+01
 0.19275193107864E+01
 0.18888062771695E+01
 0.18522266585864E+01
 0.18176587818366E+01
 0.17849863155353E+01
 0.17540985099896E+01
 0.17248901672168E+01
 0.16972616317381E+01
 0.16711187832648E+01
 0.16463728027678E+01
 0.16229400672424E+01
 0.16007419451894E+01
 0.15797045567470E+01
 0.15597586099708E+01
 0.15408391154189E+01
 0.15228851926630E+01
 0.15058397592148E+01
 0.14896495335394E+01
 0.14742644909777E+01
 0.14596378660120E+01
 0.14457259027736E+01
 0.14324876335477E+01
 0.14198847423275E+01
 0.14078813479571E+01
 0.13964438669523E+01
 0.13855408518390E+01
 0.13751428356062E+01
 0.13652222208850E+01
 0.13557531296101E+01
 0.13467113012208E+01
 0.13380739836820E+01
 0.13298198004851E+01
 0.13219287177710E+01
 0.13143818932417E+01
 0.13071616390026E+01
 0.13002513061645E+01
 0.12936352316852E+01
 0.12872986905313E+01
 0.12812278265985E+01
 0.12754095722146E+01
 0.12698316186758E+01
 0.12644823444360E+01
 0.12593507957779E+01
 0.12544266427573E+01
 0.12497001218135E+01
 0.12451620073208E+01
 0.12408035786505E+01
 0.12366165933109E+01
 0.12325932504898E+01
 0.12287261655137E+01
 0.12250083418450E+01
 0.12214331559412E+01
 0.12179943242993E+01
 0.12146858855271E+01
 0.12115021903527E+01
 0.12084378726465E+01
 0.12054878376242E+01
 0.12026472445159E+01
 0.11999114902112E+01
 0.11972761996744E+01
 0.11947372124562E+01
 0.11922905645196E+01
 0.11899324880632E+01
 0.11876593923319E+01
 0.11854678540189E+01
 0.11833546091758E+01
 0.11813165511094E+01
 0.11793507128473E+01
 0.11774542640608E+01
 0.11756245017001E+01
 0.11738588463568E+01
 0.11721548331577E+01
 0.11705101060882E+01
 0.11689224133586E+01
 0.11673896029751E+01
 0.11659096159667E+01
 0.11644804824923E+01
 0.11631003159639E+01
 0.11617673099966E+01
 0.11604797364583E+01
 0.11592359372231E+01
 0.11580343261636E+01
 0.11568733801530E+01
 0.11557516402336E+01
 0.11546677069249E+01
 0.11536202371981E+01
 0.11526079427214E+01
 0.11516295860591E+01
 0.11506839797599E+01
 0.11497699835710E+01
 0.11488865018022E+01
 0.11480324797239E+01
 0.11472069064701E+01
 0.11464088082836E+01
 0.11456372505193E+01
 0.11448913323067E+01
