 0.55746140268236E+01
 0.55746140262960E+01
 0.55746140206153E+01
 0.55746139968119E+01
 0.55746139327455E+01
 0.55746137978354E+01
 0.55746135533206E+01
 0.55746131507425E+01
 0.55746125261702E+01
 0.55746115872131E+01
 0.55746101923038E+01
 0.55746081254169E+01
 0.55746050716095E+01
 0.55746005983223E+01
 0.55745941452514E+01
 0.55745850256162E+01
 0.55745724260407E+01
 0.55745554220612E+01
 0.55745329844288E+01
 0.55745040153790E+01
 0.55744673359183E+01
 0.55744217163111E+01
 0.55743658631714E+01
 0.55742984392087E+01
 0.55742180699428E+01
 0.55741233452407E+01
 0.55740128229872E+01
 0.55738850367471E+01
 0.55737385007893E+01
 0.55735717182232E+01
 0.55733832093923E+01
 0.55731714557459E+01
 0.55729349997974E+01
 0.55726724587094E+01
 0.55723823437436E+01
 0.55720634579564E+01
 0.55717144265041E+01
 0.55713341007149E+01
 0.55709213838629E+01
 0.55704752699351E+01
 0.55699948749277E+01
 0.55694794126611E+01
 0.55689282141147E+01
 0.55683407272009E+01
 0.55677165204734E+01
 0.55670552842661E+01
 0.55663568309089E+01
 0.55656210940105E+01
 0.55648481276802E+01
 0.55640381048229E+01
 0.55631913149590E+01
 0.55623081599024E+01
 0.55613891534015E+01
 0.55604349171360E+01
 0.55594461778198E+01
 0.55584237641968E+01
 0.55573686039701E+01
 0.55562817209380E+01
 0.55551642317590E+01
 0.55540173435155E+01
 0.55528423507822E+01
 0.55516406330730E+01
 0.55504136532465E+01
 0.55491629542725E+01
 0.55478901575350E+01
 0.55465969608815E+01
 0.55452851375060E+01
 0.55439565330452E+01
 0.55426130637248E+01
 0.55412567169215E+01
 0.55398895489807E+01
 0.55385136846516E+01
 0.55371313154784E+01
 0.55357446986670E+01
 0.55343561578242E+01
 0.55329680724439E+01
 0.55315829075394E+01
 0.55302031804903E+01
 0.55288314734669E+01
 0.55274704337617E+01
 0.55261227769250E+01
 0.55247912809123E+01
 0.55234787897864E+01
 0.55221882155274E+01
 0.55209225401207E+01
 0.55196855324243E+01
 0.55184789955315E+01
 0.55173067455925E+01
 0.55161720362181E+01
 0.55150782171238E+01
 0.55140287122145E+01
 0.55130270228925E+01
 0.55120767301478E+01
 0.55111814921564E+01
 0.55103450853049E+01
 0.55095713512122E+01
 0.55088642276015E+01
 0.55082277593455E+01
 0.55076660913768E+01
 0.55071834274030E+01
 0.55067841797731E+01
 0.55064727766443E+01
 0.55062538015321E+01
 0.55061319365676E+01
 0.55061120171136E+01
 0.55061989835589E+01
 0.55063979068494E+01
 0.55067139966403E+01
 0.55071525928576E+01
 0.55077191709796E+01
 0.55084193759212E+01
 0.55092589793449E+01
 0.55102438706240E+01
 0.55113801449281E+01
 0.55126740005682E+01
 0.55141318224385E+01
 0.55157600878310E+01
 0.55175654655301E+01
 0.55195547223772E+01
 0.55217348302552E+01
 0.55241128225897E+01
 0.55266958837339E+01
 0.55294923505869E+01
 0.55325076205021E+01
 0.55357500979843E+01
 0.55392273379158E+01
 0.55429469079190E+01
 0.55469164125746E+01
 0.55511434637764E+01
 0.55556356389856E+01
 0.55604004722122E+01
 0.55654454015093E+01
 0.55707777346745E+01
 0.55764046500629E+01
 0.55823331033360E+01
 0.55885698424454E+01
 0.55951213623174E+01
 0.56019937981225E+01
 0.56091929812206E+01
 0.56167243730669E+01
 0.56245930497515E+01
 0.56328035999140E+01
 0.56413602256208E+01
 0.56502665429954E+01
 0.56595258324958E+01
 0.56691407497083E+01
 0.56791135272169E+01
 0.56894459315788E+01
 0.57001392176877E+01
 0.57111942006453E+01
 0.57226113145299E+01
 0.57343905709175E+01
 0.57465316427237E+01
 0.57590339067861E+01
 0.57718964777549E+01
 0.57851192033560E+01
 0.57986990344834E+01
 0.58126355029653E+01
 0.58269271730086E+01
 0.58415725999517E+01
 0.58565704179285E+01
 0.58719191983985E+01
 0.58876178970983E+01
 0.59036652392218E+01
 0.59200602442969E+01
 0.59368020978376E+01
 0.59538900400568E+01
 0.59713235969532E+01
 0.59891021128619E+01
 0.60072252951275E+01
 0.60256925768016E+01
 0.60445036060402E+01
 0.60636577369225E+01
 0.60831542608681E+01
 0.61029919972636E+01
 0.61231693365759E+01
 0.61436841148275E+01
 0.61645335943959E+01
 0.61857140502335E+01
 0.62072209091975E+01
 0.62290484179118E+01
 0.62511896665099E+01
 0.62736363490377E+01
 0.62963787558304E+01
 0.63194056653017E+01
 0.63427042223961E+01
 0.63662599792622E+01
 0.63900572187232E+01
 0.64140780821478E+01
 0.64383035431770E+01
 0.64627127121354E+01
 0.64872850740643E+01
 0.65119970352901E+01
 0.65368250058022E+01
 0.65617445859059E+01
 0.65867307891679E+01
 0.66117584026737E+01
 0.66368021851202E+01
 0.66618369851935E+01
 0.66868380227629E+01
 0.67117810517947E+01
 0.67366425835609E+01
 0.67613999576135E+01
 0.67860314559554E+01
 0.68105165000769E+01
 0.68348356409847E+01
 0.68589705536723E+01
 0.68829041410900E+01
 0.69066210295076E+01
 0.69301061823671E+01
 0.69533463857163E+01
 0.69763295957799E+01
 0.69990444215748E+01
 0.70214811772653E+01
 0.70436308665581E+01
 0.70654854995015E+01
 0.70870380037909E+01
 0.71082822501920E+01
 0.71292129212798E+01
 0.71498252654414E+01
 0.71701151258496E+01
 0.71900797368587E+01
 0.72097161462430E+01
 0.72290222194855E+01
 0.72479962828308E+01
 0.72666372335510E+01
 0.72849443366767E+01
 0.73029172925436E+01
 0.73205561181351E+01
 0.73378611928640E+01
 0.73548332353942E+01
 0.73714731752808E+01
 0.73877823304198E+01
 0.74037621974303E+01
 0.74194144614042E+01
 0.74347410870059E+01
 0.74497441393245E+01
 0.74644259453193E+01
 0.74787888788036E+01
 0.74928355007385E+01
 0.75065688418932E+01
 0.75199915344239E+01
 0.75331064402235E+01
 0.75459167605387E+01
 0.75584255197997E+01
 0.75706361400636E+01
 0.75825518949156E+01
 0.75941762139676E+01
 0.76055123917984E+01
 0.76165640986969E+01
 0.76273349047904E+01
 0.76378283985987E+01
 0.76480482186752E+01
 0.76579980223077E+01
 0.76676815682774E+01
 0.76771025934053E+01
 0.76862648591095E+01
 0.76951721458555E+01
 0.77038282597734E+01
 0.77122369821740E+01
 0.77204021275575E+01
 0.77283275267696E+01
 0.77360169503547E+01
 0.77434742359778E+01
 0.77507031849758E+01
 0.77577076158767E+01
 0.77644912854891E+01
 0.77710579632539E+01
 0.77774113722720E+01
 0.77835553038716E+01
 0.77894934534236E+01
 0.77952295116997E+01
 0.78007671501718E+01
 0.78061100033289E+01
 0.78112617040485E+01
 0.78162258470801E+01
 0.78210059784361E+01
 0.78256056383776E+01
 0.78300283216915E+01
 0.78342774961670E+01
 0.78383565928245E+01
 0.78422690082366E+01
 0.78460180893383E+01
 0.78496071674136E+01
 0.78530395485647E+01
 0.78563184512487E+01
 0.78594470947935E+01
 0.78624286489553E+01
 0.78652662443828E+01
 0.78679629674052E+01
 0.78705218661123E+01
 0.78729459245429E+01
 0.78752381525241E+01
 0.78774014443031E+01
 0.78794386884882E+01
 0.78813527343965E+01
 0.78831463711068E+01
 0.78848223566174E+01
 0.78863834201546E+01
 0.78878322085795E+01
