 0.14928669943783E+00
 0.14928669943772E+00
 0.14928669943699E+00
 0.14928669944318E+00
 0.14928669950318E+00
 0.14928669974275E+00
 0.14928670038081E+00
 0.14928670164048E+00
 0.14928670336754E+00
 0.14928670411020E+00
 0.14928669954786E+00
 0.14928668041660E+00
 0.14928663027078E+00
 0.14928652346119E+00
 0.14928632362264E+00
 0.14928598260002E+00
 0.14928544088359E+00
 0.14928462767856E+00
 0.14928346231988E+00
 0.14928185434813E+00
 0.14927970612628E+00
 0.14927691527287E+00
 0.14927337533359E+00
 0.14926897713102E+00
 0.14926361178155E+00
 0.14925717073959E+00
 0.14924954753742E+00
 0.14924063833076E+00
 0.14923034278614E+00
 0.14921856431065E+00
 0.14920520894669E+00
 0.14919018995951E+00
 0.14917342185226E+00
 0.14915481966846E+00
 0.14913431221727E+00
 0.14911181496082E+00
 0.14908726353684E+00
 0.14906058562137E+00
 0.14903171371559E+00
 0.14900058280278E+00
 0.14896712862854E+00
 0.14893128947766E+00
 0.14889300530720E+00
 0.14885221776635E+00
 0.14880887011477E+00
 0.14876290719977E+00
 0.14871427542829E+00
 0.14866292273860E+00
 0.14860879851533E+00
 0.14855185346061E+00
 0.14849203955504E+00
 0.14842931006231E+00
 0.14836361907897E+00
 0.14829492145016E+00
 0.14822317250017E+00
 0.14814832774836E+00
 0.14807034259223E+00
 0.14798917194299E+00
 0.14790476987105E+00
 0.14781708921504E+00
 0.14772608112632E+00
 0.14763169464528E+00
 0.14753387619736E+00
 0.14743256918262E+00
 0.14732771347778E+00
 0.14721924495611E+00
 0.14710709491606E+00
 0.14699118977656E+00
 0.14687145062698E+00
 0.14674779253258E+00
 0.14662012418612E+00
 0.14648834741761E+00
 0.14635235678991E+00
 0.14621203922901E+00
 0.14606727345037E+00
 0.14591793042966E+00
 0.14576387046013E+00
 0.14560494550842E+00
 0.14544099784622E+00
 0.14527185966747E+00
 0.14509735244288E+00
 0.14491728716100E+00
 0.14473146374214E+00
 0.14453967060990E+00
 0.14434168424649E+00
 0.14413720139289E+00
 0.14392609808336E+00
 0.14370805509863E+00
 0.14348280029695E+00
 0.14325004615427E+00
 0.14300949188875E+00
 0.14276082341529E+00
 0.14250371267742E+00
 0.14223781789419E+00
 0.14196277994703E+00
 0.14167822690313E+00
 0.14138377185040E+00
 0.14107901127463E+00
 0.14076352511630E+00
 0.14043688572632E+00
 0.14009863297627E+00
 0.13974830499829E+00
 0.13938541829237E+00
 0.13900947434145E+00
 0.13861995470164E+00
 0.13821632685174E+00
 0.13779804125512E+00
 0.13736453111553E+00
 0.13691521371970E+00
 0.13644949014924E+00
 0.13596674271042E+00
 0.13546633977754E+00
 0.13494763746463E+00
 0.13440997058046E+00
 0.13385266488077E+00
 0.13327502851111E+00
 0.13267636379300E+00
 0.13205595675726E+00
 0.13141308875257E+00
 0.13074702443376E+00
 0.13005703148884E+00
 0.12934237194677E+00
 0.12860219230679E+00
 0.12783596521095E+00
 0.12704285713854E+00
 0.12622214147312E+00
 0.12537310491428E+00
 0.12449504961246E+00
 0.12358729743239E+00
 0.12264919631311E+00
 0.12168012311911E+00
 0.12067949086425E+00
 0.11964675468717E+00
 0.11858141334189E+00
 0.11748302099336E+00
 0.11635118751940E+00
 0.11518558507967E+00
 0.11398596116660E+00
 0.11275213458855E+00
 0.11148400417643E+00
 0.11018154732757E+00
 0.10884483844310E+00
 0.10747403568250E+00
 0.10606940344276E+00
 0.10463128508684E+00
 0.10316013898558E+00
 0.10165651025766E+00
 0.10012104281450E+00
 0.98554479008612E-01
 0.96957656215982E-01
 0.95331499071397E-01
 0.93677026483166E-01
 0.91995342015181E-01
 0.90287630945699E-01
 0.88555157876439E-01
 0.86799174269371E-01
 0.85021261606060E-01
 0.83222817509295E-01
 0.81405389318068E-01
 0.79570590305333E-01
 0.77720092554903E-01
 0.75855639529005E-01
 0.73979012375396E-01
 0.72092085500121E-01
 0.70196784844007E-01
 0.68295099826202E-01
 0.66389091020883E-01
 0.64480880988544E-01
 0.62572679558639E-01
 0.60666756233147E-01
 0.58765464606156E-01
 0.56871223113681E-01
 0.54986529951501E-01
 0.53113947113242E-01
 0.51256106740747E-01
 0.49415695149949E-01
 0.47595444834554E-01
 0.45798116907331E-01
 0.44026485956760E-01
 0.42283316566451E-01
 0.40571343083364E-01
 0.38893236247875E-01
 0.37251577164908E-01
 0.35648822140179E-01
 0.34087270683070E-01
 0.32569037975260E-01
 0.31096017853873E-01
 0.29669856081800E-01
 0.28291941531649E-01
 0.26963367350163E-01
 0.25684952521335E-01
 0.24457146377746E-01
 0.23280176154118E-01
 0.22153944350483E-01
 0.21078078977992E-01
 0.20051950951707E-01
 0.19074696112822E-01
 0.18145241577207E-01
 0.17262335446129E-01
 0.16424575116734E-01
 0.15630435594357E-01
 0.14878298067125E-01
 0.14166475740592E-01
 0.13493238691807E-01
 0.12856833994211E-01
 0.12255505789372E-01
 0.11687512243766E-01
 0.11151138586354E-01
 0.10644706168157E-01
 0.10166587570710E-01
 0.97152074495433E-02
 0.92890503639395E-02
 0.88866661675962E-02
 0.85066684946340E-02
 0.81477387168783E-02
 0.78086251902749E-02
 0.74881424931267E-02
 0.71851705698037E-02
 0.68986527025995E-02
 0.66275940399364E-02
 0.63710606237855E-02
 0.61281675534786E-02
 0.58980921974828E-02
 0.56800600540946E-02
 0.54733453866620E-02
 0.52772676250404E-02
 0.50911902460313E-02
 0.49145169706321E-02
 0.47466898633460E-02
 0.45871866096017E-02
 0.44355183723752E-02
 0.42912282258929E-02
 0.41538881848394E-02
 0.40230978177048E-02
 0.38984824076197E-02
 0.37796909335683E-02
 0.36663951201517E-02
 0.35582871961186E-02
 0.34550790968614E-02
 0.33565007333288E-02
 0.32622985364483E-02
 0.31722353522547E-02
 0.30860887098458E-02
 0.30036494777044E-02
 0.29247215998721E-02
 0.28491206103077E-02
 0.27766734650070E-02
 0.27072175251266E-02
 0.26405999437741E-02
 0.25766766955300E-02
 0.25153123357858E-02
 0.24563794041851E-02
 0.23997578266847E-02
 0.23453344506114E-02
 0.22930025812802E-02
 0.22426615841836E-02
 0.21942165266135E-02
 0.21475777381786E-02
 0.21026605822281E-02
 0.20593851101960E-02
 0.20176757109798E-02
 0.19774608795771E-02
 0.19386730049053E-02
 0.19012480591898E-02
 0.18651254060587E-02
 0.18302476106537E-02
 0.17965602827536E-02
 0.17640118181767E-02
 0.17325532955361E-02
 0.17021382447748E-02
 0.16727225858513E-02
 0.16442644641450E-02
 0.16167241022189E-02
 0.15900637068194E-02
 0.15642473275585E-02
 0.15392407808386E-02
 0.15150115204769E-02
 0.14915285888418E-02
 0.14687625005211E-02
 0.14466851487242E-02
 0.14252697634420E-02
 0.14044908221171E-02
 0.13843239840786E-02
 0.13647460269280E-02
 0.13457347691836E-02
 0.13272690590327E-02
 0.13093286881857E-02
 0.12918943461029E-02
 0.12749475753446E-02
 0.12584707370740E-02
 0.12424469593280E-02
 0.12268601050422E-02
 0.12116947202052E-02
 0.11969360187192E-02
 0.11825698435546E-02
 0.11685826193990E-02
 0.11549613607961E-02
 0.11416936065613E-02
 0.11287674053731E-02
 0.11161713125671E-02
