 0.10000000133514E-09
 0.10000000133514E-09
 0.10000000133514E-09
 0.10000000133514E-09
 0.10000000133514E-09
 0.10000000133514E-09
 0.10000000133514E-09
 0.10000000133514E-09
 0.10000000133514E-09
 0.10000000133514E-09
 0.10000000133514E-09
 0.10000000133514E-09
 0.10000000133514E-09
 0.10000000133514E-09
 0.10000000133514E-09
 0.10000000133514E-09
 0.10000000133514E-09
 0.10000000133514E-09
 0.10000000133514E-09
 0.10000000133514E-09
 0.10000000133514E-09
 0.10000000133514E-09
 0.10000000133514E-09
 0.10000000133514E-09
 0.10000000133514E-09
 0.10000000133514E-09
 0.10000000133514E-09
 0.10000000133514E-09
 0.10000000133514E-09
 0.10000000133514E-09
 0.83169152215404E-04
 0.83169152215404E-04
 0.83169152215404E-04
 0.18354724754460E-03
 0.18354724754460E-03
 0.28933073477892E-03
 0.35673157105380E-03
 0.43512249648149E-03
 0.52550803749992E-03
 0.62890058882469E-03
 0.74631653180840E-03
 0.87877288149902E-03
 0.10272853225919E-02
 0.11928661586780E-02
 0.13765220748625E-02
 0.15792542670141E-02
 0.18020572390972E-02
 0.20459182185463E-02
 0.23118173069239E-02
 0.26007273645428E-02
 0.29136145706402E-02
 0.32514387874877E-02
 0.36151539570974E-02
 0.40057076848546E-02
 0.44240424344838E-02
 0.48710969377150E-02
 0.53478050706184E-02
 0.58550966541011E-02
 0.63939000741647E-02
 0.69651368523325E-02
 0.75697310236418E-02
 0.82086022422781E-02
 0.88826716889120E-02
 0.95928585647624E-02
 0.10340082700159E-01
 0.11125264445731E-01
 0.11949325316725E-01
 0.12813186102804E-01
 0.13717773096587E-01
 0.14664014607984E-01
 0.15652842029578E-01
 0.16685195148929E-01
 0.17762016327282E-01
 0.18884255373313E-01
 0.20052869438692E-01
 0.21268820908859E-01
 0.22533088863263E-01
 0.23846659091237E-01
 0.25210523677317E-01
 0.26625693315406E-01
 0.28093202470610E-01
 0.29614089062816E-01
 0.31189402090935E-01
 0.32820213415024E-01
 0.34507625481921E-01
 0.36256368328399E-01
 0.38060778886929E-01
 0.39925246130288E-01
 0.41850943871395E-01
 0.43839089815186E-01
 0.45890919972626E-01
 0.48007711011636E-01
 0.50190764008805E-01
 0.52441397316317E-01
 0.54760967449899E-01
 0.57150880054060E-01
 0.59612546682603E-01
 0.62147440054176E-01
 0.64757058000094E-01
 0.67442891479627E-01
 0.70206574659171E-01
 0.73049667431803E-01
 0.75973792982905E-01
 0.78980645752695E-01
 0.82071914993359E-01
 0.85249340500837E-01
 0.88514680502731E-01
 0.91869723604438E-01
 0.95316275947087E-01
 0.98856157156774E-01
 0.10249125652451E+00
 0.10622343587434E+00
 0.11005452324752E+00
 0.11398642807887E+00
 0.11802098944397E+00
 0.12216008913100E+00
 0.12640551003195E+00
 0.13075905953785E+00
 0.13522243275210E+00
 0.13979737875213E+00
 0.14448545784550E+00
 0.14928818333855E+00
 0.15420866715916E+00
 0.15924490469762E+00
 0.16439956310829E+00
 0.16967366299910E+00
 0.17506793851868E+00
 0.18058294056265E+00
 0.18621899465675E+00
 0.19197614597269E+00
 0.19785418429249E+00
 0.20385257045725E+00
 0.20997041571866E+00
 0.21620651277652E+00
 0.22255923557486E+00
 0.22902659075422E+00
 0.23560619663918E+00
 0.24229517815123E+00
 0.24909029134003E+00
 0.25598780918247E+00
 0.26298364336105E+00
 0.27007320709923E+00
 0.27725155283367E+00
 0.28451325686783E+00
 0.29185262636514E+00
 0.29926351547121E+00
 0.30673955423866E+00
 0.31427405793015E+00
 0.32186012754578E+00
 0.32949065856421E+00
 0.33715843568688E+00
 0.34485613387397E+00
 0.35257639169047E+00
 0.36031186034124E+00
 0.36805524477668E+00
 0.37580014252335E+00
 0.38353796165000E+00
 0.39126257254620E+00
 0.39896733435821E+00
 0.40664582380381E+00
 0.41429188666911E+00
 0.42189965392527E+00
 0.42946357970275E+00
 0.43697840169551E+00
 0.44443916175868E+00
 0.45184124794103E+00
 0.45918030938729E+00
 0.46645237007666E+00
 0.47365369374259E+00
 0.48078085648377E+00
 0.48783072588185E+00
 0.49480043980431E+00
 0.50168737000907E+00
 0.50848916016489E+00
 0.51520367816150E+00
 0.52182900807845E+00
 0.52836345360193E+00
 0.53480552727064E+00
 0.54115394813958E+00
 0.54740762509718E+00
 0.55356566801517E+00
 0.55962737850587E+00
 0.56559224111131E+00
 0.57145996324556E+00
 0.57723045748180E+00
 0.58290381411273E+00
 0.58848034391173E+00
 0.59396055288081E+00
 0.59934511492434E+00
 0.60463496234134E+00
 0.60983094345111E+00
 0.61493482350316E+00
 0.61994775827283E+00
 0.62487132473008E+00
 0.62970723624595E+00
 0.63445731490511E+00
 0.63912347039720E+00
 0.64370769439850E+00
 0.64821202907885E+00
 0.65263854436962E+00
 0.65698933963343E+00
 0.66126649938266E+00
 0.66547210477850E+00
 0.66960819814558E+00
 0.67367679488555E+00
 0.67767985836556E+00
 0.68161929426220E+00
 0.68549694867417E+00
 0.68931461021405E+00
 0.69307399723657E+00
 0.69677676581664E+00
 0.70042449877318E+00
 0.70401871790732E+00
 0.70756086960001E+00
 0.71105234354899E+00
 0.71449446677641E+00
 0.71788850192334E+00
 0.72123565634650E+00
 0.72453707813363E+00
 0.72779386679064E+00
 0.73100697106016E+00
 0.73417762647216E+00
 0.73730666369951E+00
 0.74039500310236E+00
 0.74344352198470E+00
 0.74645307342411E+00
 0.74942445641461E+00
 0.75235844467303E+00
 0.75525578228144E+00
 0.75811719351673E+00
 0.76094337320897E+00
 0.76373497814185E+00
 0.76649264984472E+00
 0.76921700958400E+00
 0.77190865919087E+00
 0.77456817523814E+00
 0.77719611995311E+00
 0.77979303671662E+00
 0.78235945489891E+00
 0.78489588279715E+00
 0.78740281830282E+00
 0.78988074479948E+00
 0.79233013152055E+00
 0.79475143648179E+00
 0.79714510710228E+00
 0.79951157657795E+00
 0.80185126802638E+00
 0.80416459562750E+00
 0.80645196197742E+00
 0.80871376122517E+00
 0.81095037903953E+00
 0.81316219256264E+00
 0.81534956999644E+00
 0.81751287231056E+00
 0.81965244930902E+00
 0.82176864971719E+00
 0.82386180993671E+00
 0.82593226194389E+00
 0.82798033164168E+00
 0.83000633592336E+00
 0.83201058823832E+00
 0.83399339537282E+00
 0.83595505621052E+00
 0.83789586535899E+00
 0.83981611480701E+00
 0.84171608637602E+00
 0.84359605973556E+00
 0.84545630989664E+00
 0.84729710453196E+00
 0.84911870678488E+00
 0.85092137920036E+00
 0.85270537593353E+00
 0.85447094833632E+00
 0.85621834183642E+00
 0.85794779949727E+00
 0.85965955891909E+00
 0.86135385551193E+00
 0.86303091805812E+00
 0.86469097333549E+00
 0.86633424535716E+00
 0.86796095332753E+00
 0.86957131209717E+00
 0.87116553339443E+00
 0.87274382632535E+00
 0.87430639601547E+00
 0.87585344570203E+00
 0.87738517276069E+00
 0.87890177328089E+00
 0.88040344031968E+00
 0.88189036306820E+00
 0.88336272837113E+00
 0.88482071990729E+00
 0.88626451813311E+00
 0.88769430228469E+00
 0.88911024735231E+00
 0.89051252550405E+00
 0.89190130687527E+00
 0.89327675862303E+00
 0.89463904671369E+00
 0.89598833250227E+00
