 0.30054083141441E+03
 0.30054083138587E+03
 0.30054083107887E+03
 0.30054082980179E+03
 0.30054082640822E+03
 0.30054081937605E+03
 0.30054080683592E+03
 0.30054078639994E+03
 0.30054075446619E+03
 0.30054070459231E+03
 0.30054062479700E+03
 0.30054049410885E+03
 0.30054027899460E+03
 0.30053993031580E+03
 0.30053938126062E+03
 0.30053854633118E+03
 0.30053732177567E+03
 0.30053558649459E+03
 0.30053320380521E+03
 0.30053002347374E+03
 0.30052588366460E+03
 0.30052061503401E+03
 0.30051404071101E+03
 0.30050597872163E+03
 0.30049624538903E+03
 0.30048465546227E+03
 0.30047102406726E+03
 0.30045516767100E+03
 0.30043690524789E+03
 0.30041605895219E+03
 0.30039245453861E+03
 0.30036592295813E+03
 0.30033629972414E+03
 0.30030342494487E+03
 0.30026714691044E+03
 0.30022731623306E+03
 0.30018379428645E+03
 0.30013644665592E+03
 0.30008514662434E+03
 0.30002977490369E+03
 0.29997021958994E+03
 0.29990637664897E+03
 0.29983815008437E+03
 0.29976545194353E+03
 0.29968820243260E+03
 0.29960632995131E+03
 0.29951977107228E+03
 0.29942847046861E+03
 0.29933238078054E+03
 0.29923146238699E+03
 0.29912568324113E+03
 0.29901501863404E+03
 0.29889945071233E+03
 0.29877896816765E+03
 0.29865356579814E+03
 0.29852324404862E+03
 0.29838800851302E+03
 0.29824786939924E+03
 0.29810284098290E+03
 0.29795294106624E+03
 0.29779819034428E+03
 0.29763861182198E+03
 0.29747423020054E+03
 0.29730507126864E+03
 0.29713116128621E+03
 0.29695252637071E+03
 0.29676919183417E+03
 0.29658118169111E+03
 0.29638851807412E+03
 0.29619122052906E+03
 0.29598930550978E+03
 0.29578278581303E+03
 0.29557167004048E+03
 0.29535596211766E+03
 0.29513566070243E+03
 0.29491075904388E+03
 0.29468124352761E+03
 0.29444709422043E+03
 0.29420828407754E+03
 0.29396477849332E+03
 0.29371653472755E+03
 0.29346350174246E+03
 0.29320561970290E+03
 0.29294281952477E+03
 0.29267502241092E+03
 0.29240210892001E+03
 0.29212403566923E+03
 0.29184066623042E+03
 0.29155188014701E+03
 0.29125754432436E+03
 0.29095751381490E+03
 0.29065163172015E+03
 0.29033972837470E+03
 0.29002162120300E+03
 0.28969711290100E+03
 0.28936599293453E+03
 0.28902803661455E+03
 0.28868300363924E+03
 0.28833063736288E+03
 0.28797067136948E+03
 0.28760281133162E+03
 0.28722675589117E+03
 0.28684218301289E+03
 0.28644875318989E+03
 0.28604610657041E+03
 0.28563386574967E+03
 0.28521163330511E+03
 0.28477899112754E+03
 0.28433550047205E+03
 0.28388070096942E+03
 0.28341410865184E+03
 0.28293521765809E+03
 0.28244350034311E+03
 0.28193840105846E+03
 0.28141934230688E+03
 0.28088571858548E+03
 0.28033690240141E+03
 0.27977223665602E+03
 0.27919104037564E+03
 0.27859259953640E+03
 0.27797617876112E+03
 0.27734101459501E+03
 0.27668624520274E+03
 0.27601117780143E+03
 0.27531490548561E+03
 0.27459655456083E+03
 0.27385522511995E+03
 0.27308999208137E+03
 0.27229990582124E+03
 0.27148399454757E+03
 0.27064126447382E+03
 0.26977070275321E+03
 0.26887128008647E+03
 0.26794195011953E+03
 0.26698165603521E+03
 0.26598932969626E+03
 0.26496389512308E+03
 0.26390427693255E+03
 0.26280939731186E+03
 0.26167818207013E+03
 0.26050955767243E+03
 0.25930246809391E+03
 0.25805586430765E+03
 0.25676872272223E+03
 0.25544002517904E+03
 0.25406879094200E+03
 0.25265405387115E+03
 0.25119487751881E+03
 0.24969035575689E+03
 0.24813961516353E+03
 0.24654181134349E+03
 0.24489614005701E+03
 0.24320183290604E+03
 0.24145815978167E+03
 0.23966443190458E+03
 0.23781992128257E+03
 0.23592418479835E+03
 0.23397659669642E+03
 0.23197665994115E+03
 0.22992393874497E+03
 0.22781805835729E+03
 0.22565872497012E+03
 0.22344570100887E+03
 0.22117887256372E+03
 0.21885821804143E+03
 0.21648383170282E+03
 0.21405594443081E+03
 0.21157493219782E+03
 0.20904135724189E+03
 0.20645596222640E+03
 0.20381971025545E+03
 0.20113379473598E+03
 0.19839967589753E+03
 0.19561909268021E+03
 0.19279409601724E+03
 0.18992706048688E+03
 0.18702070722795E+03
 0.18407811416267E+03
 0.18110272011970E+03
 0.17809832959822E+03
 0.17506910889094E+03
 0.17201956253779E+03
 0.16895451254576E+03
 0.16587905766657E+03
 0.16279852731469E+03
 0.15971843528825E+03
 0.15664440250742E+03
 0.15358209551872E+03
 0.15053716765712E+03
 0.14751515320689E+03
 0.14452146533183E+03
 0.14156112203985E+03
 0.13863900963003E+03
 0.13575958794313E+03
 0.13292692471398E+03
 0.13014465975862E+03
 0.12741598378562E+03
 0.12474362856337E+03
 0.12212987124456E+03
 0.11957654398290E+03
 0.11708504937934E+03
 0.11465638790550E+03
 0.11229118366172E+03
 0.10998971887260E+03
 0.10775196273862E+03
 0.10557760775455E+03
 0.10346610490292E+03
 0.10141669414361E+03
 0.99428431333355E+02
 0.97500224093614E+02
 0.95630852204502E+02
 0.93818993928660E+02
 0.92063250585059E+02
 0.90362161810351E+02
 0.88714223744784E+02
 0.87117904440523E+02
 0.85571655436199E+02
 0.84073925852195E+02
 0.82623169062711E+02
 0.81217852056296E+02
 0.79856472060971E+02
 0.78537512940581E+02
 0.77259530928999E+02
 0.76021099302151E+02
 0.74820828219201E+02
 0.73657362107279E+02
 0.72529389646258E+02
 0.71435637339408E+02
 0.70374873104292E+02
 0.69345904657127E+02
 0.68347580194694E+02
 0.67378791610374E+02
 0.66438468713444E+02
 0.65525580829200E+02
 0.64639136128510E+02
 0.63778179057117E+02
 0.62941793297157E+02
 0.62129096037441E+02
 0.61339240277170E+02
 0.60571411391399E+02
 0.59824826054581E+02
 0.59098733524676E+02
 0.58392413875549E+02
 0.57705174287498E+02
 0.57036350116886E+02
 0.56385302264916E+02
 0.55751418068837E+02
 0.55134110037511E+02
 0.54532813560231E+02
 0.53946986295118E+02
 0.53376107398146E+02
 0.52819677166010E+02
 0.52277215576683E+02
 0.51748261417705E+02
 0.51232371876219E+02
 0.50729121134204E+02
 0.50238100294885E+02
 0.49758915753023E+02
 0.49291189788705E+02
 0.48834559249833E+02
 0.48388674617123E+02
 0.47953199764642E+02
 0.47527811426109E+02
 0.47112198555211E+02
 0.46706061500135E+02
 0.46309112035506E+02
 0.45921072873114E+02
 0.45541676666835E+02
 0.45170666048240E+02
 0.44807792915629E+02
 0.44452818183839E+02
 0.44105511598395E+02
 0.43765651024464E+02
 0.43433022366651E+02
 0.43107419050146E+02
 0.42788641899805E+02
 0.42476498364444E+02
 0.42170803074369E+02
 0.41871376945327E+02
 0.41578046841717E+02
 0.41290645766611E+02
 0.41009012390561E+02
 0.40732990772535E+02
 0.40462430317362E+02
 0.40197185250047E+02
 0.39937114761625E+02
 0.39682082783057E+02
 0.39431957598569E+02
 0.39186611755807E+02
 0.38945922020019E+02
 0.38709769089710E+02
 0.38478037427893E+02
 0.38250615321689E+02
 0.38027394356397E+02
 0.37808269728165E+02
 0.37593139687752E+02
 0.37381905916143E+02
 0.37174472940343E+02
 0.36970748214204E+02
 0.36770642110921E+02
