 0.11658001922606E+03
 0.11658001922612E+03
 0.11658001922715E+03
 0.11658001923165E+03
 0.11658001923962E+03
 0.11658001924072E+03
 0.11658001920886E+03
 0.11658001910859E+03
 0.11658001893168E+03
 0.11658001878852E+03
 0.11658001906830E+03
 0.11658002065698E+03
 0.11658002518209E+03
 0.11658003524676E+03
 0.11658005462039E+03
 0.11658008843534E+03
 0.11658014306407E+03
 0.11658022622760E+03
 0.11658034676212E+03
 0.11658051496636E+03
 0.11658074207345E+03
 0.11658103979229E+03
 0.11658142048480E+03
 0.11658189717181E+03
 0.11658248267297E+03
 0.11658318997433E+03
 0.11658403186642E+03
 0.11658502093002E+03
 0.11658616936765E+03
 0.11658748902055E+03
 0.11658899180815E+03
 0.11659068818412E+03
 0.11659258913533E+03
 0.11659470644530E+03
 0.11659704817266E+03
 0.11659962777647E+03
 0.11660245279572E+03
 0.11660553427198E+03
 0.11660888242894E+03
 0.11661250743905E+03
 0.11661642001712E+03
 0.11662063078414E+03
 0.11662515058013E+03
 0.11662999045402E+03
 0.11663516170632E+03
 0.11664067590785E+03
 0.11664654492025E+03
 0.11665278091722E+03
 0.11665939642226E+03
 0.11666640435627E+03
 0.11667381805293E+03
 0.11668165126058E+03
 0.11668991827807E+03
 0.11669863397581E+03
 0.11670781386463E+03
 0.11671747417045E+03
 0.11672763191185E+03
 0.11673830498938E+03
 0.11674951225101E+03
 0.11676127363345E+03
 0.11677361022903E+03
 0.11678654438658E+03
 0.11680009983858E+03
 0.11681430178649E+03
 0.11682917701957E+03
 0.11684475402361E+03
 0.11686106308988E+03
 0.11687813646034E+03
 0.11689600834969E+03
 0.11691471514869E+03
 0.11693429550209E+03
 0.11695479043418E+03
 0.11697624343818E+03
 0.11699870057015E+03
 0.11702221061492E+03
 0.11704682489572E+03
 0.11707259824052E+03
 0.11709958817352E+03
 0.11712785536522E+03
 0.11715746375949E+03
 0.11718848076078E+03
 0.11722097718684E+03
 0.11725502747082E+03
 0.11729070981826E+03
 0.11732810637559E+03
 0.11736732508754E+03
 0.11740841637783E+03
 0.11745149373578E+03
 0.11749665575099E+03
 0.11754400636551E+03
 0.11759365419033E+03
 0.11764571266178E+03
 0.11770030030437E+03
 0.11775754076479E+03
 0.11781756416221E+03
 0.11788050566714E+03
 0.11794650642139E+03
 0.11801571419466E+03
 0.11808828346000E+03
 0.11816437438251E+03
 0.11824415491487E+03
 0.11832780011851E+03
 0.11841549296776E+03
 0.11850742377550E+03
 0.11860379225660E+03
 0.11870480592587E+03
 0.11881068130276E+03
 0.11892164454005E+03
 0.11903793125637E+03
 0.11915978700872E+03
 0.11928746894037E+03
 0.11942124462806E+03
 0.11956139218656E+03
 0.11970820305761E+03
 0.11986197983515E+03
 0.12002303913466E+03
 0.12019170843676E+03
 0.12036833071880E+03
 0.12055326123886E+03
 0.12074687203334E+03
 0.12094954782067E+03
 0.12116168940484E+03
 0.12138375140226E+03
 0.12161609137247E+03
 0.12185919116298E+03
 0.12211351489184E+03
 0.12237954166171E+03
 0.12265776706163E+03
 0.12294870316272E+03
 0.12325287779812E+03
 0.12357083550991E+03
 0.12390313622126E+03
 0.12425035523545E+03
 0.12461308406211E+03
 0.12499192776095E+03
 0.12538750711110E+03
 0.12580045766766E+03
 0.12623142662509E+03
 0.12668107626055E+03
 0.12715008368024E+03
 0.12763913570552E+03
 0.12814893452632E+03
 0.12868019710225E+03
 0.12923364677041E+03
 0.12981003121057E+03
 0.13041010411451E+03
 0.13103464020160E+03
 0.13168443051214E+03
 0.13236028337115E+03
 0.13306302808500E+03
 0.13379352000361E+03
 0.13455263678417E+03
 0.13534128546967E+03
 0.13616040436692E+03
 0.13701096640937E+03
 0.13789402994539E+03
 0.13881055507210E+03
 0.13976168214838E+03
 0.14074855395783E+03
 0.14177236263027E+03
 0.14283435666484E+03
 0.14393583246547E+03
 0.14507816027839E+03
 0.14626274764353E+03
 0.14749106631073E+03
 0.14876464640470E+03
 0.15008506915644E+03
 0.15145397002219E+03
 0.15287301472148E+03
 0.15434391699705E+03
 0.15586840600778E+03
 0.15744823390040E+03
 0.15908514411214E+03
 0.16078086617868E+03
 0.16253708360561E+03
 0.16435541833218E+03
 0.16623740267190E+03
 0.16818445640947E+03
 0.17019785085896E+03
 0.17227868460723E+03
 0.17442784538084E+03
 0.17664598777654E+03
 0.17893349961951E+03
 0.18129048178440E+03
 0.18371672640188E+03
 0.18621169391827E+03
 0.18877451425381E+03
 0.19140398963803E+03
 0.19409856212748E+03
 0.19685637413902E+03
 0.19967521475389E+03
 0.20255275332553E+03
 0.20548623207754E+03
 0.20847275847075E+03
 0.21150925755011E+03
 0.21459251212894E+03
 0.21771920779747E+03
 0.22088596911854E+03
 0.22408938867373E+03
 0.22732606134366E+03
 0.23059261415921E+03
 0.23388572925480E+03
 0.23720216405679E+03
 0.24053876465936E+03
 0.24389248720598E+03
 0.24726040251683E+03
 0.25063969820793E+03
 0.25402768800724E+03
 0.25742183774799E+03
 0.26081970527934E+03
 0.26421900291159E+03
 0.26761756992481E+03
 0.27101334642051E+03
 0.27440441785901E+03
 0.27778897198776E+03
 0.28116530778249E+03
 0.28453183172432E+03
 0.28788705104151E+03
 0.29122957056098E+03
 0.29455807740087E+03
 0.29787132085609E+03
 0.30116823351372E+03
 0.30444771459115E+03
 0.30770877608025E+03
 0.31095049438316E+03
 0.31417202272700E+03
 0.31737256249155E+03
 0.32055137969580E+03
 0.32370779147336E+03
 0.32684117046041E+03
 0.32995094068992E+03
 0.33303656148333E+03
 0.33609754645481E+03
 0.33913344729259E+03
 0.34214385238849E+03
 0.34512839414071E+03
 0.34808672865168E+03
 0.35101855483880E+03
 0.35392359396427E+03
 0.35680160154597E+03
 0.35965238010254E+03
 0.36247572951105E+03
 0.36527147758124E+03
 0.36803949277970E+03
 0.37077965156909E+03
 0.37349187102423E+03
 0.37617607471763E+03
 0.37883220770099E+03
 0.38146022583219E+03
 0.38406011919045E+03
 0.38663188739150E+03
 0.38917554301215E+03
 0.39169111458408E+03
 0.39417864466340E+03
 0.39663819191809E+03
 0.39906982694879E+03
 0.40147363158418E+03
 0.40384970177844E+03
 0.40619814238439E+03
 0.40851906681536E+03
 0.41081260089154E+03
 0.41307888029690E+03
 0.41531804557210E+03
 0.41753024945324E+03
 0.41971565219342E+03
 0.42187442154946E+03
 0.42400672851267E+03
 0.42611275333328E+03
 0.42819267991044E+03
 0.43024670339156E+03
 0.43227501943399E+03
 0.43427782921739E+03
 0.43625533919217E+03
 0.43820775888696E+03
 0.44013530353235E+03
 0.44203819075707E+03
 0.44391664256398E+03
 0.44577088274331E+03
 0.44760113798551E+03
 0.44940763846205E+03
 0.45119061579217E+03
 0.45295030356527E+03
 0.45468693673118E+03
 0.45640075216735E+03
 0.45809199063538E+03
 0.45976088994069E+03
 0.46140769056314E+03
 0.46303263389124E+03
 0.46463596212500E+03
 0.46621791702720E+03
 0.46777874097547E+03
 0.46931867536677E+03
 0.47083796514823E+03
 0.47233685072058E+03
 0.47381557423035E+03
 0.47527437870536E+03
 0.47671350338519E+03
 0.47813318891805E+03
 0.47953367564342E+03
 0.48091520068730E+03
