 0.00000000000000E+00
 0.00000000000000E+00
 0.00000000000000E+00
 0.00000000000000E+00
 0.00000000000000E+00
 0.17625039494871E-31
 0.22585337141585E-28
 0.48372592721629E-26
 0.31435704670911E-24
 0.88650879103034E-23
 0.13622614473843E-21
 0.13276292867979E-20
 0.91152883014022E-20
 0.47527008991721E-19
 0.19883539648253E-18
 0.69560181265255E-18
 0.21001719517770E-17
 0.56085423258708E-17
 0.13508598166396E-16
 0.29816658324358E-16
 0.61168519357550E-16
 0.11841675639563E-15
 0.22111244749047E-15
 0.41347704633645E-15
 0.82089547694406E-15
 0.18326798839994E-14
 0.46367513202478E-14
 0.12642516095247E-13
 0.34956228577000E-13
 0.94240652898311E-13
 0.51485876471702E-08
 0.69758131262017E-08
 0.92803975520589E-08
 0.26794091593224E-07
 0.34526748898625E-07
 0.69155148961925E-07
 0.10696626196917E-06
 0.16176003284981E-06
 0.23959103158845E-06
 0.34812890453195E-06
 0.49694329244369E-06
 0.69781064161038E-06
 0.96504191294376E-06
 0.13158286289571E-05
 0.17706047619553E-05
 0.23534255523632E-05
 0.30923579992003E-05
 0.40198829249569E-05
 0.51733078533160E-05
 0.65951878391305E-05
 0.83337549234637E-05
 0.10443353642939E-04
 0.12984881989042E-04
 0.16026233538855E-04
 0.19642748222797E-04
 0.23917668910213E-04
 0.28942589638072E-04
 0.34817912587236E-04
 0.41653319175673E-04
 0.49568192901795E-04
 0.58692135700988E-04
 0.69165382122709E-04
 0.81139301403582E-04
 0.94776830031748E-04
 0.11025295192721E-03
 0.12775515718300E-03
 0.14748390730184E-03
 0.16965306755163E-03
 0.19449043967288E-03
 0.22223818097732E-03
 0.25315327343180E-03
 0.28750806771586E-03
 0.32559065707026E-03
 0.36770541604490E-03
 0.41417346786620E-03
 0.46533310356541E-03
 0.52154049906069E-03
 0.58316999045099E-03
 0.65061452334051E-03
 0.72428643185366E-03
 0.80461811753842E-03
 0.89206202495979E-03
 0.98709131011411E-03
 0.10902007060726E-02
 0.12019073597824E-02
 0.13228790764692E-02
 0.14534440183604E-02
 0.15942986458395E-02
 0.17460540964436E-02
 0.19093474687008E-02
 0.20848414829267E-02
 0.22732260804876E-02
 0.24752184662252E-02
 0.26915634210821E-02
 0.29230350303584E-02
 0.31704380321298E-02
 0.34346064086535E-02
 0.37164071204925E-02
 0.40167391222104E-02
 0.43365318544428E-02
 0.46767560159417E-02
 0.50384104231263E-02
 0.54225316934579E-02
 0.58301958819011E-02
 0.62625145526403E-02
 0.67206392720664E-02
 0.72057605071182E-02
 0.77191094720534E-02
 0.82619581007445E-02
 0.88356196763799E-02
 0.94414546794265E-02
 0.10080863663691E-01
 0.10755287064134E-01
 0.11466216890574E-01
 0.12215183420280E-01
 0.13003766872460E-01
 0.13833583843693E-01
 0.14706300518851E-01
 0.15623618687418E-01
 0.16587294397737E-01
 0.17599111029734E-01
 0.18660894626192E-01
 0.19774716241505E-01
 0.20942075661754E-01
 0.22165080629397E-01
 0.23445688574986E-01
 0.24785867042082E-01
 0.26187603516643E-01
 0.27652898001251E-01
 0.29183752726819E-01
 0.30782172209861E-01
 0.32450149372883E-01
 0.34189657814259E-01
 0.36002651916409E-01
 0.37891046181363E-01
 0.39856717380631E-01
 0.41901495205420E-01
 0.44027137850119E-01
 0.46235345071330E-01
 0.48527732619766E-01
 0.50905845580944E-01
 0.53371123722397E-01
 0.55924920542461E-01
 0.58568470100831E-01
 0.61302923087497E-01
 0.64129295579121E-01
 0.67048511421304E-01
 0.70061374463491E-01
 0.73168579491615E-01
 0.76370707468410E-01
 0.79668239527957E-01
 0.83061546637171E-01
 0.86550901089879E-01
 0.90136480406742E-01
 0.93818369655280E-01
 0.97596766985439E-01
 0.10147119788441E+00
 0.10544167545511E+00
 0.10950794754322E+00
 0.11366967010593E+00
 0.11792641307606E+00
 0.12227764304736E+00
 0.12672274598710E+00
 0.13126095760283E+00
 0.13589138560356E+00
 0.14061298929275E+00
 0.14542453576486E+00
 0.15032460224755E+00
 0.15531150014686E+00
 0.16038328002182E+00
 0.16553767419236E+00
 0.17077206708655E+00
 0.17608343503418E+00
 0.18146832360443E+00
 0.18692278686966E+00
 0.19244235675812E+00
 0.19802200334757E+00
 0.20365610795732E+00
 0.20933844729104E+00
 0.21506217777245E+00
 0.22081983849452E+00
 0.22660337872756E+00
 0.23240418831101E+00
 0.23821316596460E+00
 0.24402079116514E+00
 0.24981720120345E+00
 0.25559232367112E+00
 0.26133598415719E+00
 0.26703801429866E+00
 0.27268843986573E+00
 0.27827747490522E+00
 0.28379605784733E+00
 0.28923533228546E+00
 0.29458720984493E+00
 0.29984431565308E+00
 0.30500005601514E+00
 0.31004866222785E+00
 0.31498521538883E+00
 0.31980564333158E+00
 0.32450670623414E+00
 0.32908597235658E+00
 0.33354176830343E+00
 0.33787313440862E+00
 0.34207976056390E+00
 0.34616193278282E+00
 0.35012046468198E+00
 0.35395663204672E+00
 0.35767211394999E+00
 0.36126893929562E+00
 0.36474942097831E+00
 0.36811611338719E+00
 0.37137176159107E+00
 0.37451925623911E+00
 0.37756159971157E+00
 0.38050187258453E+00
 0.38334320299253E+00
 0.38608874265278E+00
 0.38874164171535E+00
 0.39130503329460E+00
 0.39378201666803E+00
 0.39617562473362E+00
 0.39848890429763E+00
 0.40072475828002E+00
 0.40288604661211E+00
 0.40497555028293E+00
 0.40699597432819E+00
 0.40894993273909E+00
 0.41083995763616E+00
 0.41266849432270E+00
 0.41443790382754E+00
 0.41615046177646E+00
 0.41780835459492E+00
 0.41941368834947E+00
 0.42096848727739E+00
 0.42247469549891E+00
 0.42393418072806E+00
 0.42534873234972E+00
 0.42672006900122E+00
 0.42804983718795E+00
 0.42933961608225E+00
 0.43059092034935E+00
 0.43180519961088E+00
 0.43298384164107E+00
 0.43412817781488E+00
 0.43523948298356E+00
 0.43631897935967E+00
 0.43736783672292E+00
 0.43838717490990E+00
 0.43937806724839E+00
 0.44034154229671E+00
 0.44127858560834E+00
 0.44219014101758E+00
 0.44307711308336E+00
 0.44394036892066E+00
 0.44478073931002E+00
 0.44559902131081E+00
 0.44639597869773E+00
 0.44717234466134E+00
 0.44792882179772E+00
 0.44866608406488E+00
 0.44938477855461E+00
 0.45008552623203E+00
 0.45076892302671E+00
 0.45143554114798E+00
 0.45208593049534E+00
 0.45272061890640E+00
 0.45334011336541E+00
 0.45394490139363E+00
 0.45453545137282E+00
 0.45511221375355E+00
 0.45567562180018E+00
 0.45622609195123E+00
 0.45676402503367E+00
 0.45728980660632E+00
 0.45780380788938E+00
 0.45830638611999E+00
 0.45879788568636E+00
 0.45927863776738E+00
 0.45974896158759E+00
 0.46020916497914E+00
 0.46065954440220E+00
 0.46110038564755E+00
 0.46153196435729E+00
 0.46195454629384E+00
 0.46236838801274E+00
 0.46277373696927E+00
 0.46317083183806E+00
 0.46355990315244E+00
 0.46394117352274E+00
 0.46431485782927E+00
 0.46468116367467E+00
 0.46504029167346E+00
 0.46539243554394E+00
 0.46573778276322E+00
 0.46607651435939E+00
 0.46640880556846E+00
 0.46673482563589E+00
 0.46705473843843E+00
 0.46736870255613E+00
 0.46767687132523E+00
