 0.00000000000000E+00
 0.00000000000000E+00
 0.00000000000000E+00
 0.00000000000000E+00
 0.00000000000000E+00
 0.54750776025414E-65
 0.11520722507661E-55
 0.11318739893198E-48
 0.31064873021605E-43
 0.69670531306823E-39
 0.25280250952411E-35
 0.23400786539188E-32
 0.75737542623953E-30
 0.10735479075048E-27
 0.78610584381363E-26
 0.33657468593424E-24
 0.92631509989961E-23
 0.17640417588173E-21
 0.24637284330460E-20
 0.26437499339265E-19
 0.22633537465238E-18
 0.15943207853225E-17
 0.94787087851477E-17
 0.48583517810737E-16
 0.21854287667550E-15
 0.87587665339880E-15
 0.31680208459883E-14
 0.10455741854806E-13
 0.31788244183716E-13
 0.89762787801951E-13
 0.23711348327518E-12
 0.58961578775952E-12
 0.13878019172772E-11
 0.31070076462345E-11
 0.66448166195488E-11
 0.13627340375720E-10
 0.26891077822667E-10
 0.51215308686951E-10
 0.94400682082669E-10
 0.16881239304547E-09
 0.29353023750673E-09
 0.49727195473970E-09
 0.82227954107600E-09
 0.13293795026541E-08
 0.21044461888484E-08
 0.32665114350145E-08
 0.49777728495380E-08
 0.74557565493163E-08
 0.10987887538825E-07
 0.15948712066330E-07
 0.22820000998224E-07
 0.32213942156839E-07
 0.44899603288933E-07
 0.61832814978317E-07
 0.84189587918482E-07
 0.11340313972520E-06
 0.15120456555222E-06
 0.19966714454712E-06
 0.26125423150357E-06
 0.33887064106024E-06
 0.43591739358600E-06
 0.55634965173958E-06
 0.70473764503392E-06
 0.88633034845417E-06
 0.11071216566836E-05
 0.13739187749349E-05
 0.16944125368970E-05
 0.20772493332288E-05
 0.25321043560097E-05
 0.30697558690605E-05
 0.37021601815757E-05
 0.44425270645533E-05
 0.53053953429133E-05
 0.63067084179418E-05
 0.74638895515648E-05
 0.87959165838103E-05
 0.10323396502322E-04
 0.12068638760560E-04
 0.14055728262128E-04
 0.16310597562066E-04
 0.18861098521151E-04
 0.21737073189045E-04
 0.24970424486094E-04
 0.28595186741551E-04
 0.32647596421138E-04
 0.37166202898748E-04
 0.42191794372939E-04
 0.47767675580499E-04
 0.53939613443328E-04
 0.60755948149798E-04
 0.68267672482533E-04
 0.76528515801370E-04
 0.85595034198063E-04
 0.95526704757594E-04
 0.10638603147815E-03
 0.11823864922454E-03
 0.13115344245996E-03
 0.14520267708734E-03
 0.16046214236737E-03
 0.17701126771311E-03
 0.19493337689947E-03
 0.21431576346924E-03
 0.23524995581337E-03
 0.25783191729158E-03
 0.28216230466545E-03
 0.30834670983999E-03
 0.33649596424907E-03
 0.36672646123629E-03
 0.39916050268070E-03
 0.43392668947505E-03
 0.47116036425607E-03
 0.51100405303537E-03
 0.55360796264755E-03
 0.59913062192212E-03
 0.64773940426210E-03
 0.69961128688066E-03
 0.75493347801672E-03
 0.81390434589563E-03
 0.87673418436309E-03
 0.94364636034443E-03
 0.10148781046057E-02
 0.10906817804358E-02
 0.11713281305971E-02
 0.12571001528117E-02
 0.13483051138076E-02
 0.14452694291092E-02
 0.15483419849080E-02
 0.16578959820828E-02
 0.17743309507390E-02
 0.18980748614741E-02
 0.20295864990299E-02
 0.21693579090229E-02
 0.23179170408658E-02
 0.24758307653575E-02
 0.26437077452455E-02
 0.28222019191662E-02
 0.30120160163296E-02
 0.32139049713850E-02
 0.34286803225818E-02
 0.36572143274730E-02
 0.39004450466083E-02
 0.41593801784486E-02
 0.44351033568684E-02
 0.47287783610677E-02
 0.50416571699093E-02
 0.53750834693719E-02
 0.57305018726528E-02
 0.61094638405197E-02
 0.65136354299051E-02
 0.69448053121392E-02
 0.74048941276672E-02
 0.78959623192353E-02
 0.84202205191011E-02
 0.89800395852373E-02
 0.95779610025375E-02
 0.10216723958778E-01
 0.10899215238211E-01
 0.11628569530293E-01
 0.12408123999519E-01
 0.13241443032069E-01
 0.14132330949688E-01
 0.15084839439382E-01
 0.16103286173834E-01
 0.17192247287159E-01
 0.18356574683583E-01
 0.19601396678108E-01
 0.20932115651606E-01
 0.22354405971456E-01
 0.23874194634837E-01
 0.25497653217884E-01
 0.27231164851593E-01
 0.29081294300254E-01
 0.31054735723016E-01
 0.33158259614537E-01
 0.35398635568323E-01
 0.37782551174903E-01
 0.40316509006292E-01
 0.43006714262474E-01
 0.45858950479121E-01
 0.48878439300637E-01
 0.52069691769145E-01
 0.55436363848590E-01
 0.58981103523781E-01
 0.62705412866400E-01
 0.66609520329618E-01
 0.70692263820746E-01
 0.74951023397424E-01
 0.79381665392626E-01
 0.83978513124609E-01
 0.88734410890146E-01
 0.93640702384746E-01
 0.98687607666053E-01
 0.10386393705524E+00
 0.10915757579710E+00
 0.11455557567943E+00
 0.12004436608721E+00
 0.12560996715347E+00
 0.13123820098276E+00
 0.13691488734711E+00
 0.14262603059216E+00
 0.14835799096440E+00
 0.15409762300149E+00
 0.15983240119593E+00
 0.16555051049813E+00
 0.17124092745972E+00
 0.17689346554277E+00
 0.18249880093883E+00
 0.18804848780246E+00
 0.19353496268529E+00
 0.19895151178171E+00
 0.20429225656677E+00
 0.20955211299501E+00
 0.21472674251484E+00
 0.21981251499927E+00
 0.22480645712195E+00
 0.22970620078703E+00
 0.23450993588351E+00
 0.23921635307332E+00
 0.24382460217186E+00
 0.24833424222951E+00
 0.25274517175695E+00
 0.25705771294929E+00
 0.26127236498895E+00
 0.26538991833860E+00
 0.26941137802681E+00
 0.27333794560007E+00
 0.27717096919983E+00
 0.28091193795458E+00
 0.28456245145106E+00
 0.28812420429572E+00
 0.29159896594643E+00
 0.29498855500534E+00
 0.29829483891391E+00
 0.30151971514564E+00
 0.30466509962931E+00
 0.30773292142689E+00
 0.31072510348945E+00
 0.31364356790304E+00
 0.31649022030458E+00
 0.31926695068516E+00
 0.32197562858623E+00
 0.32461809259055E+00
 0.32719614876226E+00
 0.32971157497687E+00
 0.33216611281409E+00
 0.33456147001093E+00
 0.33689931380567E+00
 0.33918127056421E+00
 0.34140892857076E+00
 0.34358383660210E+00
 0.34570750325014E+00
 0.34778139541370E+00
 0.34980694003148E+00
 0.35178552445378E+00
 0.35371849578141E+00
 0.35560716307483E+00
 0.35745279615004E+00
 0.35925662871044E+00
 0.36101985565142E+00
 0.36274363562284E+00
 0.36442909266689E+00
 0.36607731609911E+00
 0.36768936127031E+00
 0.36926625069130E+00
 0.37080897571778E+00
 0.37231849602998E+00
 0.37379574055846E+00
 0.37524160978881E+00
 0.37665697539486E+00
 0.37804268187953E+00
 0.37939954704045E+00
 0.38072836230572E+00
 0.38202989446772E+00
 0.38330488579662E+00
 0.38455405531838E+00
 0.38577809908026E+00
 0.38697769212298E+00
 0.38815348703284E+00
 0.38930611625496E+00
 0.39043619296792E+00
 0.39154431062505E+00
 0.39263104419855E+00
 0.39369695093546E+00
 0.39474257052057E+00
 0.39576842646723E+00
 0.39677502581374E+00
 0.39776285976792E+00
 0.39873240475378E+00
 0.39968412271265E+00
 0.40061846129967E+00
 0.40153585467682E+00
 0.40243672401577E+00
 0.40332147743753E+00
 0.40419051139880E+00
 0.40504421000717E+00
 0.40588294647697E+00
 0.40670708229568E+00
 0.40751696874207E+00
 0.40831294677216E+00
 0.40909534712494E+00
