 0.00000000000000E+00
 0.00000000000000E+00
 0.00000000000000E+00
 0.00000000000000E+00
 0.00000000000000E+00
 0.17625039259552E-21
 0.22585336840038E-18
 0.48372592075785E-16
 0.31435704251199E-14
 0.88650877919395E-13
 0.13622614291906E-11
 0.13276292690169E-10
 0.91152881764500E-10
 0.47527008182048E-09
 0.19883538478067E-08
 0.69560145227474E-08
 0.21001625282654E-07
 0.56083649032024E-07
 0.13506128785170E-06
 0.29790193803594E-06
 0.60942071751036E-06
 0.11682202462820E-05
 0.21163239222689E-05
 0.36488952929851E-05
 0.60234170765104E-05
 0.95677575479268E-05
 0.14686657436940E-04
 0.21866307653929E-04
 0.31676833085675E-04
 0.44772636150130E-04
 0.61890672807380E-04
 0.83846824401842E-04
 0.11153060410310E-03
 0.14589847075300E-03
 0.18796602604487E-03
 0.23879944487263E-03
 0.29950630992720E-03
 0.37122625156200E-03
 0.45512148976826E-03
 0.55236754396326E-03
 0.66414425262010E-03
 0.79162722205630E-03
 0.93597980962535E-03
 0.10983457114284E-02
 0.12798421951012E-02
 0.14815540053052E-02
 0.17045279496517E-02
 0.19497681591972E-02
 0.22182320073113E-02
 0.25108266640979E-02
 0.28284062484236E-02
 0.31717695468853E-02
 0.35416582745377E-02
 0.39387558167196E-02
 0.43636864282852E-02
 0.48170148466188E-02
 0.52992462822985E-02
 0.58108267521511E-02
 0.63521437186434E-02
 0.69235270013324E-02
 0.75252499412192E-02
 0.81575307757104E-02
 0.88205342063880E-02
 0.95143731317886E-02
 0.10239110524551E-01
 0.10994761431420E-01
 0.11781295086381E-01
 0.12598637082950E-01
 0.13446671629949E-01
 0.14325243888276E-01
 0.15234162316623E-01
 0.16173201058849E-01
 0.17142102346626E-01
 0.18140578899161E-01
 0.19168316349616E-01
 0.20224975552316E-01
 0.21310195210096E-01
 0.22423593978025E-01
 0.23564772868108E-01
 0.24733317538617E-01
 0.25928800585554E-01
 0.27150783669348E-01
 0.28398819692756E-01
 0.29672454919728E-01
 0.30971231051215E-01
 0.32294698324050E-01
 0.33642375273088E-01
 0.35013810949327E-01
 0.36408547848650E-01
 0.37826133704792E-01
 0.39266122774529E-01
 0.40728077369842E-01
 0.42211569628871E-01
 0.43716182958440E-01
 0.45241514169094E-01
 0.46787174100829E-01
 0.48352789233516E-01
 0.49938003536331E-01
 0.51542479970707E-01
 0.53165898286471E-01
 0.54807965048694E-01
 0.56468404248546E-01
 0.58146965020556E-01
 0.59843420950971E-01
 0.61557572487838E-01
 0.63289246280513E-01
 0.65038297295303E-01
 0.66804609972945E-01
 0.68588098945765E-01
 0.70388710318711E-01
 0.72206423548001E-01
 0.74041251122327E-01
 0.75893239100893E-01
 0.77762471586421E-01
 0.79649067584328E-01
 0.81553185463881E-01
 0.83475019730991E-01
 0.85414806496896E-01
 0.87372820345992E-01
 0.89349381005893E-01
 0.91344846114282E-01
 0.93359616188761E-01
 0.95394184503430E-01
 0.97448950650159E-01
 0.99524488192059E-01
 0.10162137311559E+00
 0.10374022549553E+00
 0.10588170916062E+00
 0.10804653161486E+00
 0.11023544261817E+00
 0.11244923434228E+00
 0.11468873940185E+00
 0.11695482901801E+00
 0.11924841359367E+00
 0.12157043763474E+00
 0.12392188034148E+00
 0.12630375275670E+00
 0.12871709074151E+00
 0.13116295699558E+00
 0.13364243570751E+00
 0.13615663447130E+00
 0.13870666965595E+00
 0.14129367426889E+00
 0.14391878149424E+00
 0.14658314059395E+00
 0.14928788842305E+00
 0.15203416762881E+00
 0.15482311227300E+00
 0.15765584567356E+00
 0.16053347660443E+00
 0.16345710084790E+00
 0.16642778934691E+00
 0.16944659003988E+00
 0.17251452356527E+00
 0.17563257825763E+00
 0.17880178363369E+00
 0.18202290353782E+00
 0.18529687174203E+00
 0.18862449774052E+00
 0.19200652655327E+00
 0.19544363567388E+00
 0.19893641220783E+00
 0.20248537335379E+00
 0.20609089599043E+00
 0.20975324269437E+00
 0.21347253359397E+00
 0.21724872014060E+00
 0.22108157075130E+00
 0.22497062252322E+00
 0.22891518034031E+00
 0.23291426860094E+00
 0.23696661345828E+00
 0.24107059697559E+00
 0.24522423670147E+00
 0.24942514265359E+00
 0.25367049724116E+00
 0.25795702363529E+00
 0.26228096834498E+00
 0.26663809147996E+00
 0.27102365768592E+00
 0.27543243809707E+00
 0.27985873593262E+00
 0.28429641148397E+00
 0.28873893169947E+00
 0.29317942851227E+00
 0.29761076001820E+00
 0.30202560890316E+00
 0.30641656560053E+00
 0.31077621013089E+00
 0.31509724845681E+00
 0.31937253197182E+00
 0.32359538622881E+00
 0.32775932774559E+00
 0.33185841436345E+00
 0.33588721968767E+00
 0.33984088509101E+00
 0.34371515262858E+00
 0.34750638243641E+00
 0.35121155139681E+00
 0.35482824334215E+00
 0.35835463039722E+00
 0.36178943870355E+00
 0.36513191446696E+00
 0.36838177876675E+00
 0.37153918789738E+00
 0.37460468457405E+00
 0.37757915011867E+00
 0.38046376192743E+00
 0.38325995508944E+00
 0.38596937415066E+00
 0.38859384282778E+00
 0.39113532748547E+00
 0.39359590318138E+00
 0.39597773077612E+00
 0.39828303133265E+00
 0.40051406423457E+00
 0.40267311015651E+00
 0.40476245178830E+00
 0.40678436332736E+00
 0.40874109745556E+00
 0.41063486483928E+00
 0.41246787999383E+00
 0.41424226575568E+00
 0.41596011278180E+00
 0.41762345684278E+00
 0.41923428092750E+00
 0.42079450394050E+00
 0.42230598734187E+00
 0.42377053110590E+00
 0.42518987542031E+00
 0.42656570003165E+00
 0.42789962103370E+00
 0.42919319727765E+00
 0.43044792899940E+00
 0.43166525892262E+00
 0.43284657538455E+00
 0.43399320972318E+00
 0.43510644275286E+00
 0.43618750288494E+00
 0.43723757021767E+00
 0.43825777816997E+00
 0.43924921271370E+00
 0.44021291475086E+00
 0.44114988443129E+00
 0.44206108059199E+00
 0.44294742394484E+00
 0.44380979669627E+00
 0.44464904434131E+00
 0.44546597845491E+00
 0.44626137777806E+00
 0.44703598945149E+00
 0.44779052982923E+00
 0.44852568636390E+00
 0.44924211888889E+00
 0.44994046043406E+00
 0.45062131899421E+00
 0.45128527798435E+00
 0.45193289818599E+00
 0.45256471753072E+00
 0.45318125271582E+00
 0.45378300042709E+00
 0.45437043788167E+00
 0.45494402364109E+00
 0.45550419851011E+00
 0.45605138659382E+00
 0.45658599553557E+00
 0.45710841723706E+00
 0.45761902903429E+00
 0.45811819389967E+00
 0.45860626132858E+00
 0.45908356778694E+00
 0.45955043709238E+00
 0.46000718126692E+00
 0.46045410080124E+00
 0.46089148531115E+00
 0.46131961382327E+00
 0.46173875564341E+00
 0.46214917001586E+00
 0.46255110708589E+00
 0.46294480834663E+00
 0.46333050661134E+00
 0.46370842657008E+00
 0.46407878516680E+00
 0.46444179176218E+00
 0.46479764871542E+00
 0.46514655137054E+00
 0.46548868836587E+00
 0.46582424207653E+00
 0.46615338879268E+00
 0.46647629885685E+00
 0.46679313700286E+00
 0.46710406258971E+00
 0.46740922963707E+00
 0.46770878735624E+00
 0.46800287996293E+00
 0.46829164722498E+00
 0.46857522421818E+00
 0.46885374188914E+00
 0.46912732705345E+00
 0.46939610246731E+00
