                  NaN
                  NaN
                  NaN
                  NaN
                  NaN
 0.32191396678450E+34
 0.19604097856333E+28
 0.42736729687284E+23
 0.10119373302781E+20
 0.12724300710816E+17
 0.53886389417128E+14
 0.56734387306793E+12
 0.12035363157557E+11
 0.44270971662725E+09
 0.25293718148426E+08
 0.20667086436454E+07
 0.22672327720930E+06
 0.31793704983668E+05
 0.54829899209689E+04
 0.11278168915195E+04
 0.27025611640026E+03
 0.74274109379859E+02
 0.23327275107020E+02
 0.85106444524499E+01
 0.37562216139534E+01
 0.20923949472655E+01
 0.14636113667369E+01
 0.12091457756711E+01
 0.10996589926444E+01
 0.10498855394982E+01
 0.21713601335758E+05
 0.11831116586462E+05
 0.66871197081687E+04
 0.86237610730365E+04
 0.51960424004853E+04
 0.50747355724043E+04
 0.39777603067664E+04
 0.31584312776197E+04
 0.25380222505027E+04
 0.20622236214505E+04
 0.16929884180409E+04
 0.14032776933412E+04
 0.11736178084657E+04
 0.98980661754601E+03
 0.84136376180005E+03
 0.72047063026821E+03
 0.62123324881876E+03
 0.53916499262916E+03
 0.47081914836100E+03
 0.41352479195194E+03
 0.36519520415938E+03
 0.32418738421066E+03
 0.28919814514803E+03
 0.25918654268732E+03
 0.23331564755746E+03
 0.21090834846522E+03
 0.19141346382215E+03
 0.17437977923814E+03
 0.15943595989221E+03
 0.14627467504033E+03
 0.13464049970149E+03
 0.12431998817011E+03
 0.11513405304137E+03
 0.10693172156075E+03
 0.99585218355750E+02
 0.92985960679557E+02
 0.87041322045416E+02
 0.81671980747697E+02
 0.76809804150163E+02
 0.72396044003765E+02
 0.68379881208719E+02
 0.64717234929163E+02
 0.61369725727445E+02
 0.58303855462673E+02
 0.55490299662776E+02
 0.52903310204408E+02
 0.50520242920377E+02
 0.48321107460500E+02
 0.46288211553829E+02
 0.44405879618914E+02
 0.42660193765285E+02
 0.41038736779401E+02
 0.39530417701302E+02
 0.38125322136418E+02
 0.36814574165840E+02
 0.35593603147275E+02
 0.34448499760717E+02
 0.33376098511487E+02
 0.32370534102513E+02
 0.31426510931789E+02
 0.30539220206462E+02
 0.29704301157332E+02
 0.28917781147182E+02
 0.28176031277454E+02
 0.27475740844406E+02
 0.26813889137967E+02
 0.26187695452233E+02
 0.25594618467378E+02
 0.25032316426477E+02
 0.24498620401223E+02
 0.23991561067316E+02
 0.23509285278726E+02
 0.23050085916954E+02
 0.22612390052965E+02
 0.22194724274263E+02
 0.21795722339810E+02
 0.21414106773015E+02
 0.21048684204655E+02
 0.20698335745292E+02
 0.20362010198241E+02
 0.20038728627638E+02
 0.19727561070818E+02
 0.19427623498583E+02
 0.19138091880179E+02
 0.18858175587133E+02
 0.18587131334659E+02
 0.18324242130625E+02
 0.18068831543919E+02
 0.17820245823730E+02
 0.17577871430228E+02
 0.17341108207838E+02
 0.17109385121237E+02
 0.16882302853449E+02
 0.16659035173064E+02
 0.16439217208635E+02
 0.16222365257831E+02
 0.16008005520534E+02
 0.15795685495144E+02
 0.15584971895877E+02
 0.15375448734490E+02
 0.15166721016608E+02
 0.14958411997354E+02
 0.14750164570812E+02
 0.14541644938001E+02
 0.14332539687682E+02
 0.14122560512044E+02
 0.13911445018304E+02
 0.13698954462597E+02
 0.13484880689173E+02
 0.13269042575718E+02
 0.13051291576383E+02
 0.12831508886573E+02
 0.12609609301631E+02
 0.12385539272263E+02
 0.12159280375782E+02
 0.11930846459323E+02
 0.11700286102562E+02
 0.11467679700275E+02
 0.11233140122594E+02
 0.10996810426769E+02
 0.10758862740561E+02
 0.10519496329767E+02
 0.10278935200514E+02
 0.10037425731945E+02
 0.97952340409848E+01
 0.95526479309042E+01
 0.93099544936654E+01
 0.90674674284255E+01
 0.88255039639732E+01
 0.85843869003278E+01
 0.83444417977397E+01
 0.81059956613219E+01
 0.78693717927596E+01
 0.76348923680775E+01
 0.74028727007056E+01
 0.71736209210946E+01
 0.69474360922378E+01
 0.67246073297362E+01
 0.65054131677485E+01
 0.62901192769116E+01
 0.60789788132281E+01
 0.58722306278183E+01
 0.56700992919310E+01
 0.54727939799611E+01
 0.52805082418750E+01
 0.50934188077260E+01
 0.49116852681036E+01
 0.47354491374157E+01
 0.45648329301899E+01
 0.43999395408201E+01
 0.42408516546160E+01
 0.40876306271902E+01
 0.39403160406672E+01
 0.37989250859753E+01
 0.36634521605560E+01
 0.35338690218906E+01
 0.34101245331348E+01
 0.32921453948416E+01
 0.31798373698570E+01
 0.30730855947567E+01
 0.29717576632632E+01
 0.28757010587151E+01
 0.27847522488159E+01
 0.26987335298881E+01
 0.26174571938093E+01
 0.25407277822064E+01
 0.24683444256380E+01
 0.24001031180716E+01
 0.23357989005301E+01
 0.22752277749499E+01
 0.22181883848478E+01
 0.21644835384658E+01
 0.21139214069270E+01
 0.20663165551988E+01
 0.20214906443102E+01
 0.19792730251944E+01
 0.19395011376834E+01
 0.19020206869502E+01
 0.18666856586688E+01
 0.18333583781887E+01
 0.18019092821900E+01
 0.17722167354138E+01
 0.17441668040637E+01
 0.17176528811966E+01
 0.16925753710807E+01
 0.16688413359286E+01
 0.16463641133081E+01
 0.16250629888844E+01
 0.16048627981306E+01
 0.15856935923645E+01
 0.15674903776781E+01
 0.15501923662421E+01
 0.15337433727328E+01
 0.15180910003449E+01
 0.15031865144264E+01
 0.14889845368330E+01
 0.14754428788834E+01
 0.14625222431899E+01
 0.14501860390167E+01
 0.14384001678740E+01
 0.14271328446786E+01
 0.14163544568275E+01
 0.14060373618148E+01
 0.13961557607404E+01
 0.13866855639617E+01
 0.13776042509926E+01
 0.13688907898752E+01
 0.13605254903016E+01
 0.13524899340523E+01
 0.13447668640956E+01
 0.13373401031626E+01
 0.13301944945981E+01
 0.13233158253207E+01
 0.13166907405217E+01
 0.13103066995493E+01
 0.13041519077060E+01
 0.12982152791656E+01
 0.12924863869419E+01
 0.12869554088341E+01
 0.12816130894035E+01
 0.12764507031513E+01
 0.12714600230170E+01
 0.12666332836149E+01
 0.12619631510136E+01
 0.12574426969883E+01
 0.12530653698251E+01
 0.12488249735508E+01
 0.12447156403668E+01
 0.12407318178926E+01
 0.12368682452402E+01
 0.12331199336091E+01
 0.12294821515523E+01
 0.12259504095233E+01
 0.12225204450795E+01
 0.12191882076755E+01
 0.12159498486746E+01
 0.12128017100679E+01
 0.12097403101141E+01
 0.12067623356671E+01
 0.12038646310804E+01
 0.12010441903654E+01
 0.11982981493375E+01
 0.11956237761709E+01
 0.11930184653293E+01
 0.11904797298532E+01
 0.11880051957658E+01
 0.11855925936437E+01
 0.11832397572369E+01
 0.11809446150250E+01
 0.11787051847853E+01
 0.11765195710974E+01
 0.11743859596960E+01
 0.11723026131156E+01
 0.11702678677008E+01
 0.11682801282053E+01
 0.11663378662006E+01
 0.11644396163792E+01
 0.11625839726738E+01
 0.11607695856768E+01
 0.11589951604401E+01
 0.11572594533275E+01
 0.11555612694413E+01
 0.11538994612952E+01
 0.11522729248428E+01
 0.11506805994119E+01
 0.11491214637542E+01
 0.11475945365922E+01
 0.11460988725945E+01
 0.11446335617100E+01
 0.11431977278940E+01
