-0.00000000000000E+00
-0.48481404995192E-04
-0.24254169554539E-02
-0.29359530841672E-01
-0.17450747057450E+00
-0.68340600516348E+00
-0.20468633716059E+01
-0.50819838229851E+01
-0.10956311368158E+02
-0.21072106004737E+02
-0.36685444173923E+02
-0.58201317985755E+02
-0.84137698024229E+02
-0.10982073713419E+03
-0.12591099227114E+03
-0.11560691201803E+03
-0.56405712188948E+02
 0.83722472297619E+02
 0.34815665598249E+03
 0.79121114135206E+03
 0.15034423610993E+04
 0.25255128304541E+04
 0.39527138525397E+04
 0.59287831534475E+04
 0.85547325565887E+04
 0.11965288605870E+05
 0.16305387634504E+05
 0.21731983945002E+05
 0.28409574901416E+05
 0.36511437128411E+05
 0.46220292354878E+05
 0.57721966101377E+05
 0.71197623675359E+05
 0.86838516345344E+05
 0.10483281268298E+06
 0.12537422214716E+06
 0.14864441871899E+06
 0.17482918536850E+06
 0.20411047238309E+06
 0.23666744903689E+06
 0.27267552796851E+06
 0.31231053741532E+06
 0.35574124261198E+06
 0.40313710840676E+06
 0.45466710983893E+06
 0.51050054399899E+06
 0.57080811487681E+06
 0.63576309025728E+06
 0.70554252741237E+06
 0.78032921013928E+06
 0.86031169146990E+06
 0.94568541768523E+06
 0.10366554923844E+07
 0.11334373520971E+07
 0.12362580170330E+07
 0.13453573609248E+07
 0.14609893672480E+07
 0.15834234584919E+07
 0.17129456266060E+07
 0.18498592958046E+07
 0.19944869934059E+07
 0.21471713035592E+07
 0.23082760261502E+07
 0.24781872945475E+07
 0.26573147137297E+07
 0.28460924938620E+07
 0.30449810428155E+07
 0.32544673526375E+07
 0.34750657621404E+07
 0.37073205912713E+07
 0.39518066907465E+07
 0.42091308885826E+07
 0.44799329561333E+07
 0.47648869895382E+07
 0.50647038395456E+07
 0.53801316918773E+07
 0.57119570592071E+07
 0.60610081847624E+07
 0.64281559135114E+07
 0.68143166408838E+07
 0.72204518534000E+07
 0.76475722797977E+07
 0.80967396656650E+07
 0.85690692568262E+07
 0.90657324505223E+07
 0.95880522284047E+07
 0.10137150641300E+08
 0.10714466609542E+08
 0.11321416923305E+08
 0.11959499183513E+08
 0.12630284895357E+08
 0.13335420096427E+08
 0.14076633292907E+08
 0.14855743460873E+08
 0.15674653688053E+08
 0.16535367440632E+08
 0.17439986610316E+08
 0.18390720524519E+08
 0.19389902381865E+08
 0.20439935201428E+08
 0.21543413658087E+08
 0.22703000807135E+08
 0.23921520786761E+08
 0.25201938664505E+08
 0.26547369149424E+08
 0.27961073475758E+08
 0.29446480274087E+08
 0.31007187079404E+08
 0.32646973007434E+08
 0.34369801884826E+08
 0.36179838776449E+08
 0.38081449786843E+08
 0.40079207314711E+08
 0.42177921953918E+08
 0.44382624779350E+08
 0.46698598512168E+08
 0.49131362214557E+08
 0.51686708834293E+08
 0.54370692441070E+08
 0.57189664016070E+08
 0.60150250986431E+08
 0.63259388981848E+08
 0.66524476412666E+08
 0.69952765159287E+08
 0.73552283031437E+08
 0.77331261067323E+08
 0.81298253821066E+08
 0.85462173415148E+08
 0.89832288390980E+08
 0.94418225098133E+08
 0.99229972811765E+08
 0.10427788896474E+09
 0.10957269979994E+09
 0.11512550452169E+09
 0.12094776784387E+09
 0.12705132611893E+09
 0.13344838129287E+09
 0.14015148425390E+09
 0.14717355088384E+09
 0.15452783534314E+09
 0.16222793938703E+09
 0.17028778877358E+09
 0.17872164054950E+09
 0.18754404082077E+09
 0.19676984570110E+09
 0.20641418782774E+09
 0.21649248034675E+09
 0.22702038491040E+09
 0.23801381707130E+09
 0.24948891466211E+09
 0.26146204755114E+09
 0.27394977530883E+09
 0.28696885188406E+09
 0.30053621003191E+09
 0.31466894990859E+09
 0.32938444119560E+09
 0.34469985772883E+09
 0.36063286731428E+09
 0.37720104828042E+09
 0.39442215700932E+09
 0.41231407518682E+09
 0.43089464558883E+09
 0.45018202332579E+09
 0.47019416484999E+09
 0.49094919262979E+09
 0.51246529855314E+09
 0.53476067033095E+09
 0.55785355283278E+09
 0.58176216307598E+09
 0.60650475214394E+09
 0.63209956267762E+09
 0.65856485656675E+09
 0.68591886070304E+09
 0.71417979495356E+09
 0.74336584560329E+09
 0.77349521609638E+09
 0.80458601268470E+09
 0.83665638794863E+09
 0.86972440776656E+09
 0.90380815535812E+09
 0.93892568045606E+09
 0.97509500130087E+09
 0.10123341625233E+10
 0.10506611862040E+10
 0.10900941296716E+10
 0.11306510439769E+10
 0.11723500628408E+10
 0.12152093583490E+10
 0.12592471004640E+10
 0.13044816242795E+10
 0.13509313186512E+10
 0.13986147658103E+10
 0.14475504830519E+10
 0.14977572018170E+10
 0.15492538483045E+10
 0.16020593725238E+10
 0.16561929096080E+10
 0.17116737585006E+10
 0.17685213543938E+10
 0.18267552733658E+10
 0.18863952505250E+10
 0.19474611666548E+10
 0.20099730441941E+10
 0.20739510492789E+10
 0.21394154886575E+10
 0.22063868249275E+10
 0.22748856380831E+10
 0.23449326020706E+10
 0.24165485488762E+10
 0.24897545051658E+10
 0.25645715652072E+10
 0.26410209679094E+10
 0.27191240601746E+10
 0.27989022831329E+10
 0.28803772195584E+10
 0.29635705518058E+10
 0.30485041469537E+10
 0.31351998952011E+10
 0.32236798581683E+10
 0.33139661475208E+10
 0.34060810413992E+10
 0.35000469183853E+10
 0.35958862514805E+10
 0.36936216203387E+10
 0.37932756815578E+10
 0.38948712930552E+10
 0.39984312944002E+10
 0.41039787096412E+10
 0.42115366170314E+10
 0.43211282277802E+10
 0.44327768825531E+10
 0.45465059299989E+10
 0.46623388844621E+10
 0.47802993519439E+10
 0.49004109984676E+10
 0.50226977035518E+10
 0.51471832623476E+10
 0.52738917117605E+10
 0.54028470546623E+10
 0.55340735150948E+10
 0.56675954189612E+10
 0.58034371082760E+10
 0.59416229524318E+10
 0.60821774923859E+10
 0.62251253791257E+10
 0.63704913979782E+10
 0.65183003944624E+10
 0.66685772029648E+10
 0.68213468231481E+10
 0.69766343628890E+10
 0.71344650375122E+10
 0.72948640878334E+10
 0.74578568511700E+10
 0.76234687810163E+10
 0.77917253938837E+10
 0.79626523077998E+10
 0.81362752205476E+10
 0.83126199978458E+10
 0.84917124846519E+10
 0.86735786250930E+10
 0.88582444791820E+10
 0.90457361930935E+10
 0.92360799907519E+10
 0.94293021727190E+10
 0.96254291719511E+10
 0.98244874889432E+10
 0.10026503648126E+11
 0.10231504313477E+11
 0.10439516227881E+11
 0.10650566259605E+11
 0.10864681296317E+11
 0.11081888333986E+11
 0.11302214461057E+11
 0.11525686843601E+11
 0.11752332733042E+11
 0.11982179448718E+11
 0.12215254476188E+11
 0.12451585292672E+11
 0.12691199486871E+11
 0.12934124746686E+11
 0.13180388832397E+11
 0.13430019590129E+11
 0.13683044967205E+11
 0.13939492947919E+11
 0.14199391694503E+11
 0.14462769381258E+11
 0.14729654268853E+11
 0.15000074719540E+11
 0.15274059189065E+11
 0.15551636198514E+11
 0.15832834358978E+11
 0.16117682403287E+11
 0.16406209078043E+11
 0.16698443257105E+11
 0.16994413888139E+11
 0.17294150072358E+11
 0.17597680880049E+11
 0.17905035547978E+11
 0.18216243351730E+11
 0.18531333723781E+11
