             NaN
  -1.3289350e-02
  -2.8856267e-02
  -5.3506551e-02
  -8.5212721e-02
  -1.1525960e-01
  -1.6411733e-01
  -2.1087563e-01
  -2.7524146e-01
  -3.2925538e-01
  -3.9510646e-01
  -4.7909597e-01
  -5.5671562e-01
  -6.4133754e-01
  -7.0885839e-01
  -1.1523574e+00
  -6.9719446e-01
   1.8075256e-02
   5.8943494e-01
  -1.5168898e+00
  -1.6960244e+00
  -1.1919647e+00
  -1.8497623e+01
   7.6310261e-01
  -2.2285155e+00
  -1.9093564e+00
  -9.2973223e-01
  -3.7500200e+00
  -4.8144425e+00
  -2.4219173e+00
  -3.0954130e+00
  -3.2710217e+00
  -3.2342272e+00
  -1.8939288e+00
  -3.3841291e+00
   1.0879601e+00
  -4.6015365e-01
   8.4691027e-01
   1.3910632e+00
   1.1758838e+00
   1.0006994e+00
   1.0129721e+00
   9.8387871e-01
   1.0472798e+00
   9.8568499e-01
   1.0212043e+00
   1.0049859e+00
   1.0018504e+00
   1.0075161e+00
   9.9954976e-01
   9.9486400e-01
   9.9934531e-01
   1.0016102e+00
   1.0005026e+00
   1.0020677e+00
   1.0005339e+00
   1.0009467e+00
   1.0009646e+00
   1.0006999e+00
   1.0006703e+00
   1.0002644e+00
   1.0004743e+00
   1.0003798e+00
   1.0003406e+00
   1.0002929e+00
   1.0002963e+00
   1.0002916e+00
   1.0002484e+00
   1.0002368e+00
   1.0002332e+00
   1.0003006e+00
   1.0002471e+00
   1.0002302e+00
   1.0002313e+00
   1.0002263e+00
   1.0002550e+00
   1.0002697e+00
   1.0002750e+00
   1.0002826e+00
   1.0003068e+00
   1.0003367e+00
   1.0003637e+00
   7.5218295e-01
   1.4068707e+00
   6.7596298e-01
   1.0004856e+00
   1.0005684e+00
   1.0006272e+00
   1.0006966e+00
   1.0007744e+00
   1.0008543e+00
   1.0009530e+00
   1.0010551e+00
   1.0011636e+00
   1.0012829e+00
   1.0014097e+00
   1.0015475e+00
   1.0017009e+00
   1.0016495e+00
   1.0019958e+00
   1.0022048e+00
   1.0024091e+00
   1.0025757e+00
   1.0027496e+00
   1.0029765e+00
   1.0033716e+00
   1.0034710e+00
   1.0037056e+00
   1.0038915e+00
   1.0042091e+00
   1.0044808e+00
   1.0047053e+00
   1.0049370e+00
   1.0052190e+00
   1.0054252e+00
   1.0056517e+00
   1.0058592e+00
   1.0060402e+00
   1.0280948e+00
   9.9351199e-01
   1.0307981e+00
   9.6277383e-01
   1.0063995e+00
   1.0070090e+00
   1.0063072e+00
   1.0061031e+00
   1.0060016e+00
   1.0055189e+00
   1.0049643e+00
   1.0043432e+00
   1.0036037e+00
   1.0027037e+00
   1.0016641e+00
   1.0004018e+00
   9.9904723e-01
   9.9738126e-01
   9.9541950e-01
   9.9353194e-01
   9.9129102e-01
   9.8846113e-01
   9.8616946e-01
   9.8187901e-01
   9.7890843e-01
   9.7607298e-01
   9.7213066e-01
   9.6808690e-01
   9.6356137e-01
   9.5864397e-01
   9.5387295e-01
   9.4850246e-01
   9.4284014e-01
   9.3455481e-01
   9.3575422e-01
   9.2882608e-01
   9.1143813e-01
   9.1088615e-01
   9.0449843e-01
   8.9634255e-01
   8.8957414e-01
   8.8308580e-01
   8.7083867e-01
   8.6166247e-01
   8.5586074e-01
   8.4671139e-01
   8.3935101e-01
   8.2852654e-01
   8.1837803e-01
   8.0865509e-01
   7.9834649e-01
   7.8790924e-01
   7.7722013e-01
   7.6630632e-01
   7.5468177e-01
   7.4296782e-01
   7.3125479e-01
   7.1937710e-01
   7.0649128e-01
   6.9347255e-01
   6.8065210e-01
   6.6760077e-01
   6.5386719e-01
   6.4037456e-01
   6.2658269e-01
   6.1257870e-01
   5.9874436e-01
   5.8480628e-01
   5.7058990e-01
   5.5688134e-01
   5.4292342e-01
   5.3115441e-01
   5.1605422e-01
   5.0370908e-01
   4.9269700e-01
   4.7868299e-01
   4.6655019e-01
   4.5578692e-01
   4.4441369e-01
   4.3356280e-01
   4.2368948e-01
   4.1391729e-01
   4.0442323e-01
   3.9538532e-01
   3.8658238e-01
   3.7818095e-01
   3.7121295e-01
   3.6326649e-01
   3.5497635e-01
   3.4912847e-01
   3.4256368e-01
   3.3599859e-01
   3.3046987e-01
   3.2445069e-01
   3.1915770e-01
   3.1353871e-01
   3.0876455e-01
   3.0393003e-01
   2.9943235e-01
   2.9518802e-01
   2.9044343e-01
   2.8684794e-01
   2.8285619e-01
   2.7929247e-01
   2.7514219e-01
   2.7226480e-01
   2.6855341e-01
   2.6558719e-01
   2.6240459e-01
   2.5919265e-01
   2.5688758e-01
   2.5401384e-01
   2.5076712e-01
   2.4897074e-01
   2.4592548e-01
   2.4407676e-01
   2.4144838e-01
   2.3862373e-01
   2.3748664e-01
   2.3499913e-01
   2.3319187e-01
   2.3193269e-01
   2.2873112e-01
   2.2775821e-01
   2.2507790e-01
   2.2326475e-01
   2.2116838e-01
   2.2201853e-01
   2.1948083e-01
   2.1811722e-01
   2.1578587e-01
   2.1465229e-01
   2.1345984e-01
   2.1217049e-01
   2.1138743e-01
   2.0917063e-01
   2.0789131e-01
   2.0738442e-01
   2.0622075e-01
   2.0485311e-01
   2.0400382e-01
   2.0347790e-01
   2.0190600e-01
   2.0034453e-01
   1.9950886e-01
   1.9912908e-01
   1.9829786e-01
   1.9715996e-01
   1.9622377e-01
   1.9558726e-01
   1.9514845e-01
   1.9429447e-01
   1.9335682e-01
   1.9284935e-01
   1.9191022e-01
   1.9082901e-01
   1.9047842e-01
   1.8974439e-01
   1.8913724e-01
   1.8864007e-01
   1.8796427e-01
   1.8750827e-01
   1.8697074e-01
   1.8640754e-01
   1.8647351e-01
   1.8569353e-01
   1.8491353e-01
   1.8438269e-01
   1.8388506e-01
   1.8352072e-01
   1.8293247e-01
   1.8257494e-01
   1.8239556e-01
   1.8172110e-01
   1.8110205e-01
   1.8068187e-01
   1.8065982e-01
   1.7980037e-01
   1.7940095e-01
   1.7976363e-01
   1.7902555e-01
   1.7898655e-01
