 0.66336429423085E+01
 0.66336429423085E+01
 0.66336429423101E+01
 0.66336429423279E+01
 0.66336429424236E+01
 0.66336429427592E+01
 0.66336429436584E+01
 0.66336429456602E+01
 0.66336429495344E+01
 0.66336429562060E+01
 0.66336429665033E+01
 0.66336429806934E+01
 0.66336429977989E+01
 0.66336430147374E+01
 0.66336430253492E+01
 0.66336430185535E+01
 0.66336429795092E+01
 0.66336428870919E+01
 0.66336427126925E+01
 0.66336424204895E+01
 0.66336419507592E+01
 0.66336412766840E+01
 0.66336403354174E+01
 0.66336390321615E+01
 0.66336373002971E+01
 0.66336350509695E+01
 0.66336321885904E+01
 0.66336286096453E+01
 0.66336242056451E+01
 0.66336188623104E+01
 0.66336124591329E+01
 0.66336048735568E+01
 0.66335959861004E+01
 0.66335856706295E+01
 0.66335738030435E+01
 0.66335602555871E+01
 0.66335449084430E+01
 0.66335276390836E+01
 0.66335083275092E+01
 0.66334868555542E+01
 0.66334631075305E+01
 0.66334369674762E+01
 0.66334083240871E+01
 0.66333770655981E+01
 0.66333430805668E+01
 0.66333062573384E+01
 0.66332664833304E+01
 0.66332236442694E+01
 0.66331776233827E+01
 0.66331283001208E+01
 0.66330755501293E+01
 0.66330192445077E+01
 0.66329592479862E+01
 0.66328954184802E+01
 0.66328276062655E+01
 0.66327556531407E+01
 0.66326793915989E+01
 0.66325986439506E+01
 0.66325132215788E+01
 0.66324229243692E+01
 0.66323275396089E+01
 0.66322268413569E+01
 0.66321205896803E+01
 0.66320085299166E+01
 0.66318903919235E+01
 0.66317658893308E+01
 0.66316347184909E+01
 0.66314965582229E+01
 0.66313510693105E+01
 0.66311978927643E+01
 0.66310366494589E+01
 0.66308669391797E+01
 0.66306883399851E+01
 0.66305004072956E+01
 0.66303026722915E+01
 0.66300946415297E+01
 0.66298757962901E+01
 0.66296455903302E+01
 0.66294034493109E+01
 0.66291487688517E+01
 0.66288809148338E+01
 0.66285992206619E+01
 0.66283029860943E+01
 0.66279914756050E+01
 0.66276639166347E+01
 0.66273194366515E+01
 0.66269572956413E+01
 0.66265765446082E+01
 0.66261762491519E+01
 0.66257554215754E+01
 0.66253130254409E+01
 0.66248479751547E+01
 0.66243591307336E+01
 0.66238452925278E+01
 0.66233052054141E+01
 0.66227375480679E+01
 0.66221409342509E+01
 0.66215139068692E+01
 0.66208549271331E+01
 0.66201624102051E+01
 0.66194346448471E+01
 0.66186698747225E+01
 0.66178662372578E+01
 0.66170217769336E+01
 0.66161344395392E+01
 0.66152020742274E+01
 0.66142224197503E+01
 0.66131931034641E+01
 0.66121116329688E+01
 0.66109753940443E+01
 0.66097816397498E+01
 0.66085274905550E+01
 0.66072099308747E+01
 0.66058257880293E+01
 0.66043717439277E+01
 0.66028443145133E+01
 0.66012398598579E+01
 0.65995545594006E+01
 0.65977844203654E+01
 0.65959252541577E+01
 0.65939726898611E+01
 0.65919221532939E+01
 0.65897687650616E+01
 0.65875077424090E+01
 0.65851337908405E+01
 0.65826414818273E+01
 0.65800251734758E+01
 0.65772789880692E+01
 0.65743968128251E+01
 0.65713722989803E+01
 0.65681988584146E+01
 0.65648696602012E+01
 0.65613776301756E+01
 0.65577154481981E+01
 0.65538755530685E+01
 0.65498501384837E+01
 0.65456311570246E+01
 0.65412103311381E+01
 0.65365791425504E+01
 0.65317288498869E+01
 0.65266504825271E+01
 0.65213348561646E+01
 0.65157725680017E+01
 0.65099540246006E+01
 0.65038694280672E+01
 0.64975087981350E+01
 0.64908619695365E+01
 0.64839186131093E+01
 0.64766682322392E+01
 0.64691001837137E+01
 0.64612036712884E+01
 0.64529677736069E+01
 0.64443814411162E+01
 0.64354335063371E+01
 0.64261126913864E+01
 0.64164075406236E+01
 0.64063067275722E+01
 0.63957985999728E+01
 0.63848715645782E+01
 0.63735139107115E+01
 0.63617138450554E+01
 0.63494595999546E+01
 0.63367392017629E+01
 0.63235408078534E+01
 0.63098524661079E+01
 0.62956621786250E+01
 0.62809579502581E+01
 0.62657277481631E+01
 0.62499595578653E+01
 0.62336413424226E+01
 0.62167610704609E+01
 0.61993066979112E+01
 0.61812662037862E+01
 0.61626275717318E+01
 0.61433788075416E+01
 0.61235079056926E+01
 0.61030029247620E+01
 0.60818518927723E+01
 0.60600428949277E+01
 0.60375640049956E+01
 0.60144033188286E+01
 0.59905489530490E+01
 0.59659890068742E+01
 0.59407115943941E+01
 0.59147048064513E+01
 0.58879567380294E+01
 0.58604554295891E+01
 0.58321888962888E+01
 0.58031451546873E+01
 0.57733121124361E+01
 0.57426776417296E+01
 0.57112294872275E+01
 0.56789554364158E+01
 0.56458431355475E+01
 0.56118801024287E+01
 0.55770538391622E+01
 0.55413517257581E+01
 0.55047610341904E+01
 0.54672689465743E+01
 0.54288625521081E+01
 0.53895288351067E+01
 0.53492546838094E+01
 0.53080268930308E+01
 0.52658321628148E+01
 0.52226571004686E+01
 0.51784882105138E+01
 0.51333119200468E+01
 0.50871145942004E+01
 0.50398824938775E+01
 0.49916017515857E+01
 0.49422584552479E+01
 0.48918385973934E+01
 0.48403280993277E+01
 0.47877128202115E+01
 0.47339785257882E+01
 0.46791109161262E+01
 0.46230955694647E+01
 0.45659180487945E+01
 0.45075638040510E+01
 0.44480182521635E+01
 0.43872667002681E+01
 0.43252943892578E+01
 0.42620864977539E+01
 0.41976281340386E+01
 0.41319043556481E+01
 0.40649000873440E+01
 0.39966002659893E+01
 0.39269897067794E+01
 0.38560531891604E+01
 0.37837754048913E+01
 0.37101409603526E+01
 0.36351344566590E+01
 0.35587403856464E+01
 0.34809431787008E+01
 0.34017272276228E+01
 0.33210767834086E+01
 0.32389761526963E+01
 0.31554094826825E+01
 0.30703609430095E+01
 0.29838145574539E+01
 0.28957542826126E+01
 0.28061640644567E+01
 0.27150278309013E+01
 0.26223293967107E+01
 0.25280525040828E+01
 0.24321808066154E+01
 0.23346979182090E+01
 0.22355874601058E+01
 0.21348329445456E+01
 0.20324178123984E+01
 0.19283254336706E+01
 0.18225391615567E+01
 0.17150422856065E+01
 0.16058180187487E+01
 0.14948495323511E+01
 0.13821199308297E+01
 0.12676122660003E+01
 0.11513094789216E+01
 0.10331945243450E+01
 0.91325029161745E+00
 0.79145959365703E+00
 0.66780518655662E+00
 0.54226977513144E+00
 0.41483601365291E+00
 0.28548646907585E+00
 0.15420366381183E+00
 0.20970104486529E-01
-0.11423179430881E+00
-0.25141967002244E+00
-0.39061124279582E+00
-0.53182424556615E+00
-0.67507648269533E+00
-0.82038581953622E+00
-0.96777017263789E+00
-0.11172475148408E+01
-0.12688358637764E+01
-0.14225533467009E+01
-0.15784180853724E+01
-0.17364482750718E+01
-0.18966621765052E+01
-0.20590780981130E+01
-0.22237144049521E+01
-0.23905895288228E+01
-0.25597219259071E+01
-0.27311301697413E+01
-0.29048328418207E+01
-0.30808485806024E+01
-0.32591960915402E+01
-0.34398941417475E+01
-0.36229615414317E+01
-0.38084171601603E+01
-0.39962799477886E+01
-0.41865688632575E+01
-0.43793029494343E+01
-0.45745012978631E+01
-0.47721831013571E+01
-0.49723675323311E+01
-0.51750738729976E+01
-0.53803214311705E+01
-0.55881296181362E+01
