 0.10928994653294E+01
 0.10928994649487E+01
 0.10928994610162E+01
 0.10928994450568E+01
 0.10928994030772E+01
 0.10928993161439E+01
 0.10928991608747E+01
 0.10928989107793E+01
 0.10928985410553E+01
 0.10928980397564E+01
 0.10928974260057E+01
 0.10928967725156E+01
 0.10928962275860E+01
 0.10928960319091E+01
 0.10928965272309E+01
 0.10928981562081E+01
 0.10929014535557E+01
 0.10929070316877E+01
 0.10929155614287E+01
 0.10929277535223E+01
 0.10929443357998E+01
 0.10929660357100E+01
 0.10929935607440E+01
 0.10930275852818E+01
 0.10930687382567E+01
 0.10931175935697E+01
 0.10931746630868E+01
 0.10932403918292E+01
 0.10933151557515E+01
 0.10933992599985E+01
 0.10934929395619E+01
 0.10935963600460E+01
 0.10937096205648E+01
 0.10938327571827E+01
 0.10939657440213E+01
 0.10941085021374E+01
 0.10942608970469E+01
 0.10944227489700E+01
 0.10945938346087E+01
 0.10947738915694E+01
 0.10949626256778E+01
 0.10951597119775E+01
 0.10953648008484E+01
 0.10955775215426E+01
 0.10957974863423E+01
 0.10960242942730E+01
 0.10962575345723E+01
 0.10964967899047E+01
 0.10967416393606E+01
 0.10969916610965E+01
 0.10972464350575E+01
 0.10975055448287E+01
 0.10977685799003E+01
 0.10980351372741E+01
 0.10983048230645E+01
 0.10985772538380E+01
 0.10988520577618E+01
 0.10991288755864E+01
 0.10994073614195E+01
 0.10996871834438E+01
 0.10999680244017E+01
 0.11002495820090E+01
 0.11005315692509E+01
 0.11008137145703E+01
 0.11010957619731E+01
 0.11013774710554E+01
 0.11016586170531E+01
 0.11019389905748E+01
 0.11022183974014E+01
 0.11024966585176E+01
 0.11027736097642E+01
 0.11030491015123E+01
 0.11033229986110E+01
 0.11035951797036E+01
 0.11038655371903E+01
 0.11041339752698E+01
 0.11044004143794E+01
 0.11046647857220E+01
 0.11049270328326E+01
 0.11051871107688E+01
 0.11054449872132E+01
 0.11057006405097E+01
 0.11059540598745E+01
 0.11062052451149E+01
 0.11064542064336E+01
 0.11067009887198E+01
 0.11069455767291E+01
 0.11071880317181E+01
 0.11074284009147E+01
 0.11076667423248E+01
 0.11079031225140E+01
 0.11081376154327E+01
 0.11083703034635E+01
 0.11086012754818E+01
 0.11088306339371E+01
 0.11090584848280E+01
 0.11092849413538E+01
 0.11095101256656E+01
 0.11097341684750E+01
 0.11099571979254E+01
 0.11101793658539E+01
 0.11104008195380E+01
 0.11106217149706E+01
 0.11108422121822E+01
 0.11110624852619E+01
 0.11112827099851E+01
 0.11115030684939E+01
 0.11117237505270E+01
 0.11119449505799E+01
 0.11121668695309E+01
 0.11123897147115E+01
 0.11126136983251E+01
 0.11128390364182E+01
 0.11130659528387E+01
 0.11132946742567E+01
 0.11135254339794E+01
 0.11137584643399E+01
 0.11139940050991E+01
 0.11142322959327E+01
 0.11144735850671E+01
 0.11147181148912E+01
 0.11149661258317E+01
 0.11152179093887E+01
 0.11154736325464E+01
 0.11157335742976E+01
 0.11159979624339E+01
 0.11162670330601E+01
 0.11165410097973E+01
 0.11168201072534E+01
 0.11171045290995E+01
 0.11173944659971E+01
 0.11176900936831E+01
 0.11179915695844E+01
 0.11182990318983E+01
 0.11186125953221E+01
 0.11189323504983E+01
 0.11192583603290E+01
 0.11195906552673E+01
 0.11199292294861E+01
 0.11202740472841E+01
 0.11206250357891E+01
 0.11209820745634E+01
 0.11213450053701E+01
 0.11217136096656E+01
 0.11220876484494E+01
 0.11224668040617E+01
 0.11228507248848E+01
 0.11232390051628E+01
 0.11236311808926E+01
 0.11240267358606E+01
 0.11244251043064E+01
 0.11248256576038E+01
 0.11252277140840E+01
 0.11256305363852E+01
 0.11260333317091E+01
 0.11264352813405E+01
 0.11268354233854E+01
 0.11272328200182E+01
 0.11276264662220E+01
 0.11280152827687E+01
 0.11283981393149E+01
 0.11287738543633E+01
 0.11291412005247E+01
 0.11294988754847E+01
 0.11298455243252E+01
 0.11301797364991E+01
 0.11305000606716E+01
 0.11308049825793E+01
 0.11310929246203E+01
 0.11313622758080E+01
 0.11316113650744E+01
 0.11318384904955E+01
 0.11320419113703E+01
 0.11322198603985E+01
 0.11323705433232E+01
 0.11324921636166E+01
 0.11325829341222E+01
 0.11326410757144E+01
 0.11326648741005E+01
 0.11326526681961E+01
 0.11326028761991E+01
 0.11325140379445E+01
 0.11323848271278E+01
 0.11322140828962E+01
 0.11320008370207E+01
 0.11317443372201E+01
 0.11314440771041E+01
 0.11310998140887E+01
 0.11307115765794E+01
 0.11302796803156E+01
 0.11298047386906E+01
 0.11292876558888E+01
 0.11287296068363E+01
 0.11281320578899E+01
 0.11274966913916E+01
 0.11268254305244E+01
 0.11261203843861E+01
 0.11253838130097E+01
 0.11246180974523E+01
 0.11238257064850E+01
 0.11230091559394E+01
 0.11221709825600E+01
 0.11213137069244E+01
 0.11204398086575E+01
 0.11195517031672E+01
 0.11186517207078E+01
 0.11177420870346E+01
 0.11168249171084E+01
 0.11159022096435E+01
 0.11149758117999E+01
 0.11140474529674E+01
 0.11131187305822E+01
 0.11121910964728E+01
 0.11112658885733E+01
 0.11103443120750E+01
 0.11094274536241E+01
 0.11085162837232E+01
 0.11076116677164E+01
 0.11067143682165E+01
 0.11058250588567E+01
 0.11049443269363E+01
 0.11040726672615E+01
 0.11032105128098E+01
 0.11023582278238E+01
 0.11015161157039E+01
 0.11006844245764E+01
 0.10998633510135E+01
 0.10990530456350E+01
 0.10982536211504E+01
 0.10974651515114E+01
 0.10966876805837E+01
 0.10959212216172E+01
 0.10951657631522E+01
 0.10944212695953E+01
 0.10936876878905E+01
 0.10929649475286E+01
 0.10922529604458E+01
 0.10915516248422E+01
 0.10908608318359E+01
 0.10901804575228E+01
 0.10895103762985E+01
 0.10888504492565E+01
 0.10882005320402E+01
 0.10875604819068E+01
 0.10869301418615E+01
 0.10863093628723E+01
 0.10856979854220E+01
 0.10850958528504E+01
 0.10845028060411E+01
 0.10839186859027E+01
 0.10833433305280E+01
 0.10827765814148E+01
 0.10822182815506E+01
 0.10816682725934E+01
 0.10811263991684E+01
 0.10805925062057E+01
 0.10800664410751E+01
 0.10795480502473E+01
 0.10790371853160E+01
 0.10785337002969E+01
 0.10780374501391E+01
 0.10775482924762E+01
 0.10770660867082E+01
 0.10765906963223E+01
 0.10761219844713E+01
 0.10756598182158E+01
 0.10752040686339E+01
 0.10747546080155E+01
 0.10743113110830E+01
 0.10738740544919E+01
 0.10734427184707E+01
 0.10730171857492E+01
 0.10725973409662E+01
 0.10721830713833E+01
 0.10717742669429E+01
 0.10713708201665E+01
 0.10709726243629E+01
 0.10705795771343E+01
 0.10701915776058E+01
 0.10698085269680E+01
 0.10694303288154E+01
 0.10690568889979E+01
 0.10686881150563E+01
 0.10683239173465E+01
 0.10679642071753E+01
 0.10676088990426E+01
 0.10672579087664E+01
 0.10669111542164E+01
 0.10665685551367E+01
 0.10662300330052E+01
 0.10658955111443E+01
 0.10655649129826E+01
 0.10652381686042E+01
 0.10649152045502E+01
 0.10645959515851E+01
 0.10642803409215E+01
 0.10639683061333E+01
 0.10636597816524E+01
 0.10633547046640E+01
 0.10630530112402E+01
