 0.22138715949488E+00
 0.22138715949506E+00
 0.22138715949934E+00
 0.22138715952808E+00
 0.22138715963038E+00
 0.22138715988443E+00
 0.22138716038533E+00
 0.22138716119999E+00
 0.22138716221996E+00
 0.22138716282478E+00
 0.22138716132671E+00
 0.22138715426794E+00
 0.22138713570893E+00
 0.22138694551241E+00
 0.22138672224734E+00
 0.22138642110628E+00
 0.22138581941235E+00
 0.22138490061241E+00
 0.22138375691976E+00
 0.22138208800152E+00
 0.22137987879011E+00
 0.22137718586330E+00
 0.22137369120629E+00
 0.22136952983372E+00
 0.22136438674527E+00
 0.22135842213889E+00
 0.22135132627334E+00
 0.22134327236960E+00
 0.22133410009518E+00
 0.22132360898880E+00
 0.22131202601780E+00
 0.22129920710902E+00
 0.22128498733384E+00
 0.22126962332372E+00
 0.22125300034502E+00
 0.22123512973610E+00
 0.22121589732186E+00
 0.22119560838099E+00
 0.22117418857683E+00
 0.22115169531775E+00
 0.22112819982196E+00
 0.22110364497196E+00
 0.22107839035991E+00
 0.22105241237152E+00
 0.22102582099909E+00
 0.22099873779882E+00
 0.22097129340281E+00
 0.22094349316399E+00
 0.22091574477094E+00
 0.22088807918543E+00
 0.22086065801548E+00
 0.22083365165501E+00
 0.22080723737417E+00
 0.22078159900191E+00
 0.22075692663610E+00
 0.22073341634645E+00
 0.22071113355483E+00
 0.22069055205691E+00
 0.22067175520924E+00
 0.22065495919851E+00
 0.22064041641167E+00
 0.22062829982810E+00
 0.22061886625455E+00
 0.22061235189889E+00
 0.22060899753604E+00
 0.22060891560871E+00
 0.22061261578410E+00
 0.22062022553308E+00
 0.22063200284037E+00
 0.22064821127627E+00
 0.22066911913886E+00
 0.22069499972231E+00
 0.22072613163030E+00
 0.22076279891016E+00
 0.22080516281152E+00
 0.22085377197929E+00
 0.22090880561022E+00
 0.22097057256201E+00
 0.22103939000221E+00
 0.22111558304669E+00
 0.22119948467712E+00
 0.22129131965587E+00
 0.22139167053343E+00
 0.22150078791842E+00
 0.22161904493841E+00
 0.22174682608927E+00
 0.22188452929398E+00
 0.22203256686219E+00
 0.22219129830925E+00
 0.22236130007424E+00
 0.22254296223758E+00
 0.22273675942342E+00
 0.22294318394691E+00
 0.22316265377618E+00
 0.22339589095779E+00
 0.22364335975315E+00
 0.22390563831371E+00
 0.22418332894193E+00
 0.22447697486406E+00
 0.22478740072825E+00
 0.22511521314925E+00
 0.22546111380061E+00
 0.22582578205232E+00
 0.22621013168141E+00
 0.22661489901523E+00
 0.22704092770279E+00
 0.22748903320133E+00
 0.22796024824023E+00
 0.22845551730789E+00
 0.22897572296865E+00
 0.22952188077669E+00
 0.23009515662379E+00
 0.23069658889647E+00
 0.23132726826508E+00
 0.23198844355046E+00
 0.23268123402311E+00
 0.23340693403258E+00
 0.23416675883960E+00
 0.23496195847915E+00
 0.23579387386790E+00
 0.23666375054170E+00
 0.23757292961345E+00
 0.23852266494575E+00
 0.23951422405819E+00
 0.24054881440564E+00
 0.24162757036482E+00
 0.24275154656309E+00
 0.24392171677928E+00
 0.24513874486763E+00
 0.24640321925511E+00
 0.24771541972319E+00
 0.24907521654811E+00
 0.25048216484747E+00
 0.25193531683862E+00
 0.25343320286168E+00
 0.25497368167035E+00
 0.25655403714793E+00
 0.25817081582547E+00
 0.25981989977706E+00
 0.26149645591192E+00
 0.26319518583216E+00
 0.26491020331840E+00
 0.26663538765082E+00
 0.26836436810501E+00
 0.27009077908337E+00
 0.27180846726362E+00
 0.27351159127377E+00
 0.27519491042456E+00
 0.27685359194799E+00
 0.27848349248090E+00
 0.28008109378916E+00
 0.28164356227677E+00
 0.28316863028271E+00
 0.28465453250455E+00
 0.28609999708540E+00
 0.28750418505922E+00
 0.28886656249977E+00
 0.29018695643390E+00
 0.29146534282259E+00
 0.29270193851385E+00
 0.29389711584585E+00
 0.29505127593103E+00
 0.29616498465958E+00
 0.29723883340870E+00
 0.29827346976571E+00
 0.29926958877523E+00
 0.30022780001847E+00
 0.30114885825274E+00
 0.30203346455290E+00
 0.30288231136479E+00
 0.30369609879327E+00
 0.30447551426528E+00
 0.30522123395220E+00
 0.30593395729308E+00
 0.30661434108739E+00
 0.30726303916145E+00
 0.30788071262679E+00
 0.30846799378254E+00
 0.30902554166367E+00
 0.30955396714430E+00
 0.31005391581086E+00
 0.31052598319891E+00
 0.31097078611792E+00
 0.31138895929637E+00
 0.31178109077823E+00
 0.31214777885395E+00
 0.31248959813365E+00
 0.31280716899694E+00
 0.31310106546381E+00
 0.31337185647321E+00
 0.31362013842209E+00
 0.31384647454873E+00
 0.31405143240896E+00
 0.31423556766409E+00
 0.31439946141708E+00
 0.31454364884272E+00
 0.31466868563575E+00
 0.31477510133647E+00
 0.31486344853391E+00
 0.31493422421667E+00
 0.31498800850612E+00
 0.31502530293189E+00
 0.31504661107916E+00
 0.31505244095907E+00
 0.31504327162248E+00
 0.31501963040664E+00
 0.31498197927738E+00
 0.31493077792469E+00
 0.31486653446147E+00
 0.31478968832396E+00
 0.31470067787234E+00
 0.31459996459869E+00
 0.31448798942656E+00
 0.31436517110343E+00
 0.31423191177356E+00
 0.31408864600405E+00
 0.31393576963176E+00
 0.31377366404964E+00
 0.31360272838575E+00
 0.31342332491939E+00
 0.31323582112225E+00
 0.31304057378626E+00
 0.31283793956937E+00
 0.31262825248011E+00
 0.31241184251065E+00
 0.31218902474965E+00
 0.31196012821552E+00
 0.31172544861674E+00
 0.31148527882820E+00
 0.31123991816079E+00
 0.31098963979296E+00
 0.31073471485023E+00
 0.31047540129413E+00
 0.31021196756054E+00
 0.30994465441388E+00
 0.30967370229080E+00
 0.30939934047010E+00
 0.30912180180590E+00
 0.30884129720489E+00
 0.30855804269653E+00
 0.30827223455828E+00
 0.30798407350017E+00
 0.30769375307584E+00
 0.30740145365479E+00
 0.30710734671303E+00
 0.30681160900409E+00
 0.30651440918064E+00
 0.30621589703913E+00
 0.30591623263940E+00
 0.30561555086271E+00
 0.30531400771916E+00
 0.30501172719055E+00
 0.30470885151647E+00
 0.30440549258000E+00
 0.30410178600889E+00
 0.30379783961840E+00
 0.30349376023307E+00
 0.30318966270433E+00
 0.30288564014145E+00
 0.30258180004354E+00
 0.30227823177693E+00
 0.30197502499917E+00
 0.30167226499348E+00
 0.30137002947313E+00
 0.30106840398866E+00
 0.30076745957023E+00
 0.30046726729471E+00
 0.30016789515444E+00
 0.29986940317070E+00
 0.29957186014383E+00
 0.29927532135615E+00
 0.29897984224941E+00
 0.29868547544441E+00
 0.29839226795252E+00
 0.29810027284760E+00
 0.29780953170174E+00
 0.29752008723812E+00
 0.29723197943592E+00
 0.29694524602293E+00
 0.29665992057662E+00
 0.29637604112388E+00
 0.29609363636816E+00
 0.29581273563159E+00
 0.29553336654719E+00
 0.29525555486468E+00
 0.29497932227713E+00
 0.29470469578601E+00
 0.29443169376836E+00
 0.29416033534938E+00
 0.29389063819931E+00
 0.29362261856033E+00
 0.29335629129952E+00
 0.29309166796994E+00
 0.29282876467048E+00
 0.29256759037157E+00
 0.29230815531782E+00
 0.29205046829133E+00
 0.29179453146126E+00
 0.29154036266184E+00
 0.29128796018453E+00
