 0.25537488316029E+03
 0.25537486155653E+03
 0.25537465857972E+03
 0.25537390700641E+03
 0.25537208109943E+03
 0.25536856120476E+03
 0.25536287719523E+03
 0.25535573629053E+03
 0.25535133750429E+03
 0.25536036629582E+03
 0.25540215211561E+03
 0.25550480986964E+03
 0.25570325357164E+03
 0.25604012831271E+03
 0.25654914566793E+03
 0.25726533633201E+03
 0.25822259089520E+03
 0.25944101523815E+03
 0.26092884899702E+03
 0.26269777693310E+03
 0.26474329072552E+03
 0.26705171565293E+03
 0.26961578786685E+03
 0.27240927210829E+03
 0.27541758151581E+03
 0.27860792273068E+03
 0.28196252209415E+03
 0.28544611250299E+03
 0.28903545346490E+03
 0.29270993114883E+03
 0.29643393607925E+03
 0.30018739713247E+03
 0.30395306526029E+03
 0.30769896520660E+03
 0.31140980785702E+03
 0.31506746318504E+03
 0.31866120027238E+03
 0.32216496742206E+03
 0.32557053796517E+03
 0.32886626921912E+03
 0.33204189851910E+03
 0.33509457122991E+03
 0.33800527800593E+03
 0.34077322751123E+03
 0.34339345748133E+03
 0.34586201136714E+03
 0.34817593841106E+03
 0.35033906275010E+03
 0.35233885222523E+03
 0.35418035742011E+03
 0.35586395135085E+03
 0.35739057689891E+03
 0.35876174645862E+03
 0.35997948220567E+03
 0.36104625946093E+03
 0.36196495385568E+03
 0.36274457928156E+03
 0.36337732623850E+03
 0.36387248978085E+03
 0.36423412136225E+03
 0.36446662628355E+03
 0.36457397289725E+03
 0.36456079740443E+03
 0.36443165747752E+03
 0.36419117370100E+03
 0.36384931582291E+03
 0.36340032315480E+03
 0.36285398159635E+03
 0.36221497772728E+03
 0.36148793934178E+03
 0.36067744114149E+03
 0.35978799449295E+03
 0.35882403558863E+03
 0.35778991026591E+03
 0.35669469370240E+03
 0.35553304748185E+03
 0.35431364631951E+03
 0.35304041725823E+03
 0.35171713924946E+03
 0.35034745430068E+03
 0.34893482327348E+03
 0.34748685207453E+03
 0.34599843282335E+03
 0.34447666762741E+03
 0.34292442068972E+03
 0.34134436210379E+03
 0.33973897771504E+03
 0.33811058292613E+03
 0.33646527222089E+03
 0.33479701748192E+03
 0.33311131385914E+03
 0.33140954973854E+03
 0.32969273921731E+03
 0.32796513792418E+03
 0.32622079936637E+03
 0.32446299900497E+03
 0.32269157873795E+03
 0.32090583078267E+03
 0.31910778797278E+03
 0.31729005357172E+03
 0.31545337728470E+03
 0.31359494166522E+03
 0.31171394528731E+03
 0.30980124874942E+03
 0.30785411192251E+03
 0.30586647502030E+03
 0.30383347994017E+03
 0.30174216882014E+03
 0.29958502938825E+03
 0.29735038269977E+03
 0.29502711540935E+03
 0.29259574750824E+03
 0.29004063663620E+03
 0.28734341297599E+03
 0.28447714552492E+03
 0.28141885301996E+03
 0.27813558774809E+03
 0.27459457963139E+03
 0.27075931208079E+03
 0.26658434492755E+03
 0.26202468708098E+03
 0.25702594781785E+03
 0.25153368824584E+03
 0.24548571716852E+03
 0.23882070173825E+03
 0.23147367630021E+03
 0.22338189209466E+03
 0.21448905471479E+03
 0.20474779320086E+03
 0.19412620043074E+03
 0.18261438395126E+03
 0.17023006404366E+03
 0.15702338508117E+03
 0.14308014947673E+03
 0.12852043032765E+03
 0.11349489021367E+03
 0.98175815375897E+02
 0.82747433297745E+02
 0.67395120311271E+02
 0.52296445860359E+02
 0.37613283066704E+02
 0.23487970050091E+02
 0.10041320431169E+02
-0.26284928548670E+01
-0.14445091314121E+02
-0.25352054404365E+02
-0.35310070294896E+02
-0.44295085559038E+02
-0.52293500798508E+02
-0.59301516587957E+02
-0.65322967244309E+02
-0.70369125527957E+02
-0.74456693240166E+02
-0.77608645344464E+02
-0.79852903959565E+02
-0.81222632179000E+02
-0.81754858702320E+02
-0.81490662625901E+02
-0.80473551892210E+02
-0.78749443536106E+02
-0.76365647492906E+02
-0.73369982140999E+02
-0.69810593900019E+02
-0.65735234525691E+02
-0.61190838795683E+02
-0.56223294925040E+02
-0.50876750819730E+02
-0.45193992636711E+02
-0.39216046945236E+02
-0.32981972131188E+02
-0.26528878281257E+02
-0.19891937715448E+02
-0.13104429140319E+02
-0.61971922768956E+01
 0.80037637295263E+00
 0.78609943346118E+01
 0.14959124144445E+02
 0.22070760646196E+02
 0.29174672066759E+02
 0.36250172379655E+02
 0.43278795430247E+02
 0.50243215013989E+02
 0.57127583522796E+02
 0.63918444922489E+02
 0.70602501529015E+02
 0.77168137650748E+02
 0.83604255480483E+02
 0.89902791611988E+02
 0.96055187871160E+02
 0.10205346694967E+03
 0.10789271094743E+03
 0.11356705670120E+03
 0.11907209965232E+03
 0.12440338783012E+03
 0.12955981056182E+03
 0.13453789210004E+03
 0.13933658601183E+03
 0.14395384290605E+03
 0.14839156511510E+03
 0.15264764934287E+03
 0.15672306768468E+03
 0.16062022556154E+03
 0.16434002033788E+03
 0.16788327457319E+03
 0.17125191038326E+03
 0.17445064764477E+03
 0.17747991916721E+03
 0.18034243068184E+03
 0.18304355462828E+03
 0.18558527224284E+03
 0.18796924301048E+03
 0.19020229746863E+03
 0.19228661340563E+03
 0.19422650719220E+03
 0.19602275388739E+03
 0.19768369999302E+03
 0.19921140840434E+03
 0.20060827029456E+03
 0.20188163107619E+03
 0.20303346820610E+03
 0.20406814163911E+03
 0.20498731630089E+03
 0.20579907087835E+03
 0.20650531684205E+03
 0.20710991737190E+03
 0.20761502774170E+03
 0.20802771191225E+03
 0.20834998244500E+03
 0.20858374697460E+03
 0.20873604258819E+03
 0.20880858347461E+03
 0.20880477264966E+03
 0.20872612007732E+03
 0.20857948613847E+03
 0.20836620802000E+03
 0.20808934983385E+03
 0.20775006772472E+03
 0.20735535044260E+03
 0.20690501832284E+03
 0.20640282182998E+03
 0.20584932465700E+03
 0.20525078470116E+03
 0.20460776206171E+03
 0.20392279100436E+03
 0.20319590575747E+03
 0.20243350595572E+03
 0.20163590384029E+03
 0.20080469377335E+03
 0.19994224649479E+03
 0.19904855383646E+03
 0.19812922881370E+03
 0.19718408754185E+03
 0.19621487223052E+03
 0.19522128420441E+03
 0.19420885941857E+03
 0.19317715088010E+03
 0.19212730878074E+03
 0.19106102177031E+03
 0.18997750186596E+03
 0.18888212285358E+03
 0.18777401412546E+03
 0.18665432614678E+03
 0.18552416454490E+03
 0.18438256036997E+03
 0.18323460362959E+03
 0.18207921777876E+03
 0.18091729711325E+03
 0.17974971619851E+03
 0.17857525210654E+03
 0.17739882257147E+03
 0.17621912680761E+03
 0.17503685411578E+03
 0.17385268261115E+03
 0.17266517713312E+03
 0.17147913636934E+03
 0.17029305605929E+03
 0.16910746095384E+03
 0.16792287270733E+03
 0.16673977702296E+03
 0.16555659731591E+03
 0.16437788095288E+03
 0.16320200289727E+03
 0.16202932127237E+03
 0.16086020147428E+03
 0.15969499190123E+03
 0.15853196801175E+03
 0.15737554796491E+03
 0.15622399783739E+03
 0.15507754122352E+03
 0.15393642949024E+03
 0.15280089614343E+03
 0.15167116020723E+03
 0.15054542056000E+03
 0.14942789045812E+03
 0.14831676228972E+03
 0.14721215671957E+03
 0.14611422373565E+03
 0.14502309044682E+03
 0.14393891976639E+03
 0.14285983021017E+03
