 0.44212983838527+250
 0.66492843043272+120
 0.35360346065150E+77
 0.81543072400208E+55
 0.84939359806072E+42
 0.18804262420073E+34
 0.12365675806029E+28
 0.28555382355644E+23
 0.70712583694739E+19
 0.92159845381898E+16
 0.40190283732834E+14
 0.43360997598915E+12
 0.93905120458906E+10
 0.35159035498366E+09
 0.20398168342806E+08
 0.16892042223747E+07
 0.25460773640079E+09
 0.36079083984388E+08
 0.30560456986337E+08
 0.12209101358671E+08
 0.52450703194178E+07
 0.24301641103412E+07
 0.12025980513319E+07
 0.63052204680315E+06
 0.34786622853885E+06
 0.20079656445982E+06
 0.12066833478328E+06
 0.75178577103399E+05
 0.48380765826144E+05
 0.32059098056765E+05
 0.21814240196287E+05
 0.15204871448928E+05
 0.10833136001753E+05
 0.78748978582403E+04
 0.58308063012178E+04
 0.43909673401586E+04
 0.33586249811983E+04
 0.26062918107527E+04
 0.20496401977031E+04
 0.16319512119132E+04
 0.13144204663698E+04
 0.10700736858827E+04
 0.87991108054220E+03
 0.73033744989803E+03
 0.61151724877039E+03
 0.51624653474965E+03
 0.43918925057726E+03
 0.37634878694491E+03
 0.32470748640329E+03
 0.28195960318819E+03
 0.24632969712250E+03
 0.21643973453643E+03
 0.19121087362399E+03
 0.16979237466353E+03
 0.15150860037025E+03
 0.13581928406073E+03
 0.12228923168209E+03
 0.11056702326372E+03
 0.10036542349095E+03
 0.91449271191339E+02
 0.83649267760946E+02
 0.76755717077362E+02
 0.70660684258307E+02
 0.65252695382375E+02
 0.60438180238075E+02
 0.56137985770272E+02
 0.52285797705874E+02
 0.48824585441652E+02
 0.45705902392458E+02
 0.42888266747326E+02
 0.40336002157987E+02
 0.38018340588387E+02
 0.35908665857281E+02
 0.33983871101961E+02
 0.32223724705605E+02
 0.30610930718378E+02
 0.29129965279604E+02
 0.27767304213624E+02
 0.26511065320809E+02
 0.25350747857536E+02
 0.24277054502655E+02
 0.23281652198766E+02
 0.22357337327688E+02
 0.21497518306477E+02
 0.20696335806814E+02
 0.19948531362956E+02
 0.19249401540003E+02
 0.18594720665942E+02
 0.17981096796740E+02
 0.17404226636443E+02
 0.16861387581606E+02
 0.16349732744887E+02
 0.15866672944085E+02
 0.15409798102730E+02
 0.14977029202757E+02
 0.14566341698385E+02
 0.14175911990725E+02
 0.13804064767274E+02
 0.13449211833668E+02
 0.13109986897820E+02
 0.12785037055937E+02
 0.12473095677725E+02
 0.12172992284463E+02
 0.11883693752298E+02
 0.11604158991184E+02
 0.11333443739950E+02
 0.11070632219322E+02
 0.10814922549636E+02
 0.10565605280625E+02
 0.10321741088392E+02
 0.10082697025591E+02
 0.98478495451712E+01
 0.96165511705501E+01
 0.93882040983855E+01
 0.91622955671575E+01
 0.89382850756895E+01
 0.87157316296628E+01
 0.84941975039764E+01
 0.82732811383335E+01
 0.80526667923381E+01
 0.78320368495676E+01
 0.76111789840307E+01
 0.73898834187873E+01
 0.71680277866110E+01
 0.69455407048464E+01
 0.67224095173952E+01
 0.64987125205731E+01
 0.62745903486622E+01
 0.60502262787697E+01
 0.58259242573592E+01
 0.56020713364042E+01
 0.53791325261353E+01
 0.51576504686292E+01
 0.49382493780754E+01
 0.47215871403325E+01
 0.45084059030450E+01
 0.42994717096129E+01
 0.40955709214049E+01
 0.38974702999927E+01
 0.37059066451117E+01
 0.35215721137280E+01
 0.33450512054940E+01
 0.31768233920170E+01
 0.30172570988694E+01
 0.28665877678137E+01
 0.27249172614251E+01
 0.25922184976343E+01
 0.24683486165581E+01
 0.23530669618046E+01
 0.22460504622296E+01
 0.21469133571567E+01
 0.20552252565766E+01
 0.19705277506981E+01
 0.18923610509204E+01
 0.18202577092253E+01
 0.17537630634399E+01
 0.16924403914425E+01
 0.16358745412262E+01
 0.15836765417522E+01
 0.15354834807325E+01
 0.14909684244213E+01
 0.14498054183806E+01
 0.14117197214740E+01
 0.13764525511187E+01
 0.13437677807499E+01
 0.13134492013294E+01
 0.12853059614010E+01
 0.12591554635979E+01
 0.12348376749174E+01
 0.12122059291774E+01
 0.11911269589839E+01
 0.11714794417294E+01
 0.11531544257084E+01
 0.11360485629710E+01
 0.11200716791459E+01
 0.11051401729502E+01
 0.10911776555743E+01
 0.10781157991368E+01
 0.10658878212625E+01
 0.10544365244085E+01
 0.10437083758142E+01
 0.10336538582774E+01
 0.10242291594097E+01
 0.10153895274960E+01
 0.10070979534253E+01
 0.99931897339552E+00
 0.99202111134835E+00
 0.98517116923963E+00
 0.97874254681791E+00
 0.97271069189497E+00
 0.96704845342097E+00
 0.96173492586247E+00
 0.95674929869206E+00
 0.95207366567229E+00
 0.94768684393043E+00
 0.94357373550130E+00
 0.93971845396425E+00
 0.93610790273839E+00
 0.93272535351851E+00
 0.92953913709108E+00
 0.92657856084214E+00
 0.92381140250248E+00
 0.92122719032271E+00
 0.91881599004849E+00
 0.91656851870274E+00
 0.91447607615414E+00
 0.91253043220310E+00
 0.91072388487197E+00
 0.90904916753359E+00
 0.90749942578822E+00
 0.90606822131589E+00
 0.90474944523287E+00
 0.90353739093306E+00
 0.90242660278226E+00
 0.90141196361106E+00
 0.90048862518022E+00
 0.89965201676271E+00
 0.89889780007184E+00
 0.89822186938373E+00
 0.89762033829012E+00
 0.89708953054373E+00
 0.89662594667734E+00
 0.89622627462351E+00
 0.89588737642549E+00
 0.89560627018423E+00
 0.89538012901465E+00
 0.89520625327456E+00
 0.89508210181061E+00
 0.89500523272858E+00
 0.89497333905476E+00
 0.89498421766411E+00
 0.89503578656674E+00
 0.89512604094002E+00
 0.89525309970799E+00
 0.89541515483248E+00
 0.89561047237674E+00
 0.89583743039054E+00
 0.89609445782980E+00
 0.89638006592425E+00
 0.89669283256462E+00
 0.89703140524450E+00
 0.89739448683799E+00
 0.89778084731806E+00
 0.89818931090394E+00
 0.89861873627219E+00
 0.89906806241871E+00
 0.89953625706419E+00
 0.90002233173857E+00
 0.90052536609617E+00
 0.90104445212495E+00
 0.90157873459145E+00
 0.90212740355679E+00
 0.90268966712744E+00
 0.90326477536334E+00
 0.90385202009264E+00
 0.90445071446423E+00
 0.90506019951697E+00
 0.90567985067017E+00
 0.90630907157310E+00
 0.90694728021865E+00
 0.90759393432821E+00
 0.90824850280248E+00
 0.90891048629215E+00
 0.90957940103087E+00
 0.91025478811184E+00
 0.91093620452730E+00
 0.91162322755457E+00
 0.91231545370416E+00
 0.91301249137491E+00
 0.91371397478569E+00
 0.91441954521087E+00
 0.91512886205678E+00
 0.91584160012355E+00
 0.91655744630559E+00
 0.91727610433377E+00
 0.91799728647071E+00
 0.91872071853142E+00
 0.91944613843303E+00
 0.92017329486041E+00
 0.92090194477806E+00
 0.92163186254301E+00
 0.92236282630583E+00
 0.92309462502680E+00
 0.92382705690734E+00
 0.92455992870036E+00
 0.92529305344332E+00
 0.92602625867383E+00
 0.92675937302456E+00
 0.92749223479534E+00
 0.92822468933861E+00
 0.92895658887976E+00
 0.92968779212762E+00
 0.93041816163069E+00
 0.93114757343471E+00
 0.93187590188877E+00
 0.93260302903792E+00
 0.93332884265713E+00
 0.93405323539432E+00
 0.93477610478282E+00
 0.93549735086361E+00
