 0.10000000133514E-09
 0.10000000133514E-09
 0.10000000133514E-09
 0.10000000133514E-09
 0.10000000133514E-09
 0.10000000133514E-09
 0.10000000133514E-09
 0.10000000133514E-09
 0.10000000133514E-09
 0.10000000133514E-09
 0.10000000133514E-09
 0.10000000133514E-09
 0.10000000133514E-09
 0.10000000133514E-09
 0.10000000133514E-09
 0.10000000133514E-09
 0.13578269950133E-06
 0.13578269950133E-06
 0.66080380640748E-06
 0.12736056127582E-05
 0.22724961108172E-05
 0.38425857583708E-05
 0.62018116530413E-05
 0.96114437795640E-05
 0.14375042178117E-04
 0.20836195988004E-04
 0.29375274813890E-04
 0.40405164729203E-04
 0.54366681488337E-04
 0.71723791556585E-04
 0.92960112393683E-04
 0.11857237947021E-03
 0.14906887498099E-03
 0.18496610176833E-03
 0.22678458951164E-03
 0.27504717454614E-03
 0.33027734457864E-03
 0.39300042465640E-03
 0.46373793080549E-03
 0.54301090095025E-03
 0.63133980994474E-03
 0.72924212471497E-03
 0.83723764124101E-03
 0.95584366964352E-03
 0.10855787194848E-02
 0.12269637171065E-02
 0.13805234043735E-02
 0.15467852708802E-02
 0.17262801065260E-02
 0.19195528397494E-02
 0.21271496361213E-02
 0.23496298152848E-02
 0.25875607801227E-02
 0.28415216154039E-02
 0.31121054578460E-02
 0.33999208018546E-02
 0.37055960851268E-02
 0.40297687187467E-02
 0.43731053836451E-02
 0.47362832914746E-02
 0.51214948961421E-02
 0.55266844934820E-02
 0.59539252770614E-02
 0.64039959443006E-02
 0.68777044046526E-02
 0.73758795887960E-02
 0.78994001927778E-02
 0.84491603219096E-02
 0.90260950170698E-02
 0.96311775155863E-02
 0.10265413699403E-01
 0.10929847814399E-01
 0.11625566144425E-01
 0.12353696006564E-01
 0.13115404124309E-01
 0.13911936280619E-01
 0.14744548109700E-01
 0.15614551392674E-01
 0.16523325035417E-01
 0.17472298312339E-01
 0.18462956360301E-01
 0.19496830462729E-01
 0.20575525825890E-01
 0.21700730089209E-01
 0.22874172289135E-01
 0.24097636733664E-01
 0.25372998780140E-01
 0.26702219404641E-01
 0.28088099270735E-01
 0.29531279180493E-01
 0.31034617676285E-01
 0.32600369450109E-01
 0.34230875651239E-01
 0.35928537061338E-01
 0.37695881987297E-01
 0.39535484975476E-01
 0.41450012338034E-01
 0.43442227253284E-01
 0.45514937435108E-01
 0.47671093220966E-01
 0.49913723628487E-01
 0.52245773135302E-01
 0.54670405404685E-01
 0.57190792598114E-01
 0.59810127827704E-01
 0.62531702410949E-01
 0.65358794821405E-01
 0.68294689800292E-01
 0.71343486445576E-01
 0.74507014731174E-01
 0.77789157593513E-01
 0.81193116902108E-01
 0.84721909005276E-01
 0.88378527124393E-01
 0.92165806322942E-01
 0.96086336006329E-01
 0.10014254674112E+00
 0.10433662211954E+00
 0.10867038162763E+00
 0.11314536349033E+00
 0.11776266279211E+00
 0.12252317361842E+00
 0.12742715494980E+00
 0.13247412289172E+00
 0.13766362105058E+00
 0.14299374481964E+00
 0.14846251582773E+00
 0.15406766887954E+00
 0.15980403068368E+00
 0.16566711163998E+00
 0.17165189526229E+00
 0.17775146349472E+00
 0.18395827103235E+00
 0.19026366858565E+00
 0.19665684653187E+00
 0.20312654905053E+00
 0.20966019491110E+00
 0.21624439784731E+00
 0.22286438366577E+00
 0.22950451978738E+00
 0.23615109966696E+00
 0.24278805109971E+00
 0.24940001866263E+00
 0.25597297212397E+00
 0.26249380163104E+00
 0.26895068332132E+00
 0.27533332452112E+00
 0.28163343035146E+00
 0.28784443556899E+00
 0.29396174002505E+00
 0.29998229922399E+00
 0.30590464315948E+00
 0.31172791227627E+00
 0.31745442636267E+00
 0.32308541399405E+00
 0.32862340482160E+00
 0.33407136472366E+00
 0.33943277220821E+00
 0.34471115530883E+00
 0.34991022997422E+00
 0.35503354933664E+00
 0.36008503482619E+00
 0.36506806843770E+00
 0.36998600692474E+00
 0.37484206461718E+00
 0.37963878766503E+00
 0.38438006920954E+00
 0.38906788897979E+00
 0.39370464217868E+00
 0.39829254156265E+00
 0.40283369082758E+00
 0.40732991421646E+00
 0.41178292439000E+00
 0.41619431740833E+00
 0.42056549042317E+00
 0.42489770776650E+00
 0.42919213705587E+00
 0.43344982003538E+00
 0.43767174623360E+00
 0.44185869696393E+00
 0.44601156203981E+00
 0.45013093080176E+00
 0.45421750118772E+00
 0.45827183350020E+00
 0.46229443234313E+00
 0.46628579646175E+00
 0.47024628369357E+00
 0.47417633577047E+00
 0.47807629328698E+00
 0.48194645510472E+00
 0.48578715179869E+00
 0.48959862634959E+00
 0.49338114829367E+00
 0.49713493569815E+00
 0.50086017258353E+00
 0.50455714864481E+00
 0.50822596472826E+00
 0.51186681748342E+00
 0.51547991041654E+00
 0.51906559425632E+00
 0.52262361892992E+00
 0.52615433464402E+00
 0.52965791355217E+00
 0.53313448231275E+00
 0.53658417664410E+00
 0.54000716703038E+00
 0.54340357318724E+00
 0.54677353814153E+00
 0.55011721170411E+00
 0.55343472706370E+00
 0.55672622622343E+00
 0.55999184200901E+00
 0.56323174058108E+00
 0.56644604362107E+00
 0.56963489113111E+00
 0.57279843560765E+00
 0.57593682691126E+00
 0.57905020817254E+00
 0.58213873005711E+00
 0.58520254059810E+00
 0.58824179716492E+00
 0.59125664699462E+00
 0.59424724584006E+00
 0.59721375104022E+00
 0.60015631993057E+00
 0.60307511224253E+00
 0.60597028425044E+00
 0.60884200549845E+00
 0.61169042842335E+00
 0.61451572047070E+00
 0.61731804049328E+00
 0.62009755982156E+00
 0.62285443316766E+00
 0.62558883895323E+00
 0.62830094114683E+00
 0.63099089718266E+00
 0.63365888777029E+00
 0.63630507431989E+00
 0.63892962704682E+00
 0.64153271421576E+00
 0.64411450583391E+00
 0.64667517016920E+00
 0.64921487912368E+00
 0.65173380365482E+00
 0.65423210230203E+00
 0.65670995450805E+00
 0.65916752175122E+00
 0.66160497200898E+00
 0.66402248124461E+00
 0.66642021176153E+00
 0.66879833196610E+00
 0.67115701397524E+00
 0.67349641668699E+00
 0.67581670791728E+00
 0.67811805665018E+00
 0.68040062960001E+00
 0.68266458483302E+00
 0.68491008783273E+00
 0.68713730686016E+00
 0.68934639528776E+00
 0.69153752075173E+00
 0.69371083917691E+00
 0.69586651467969E+00
 0.69800470479255E+00
 0.70012556696838E+00
 0.70222925821535E+00
 0.70431593462824E+00
 0.70638575225630E+00
 0.70843886344591E+00
 0.71047542271180E+00
 0.71249558083131E+00
 0.71449948858858E+00
 0.71648729643600E+00
 0.71845915394094E+00
 0.72041520778364E+00
 0.72235560489094E+00
 0.72428049065223E+00
 0.72619000967870E+00
 0.72808430516108E+00
 0.72996351923601E+00
 0.73182779285856E+00
 0.73367726639235E+00
 0.73551207858033E+00
 0.73733236699423E+00
 0.73913826801043E+00
 0.74092991708913E+00
 0.74270744809373E+00
 0.74447099406822E+00
 0.74622068690753E+00
 0.74795665732495E+00
 0.74967903490952E+00
 0.75138794808154E+00
 0.75308352416038E+00
 0.75476588921105E+00
 0.75643516816874E+00
 0.75809148480431E+00
 0.75973496188691E+00
 0.76136572089447E+00
 0.76298388228826E+00
 0.76458956527058E+00
