 0.00000000000000E+00
 0.00000000000000E+00
 0.00000000000000E+00
 0.00000000000000E+00
 0.10850394065656E-25
 0.23060666294151E-21
 0.28437477785654E-18
 0.59177418098123E-16
 0.37605524471275E-14
 0.10416675474308E-12
 0.15773913930586E-11
 0.15186243885272E-10
 0.10319421834626E-09
 0.53331220934367E-09
 0.22141366264322E-08
 0.76941193794404E-08
 0.23093322012770E-07
 0.61347157035483E-07
 0.14704703840255E-06
 0.32297989743571E-06
 0.65822690626730E-06
 0.12574578514867E-05
 0.22709002191945E-05
 0.39042937093883E-05
 0.64282926165830E-05
 0.10186539039694E-04
 0.15602260808636E-04
 0.23182556230959E-04
 0.33520885676982E-04
 0.47297199709549E-04
 0.65275457587179E-04
 0.88300271972590E-04
 0.11729120479761E-03
 0.15323467552672E-03
 0.19717725729064E-03
 0.25021584588272E-03
 0.31348911601517E-03
 0.38816500540144E-03
 0.47543479992502E-03
 0.57650123899140E-03
 0.69256979662318E-03
 0.82484179671193E-03
 0.97449934903812E-03
 0.11427075410082E-02
 0.13306016178714E-02
 0.15392822753069E-02
 0.17698103723937E-02
 0.20232064283315E-02
 0.23004312918254E-02
 0.26024051338317E-02
 0.29299910092409E-02
 0.32839962874214E-02
 0.36651714852157E-02
 0.40742096195696E-02
 0.45117460783555E-02
 0.49783589662658E-02
 0.54745801614583E-02
 0.60008567829598E-02
 0.65576102073167E-02
 0.71452010019995E-02
 0.77639424125370E-02
 0.84140931396456E-02
 0.90958734117596E-02
 0.98094592961994E-02
 0.10554987592643E-01
 0.11332578075723E-01
 0.12142261873433E-01
 0.12984093814891E-01
 0.13858085133438E-01
 0.14764223802528E-01
 0.15702478017729E-01
 0.16672799653119E-01
 0.17675127744437E-01
 0.18709391956329E-01
 0.19775546842207E-01
 0.20873455356650E-01
 0.22003068068935E-01
 0.23164312447821E-01
 0.24357124208601E-01
 0.25581450905343E-01
 0.26837255416557E-01
 0.28124558718151E-01
 0.29443290761240E-01
 0.30793518776665E-01
 0.32175304262752E-01
 0.33588742350476E-01
 0.35033966465529E-01
 0.36511152558870E-01
 0.38020590915902E-01
 0.39562425274431E-01
 0.41137044329859E-01
 0.42744835492962E-01
 0.44386250451106E-01
 0.46061863497624E-01
 0.47772171810146E-01
 0.49517901357481E-01
 0.51299816598401E-01
 0.53118775205692E-01
 0.54975791641364E-01
 0.56871822682767E-01
 0.58808102822062E-01
 0.60785927057363E-01
 0.62806791316406E-01
 0.64872154440907E-01
 0.66983790362520E-01
 0.69143582381448E-01
 0.71353645188705E-01
 0.73616092836520E-01
 0.75933464672306E-01
 0.78308296945166E-01
 0.80743553674510E-01
 0.83242194475949E-01
 0.85807608032672E-01
 0.88443461018614E-01
 0.91153491398980E-01
 0.93941982939217E-01
 0.96813280101555E-01
 0.99772216639995E-01
 0.10282396977888E+00
 0.10597385568241E+00
 0.10922778113434E+00
 0.11259176008251E+00
 0.11607238349635E+00
 0.11967628218667E+00
 0.12341067845162E+00
 0.12728276218686E+00
 0.13129995808963E+00
 0.13547000126257E+00
 0.13980008932862E+00
 0.14429742242801E+00
 0.14896884289207E+00
 0.15382012580174E+00
 0.15885613374815E+00
 0.16408015574322E+00
 0.16949366812716E+00
 0.17509567569573E+00
 0.18088253324805E+00
 0.18684747107661E+00
 0.19298033093510E+00
 0.19926726769468E+00
 0.20569133363971E+00
 0.21223189911557E+00
 0.21886558491318E+00
 0.22556667174083E+00
 0.23230789886682E+00
 0.23906132566604E+00
 0.24579924710607E+00
 0.25249507536200E+00
 0.25912385122210E+00
 0.26566299476586E+00
 0.27209258159130E+00
 0.27839565825884E+00
 0.28455809367683E+00
 0.29056879887853E+00
 0.29641914479209E+00
 0.30210303856592E+00
 0.30761650886187E+00
 0.31295756335126E+00
 0.31812569695300E+00
 0.32312180667757E+00
 0.32794717037756E+00
 0.33260594661217E+00
 0.33710100315900E+00
 0.34143636434386E+00
 0.34561645891008E+00
 0.34964594766378E+00
 0.35352961690258E+00
 0.35727266412644E+00
 0.36087996079893E+00
 0.36435648597253E+00
 0.36770718302941E+00
 0.37093689448289E+00
 0.37405022448918E+00
 0.37705209293993E+00
 0.37994683837208E+00
 0.38273879938925E+00
 0.38543217507954E+00
 0.38803084050392E+00
 0.39053900871492E+00
 0.39296024571708E+00
 0.39529814430035E+00
 0.39755612924526E+00
 0.39973732573773E+00
 0.40184522754353E+00
 0.40388267207859E+00
 0.40585254180849E+00
 0.40775741131511E+00
 0.40960027400026E+00
 0.41138346295079E+00
 0.41310919166305E+00
 0.41478013824043E+00
 0.41639830104964E+00
 0.41796577568600E+00
 0.41948436957099E+00
 0.42095638469634E+00
 0.42238344723111E+00
 0.42376730299032E+00
 0.42510941797321E+00
 0.42641178603479E+00
 0.42767845739575E+00
 0.42890536186653E+00
 0.43009668786498E+00
 0.43125376153668E+00
 0.43237785613802E+00
 0.43347018613437E+00
 0.43453191877111E+00
 0.43556416671937E+00
 0.43656799465798E+00
 0.43754442557396E+00
 0.43849443658362E+00
 0.43941896228199E+00
 0.44031890083136E+00
 0.44119511194335E+00
 0.44204841902622E+00
 0.44287960996708E+00
 0.44368944420853E+00
 0.44447864733636E+00
 0.44524791557243E+00
 0.44599791809686E+00
 0.44672929603004E+00
 0.44744266564278E+00
 0.44813861832535E+00
 0.44881772261069E+00
 0.44948052412858E+00
 0.45012754741236E+00
 0.45075929622951E+00
 0.45137625594459E+00
 0.45197889238312E+00
 0.45256765360621E+00
 0.45314297135459E+00
 0.45370526038989E+00
 0.45425492021995E+00
 0.45479233523036E+00
 0.45531787620335E+00
 0.45583189962974E+00
 0.45633474911332E+00
 0.45682675593224E+00
 0.45730823906187E+00
 0.45777950633219E+00
 0.45824085445032E+00
 0.45869256929567E+00
 0.45913492720332E+00
 0.45956819437185E+00
 0.45999262775734E+00
 0.46040847563897E+00
 0.46081597763293E+00
 0.46121536444029E+00
 0.46160686043072E+00
 0.46199068055995E+00
 0.46236703403015E+00
 0.46273612244390E+00
 0.46309814040017E+00
 0.46345327613799E+00
 0.46380171237852E+00
 0.46414362493082E+00
 0.46447918490226E+00
 0.46480855666440E+00
 0.46513189993158E+00
 0.46544936977387E+00
 0.46576111535451E+00
 0.46606728176017E+00
 0.46636800924761E+00
 0.46666343404117E+00
 0.46695368791980E+00
 0.46723889814724E+00
 0.46751918866069E+00
 0.46779467941497E+00
 0.46806548670817E+00
 0.46833172356680E+00
 0.46859349890821E+00
 0.46885091908742E+00
 0.46910408707153E+00
 0.46935310277827E+00
 0.46959806345282E+00
 0.46983906270158E+00
 0.47007619218979E+00
 0.47030954067285E+00
 0.47053919434815E+00
 0.47076523694820E+00
 0.47098775016255E+00
 0.47120681240460E+00
 0.47142250077369E+00
 0.47163488995025E+00
 0.47184405250517E+00
 0.47205005900849E+00
 0.47225297840082E+00
 0.47245287679061E+00
 0.47264981940924E+00
 0.47284386941777E+00
 0.47303508827084E+00
 0.47322353576706E+00
 0.47340927011009E+00
 0.47359234828980E+00
 0.47377282477810E+00
 0.47395075360084E+00
 0.47412618708729E+00
 0.47429917617460E+00
 0.47446977048845E+00
 0.47463801839964E+00
 0.47480396731418E+00
