 0.65713351819439E+01
 0.65713351819439E+01
 0.65713351819455E+01
 0.65713351819643E+01
 0.65713351820678E+01
 0.65713351824354E+01
 0.65713351834207E+01
 0.65713351855887E+01
 0.65713351896735E+01
 0.65713351963767E+01
 0.65713352059190E+01
 0.65713352172906E+01
 0.65713352272059E+01
 0.65713354031231E+01
 0.65713355591459E+01
 0.65713357102265E+01
 0.65713360653627E+01
 0.65713365839106E+01
 0.65713370874845E+01
 0.65713378380111E+01
 0.65713387570879E+01
 0.65713396730737E+01
 0.65713408361520E+01
 0.65713419660831E+01
 0.65713432936313E+01
 0.65713444848957E+01
 0.65713457779159E+01
 0.65713468175039E+01
 0.65713476425235E+01
 0.65713483373933E+01
 0.65713485099804E+01
 0.65713481624527E+01
 0.65713473615936E+01
 0.65713456848255E+01
 0.65713431414509E+01
 0.65713396041569E+01
 0.65713350970697E+01
 0.65713291755672E+01
 0.65713218371112E+01
 0.65713129386336E+01
 0.65713023311015E+01
 0.65712900199784E+01
 0.65712755486461E+01
 0.65712589039369E+01
 0.65712399293747E+01
 0.65712184635265E+01
 0.65711943418134E+01
 0.65711675466804E+01
 0.65711376138757E+01
 0.65711045076930E+01
 0.65710680487055E+01
 0.65710280501525E+01
 0.65709843188721E+01
 0.65709366545294E+01
 0.65708848487557E+01
 0.65708286842140E+01
 0.65707680867176E+01
 0.65707025188322E+01
 0.65706318756955E+01
 0.65705558956908E+01
 0.65704743015199E+01
 0.65703868003660E+01
 0.65702930826464E+01
 0.65701928208329E+01
 0.65700856678901E+01
 0.65699714056761E+01
 0.65698493506318E+01
 0.65697192307606E+01
 0.65695806076995E+01
 0.65694330135438E+01
 0.65692759515584E+01
 0.65691088937975E+01
 0.65689312791132E+01
 0.65687425111964E+01
 0.65685421049008E+01
 0.65683290953460E+01
 0.65681029081932E+01
 0.65678627828544E+01
 0.65676079103086E+01
 0.65673374308406E+01
 0.65670504305452E+01
 0.65667460801463E+01
 0.65664230734145E+01
 0.65660804486440E+01
 0.65657170430468E+01
 0.65653316208446E+01
 0.65649228697582E+01
 0.65644893943702E+01
 0.65640298509752E+01
 0.65635424047013E+01
 0.65630255146761E+01
 0.65624774102837E+01
 0.65618962095861E+01
 0.65612800430622E+01
 0.65606265435588E+01
 0.65599335807379E+01
 0.65591987687374E+01
 0.65584195685807E+01
 0.65575934077730E+01
 0.65567172025164E+01
 0.65557880338409E+01
 0.65548026850783E+01
 0.65537578533875E+01
 0.65526497075692E+01
 0.65514745136283E+01
 0.65502282025963E+01
 0.65489065520413E+01
 0.65475048035737E+01
 0.65460181939039E+01
 0.65444415952707E+01
 0.65427696678483E+01
 0.65409964764608E+01
 0.65391160236488E+01
 0.65371219571730E+01
 0.65350073206816E+01
 0.65327650906553E+01
 0.65303875571567E+01
 0.65278668049756E+01
 0.65251945155676E+01
 0.65223617314717E+01
 0.65193592806295E+01
 0.65161773060337E+01
 0.65128057484370E+01
 0.65092338466357E+01
 0.65054506053053E+01
 0.65014444292209E+01
 0.64972033051067E+01
 0.64927148896695E+01
 0.64879664142286E+01
 0.64829447945142E+01
 0.64776367370933E+01
 0.64720287496562E+01
 0.64661073484595E+01
 0.64598591635502E+01
 0.64532710811468E+01
 0.64463304128111E+01
 0.64390252565748E+01
 0.64313444692223E+01
 0.64232778879379E+01
 0.64148166735730E+01
 0.64059532602582E+01
 0.63966815225226E+01
 0.63869967608978E+01
 0.63768955425418E+01
 0.63663756110832E+01
 0.63554355982181E+01
 0.63440748830357E+01
 0.63322931204854E+01
 0.63200901391874E+01
 0.63074655824594E+01
 0.62944187849436E+01
 0.62809483869489E+01
 0.62670524262745E+01
 0.62527281676882E+01
 0.62379720931075E+01
 0.62227798888332E+01
 0.62071464759020E+01
 0.61910659646232E+01
 0.61745318545465E+01
 0.61575369359680E+01
 0.61400734343181E+01
 0.61221331076162E+01
 0.61037071730418E+01
 0.60847864569577E+01
 0.60653613947059E+01
 0.60454220926054E+01
 0.60249583920924E+01
 0.60039597757237E+01
 0.59824155622305E+01
 0.59603148566341E+01
 0.59376465414060E+01
 0.59143993316298E+01
 0.58905618022656E+01
 0.58661223114320E+01
 0.58410691517293E+01
 0.58153904689312E+01
 0.57890742678146E+01
 0.57621085041793E+01
 0.57344809324770E+01
 0.57061792647943E+01
 0.56771911162493E+01
 0.56475040077651E+01
 0.56171053800618E+01
 0.55859825326066E+01
 0.55541227946911E+01
 0.55215132763132E+01
 0.54881410959370E+01
 0.54539932669930E+01
 0.54190567545816E+01
 0.53833184368457E+01
 0.53467650712692E+01
 0.53093834134080E+01
 0.52711601278844E+01
 0.52320818104331E+01
 0.51921349653105E+01
 0.51513060387956E+01
 0.51095814472227E+01
 0.50669475100923E+01
 0.50233904651700E+01
 0.49788965758323E+01
 0.49334518424639E+01
 0.48870424716726E+01
 0.48396543360280E+01
 0.47912735111224E+01
 0.47418858264399E+01
 0.46914770817063E+01
 0.46400330900049E+01
 0.45875395540702E+01
 0.45339820607853E+01
 0.44793462630026E+01
 0.44236176956556E+01
 0.43667817989299E+01
 0.43088239686370E+01
 0.42497296081416E+01
 0.41894840378120E+01
 0.41280724660760E+01
 0.40654800652820E+01
 0.40016920061099E+01
 0.39366933711713E+01
 0.38704691657146E+01
 0.38030043640554E+01
 0.37342839183772E+01
 0.36642926312693E+01
 0.35930153377898E+01
 0.35204367826538E+01
 0.34465416860250E+01
 0.33713146570302E+01
 0.32947403132988E+01
 0.32168031815397E+01
 0.31374877353218E+01
 0.30567784192074E+01
 0.29746596101443E+01
 0.28911156474997E+01
 0.28061307673026E+01
 0.27196892036647E+01
 0.26317751252687E+01
 0.25423726242877E+01
 0.24514657705342E+01
 0.23590385617606E+01
 0.22650750119589E+01
 0.21695590391736E+01
 0.20724742896106E+01
 0.19738047848907E+01
 0.18735341853134E+01
 0.17716461690569E+01
 0.16681242946069E+01
 0.15629524000411E+01
 0.14561136659341E+01
 0.13475918796142E+01
 0.12373703557837E+01
 0.11254323703846E+01
 0.10117612539712E+01
 0.89634048385950E+00
 0.77915310852880E+00
 0.66018237493570E+00
 0.53941118843235E+00
 0.41682273319110E+00
 0.29240011603608E+00
 0.16612617337531E+00
 0.37983813745337E-01
-0.92044118409366E-01
-0.22397478710256E+00
-0.35782557096090E+00
-0.49361371629897E+00
-0.63135661820426E+00
-0.77107169190479E+00
-0.91277641863860E+00
-0.10564883287767E+01
-0.12022250224405E+01
-0.13500041512937E+01
-0.14998434019283E+01
-0.16517605260532E+01
-0.18057733302725E+01
-0.19618996652097E+01
-0.21201574709825E+01
-0.22805647130481E+01
-0.24431394076266E+01
-0.26078996336225E+01
-0.27748635265329E+01
-0.29440492753713E+01
-0.31154751374029E+01
-0.32891594013544E+01
-0.34651204278845E+01
-0.36433766226244E+01
-0.38239464505834E+01
-0.40068484236049E+01
-0.41921011383925E+01
-0.43797232182937E+01
-0.45697333498178E+01
-0.47621502797453E+01
-0.49569928059288E+01
-0.51542797855712E+01
-0.53540301213019E+01
-0.55562627971749E+01
-0.57609968276412E+01
-0.59682512963148E+01
-0.61780453405939E+01
-0.63903983134999E+01
-0.66053291777796E+01
-0.68228573608821E+01
