 0.22143197743930E+00
 0.22143197743948E+00
 0.22143197744393E+00
 0.22143197747351E+00
 0.22143197757767E+00
 0.22143197783392E+00
 0.22143197834099E+00
 0.22143197920953E+00
 0.22143198052261E+00
 0.22143198222837E+00
 0.22143198387527E+00
 0.22143198418102E+00
 0.22143198042892E+00
 0.22143196780740E+00
 0.22143193876162E+00
 0.22143188245751E+00
 0.22143178443386E+00
 0.22143162645661E+00
 0.22143138648446E+00
 0.22143103904538E+00
 0.22143055543203E+00
 0.22142990422018E+00
 0.22142905175525E+00
 0.22142796277156E+00
 0.22142660077615E+00
 0.22142492850219E+00
 0.22142290918661E+00
 0.22142050686595E+00
 0.22141768654148E+00
 0.22141441500178E+00
 0.22141066163171E+00
 0.22140639892659E+00
 0.22140160302655E+00
 0.22139625447065E+00
 0.22139033885750E+00
 0.22138384737419E+00
 0.22137677756340E+00
 0.22136913394087E+00
 0.22136092878808E+00
 0.22135218236525E+00
 0.22134292378957E+00
 0.22133319176186E+00
 0.22132303490561E+00
 0.22131251254293E+00
 0.22130169506768E+00
 0.22129066446608E+00
 0.22127951478046E+00
 0.22126835224666E+00
 0.22125729692397E+00
 0.22124648127843E+00
 0.22123605169085E+00
 0.22122616848123E+00
 0.22121700623109E+00
 0.22120875404407E+00
 0.22120161572373E+00
 0.22119580999934E+00
 0.22119157079219E+00
 0.22118914719460E+00
 0.22118880377402E+00
 0.22119082055791E+00
 0.22119549292484E+00
 0.22120313270135E+00
 0.22121406738329E+00
 0.22122868061138E+00
 0.22124725980139E+00
 0.22127021375049E+00
 0.22129793455848E+00
 0.22133083093130E+00
 0.22136932830144E+00
 0.22141386877977E+00
 0.22146491129677E+00
 0.22152293339924E+00
 0.22158842779415E+00
 0.22166190747815E+00
 0.22174390335151E+00
 0.22183496552831E+00
 0.22193566318950E+00
 0.22204658599452E+00
 0.22216834518616E+00
 0.22230157348075E+00
 0.22244692549496E+00
 0.22260508136821E+00
 0.22277674474446E+00
 0.22296264731660E+00
 0.22316354659189E+00
 0.22338023125571E+00
 0.22361351919452E+00
 0.22386426254178E+00
 0.22413334593171E+00
 0.22442169371028E+00
 0.22473027041950E+00
 0.22506008099666E+00
 0.22541225317540E+00
 0.22578773687511E+00
 0.22618774843479E+00
 0.22661349284409E+00
 0.22706622799715E+00
 0.22754727157062E+00
 0.22805801605803E+00
 0.22859991575990E+00
 0.22917450337927E+00
 0.22978338646359E+00
 0.23042826495677E+00
 0.23111092253474E+00
 0.23183324443578E+00
 0.23259720960584E+00
 0.23340490919713E+00
 0.23425854934283E+00
 0.23516045785685E+00
 0.23611309355953E+00
 0.23711903935555E+00
 0.23818102436716E+00
 0.23930205939424E+00
 0.24048498332924E+00
 0.24173310345380E+00
 0.24304980687803E+00
 0.24443866140807E+00
 0.24590343538003E+00
 0.24744808727543E+00
 0.24907678385498E+00
 0.25079390394609E+00
 0.25260404110229E+00
 0.25451200725888E+00
 0.25652283800927E+00
 0.25864179275514E+00
 0.26087431040680E+00
 0.26322606938973E+00
 0.26570287638528E+00
 0.26831069559545E+00
 0.27105561554706E+00
 0.27394378274631E+00
 0.27698121700078E+00
 0.28017398657134E+00
 0.28352749177549E+00
 0.28704708491435E+00
 0.29073738265933E+00
 0.29460224812183E+00
 0.29864433025805E+00
 0.30286502353908E+00
 0.30726407056308E+00
 0.31183939561980E+00
 0.31658683975867E+00
 0.32149996497017E+00
 0.32656972872395E+00
 0.33178552975464E+00
 0.33713404368232E+00
 0.34260007269248E+00
 0.34816732041956E+00
 0.35381765942388E+00
 0.35953282967061E+00
 0.36529436610211E+00
 0.37108418019510E+00
 0.37688507998632E+00
 0.38268095266329E+00
 0.38845710615361E+00
 0.39420021927429E+00
 0.39989862522358E+00
 0.40554227479961E+00
 0.41112235717352E+00
 0.41663146992449E+00
 0.42206352617022E+00
 0.42741332158833E+00
 0.43267669712152E+00
 0.43785021641949E+00
 0.44293127091030E+00
 0.44791752071334E+00
 0.45280687597981E+00
 0.45759777745362E+00
 0.46228887621261E+00
 0.46687904395151E+00
 0.47136735125008E+00
 0.47575277311324E+00
 0.48003447808669E+00
 0.48421178854796E+00
 0.48828383313296E+00
 0.49224993515823E+00
 0.49610935924638E+00
 0.49986148544965E+00
 0.50350560666165E+00
 0.50704114378634E+00
 0.51046751931051E+00
 0.51378417095542E+00
 0.51699070643841E+00
 0.52008670882702E+00
 0.52307182312919E+00
 0.52594583588614E+00
 0.52870857908666E+00
 0.53136004273239E+00
 0.53390025149791E+00
 0.53632935849071E+00
 0.53864768968937E+00
 0.54085559441548E+00
 0.54295360223456E+00
 0.54494235698522E+00
 0.54682263647140E+00
 0.54859528824092E+00
 0.55026133043636E+00
 0.55182190018354E+00
 0.55327821961035E+00
 0.55463156233939E+00
 0.55588357606331E+00
 0.55703574393291E+00
 0.55808972401854E+00
 0.55904727972365E+00
 0.55991024981125E+00
 0.56068059221675E+00
 0.56136028209530E+00
 0.56195141409540E+00
 0.56245611678166E+00
 0.56287657539420E+00
 0.56321503078376E+00
 0.56347374159661E+00
 0.56365505747849E+00
 0.56376127134080E+00
 0.56379477358483E+00
 0.56375790543460E+00
 0.56365305622265E+00
 0.56348262090687E+00
 0.56324894231335E+00
 0.56295440554607E+00
 0.56260138261819E+00
 0.56219216868860E+00
 0.56172908896523E+00
 0.56121442773596E+00
 0.56065044400158E+00
 0.56003934020708E+00
 0.55938329239313E+00
 0.55868442023591E+00
 0.55794488213290E+00
 0.55716669293017E+00
 0.55635186065741E+00
 0.55550234656116E+00
 0.55462002489665E+00
 0.55370679820498E+00
 0.55276446038120E+00
 0.55179473364950E+00
 0.55079934714202E+00
 0.54977993952218E+00
 0.54873809820521E+00
 0.54767537398358E+00
 0.54659324583869E+00
 0.54549314107583E+00
 0.54437648503603E+00
 0.54324455580113E+00
 0.54209866003313E+00
 0.54094003239967E+00
 0.53976985196143E+00
 0.53858926305185E+00
 0.53739932896544E+00
 0.53620111441634E+00
 0.53499560218311E+00
 0.53378375512695E+00
 0.53256650276871E+00
 0.53134468263188E+00
 0.53011914038845E+00
 0.52889066820612E+00
 0.52765999681240E+00
 0.52642787123649E+00
 0.52519497443902E+00
 0.52396195007095E+00
 0.52272937256925E+00
 0.52149787111046E+00
 0.52026797855624E+00
 0.51904021849470E+00
 0.51781508279451E+00
 0.51659303705590E+00
 0.51537452140083E+00
 0.51415994720764E+00
 0.51294970335723E+00
 0.51174415918850E+00
 0.51054365879278E+00
 0.50934852250995E+00
 0.50815904973015E+00
 0.50697552634872E+00
 0.50579821538085E+00
 0.50462736148714E+00
 0.50346319929618E+00
 0.50230591421702E+00
 0.50115573515671E+00
 0.50001283455427E+00
 0.49887736765961E+00
 0.49774950785892E+00
 0.49662938221614E+00
 0.49551712158967E+00
 0.49441284689604E+00
 0.49331666427490E+00
 0.49222865702442E+00
 0.49114891841991E+00
 0.49007752944129E+00
 0.48901455020706E+00
 0.48796004086475E+00
 0.48691405001695E+00
 0.48587661235518E+00
 0.48484776881992E+00
 0.48382755290638E+00
 0.48281598096872E+00
 0.48181306849896E+00
 0.48081882451218E+00
 0.47983325258025E+00
 0.47885635159027E+00
