 0.00000000000000E+00
-0.21576976068405E-22
-0.82277422431533E-21
-0.35723967334124E-20
-0.55333123185090E-20
-0.37002602952992E-20
 0.71182319450749E-11
-0.25178318924591E-10
 0.22067954574816E-10
-0.43719843805946E-10
 0.11857791503523E-10
 0.59080132568960E-11
 0.19847379818681E-11
-0.60083294608309E-11
 0.71255796871908E-08
 0.24397149630800E-07
 0.11384463512473E-07
-0.48176154211327E-08
 0.93600531072088E-08
 0.30289871181486E-07
 0.72766992060307E-07
 0.16246149137196E-06
 0.37244661639952E-06
 0.75957915738799E-06
 0.14651406279430E-05
 0.27744374068268E-05
 0.48802303748686E-05
 0.82953816637066E-05
 0.13547039610828E-04
 0.21459539138482E-04
 0.32919505553449E-04
 0.49130255866772E-04
 0.71504606642846E-04
 0.10171039173554E-03
 0.14166899118856E-03
 0.19356711062947E-03
 0.25984265361192E-03
 0.34317807180229E-03
 0.44648518157314E-03
 0.57290311343721E-03
 0.72574092329847E-03
 0.90849791387068E-03
 0.11248155377224E-02
 0.13784400761452E-02
 0.16732380731606E-02
 0.20131284944940E-02
 0.24020903683716E-02
 0.28441037528897E-02
 0.33431959969668E-02
 0.39033395604139E-02
 0.45284872202708E-02
 0.52225381586304E-02
 0.59893305988932E-02
 0.68319902517452E-02
 0.77549390887773E-02
 0.87645813602966E-02
 0.98591943766627E-02
 0.11042484831248E-01
 0.12320299608196E-01
 0.13695683045712E-01
 0.15174352002430E-01
 0.16757877263921E-01
 0.18445209595281E-01
 0.20240701605129E-01
 0.22144145497058E-01
 0.24159731640491E-01
 0.26292139969106E-01
 0.28544692504004E-01
 0.30919318281564E-01
 0.33414636395261E-01
 0.36034262192966E-01
 0.38780830915801E-01
 0.41655659574442E-01
 0.44660551612329E-01
 0.47797338025432E-01
 0.51067669155237E-01
 0.54473222162857E-01
 0.58015788751979E-01
 0.61696959539051E-01
 0.65516645365693E-01
 0.69480340728177E-01
 0.73588028401672E-01
 0.77839546475529E-01
 0.82236297694863E-01
 0.86781460195362E-01
 0.91475751901647E-01
 0.96323009314908E-01
 0.10132494740063E+00
 0.10648411215965E+00
 0.11179932098890E+00
 0.11727346605275E+00
 0.12290808170676E+00
 0.12870378908355E+00
 0.13466369968571E+00
 0.14078867030446E+00
 0.14708392339200E+00
 0.15355063053556E+00
 0.16018880271915E+00
 0.16700473426388E+00
 0.17399804301504E+00
 0.18116786847154E+00
 0.18851871150510E+00
 0.19605137856688E+00
 0.20376695512076E+00
 0.21166747073069E+00
 0.21975407129708E+00
 0.22802801341854E+00
 0.23648992028213E+00
 0.24513963421514E+00
 0.25397624740239E+00
 0.26300022468833E+00
 0.27220459645332E+00
 0.28159188551186E+00
 0.29115766605728E+00
 0.30089760028021E+00
 0.31080595146807E+00
 0.32087790965201E+00
 0.33110392818387E+00
 0.34148032589516E+00
 0.35199396590241E+00
 0.36263260247904E+00
 0.37338341942378E+00
 0.38423185618178E+00
 0.39515981968064E+00
 0.40615002046642E+00
 0.41718102610207E+00
 0.42822512037176E+00
 0.43925353755247E+00
 0.45023509228833E+00
 0.46113472920585E+00
 0.47191028662982E+00
 0.48251558464384E+00
 0.49290340587105E+00
 0.50301959207359E+00
 0.51280703662702E+00
 0.52220318609354E+00
 0.53114135972105E+00
 0.53954608399860E+00
 0.54734465664044E+00
 0.55446212744820E+00
 0.56082946641974E+00
 0.56638796912975E+00
 0.57108677951133E+00
 0.57489547793274E+00
 0.57779485176220E+00
 0.57979274618264E+00
 0.58091478373549E+00
 0.58120553484486E+00
 0.58072618095406E+00
 0.57955024641931E+00
 0.57776034491611E+00
 0.57544292794079E+00
 0.57268388728665E+00
 0.56956511603741E+00
 0.56616189641555E+00
 0.56254196591053E+00
 0.55876552888540E+00
 0.55488351195917E+00
 0.55093775997785E+00
 0.54696234111903E+00
 0.54298452614175E+00
 0.53902486173458E+00
 0.53509858903526E+00
 0.53121704312920E+00
 0.52738716447622E+00
 0.52361376043022E+00
 0.51989884549746E+00
 0.51624291547961E+00
 0.51264529787207E+00
 0.50910464927871E+00
 0.50561873136108E+00
 0.50218522973435E+00
 0.49880140091232E+00
 0.49546469665750E+00
 0.49217261278253E+00
 0.48892227052072E+00
 0.48571139641347E+00
 0.48253774600965E+00
 0.47939947945377E+00
 0.47629469321272E+00
 0.47322203715938E+00
 0.47018019035833E+00
 0.46716805769944E+00
 0.46418450697844E+00
 0.46122885830798E+00
 0.45830042688378E+00
 0.45539876575956E+00
 0.45252338023865E+00
 0.44967406686812E+00
 0.44685052489352E+00
 0.44405269129094E+00
 0.44128030872226E+00
 0.43853349798559E+00
 0.43581222568808E+00
 0.43311651690722E+00
 0.43044644038238E+00
 0.42780209200399E+00
 0.42518355813149E+00
 0.42259090954850E+00
 0.42002428024033E+00
 0.41748384333164E+00
 0.41496959876589E+00
 0.41248169637788E+00
 0.41002024556116E+00
 0.40758527665662E+00
 0.40517686021114E+00
 0.40279517973653E+00
 0.40044012802285E+00
 0.39811174709439E+00
 0.39581010737560E+00
 0.39353520365254E+00
 0.39128695183722E+00
 0.38906534529944E+00
 0.38687030130977E+00
 0.38470181041549E+00
 0.38255975932077E+00
 0.38044401499718E+00
 0.37835441252062E+00
 0.37629094649952E+00
 0.37425336601600E+00
 0.37224160843376E+00
 0.37025536644231E+00
 0.36829457543717E+00
 0.36635896656406E+00
 0.36444833452381E+00
 0.36256246501385E+00
 0.36070107125191E+00
 0.35886400036659E+00
 0.35705089623869E+00
 0.35526166061162E+00
 0.35349586263854E+00
 0.35175341651962E+00
 0.35003388889636E+00
 0.34833694377622E+00
 0.34666246337808E+00
 0.34501004659768E+00
 0.34337933009492E+00
 0.34177020370211E+00
 0.34018218610462E+00
 0.33861498104201E+00
 0.33706834017207E+00
 0.33554195322600E+00
 0.33403551920210E+00
 0.33254857529576E+00
 0.33108106035682E+00
 0.32963254820196E+00
 0.32820293481559E+00
 0.32679147418751E+00
 0.32539827930372E+00
 0.32402260338557E+00
 0.32266447006376E+00
 0.32132356679060E+00
 0.31999945815194E+00
 0.31869175876395E+00
 0.31740041583120E+00
 0.31612493804244E+00
 0.31486503950882E+00
 0.31362062670833E+00
 0.31239129928905E+00
 0.31117664062918E+00
 0.30997653982586E+00
 0.30879083979653E+00
 0.30761893820494E+00
 0.30646093348106E+00
 0.30531629409020E+00
 0.30418478272513E+00
 0.30306612667363E+00
 0.30196014302269E+00
 0.30086664414129E+00
 0.29978527633161E+00
 0.29871592311569E+00
 0.29765830245886E+00
 0.29661208191150E+00
 0.29557722609505E+00
 0.29455331670352E+00
 0.29354029927846E+00
 0.29253770788772E+00
 0.29154557320715E+00
 0.29056369312437E+00
 0.28959172498348E+00
 0.28862960933568E+00
 0.28767703651817E+00
 0.28673380441533E+00
 0.28579986061608E+00
 0.28487499989255E+00
 0.28395900835532E+00
 0.28305173050407E+00
 0.28215292791284E+00
 0.28126239211132E+00
 0.28038009657648E+00
 0.27950585768454E+00
 0.27863951640542E+00
 0.27778088698823E+00
 0.27692986339083E+00
 0.27608620617395E+00
 0.27524995867642E+00
 0.27442090454075E+00
 0.27359882635254E+00
 0.27278366801105E+00
 0.27197511474948E+00
