 0.30369300714823E+03
 0.30369298121885E+03
 0.30369273905959E+03
 0.30369184695522E+03
 0.30368968678491E+03
 0.30368550640340E+03
 0.30367845360428E+03
 0.30366774884860E+03
 0.30365332607726E+03
 0.30363720883366E+03
 0.30362540639970E+03
 0.30362963637045E+03
 0.30366814626055E+03
 0.30376529572673E+03
 0.30395001829310E+03
 0.30425357889598E+03
 0.30470711587204E+03
 0.30533937182446E+03
 0.30617486788977E+03
 0.30723265228573E+03
 0.30852559945081E+03
 0.31006021360228E+03
 0.31183682971336E+03
 0.31385011060223E+03
 0.31608970020430E+03
 0.31854100220358E+03
 0.32118604597410E+03
 0.32400426805722E+03
 0.32697323079787E+03
 0.33006932644116E+03
 0.33326839259786E+03
 0.33654622484899E+03
 0.33987901714879E+03
 0.34324370909998E+03
 0.34661826984609E+03
 0.34998192629205E+03
 0.35331530730064E+03
 0.35660055280371E+03
 0.35982140188931E+03
 0.36296315590169E+03
 0.36601271961122E+03
 0.36895858354231E+03
 0.37179075580493E+03
 0.37450071979024E+03
 0.37708134932202E+03
 0.37952683073333E+03
 0.38183258148855E+03
 0.38399513617855E+03
 0.38601217047775E+03
 0.38788224485900E+03
 0.38960483824194E+03
 0.39118023662163E+03
 0.39260945671317E+03
 0.39389417272711E+03
 0.39503664578097E+03
 0.39603966174960E+03
 0.39690648410560E+03
 0.39764076153459E+03
 0.39824651239311E+03
 0.39872806644609E+03
 0.39908998203311E+03
 0.39933712957555E+03
 0.39947453816107E+03
 0.39950772397183E+03
 0.39944143403833E+03
 0.39928136948730E+03
 0.39903304985573E+03
 0.39870208068286E+03
 0.39829408726215E+03
 0.39781473094475E+03
 0.39726969053610E+03
 0.39666468839119E+03
 0.39600533063252E+03
 0.39529729640344E+03
 0.39454622244961E+03
 0.39375770504033E+03
 0.39293729495141E+03
 0.39209049629906E+03
 0.39122276620469E+03
 0.39033951053314E+03
 0.38944601947029E+03
 0.38854757763963E+03
 0.38764943190557E+03
 0.38675673507840E+03
 0.38587452517962E+03
 0.38500781030788E+03
 0.38416155241596E+03
 0.38334050020082E+03
 0.38254949109373E+03
 0.38179324195758E+03
 0.38107636575466E+03
 0.38040337788904E+03
 0.37977920450929E+03
 0.37920722183111E+03
 0.37869209216292E+03
 0.37823792202504E+03
 0.37784864281221E+03
 0.37752801520167E+03
 0.37727966646458E+03
 0.37710695488058E+03
 0.37701299090093E+03
 0.37700057502045E+03
 0.37707221301988E+03
 0.37722983400704E+03
 0.37747500237241E+03
 0.37780855470273E+03
 0.37823065282915E+03
 0.37874053030807E+03
 0.37933636862209E+03
 0.38001530817848E+03
 0.38077251947665E+03
 0.38160156510692E+03
 0.38249456862817E+03
 0.38343930415704E+03
 0.38442200932445E+03
 0.38542480543586E+03
 0.38642529623498E+03
 0.38739609452480E+03
 0.38830359911932E+03
 0.38910704647701E+03
 0.38975722837818E+03
 0.39019509739172E+03
 0.39035001456252E+03
 0.39013848688978E+03
 0.38946190142360E+03
 0.38820506437407E+03
 0.38623452971541E+03
 0.38339716813895E+03
 0.37951977346153E+03
 0.37440995862469E+03
 0.36785792507976E+03
 0.35964232258850E+03
 0.34953765934134E+03
 0.33732667619766E+03
 0.32281625570041E+03
 0.30585822309886E+03
 0.28636993389587E+03
 0.26435808003239E+03
 0.23993464781872E+03
 0.21332692601626E+03
 0.18487588814896E+03
 0.15502112495415E+03
 0.12427398094944E+03
 0.93182793345693E+02
 0.62285013510738E+02
 0.32068820618819E+02
 0.29295874160157E+01
-0.24859642868111E+02
-0.51153360751187E+02
-0.75922990885667E+02
-0.99217383805435E+02
-0.12111054150581E+03
-0.14164600577756E+03
-0.16078805964744E+03
-0.17839053310195E+03
-0.19418456652714E+03
-0.20778602277078E+03
-0.21871582822886E+03
-0.22642792828407E+03
-0.23034106469722E+03
-0.22987022896828E+03
-0.22445133030046E+03
-0.21356301938574E+03
-0.19674164042170E+03
-0.17359212808777E+03
-0.14379431130561E+03
-0.10710412613265E+03
-0.63355373093235E+02
-0.12456831551098E+02
 0.45612847078237E+02
 0.11080497234286E+03
 0.18301305855447E+03
 0.26206826426215E+03
 0.34775341242437E+03
 0.43980408931365E+03
 0.53791206749366E+03
 0.64173239084673E+03
 0.75089138034605E+03
 0.86498493965589E+03
 0.98358579657054E+03
 0.11062475313262E+04
 0.12325076930202E+04
 0.13618972147524E+04
 0.14939361296132E+04
 0.16281408373250E+04
 0.17640283468157E+04
 0.19011168104824E+04
 0.20389381237186E+04
 0.21770121954754E+04
 0.23148962385343E+04
 0.24521519465802E+04
 0.25883389748579E+04
 0.27230572140980E+04
 0.28559391690974E+04
 0.29865715882410E+04
 0.31146575341429E+04
 0.32398347582177E+04
 0.33618422605621E+04
 0.34803892669228E+04
 0.35952221496730E+04
 0.37061282594887E+04
 0.38129034329232E+04
 0.39153907085837E+04
 0.40134301174140E+04
 0.41068872322334E+04
 0.41956817936725E+04
 0.42797409677514E+04
 0.43589861144729E+04
 0.44333850430407E+04
 0.45029349530251E+04
 0.45676449295133E+04
 0.46275056817376E+04
 0.46825838635266E+04
 0.47329113491002E+04
 0.47785749543101E+04
 0.48196203614303E+04
 0.48561670868907E+04
 0.48883039289258E+04
 0.49161327154418E+04
 0.49397794591896E+04
 0.49593661509278E+04
 0.49750159503588E+04
 0.49868650097020E+04
 0.49950496572372E+04
 0.49997131230163E+04
 0.50009924748724E+04
 0.49990333411361E+04
 0.49939766014840E+04
 0.49859731631713E+04
 0.49751635007615E+04
 0.49616907851734E+04
 0.49456902507311E+04
 0.49273034580487E+04
 0.49066676666612E+04
 0.48839155574509E+04
 0.48591761304192E+04
 0.48325777279016E+04
 0.48042426391293E+04
 0.47742894349116E+04
 0.47428351997602E+04
 0.47099908565202E+04
 0.46758635310344E+04
 0.46405604589751E+04
 0.46041785303699E+04
 0.45668131283930E+04
 0.45285554838788E+04
 0.44894933452739E+04
 0.44497141370265E+04
 0.44092848909264E+04
 0.43683029713128E+04
 0.43268083015334E+04
 0.42848953467174E+04
 0.42426237732787E+04
 0.42000461261171E+04
 0.41572278361465E+04
 0.41142192608468E+04
 0.40710721072655E+04
 0.40278346580296E+04
 0.39845523850044E+04
 0.39412669902063E+04
 0.38980172000860E+04
 0.38548405193268E+04
 0.38117718488096E+04
 0.37688424642128E+04
 0.37260824687813E+04
 0.36835192294583E+04
 0.36411782515293E+04
 0.35990831473251E+04
 0.35572556877938E+04
 0.35157154940880E+04
 0.34744809357313E+04
 0.34335687817717E+04
 0.33929942355785E+04
 0.33527759861766E+04
 0.33129110310714E+04
 0.32734303990747E+04
 0.32343253490946E+04
 0.31956181882897E+04
 0.31573127077763E+04
 0.31194205382585E+04
 0.30819325161456E+04
 0.30448681614106E+04
 0.30082288914108E+04
 0.29720139291903E+04
 0.29362312075092E+04
 0.29008783524913E+04
 0.28659593102013E+04
 0.28314742093965E+04
 0.27974246813491E+04
 0.27638098137999E+04
 0.27306267436854E+04
 0.26978785710921E+04
 0.26655602154680E+04
 0.26336721108912E+04
 0.26022119684251E+04
 0.25711771157838E+04
 0.25405649152391E+04
 0.25103724332204E+04
 0.24805963440106E+04
 0.24512337842897E+04
