 0.10909164672639E+00
 0.10909164672628E+00
 0.10909164672512E+00
 0.10909164672767E+00
 0.10909164677424E+00
 0.10909164698344E+00
 0.10909164758244E+00
 0.10909164890567E+00
 0.10909165133494E+00
 0.10909165505523E+00
 0.10909165953019E+00
 0.10909166256428E+00
 0.10909165902893E+00
 0.10909163933323E+00
 0.10909158789928E+00
 0.10909148183285E+00
 0.10909128992642E+00
 0.10909097211079E+00
 0.10909047947234E+00
 0.10908975444891E+00
 0.10908873174811E+00
 0.10908733930727E+00
 0.10908549953337E+00
 0.10908313050517E+00
 0.10908014743613E+00
 0.10907646394241E+00
 0.10907199222156E+00
 0.10906664407175E+00
 0.10906033181688E+00
 0.10905296820808E+00
 0.10904446615897E+00
 0.10903473853747E+00
 0.10902369780670E+00
 0.10901125516619E+00
 0.10899731978720E+00
 0.10898179820668E+00
 0.10896459324705E+00
 0.10894560321364E+00
 0.10892472086250E+00
 0.10890183310255E+00
 0.10887681991441E+00
 0.10884955348963E+00
 0.10881989784946E+00
 0.10878770799037E+00
 0.10875282950080E+00
 0.10871509801965E+00
 0.10867433876326E+00
 0.10863036652138E+00
 0.10858298345050E+00
 0.10853198125446E+00
 0.10847713910434E+00
 0.10841822366878E+00
 0.10835498867221E+00
 0.10828717450820E+00
 0.10821450792930E+00
 0.10813670164532E+00
 0.10805345385704E+00
 0.10796444808143E+00
 0.10786935263019E+00
 0.10776782043600E+00
 0.10765948897734E+00
 0.10754397877734E+00
 0.10742089411415E+00
 0.10728976898681E+00
 0.10715027016860E+00
 0.10700190694251E+00
 0.10684421516836E+00
 0.10667671293672E+00
 0.10649890040162E+00
 0.10631026000537E+00
 0.10611025654473E+00
 0.10589833501513E+00
 0.10567392557661E+00
 0.10543643735696E+00
 0.10518526211151E+00
 0.10491977322375E+00
 0.10463932662296E+00
 0.10434326004095E+00
 0.10403089262538E+00
 0.10370152625959E+00
 0.10335444667500E+00
 0.10298892005905E+00
 0.10260419771861E+00
 0.10219951197743E+00
 0.10177408137869E+00
 0.10132710626180E+00
 0.10085777414273E+00
 0.10036525550371E+00
 0.99848710448678E-01
 0.99307282202309E-01
 0.98740100187744E-01
 0.98146285531008E-01
 0.97524848021285E-01
 0.96875080283137E-01
 0.96195988679123E-01
 0.95486659375760E-01
 0.94746181481575E-01
 0.93973645434362E-01
 0.93168132177517E-01
 0.92328737651455E-01
 0.91454561322438E-01
 0.90544720531831E-01
 0.89598339706714E-01
 0.88614571819775E-01
 0.87592589241831E-01
 0.86531607656982E-01
 0.85430876550345E-01
 0.84289690847743E-01
 0.83107399957548E-01
 0.81883412316348E-01
 0.80617225979175E-01
 0.79308414152306E-01
 0.77956509052564E-01
 0.76561500885509E-01
 0.75123175965765E-01
 0.73641555838811E-01
 0.72116811997453E-01
 0.70549267681170E-01
 0.68939432002355E-01
 0.67288005286121E-01
 0.65595898206975E-01
 0.63864250914511E-01
 0.62094451676221E-01
 0.60288147346262E-01
 0.58447263108325E-01
 0.56574051260948E-01
 0.54671051759843E-01
 0.52741180019630E-01
 0.50787701211042E-01
 0.48814247697627E-01
 0.46824835232226E-01
 0.44823969256345E-01
 0.42816468174269E-01
 0.40807826148943E-01
 0.38803749140849E-01
 0.36810474212287E-01
 0.34834595939573E-01
 0.32883150319911E-01
 0.30963411023794E-01
 0.29082844561803E-01
 0.27248930322531E-01
 0.25469019546252E-01
 0.23750105377887E-01
 0.22098769120944E-01
 0.20520526038080E-01
 0.19020178953581E-01
 0.17601383434455E-01
 0.16266526948715E-01
 0.15016859114198E-01
 0.13852313975063E-01
 0.12771683587295E-01
 0.11772733163176E-01
 0.10852346006270E-01
 0.10006732879914E-01
 0.92316076729969E-02
 0.85223919487452E-02
 0.78743529336027E-02
 0.72827373870271E-02
 0.67429288722103E-02
 0.62504806440546E-02
 0.58011839976627E-02
 0.53911190924771E-02
 0.50166479471289E-02
 0.46744349439960E-02
 0.43614303541913E-02
 0.40748711966407E-02
 0.38122612042509E-02
 0.35713409689803E-02
 0.33500749680977E-02
 0.31466299860624E-02
 0.29593585456521E-02
 0.27867774068073E-02
 0.26275563220121E-02
 0.24804950066229E-02
 0.23445166160733E-02
 0.22186488603819E-02
 0.21020163752796E-02
 0.19938282079431E-02
 0.18933714003533E-02
 0.17999998831926E-02
 0.17131294471516E-02
 0.16322308947510E-02
 0.15568229407432E-02
 0.14864692656724E-02
 0.14207730695369E-02
 0.13593724878015E-02
 0.13019382398666E-02
 0.12481692109160E-02
 0.11977908271695E-02
 0.11505519186539E-02
 0.11062220544048E-02
 0.10645907550412E-02
 0.10254644946081E-02
 0.98866560520429E-03
 0.95403078216722E-03
 0.92141004691966E-03
 0.89066493843515E-03
 0.86166799571951E-03
 0.83430171525576E-03
 0.80845777348485E-03
 0.78403522983258E-03
 0.76094164099398E-03
 0.73909116143585E-03
 0.71840427386266E-03
 0.69880732085383E-03
 0.68023182485174E-03
 0.66261442376048E-03
 0.64589608928427E-03
 0.63002205121321E-03
 0.61494132391566E-03
 0.60060643146760E-03
 0.58697323398282E-03
 0.57400041132694E-03
 0.56164965241923E-03
 0.54988499588887E-03
 0.53867302479289E-03
 0.52798241476234E-03
 0.51778387545489E-03
 0.50805010117518E-03
 0.49875542854142E-03
 0.48987582246099E-03
 0.48138887835977E-03
 0.47327346804749E-03
 0.46550980609628E-03
 0.45807932935012E-03
 0.45096461203534E-03
 0.44414928308534E-03
 0.43761796102301E-03
 0.43135607718516E-03
 0.42535005185519E-03
 0.41958704034703E-03
 0.41405494726503E-03
 0.40874242784305E-03
 0.40363867926394E-03
 0.39873358150942E-03
 0.39401760942937E-03
 0.38948169491638E-03
 0.38511731854263E-03
 0.38091643865445E-03
 0.37687142092764E-03
 0.37297506560512E-03
 0.36922056681406E-03
 0.36560141705152E-03
 0.36211157769415E-03
 0.35874522105223E-03
 0.35549685737719E-03
 0.35236128982795E-03
 0.34933357281120E-03
 0.34640905121854E-03
 0.34358325761771E-03
 0.34085198635302E-03
 0.33821121584554E-03
 0.33565711245674E-03
 0.33318609382892E-03
 0.33079469449856E-03
 0.32847963554030E-03
 0.32623782348480E-03
 0.32406625584804E-03
 0.32196210386996E-03
 0.31992267266022E-03
 0.31794544215827E-03
 0.31602790854413E-03
 0.31416776148111E-03
 0.31236276853880E-03
 0.31061080736179E-03
 0.30890984915865E-03
 0.30725795716969E-03
 0.30565328361185E-03
 0.30409406220853E-03
 0.30257860032895E-03
 0.30110528301599E-03
 0.29967256860374E-03
 0.29827898311727E-03
 0.29692310884333E-03
 0.29560359396819E-03
 0.29431914518606E-03
 0.29306851578459E-03
 0.29185054593297E-03
 0.29066406183020E-03
 0.28950798077229E-03
 0.28838127355840E-03
 0.28728291292685E-03
 0.28621195301647E-03
 0.28516746888505E-03
 0.28414856848431E-03
 0.28315440140427E-03
 0.28218416475948E-03
 0.28123706491272E-03
 0.28031234409587E-03
 0.27940928285352E-03
 0.27852718418637E-03
 0.27766538113631E-03
 0.27682323737782E-03
 0.27600012702859E-03
 0.27519545292597E-03
 0.27440864349407E-03
 0.27363914767831E-03
 0.27288643571940E-03
 0.27214999733800E-03
 0.27142934002561E-03
