 0.10000000133514E-09
 0.10000000133514E-09
 0.10000000133514E-09
 0.10000000133514E-09
 0.10000000133514E-09
 0.10000000133514E-09
 0.10000000133514E-09
 0.10000000133514E-09
 0.10000000133514E-09
 0.10000000133514E-09
 0.10000000133514E-09
 0.10000000133514E-09
 0.10000000133514E-09
 0.10000000133514E-09
 0.10000000133514E-09
 0.10000000133514E-09
 0.10000000133514E-09
 0.67276699392145E-03
 0.67276699392145E-03
 0.13575105842788E-02
 0.18304907966105E-02
 0.23996605136919E-02
 0.30700507847571E-02
 0.38452974123866E-02
 0.47277462365894E-02
 0.57185922719259E-02
 0.68180391848782E-02
 0.80254532366297E-02
 0.93395251562826E-02
 0.10758407628303E-01
 0.12279861758680E-01
 0.13901377681641E-01
 0.15620269431276E-01
 0.17433763270342E-01
 0.19339078746112E-01
 0.21333495153325E-01
 0.23414396895634E-01
 0.25579294141324E-01
 0.27825867602297E-01
 0.30151989972458E-01
 0.32555755040285E-01
 0.35035444716018E-01
 0.37589562707030E-01
 0.40216819577200E-01
 0.42916134134693E-01
 0.45686620974333E-01
 0.48527575102783E-01
 0.51438463631656E-01
 0.54418943904282E-01
 0.57468801318547E-01
 0.60587958553925E-01
 0.63776471017907E-01
 0.67034514071962E-01
 0.70362375773281E-01
 0.73760424036321E-01
 0.77229098438119E-01
 0.80768908663794E-01
 0.84380449337332E-01
 0.88064358971661E-01
 0.91821292971085E-01
 0.95651998914994E-01
 0.99557204075475E-01
 0.10353771984268E+00
 0.10760282119242E+00
 0.11173768765810E+00
 0.11595053999382E+00
 0.12024228568804E+00
 0.12461385491877E+00
 0.12906623696350E+00
 0.13360038816575E+00
 0.13821724088113E+00
 0.14291788573383E+00
 0.14770315789257E+00
 0.15257420167675E+00
 0.15753206827370E+00
 0.16257785308273E+00
 0.16771256292630E+00
 0.17293730833268E+00
 0.17825326159652E+00
 0.18366150247740E+00
 0.18916319127192E+00
 0.19475951292313E+00
 0.20045154555824E+00
 0.20624054502955E+00
 0.21212763874646E+00
 0.21811410136847E+00
 0.22420101693238E+00
 0.23038972426510E+00
 0.23668123672742E+00
 0.24307678969402E+00
 0.24957765039126E+00
 0.25618491614228E+00
 0.26290282737702E+00
 0.26972629339923E+00
 0.27665922885278E+00
 0.28370269433853E+00
 0.29085746558069E+00
 0.29812415754054E+00
 0.30550363996458E+00
 0.31299634289340E+00
 0.32060269307300E+00
 0.32832279636378E+00
 0.33615684379353E+00
 0.34410461757715E+00
 0.35216582746337E+00
 0.36033968314891E+00
 0.36862528907254E+00
 0.37702139933253E+00
 0.38552642504033E+00
 0.39413846712703E+00
 0.40285496775696E+00
 0.41167311253767E+00
 0.42059154231713E+00
 0.42960319949175E+00
 0.43870532077955E+00
 0.44789309406548E+00
 0.45716099761699E+00
 0.46650311505268E+00
 0.47591281971754E+00
 0.48538277149138E+00
 0.49490511678996E+00
 0.50447128269946E+00
 0.51407208019360E+00
 0.52369768470391E+00
 0.53333772380960E+00
 0.54298112599976E+00
 0.55261643719821E+00
 0.56223148299027E+00
 0.57181370686419E+00
 0.58135029038914E+00
 0.59082784278457E+00
 0.60023297852732E+00
 0.60955284410218E+00
 0.61877175747029E+00
 0.62787576451037E+00
 0.63685158154732E+00
 0.64568551882938E+00
 0.65436420294329E+00
 0.66287498115180E+00
 0.67120572472283E+00
 0.67934529080869E+00
 0.68728477619349E+00
 0.69501536787250E+00
 0.70253176816767E+00
 0.70983018720253E+00
 0.71690914857694E+00
 0.72376899942705E+00
 0.73041471261984E+00
 0.73684911496743E+00
 0.74307959586676E+00
 0.74911425642414E+00
 0.75496253283819E+00
 0.76063483423536E+00
 0.76614184116708E+00
 0.77149424299172E+00
 0.77670204205227E+00
 0.78177542627875E+00
 0.78672387725350E+00
 0.79155559764792E+00
 0.79627851586961E+00
 0.80089988306947E+00
 0.80542573922172E+00
 0.80986201341038E+00
 0.81421375140253E+00
 0.81848584412120E+00
 0.82268214749498E+00
 0.82680577707401E+00
 0.83085986970565E+00
 0.83484716716395E+00
 0.83877024076072E+00
 0.84263124633737E+00
 0.84643231007083E+00
 0.85017506937973E+00
 0.85386124310159E+00
 0.85749217791883E+00
 0.86106928049988E+00
 0.86459373126911E+00
 0.86806672121788E+00
 0.87148918692114E+00
 0.87486219016673E+00
 0.87818662312725E+00
 0.88146326105750E+00
 0.88469301480976E+00
 0.88787661576464E+00
 0.89101475853656E+00
 0.89410821311097E+00
 0.89715758979047E+00
 0.90016362643979E+00
 0.90312691841664E+00
 0.90604807463577E+00
 0.90892776300463E+00
 0.91176651152653E+00
 0.91456492424831E+00
 0.91732358790450E+00
 0.92004308382408E+00
 0.92272390026161E+00
 0.92536665923283E+00
 0.92797187086543E+00
 0.93054005723015E+00
 0.93307170924771E+00
 0.93556747799182E+00
 0.93802780629020E+00
 0.94045322537662E+00
 0.94284423120517E+00
 0.94520131082382E+00
 0.94752500160945E+00
 0.94981576202956E+00
 0.95207409618416E+00
 0.95430047732300E+00
 0.95649538115279E+00
 0.95865928824953E+00
 0.96079264776956E+00
 0.96289593591149E+00
 0.96496958748907E+00
 0.96701408577505E+00
 0.96902985145626E+00
 0.97101733074706E+00
 0.97297696453729E+00
 0.97490916560375E+00
 0.97681436512132E+00
 0.97869299460704E+00
 0.98054543206241E+00
 0.98237210997916E+00
 0.98417343463440E+00
 0.98594977386628E+00
 0.98770153941916E+00
 0.98942910529714E+00
 0.99113285879310E+00
 0.99281315688783E+00
 0.99447037335588E+00
 0.99610487506856E+00
 0.99771701853127E+00
 0.99930715142586E+00
 0.10008756100979E+01
 0.10024227390914E+01
 0.10039488781671E+01
 0.10054543522989E+01
 0.10069394864826E+01
 0.10084045924978E+01
 0.10098499830637E+01
 0.10112759728686E+01
 0.10126828676284E+01
 0.10140709612393E+01
 0.10154405411536E+01
 0.10167919046719E+01
 0.10181253385030E+01
 0.10194411161460E+01
 0.10207395087975E+01
 0.10220207895300E+01
 0.10232852174405E+01
 0.10245330556362E+01
 0.10257645626130E+01
 0.10269799851849E+01
 0.10281795758970E+01
 0.10293635701608E+01
 0.10305322141400E+01
 0.10316857400342E+01
 0.10328243779478E+01
 0.10339483583852E+01
 0.10350579004352E+01
 0.10361532212090E+01
 0.10372345409914E+01
 0.10383020699139E+01
 0.10393560128364E+01
 0.10403965784430E+01
 0.10414239656566E+01
 0.10424383704959E+01
 0.10434399885976E+01
 0.10444290095493E+01
 0.10454056213831E+01
 0.10463700078758E+01
 0.10473223502370E+01
 0.10482628257061E+01
 0.10491916099940E+01
 0.10501088740948E+01
 0.10510147845218E+01
 0.10519095094641E+01
 0.10527932106264E+01
 0.10536660521814E+01
 0.10545281896244E+01
 0.10553797782330E+01
 0.10562209677914E+01
 0.10570519113126E+01
 0.10578727538687E+01
 0.10586836399794E+01
 0.10594847139593E+01
 0.10602761148229E+01
 0.10610579797868E+01
 0.10618304426009E+01
 0.10625936383378E+01
 0.10633476970570E+01
 0.10640927473679E+01
 0.10648289159942E+01
 0.10655563264274E+01
 0.10662751004989E+01
 0.10669853592666E+01
 0.10676872209785E+01
 0.10683808017622E+01
 0.10690662155382E+01
 0.10697435754755E+01
