 0.29885054579258E+03
 0.29885054576272E+03
 0.29885054543346E+03
 0.29885054403703E+03
 0.29885054027915E+03
 0.29885053243528E+03
 0.29885051841994E+03
 0.29885049577361E+03
 0.29885046148725E+03
 0.29885041141947E+03
 0.29885033901938E+03
 0.29885023315464E+03
 0.29885007517472E+03
 0.29884983553993E+03
 0.29884947052016E+03
 0.29884891939019E+03
 0.29884810240999E+03
 0.29884691974023E+03
 0.29884525128913E+03
 0.29884295735355E+03
 0.29883987995358E+03
 0.29883584464230E+03
 0.29883066264059E+03
 0.29882413312410E+03
 0.29881604562639E+03
 0.29880618233336E+03
 0.29879432019595E+03
 0.29878023296422E+03
 0.29876369306007E+03
 0.29874447312290E+03
 0.29872234739848E+03
 0.29869709291646E+03
 0.29866849055513E+03
 0.29863632573882E+03
 0.29860038912794E+03
 0.29856047730858E+03
 0.29851639308761E+03
 0.29846794588595E+03
 0.29841495192252E+03
 0.29835723459446E+03
 0.29829462445050E+03
 0.29822695921524E+03
 0.29815408383004E+03
 0.29807585032536E+03
 0.29799211769754E+03
 0.29790275168241E+03
 0.29780762447184E+03
 0.29770661455490E+03
 0.29759960555583E+03
 0.29748648680609E+03
 0.29736715210995E+03
 0.29724149930543E+03
 0.29710942956184E+03
 0.29697084665158E+03
 0.29682565619308E+03
 0.29667376481783E+03
 0.29651507927650E+03
 0.29634950557368E+03
 0.29617694800005E+03
 0.29599730822228E+03
 0.29581048436859E+03
 0.29561636968171E+03
 0.29541485174836E+03
 0.29520579073619E+03
 0.29498909689172E+03
 0.29476461764600E+03
 0.29453220751600E+03
 0.29429171009765E+03
 0.29404295699027E+03
 0.29378576686989E+03
 0.29351994454370E+03
 0.29324527900211E+03
 0.29296154433849E+03
 0.29266849637676E+03
 0.29236587288036E+03
 0.29205339208059E+03
 0.29173075178037E+03
 0.29139762803064E+03
 0.29105367366520E+03
 0.29069851745650E+03
 0.29033176358323E+03
 0.28995298839273E+03
 0.28956174117471E+03
 0.28915754067690E+03
 0.28873987582628E+03
 0.28830820203503E+03
 0.28786194175448E+03
 0.28740048032656E+03
 0.28692316737381E+03
 0.28642931112932E+03
 0.28591817695289E+03
 0.28538898877945E+03
 0.28484087121326E+03
 0.28427305148653E+03
 0.28368456169146E+03
 0.28307442391171E+03
 0.28244160676733E+03
 0.28178502042454E+03
 0.28110350614144E+03
 0.28039584430032E+03
 0.27966074285616E+03
 0.27889683958923E+03
 0.27810268957407E+03
 0.27727677023530E+03
 0.27641746828335E+03
 0.27552308785177E+03
 0.27459183461371E+03
 0.27362181311691E+03
 0.27261102335733E+03
 0.27155735065411E+03
 0.27045858122721E+03
 0.26931237112862E+03
 0.26811615635135E+03
 0.26686749262528E+03
 0.26556356905065E+03
 0.26420150652543E+03
 0.26277828333323E+03
 0.26129071864732E+03
 0.25973548413994E+03
 0.25810909269569E+03
 0.25640789886426E+03
 0.25462810028953E+03
 0.25276574358064E+03
 0.25081671808597E+03
 0.24877677040478E+03
 0.24664155162103E+03
 0.24440658188148E+03
 0.24206735228028E+03
 0.23961932940947E+03
 0.23705802002457E+03
 0.23437903467155E+03
 0.23157834478899E+03
 0.22865215242347E+03
 0.22559754594161E+03
 0.22241207703953E+03
 0.21909450556284E+03
 0.21564480965705E+03
 0.21206474464039E+03
 0.20835791540292E+03
 0.20453015784453E+03
 0.20058968289138E+03
 0.19654728060772E+03
 0.19241617132785E+03
 0.18821240238533E+03
 0.18395322115729E+03
 0.17965817377920E+03
 0.17534773059448E+03
 0.17104269443543E+03
 0.16676384474790E+03
 0.16253087384909E+03
 0.15836199082187E+03
 0.15427342745648E+03
 0.15027899766523E+03
 0.14638998236743E+03
 0.14261501984695E+03
 0.13896028983044E+03
 0.13542960330697E+03
 0.13202460349887E+03
 0.12874539352334E+03
 0.12559054223162E+03
 0.12255749262314E+03
 0.11964292818677E+03
 0.11684286027457E+03
 0.11415295408570E+03
 0.11156863237416E+03
 0.10908525801020E+03
 0.10669823681846E+03
 0.10440303234219E+03
 0.10219524284562E+03
 0.10007062505939E+03
 0.98025158345226E+02
 0.96054953564629E+02
 0.94156409452102E+02
 0.92326080371391E+02
 0.90560738070951E+02
 0.88857328318639E+02
 0.87212982913598E+02
 0.85624995611383E+02
 0.84090831188984E+02
 0.82608087991801E+02
 0.81174511124332E+02
 0.79787976401326E+02
 0.78446469182224E+02
 0.77148094599420E+02
 0.75891060516131E+02
 0.74673664237884E+02
 0.73494302083385E+02
 0.72351444393832E+02
 0.71243644795884E+02
 0.70169530619053E+02
 0.69127789586465E+02
 0.68117182984688E+02
 0.67136525172024E+02
 0.66184686640799E+02
 0.65260591476776E+02
 0.64363216293342E+02
 0.63491577195480E+02
 0.62644739796903E+02
 0.61821810111447E+02
 0.61020633462902E+02
 0.60242994836678E+02
 0.59486805665189E+02
 0.58751313589500E+02
 0.58035801390797E+02
 0.57339580104112E+02
 0.56661987839744E+02
 0.56002392478661E+02
 0.55360185479795E+02
 0.54734783945920E+02
 0.54125628226583E+02
 0.53532180183922E+02
 0.52953923560679E+02
 0.52390362220302E+02
 0.51841019394039E+02
 0.51305435601966E+02
 0.50783170435908E+02
 0.50273799951273E+02
 0.49776915582448E+02
 0.49292125335877E+02
 0.48819051183266E+02
 0.48357328634446E+02
 0.47906608567622E+02
 0.47466552631860E+02
 0.47036835626065E+02
 0.46617145282658E+02
 0.46207178702464E+02
 0.45806645369105E+02
 0.45415264483160E+02
 0.45032766138228E+02
 0.44658888964806E+02
 0.44293381104496E+02
 0.43935999696895E+02
 0.43586509968871E+02
 0.43244686416210E+02
 0.42910310280446E+02
 0.42583170124300E+02
 0.42263062547341E+02
 0.41949790592617E+02
 0.41643164029514E+02
 0.41342999266906E+02
 0.41049118334523E+02
 0.40761349577914E+02
 0.40479527135421E+02
 0.40203490184433E+02
 0.39933083461873E+02
 0.39668156219993E+02
 0.39408563381095E+02
 0.39154164448290E+02
 0.38904822815184E+02
 0.38660406815579E+02
 0.38420788056397E+02
 0.38185843797031E+02
 0.37955454130135E+02
 0.37729502553883E+02
 0.37507876866585E+02
 0.37290468191572E+02
 0.37077170498111E+02
 0.36867881841890E+02
 0.36662502587575E+02
 0.36460936836481E+02
 0.36263091094206E+02
 0.36068874584450E+02
 0.35878199610303E+02
 0.35690980806861E+02
 0.35507135488733E+02
 0.35326583307904E+02
 0.35149246320890E+02
 0.34975048743126E+02
 0.34803916985854E+02
 0.34635779761210E+02
 0.34470567650630E+02
 0.34308213174450E+02
 0.34148650828336E+02
 0.33991816975579E+02
 0.33837649803266E+02
 0.33686089315866E+02
 0.33537077033466E+02
 0.33390555532747E+02
 0.33246470113141E+02
 0.33104766814129E+02
 0.32965393112516E+02
 0.32828298406291E+02
 0.32693433195944E+02
 0.32560748796825E+02
 0.32430198730713E+02
 0.32301737340335E+02
 0.32175320001264E+02
 0.32050903136636E+02
 0.31928444899539E+02
 0.31807904258847E+02
 0.31689241194102E+02
 0.31572416736445E+02
 0.31457392750200E+02
 0.31344132129071E+02
 0.31232598947962E+02
 0.31122758141210E+02
 0.31014575422737E+02
 0.30908017385821E+02
 0.30803051466154E+02
 0.30699645882323E+02
