 0.13586514181776E+03
 0.13586514181785E+03
 0.13586514181958E+03
 0.13586514182786E+03
 0.13586514184526E+03
 0.13586514185850E+03
 0.13586514182749E+03
 0.13586514168146E+03
 0.13586514132835E+03
 0.13586514069337E+03
 0.13586513980584E+03
 0.13586513895405E+03
 0.13586513890382E+03
 0.13586514116540E+03
 0.13586514827097E+03
 0.13586516402679E+03
 0.13586519371320E+03
 0.13586524421391E+03
 0.13586532399608E+03
 0.13586544316860E+03
 0.13586561325263E+03
 0.13586584704722E+03
 0.13586615839372E+03
 0.13586656198542E+03
 0.13586707304078E+03
 0.13586770704070E+03
 0.13586848006934E+03
 0.13586940858372E+03
 0.13587050919936E+03
 0.13587179897435E+03
 0.13587329570533E+03
 0.13587501816461E+03
 0.13587698640206E+03
 0.13587922224207E+03
 0.13588174972672E+03
 0.13588459546123E+03
 0.13588778920336E+03
 0.13589136431105E+03
 0.13589535832467E+03
 0.13589981309547E+03
 0.13590477541442E+03
 0.13591029755211E+03
 0.13591643748069E+03
 0.13592325938570E+03
 0.13593083392696E+03
 0.13593923859579E+03
 0.13594855801065E+03
 0.13595888387522E+03
 0.13597031677195E+03
 0.13598296417717E+03
 0.13599694225140E+03
 0.13601237571909E+03
 0.13602939816445E+03
 0.13604815229032E+03
 0.13606879013601E+03
 0.13609147336174E+03
 0.13611637356973E+03
 0.13614367241128E+03
 0.13617356199247E+03
 0.13620624503005E+03
 0.13624193497698E+03
 0.13628085697300E+03
 0.13632324755512E+03
 0.13636938447793E+03
 0.13641947546911E+03
 0.13647381765539E+03
 0.13653269684843E+03
 0.13659641214558E+03
 0.13666527629424E+03
 0.13673961594299E+03
 0.13681977205736E+03
 0.13690610154835E+03
 0.13699897484802E+03
 0.13709878039032E+03
 0.13720592285034E+03
 0.13732082458038E+03
 0.13744392580393E+03
 0.13757568605913E+03
 0.13771658538936E+03
 0.13786712473626E+03
 0.13802782645168E+03
 0.13819923771539E+03
 0.13838192932182E+03
 0.13857649968218E+03
 0.13878357362120E+03
 0.13900380699126E+03
 0.13923788574585E+03
 0.13948653068949E+03
 0.13975049641080E+03
 0.14003057788761E+03
 0.14032761103029E+03
 0.14064247558522E+03
 0.14097615845619E+03
 0.14132952130489E+03
 0.14170364737438E+03
 0.14209962692698E+03
 0.14251860864721E+03
 0.14296180660014E+03
 0.14343051381046E+03
 0.14392609410342E+03
 0.14444999718905E+03
 0.14500375899955E+03
 0.14558901767813E+03
 0.14620751018462E+03
 0.14686108859864E+03
 0.14755172138619E+03
 0.14828151021375E+03
 0.14905269518258E+03
 0.14986766854407E+03
 0.15072898435302E+03
 0.15163937054366E+03
 0.15260173817855E+03
 0.15361932027830E+03
 0.15469528877795E+03
 0.15583330919811E+03
 0.15703722602123E+03
 0.15831116031953E+03
 0.15965954380600E+03
 0.16108712737463E+03
 0.16259901859433E+03
 0.16420070622877E+03
 0.16589809047924E+03
 0.16769751819537E+03
 0.16960581070059E+03
 0.17163031240347E+03
 0.17377889002762E+03
 0.17606003246603E+03
 0.17848279065517E+03
 0.18105687909299E+03
 0.18379268726741E+03
 0.18670129485526E+03
 0.18979433845485E+03
 0.19308425429179E+03
 0.19658364828517E+03
 0.20030593190983E+03
 0.20426466425296E+03
 0.20847356356660E+03
 0.21294597286501E+03
 0.21769477958542E+03
 0.22273184688024E+03
 0.22806768858693E+03
 0.23371092087614E+03
 0.23966782043535E+03
 0.24594136919521E+03
 0.25253248265869E+03
 0.25943783546927E+03
 0.26665067263315E+03
 0.27416117187801E+03
 0.28195553678233E+03
 0.29001759092401E+03
 0.29832873796744E+03
 0.30686865799571E+03
 0.31561613873060E+03
 0.32454952901053E+03
 0.33364747329522E+03
 0.34288911792185E+03
 0.35225477202173E+03
 0.36172627345504E+03
 0.37128641781329E+03
 0.38091962743689E+03
 0.39061185521375E+03
 0.40035013099561E+03
 0.41012291085492E+03
 0.41991964527220E+03
 0.42973094723062E+03
 0.43954794613834E+03
 0.44936221503651E+03
 0.45916612366683E+03
 0.46895245866322E+03
 0.47871441338527E+03
 0.48844548251099E+03
 0.49813934379630E+03
 0.50778979835881E+03
 0.51739099197740E+03
 0.52693691503967E+03
 0.53642188120080E+03
 0.54584016988930E+03
 0.55518627541802E+03
 0.56445461840864E+03
 0.57363986180859E+03
 0.58273669539900E+03
 0.59173986755278E+03
 0.60064441623254E+03
 0.60944538059272E+03
 0.61813793021522E+03
 0.62671749145067E+03
 0.63517957083388E+03
 0.64351997881413E+03
 0.65173461165912E+03
 0.65981960618722E+03
 0.66777141190747E+03
 0.67558656829231E+03
 0.68326194883446E+03
 0.69079466471435E+03
 0.69818209934022E+03
 0.70542180836822E+03
 0.71251170912000E+03
 0.71944995596817E+03
 0.72623493261839E+03
 0.73286505894849E+03
 0.73933983993757E+03
 0.74565819561831E+03
 0.75181958353876E+03
 0.75782370329246E+03
 0.76367049264005E+03
 0.76936018652409E+03
 0.77489315198667E+03
 0.78027006101169E+03
 0.78549175068924E+03
 0.79055926275100E+03
 0.79547384625177E+03
 0.80023689349434E+03
 0.80485004771027E+03
 0.80931499114087E+03
 0.81363367165087E+03
 0.81780807110677E+03
 0.82184035628366E+03
 0.82573281904743E+03
 0.82948777320710E+03
 0.83310770526014E+03
 0.83659518981704E+03
 0.83995277059312E+03
 0.84318314946452E+03
 0.84628905350438E+03
 0.84927325155301E+03
 0.85213853103373E+03
 0.85488770823863E+03
 0.85752359944427E+03
 0.86004914832349E+03
 0.86246716171371E+03
 0.86478050225503E+03
 0.86699202511406E+03
 0.86910451757615E+03
 0.87112085969785E+03
 0.87304382977353E+03
 0.87487614946236E+03
 0.87662059391998E+03
 0.87827984884980E+03
 0.87985656359646E+03
 0.88135336935146E+03
 0.88277282881270E+03
 0.88411745498746E+03
 0.88538979275084E+03
 0.88659218681425E+03
 0.88772705555651E+03
 0.88879673578618E+03
 0.88980349141348E+03
 0.89074955562310E+03
 0.89163705843589E+03
 0.89246814700793E+03
 0.89324486306167E+03
 0.89396921413269E+03
 0.89464318162419E+03
 0.89526861198961E+03
 0.89584737074126E+03
 0.89638124766514E+03
 0.89687194624896E+03
 0.89732119341509E+03
 0.89773063036990E+03
 0.89810182946761E+03
 0.89843625798788E+03
 0.89873548384575E+03
 0.89900091021609E+03
 0.89923393165405E+03
 0.89943588938864E+03
 0.89960808306684E+03
 0.89975176937103E+03
 0.89986815774327E+03
 0.89995841911457E+03
 0.90002368794892E+03
 0.90006505655484E+03
 0.90008357520981E+03
 0.90008025513119E+03
 0.90005608180377E+03
 0.90001199766803E+03
 0.89994890900960E+03
 0.89986770364821E+03
 0.89976918626634E+03
 0.89965422009530E+03
 0.89952357456148E+03
 0.89937798470148E+03
 0.89921820694853E+03
 0.89904491456172E+03
 0.89885878985005E+03
 0.89866047992671E+03
 0.89845060668775E+03
 0.89822974810641E+03
 0.89799849707659E+03
 0.89775741054278E+03
 0.89750700677010E+03
 0.89724779942786E+03
 0.89698027557790E+03
 0.89670489399233E+03
 0.89642211881681E+03
 0.89613239137838E+03
 0.89583611738254E+03
 0.89553369685473E+03
 0.89522551218416E+03
 0.89491193019754E+03
 0.89459330404127E+03
