 0.00000000000000E+00
 0.00000000000000E+00
 0.00000000000000E+00
 0.00000000000000E+00
 0.13381834849486E-77
 0.12747687976304E-64
 0.23773147611763E-55
 0.21334356075873E-48
 0.54571331949007E-43
 0.11568435294743E-38
 0.40085333785545E-35
 0.35706575986961E-32
 0.11186815746645E-29
 0.15420799637930E-27
 0.11022111668259E-25
 0.46202782899062E-24
 0.12480180257715E-22
 0.23374301261175E-21
 0.32161810425717E-20
 0.34050453455276E-19
 0.28797553566927E-18
 0.20060933476322E-17
 0.11806133157515E-16
 0.59950248907340E-16
 0.26736270940753E-15
 0.10630477005069E-14
 0.38167813321909E-14
 0.12511004003269E-13
 0.37795402100047E-13
 0.10609438077461E-12
 0.27870730093580E-12
 0.68947051537560E-12
 0.16150083975291E-11
 0.35993637011056E-11
 0.76652877149147E-11
 0.15657990162271E-10
 0.30783820512751E-10
 0.58426072091794E-10
 0.10734251686704E-09
 0.19137378805948E-09
 0.33181752031152E-09
 0.56064923316008E-09
 0.92479621573798E-09
 0.14916940257571E-08
 0.23563755503285E-08
 0.36503589534941E-08
 0.55526124275698E-08
 0.83028798040069E-08
 0.12217652242539E-07
 0.17709064211980E-07
 0.25306983704836E-07
 0.35684547944824E-07
 0.49687376476324E-07
 0.68366668214287E-07
 0.93016361345482E-07
 0.12521450552449E-06
 0.16686896539127E-06
 0.22026754356178E-06
 0.28813258398225E-06
 0.37368008817301E-06
 0.48068335512380E-06
 0.61354114970197E-06
 0.77735036334976E-06
 0.97798410583747E-06
 0.12221699676300E-05
 0.15175805590039E-05
 0.18729212791234E-05
 0.22980259263740E-05
 0.28039562409790E-05
 0.34031061044560E-05
 0.41093105734123E-05
 0.49379601866177E-05
 0.59061201750038E-05
 0.70326562751396E-05
 0.83383662537772E-05
 0.98461187322386E-05
 0.11580999611426E-04
 0.13570467297194E-04
 0.15844517817603E-04
 0.18435860669655E-04
 0.21380106711518E-04
 0.24715972164316E-04
 0.28485495891679E-04
 0.32734278433030E-04
 0.37511738051820E-04
 0.42871395156254E-04
 0.48871178793137E-04
 0.55573770433566E-04
 0.63046974115532E-04
 0.71364138906999E-04
 0.80604621341682E-04
 0.90854290684556E-04
 0.10220628224937E-03
 0.11476098727302E-03
 0.12862768635631E-03
 0.14392479059112E-03
 0.16078086298594E-03
 0.17933564332870E-03
 0.19974124060209E-03
 0.22216337639061E-03
 0.24678290087532E-03
 0.27379742272864E-03
 0.30342326700941E-03
 0.33589755975851E-03
 0.37148075422894E-03
 0.41045929865394E-03
 0.45314892392405E-03
 0.49989826853495E-03
 0.55109302499672E-03
 0.60716079035565E-03
 0.66857619803918E-03
 0.73586758645480E-03
 0.80962611865335E-03
 0.89050694437437E-03
 0.97924860697080E-03
 0.10766780683673E-02
 0.11837248888656E-02
 0.13014364585178E-02
 0.14309948155852E-02
 0.15737369043842E-02
 0.17311777686358E-02
 0.19050375052003E-02
 0.20972724518465E-02
 0.23101121867891E-02
 0.25461016908294E-02
 0.28081482623044E-02
 0.30995813686148E-02
 0.34242128518624E-02
 0.37864130076310E-02
 0.41911936948891E-02
 0.46443031906460E-02
 0.51523114993651E-02
 0.57227459277718E-02
 0.63641423111810E-02
 0.70862282919792E-02
 0.78999538736315E-02
 0.88175976680138E-02
 0.98527492297912E-02
 0.11020314747046E-01
 0.12336385568466E-01
 0.13818044127870E-01
 0.15483018001726E-01
 0.17349277180141E-01
 0.19434269271214E-01
 0.21754740793093E-01
 0.24325441456284E-01
 0.27158658092699E-01
 0.30263511012207E-01
 0.33645178862273E-01
 0.37304705516750E-01
 0.41238711253249E-01
 0.45439455564766E-01
 0.49895222541881E-01
 0.54590778116876E-01
 0.59508093944873E-01
 0.64626989972679E-01
 0.69925986867131E-01
 0.75383107571941E-01
 0.80976078476297E-01
 0.86683203810683E-01
 0.92483626801691E-01
 0.98357457308735E-01
 0.10428618213554E+00
 0.11025257166478E+00
 0.11624081409117E+00
 0.12223641168240E+00
 0.12822612193676E+00
 0.13419800702446E+00
 0.14014131653056E+00
 0.14604643409663E+00
 0.15190470527292E+00
 0.15770858826595E+00
 0.16345123775195E+00
 0.16912672897947E+00
 0.17472983916967E+00
 0.18025607133964E+00
 0.18570154679394E+00
 0.19106298762806E+00
 0.19633761807038E+00
 0.20152318953919E+00
 0.20661787817697E+00
 0.21162026184233E+00
 0.21652931698610E+00
 0.22134433361436E+00
 0.22606490831904E+00
 0.23069093208257E+00
 0.23522251664625E+00
 0.23966002259095E+00
 0.24400399296487E+00
 0.24825514367228E+00
 0.25241436841775E+00
 0.25648266832042E+00
 0.26046118319588E+00
 0.26435115588304E+00
 0.26815391508958E+00
 0.27187085577123E+00
 0.27550345769675E+00
 0.27905323607438E+00
 0.28252175156182E+00
 0.28591457881881E+00
 0.28922537320775E+00
 0.29245976182046E+00
 0.29561940110066E+00
 0.29870594142723E+00
 0.30172103806086E+00
 0.30466634549214E+00
 0.30754350064857E+00
 0.31035413427656E+00
 0.31309985755654E+00
 0.31578226312630E+00
 0.31840292464795E+00
 0.32096339042153E+00
 0.32346518405842E+00
 0.32590980249414E+00
 0.32829871849153E+00
 0.33063337162229E+00
 0.33291517311835E+00
 0.33514550632534E+00
 0.33732572045137E+00
 0.33945713623803E+00
 0.34154104515865E+00
 0.34357870195048E+00
 0.34557133696994E+00
 0.34752014740751E+00
 0.34942629662065E+00
 0.35129092375312E+00
 0.35311513351023E+00
 0.35490000329006E+00
 0.35664657878902E+00
 0.35835588035930E+00
 0.36002889940912E+00
 0.36166659937565E+00
 0.36326991794702E+00
 0.36483976310710E+00
 0.36637702028319E+00
 0.36788255028814E+00
 0.36935718693322E+00
 0.37080174151893E+00
 0.37221700179941E+00
 0.37360373208658E+00
 0.37496267611006E+00
 0.37629455488097E+00
 0.37760006815703E+00
 0.37887989658177E+00
 0.38013470013921E+00
 0.38136512116167E+00
 0.38257178100161E+00
 0.38375528320119E+00
 0.38491621549000E+00
 0.38605514681744E+00
 0.38717263215793E+00
 0.38826920580633E+00
 0.38934538946150E+00
 0.39040169064825E+00
 0.39143860027529E+00
 0.39245659547256E+00
 0.39345614100681E+00
 0.39443768590534E+00
 0.39540166850636E+00
 0.39634851257837E+00
 0.39727863111386E+00
 0.39819242554441E+00
 0.39909028484678E+00
 0.39997258769492E+00
 0.40083970160174E+00
 0.40169198395104E+00
 0.40252978190955E+00
 0.40335343318770E+00
 0.40416326603189E+00
 0.40495959903831E+00
 0.40574274240635E+00
 0.40651299783871E+00
 0.40727065853443E+00
 0.40801600956627E+00
 0.40874932808539E+00
 0.40947088342659E+00
 0.41018093798783E+00
 0.41087974850657E+00
 0.41156756178043E+00
 0.41224461994126E+00
 0.41291115869814E+00
 0.41356740616482E+00
 0.41421358506077E+00
 0.41484991351153E+00
 0.41547660154289E+00
 0.41609385471825E+00
 0.41670187365196E+00
 0.41730085403211E+00
 0.41789098495789E+00
 0.41847245132774E+00
 0.41904543340129E+00
 0.41961010675534E+00
 0.42016664288842E+00
 0.42071520878393E+00
 0.42125596659198E+00
 0.42178907448838E+00
 0.42231468692238E+00
 0.42283295441936E+00
 0.42334402372240E+00
 0.42384803798696E+00
