                  NaN
                  NaN
                  NaN
                  NaN
 0.10000000133514E-09
 0.10000000133514E-09
 0.10000000133514E-09
 0.10000000133514E-09
 0.10000000133514E-09
 0.10000000133517E-09
 0.10000000133562E-09
 0.10000000133996E-09
 0.10000000137706E-09
 0.10000000178359E-09
 0.10000000695550E-09
 0.10000006341917E-09
 0.10000054633304E-09
 0.69286228493610E-07
 0.69401981020129E-07
 0.33284821388521E-06
 0.64244085794052E-06
 0.11525432390796E-05
 0.19646479195739E-05
 0.32033992811722E-05
 0.50241718712833E-05
 0.76154532789829E-05
 0.11200775581977E-04
 0.16040253665726E-04
 0.22431821786025E-04
 0.30712266038152E-04
 0.41258190565142E-04
 0.54486925290950E-04
 0.70857412474097E-04
 0.90871023094862E-04
 0.11507259201166E-03
 0.14405155901350E-03
 0.17844312469972E-03
 0.21892891937480E-03
 0.26623841991396E-03
 0.32115025774421E-03
 0.38449402409778E-03
 0.45715027495977E-03
 0.54005268245423E-03
 0.63418902299775E-03
 0.74060278959090E-03
 0.86039420417495E-03
 0.99472100039508E-03
 0.11448007712921E-02
 0.13119115228889E-02
 0.14973944627025E-02
 0.17026523194813E-02
 0.19291531128747E-02
 0.21784311239701E-02
 0.24520893233332E-02
 0.27517986996105E-02
 0.30792992261904E-02
 0.34364024642289E-02
 0.38249953826122E-02
 0.42470388726528E-02
 0.47045664768288E-02
 0.51996945115978E-02
 0.57346127083646E-02
 0.63115980506237E-02
 0.69345059992658E-02
 0.76030042581573E-02
 0.83209286414435E-02
 0.90909020441498E-02
 0.99156396815410E-02
 0.10797953340718E-01
 0.11740748205142E-01
 0.12747023302727E-01
 0.13819898624377E-01
 0.14962569240397E-01
 0.16178371284494E-01
 0.17470737593790E-01
 0.18843224053812E-01
 0.20299506516367E-01
 0.21843378436390E-01
 0.23478777450973E-01
 0.25209765260836E-01
 0.27040548075432E-01
 0.28975489486276E-01
 0.31019070044767E-01
 0.33175970157105E-01
 0.35451003629310E-01
 0.37849178536708E-01
 0.40375643917427E-01
 0.43035793577895E-01
 0.45835132401685E-01
 0.48779421862019E-01
 0.51874640107138E-01
 0.55126946339150E-01
 0.58543881713143E-01
 0.62129873762421E-01
 0.65892794034088E-01
 0.69839764160515E-01
 0.73978093478241E-01
 0.78315326678534E-01
 0.82859374229034E-01
 0.87618314960557E-01
 0.92600532794218E-01
 0.97814631641765E-01
 0.10326956223245E+00
 0.10897449284847E+00
 0.11493890167482E+00
 0.12117243709111E+00
 0.12768505344131E+00
 0.13448695551111E+00
 0.14158859273993E+00
 0.14900061599294E+00
 0.15673378704173E+00
 0.16479908893945E+00
 0.17320896999314E+00
 0.18197247966816E+00
 0.19110199418967E+00
 0.20060891466899E+00
 0.21050455569699E+00
 0.22080030637982E+00
 0.23150736371433E+00
 0.24263672704177E+00
 0.25419919317697E+00
 0.26620517949540E+00
 0.27866467716425E+00
 0.29158718474870E+00
 0.30498160565187E+00
 0.31885579320466E+00
 0.33321698043667E+00
 0.34807079599618E+00
 0.36342164203185E+00
 0.37927214044568E+00
 0.39562321683590E+00
 0.41247179985145E+00
 0.42981305354088E+00
 0.44763565111725E+00
 0.46592617298916E+00
 0.48466361949426E+00
 0.50382110816957E+00
 0.52336235016821E+00
 0.54324268257634E+00
 0.56340721174726E+00
 0.58379089884457E+00
 0.60431785553260E+00
 0.62490347149194E+00
 0.64545101002690E+00
 0.66586453226698E+00
 0.68603969203273E+00
 0.70587350113246E+00
 0.72526675541233E+00
 0.74412652189943E+00
 0.76237069738060E+00
 0.77992963473610E+00
 0.79674772965158E+00
 0.81278468037628E+00
 0.82801492448486E+00
 0.84242708595074E+00
 0.85602200214526E+00
 0.86881150295259E+00
 0.88081663698191E+00
 0.89206419634105E+00
 0.90258635728853E+00
 0.91241856292975E+00
 0.92159774268822E+00
 0.93016190300559E+00
 0.93814871348656E+00
 0.94559519872413E+00
 0.95253689514471E+00
 0.95900759558492E+00
 0.96503950349060E+00
 0.97066294131147E+00
 0.97590639538597E+00
 0.98079639389046E+00
 0.98535776388674E+00
 0.98961342361471E+00
 0.99358477538625E+00
 0.99729156599928E+00
 0.10007521709327E+01
 0.10039835672629E+01
 0.10070015197838E+01
 0.10098205607156E+01
 0.10124542224047E+01
 0.10149150046195E+01
 0.10172144665639E+01
 0.10193633916558E+01
 0.10213717296924E+01
 0.10232487105903E+01
 0.10250029351697E+01
 0.10266423562515E+01
 0.10281744032435E+01
 0.10296059450048E+01
 0.10309433816947E+01
 0.10321926939797E+01
 0.10333594054783E+01
 0.10344486923184E+01
 0.10354653773558E+01
 0.10364139540757E+01
 0.10372985946777E+01
 0.10381232263497E+01
 0.10388914964196E+01
 0.10396068113323E+01
 0.10402730678096E+01
 0.10408918149670E+01
 0.10414665739668E+01
 0.10419999515512E+01
 0.10424943927670E+01
 0.10429521832549E+01
 0.10433754780970E+01
 0.10437662792215E+01
 0.10441264776429E+01
 0.10444578428762E+01
 0.10447620342554E+01
 0.10450406136306E+01
 0.10452950446550E+01
 0.10455267090020E+01
 0.10457368965112E+01
 0.10459268275300E+01
 0.10460976476311E+01
 0.10462504312929E+01
 0.10463862013052E+01
 0.10465059055895E+01
 0.10466104483894E+01
 0.10467006808161E+01
 0.10467773985997E+01
 0.10468413591510E+01
 0.10468932739322E+01
 0.10469338146291E+01
 0.10469636159343E+01
 0.10469832760962E+01
 0.10469933588204E+01
 0.10469944026970E+01
 0.10469869093940E+01
 0.10469713566077E+01
 0.10469481964603E+01
 0.10469178560683E+01
 0.10468807403167E+01
 0.10468372277684E+01
 0.10467876828198E+01
 0.10467324471420E+01
 0.10466718440683E+01
 0.10466061826647E+01
 0.10465357535372E+01
 0.10464608337679E+01
 0.10463816812513E+01
 0.10462985451881E+01
 0.10462116596963E+01
 0.10461212486517E+01
 0.10460275246372E+01
 0.10459306868935E+01
 0.10458309247615E+01
 0.10457284192653E+01
 0.10456233406762E+01
 0.10455158522667E+01
 0.10454061088932E+01
 0.10452942557701E+01
 0.10451804331607E+01
 0.10450647718650E+01
 0.10449473988637E+01
 0.10448284327035E+01
 0.10447079857359E+01
 0.10445861723342E+01
 0.10444630864896E+01
 0.10443388258823E+01
 0.10442134848624E+01
 0.10440871537019E+01
 0.10439599110792E+01
 0.10438318392680E+01
 0.10437030120866E+01
 0.10435735013815E+01
 0.10434433748366E+01
 0.10433126972157E+01
 0.10431815295964E+01
 0.10430499306328E+01
 0.10429179560539E+01
 0.10427856587015E+01
 0.10426530878654E+01
 0.10425202911917E+01
 0.10423873120146E+01
 0.10422541936314E+01
 0.10421209779213E+01
 0.10419877036136E+01
 0.10418544078812E+01
 0.10417211265955E+01
 0.10415878911705E+01
 0.10414547339482E+01
 0.10413216843747E+01
 0.10411887701571E+01
 0.10410560190171E+01
 0.10409234557122E+01
 0.10407911045263E+01
 0.10406589877883E+01
 0.10405271272454E+01
 0.10403955435342E+01
 0.10402642556688E+01
 0.10401332823736E+01
 0.10400026401141E+01
 0.10398723457611E+01
 0.10397424143782E+01
 0.10396128607411E+01
 0.10394836985697E+01
 0.10393549402069E+01
 0.10392265984861E+01
