 0.26504529431295E+01
 0.26504529431250E+01
 0.26504529430185E+01
 0.26504529423105E+01
 0.26504529398173E+01
 0.26504529336840E+01
 0.26504529215454E+01
 0.26504529007552E+01
 0.26504528693171E+01
 0.26504528284792E+01
 0.26504527890477E+01
 0.26504527817332E+01
 0.26504528715647E+01
 0.26504531737337E+01
 0.26504538691050E+01
 0.26504552170333E+01
 0.26504575637107E+01
 0.26504613456584E+01
 0.26504670905347E+01
 0.26504754081291E+01
 0.26504869857143E+01
 0.26505025756359E+01
 0.26505229836872E+01
 0.26505490543870E+01
 0.26505816615727E+01
 0.26506216979640E+01
 0.26506700442050E+01
 0.26507275619248E+01
 0.26507950900160E+01
 0.26508734251770E+01
 0.26509633019120E+01
 0.26510653804358E+01
 0.26511802342900E+01
 0.26513083320795E+01
 0.26514500216450E+01
 0.26516055173580E+01
 0.26517748817629E+01
 0.26519580106194E+01
 0.26521546143664E+01
 0.26523642116522E+01
 0.26525861089029E+01
 0.26528193831123E+01
 0.26530628730840E+01
 0.26533151606292E+01
 0.26535745613648E+01
 0.26538391119675E+01
 0.26541065588052E+01
 0.26543743531050E+01
 0.26546396166738E+01
 0.26548991678513E+01
 0.26551494905555E+01
 0.26553867321972E+01
 0.26556066959727E+01
 0.26558048347312E+01
 0.26559762469554E+01
 0.26561156718775E+01
 0.26562174838832E+01
 0.26562756936107E+01
 0.26562839423026E+01
 0.26562355036645E+01
 0.26561232886709E+01
 0.26559398212135E+01
 0.26556772602142E+01
 0.26553264314368E+01
 0.26548804895989E+01
 0.26543296988272E+01
 0.26536647534457E+01
 0.26528759850026E+01
 0.26519533658007E+01
 0.26508865192301E+01
 0.26496647251701E+01
 0.26482768888140E+01
 0.26467116303537E+01
 0.26449571816374E+01
 0.26430014534007E+01
 0.26408320210054E+01
 0.26384361446657E+01
 0.26358007556451E+01
 0.26329124507827E+01
 0.26297575180497E+01
 0.26263219517165E+01
 0.26225913935782E+01
 0.26185512110489E+01
 0.26141864227790E+01
 0.26094817862165E+01
 0.26044217110804E+01
 0.25989903450183E+01
 0.25931715106695E+01
 0.25869487821236E+01
 0.25803053811954E+01
 0.25732242223894E+01
 0.25656879712756E+01
 0.25576772440893E+01
 0.25491775128778E+01
 0.25401690781151E+01
 0.25306334861636E+01
 0.25205521580905E+01
 0.25099063366932E+01
 0.24986768660940E+01
 0.24868446011910E+01
 0.24743901719465E+01
 0.24612942016695E+01
 0.24475370814926E+01
 0.24330993212267E+01
 0.24179613457895E+01
 0.24021038498980E+01
 0.23855076144813E+01
 0.23681536700240E+01
 0.23500233926602E+01
 0.23310985653252E+01
 0.23113617709996E+01
 0.22907962425021E+01
 0.22693835747568E+01
 0.22471126966195E+01
 0.22239679456100E+01
 0.21999368690413E+01
 0.21750086332978E+01
 0.21491740409295E+01
 0.21224260924744E+01
 0.20947600340645E+01
 0.20661736864848E+01
 0.20366677654671E+01
 0.20062461930373E+01
 0.19749163538788E+01
 0.19426894168091E+01
 0.19095812891458E+01
 0.18756119139292E+01
 0.18408070523488E+01
 0.18051978687566E+01
 0.17688213244459E+01
 0.17317208555919E+01
 0.16939482749025E+01
 0.16555609029949E+01
 0.16166292299485E+01
 0.15772280641695E+01
 0.15374429984103E+01
 0.14973683948270E+01
 0.14571096191281E+01
 0.14167803717479E+01
 0.13765031818037E+01
 0.13364072422951E+01
 0.12966269984049E+01
 0.12573000007574E+01
 0.12185656181507E+01
 0.11805540836773E+01
 0.11433930881006E+01
 0.11071995052419E+01
 0.10720740109929E+01
 0.10381061470036E+01
 0.10053647732408E+01
 0.97390101649372E+00
 0.94374765355103E+00
 0.91491947515791E+00
 0.88741561385002E+00
 0.86122101072699E+00
 0.83630950930373E+00
 0.81264512244960E+00
 0.79018446543514E+00
 0.76888000194279E+00
 0.74868066259121E+00
 0.72953327829133E+00
 0.71138490670452E+00
 0.69418262706685E+00
 0.67787499212647E+00
 0.66241180364645E+00
 0.64774585837083E+00
 0.63383281413124E+00
 0.62063023640983E+00
 0.60809840008730E+00
 0.59620001355826E+00
 0.58490017312499E+00
 0.57416680893303E+00
 0.56396984508332E+00
 0.55428104399682E+00
 0.54507472846624E+00
 0.53632668626836E+00
 0.52801456687585E+00
 0.52011741082371E+00
 0.51261595403204E+00
 0.50549205937265E+00
 0.49872887901684E+00
 0.49231073360247E+00
 0.48622274632919E+00
 0.48045114696688E+00
 0.47498302989780E+00
 0.46980615741021E+00
 0.46490908320786E+00
 0.46028090830395E+00
 0.45591144701681E+00
 0.45179103422681E+00
 0.44791039803514E+00
 0.44426090322054E+00
 0.44083423160758E+00
 0.43762247382006E+00
 0.43461807019450E+00
 0.43181388288647E+00
 0.42920301053191E+00
 0.42677884405191E+00
 0.42453509678144E+00
 0.42246582963191E+00
 0.42056493787702E+00
 0.41882695008605E+00
 0.41724649505472E+00
 0.41581836813113E+00
 0.41453758420946E+00
 0.41339926580032E+00
 0.41239879181278E+00
 0.41153162135893E+00
 0.41079340456129E+00
 0.41017992361014E+00
 0.40968708796239E+00
 0.40931097365713E+00
 0.40904768191736E+00
 0.40889356701763E+00
 0.40884497214048E+00
 0.40889845043842E+00
 0.40905058796822E+00
 0.40929807613867E+00
 0.40963776409627E+00
 0.41006651944056E+00
 0.41058130169743E+00
 0.41117923553914E+00
 0.41185745368457E+00
 0.41261318714094E+00
 0.41344373665071E+00
 0.41434651402819E+00
 0.41531898242506E+00
 0.41635869979250E+00
 0.41746317245594E+00
 0.41863012170023E+00
 0.41985727120004E+00
 0.42114240534361E+00
 0.42248343106050E+00
 0.42387818242242E+00
 0.42532464641676E+00
 0.42682089729727E+00
 0.42836496568770E+00
 0.42995499656400E+00
 0.43158918492040E+00
 0.43326574601068E+00
 0.43498297739020E+00
 0.43673922038657E+00
 0.43853278394658E+00
 0.44036217969077E+00
 0.44222582962359E+00
 0.44412224407161E+00
 0.44604997594011E+00
 0.44800759861186E+00
 0.44999378728718E+00
 0.45200717410467E+00
 0.45404650000868E+00
 0.45611047790533E+00
 0.45819786051578E+00
 0.46030752175566E+00
 0.46243828226571E+00
 0.46458901680303E+00
 0.46675868487665E+00
 0.46894617713497E+00
 0.47115046699748E+00
 0.47337056578437E+00
 0.47560557866752E+00
 0.47785448964673E+00
 0.48011641744592E+00
 0.48239048152283E+00
 0.48467582658713E+00
 0.48697162483342E+00
 0.48927707070305E+00
 0.49159139024298E+00
 0.49391383055311E+00
 0.49624365207197E+00
 0.49858014578690E+00
 0.50092262953956E+00
 0.50327044305938E+00
 0.50562293472375E+00
 0.50797948101534E+00
 0.51033947827230E+00
 0.51270232915039E+00
 0.51506752832261E+00
 0.51743445578911E+00
 0.51980260346296E+00
 0.52217148539545E+00
 0.52454056272147E+00
 0.52690938525875E+00
 0.52927749310233E+00
 0.53164442433436E+00
 0.53400974701411E+00
 0.53637307221993E+00
 0.53873398541433E+00
 0.54109208142254E+00
 0.54344700059706E+00
 0.54579837775885E+00
 0.54814586785153E+00
 0.55048915435310E+00
 0.55282790349151E+00
 0.55516178827291E+00
 0.55749052090349E+00
 0.55981381312887E+00
 0.56213138895236E+00
 0.56444298292423E+00
 0.56674833886324E+00
