 0.22154049914417E+00
 0.22154049914436E+00
 0.22154049914888E+00
 0.22154049917921E+00
 0.22154049928689E+00
 0.22154049955414E+00
 0.22154050008683E+00
 0.22154050100274E+00
 0.22154050239333E+00
 0.22154050420367E+00
 0.22154050596067E+00
 0.22154050631093E+00
 0.22154050239384E+00
 0.22154048913245E+00
 0.22154031899368E+00
 0.22154025972907E+00
 0.22154000234583E+00
 0.22153966881988E+00
 0.22153906145733E+00
 0.22153829555471E+00
 0.22153712366805E+00
 0.22153565875415E+00
 0.22153361048044E+00
 0.22153111577530E+00
 0.22152785400266E+00
 0.22152398657921E+00
 0.22151917621309E+00
 0.22151359913684E+00
 0.22150691862450E+00
 0.22149931604486E+00
 0.22149047061583E+00
 0.22148055844117E+00
 0.22146941157811E+00
 0.22145682999673E+00
 0.22144301735985E+00
 0.22142782071064E+00
 0.22141119263516E+00
 0.22139295843852E+00
 0.22137335953603E+00
 0.22135225119479E+00
 0.22132961251480E+00
 0.22130543113601E+00
 0.22127955535357E+00
 0.22125225774375E+00
 0.22122341051217E+00
 0.22119301547057E+00
 0.22116108131782E+00
 0.22112762014208E+00
 0.22109264729707E+00
 0.22105603417539E+00
 0.22101808721434E+00
 0.22097869444024E+00
 0.22093788033780E+00
 0.22089567384391E+00
 0.22085210610690E+00
 0.22080721044937E+00
 0.22076102220480E+00
 0.22071357861386E+00
 0.22066477385397E+00
 0.22061493230226E+00
 0.22056395915558E+00
 0.22051189693943E+00
 0.22045879115771E+00
 0.22040468879336E+00
 0.22034963824582E+00
 0.22029368928476E+00
 0.22023689302368E+00
 0.22017930184409E+00
 0.22012096940605E+00
 0.22006195062678E+00
 0.22000230164831E+00
 0.21994207976995E+00
 0.21988134354987E+00
 0.21982000202082E+00
 0.21975841282235E+00
 0.21969649285477E+00
 0.21963430393071E+00
 0.21957191083162E+00
 0.21950937904044E+00
 0.21944677521323E+00
 0.21938416718714E+00
 0.21932162397985E+00
 0.21925921584003E+00
 0.21919701428330E+00
 0.21913509198183E+00
 0.21907354043207E+00
 0.21901240267678E+00
 0.21895177036985E+00
 0.21889172155321E+00
 0.21883233558934E+00
 0.21877353749591E+00
 0.21871571637976E+00
 0.21865880562862E+00
 0.21860288995682E+00
 0.21854805634676E+00
 0.21849439334089E+00
 0.21844199118660E+00
 0.21839094297412E+00
 0.21834134310937E+00
 0.21829328736633E+00
 0.21824687418872E+00
 0.21820220389257E+00
 0.21815937937458E+00
 0.21811835285047E+00
 0.21807953094188E+00
 0.21804287789678E+00
 0.21800850483136E+00
 0.21797652685374E+00
 0.21794706173594E+00
 0.21792023015998E+00
 0.21789615424265E+00
 0.21787496275918E+00
 0.21785678383000E+00
 0.21784175036789E+00
 0.21782999804288E+00
 0.21782151129086E+00
 0.21781673416270E+00
 0.21781566355166E+00
 0.21781844782533E+00
 0.21782523842831E+00
 0.21783618775150E+00
 0.21785145428614E+00
 0.21787122318804E+00
 0.21789560863927E+00
 0.21792465125360E+00
 0.21795880448789E+00
 0.21799809670731E+00
 0.21804269717667E+00
 0.21809277592760E+00
 0.21814850441151E+00
 0.21821005427160E+00
 0.21827759648828E+00
 0.21835116271338E+00
 0.21843119089037E+00
 0.21851771494352E+00
 0.21861089818050E+00
 0.21871090105660E+00
 0.21881787858584E+00
 0.21893198353229E+00
 0.21905323487595E+00
 0.21918202317671E+00
 0.21931836222904E+00
 0.21946238277400E+00
 0.21961420830617E+00
 0.21977395772709E+00
 0.21994174448973E+00
 0.22011755661138E+00
 0.22030173255653E+00
 0.22049425678050E+00
 0.22069522506383E+00
 0.22090473139200E+00
 0.22112286870617E+00
 0.22134962635793E+00
 0.22158530556128E+00
 0.22182993007581E+00
 0.22208355361039E+00
 0.22234630792016E+00
 0.22261821418837E+00
 0.22289958126492E+00
 0.22319045018935E+00
 0.22349097322242E+00
 0.22380129881500E+00
 0.22412151447234E+00
 0.22445196165730E+00
 0.22479274964959E+00
 0.22514408350359E+00
 0.22550610261654E+00
 0.22587917070506E+00
 0.22626344895356E+00
 0.22665917768679E+00
 0.22706653528407E+00
 0.22748587356122E+00
 0.22791736443533E+00
 0.22836123266925E+00
 0.22881763609156E+00
 0.22928686171088E+00
 0.22976902180435E+00
 0.23026424645154E+00
 0.23077258293517E+00
 0.23129415833742E+00
 0.23182892806756E+00
 0.23237679637053E+00
 0.23293770601818E+00
 0.23351143248086E+00
 0.23409769427808E+00
 0.23469622361224E+00
 0.23530658580094E+00
 0.23592831733514E+00
 0.23656086873273E+00
 0.23720366220362E+00
 0.23785606182791E+00
 0.23851733056564E+00
 0.23918675568347E+00
 0.23986354604900E+00
 0.24054689318354E+00
 0.24123596581867E+00
 0.24192995651768E+00
 0.24262801854005E+00
 0.24332931488743E+00
 0.24403305686286E+00
 0.24473842259956E+00
 0.24544464209949E+00
 0.24615096413600E+00
 0.24685665922711E+00
 0.24756105172845E+00
 0.24826347415541E+00
 0.24896330254933E+00
 0.24965993869128E+00
 0.25035283857649E+00
 0.25104147103016E+00
 0.25172534755526E+00
 0.25240400734261E+00
 0.25307702394457E+00
 0.25374400067163E+00
 0.25440456955899E+00
 0.25505839204254E+00
 0.25570515196958E+00
 0.25634456470396E+00
 0.25697636277335E+00
 0.25760030730773E+00
 0.25821616464460E+00
 0.25882375608988E+00
 0.25942288999141E+00
 0.26001340589096E+00
 0.26059515914090E+00
 0.26116802239984E+00
 0.26173188441114E+00
 0.26228664715545E+00
 0.26283222243046E+00
 0.26336854456427E+00
 0.26389555087232E+00
 0.26441319770833E+00
 0.26492145063687E+00
 0.26542027840313E+00
 0.26590966895650E+00
 0.26638961503675E+00
 0.26686011794471E+00
 0.26732118972218E+00
 0.26777284490953E+00
 0.26821510895876E+00
 0.26864802446596E+00
 0.26907161988460E+00
 0.26948593812881E+00
 0.26989103497529E+00
 0.27028695895749E+00
 0.27067377785379E+00
 0.27105155172313E+00
 0.27142035215764E+00
 0.27178025166175E+00
 0.27213132918454E+00
 0.27247366328290E+00
 0.27280733988915E+00
 0.27313244594054E+00
 0.27344906769664E+00
 0.27375730025932E+00
 0.27405723807908E+00
 0.27434897815591E+00
 0.27463261830427E+00
 0.27490825956572E+00
 0.27517600381611E+00
 0.27543595558217E+00
 0.27568821827545E+00
 0.27593289792621E+00
 0.27617010176963E+00
 0.27639993898101E+00
 0.27662251676709E+00
 0.27683794498010E+00
 0.27704633141981E+00
 0.27724778724948E+00
 0.27744242301234E+00
 0.27763034798659E+00
 0.27781167295345E+00
 0.27798650801263E+00
 0.27815496284602E+00
 0.27831714799030E+00
 0.27847317292618E+00
 0.27862314642035E+00
 0.27876717773622E+00
 0.27890537440447E+00
 0.27903784439792E+00
 0.27916469474626E+00
 0.27928603171309E+00
 0.27940196031975E+00
 0.27951258568299E+00
 0.27961801227972E+00
 0.27971834224389E+00
 0.27981367781619E+00
 0.27990412024745E+00
 0.27998976970982E+00
 0.28007072514383E+00
 0.28014708458589E+00
 0.28021894478589E+00
 0.28028640104488E+00
 0.28034954916528E+00
 0.28040848229295E+00
 0.28046329299855E+00
 0.28051407215235E+00
 0.28056090990272E+00
 0.28060389469185E+00
 0.28064311522170E+00
