 0.27276187932143E+03
 0.27276185701543E+03
 0.27276164773519E+03
 0.27276087374862E+03
 0.27275899453934E+03
 0.27275535187171E+03
 0.27274919951120E+03
 0.27273984691575E+03
 0.27272719536171E+03
 0.27271289503427E+03
 0.27270195062517E+03
 0.27270419104287E+03
 0.27273498469040E+03
 0.27281489974218E+03
 0.27297229208120E+03
 0.27322584541102E+03
 0.27361009136542E+03
 0.27414532701044E+03
 0.27485709745112E+03
 0.27575718095068E+03
 0.27686232278890E+03
 0.27817318474585E+03
 0.27969688429469E+03
 0.28142280556641E+03
 0.28334983519241E+03
 0.28545834032933E+03
 0.28774131222306E+03
 0.29017316685059E+03
 0.29274333995134E+03
 0.29542325111474E+03
 0.29820065517905E+03
 0.30104636638286E+03
 0.30394344897236E+03
 0.30687710690881E+03
 0.30981875912663E+03
 0.31275406521468E+03
 0.31566582732769E+03
 0.31854325231148E+03
 0.32136131001253E+03
 0.32411083915604E+03
 0.32677951560017E+03
 0.32935611856904E+03
 0.33183622307189E+03
 0.33420031387452E+03
 0.33644568709876E+03
 0.33856572843191E+03
 0.34055484825878E+03
 0.34240836369936E+03
 0.34412247986032E+03
 0.34569994089924E+03
 0.34712744847796E+03
 0.34840880136602E+03
 0.34954323851019E+03
 0.35053050664943E+03
 0.35137087779214E+03
 0.35206512254591E+03
 0.35261445249264E+03
 0.35302047536319E+03
 0.35329048054448E+03
 0.35341626379430E+03
 0.35340547252926E+03
 0.35326096017490E+03
 0.35298573918126E+03
 0.35258300491926E+03
 0.35205610929621E+03
 0.35140853636190E+03
 0.35064388021618E+03
 0.34976581948009E+03
 0.34877810270970E+03
 0.34768453107665E+03
 0.34648894019623E+03
 0.34519517999963E+03
 0.34380711632022E+03
 0.34233318288387E+03
 0.34076813587433E+03
 0.33912026417829E+03
 0.33739334471253E+03
 0.33559116159936E+03
 0.33371740106065E+03
 0.33177569387607E+03
 0.32976960956917E+03
 0.32770264939416E+03
 0.32557824574946E+03
 0.32339975939774E+03
 0.32117046709574E+03
 0.31889365604762E+03
 0.31657228612976E+03
 0.31420944370303E+03
 0.31180807379843E+03
 0.30937102652326E+03
 0.30690453639459E+03
 0.30440435641589E+03
 0.30187649404001E+03
 0.29932344899311E+03
 0.29674761574393E+03
 0.29415127202938E+03
 0.29153659690726E+03
 0.28890576770199E+03
 0.28626083671206E+03
 0.28360368500345E+03
 0.28093615205031E+03
 0.27825998618417E+03
 0.27557685328526E+03
 0.27289090634837E+03
 0.27019837333475E+03
 0.26750335647777E+03
 0.26480708458582E+03
 0.26211077583216E+03
 0.25941554033324E+03
 0.25672240535323E+03
 0.25403221137034E+03
 0.25134599808415E+03
 0.24866446106175E+03
 0.24598817151848E+03
 0.24331779618145E+03
 0.24065574870909E+03
 0.23799848929742E+03
 0.23534827576488E+03
 0.23270535090675E+03
 0.23006980529913E+03
 0.22744154442933E+03
 0.22482052969508E+03
 0.22220659346604E+03
 0.21959931914006E+03
 0.21699985136547E+03
 0.21440460263878E+03
 0.21181441637211E+03
 0.20922850639575E+03
 0.20664595327709E+03
 0.20406571789347E+03
 0.20148662240947E+03
 0.19890735250672E+03
 0.19632761297048E+03
 0.19374346549439E+03
 0.19115431165291E+03
 0.18855824332138E+03
 0.18595319550742E+03
 0.18333694218371E+03
 0.18070711324965E+03
 0.17806204579207E+03
 0.17539727862120E+03
 0.17271082879609E+03
 0.16999968134338E+03
 0.16726067585833E+03
 0.16449051486891E+03
 0.16168576139227E+03
 0.15884345045019E+03
 0.15595875632393E+03
 0.15302852486407E+03
 0.15004891682257E+03
 0.14701607592770E+03
 0.14392607283067E+03
 0.14077565910600E+03
 0.13755998102601E+03
 0.13427594366776E+03
 0.13092000117598E+03
 0.12748886780199E+03
 0.12397981475484E+03
 0.12038972334869E+03
 0.11671664375449E+03
 0.11295909757577E+03
 0.10911592819699E+03
 0.10518727423115E+03
 0.10117335424514E+03
 0.97076011508508E+02
 0.92897930343892E+02
 0.88642949902019E+02
 0.84316262245751E+02
 0.79924323476118E+02
 0.75474973477048E+02
 0.70977429163842E+02
 0.66442502252467E+02
 0.61882126325372E+02
 0.57309682733400E+02
 0.52739542643365E+02
 0.48187543240577E+02
 0.43669954568067E+02
 0.39203813575176E+02
 0.34806391950820E+02
 0.30495603934689E+02
 0.26288793897125E+02
 0.22202901510517E+02
 0.18254768377571E+02
 0.14459873349914E+02
 0.10832657767226E+02
 0.73868180700279E+01
 0.41341454222654E+01
 0.10851283711387E+01
-0.17515134199485E+01
-0.43681952040498E+01
-0.67595607186746E+01
-0.89217586369988E+01
-0.10852211743686E+02
-0.12550282412395E+02
-0.14016678571012E+02
-0.15253598868430E+02
-0.16264243443369E+02
-0.17053257145729E+02
-0.17626297770246E+02
-0.17989733732305E+02
-0.18150912139522E+02
-0.18117769704372E+02
-0.17898762652143E+02
-0.17502779150378E+02
-0.16938892615232E+02
-0.16216462824745E+02
-0.15344904018617E+02
-0.14333624664663E+02
-0.13191963181033E+02
-0.11929142334472E+02
-0.10554167748272E+02
-0.90758426891064E+01
-0.75026872602937E+01
-0.58429369421307E+01
-0.41045197179428E+01
-0.22950234925653E+01
-0.42173182472566E+00
 0.15084392660686E+01
 0.34888867325173E+01
 0.55132762378126E+01
 0.75757751492284E+01
 0.96707685844009E+01
 0.11792896477432E+02
 0.13937187690635E+02
 0.16098884028460E+02
 0.18273578481149E+02
 0.20457103674869E+02
 0.22645589195139E+02
 0.24835256077354E+02
 0.27022786096373E+02
 0.29204837684985E+02
 0.31378509082474E+02
 0.33540778209080E+02
 0.35689439944640E+02
 0.37821876691444E+02
 0.39935829083141E+02
 0.42029213742715E+02
 0.44100089360252E+02
 0.46146672600972E+02
 0.48167314963201E+02
 0.50160521715326E+02
 0.52124874329500E+02
 0.54059206329265E+02
 0.55961954663510E+02
 0.57832650989810E+02
 0.59670229334107E+02
 0.61473697314150E+02
 0.63242237750743E+02
 0.64975356161034E+02
 0.66672406299683E+02
 0.68332889475007E+02
 0.69956357907076E+02
 0.71541979326028E+02
 0.73090386125787E+02
 0.74600913207682E+02
 0.76073436287198E+02
 0.77507882829508E+02
 0.78903861885198E+02
 0.80261596873830E+02
 0.81581084928084E+02
 0.82861707848140E+02
 0.84105016479862E+02
 0.85310477406108E+02
 0.86478190439397E+02
 0.87608467897594E+02
 0.88701548666557E+02
 0.89757899592143E+02
 0.90777268160369E+02
 0.91760560454400E+02
 0.92707216243254E+02
 0.93619083656768E+02
 0.94495855020888E+02
 0.95337956753239E+02
 0.96145795508475E+02
 0.96919953888807E+02
 0.97660833802503E+02
 0.98368640426814E+02
 0.99043442877218E+02
 0.99687266940977E+02
 0.10029979418378E+03
 0.10088154773225E+03
 0.10143306932471E+03
 0.10195485593252E+03
 0.10244760411733E+03
 0.10291175134347E+03
 0.10334653010784E+03
 0.10375498255385E+03
 0.10413646095604E+03
 0.10449152333119E+03
 0.10482072556104E+03
 0.10512462896655E+03
 0.10540377097267E+03
 0.10565873434061E+03
 0.10588899380026E+03
 0.10609717616420E+03
 0.10628278737987E+03
 0.10644637029081E+03
 0.10658846395513E+03
 0.10670956736229E+03
 0.10681031485038E+03
