 0.00000000000000E+00
 0.00000000000000E+00
 0.00000000000000E+00
 0.00000000000000E+00
 0.13127497861867E-77
 0.12545462920130E-64
 0.23449528291312E-55
 0.21080025347749E-48
 0.53992693869001E-43
 0.11457983410444E-38
 0.39737263767248E-35
 0.35422252894679E-32
 0.11104547160000E-29
 0.15315403012780E-27
 0.10951865852682E-25
 0.45925968671570E-24
 0.12409675816688E-22
 0.23249051010577E-21
 0.31997779707834E-20
 0.33884032590317E-19
 0.28662134792195E-18
 0.19969470369421E-17
 0.11753710163457E-16
 0.59688743835618E-16
 0.26621115722928E-15
 0.10584839400398E-14
 0.38003565391840E-14
 0.12456513604400E-13
 0.37627826723798E-13
 0.10561110353298E-12
 0.27739574606977E-12
 0.68609117258184E-12
 0.16067124814972E-11
 0.35799063357845E-11
 0.76214088476483E-11
 0.15562663185086E-10
 0.30583758518585E-10
 0.58019888630241E-10
 0.10654138347085E-09
 0.18983726423092E-09
 0.32894693178571E-09
 0.55541703780481E-09
 0.91548473441609E-09
 0.14754718119216E-08
 0.23286932513941E-08
 0.36040388770411E-08
 0.54765347250395E-08
 0.81801132878045E-08
 0.12022836862071E-07
 0.17404908844061E-07
 0.24839094736430E-07
 0.34975087431438E-07
 0.48626296428551E-07
 0.66800335360654E-07
 0.90732857110312E-07
 0.12192483256987E-06
 0.16218326386743E-06
 0.21366528023020E-06
 0.27892702818172E-06
 0.36096868600806E-06
 0.46329563241434E-06
 0.58997003790314E-06
 0.74567077489001E-06
 0.93575456562660E-06
 0.11663191295535E-05
 0.14442680567242E-05
 0.17773771150985E-05
 0.21743616935163E-05
 0.26449450972152E-05
 0.31999274135692E-05
 0.38512546876783E-05
 0.46120881628475E-05
 0.54968733848877E-05
 0.65214395126210E-05
 0.77029515792377E-05
 0.90601437202179E-05
 0.10613281323119E-04
 0.12384252159878E-04
 0.14396632092420E-04
 0.16675750225428E-04
 0.19248753524233E-04
 0.22144671128454E-04
 0.25394478566133E-04
 0.29031162260408E-04
 0.33089784298743E-04
 0.37607588021395E-04
 0.42623919816241E-04
 0.48180500344949E-04
 0.54321370761865E-04
 0.61092996188710E-04
 0.68544610254038E-04
 0.76727270147526E-04
 0.85695435528868E-04
 0.95506103405456E-04
 0.10621913888129E-03
 0.11789738708332E-03
 0.13060679128557E-03
 0.14441652792145E-03
 0.15939914372733E-03
 0.17563071094564E-03
 0.19319100045622E-03
 0.21216366813105E-03
 0.23263646202426E-03
 0.25470225861457E-03
 0.27845614569703E-03
 0.30400032872690E-03
 0.33144142296011E-03
 0.36089150907823E-03
 0.39246850594986E-03
 0.42629657103452E-03
 0.46250651469630E-03
 0.50123634681095E-03
 0.54263172259180E-03
 0.58684660709371E-03
 0.63404383450180E-03
 0.68439766675038E-03
 0.73808739767696E-03
 0.79530869265797E-03
 0.85626763810353E-03
 0.92118341887229E-03
 0.99028932722565E-03
 0.10638341014469E-02
 0.11420850726796E-02
 0.12253219757448E-02
 0.13138522367459E-02
 0.14079942808800E-02
 0.15080978232917E-02
 0.16145346700815E-02
 0.17277035009128E-02
 0.18480322026667E-02
 0.19759802430372E-02
 0.21120411861933E-02
 0.22567496537187E-02
 0.24106679145320E-02
 0.25744131821975E-02
 0.27486452990234E-02
 0.29340742639508E-02
 0.31314636906120E-02
 0.33416357457241E-02
 0.35654802245345E-02
 0.38039383151723E-02
 0.40580387306453E-02
 0.43288828517843E-02
 0.46176546828894E-02
 0.49256275514114E-02
 0.52541702740629E-02
 0.56047606915006E-02
 0.59789649009181E-02
 0.63784863812091E-02
 0.68051464288509E-02
 0.72608991584385E-02
 0.77478408868672E-02
 0.82682276845763E-02
 0.88244510506913E-02
 0.94191135280380E-02
 0.10054945018380E-01
 0.10734911098634E-01
 0.11462174643345E-01
 0.12240082426595E-01
 0.13072231204034E-01
 0.13962445437252E-01
 0.14914786437040E-01
 0.15933573981542E-01
 0.17023354486887E-01
 0.18188959166548E-01
 0.19435472334706E-01
 0.20768241919192E-01
 0.22192830455172E-01
 0.23715071827703E-01
 0.25341008067865E-01
 0.27076879239991E-01
 0.28929045221162E-01
 0.30904009783577E-01
 0.33008319531134E-01
 0.35248523014411E-01
 0.37631032944766E-01
 0.40162114674059E-01
 0.42847733930147E-01
 0.45693461481427E-01
 0.48704291944566E-01
 0.51884600287752E-01
 0.55237960016048E-01
 0.58766956346303E-01
 0.62473147815867E-01
 0.66356905916694E-01
 0.70417251217532E-01
 0.74651867726132E-01
 0.79056980203379E-01
 0.83627383683817E-01
 0.88356289514424E-01
 0.93235782768366E-01
 0.98256414163852E-01
 0.10340756585057E+00
 0.10867762178110E+00
 0.11405407017559E+00
 0.11952373505192E+00
 0.12507291487770E+00
 0.13068765891201E+00
 0.13635393769981E+00
 0.14205921085326E+00
 0.14778710460052E+00
 0.15352569116669E+00
 0.15926229819947E+00
 0.16498492773601E+00
 0.17068231117742E+00
 0.17634401567967E+00
 0.18196045578053E+00
 0.18752291460706E+00
 0.19302356784991E+00
 0.19845543063338E+00
 0.20381238563281E+00
 0.20908911856707E+00
 0.21428108663623E+00
 0.21938447237625E+00
 0.22439613835562E+00
 0.22931357202757E+00
 0.23413483679541E+00
 0.23885851911314E+00
 0.24348368133069E+00
 0.24800981086289E+00
 0.25243675706056E+00
 0.25676479292212E+00
 0.26099438651129E+00
 0.26512630531496E+00
 0.26916154691415E+00
 0.27310129696319E+00
 0.27694691265494E+00
 0.28069988626624E+00
 0.28436182638728E+00
 0.28793444102229E+00
 0.29141951026161E+00
 0.29481887645962E+00
 0.29813442055813E+00
 0.30136806452740E+00
 0.30452174545936E+00
 0.30759740808188E+00
 0.31059699891382E+00
 0.31352246079317E+00
 0.31637571790617E+00
 0.31915868441577E+00
 0.32187324641281E+00
 0.32452126011719E+00
 0.32710455136695E+00
 0.32962491407089E+00
 0.33208410929022E+00
 0.33448385880946E+00
 0.33682584520930E+00
 0.33911170861088E+00
 0.34134305252942E+00
 0.34352143842069E+00
 0.34564838491551E+00
 0.34772537254319E+00
 0.34975383746957E+00
 0.35173517925904E+00
 0.35367075423443E+00
 0.35556187996409E+00
 0.35740983552537E+00
 0.35921586243381E+00
 0.36098116253852E+00
 0.36270690228238E+00
 0.36439421167644E+00
 0.36604418732476E+00
 0.36765789002281E+00
 0.36923634800609E+00
 0.37078055808843E+00
 0.37229148382911E+00
 0.37377005955031E+00
 0.37521718982823E+00
 0.37663375051409E+00
 0.37802058967679E+00
 0.37937852879865E+00
 0.38070836280139E+00
 0.38201086130737E+00
 0.38328676969096E+00
 0.38453680960262E+00
 0.38576168008249E+00
 0.38696205820561E+00
 0.38813859910286E+00
 0.38929193740370E+00
 0.39042268806358E+00
 0.39153144666428E+00
 0.39261878984069E+00
 0.39368527656752E+00
 0.39473144798715E+00
 0.39575782945332E+00
 0.39676492937934E+00
 0.39775323995192E+00
 0.39872323902800E+00
 0.39967538976386E+00
 0.40061014086131E+00
 0.40152792755189E+00
 0.40242917195136E+00
 0.40331428346978E+00
 0.40418365934392E+00
 0.40503768381063E+00
 0.40587673155048E+00
 0.40670116450738E+00
 0.40751133475110E+00
 0.40830758385044E+00
 0.40909024331098E+00
