 0.10897039088326E+00
 0.10897039088315E+00
 0.10897039088202E+00
 0.10897039088485E+00
 0.10897039093249E+00
 0.10897039114299E+00
 0.10897039173984E+00
 0.10897039305254E+00
 0.10897039545327E+00
 0.10897039913533E+00
 0.10897040360393E+00
 0.10897040679544E+00
 0.10897040385109E+00
 0.10897038568409E+00
 0.10897050216482E+00
 0.10897040230137E+00
 0.10897040311578E+00
 0.10897030030944E+00
 0.10897025377193E+00
 0.10897004205748E+00
 0.10896986070512E+00
 0.10896947095320E+00
 0.10896910230085E+00
 0.10896847517117E+00
 0.10896784620132E+00
 0.10896690254948E+00
 0.10896591975964E+00
 0.10896457052751E+00
 0.10896313547850E+00
 0.10896128964885E+00
 0.10895930598364E+00
 0.10895687858308E+00
 0.10895411364592E+00
 0.10895116198592E+00
 0.10894770880863E+00
 0.10894386434775E+00
 0.10893962422021E+00
 0.10893513950349E+00
 0.10893008070694E+00
 0.10892457798054E+00
 0.10891862258450E+00
 0.10891220169996E+00
 0.10890547087838E+00
 0.10889809454253E+00
 0.10889021013076E+00
 0.10888180682467E+00
 0.10887287009121E+00
 0.10886338430988E+00
 0.10885333273725E+00
 0.10884286852819E+00
 0.10883163997629E+00
 0.10881978425052E+00
 0.10880728058266E+00
 0.10879410374645E+00
 0.10878022633660E+00
 0.10876561843818E+00
 0.10875024752595E+00
 0.10873407828665E+00
 0.10871724045419E+00
 0.10869936367787E+00
 0.10868056245221E+00
 0.10866079031560E+00
 0.10863999547182E+00
 0.10861812229886E+00
 0.10859511119790E+00
 0.10857089843655E+00
 0.10854541596283E+00
 0.10851859130851E+00
 0.10849034736704E+00
 0.10846060222623E+00
 0.10842926901446E+00
 0.10839625580410E+00
 0.10836146529659E+00
 0.10832496883705E+00
 0.10828631531937E+00
 0.10824555834224E+00
 0.10820257951155E+00
 0.10815725215017E+00
 0.10810944386307E+00
 0.10805901578624E+00
 0.10800582240056E+00
 0.10794971135315E+00
 0.10789052323253E+00
 0.10782809130731E+00
 0.10776224157619E+00
 0.10769275351428E+00
 0.10761950853966E+00
 0.10754227600849E+00
 0.10746084978891E+00
 0.10737501539469E+00
 0.10728472902451E+00
 0.10718940505370E+00
 0.10708897514611E+00
 0.10698318897701E+00
 0.10687178585539E+00
 0.10675449507525E+00
 0.10663103580609E+00
 0.10650111511106E+00
 0.10636442996232E+00
 0.10622066689691E+00
 0.10606950023178E+00
 0.10591059276061E+00
 0.10574359468583E+00
 0.10556831861066E+00
 0.10538404859179E+00
 0.10519056337968E+00
 0.10498746360753E+00
 0.10477433547106E+00
 0.10455075144229E+00
 0.10431626995180E+00
 0.10407043795804E+00
 0.10381278305634E+00
 0.10354282421105E+00
 0.10326006229147E+00
 0.10296398701780E+00
 0.10265424725285E+00
 0.10232996570936E+00
 0.10199075753485E+00
 0.10163605931755E+00
 0.10126529535475E+00
 0.10087788253724E+00
 0.10047322226179E+00
 0.10005063662397E+00
 0.99609651367561E-01
 0.99149745100172E-01
 0.98669982786087E-01
 0.98169893675839E-01
 0.97648856554206E-01
 0.97106254306961E-01
 0.96541474137334E-01
 0.95953912106100E-01
 0.95342977875116E-01
 0.94708243373501E-01
 0.94048871779081E-01
 0.93364473677638E-01
 0.92654548626415E-01
 0.91918627850594E-01
 0.91156284563618E-01
 0.90367126925097E-01
 0.89550940538041E-01
 0.88707182013935E-01
 0.87835734821014E-01
 0.86936414520290E-01
 0.86009101327471E-01
 0.85053735419827E-01
 0.84070321850579E-01
 0.83059046206353E-01
 0.82019832205973E-01
 0.80952999385474E-01
 0.79858831351265E-01
 0.78737683184307E-01
 0.77589978465473E-01
 0.76416301522674E-01
 0.75217035738192E-01
 0.73992831506928E-01
 0.72744521369100E-01
 0.71472805062310E-01
 0.70178588838215E-01
 0.68862622743889E-01
 0.67525944154825E-01
 0.66169568575862E-01
 0.64794597149566E-01
 0.63402254863193E-01
 0.61993651703289E-01
 0.60570155040510E-01
 0.59133137309992E-01
 0.57684102027688E-01
 0.56224490593986E-01
 0.54755959837071E-01
 0.53280199988621E-01
 0.51799029074078E-01
 0.50314247283879E-01
 0.48827845880823E-01
 0.47341865686628E-01
 0.45858456452139E-01
 0.44379772636867E-01
 0.42908119505982E-01
 0.41445838243639E-01
 0.39995344586686E-01
 0.38559036878340E-01
 0.37139386764402E-01
 0.35738861162064E-01
 0.34359867668131E-01
 0.33004803828044E-01
 0.31675984097572E-01
 0.30375595973616E-01
 0.29105725728002E-01
 0.27868291541895E-01
 0.26665028824265E-01
 0.25497481784053E-01
 0.24366911828618E-01
 0.23274414271628E-01
 0.22220803226085E-01
 0.21206652253598E-01
 0.20232286491109E-01
 0.19297790373035E-01
 0.18403014446882E-01
 0.17547603625883E-01
 0.16731006019754E-01
 0.15952281884382E-01
 0.15210970537589E-01
 0.14505860556398E-01
 0.13835839263495E-01
 0.13199710826727E-01
 0.12596213147955E-01
 0.12024042849489E-01
 0.11481868146974E-01
 0.10968346872151E-01
 0.10482135999842E-01
 0.10021908268878E-01
 0.95863578935223E-02
 0.91742101356244E-02
 0.87842268064076E-02
 0.84152113604327E-02
 0.80660121658276E-02
 0.77355251600533E-02
 0.74226955240497E-02
 0.71265178892791E-02
 0.68460369599534E-02
 0.65803462342100E-02
 0.63285904044475E-02
 0.60899533626438E-02
 0.58636730306384E-02
 0.56490281168028E-02
 0.54453392890129E-02
 0.52519677551101E-02
 0.50683126632428E-02
 0.48938098119547E-02
 0.47279295254445E-02
 0.45701740558069E-02
 0.44200768437024E-02
 0.42771997866315E-02
 0.41411321390899E-02
 0.40114887998532E-02
 0.38879081105000E-02
 0.37700511910950E-02
 0.36576001249101E-02
 0.35502564517189E-02
 0.34477405084224E-02
 0.33497893650511E-02
 0.32561561487235E-02
 0.31666096461173E-02
 0.30809324902525E-02
 0.29989201696245E-02
 0.29203808793257E-02
 0.28451338469862E-02
 0.27730094180122E-02
 0.27038479444996E-02
 0.26374991045103E-02
 0.25738213620284E-02
 0.25126815621128E-02
 0.24539540542227E-02
 0.23975205232837E-02
 0.23432694751747E-02
 0.22910955786207E-02
 0.22408995053445E-02
 0.21925874573241E-02
 0.21460708353269E-02
 0.21012659740699E-02
 0.20580937567010E-02
 0.20164793256463E-02
 0.19763519610722E-02
 0.19376446459764E-02
 0.19002939429688E-02
 0.18642397140879E-02
 0.18294250702933E-02
 0.17957960132680E-02
 0.17633013689680E-02
 0.17318925454929E-02
 0.17015234049733E-02
 0.16721502270745E-02
 0.16437313943276E-02
 0.16162273939128E-02
 0.15896006601693E-02
 0.15638154575610E-02
 0.15388377886436E-02
 0.15146352949135E-02
 0.14911771525249E-02
 0.14684340752400E-02
 0.14463780755452E-02
 0.14249825031783E-02
 0.14042219560483E-02
 0.13840721994011E-02
 0.13645101119323E-02
 0.13455135942619E-02
 0.13270615606869E-02
 0.13091339261510E-02
 0.12917114268214E-02
 0.12747756694374E-02
 0.12583090773719E-02
 0.12422948336280E-02
 0.12267168477415E-02
 0.12115597213365E-02
 0.11968086836705E-02
 0.11824496700064E-02
 0.11684691108078E-02
 0.11548540627295E-02
 0.11415920934979E-02
 0.11286712893885E-02
 0.11160802143552E-02
