-0.94991753966165E+01
-0.94991751772199E+01
-0.94991729749334E+01
-0.94991643287349E+01
-0.94991423087767E+01
-0.94990980036709E+01
-0.94990207613087E+01
-0.94988986438007E+01
-0.94987203760520E+01
-0.94984805366932E+01
-0.94981886632804E+01
-0.94978807906756E+01
-0.94976302255488E+01
-0.94975544299171E+01
-0.94978161353289E+01
-0.94986185408457E+01
-0.95001957517451E+01
-0.95028002402928E+01
-0.95066891399470E+01
-0.95121111523406E+01
-0.95192948808819E+01
-0.95284394508890E+01
-0.95397076742892E+01
-0.95532217256815E+01
-0.95690608811209E+01
-0.95872612470225E+01
-0.96078178061223E+01
-0.96306868515954E+01
-0.96557891002238E+01
-0.96830140040013E+01
-0.97122245327545E+01
-0.97432607679372E+01
-0.97759455088229E+01
-0.98100884799041E+01
-0.98454880102981E+01
-0.98819393833928E+01
-0.99192324015886E+01
-0.99571588678900E+01
-0.99955130912988E+01
-0.10034094028347E+02
-0.10072707280501E+02
-0.10111166586163E+02
-0.10149294769273E+02
-0.10186924726786E+02
-0.10223899868350E+02
-0.10260074498762E+02
-0.10295313992261E+02
-0.10329494487965E+02
-0.10362504070460E+02
-0.10394240619782E+02
-0.10424612794434E+02
-0.10453539335332E+02
-0.10480948677896E+02
-0.10506778493543E+02
-0.10530975194952E+02
-0.10553493502219E+02
-0.10574296011108E+02
-0.10593352497229E+02
-0.10610639669262E+02
-0.10626140637335E+02
-0.10639843898064E+02
-0.10651744838445E+02
-0.10661843133443E+02
-0.10670143441824E+02
-0.10676654761230E+02
-0.10681390201479E+02
-0.10684366721051E+02
-0.10685604746345E+02
-0.10685127882857E+02
-0.10682962720780E+02
-0.10679138597071E+02
-0.10673687380480E+02
-0.10666643544275E+02
-0.10658042563152E+02
-0.10647923023510E+02
-0.10636324866044E+02
-0.10623289607279E+02
-0.10608860274922E+02
-0.10593081166378E+02
-0.10575997776920E+02
-0.10557655777918E+02
-0.10538104063725E+02
-0.10517390557662E+02
-0.10495564313931E+02
-0.10472675064588E+02
-0.10448780409481E+02
-0.10423917616394E+02
-0.10398144164205E+02
-0.10371511614280E+02
-0.10344071609164E+02
-0.10315875450167E+02
-0.10286976639289E+02
-0.10257426747901E+02
-0.10227278056324E+02
-0.10196582912408E+02
-0.10165393272217E+02
-0.10133761288905E+02
-0.10101737887557E+02
-0.10069376727458E+02
-0.10036729539646E+02
-0.10003845678251E+02
-0.99707777568929E+01
-0.99375767974513E+01
-0.99042931711772E+01
-0.98709772360262E+01
-0.98376788954952E+01
-0.98044474967873E+01
-0.97713323826505E+01
-0.97383825890156E+01
-0.97056464536526E+01
-0.96731719373913E+01
-0.96410065783114E+01
-0.96091972240986E+01
-0.95777902600413E+01
-0.95468316896639E+01
-0.95163662580145E+01
-0.94864382692618E+01
-0.94570913117322E+01
-0.94283680086112E+01
-0.94003098825458E+01
-0.93729573244572E+01
-0.93463565058196E+01
-0.93205316730356E+01
-0.92955262334655E+01
-0.92713741566230E+01
-0.92481076238599E+01
-0.92257567874808E+01
-0.92043503528867E+01
-0.91839121325658E+01
-0.91644651480780E+01
-0.91460279854227E+01
-0.91286155934887E+01
-0.91122388999538E+01
-0.90969044505970E+01
-0.90826138000565E+01
-0.90693638016736E+01
-0.90571443086383E+01
-0.90459394953320E+01
-0.90357276488496E+01
-0.90264793104971E+01
-0.90181574489615E+01
-0.90107173446043E+01
-0.90041057668563E+01
-0.89982607998663E+01
-0.89931111380763E+01
-0.89885755998802E+01
-0.89845644334500E+01
-0.89809770457792E+01
-0.89777031494874E+01
-0.89746212573026E+01
-0.89716012795020E+01
-0.89685026358856E+01
-0.89651735729923E+01
-0.89614580563727E+01
-0.89571767632581E+01
-0.89521558261027E+01
-0.89462101135469E+01
-0.89391447783417E+01
-0.89307637819561E+01
-0.89208642780289E+01
-0.89092422208778E+01
-0.88956945760105E+01
-0.88800241248151E+01
-0.88620349978671E+01
-0.88415475388552E+01
-0.88183952828119E+01
-0.87924344422766E+01
-0.87635410539030E+01
-0.87316272908330E+01
-0.86966396708905E+01
-0.86585715419776E+01
-0.86174649407158E+01
-0.85734163356341E+01
-0.85265799354407E+01
-0.84771730321923E+01
-0.84254720594361E+01
-0.83718115871442E+01
-0.83165799573848E+01
-0.82602107511393E+01
-0.82031666487150E+01
-0.81459342483898E+01
-0.80890018838193E+01
-0.80328455043161E+01
-0.79779136217929E+01
-0.79246142598469E+01
-0.78733083983563E+01
-0.78242951931183E+01
-0.77778111391911E+01
-0.77340317955902E+01
-0.76930722796031E+01
-0.76549965399450E+01
-0.76198176094706E+01
-0.75875119745486E+01
-0.75580251925427E+01
-0.75312773305149E+01
-0.75071791466330E+01
-0.74856243367606E+01
-0.74665085122324E+01
-0.74497220575984E+01
-0.74351588601541E+01
-0.74227136112908E+01
-0.74122864132273E+01
-0.74037806110004E+01
-0.73971039248252E+01
-0.73921654542918E+01
-0.73888770268473E+01
-0.73871532666632E+01
-0.73869091591475E+01
-0.73880589855764E+01
-0.73905172373925E+01
-0.73941985328569E+01
-0.73990152189457E+01
-0.74048799512600E+01
-0.74117069834166E+01
-0.74194054071371E+01
-0.74278847747241E+01
-0.74370571555687E+01
-0.74468313755532E+01
-0.74571175257356E+01
-0.74678255687657E+01
-0.74788682018681E+01
-0.74901583262998E+01
-0.75016095884424E+01
-0.75131391536499E+01
-0.75246646021573E+01
-0.75361078679212E+01
-0.75473912269957E+01
-0.75584416896245E+01
-0.75691878464224E+01
-0.75795625990513E+01
-0.75895016571515E+01
-0.75989443350362E+01
-0.76078322412153E+01
-0.76161124145391E+01
-0.76237339724320E+01
-0.76306497251547E+01
-0.76368157089212E+01
-0.76421922826079E+01
-0.76467434613915E+01
-0.76504365410981E+01
-0.76532407489618E+01
-0.76551297830911E+01
-0.76560802440885E+01
-0.76560718199791E+01
-0.76550870385304E+01
-0.76531113760255E+01
-0.76501331820777E+01
-0.76461433655817E+01
-0.76411353700992E+01
-0.76351043671643E+01
-0.76280502396863E+01
-0.76199718301984E+01
-0.76108716284945E+01
-0.76007543725434E+01
-0.75896263898075E+01
-0.75774949407950E+01
-0.75643702917791E+01
-0.75502629875162E+01
-0.75351856595551E+01
-0.75191523363226E+01
-0.75021779418373E+01
-0.74842783465185E+01
-0.74654705313467E+01
-0.74457725482481E+01
-0.74252032334097E+01
-0.74037825593748E+01
-0.73815303035507E+01
-0.73584676757737E+01
-0.73346159798836E+01
-0.73099963904088E+01
-0.72846319063973E+01
-0.72585449502871E+01
-0.72317574488510E+01
-0.72042930253677E+01
-0.71761748942210E+01
-0.71474255324761E+01
-0.71180685305993E+01
-0.70881271165888E+01
-0.70576244324402E+01
-0.70265833886506E+01
-0.69950269924052E+01
-0.69629780246292E+01
-0.69304588637026E+01
-0.68974920173600E+01
-0.68640993890346E+01
-0.68303028838844E+01
-0.67961238800372E+01
-0.67615837176890E+01
-0.67267030319842E+01
-0.66915023797255E+01
-0.66560020532147E+01
-0.66202212715869E+01
-0.65841798169758E+01
-0.65478965331532E+01
-0.65113900679783E+01
-0.64746775283469E+01
-0.64377776738732E+01
-0.64007072531823E+01
-0.63634831708417E+01
-0.63261216145042E+01
