 0.64845550652346E+01
 0.64845550645899E+01
 0.64845550574801E+01
 0.64845550271041E+01
 0.64845549441802E+01
 0.64845547677638E+01
 0.64845544458519E+01
 0.64845539151373E+01
 0.64845530989813E+01
 0.64845519020250E+01
 0.64845501980660E+01
 0.64845478108039E+01
 0.64845444879779E+01
 0.64845398736739E+01
 0.64845334820042E+01
 0.64845246757586E+01
 0.64845126522044E+01
 0.64844964356808E+01
 0.64844748741215E+01
 0.64844466455203E+01
 0.64844102615461E+01
 0.64843640748486E+01
 0.64843062885397E+01
 0.64842349673651E+01
 0.64841480433366E+01
 0.64840433233929E+01
 0.64839185242299E+01
 0.64837712793145E+01
 0.64835991433145E+01
 0.64833996186189E+01
 0.64831702140932E+01
 0.64829083495234E+01
 0.64826115329829E+01
 0.64822773863131E+01
 0.64819033377250E+01
 0.64814873010683E+01
 0.64810268949215E+01
 0.64805201090283E+01
 0.64799650229862E+01
 0.64793598703881E+01
 0.64787030583443E+01
 0.64779931814655E+01
 0.64772290234684E+01
 0.64764095696086E+01
 0.64755340060547E+01
 0.64746017230012E+01
 0.64736123153102E+01
 0.64725655729819E+01
 0.64714615155355E+01
 0.64703003359856E+01
 0.64690824325083E+01
 0.64678083954736E+01
 0.64664790038131E+01
 0.64650952200153E+01
 0.64636581844981E+01
 0.64621692115981E+01
 0.64606297857670E+01
 0.64590415512386E+01
 0.64574063123707E+01
 0.64557260268756E+01
 0.64540027865150E+01
 0.64522388623313E+01
 0.64504366438701E+01
 0.64485986587965E+01
 0.64467275666789E+01
 0.64448261555047E+01
 0.64428973405739E+01
 0.64409441593950E+01
 0.64389697669093E+01
 0.64369774349873E+01
 0.64349705506075E+01
 0.64329526148260E+01
 0.64309272452884E+01
 0.64288981284725E+01
 0.64268691043239E+01
 0.64248441032113E+01
 0.64228271582253E+01
 0.64208224057356E+01
 0.64188340893124E+01
 0.64168665558311E+01
 0.64149242294012E+01
 0.64130117058619E+01
 0.64111336320269E+01
 0.64092947765667E+01
 0.64075000116684E+01
 0.64057556191682E+01
 0.64040643304498E+01
 0.64024324718752E+01
 0.64008653860129E+01
 0.63993685233488E+01
 0.63979474497324E+01
 0.63966079343841E+01
 0.63953558082404E+01
 0.63941970646868E+01
 0.63931378588553E+01
 0.63921844753704E+01
 0.63913433614720E+01
 0.63906210964996E+01
 0.63900245306851E+01
 0.63895606300862E+01
 0.63892365046423E+01
 0.63890595228484E+01
 0.63890372380839E+01
 0.63891773973996E+01
 0.63894880005953E+01
 0.63899772471234E+01
 0.63906535609335E+01
 0.63915256411253E+01
 0.63926024452511E+01
 0.63938931668469E+01
 0.63954072854612E+01
 0.63971545750455E+01
 0.63991450638725E+01
 0.64013890957255E+01
 0.64038973503250E+01
 0.64066807263570E+01
 0.64097504829112E+01
 0.64131182467254E+01
 0.64167958332617E+01
 0.64207954877933E+01
 0.64251296986956E+01
 0.64298129766485E+01
 0.64348552852794E+01
 0.64402715833731E+01
 0.64460755096663E+01
 0.64522809785642E+01
 0.64589022143183E+01
 0.64659536787133E+01
 0.64734498940448E+01
 0.64814056988240E+01
 0.64898359960053E+01
 0.64987557822096E+01
 0.65081801085927E+01
 0.65181240678759E+01
 0.65286026939855E+01
 0.65396310389674E+01
 0.65512239098397E+01
 0.65633960198553E+01
 0.65761619319053E+01
 0.65895358984548E+01
 0.66035319185881E+01
 0.66181637282755E+01
 0.66334447310679E+01
 0.66493879658681E+01
 0.66660062483790E+01
 0.66833118244876E+01
 0.67013168859828E+01
 0.67200331566609E+01
 0.67394722323178E+01
 0.67596453920897E+01
 0.67805638759437E+01
 0.68022387577688E+01
 0.68246810277694E+01
 0.68479035657099E+01
 0.68719142800695E+01
 0.68967265199501E+01
 0.69223517941761E+01
 0.69488022968083E+01
 0.69760906412022E+01
 0.70042299138998E+01
 0.70332336100767E+01
 0.70631157865140E+01
 0.70938913568463E+01
 0.71255750958062E+01
 0.71581826320812E+01
 0.71917298688845E+01
 0.72262331327215E+01
 0.72617079585994E+01
 0.72981701304153E+01
 0.73356348717471E+01
 0.73741163154918E+01
 0.74136274516398E+01
 0.74541795860171E+01
 0.74957819724319E+01
 0.75384412061544E+01
 0.75821608840798E+01
 0.76269409290691E+01
 0.76727775876254E+01
 0.77196629367544E+01
 0.77675843275794E+01
 0.78165245369954E+01
 0.78664617073608E+01
 0.79173687930436E+01
 0.79692137643354E+01
 0.80219599358726E+01
 0.80755667566614E+01
 0.81299894900044E+01
 0.81851794468246E+01
 0.82410846917151E+01
 0.82976496722077E+01
 0.83548208590196E+01
 0.84125383821066E+01
 0.84707434595491E+01
 0.85293766325285E+01
 0.85883782388713E+01
 0.86476903522275E+01
 0.87072541190187E+01
 0.87670136871832E+01
 0.88269140432392E+01
 0.88869029609173E+01
 0.89469282007956E+01
 0.90069416552001E+01
 0.90668967482515E+01
 0.91267495633972E+01
 0.91864581380279E+01
 0.92459827524871E+01
 0.93052861524933E+01
 0.93643330533201E+01
 0.94230898954197E+01
 0.94815255485704E+01
 0.95396103819375E+01
 0.95973164604766E+01
 0.96546174624837E+01
 0.97114893155033E+01
 0.97679083885025E+01
 0.98238526802583E+01
 0.98793019240286E+01
 0.99342363831908E+01
 0.99886377751129E+01
 0.10042488021993E+02
 0.10095772074610E+02
 0.10148473846764E+02
 0.10200578779466E+02
 0.10252073161109E+02
 0.10302943938701E+02
 0.10353179118938E+02
 0.10402767109244E+02
 0.10451697164211E+02
 0.10499959156412E+02
 0.10547543695431E+02
 0.10594442048268E+02
 0.10640646077242E+02
 0.10686148016384E+02
 0.10730940950458E+02
 0.10775018572659E+02
 0.10818374934378E+02
 0.10861004767604E+02
 0.10902903327267E+02
 0.10944066422604E+02
 0.10984490491871E+02
 0.11024172217883E+02
 0.11063108950298E+02
 0.11101298599283E+02
 0.11138739564313E+02
 0.11175430654419E+02
 0.11211371122969E+02
 0.11246560740793E+02
 0.11280999825706E+02
 0.11314689016502E+02
 0.11347629407090E+02
 0.11379822764521E+02
 0.11411270880781E+02
 0.11441976165651E+02
 0.11471941390559E+02
 0.11501169752366E+02
 0.11529664771906E+02
 0.11557430443375E+02
 0.11584470966579E+02
 0.11610791012212E+02
 0.11636395490639E+02
 0.11661289676902E+02
 0.11685479196305E+02
 0.11708969856520E+02
 0.11731767835430E+02
 0.11753879538964E+02
 0.11775311672026E+02
 0.11796071104128E+02
 0.11816165047573E+02
 0.11835600828259E+02
 0.11854386036845E+02
 0.11872528484750E+02
 0.11890036078066E+02
 0.11906916908945E+02
 0.11923179266526E+02
 0.11938831627864E+02
 0.11953882497728E+02
 0.11968340569604E+02
 0.11982214613574E+02
 0.11995513557996E+02
 0.12008246326169E+02
 0.12020421992607E+02
 0.12032049668888E+02
 0.12043138507525E+02
 0.12053697732612E+02
 0.12063736609014E+02
 0.12073264417570E+02
 0.12082290432651E+02
 0.12090823973630E+02
 0.12098874371144E+02
 0.12106450890907E+02
 0.12113562839729E+02
 0.12120219478623E+02
 0.12126430067147E+02
 0.12132203755808E+02
 0.12137549736088E+02
 0.12142477061011E+02
 0.12146994902517E+02
 0.12151112135802E+02
 0.12154837712468E+02
 0.12158180524643E+02
