 0.10909164672639E+00
 0.10909164672628E+00
 0.10909164672512E+00
 0.10909164672767E+00
 0.10909164677424E+00
 0.10909164698344E+00
 0.10909164758244E+00
 0.10909164890567E+00
 0.10909165133494E+00
 0.10909165505523E+00
 0.10909165953019E+00
 0.10909166256428E+00
 0.10909165902893E+00
 0.10909163933323E+00
 0.10909158789929E+00
 0.10909148183290E+00
 0.10909128992664E+00
 0.10909097211695E+00
 0.10909047949073E+00
 0.10908975453456E+00
 0.10908873198546E+00
 0.10908733991739E+00
 0.10908550097377E+00
 0.10908313367635E+00
 0.10908015399817E+00
 0.10907647680129E+00
 0.10907201623405E+00
 0.10906668701732E+00
 0.10906040571354E+00
 0.10905309102784E+00
 0.10904466269672E+00
 0.10903504648564E+00
 0.10902416800438E+00
 0.10901195238616E+00
 0.10899833802120E+00
 0.10898324889465E+00
 0.10896662806182E+00
 0.10894841015884E+00
 0.10892853382148E+00
 0.10890693950329E+00
 0.10888356903041E+00
 0.10885836539738E+00
 0.10883127298294E+00
 0.10880223729666E+00
 0.10877120516690E+00
 0.10873812472354E+00
 0.10870294543226E+00
 0.10866561854529E+00
 0.10862609535925E+00
 0.10858432975913E+00
 0.10854027649330E+00
 0.10849389152698E+00
 0.10844513188312E+00
 0.10839395551185E+00
 0.10834032113152E+00
 0.10828418796131E+00
 0.10822551541036E+00
 0.10816426300377E+00
 0.10810038983985E+00
 0.10803385432152E+00
 0.10796461442104E+00
 0.10789262512246E+00
 0.10781784040823E+00
 0.10774021193690E+00
 0.10765968858065E+00
 0.10757621602468E+00
 0.10748973622102E+00
 0.10740018701303E+00
 0.10730750179783E+00
 0.10721160899014E+00
 0.10711243152932E+00
 0.10700988641695E+00
 0.10690388405773E+00
 0.10679433040692E+00
 0.10668112187801E+00
 0.10656414837187E+00
 0.10644329214611E+00
 0.10631842745011E+00
 0.10618941989484E+00
 0.10605612645413E+00
 0.10591839638779E+00
 0.10577606651451E+00
 0.10562896668297E+00
 0.10547691608688E+00
 0.10531972424465E+00
 0.10515712058197E+00
 0.10498902040101E+00
 0.10481514188553E+00
 0.10463525113578E+00
 0.10444910403097E+00
 0.10425644556001E+00
 0.10405700543928E+00
 0.10385050524836E+00
 0.10363665343108E+00
 0.10341514516285E+00
 0.10318566548475E+00
 0.10294788636242E+00
 0.10270146916953E+00
 0.10244605704856E+00
 0.10218128315035E+00
 0.10190677089321E+00
 0.10162212660610E+00
 0.10132694551504E+00
 0.10102081021514E+00
 0.10070328880885E+00
 0.10037393790048E+00
 0.10003230202028E+00
 0.99677911480897E-01
 0.99310284164638E-01
 0.98928927304269E-01
 0.98533335709345E-01
 0.98122992152490E-01
 0.97697370651545E-01
 0.97255934011549E-01
 0.96798133114695E-01
 0.96323417290796E-01
 0.95831225180187E-01
 0.95320986338248E-01
 0.94792133200695E-01
 0.94244088765306E-01
 0.93676278563140E-01
 0.93088033465220E-01
 0.92478962722238E-01
 0.91848412681224E-01
 0.91195830317029E-01
 0.90520675945141E-01
 0.89822418701284E-01
 0.89100547586897E-01
 0.88354579532430E-01
 0.87584053058583E-01
 0.86788539512211E-01
 0.85967646316601E-01
 0.85121021426750E-01
 0.84248356153316E-01
 0.83349393034910E-01
 0.82423924180784E-01
 0.81471807626279E-01
 0.80492959273746E-01
 0.79487360701623E-01
 0.78455067950487E-01
 0.77396210250101E-01
 0.76310990646676E-01
 0.75199692062299E-01
 0.74062679627120E-01
 0.72900393084249E-01
 0.71713367105527E-01
 0.70502204010109E-01
 0.69267594502985E-01
 0.68010301896046E-01
 0.66731172404072E-01
 0.65431122431151E-01
 0.64111142074395E-01
 0.62772294034217E-01
 0.61415626653271E-01
 0.60042481726413E-01
 0.58654025586013E-01
 0.57251576514434E-01
 0.55836508774483E-01
 0.54410237318309E-01
 0.52974249542024E-01
 0.51530079634577E-01
 0.50079324936101E-01
 0.48623629445712E-01
 0.47164715696709E-01
 0.45704356318952E-01
 0.44244388280773E-01
 0.42786715548169E-01
 0.41333319872818E-01
 0.39886241656111E-01
 0.38447596984042E-01
 0.37019568451067E-01
 0.35604399907865E-01
 0.34204390144389E-01
 0.32821882151659E-01
 0.31459247348887E-01
 0.30118869639099E-01
 0.28803123987579E-01
 0.27514343152162E-01
 0.26254788151307E-01
 0.25026620776887E-01
 0.23831866845051E-01
 0.22672376131429E-01
 0.21549801891760E-01
 0.20465568562242E-01
 0.19420845645657E-01
 0.18416535706927E-01
 0.17453252938803E-01
 0.16531337219458E-01
 0.15650853858891E-01
 0.14811614906048E-01
 0.14013136066642E-01
 0.13254767090362E-01
 0.12535634831343E-01
 0.11854697872098E-01
 0.11210772950962E-01
 0.10602557339088E-01
 0.10028670923257E-01
 0.94876637275982E-02
 0.89780492294985E-02
 0.84983184012523E-02
 0.80469745494948E-02
 0.76225218241058E-02
 0.72234956780391E-02
 0.68484669885147E-02
 0.64960524386633E-02
 0.61649190851265E-02
 0.58537888368162E-02
 0.55614409501902E-02
 0.52867148607250E-02
 0.50285083627592E-02
 0.47857806640721E-02
 0.45575491436693E-02
 0.43428886394692E-02
 0.41409279095879E-02
 0.39508515931031E-02
 0.37718948565761E-02
 0.36033409516797E-02
 0.34445200837489E-02
 0.32948059858987E-02
 0.31536155089430E-02
 0.30203997713817E-02
 0.28946510610281E-02
 0.27758941609744E-02
 0.26636860898605E-02
 0.25576138334950E-02
 0.24572921463582E-02
 0.23623620059918E-02
 0.22724886775720E-02
 0.21873601059789E-02
 0.21066852186101E-02
 0.20301924533700E-02
 0.19576285902699E-02
 0.18887574975634E-02
 0.18233585798329E-02
 0.17612258723265E-02
 0.17021672193662E-02
 0.16460029765010E-02
 0.15925652864494E-02
 0.15416972566400E-02
 0.14932520695154E-02
 0.14470925309645E-02
 0.14030901353616E-02
 0.13611245393395E-02
 0.13210830302699E-02
 0.12828600132982E-02
 0.12463565052309E-02
 0.12114796515387E-02
 0.11781422743344E-02
 0.11462626043114E-02
 0.11157638363417E-02
 0.10865737502718E-02
 0.10586245443685E-02
 0.10318524074509E-02
 0.10061973282860E-02
 0.98160281143998E-03
 0.95801565894786E-03
 0.93538573879171E-03
 0.91366583854237E-03
 0.89281141823708E-03
 0.87278046681544E-03
 0.85353334150495E-03
 0.83503259761738E-03
 0.81724289560829E-03
 0.80013082816887E-03
 0.78366481734347E-03
 0.76781498935990E-03
 0.75255309638097E-03
 0.73785238769486E-03
 0.72368754141292E-03
 0.71003456923010E-03
 0.69687073393319E-03
 0.68417447983384E-03
 0.67192537721071E-03
 0.66010402952612E-03
 0.64869202199089E-03
 0.63767187804176E-03
 0.62702699683078E-03
 0.61674160202976E-03
 0.60680068776968E-03
 0.59719000183741E-03
 0.58789597117471E-03
 0.57890568564826E-03
 0.57020685564584E-03
 0.56178778209859E-03
 0.55363730027273E-03
 0.54574479400424E-03
 0.53810012969465E-03
 0.53069364740197E-03
 0.52351612426972E-03
 0.51655877514209E-03
 0.50981320189032E-03
 0.50327138191645E-03
 0.49692565826839E-03
 0.49076872188213E-03
 0.48479357275855E-03
 0.47899353055869E-03
 0.47336218258515E-03
 0.46789342633780E-03
 0.46258140434867E-03
 0.45742050537254E-03
