 0.29885054579258E+03
 0.29885054576272E+03
 0.29885054543346E+03
 0.29885054403703E+03
 0.29885054027915E+03
 0.29885053243528E+03
 0.29885051841994E+03
 0.29885049577361E+03
 0.29885046148725E+03
 0.29885041141947E+03
 0.29885033901938E+03
 0.29885023315464E+03
 0.29885007517472E+03
 0.29884983553993E+03
 0.29884947052016E+03
 0.29884891939019E+03
 0.29884810241000E+03
 0.29884691974002E+03
 0.29884525129029E+03
 0.29884295736032E+03
 0.29883987997172E+03
 0.29883584469399E+03
 0.29883066277096E+03
 0.29882413342997E+03
 0.29881604629781E+03
 0.29880618372553E+03
 0.29879432294050E+03
 0.29878023813484E+03
 0.29876370241168E+03
 0.29874448942421E+03
 0.29872237456574E+03
 0.29869713741746E+03
 0.29866856145549E+03
 0.29863643479037E+03
 0.29860055482257E+03
 0.29856072165178E+03
 0.29851674795995E+03
 0.29846845206340E+03
 0.29841566196858E+03
 0.29835821534184E+03
 0.29829595980140E+03
 0.29822875328323E+03
 0.29815646441125E+03
 0.29807897272190E+03
 0.29799616889108E+03
 0.29790795485058E+03
 0.29781424386008E+03
 0.29771496068051E+03
 0.29761004076164E+03
 0.29749943114123E+03
 0.29738308952879E+03
 0.29726098418173E+03
 0.29713309350753E+03
 0.29699940564056E+03
 0.29685991794997E+03
 0.29671463647194E+03
 0.29656357529051E+03
 0.29640675594156E+03
 0.29624420666361E+03
 0.29607596169577E+03
 0.29590206073075E+03
 0.29572254745770E+03
 0.29553746946864E+03
 0.29534687731621E+03
 0.29515082356245E+03
 0.29494936203532E+03
 0.29474254699184E+03
 0.29453043232922E+03
 0.29431307086031E+03
 0.29409051350836E+03
 0.29386280849697E+03
 0.29363000061323E+03
 0.29339213035759E+03
 0.29314923464711E+03
 0.29290134361873E+03
 0.29264848183019E+03
 0.29239066718552E+03
 0.29212791036685E+03
 0.29186021404569E+03
 0.29158757259598E+03
 0.29130997205841E+03
 0.29102738780037E+03
 0.29073978640533E+03
 0.29044712366759E+03
 0.29014934493237E+03
 0.28984634696039E+03
 0.28953811971663E+03
 0.28922454192762E+03
 0.28890551108227E+03
 0.28858091251702E+03
 0.28825061853573E+03
 0.28791448598902E+03
 0.28757235939434E+03
 0.28722406818316E+03
 0.28686942605279E+03
 0.28650823340157E+03
 0.28614027424524E+03
 0.28576531775953E+03
 0.28538311327382E+03
 0.28499339413153E+03
 0.28459587864568E+03
 0.28419026420110E+03
 0.28377623148824E+03
 0.28335344188780E+03
 0.28292153652293E+03
 0.28248013705924E+03
 0.28202884489551E+03
 0.28156723917300E+03
 0.28109487723336E+03
 0.28061129474897E+03
 0.28011600391346E+03
 0.27960849271613E+03
 0.27908822611548E+03
 0.27855464336123E+03
 0.27800715582791E+03
 0.27744515467051E+03
 0.27686800164252E+03
 0.27627502920879E+03
 0.27566554757453E+03
 0.27503883457057E+03
 0.27439414209970E+03
 0.27373062609349E+03
 0.27304761123461E+03
 0.27234420046469E+03
 0.27161953510683E+03
 0.27087273177248E+03
 0.27010287338954E+03
 0.26930901885519E+03
 0.26849020416172E+03
 0.26764543977789E+03
 0.26677371339056E+03
 0.26587399248216E+03
 0.26494522600438E+03
 0.26398634473825E+03
 0.26299626618420E+03
 0.26197389198776E+03
 0.26091812040977E+03
 0.25982783737000E+03
 0.25870192439818E+03
 0.25753926493471E+03
 0.25633874357160E+03
 0.25509924595665E+03
 0.25381966594078E+03
 0.25249890883226E+03
 0.25113588483244E+03
 0.24972953222619E+03
 0.24827879219927E+03
 0.24678263150068E+03
 0.24524003063763E+03
 0.24364999862414E+03
 0.24201156431424E+03
 0.24032378224905E+03
 0.23858573866246E+03
 0.23679645787088E+03
 0.23495526039647E+03
 0.23306123272072E+03
 0.23111360587304E+03
 0.22911166717740E+03
 0.22705472655747E+03
 0.22494219150598E+03
 0.22277352236340E+03
 0.22054828287413E+03
 0.21826612666850E+03
 0.21592685237258E+03
 0.21353039095250E+03
 0.21107684102595E+03
 0.20856650598853E+03
 0.20599991712895E+03
 0.20337785534551E+03
 0.20070141251202E+03
 0.19797200504861E+03
 0.19519141635443E+03
 0.19236182972346E+03
 0.18948586073606E+03
 0.18656657471953E+03
 0.18360751460958E+03
 0.18061270699488E+03
 0.17758664648780E+03
 0.17453427222868E+03
 0.17146094197553E+03
 0.16837237946529E+03
 0.16527458446863E+03
 0.16217377945813E+03
 0.15907630903049E+03
 0.15598853488878E+03
 0.15291676554295E+03
 0.14986709793077E+03
 0.14684539089598E+03
 0.14385717165934E+03
 0.14090760167965E+03
 0.13800122258389E+03
 0.13514227673635E+03
 0.13233441974456E+03
 0.12958080068232E+03
 0.12688405906771E+03
 0.12424632944974E+03
 0.12166930629262E+03
 0.11915422559242E+03
 0.11670192256641E+03
 0.11431185644644E+03
 0.11198617125017E+03
 0.10972374235919E+03
 0.10752417036042E+03
 0.10538682983813E+03
 0.10331091120144E+03
 0.10129544405441E+03
 0.99339328691551E+02
 0.97441352128729E+02
 0.95600220104341E+02
 0.93814562486563E+02
 0.92082971178065E+02
 0.90403997615248E+02
 0.88776171309949E+02
 0.87197999683257E+02
 0.85668004474605E+02
 0.84184709107639E+02
 0.82746645477518E+02
 0.81352366436414E+02
 0.80000446534239E+02
 0.78689503942410E+02
 0.77418144900124E+02
 0.76185049499893E+02
 0.74988916399539E+02
 0.73828481892647E+02
 0.72702517937259E+02
 0.71609834073545E+02
 0.70549276259513E+02
 0.69519727563790E+02
 0.68520110880133E+02
 0.67549382934629E+02
 0.66606536613996E+02
 0.65690601387998E+02
 0.64800641812231E+02
 0.63935755964691E+02
 0.63095073513673E+02
 0.62277758785276E+02
 0.61483005499566E+02
 0.60710037822261E+02
 0.59958109973842E+02
 0.59226502969754E+02
 0.58514526961151E+02
 0.57821517173300E+02
 0.57146833923204E+02
 0.56489862347242E+02
 0.55850011185168E+02
 0.55226711938276E+02
 0.54619417707457E+02
 0.54027601636945E+02
 0.53450757816555E+02
 0.52888399527279E+02
 0.52340058181645E+02
 0.51805283121341E+02
 0.51283640438305E+02
 0.50774712935282E+02
 0.50278098954514E+02
 0.49793411654247E+02
 0.49320278580972E+02
 0.48858341671203E+02
 0.48407255738174E+02
 0.47966688019220E+02
 0.47536318386220E+02
 0.47115838013825E+02
 0.46704949653259E+02
 0.46303366777157E+02
 0.45910813081685E+02
 0.45527022052594E+02
 0.45151736866329E+02
 0.44784709812747E+02
 0.44425701766695E+02
 0.44074482229616E+02
 0.43730828702856E+02
 0.43394526077122E+02
 0.43065367221272E+02
 0.42743151871221E+02
 0.42427686655352E+02
 0.42118784636326E+02
 0.41816265477947E+02
 0.41519954756792E+02
 0.41229683765414E+02
 0.40945289729562E+02
 0.40666614974565E+02
 0.40393507147959E+02
 0.40125818871385E+02
 0.39863407907311E+02
 0.39606135718401E+02
 0.39353869341487E+02
 0.39106479240321E+02
 0.38863840457572E+02
 0.38625831638048E+02
 0.38392335711354E+02
 0.38163238981867E+02
 0.37938431100631E+02
 0.37717805485464E+02
 0.37501258887253E+02
 0.37288690932236E+02
 0.37080004485264E+02
 0.36875105015696E+02
 0.36673901388112E+02
 0.36476304904912E+02
 0.36282229425944E+02
