 0.00000000000000E+00
 0.00000000000000E+00
 0.00000000000000E+00
 0.00000000000000E+00
 0.13381834849486E-77
 0.12747687976304E-64
 0.23773147611763E-55
 0.21334356075873E-48
 0.54571331949008E-43
 0.11568435294743E-38
 0.40085333785544E-35
 0.35706575986961E-32
 0.11186815746645E-29
 0.15420799637930E-27
 0.11022111668259E-25
 0.46202782899051E-24
 0.12480180257700E-22
 0.23374301261982E-21
 0.32161810419874E-20
 0.34050453420722E-19
 0.28797553492315E-18
 0.20060933334918E-17
 0.11806132956750E-16
 0.59950246615221E-16
 0.26736268786608E-15
 0.10630475297442E-14
 0.38167801682648E-14
 0.12510997072242E-13
 0.37795365536506E-13
 0.10609420782694E-12
 0.27870656819032E-12
 0.68946763893211E-12
 0.16149979880467E-11
 0.35993290674884E-11
 0.76651788502331E-11
 0.15657671338563E-10
 0.30782934769304E-10
 0.58423737352116E-10
 0.10733665409394E-09
 0.19135971187655E-09
 0.33178510046922E-09
 0.56057739184586E-09
 0.92464263180716E-09
 0.14913764918132E-08
 0.23557392273702E-08
 0.36491204615903E-08
 0.55502668658540E-08
 0.82985498785943E-08
 0.12209848997912E-07
 0.17695315628170E-07
 0.25283269646679E-07
 0.35644456503501E-07
 0.49620866351878E-07
 0.68258282953486E-07
 0.92842692565222E-07
 0.12494064170426E-06
 0.16644358858028E-06
 0.21961624653938E-06
 0.28714887347832E-06
 0.37221341274263E-06
 0.47852334358055E-06
 0.61039708500032E-06
 0.77282469087784E-06
 0.97153761953379E-06
 0.12130812883256E-05
 0.15048900960431E-05
 0.18553645976627E-05
 0.22739504889633E-05
 0.27712190525315E-05
 0.33589487354047E-05
 0.40502075250243E-05
 0.48594357951098E-05
 0.58025293586268E-05
 0.68969220293719E-05
 0.81616687481116E-05
 0.96175272011319E-05
 0.11287039209170E-04
 0.13194611189287E-04
 0.15366593865105E-04
 0.17831360877117E-04
 0.20619386262900E-04
 0.23763322919921E-04
 0.27298077569402E-04
 0.31260888172902E-04
 0.35691399545316E-04
 0.40631793258124E-04
 0.46126671332360E-04
 0.52223405074869E-04
 0.58972048072843E-04
 0.66425457542782E-04
 0.74639381626794E-04
 0.83672555666586E-04
 0.93586790313667E-04
 0.10444707931736E-03
 0.11632171093696E-03
 0.12928237601484E-03
 0.14340430374962E-03
 0.15876639187848E-03
 0.17545137898154E-03
 0.19354599206037E-03
 0.21314111627414E-03
 0.23433202410545E-03
 0.25721856619501E-03
 0.28190542300352E-03
 0.30850237316548E-03
 0.33712457351169E-03
 0.36789287893121E-03
 0.40093420803630E-03
 0.43638192150610E-03
 0.47437623797283E-03
 0.51506471454835E-03
 0.55860276388091E-03
 0.60515419197250E-03
 0.65489184507132E-03
 0.70799832089892E-03
 0.76466656392236E-03
 0.82510082192679E-03
 0.88951753835737E-03
 0.95814615883177E-03
 0.10312303998026E-02
 0.11090292535944E-02
 0.11918202716001E-02
 0.12798933202563E-02
 0.13735631181985E-02
 0.14731635845263E-02
 0.15790512992372E-02
 0.16916077412317E-02
 0.18112410372204E-02
 0.19383881426392E-02
 0.20735173812683E-02
 0.22171309735888E-02
 0.23697677644053E-02
 0.25320062089284E-02
 0.27044676784861E-02
 0.28878197644774E-02
 0.30827802995344E-02
 0.32901206982746E-02
 0.35106709882570E-02
 0.37453240892895E-02
 0.39950404436389E-02
 0.42608535389467E-02
 0.45438758491927E-02
 0.48453045463543E-02
 0.51664279187897E-02
 0.55086333336255E-02
 0.58734124710026E-02
 0.62623723888456E-02
 0.66772418534022E-02
 0.71198822809592E-02
 0.75922959498730E-02
 0.80966379755661E-02
 0.86352270716649E-02
 0.92105567980712E-02
 0.98253261713338E-02
 0.10482386747800E-01
 0.11184854878049E-01
 0.11936057526654E-01
 0.12739562938039E-01
 0.13599204707292E-01
 0.14519080406782E-01
 0.15503578073633E-01
 0.16557378517598E-01
 0.17685473099181E-01
 0.18893159356261E-01
 0.20186053764533E-01
 0.21570086118448E-01
 0.23051486366964E-01
 0.24636768896287E-01
 0.26332709335430E-01
 0.28146292858888E-01
 0.30084669075260E-01
 0.32155079136561E-01
 0.34364768999459E-01
 0.36720882990172E-01
 0.39230344799835E-01
 0.41899710369106E-01
 0.44735011707037E-01
 0.47741596523926E-01
 0.50923959113292E-01
 0.54285561807277E-01
 0.57828672260057E-01
 0.61554239148957E-01
 0.65461750363642E-01
 0.69549155398842E-01
 0.73812827806098E-01
 0.78247530658364E-01
 0.82846527385923E-01
 0.87601596793197E-01
 0.92503169128853E-01
 0.97540435640162E-01
 0.10270181242441E+00
 0.10797465000991E+00
 0.11334580242119E+00
 0.11880171617149E+00
 0.12432864340326E+00
 0.12991285063520E+00
 0.13554072168040E+00
 0.14119899188851E+00
 0.14687484057108E+00
 0.15255796147697E+00
 0.15823289767545E+00
 0.16389057308981E+00
 0.16952081439463E+00
 0.17511424316748E+00
 0.18066226966265E+00
 0.18615710594398E+00
 0.19159174517490E+00
 0.19695995986190E+00
 0.20225625154300E+00
 0.20747584927580E+00
 0.21261462379749E+00
 0.21766908706816E+00
 0.22263633719214E+00
 0.22751404322652E+00
 0.23230033665720E+00
 0.23699381910911E+00
 0.24159352183156E+00
 0.24609884919220E+00
 0.25050955079168E+00
 0.25482563896743E+00
 0.25904750656760E+00
 0.26317568040454E+00
 0.26721093943964E+00
 0.27115424213267E+00
 0.27500670929030E+00
 0.27876959789505E+00
 0.28244428429406E+00
 0.28603224369652E+00
 0.28953502539604E+00
 0.29295425259364E+00
 0.29629160109427E+00
 0.29954878417349E+00
 0.30272754370818E+00
 0.30582964253888E+00
 0.30885685881977E+00
 0.31181096765069E+00
 0.31469374623782E+00
 0.31750696265693E+00
 0.32025236926569E+00
 0.32293170463752E+00
 0.32554668082387E+00
 0.32809898868936E+00
 0.33059029263280E+00
 0.33302222658813E+00
 0.33539639305366E+00
 0.33771436150966E+00
 0.33997766808393E+00
 0.34218781662908E+00
 0.34434627341097E+00
 0.34645446932695E+00
 0.34851380048056E+00
 0.35052562666030E+00
 0.35249127268429E+00
 0.35441202684748E+00
 0.35628914261255E+00
 0.35812383923963E+00
 0.35991730176054E+00
 0.36167067993323E+00
 0.36338509138939E+00
 0.36506162202246E+00
 0.36670132470199E+00
 0.36830522220392E+00
 0.36987430592238E+00
 0.37140953766950E+00
 0.37291185057792E+00
 0.37438214988744E+00
 0.37582131289715E+00
 0.37723019023051E+00
 0.37860960700481E+00
 0.37996036253768E+00
 0.38128323184464E+00
 0.38257896711157E+00
 0.38384829606393E+00
 0.38509192479870E+00
 0.38631053766546E+00
 0.38750479842361E+00
 0.38867534979863E+00
 0.38982281526313E+00
 0.39094779955338E+00
 0.39205088813982E+00
 0.39313264940006E+00
 0.39419363409139E+00
 0.39523437629239E+00
 0.39625539304286E+00
 0.39725718805345E+00
 0.39824024703615E+00
 0.39920504320121E+00
 0.40015203442736E+00
 0.40108166579480E+00
 0.40199436795916E+00
 0.40289055950984E+00
 0.40377064711606E+00
 0.40463502457165E+00
 0.40548407396202E+00
 0.40631816687682E+00
 0.40713766359962E+00
 0.40794291474909E+00
 0.40873425943129E+00
 0.40951202766804E+00
 0.41027654018330E+00
