 0.00000000000000E+00
 0.00000000000000E+00
 0.00000000000000E+00
 0.00000000000000E+00
 0.11019753719913E-25
 0.23360231460369E-21
 0.28753820835312E-18
 0.59753018131185E-16
 0.37930466552761E-14
 0.10497636745459E-12
 0.15885290746996E-11
 0.15284435449025E-10
 0.10380911652747E-09
 0.53625204894499E-09
 0.22254692673251E-08
 0.77307692098259E-08
 0.23195671128790E-07
 0.61599830759380E-07
 0.14760920179481E-06
 0.32412124047989E-06
 0.66036631365065E-06
 0.12611976818997E-05
 0.22770272833410E-05
 0.39137699247415E-05
 0.64421495397049E-05
 0.10205786100600E-04
 0.15627599113289E-04
 0.23214209112868E-04
 0.33558170450840E-04
 0.47338010212568E-04
 0.65316168467802E-04
 0.88335023822052E-04
 0.11731126319546E-03
 0.15322888205231E-03
 0.19713109887522E-03
 0.25011155439345E-03
 0.31330494730762E-03
 0.38787753414340E-03
 0.47501756738552E-03
 0.57592594375800E-03
 0.69180719488820E-03
 0.82386094160601E-03
 0.97327390161573E-03
 0.11412125157395E-02
 0.13288162291434E-02
 0.15371914487000E-02
 0.17674061777434E-02
 0.20204853110655E-02
 0.22974066148964E-02
 0.25990972556853E-02
 0.29264309843576E-02
 0.32802258387343E-02
 0.36612423682822E-02
 0.40701823324102E-02
 0.45076878366446E-02
 0.49743408710927E-02
 0.54706632148859E-02
 0.59971166659767E-02
 0.65541035811612E-02
 0.71419676796439E-02
 0.77609950654376E-02
 0.84114155763509E-02
 0.90934041633910E-02
 0.98070825340587E-02
 0.10552520954356E-01
 0.11329740155577E-01
 0.12138713370179E-01
 0.12979368460828E-01
 0.13851590122484E-01
 0.14755222170598E-01
 0.15690069892889E-01
 0.16655902436867E-01
 0.17652455262846E-01
 0.18679432248890E-01
 0.19736508735245E-01
 0.20823333554407E-01
 0.21939531583872E-01
 0.23084706174971E-01
 0.24258441633523E-01
 0.25460305539528E-01
 0.26689850944820E-01
 0.27946619272552E-01
 0.29230141851921E-01
 0.30539942635147E-01
 0.31875540117064E-01
 0.33236463532988E-01
 0.34622202270856E-01
 0.36032282893706E-01
 0.37466223484888E-01
 0.38923546593242E-01
 0.40403781248105E-01
 0.41906465620179E-01
 0.43431147275357E-01
 0.44977385837581E-01
 0.46544754757362E-01
 0.48132841567352E-01
 0.49741250600484E-01
 0.51369603516178E-01
 0.53017542978865E-01
 0.54684731973747E-01
 0.56370854349669E-01
 0.58075618911455E-01
 0.59798758252972E-01
 0.61540031081197E-01
 0.63299223681943E-01
 0.65076150370593E-01
 0.66870654774242E-01
 0.68682611798880E-01
 0.70511928174816E-01
 0.72358543120996E-01
 0.74222430150279E-01
 0.76103598239918E-01
 0.78002091782403E-01
 0.79917992914058E-01
 0.81851423604426E-01
 0.83802541312267E-01
 0.85771545503759E-01
 0.87758678290675E-01
 0.89764220278906E-01
 0.91788497953985E-01
 0.93831879894831E-01
 0.95894827009233E-01
 0.97977705524383E-01
 0.10008106339330E+00
 0.10220544742363E+00
 0.10435144796789E+00
 0.10651970599630E+00
 0.10871090647621E+00
 0.11092577782721E+00
 0.11316509421840E+00
 0.11542967380935E+00
 0.11772037700250E+00
 0.12003810530647E+00
 0.12238380118737E+00
 0.12475844425005E+00
 0.12716305330696E+00
 0.12959867618218E+00
 0.13206639677924E+00
 0.13456732838093E+00
 0.13710260800468E+00
 0.13967339650594E+00
 0.14228087814518E+00
 0.14492625387886E+00
 0.14761073773663E+00
 0.15033556169634E+00
 0.15310195439935E+00
 0.15591116215356E+00
 0.15876442781547E+00
 0.16166300001676E+00
 0.16460811851773E+00
 0.16760102051800E+00
 0.17064293377873E+00
 0.17373506929263E+00
 0.17687870781722E+00
 0.18007486006378E+00
 0.18332476402976E+00
 0.18662952630644E+00
 0.18999020178223E+00
 0.19340782353830E+00
 0.19688332673277E+00
 0.20041758836037E+00
 0.20401137336044E+00
 0.20766534322218E+00
 0.21137999538702E+00
 0.21515566969779E+00
 0.21899250600601E+00
 0.22289039852311E+00
 0.22684896343487E+00
 0.23086750729336E+00
 0.23494495295691E+00
 0.23907981441683E+00
 0.24327014084826E+00
 0.24751347008816E+00
 0.25180678247043E+00
 0.25614647098828E+00
 0.26052830095589E+00
 0.26494739446469E+00
 0.26939824062222E+00
 0.27387471725763E+00
 0.27837011839424E+00
 0.28287721485109E+00
 0.28738836068443E+00
 0.29189556283550E+00
 0.29639060747510E+00
 0.30086519515986E+00
 0.30531103946984E+00
 0.30972006791799E+00
 0.31408447404975E+00
 0.31839684563343E+00
 0.32265022410603E+00
 0.32683841552881E+00
 0.33095563843117E+00
 0.33499686783668E+00
 0.33895775363240E+00
 0.34283463146610E+00
 0.34662452190134E+00
 0.35032505711579E+00
 0.35393450135429E+00
 0.35745168139314E+00
 0.36087710651911E+00
 0.36420827838709E+00
 0.36744655318416E+00
 0.37059252528820E+00
 0.37364711735528E+00
 0.37661152427717E+00
 0.37948717850237E+00
 0.38227570632190E+00
 0.38497890224684E+00
 0.38759868563120E+00
 0.39013708814089E+00
 0.39259620485395E+00
 0.39497819185577E+00
 0.39728524046833E+00
 0.39951957311908E+00
 0.40168339865025E+00
 0.40377892331753E+00
 0.40580834028313E+00
 0.40777381322786E+00
 0.40967747346955E+00
 0.41152139404331E+00
 0.41330764950217E+00
 0.41503822017976E+00
 0.41671505227376E+00
 0.41834003614404E+00
 0.41991500797510E+00
 0.42144174735208E+00
 0.42292197832998E+00
 0.42435736860991E+00
 0.42574952668181E+00
 0.42710000838932E+00
 0.42841031462446E+00
 0.42968189116433E+00
 0.43091613060511E+00
 0.43211437439058E+00
 0.43327791524196E+00
 0.43440799438388E+00
 0.43550580752157E+00
 0.43657250420513E+00
 0.43760918873260E+00
 0.43861692401280E+00
 0.43959672965107E+00
 0.44054958662657E+00
 0.44147643775439E+00
 0.44237818845417E+00
 0.44325570847389E+00
 0.44410983321969E+00
 0.44494136539412E+00
 0.44575107700696E+00
 0.44653970891602E+00
 0.44730797301796E+00
 0.44805655371837E+00
 0.44878610853851E+00
 0.44949726967346E+00
 0.45019064441445E+00
 0.45086681666868E+00
 0.45152634801994E+00
 0.45216977848743E+00
 0.45279762686141E+00
 0.45341039248657E+00
 0.45400855600033E+00
 0.45459257942951E+00
 0.45516290774873E+00
 0.45571996889449E+00
 0.45626417484315E+00
 0.45679592233423E+00
 0.45731559352121E+00
 0.45782355629944E+00
 0.45832016507243E+00
 0.45880576145883E+00
 0.45928067446187E+00
 0.45974522124954E+00
 0.46019970790500E+00
 0.46064442907119E+00
 0.46107966914574E+00
 0.46150570242498E+00
 0.46192279368153E+00
 0.46233119816987E+00
 0.46273116239760E+00
 0.46312292444338E+00
 0.46350671390140E+00
 0.46388275275772E+00
 0.46425125531760E+00
 0.46461242863661E+00
 0.46496647249247E+00
 0.46531358076108E+00
 0.46565393988140E+00
 0.46598773083842E+00
 0.46631512825546E+00
 0.46663630133851E+00
 0.46695141337753E+00
 0.46726062262050E+00
 0.46756408237836E+00
 0.46786194074728E+00
 0.46815434105977E+00
 0.46844142234732E+00
 0.46872331910338E+00
 0.46900016188761E+00
 0.46927207672746E+00
 0.46953918598802E+00
 0.46980160833062E+00
