                  NaN
                  NaN
                  NaN
                  NaN
 0.10000000133514E-09
 0.10000000133514E-09
 0.10000000133514E-09
 0.10000000133514E-09
 0.10000000133514E-09
 0.10000000133517E-09
 0.10000000133562E-09
 0.10000000133996E-09
 0.10000000137706E-09
 0.10000000178359E-09
 0.10000000695550E-09
 0.10000006341917E-09
 0.10000054633304E-09
 0.10000381435495E-09
 0.10002183410402E-09
 0.10010515325225E-09
 0.10043628397739E-09
 0.10159100530635E-09
 0.10518557311333E-09
 0.11531895034764E-09
 0.14150402677560E-09
 0.20416432216434E-09
 0.34423799394429E-09
 0.63894400272331E-09
 0.12262742556487E-08
 0.23412196823006E-08
 0.87334562863648E-04
 0.87344131536533E-04
 0.87357685130446E-04
 0.19190377243252E-03
 0.19194443640323E-03
 0.30181590670907E-03
 0.37176924554374E-03
 0.45308452971512E-03
 0.54680733076379E-03
 0.65399696901054E-03
 0.77572459930208E-03
 0.91307063307020E-03
 0.10671243122945E-02
 0.12389829859048E-02
 0.14297523804178E-02
 0.16405469475021E-02
 0.18724907073819E-02
 0.21267182749437E-02
 0.24043777965274E-02
 0.27066304174409E-02
 0.30346528551386E-02
 0.33896395826606E-02
 0.37728046057338E-02
 0.41853839184458E-02
 0.46286355381180E-02
 0.51038416514674E-02
 0.56123103596615E-02
 0.61553792217981E-02
 0.67344138229416E-02
 0.73508085864670E-02
 0.80059928118525E-02
 0.87014253958242E-02
 0.94386016032400E-02
 0.10219053339910E-01
 0.11044349148248E-01
 0.11916090964169E-01
 0.12835919164477E-01
 0.13805516463155E-01
 0.14826607195915E-01
 0.15900952258354E-01
 0.17030349921006E-01
 0.18216648955430E-01
 0.19461733389847E-01
 0.20767522933749E-01
 0.22135998855816E-01
 0.23569185954323E-01
 0.25069146145598E-01
 0.26637970080540E-01
 0.28277827265596E-01
 0.29990923234569E-01
 0.31779498525782E-01
 0.33645855488921E-01
 0.35592324474097E-01
 0.37621312241287E-01
 0.39735250165540E-01
 0.41941065312932E-01
 0.44232988561653E-01
 0.46617561864124E-01
 0.49097429098922E-01
 0.51675274439921E-01
 0.54353848514028E-01
 0.57135958238277E-01
 0.60024448606594E-01
 0.63022222890467E-01
 0.66132257959509E-01
 0.69357541475638E-01
 0.72701097578663E-01
 0.76165992575573E-01
 0.79755392812724E-01
 0.83472481002985E-01
 0.87320500108141E-01
 0.91302672051129E-01
 0.95422280808327E-01
 0.99682634848618E-01
 0.10408710424826E+00
 0.10863903720227E+00
 0.11334178471556E+00
 0.11819874028698E+00
 0.12321328786792E+00
 0.12838876674339E+00
 0.13372851558042E+00
 0.13923586143497E+00
 0.14491403097832E+00
 0.15076622218918E+00
 0.15679562131505E+00
 0.16300516227355E+00
 0.16939775079708E+00
 0.17597623443742E+00
 0.18274312037639E+00
 0.18970090391349E+00
 0.19685176314580E+00
 0.20419981581549E+00
 0.21174271996314E+00
 0.21948388379482E+00
 0.22742433342883E+00
 0.23556470222301E+00
 0.24390535313202E+00
 0.25244613687382E+00
 0.26118641844688E+00
 0.27012507521727E+00
 0.27926043011392E+00
 0.28859021688619E+00
 0.29811154541877E+00
 0.30782091112642E+00
 0.31771411155506E+00
 0.32778632863504E+00
 0.33803194418335E+00
 0.34844471282846E+00
 0.35901769738018E+00
 0.36974320975955E+00
 0.38061290008283E+00
 0.39161780568179E+00
 0.40274833314913E+00
 0.41399429577622E+00
 0.42534506652764E+00
 0.43678938412316E+00
 0.44831578783550E+00
 0.45991236837871E+00
 0.47156703912860E+00
 0.48326750320540E+00
 0.49500136626073E+00
 0.50675624182551E+00
 0.51851976296585E+00
 0.53028066783340E+00
 0.54202504953164E+00
 0.55374210185927E+00
 0.56542030255854E+00
 0.57704847575121E+00
 0.58861588180425E+00
 0.60011209474349E+00
 0.61152715503142E+00
 0.62285146646172E+00
 0.63407587010564E+00
 0.64519152315829E+00
 0.65618994715994E+00
 0.66706304300451E+00
 0.67780291099922E+00
 0.68840194821181E+00
 0.69885278257304E+00
 0.70914813216997E+00
 0.71928084607105E+00
 0.72924386268588E+00
 0.73903017423623E+00
 0.74863281410194E+00
 0.75804485800719E+00
 0.76725941094986E+00
 0.77626963946915E+00
 0.78506884863323E+00
 0.79365056337228E+00
 0.80200859924539E+00
 0.81013710900974E+00
 0.81803083056516E+00
 0.82568506227032E+00
 0.83309583088596E+00
 0.84026001731158E+00
 0.84717534594993E+00
 0.85384065419302E+00
 0.86025572325404E+00
 0.86642136247189E+00
 0.87233927392649E+00
 0.87801267326733E+00
 0.88344509178416E+00
 0.88864116457149E+00
 0.89360624698593E+00
 0.89834634831670E+00
 0.90286807239370E+00
 0.90717836755232E+00
 0.91128459643172E+00
 0.91519434766832E+00
 0.91891618222638E+00
 0.92245625085684E+00
 0.92582317942690E+00
 0.92902471197270E+00
 0.93206849074897E+00
 0.93496199870395E+00
 0.93771252901488E+00
 0.94032715217263E+00
 0.94281270963725E+00
 0.94517578329656E+00
 0.94742270886492E+00
 0.94955953063298E+00
 0.95159203421518E+00
 0.95352573235049E+00
 0.95536588866883E+00
 0.95711748263697E+00
 0.95878524561424E+00
 0.96037366601149E+00
 0.96188699411634E+00
 0.96332925279169E+00
 0.96470421446902E+00
 0.96601552371408E+00
 0.96726654212351E+00
 0.96846047461637E+00
 0.96960034011851E+00
 0.97068898934262E+00
 0.97172911020474E+00
 0.97272324007272E+00
 0.97367377022432E+00
 0.97458295320349E+00
 0.97545291666528E+00
 0.97628566812488E+00
 0.97708309880750E+00
 0.97784699196512E+00
 0.97857903128812E+00
 0.97928080747037E+00
 0.97995381779698E+00
 0.98059947849591E+00
 0.98121912685695E+00
 0.98181402465116E+00
 0.98238536485200E+00
 0.98293427403146E+00
 0.98346181776349E+00
 0.98396900352424E+00
 0.98445678439145E+00
 0.98492606171329E+00
 0.98537768857944E+00
 0.98581247265978E+00
 0.98623117970373E+00
 0.98663453409869E+00
 0.98702322280877E+00
 0.98739789731836E+00
 0.98775917496759E+00
 0.98810764217762E+00
 0.98844385478241E+00
 0.98876834057960E+00
 0.98908160121213E+00
 0.98938411286466E+00
 0.98967632848291E+00
 0.98995867807461E+00
 0.99023157104630E+00
 0.99049539672461E+00
 0.99075052576685E+00
 0.99099731089027E+00
 0.99123608791712E+00
 0.99146717682681E+00
 0.99169088266523E+00
 0.99190749625640E+00
 0.99211729450364E+00
 0.99232054205529E+00
 0.99251749113900E+00
 0.99270838249483E+00
 0.99289344642337E+00
 0.99307290218183E+00
 0.99324695967661E+00
 0.99341581952905E+00
 0.99357967356506E+00
 0.99373870496026E+00
 0.99389308916217E+00
 0.99404299401442E+00
 0.99418858007309E+00
 0.99433000132832E+00
 0.99446740493301E+00
 0.99460093201438E+00
 0.99473071771882E+00
 0.99485689179788E+00
 0.99497957847422E+00
 0.99509889696852E+00
 0.99521496159668E+00
 0.99532788215992E+00
 0.99543776385308E+00
 0.99554470789984E+00
 0.99564881141379E+00
 0.99575016769507E+00
 0.99584886627977E+00
 0.99594499346771E+00
 0.99603863196974E+00
 0.99612986150873E+00
 0.99621875865216E+00
 0.99630539708306E+00
 0.99638984777782E+00
