 0.22138715949488E+00
 0.22138715949506E+00
 0.22138715949934E+00
 0.22138715952808E+00
 0.22138715963038E+00
 0.22138715988443E+00
 0.22138716038533E+00
 0.22138716119999E+00
 0.22138716221996E+00
 0.22138716282478E+00
 0.22138716132671E+00
 0.22138715426794E+00
 0.22138713570893E+00
 0.22138694551239E+00
 0.22138672224725E+00
 0.22138642110578E+00
 0.22138581939451E+00
 0.22138490056881E+00
 0.22138375672059E+00
 0.22138208744849E+00
 0.22137987739779E+00
 0.22137718263113E+00
 0.22137368424073E+00
 0.22136951572517E+00
 0.22136435975279E+00
 0.22135837293235E+00
 0.22135124048699E+00
 0.22134312844006E+00
 0.22133386692724E+00
 0.22132324355173E+00
 0.22131146840510E+00
 0.22129837845585E+00
 0.22128378388723E+00
 0.22126791333966E+00
 0.22125061643275E+00
 0.22123186507268E+00
 0.22121150018435E+00
 0.22118977319445E+00
 0.22116655195379E+00
 0.22114182876789E+00
 0.22111560305582E+00
 0.22108774160727E+00
 0.22105851452532E+00
 0.22102780815327E+00
 0.22099563401116E+00
 0.22096200865636E+00
 0.22092695137495E+00
 0.22089048395340E+00
 0.22085263055327E+00
 0.22081327842734E+00
 0.22077272722689E+00
 0.22073087660760E+00
 0.22068775701570E+00
 0.22064340214893E+00
 0.22059784732142E+00
 0.22055112937100E+00
 0.22050328659214E+00
 0.22045435877723E+00
 0.22040438685322E+00
 0.22035341317677E+00
 0.22030148139583E+00
 0.22024849694088E+00
 0.22019478046889E+00
 0.22014024538273E+00
 0.22008493907522E+00
 0.22002891125307E+00
 0.21997221280569E+00
 0.21991489580350E+00
 0.21985701348207E+00
 0.21979862027731E+00
 0.21973977178760E+00
 0.21968052477718E+00
 0.21962093720127E+00
 0.21956106821038E+00
 0.21950097814988E+00
 0.21944072855174E+00
 0.21938038220260E+00
 0.21932000308462E+00
 0.21925965641427E+00
 0.21919940831372E+00
 0.21913918432971E+00
 0.21907933521216E+00
 0.21901979291573E+00
 0.21896062835258E+00
 0.21890193032045E+00
 0.21884374432141E+00
 0.21878615976099E+00
 0.21872925407434E+00
 0.21867310602012E+00
 0.21861779584142E+00
 0.21856340562060E+00
 0.21851001901074E+00
 0.21845772116659E+00
 0.21840659911479E+00
 0.21835674158551E+00
 0.21830823927839E+00
 0.21826118473780E+00
 0.21821552895226E+00
 0.21817165094644E+00
 0.21812951135439E+00
 0.21808920999554E+00
 0.21805085009177E+00
 0.21801453714869E+00
 0.21798037930110E+00
 0.21794848701058E+00
 0.21791897236833E+00
 0.21789195285738E+00
 0.21786754663440E+00
 0.21784587454237E+00
 0.21782706129898E+00
 0.21781109210081E+00
 0.21779837681841E+00
 0.21778891136775E+00
 0.21778283132357E+00
 0.21778027791818E+00
 0.21778139288182E+00
 0.21778632173574E+00
 0.21779521354270E+00
 0.21780822087677E+00
 0.21782549886783E+00
 0.21784708929903E+00
 0.21787337995641E+00
 0.21790442138050E+00
 0.21794037820607E+00
 0.21798141681252E+00
 0.21802770538404E+00
 0.21807941309188E+00
 0.21813670990825E+00
 0.21819976624148E+00
 0.21826861979347E+00
 0.21834369746502E+00
 0.21842504007514E+00
 0.21851281240724E+00
 0.21860717623535E+00
 0.21870828930460E+00
 0.21881630523004E+00
 0.21893125202423E+00
 0.21905350974323E+00
 0.21918309821517E+00
 0.21932014644830E+00
 0.21946477628364E+00
 0.21961710054676E+00
 0.21977722540007E+00
 0.21994513328840E+00
 0.22012113500047E+00
 0.22030520143955E+00
 0.22049740568134E+00
 0.22069781301071E+00
 0.22090648012456E+00
 0.22112335531240E+00
 0.22134868638067E+00
 0.22158242021844E+00
 0.22182461770903E+00
 0.22207527605134E+00
 0.22233436368221E+00
 0.22260209965252E+00
 0.22287844034532E+00
 0.22316343722418E+00
 0.22345714747994E+00
 0.22375954985181E+00
 0.22407087635605E+00
 0.22439112996007E+00
 0.22472040117260E+00
 0.22505872577726E+00
 0.22540634934673E+00
 0.22576333802324E+00
 0.22612982021593E+00
 0.22650589438619E+00
 0.22689183633083E+00
 0.22728775584173E+00
 0.22769381888687E+00
 0.22811016145458E+00
 0.22853705756640E+00
 0.22897463962672E+00
 0.22942307969382E+00
 0.22988249717119E+00
 0.23035312270984E+00
 0.23083504361813E+00
 0.23132835937155E+00
 0.23183310656371E+00
 0.23234939483610E+00
 0.23287717335163E+00
 0.23341636674929E+00
 0.23396692820181E+00
 0.23452866919610E+00
 0.23510134630792E+00
 0.23568471903785E+00
 0.23627844132661E+00
 0.23688208809195E+00
 0.23749521337655E+00
 0.23811732982118E+00
 0.23874785458019E+00
 0.23938617859696E+00
 0.24003163883369E+00
 0.24068358119644E+00
 0.24134128458686E+00
 0.24200402073352E+00
 0.24267103836096E+00
 0.24334161316908E+00
 0.24401499394911E+00
 0.24469042772225E+00
 0.24536718411993E+00
 0.24604456570715E+00
 0.24672186920577E+00
 0.24739842212240E+00
 0.24807358307451E+00
 0.24874672124945E+00
 0.24941725448607E+00
 0.25008461867654E+00
 0.25074828088955E+00
 0.25140773596044E+00
 0.25206251327091E+00
 0.25271216822532E+00
 0.25335628949103E+00
 0.25399448987390E+00
 0.25462641113300E+00
 0.25525171923189E+00
 0.25587010914712E+00
 0.25648129956046E+00
 0.25708502688555E+00
 0.25768106540972E+00
 0.25826919454381E+00
 0.25884921831813E+00
 0.25942096216156E+00
 0.25998426791781E+00
 0.26053899614444E+00
 0.26108502375907E+00
 0.26162224073450E+00
 0.26215055549568E+00
 0.26266988905858E+00
 0.26318017362689E+00
 0.26368135516007E+00
 0.26417339283291E+00
 0.26465624983167E+00
 0.26512990804851E+00
 0.26559435504754E+00
 0.26604958867620E+00
 0.26649561632039E+00
 0.26693245001226E+00
 0.26736010871903E+00
 0.26777863090730E+00
 0.26818804530657E+00
 0.26858839601489E+00
 0.26897972394153E+00
 0.26936208849562E+00
 0.26973554373085E+00
 0.27010015709395E+00
 0.27045599758543E+00
 0.27080312973710E+00
 0.27114163494886E+00
 0.27147158831771E+00
 0.27179307649511E+00
 0.27210618203417E+00
 0.27241099545742E+00
 0.27270760642225E+00
 0.27299610817812E+00
 0.27327659498204E+00
 0.27354916646023E+00
 0.27381392150698E+00
 0.27407096078010E+00
 0.27432038630703E+00
 0.27456230147776E+00
 0.27479681101163E+00
 0.27502402072442E+00
 0.27524403704064E+00
 0.27545696731761E+00
 0.27566291859266E+00
 0.27586200137278E+00
 0.27605432137601E+00
 0.27623998830713E+00
 0.27641911112294E+00
 0.27659179823667E+00
 0.27675815845968E+00
 0.27691830090808E+00
 0.27707233377410E+00
 0.27722036527727E+00
 0.27736250160857E+00
 0.27749885135804E+00
 0.27762952076837E+00
 0.27775461549217E+00
 0.27787424156596E+00
 0.27798850280358E+00
 0.27809750335781E+00
 0.27820134646647E+00
 0.27830013392067E+00
 0.27839396739735E+00
 0.27848294612048E+00
 0.27856717085677E+00
 0.27864673944316E+00
 0.27872174883404E+00
 0.27879229631508E+00
 0.27885847672389E+00
 0.27892038311125E+00
 0.27897810792589E+00
 0.27903174491154E+00
 0.27908138463150E+00
 0.27912711460573E+00
 0.27916902381997E+00
 0.27920719924436E+00
 0.27924172591886E+00
