 0.00000000000000E+00
-0.17555778232769E-22
-0.42217123615291E-21
-0.30648402119741E-20
-0.13582929154484E-19
-0.35544358834155E-19
-0.77925097852243E-19
-0.14263649532156E-18
-0.28229517296302E-18
-0.34223315357485E-18
-0.48950211154778E-18
-0.65265213859320E-18
-0.70690425894392E-18
-0.39933052378110E-11
 0.55522021762834E-11
 0.17434053271202E-11
-0.37906653750415E-10
 0.98584612312969E-11
-0.20285167653531E-10
 0.46634371993797E-11
-0.53489676155227E-14
 0.74379365005434E-12
-0.95171701009105E-11
 0.58850248561633E-12
-0.70186598180372E-12
-0.18658177295164E-09
-0.65709931081179E-09
 0.26677236518346E-08
 0.10106147332801E-07
-0.35710681697107E-07
-0.39511132017030E-08
 0.13558705855938E-07
-0.26220113532774E-07
 0.12486665334236E-07
 0.38938621863186E-08
 0.98222793769012E-10
 0.53128789293395E-11
 0.11317932255199E-09
 0.36597207717059E-09
 0.87589349909634E-09
 0.18265472742773E-08
 0.34409797073899E-08
 0.62239891207960E-08
 0.10740095818653E-07
 0.17823000539235E-07
 0.28624869383136E-07
 0.44692906601693E-07
 0.68075989936310E-07
 0.10141924572072E-06
 0.14758810734265E-06
 0.21174306938784E-06
 0.29879836087654E-06
 0.41526280374640E-06
 0.56905176543073E-06
 0.76968233069987E-06
 0.10284915779907E-05
 0.13588407289471E-05
 0.17764143740004E-05
 0.22993820955100E-05
 0.29487016771490E-05
 0.37483741487259E-05
 0.47214580502207E-05
 0.59065779551356E-05
 0.73349118632001E-05
 0.90452743719434E-05
 0.11080885720841E-04
 0.13489733683534E-04
 0.16324681069413E-04
 0.19643692262205E-04
 0.23511001610640E-04
 0.27995288494893E-04
 0.33172300541271E-04
 0.39123830699248E-04
 0.45938266311580E-04
 0.53710887495965E-04
 0.62544387896271E-04
 0.72547216851673E-04
 0.83838756072310E-04
 0.96543724884280E-04
 0.11751952456552E-03
 0.12674542341373E-03
 0.14452516228703E-03
 0.16422293388203E-03
 0.18669395664461E-03
 0.21007156197269E-03
 0.23737820257761E-03
 0.26695466093512E-03
 0.29948938237786E-03
 0.33519714155271E-03
 0.37431262903393E-03
 0.41708260280475E-03
 0.46376610730886E-03
 0.51463549189438E-03
 0.56997578010827E-03
 0.63008723893675E-03
 0.69969142622021E-03
 0.77269894296282E-03
 0.84223987057985E-03
 0.92471903583896E-03
 0.10137319438619E-02
 0.11096487248132E-02
 0.12128961213314E-02
 0.13239116094436E-02
 0.14431544786818E-02
 0.15711196297475E-02
 0.17082948470223E-02
 0.18552108468883E-02
 0.20152417041729E-02
 0.21838828960934E-02
 0.23505794737036E-02
 0.25518289301624E-02
 0.27564470240270E-02
 0.29743652348233E-02
 0.32065254542102E-02
 0.34539986866045E-02
 0.37173077489789E-02
 0.39971111958377E-02
 0.42915779819815E-02
 0.46138993096511E-02
 0.49378023423104E-02
 0.53007401657034E-02
 0.56776862524127E-02
 0.60770756483984E-02
 0.65000095904973E-02
 0.69476627008734E-02
 0.74189738723278E-02
 0.79238473877401E-02
 0.84492723022133E-02
 0.90031683560019E-02
 0.95983608237900E-02
 0.10219886207467E-01
 0.10874828621971E-01
 0.11562795690204E-01
 0.12292119415436E-01
 0.13054394295145E-01
 0.13849497558641E-01
 0.14697510620393E-01
 0.15580653585087E-01
 0.16504725684680E-01
 0.17475608984105E-01
 0.18490338825282E-01
 0.19543901743947E-01
 0.20650614342954E-01
 0.21806189634743E-01
 0.23005136471849E-01
 0.24256535939301E-01
 0.25552968241681E-01
 0.26895404892853E-01
 0.28292997252658E-01
 0.29739092882310E-01
 0.31234569970646E-01
 0.32775877191162E-01
 0.34365510302459E-01
 0.36001600294355E-01
 0.37688751165264E-01
 0.39420324485471E-01
 0.41195321677241E-01
 0.43011534744487E-01
 0.44872750793055E-01
 0.46773937945685E-01
 0.48715862557763E-01
 0.50688421532502E-01
 0.52698498280229E-01
 0.54746814606195E-01
 0.56819067009153E-01
 0.58919030149097E-01
 0.61046305490251E-01
 0.63197701169573E-01
 0.65366534578417E-01
 0.67551473044560E-01
 0.69751096832942E-01
 0.71960352778237E-01
 0.74175939332143E-01
 0.76392804822193E-01
 0.78608222703408E-01
 0.80820006014933E-01
 0.83019946671905E-01
 0.85206672050097E-01
 0.87374692367721E-01
 0.89519329553348E-01
 0.91636422434921E-01
 0.93723001793410E-01
 0.95774036139340E-01
 0.97784288086301E-01
 0.99753066211755E-01
 0.10167461852607E+00
 0.10354434151306E+00
 0.10536350125914E+00
 0.10712813367536E+00
 0.10883772150229E+00
 0.11048864790614E+00
 0.11208268460424E+00
 0.11361766133437E+00
 0.11509602964896E+00
 0.11651610186994E+00
 0.11788031172666E+00
 0.11918968766395E+00
 0.12044536976255E+00
 0.12165001405851E+00
 0.12280429643562E+00
 0.12391200261406E+00
 0.12497464954404E+00
 0.12599377209962E+00
 0.12697084110712E+00
 0.12790879520528E+00
 0.12881218505216E+00
 0.12967999904779E+00
 0.13051560376239E+00
 0.13132011896850E+00
 0.13209596260383E+00
 0.13284507840041E+00
 0.13356805201192E+00
 0.13426736498061E+00
 0.13494399077559E+00
 0.13559925164785E+00
 0.13623529143457E+00
 0.13685185313120E+00
 0.13745073652362E+00
 0.13803325417654E+00
 0.13860032423868E+00
 0.13915251417044E+00
 0.13969011097207E+00
 0.14021458152494E+00
 0.14072666039922E+00
 0.14122718571436E+00
 0.14171693611511E+00
 0.14219455966603E+00
 0.14266271716562E+00
 0.14312137057550E+00
 0.14357076255102E+00
 0.14401215910848E+00
 0.14444383338106E+00
 0.14486822212330E+00
 0.14528505973486E+00
 0.14569417222508E+00
 0.14609746058089E+00
 0.14649333728416E+00
 0.14688233002668E+00
 0.14726550127312E+00
 0.14764183452218E+00
 0.14801393083004E+00
 0.14838000647225E+00
 0.14874242077891E+00
 0.14909777498321E+00
 0.14944849104037E+00
 0.14979409858967E+00
 0.15013626697102E+00
 0.15047396584273E+00
 0.15080590630129E+00
 0.15113501799113E+00
 0.15145940384120E+00
 0.15178057341340E+00
 0.15209783403951E+00
 0.15241058399483E+00
 0.15271994455042E+00
 0.15302566872724E+00
 0.15332758452984E+00
 0.15362743133385E+00
 0.15392446189969E+00
 0.15421847178605E+00
 0.15450736319485E+00
 0.15479478908209E+00
 0.15507834592526E+00
 0.15535916988249E+00
 0.15563759448638E+00
 0.15591357724677E+00
 0.15618701115096E+00
 0.15645750845025E+00
 0.15672549002295E+00
 0.15699074486344E+00
 0.15725330723633E+00
 0.15751352461154E+00
 0.15777179943061E+00
 0.15802748883521E+00
 0.15828070341259E+00
 0.15853180547746E+00
 0.15878067720203E+00
 0.15902751798128E+00
 0.15927197953639E+00
 0.15951432191328E+00
 0.15975475399322E+00
 0.15999317400692E+00
 0.16022934655486E+00
 0.16046368461799E+00
 0.16069612954895E+00
 0.16092667151622E+00
 0.16115512239626E+00
 0.16138163635942E+00
 0.16160646851814E+00
 0.16182990417037E+00
 0.16205105601912E+00
 0.16227053078523E+00
 0.16248790056421E+00
 0.16270342063171E+00
 0.16291719216326E+00
 0.16312999751203E+00
 0.16334072338767E+00
 0.16354971343959E+00
 0.16375709727984E+00
 0.16396284173998E+00
