-0.75942468866536E+01
-0.75942466948046E+01
-0.75942447611570E+01
-0.75942371418282E+01
-0.75942176877910E+01
-0.75941785344647E+01
-0.75941109216913E+01
-0.75940086202214E+01
-0.75938775291877E+01
-0.75937521845142E+01
-0.75937145688221E+01
-0.75939080640263E+01
-0.75945413893586E+01
-0.75959410898434E+01
-0.75983571510046E+01
-0.76021318210732E+01
-0.76076771181095E+01
-0.76153029015892E+01
-0.76252377851897E+01
-0.76378202460126E+01
-0.76532190428064E+01
-0.76715136606819E+01
-0.76928809825753E+01
-0.77172532096376E+01
-0.77447021329731E+01
-0.77750500902257E+01
-0.78082859519231E+01
-0.78441521454004E+01
-0.78825129457787E+01
-0.79232348477239E+01
-0.79659719497392E+01
-0.80105416829408E+01
-0.80567705392872E+01
-0.81042832673034E+01
-0.81528864024660E+01
-0.82023340600149E+01
-0.82524539315986E+01
-0.83028751700287E+01
-0.83534311344769E+01
-0.84039046341081E+01
-0.84540877638557E+01
-0.85038561640064E+01
-0.85528867443045E+01
-0.86010730234183E+01
-0.86482566200246E+01
-0.86942905846893E+01
-0.87390403243122E+01
-0.87823833832910E+01
-0.88242092406864E+01
-0.88644944356215E+01
-0.89030034236822E+01
-0.89397297380308E+01
-0.89746069295538E+01
-0.90075773033360E+01
-0.90385922411653E+01
-0.90676117015537E+01
-0.90946037041996E+01
-0.91195439380354E+01
-0.91424148863970E+01
-0.91632057201835E+01
-0.91819117052433E+01
-0.91986066771293E+01
-0.92131526544729E+01
-0.92256310261958E+01
-0.92360576689222E+01
-0.92444518896705E+01
-0.92508366403733E+01
-0.92552381904214E+01
-0.92576858052419E+01
-0.92582114536342E+01
-0.92568495100210E+01
-0.92536364844795E+01
-0.92486107919878E+01
-0.92418125174874E+01
-0.92332831943894E+01
-0.92230655740804E+01
-0.92112034931918E+01
-0.91977416443629E+01
-0.91827254245825E+01
-0.91662003878624E+01
-0.91482745972274E+01
-0.91288728844400E+01
-0.91081023749883E+01
-0.90860102903637E+01
-0.90626458213191E+01
-0.90380513608324E+01
-0.90122753961373E+01
-0.89853641790900E+01
-0.89573635089629E+01
-0.89283185957985E+01
-0.88982743248988E+01
-0.88672749769010E+01
-0.88353641923256E+01
-0.88025849422881E+01
-0.87689794828849E+01
-0.87345893606933E+01
-0.86994552982262E+01
-0.86636635165048E+01
-0.86271600453478E+01
-0.85900299720075E+01
-0.85523103016568E+01
-0.85140371981286E+01
-0.84752460391251E+01
-0.84359712072361E+01
-0.83962460242777E+01
-0.83561016718447E+01
-0.83155711216519E+01
-0.82746842815426E+01
-0.82334693533013E+01
-0.81919547461826E+01
-0.81502035072048E+01
-0.81081683528213E+01
-0.80659101500756E+01
-0.80234510682047E+01
-0.79808137195217E+01
-0.79380176919615E+01
-0.78950819765094E+01
-0.78520242708802E+01
-0.78088607863310E+01
-0.77656059681011E+01
-0.77223029537446E+01
-0.76789007604051E+01
-0.76354394943532E+01
-0.75919264507098E+01
-0.75483668752569E+01
-0.75047638773314E+01
-0.74611184657419E+01
-0.74174292787799E+01
-0.73736926257261E+01
-0.73299262670059E+01
-0.72860737181363E+01
-0.72421468262358E+01
-0.71981310919289E+01
-0.71540089757054E+01
-0.71097598902664E+01
-0.70653600536944E+01
-0.70208015912591E+01
-0.69760161127632E+01
-0.69309887677599E+01
-0.68856823829256E+01
-0.68400562969151E+01
-0.67940663805931E+01
-0.67476651375673E+01
-0.67008170609426E+01
-0.66534378892994E+01
-0.66054852268204E+01
-0.65568993398519E+01
-0.65076185621613E+01
-0.64575774763280E+01
-0.64067208824022E+01
-0.63549560267554E+01
-0.63022253390215E+01
-0.62484587353690E+01
-0.61935836949090E+01
-0.61375389314162E+01
-0.60802374856470E+01
-0.60216196311727E+01
-0.59616200052817E+01
-0.59001767849668E+01
-0.58372375043072E+01
-0.57727385399302E+01
-0.57066371585545E+01
-0.56388968970259E+01
-0.55694919821127E+01
-0.54983939040796E+01
-0.54256007777159E+01
-0.53511170748933E+01
-0.52749670564226E+01
-0.51971823053165E+01
-0.51178199079952E+01
-0.50369521975785E+01
-0.49546758765218E+01
-0.48711034626843E+01
-0.47863734334938E+01
-0.47006454286048E+01
-0.46141016665742E+01
-0.45269435264984E+01
-0.44393932996459E+01
-0.43516895892623E+01
-0.42640850998497E+01
-0.41768422545787E+01
-0.40902287917282E+01
-0.40045131667977E+01
-0.39199602597397E+01
-0.38368228513691E+01
-0.37553379019236E+01
-0.36757242047874E+01
-0.35981760188369E+01
-0.35228592423280E+01
-0.34499075066868E+01
-0.33794295983964E+01
-0.33114998182068E+01
-0.32461636181834E+01
-0.31834379663356E+01
-0.31233160321314E+01
-0.30657669926105E+01
-0.30107413456212E+01
-0.29581732245500E+01
-0.29079854552937E+01
-0.28600898586628E+01
-0.28143923624043E+01
-0.27707939112161E+01
-0.27291941390177E+01
-0.26894913698282E+01
-0.26515851262924E+01
-0.26153773094747E+01
-0.25807722525567E+01
-0.25476774131428E+01
-0.25160047623556E+01
-0.24856698304310E+01
-0.24565921013761E+01
-0.24286957190867E+01
-0.24019084511303E+01
-0.23761625465883E+01
-0.23513936590693E+01
-0.23275412198020E+01
-0.23045480483277E+01
-0.22823606576669E+01
-0.22609284686208E+01
-0.22402036858052E+01
-0.22201420290357E+01
-0.22007014403696E+01
-0.21818422671586E+01
-0.21635273615562E+01
-0.21457218773718E+01
-0.21283930073336E+01
-0.21115103533254E+01
-0.20950446790002E+01
-0.20789692183009E+01
-0.20632586283375E+01
-0.20478891777553E+01
-0.20328387778441E+01
-0.20180858792347E+01
-0.20036122011001E+01
-0.19893991397359E+01
-0.19754296783036E+01
-0.19616881822989E+01
-0.19481600123995E+01
-0.19348313239055E+01
-0.19216892606996E+01
-0.19087222907494E+01
-0.18959193511156E+01
-0.18832693888403E+01
-0.18707644814966E+01
-0.18583952544754E+01
-0.18461531026564E+01
-0.18340312334362E+01
-0.18220229077644E+01
-0.18101211853821E+01
-0.17983206639085E+01
-0.17866153576403E+01
-0.17750003201903E+01
-0.17634726378253E+01
-0.17520272720630E+01
-0.17406605657384E+01
-0.17293690735759E+01
-0.17181498193860E+01
-0.17069999791638E+01
-0.16959171949921E+01
-0.16848975566223E+01
-0.16739419980524E+01
-0.16630473423817E+01
-0.16522119992473E+01
-0.16414345382023E+01
-0.16307137190015E+01
-0.16200484963434E+01
-0.16094380010704E+01
-0.15988801086499E+01
-0.15883765849466E+01
-0.15779257019482E+01
-0.15675269862585E+01
-0.15571799008497E+01
-0.15468841102520E+01
-0.15366396243872E+01
-0.15264462066240E+01
-0.15163024200730E+01
-0.15062108967058E+01
-0.14961703062025E+01
-0.14861805972453E+01
-0.14762417836305E+01
-0.14663541797974E+01
-0.14565175957366E+01
-0.14467325939452E+01
-0.14369978010566E+01
-0.14273161556849E+01
-0.14176864935516E+01
-0.14081090333629E+01
-0.13985839959064E+01
-0.13891116089916E+01
-0.13796921743924E+01
-0.13703258691755E+01
-0.13610114482485E+01
-0.13517520381050E+01
-0.13425462979332E+01
-0.13333946848877E+01
-0.13242973440736E+01
-0.13152542610831E+01
-0.13062659245405E+01
-0.12973323898623E+01
-0.12884538201638E+01
