 0.10000000133514E-09
 0.10000000133514E-09
 0.10000000133514E-09
 0.10000000133514E-09
 0.10000000133514E-09
 0.10000000133514E-09
 0.10000000133514E-09
 0.10000000133514E-09
 0.10000000133514E-09
 0.10000000133514E-09
 0.10000000133514E-09
 0.10000000133514E-09
 0.10000000133514E-09
 0.10000000133514E-09
 0.10000000133514E-09
 0.10000000133514E-09
 0.10000000133514E-09
 0.10000000133514E-09
 0.10000000133514E-09
 0.10000000133514E-09
 0.10000000133514E-09
 0.10000000133514E-09
 0.10000000133514E-09
 0.10000000133514E-09
 0.10000000133514E-09
 0.10000000133514E-09
 0.10000000133514E-09
 0.10000000133514E-09
 0.10000000133514E-09
 0.11352801052949E-03
 0.11352801052949E-03
 0.19510936176779E-03
 0.19510936176779E-03
 0.31470640410786E-03
 0.39166267969389E-03
 0.48163968436891E-03
 0.58583160900434E-03
 0.70543231816582E-03
 0.84162660178280E-03
 0.99558816763735E-03
 0.11684760700251E-02
 0.13614303148383E-02
 0.15755744776286E-02
 0.18120088659962E-02
 0.20718132963757E-02
 0.23560469882851E-02
 0.26657491979579E-02
 0.30019382723110E-02
 0.33656137689339E-02
 0.37577560929547E-02
 0.41793348322212E-02
 0.46312989831281E-02
 0.51145838812390E-02
 0.56301115508461E-02
 0.61787933123342E-02
 0.67615303443136E-02
 0.73792174419979E-02
 0.80327380508808E-02
 0.87229688842757E-02
 0.94507813329191E-02
 0.10217042513538E-01
 0.11022611618415E-01
 0.11868359044003E-01
 0.12755141508070E-01
 0.13683816750221E-01
 0.14655242508687E-01
 0.15670280097270E-01
 0.16729792366093E-01
 0.17834642626636E-01
 0.18985703772694E-01
 0.20183851278288E-01
 0.21429967566090E-01
 0.22724941201209E-01
 0.24069670318543E-01
 0.25465061108320E-01
 0.26912030667621E-01
 0.28411515083047E-01
 0.29964456147032E-01
 0.31571810710333E-01
 0.33234553899528E-01
 0.34953671831479E-01
 0.36730170224993E-01
 0.38565087194437E-01
 0.40459474771084E-01
 0.42418232103831E-01
 0.44435251847365E-01
 0.46515064759130E-01
 0.48658836246961E-01
 0.50867731904916E-01
 0.53142941754092E-01
 0.55485714183005E-01
 0.57897323968315E-01
 0.60379054304932E-01
 0.62932238147483E-01
 0.65558225895161E-01
 0.68258422892712E-01
 0.71034259970745E-01
 0.73887185734997E-01
 0.76818739013775E-01
 0.79830432979219E-01
 0.82923837355299E-01
 0.86100551209940E-01
 0.89362210892075E-01
 0.92710492949613E-01
 0.96147091769343E-01
 0.99673751000192E-01
 0.10329217853684E+00
 0.10700418709406E+00
 0.11081155675066E+00
 0.11471609698661E+00
 0.11871960862273E+00
 0.12282395693934E+00
 0.12703090841943E+00
 0.13134227746895E+00
 0.13575988809678E+00
 0.14028546064499E+00
 0.14492069247616E+00
 0.14966724433638E+00
 0.15452670762643E+00
 0.15950058877629E+00
 0.16459199610860E+00
 0.16979903379912E+00
 0.17512437106436E+00
 0.18056902440136E+00
 0.18613379927749E+00
 0.19181933147837E+00
 0.19762601253400E+00
 0.20355401015877E+00
 0.20960322338747E+00
 0.21577318751460E+00
 0.22206319916736E+00
 0.22847216761304E+00
 0.23499864557776E+00
 0.24164077672802E+00
 0.24839626971644E+00
 0.25526242657813E+00
 0.26223613552096E+00
 0.26931383173767E+00
 0.27649144455864E+00
 0.28376448108349E+00
 0.29112800930474E+00
 0.29857662346735E+00
 0.30610457441584E+00
 0.31370561904658E+00
 0.32137324244556E+00
 0.32910057228819E+00
 0.33688044389745E+00
 0.34470546283903E+00
 0.35256802465757E+00
 0.36046038289954E+00
 0.36837476162638E+00
 0.37630329213563E+00
 0.38423900070675E+00
 0.39217249434223E+00
 0.40009694838718E+00
 0.40800490400654E+00
 0.41588913289586E+00
 0.42374263002728E+00
 0.43155873484295E+00
 0.43933101872494E+00
 0.44705340650138E+00
 0.45472022808185E+00
 0.46232604525005E+00
 0.46986585028194E+00
 0.47733499014035E+00
 0.48472918420043E+00
 0.49204444423309E+00
 0.49927725006864E+00
 0.50642437901353E+00
 0.51348292356293E+00
 0.52045029846589E+00
 0.52732423602430E+00
 0.53410274778016E+00
 0.54078412586075E+00
 0.54736693418598E+00
 0.55384997384499E+00
 0.56023229459380E+00
 0.56651319398085E+00
 0.57269214232848E+00
 0.57876883360415E+00
 0.58474331029233E+00
 0.59061557157877E+00
 0.59638602379285E+00
 0.60205516413988E+00
 0.60762370097637E+00
 0.61309249995073E+00
 0.61846261226183E+00
 0.62373525795397E+00
 0.62891158819425E+00
 0.63399361374111E+00
 0.63898274372712E+00
 0.64388076715939E+00
 0.64868955660617E+00
 0.65341109107961E+00
 0.65804742524674E+00
 0.66260068275859E+00
 0.66707300455122E+00
 0.67146655936118E+00
 0.67578352841542E+00
 0.68002615343135E+00
 0.68419641860057E+00
 0.68829652006510E+00
 0.69232852949915E+00
 0.69629446089857E+00
 0.70019627619816E+00
 0.70403586709821E+00
 0.70781506426576E+00
 0.71153562609872E+00
 0.71519924195785E+00
 0.71880753065890E+00
 0.72236203816667E+00
 0.72586424440963E+00
 0.72931556206059E+00
 0.73271733626355E+00
 0.73607084829509E+00
 0.73937732493706E+00
 0.74263793508742E+00
 0.74585379472445E+00
 0.74902596393886E+00
 0.75215536946864E+00
 0.75524316494403E+00
 0.75829017706086E+00
 0.76129729507421E+00
 0.76426537374485E+00
 0.76719522097967E+00
 0.77008761649625E+00
 0.77294331168325E+00
 0.77576303123721E+00
 0.77854747356463E+00
 0.78129730298328E+00
 0.78401316387090E+00
 0.78669568024911E+00
 0.78934545634827E+00
 0.79196307421454E+00
 0.79454909735132E+00
 0.79710407301228E+00
 0.79962853132454E+00
 0.80212298850726E+00
 0.80458794404374E+00
 0.80702388397225E+00
 0.80943128017327E+00
 0.81181059490641E+00
 0.81416227602367E+00
 0.81648676124172E+00
 0.81878447718812E+00
 0.82105584172158E+00
 0.82330126008469E+00
 0.82552113090327E+00
 0.82771584132860E+00
 0.82988577003884E+00
 0.83203128977138E+00
 0.83415276302902E+00
 0.83625054703920E+00
 0.83832498949558E+00
 0.84037643196389E+00
 0.84240520837753E+00
 0.84441164600844E+00
 0.84639606766776E+00
 0.84835878713615E+00
 0.85030011264166E+00
 0.85222035164038E+00
 0.85411979737149E+00
 0.85599874261950E+00
 0.85785747629154E+00
 0.85969627805414E+00
 0.86151542440354E+00
 0.86331518678487E+00
 0.86509583345592E+00
 0.86685762532283E+00
 0.86860081996891E+00
 0.87032566971020E+00
 0.87203242418748E+00
 0.87372132789477E+00
 0.87539262066754E+00
 0.87704653846620E+00
 0.87868331390086E+00
 0.88030317526433E+00
 0.88190634790298E+00
 0.88349305210526E+00
 0.88506350462942E+00
 0.88661791939820E+00
 0.88815650780971E+00
 0.88967947578868E+00
 0.89118702694942E+00
 0.89267936173204E+00
 0.89415667782662E+00
 0.89561916781865E+00
 0.89706702316680E+00
 0.89850043169553E+00
 0.89991957845698E+00
 0.90132464564481E+00
 0.90271581220418E+00
 0.90409325437133E+00
 0.90545714552225E+00
 0.90680765725057E+00
 0.90814495745157E+00
 0.90946921222497E+00
 0.91078058448465E+00
 0.91207923553742E+00
 0.91336532289521E+00
