 0.13589978382288E+03
 0.13589978382296E+03
 0.13589978382462E+03
 0.13589978383269E+03
 0.13589978385029E+03
 0.13589978386710E+03
 0.13589978385419E+03
 0.13589978379760E+03
 0.13589978383683E+03
 0.13589978458085E+03
 0.13589978761573E+03
 0.13589979613320E+03
 0.13589981555985E+03
 0.13589975312538E+03
 0.13589972091672E+03
 0.13589971405142E+03
 0.13589961412535E+03
 0.13589944518780E+03
 0.13589930786203E+03
 0.13589904379468E+03
 0.13589868721438E+03
 0.13589832130760E+03
 0.13589777929381E+03
 0.13589719606561E+03
 0.13589640444306E+03
 0.13589555210014E+03
 0.13589446941388E+03
 0.13589330557746E+03
 0.13589198262753E+03
 0.13589039128867E+03
 0.13588870073129E+03
 0.13588682855220E+03
 0.13588467084579E+03
 0.13588239985562E+03
 0.13587993195633E+03
 0.13587726230472E+03
 0.13587429609086E+03
 0.13587120936082E+03
 0.13586792033436E+03
 0.13586442797635E+03
 0.13586073403289E+03
 0.13585675026132E+03
 0.13585265518152E+03
 0.13584837060494E+03
 0.13584390044519E+03
 0.13583925094726E+03
 0.13583442932482E+03
 0.13582944376858E+03
 0.13582430349681E+03
 0.13581892635409E+03
 0.13581350398003E+03
 0.13580796204506E+03
 0.13580231311772E+03
 0.13579657201203E+03
 0.13579075480388E+03
 0.13578487886691E+03
 0.13577896292012E+03
 0.13577302715259E+03
 0.13576709302977E+03
 0.13576118360192E+03
 0.13575532347503E+03
 0.13574944614738E+03
 0.13574376195760E+03
 0.13573821145882E+03
 0.13573282522988E+03
 0.13572763642204E+03
 0.13572268006515E+03
 0.13571799313138E+03
 0.13571361457931E+03
 0.13570958545021E+03
 0.13570594889067E+03
 0.13570275021484E+03
 0.13570003698541E+03
 0.13569785907635E+03
 0.13569626873295E+03
 0.13569532063019E+03
 0.13569507198669E+03
 0.13569558258108E+03
 0.13569691484960E+03
 0.13569913372270E+03
 0.13570221214060E+03
 0.13570640932403E+03
 0.13571170671587E+03
 0.13571818082395E+03
 0.13572592745905E+03
 0.13573500167283E+03
 0.13574550371503E+03
 0.13575752422162E+03
 0.13577115735266E+03
 0.13578650101486E+03
 0.13580365731288E+03
 0.13582273242448E+03
 0.13584383662929E+03
 0.13586708477566E+03
 0.13589259625093E+03
 0.13592049539445E+03
 0.13595091150255E+03
 0.13598388200317E+03
 0.13601973787875E+03
 0.13605853157222E+03
 0.13610041401310E+03
 0.13614554311827E+03
 0.13619408333943E+03
 0.13624620604628E+03
 0.13630208962371E+03
 0.13636191918372E+03
 0.13642588943268E+03
 0.13649420201510E+03
 0.13656706679438E+03
 0.13664470325136E+03
 0.13672724261057E+03
 0.13681511430609E+03
 0.13690847249181E+03
 0.13700757539439E+03
 0.13711269401069E+03
 0.13722410852501E+03
 0.13734211162273E+03
 0.13746700848430E+03
 0.13759911740392E+03
 0.13773876937041E+03
 0.13788624090700E+03
 0.13804202483121E+03
 0.13820642664344E+03
 0.13837983330445E+03
 0.13856264616771E+03
 0.13875528215243E+03
 0.13895817318674E+03
 0.13917176695991E+03
 0.13939652700338E+03
 0.13963283859363E+03
 0.13988137808299E+03
 0.14014256660611E+03
 0.14041692975894E+03
 0.14070500829675E+03
 0.14100735766819E+03
 0.14132454878388E+03
 0.14165708156652E+03
 0.14200572645556E+03
 0.14237101505867E+03
 0.14275357682263E+03
 0.14315405605849E+03
 0.14357311023124E+03
 0.14401141389739E+03
 0.14446957100010E+03
 0.14494844850042E+03
 0.14544868804582E+03
 0.14597102841955E+03
 0.14651622830712E+03
 0.14708506509102E+03
 0.14767826178851E+03
 0.14829679446476E+03
 0.14894144292720E+03
 0.14961312932125E+03
 0.15031269240128E+03
 0.15104104885816E+03
 0.15179932283172E+03
 0.15258847828527E+03
 0.15340959217126E+03
 0.15426379085972E+03
 0.15515218335573E+03
 0.15607611923777E+03
 0.15703682537192E+03
 0.15803563572111E+03
 0.15907389511540E+03
 0.16015316214859E+03
 0.16127490154813E+03
 0.16244066835352E+03
 0.16365204569763E+03
 0.16491079502321E+03
 0.16621857878682E+03
 0.16757712954813E+03
 0.16898817697847E+03
 0.17045356963218E+03
 0.17197503905289E+03
 0.17355432934376E+03
 0.17519310271310E+03
 0.17689306678670E+03
 0.17865573337587E+03
 0.18048252509170E+03
 0.18237469264797E+03
 0.18433342324207E+03
 0.18635957182583E+03
 0.18845380698553E+03
 0.19061660334709E+03
 0.19284808235377E+03
 0.19514806862250E+03
 0.19751613563508E+03
 0.19995149678258E+03
 0.20245299401462E+03
 0.20501929338859E+03
 0.20764866404517E+03
 0.21033908053679E+03
 0.21308826924272E+03
 0.21589370342008E+03
 0.21875269146936E+03
 0.22166232809738E+03
 0.22461957390129E+03
 0.22762127356504E+03
 0.23066422898952E+03
 0.23374490599809E+03
 0.23686054110797E+03
 0.24000760871126E+03
 0.24318289644646E+03
 0.24638322243118E+03
 0.24960548842757E+03
 0.25284668541529E+03
 0.25610389576213E+03
 0.25937432343631E+03
 0.26265527826537E+03
 0.26594418726927E+03
 0.26923859502114E+03
 0.27253617427701E+03
 0.27583471154134E+03
 0.27913211721899E+03
 0.28242641262498E+03
 0.28571573449410E+03
 0.28899832644082E+03
 0.29227254152205E+03
 0.29553683074256E+03
 0.29878971312584E+03
 0.30202989131355E+03
 0.30525606047301E+03
 0.30846703194832E+03
 0.31166169817925E+03
 0.31483902407373E+03
 0.31799804675348E+03
 0.32113787497408E+03
 0.32425767386028E+03
 0.32735667616352E+03
 0.33043416961366E+03
 0.33348949179592E+03
 0.33652203764634E+03
 0.33953124798741E+03
 0.34251660256441E+03
 0.34547763463449E+03
 0.34841391289602E+03
 0.35132504678220E+03
 0.35421068669430E+03
 0.35707050629881E+03
 0.35990421381842E+03
 0.36271156427520E+03
 0.36549232917540E+03
 0.36824630662239E+03
 0.37097331644503E+03
 0.37367321748337E+03
 0.37634588284368E+03
 0.37899121700694E+03
 0.38160914265453E+03
 0.38419959225822E+03
 0.38676252846395E+03
 0.38929792434211E+03
 0.39180578126192E+03
 0.39428610735831E+03
 0.39673893373977E+03
 0.39916429815462E+03
 0.40156225441734E+03
 0.40393286971070E+03
 0.40627622800882E+03
 0.40859242074322E+03
 0.41088155180452E+03
 0.41314373744635E+03
 0.41537909848009E+03
 0.41758776852566E+03
 0.41976989047691E+03
 0.42192561423014E+03
 0.42405509851849E+03
 0.42615850766468E+03
 0.42823601933625E+03
 0.43028780665446E+03
 0.43231405599118E+03
 0.43431495778546E+03
 0.43629070717561E+03
 0.43824150451054E+03
 0.44016755649934E+03
 0.44206907140824E+03
 0.44394626183407E+03
 0.44579934284883E+03
 0.44762853599505E+03
 0.44943406364349E+03
 0.45121615004290E+03
 0.45297502459168E+03
 0.45471091519615E+03
 0.45642405414570E+03
 0.45811467447469E+03
 0.45978301119944E+03
 0.46142930067740E+03
 0.46305377826473E+03
 0.46465668338283E+03
 0.46623825389987E+03
 0.46779872795939E+03
 0.46933834766978E+03
 0.47085735092986E+03
 0.47235597621880E+03
 0.47383446213865E+03
 0.47529304987498E+03
 0.47673197823947E+03
 0.47815148291254E+03
 0.47955180188643E+03
 0.48093317140380E+03
 0.48229582660304E+03
