 0.44712779226085E+03
 0.44712779226165E+03
 0.44712779228877E+03
 0.44712779252285E+03
 0.44712779352793E+03
 0.44712779625956E+03
 0.44712779987123E+03
 0.44712778934501E+03
 0.44712769972285E+03
 0.44712735228770E+03
 0.44712637702943E+03
 0.44712414669159E+03
 0.44711974291933E+03
 0.44711175722983E+03
 0.44709894420289E+03
 0.44707963241895E+03
 0.44705180418443E+03
 0.44701368799534E+03
 0.44696369217198E+03
 0.44689977911386E+03
 0.44682042422283E+03
 0.44672435555524E+03
 0.44660996511764E+03
 0.44647644088826E+03
 0.44632254064717E+03
 0.44614784725386E+03
 0.44595146608270E+03
 0.44573332217398E+03
 0.44549302703975E+03
 0.44523026434574E+03
 0.44494541677296E+03
 0.44463846099984E+03
 0.44430942786544E+03
 0.44395899572798E+03
 0.44358739735245E+03
 0.44319508383877E+03
 0.44278237251782E+03
 0.44235018153078E+03
 0.44189892916326E+03
 0.44142922518657E+03
 0.44094170283182E+03
 0.44043682095733E+03
 0.43991559616472E+03
 0.43937851403684E+03
 0.43882622751785E+03
 0.43825938747148E+03
 0.43767863675537E+03
 0.43708460762820E+03
 0.43647791916873E+03
 0.43585898501879E+03
 0.43522876579699E+03
 0.43458765277835E+03
 0.43393619595167E+03
 0.43327492824034E+03
 0.43260436284781E+03
 0.43192499281809E+03
 0.43123729078225E+03
 0.43054170848796E+03
 0.42983867789776E+03
 0.42912861016233E+03
 0.42841189611321E+03
 0.42768871929541E+03
 0.42695979926145E+03
 0.42622528688851E+03
 0.42548549229251E+03
 0.42474070802831E+03
 0.42399120780653E+03
 0.42323724690048E+03
 0.42247906238263E+03
 0.42171687357965E+03
 0.42095088225310E+03
 0.42018127286739E+03
 0.41940821297138E+03
 0.41863185340350E+03
 0.41785232856746E+03
 0.41706975679106E+03
 0.41628424024169E+03
 0.41549586553641E+03
 0.41470470372934E+03
 0.41391081213319E+03
 0.41311405079955E+03
 0.41231479885439E+03
 0.41151289222021E+03
 0.41070832533713E+03
 0.40990104861717E+03
 0.40909108277201E+03
 0.40827835332567E+03
 0.40746279601817E+03
 0.40664433224939E+03
 0.40582286940623E+03
 0.40499829895274E+03
 0.40417049751774E+03
 0.40333932685814E+03
 0.40250463355799E+03
 0.40166624902806E+03
 0.40082398869876E+03
 0.39997765259418E+03
 0.39912686625199E+03
 0.39827171749599E+03
 0.39741179509408E+03
 0.39654683534146E+03
 0.39567655772999E+03
 0.39480066251740E+03
 0.39391883283158E+03
 0.39303073422234E+03
 0.39213602083790E+03
 0.39123431115207E+03
 0.39032521338801E+03
 0.38940832423144E+03
 0.38848320984882E+03
 0.38754927674799E+03
 0.38660634463847E+03
 0.38565377493717E+03
 0.38469106118923E+03
 0.38371766469090E+03
 0.38273303669423E+03
 0.38173659840720E+03
 0.38072775083530E+03
 0.37970587228554E+03
 0.37867032188802E+03
 0.37762025374455E+03
 0.37655535350958E+03
 0.37547473636619E+03
 0.37437767961291E+03
 0.37326344423531E+03
 0.37213127312841E+03
 0.37098039381586E+03
 0.36981001974200E+03
 0.36861935193551E+03
 0.36740746301000E+03
 0.36617377814967E+03
 0.36491736245995E+03
 0.36363739752949E+03
 0.36233306969890E+03
 0.36100357343996E+03
 0.35964811460236E+03
 0.35826580831467E+03
 0.35685610697723E+03
 0.35541817860360E+03
 0.35395132580695E+03
 0.35245488958648E+03
 0.35092825720427E+03
 0.34937086310425E+03
 0.34778211101975E+03
 0.34616173761450E+03
 0.34450928164096E+03
 0.34282444834354E+03
 0.34110701519337E+03
 0.33935686475054E+03
 0.33757389902023E+03
 0.33575836465580E+03
 0.33391039083898E+03
 0.33203022490619E+03
 0.33011849183825E+03
 0.32817567686026E+03
 0.32620269552344E+03
 0.32420045386942E+03
 0.32217011892728E+03
 0.32011306558328E+03
 0.31803085325733E+03
 0.31592547500136E+03
 0.31379904048435E+03
 0.31165401816165E+03
 0.30949317123899E+03
 0.30731977191858E+03
 0.30513733966323E+03
 0.30294987595228E+03
 0.30076176093983E+03
 0.29857798846129E+03
 0.29640390506880E+03
 0.29424540439146E+03
 0.29210883500492E+03
 0.29000116753882E+03
 0.28792973869074E+03
 0.28590237426521E+03
 0.28392727775932E+03
 0.28201310637012E+03
 0.28016869456298E+03
 0.27840310603188E+03
 0.27672545519117E+03
 0.27514491242137E+03
 0.27367042129261E+03
 0.27231061214423E+03
 0.27107378719858E+03
 0.26996760122916E+03
 0.26899902171745E+03
 0.26817426990359E+03
 0.26749860824416E+03
 0.26697631493767E+03
 0.26661059886679E+03
 0.26640366249184E+03
 0.26635655458583E+03
 0.26646927629934E+03
 0.26674078300735E+03
 0.26716910988461E+03
 0.26775135544171E+03
 0.26848383248165E+03
 0.26936213988550E+03
 0.27038131451628E+03
 0.27153508830774E+03
 0.27281911647688E+03
 0.27422646151337E+03
 0.27575076312130E+03
 0.27738550913214E+03
 0.27912414666199E+03
 0.28096014134721E+03
 0.28288701282552E+03
 0.28489841822049E+03
 0.28698815339838E+03
 0.28915019864062E+03
 0.29137873737961E+03
 0.29366818168387E+03
 0.29601317292220E+03
 0.29840859899368E+03
 0.30084958779457E+03
 0.30333151448091E+03
 0.30584999436825E+03
 0.30840088486788E+03
 0.31098027354578E+03
 0.31358444934374E+03
 0.31620999096648E+03
 0.31885360960821E+03
 0.32151224063906E+03
 0.32418301146388E+03
 0.32686322752588E+03
 0.32955036640849E+03
 0.33224207136507E+03
 0.33493613249202E+03
 0.33763049166358E+03
 0.34032322554442E+03
 0.34301253579344E+03
 0.34569675112807E+03
 0.34837431290217E+03
 0.35104376299469E+03
 0.35370375500084E+03
 0.35635303230959E+03
 0.35899042984830E+03
 0.36161487078729E+03
 0.36422534692255E+03
 0.36682092585019E+03
 0.36940076120760E+03
 0.37196405839501E+03
 0.37451008495240E+03
 0.37703816122401E+03
 0.37954767670940E+03
 0.38203806249287E+03
 0.38450880751594E+03
 0.38695944314311E+03
 0.38938953315702E+03
 0.39179869348141E+03
 0.39418656989181E+03
 0.39655285529553E+03
 0.39889726689629E+03
 0.40121956124325E+03
 0.40351951704980E+03
 0.40579694353941E+03
 0.40805167671602E+03
 0.41028358211413E+03
 0.41249254467570E+03
 0.41467847287221E+03
 0.41684129813401E+03
 0.41898096640316E+03
 0.42109744561936E+03
 0.42319072170781E+03
 0.42526079585144E+03
 0.42730768576351E+03
 0.42933142202620E+03
 0.43133205531174E+03
 0.43330963843947E+03
 0.43526424336407E+03
 0.43719595189589E+03
 0.43910485593043E+03
 0.44099105769038E+03
 0.44285467053928E+03
 0.44469581399814E+03
 0.44651461615156E+03
 0.44831121171415E+03
 0.45008574560927E+03
 0.45183836723653E+03
 0.45356923132229E+03
 0.45527850096976E+03
 0.45696634088457E+03
 0.45863292305789E+03
 0.46027842294992E+03
 0.46190302072145E+03
 0.46350690023856E+03
 0.46509024676320E+03
 0.46665325185013E+03
 0.46819610761247E+03
 0.46971900844996E+03
 0.47122215461592E+03
 0.47270574395644E+03
 0.47416997672649E+03
 0.47561505481709E+03
 0.47704118431947E+03
 0.47844857041502E+03
 0.47983741655408E+03
 0.48120792986280E+03
 0.48256031698670E+03
 0.48389478468121E+03
