 0.00000000000000E+00
 0.00000000000000E+00
 0.00000000000000E+00
 0.00000000000000E+00
 0.10850394065656E-25
 0.23060666294151E-21
 0.28437477785654E-18
 0.59177418098123E-16
 0.37605524471275E-14
 0.10416675474308E-12
 0.15773913930585E-11
 0.15186243885272E-10
 0.10319421834626E-09
 0.53331220934365E-09
 0.22141366264318E-08
 0.76941193794327E-08
 0.23093322011171E-07
 0.61347157024999E-07
 0.14704703827574E-06
 0.32297989661751E-06
 0.65822690190758E-06
 0.12574578318011E-05
 0.22709001404975E-05
 0.39042934308937E-05
 0.64282917200582E-05
 0.10186536411045E-04
 0.15602253659075E-04
 0.23182538157474E-04
 0.33520842764005E-04
 0.47297103410772E-04
 0.65275252133915E-04
 0.88299853987114E-04
 0.11729038703755E-03
 0.15323314033634E-03
 0.19717447180267E-03
 0.25021095115371E-03
 0.31348075828730E-03
 0.38815112687022E-03
 0.47541232397638E-03
 0.57646567332680E-03
 0.69251471376082E-03
 0.82475813451563E-03
 0.97437467189754E-03
 0.11425249296440E-02
 0.13303384375442E-02
 0.15389086650166E-02
 0.17692874460216E-02
 0.20224800914062E-02
 0.22994411983685E-02
 0.26010764022839E-02
 0.29282193439210E-02
 0.32816583707612E-02
 0.36621164710296E-02
 0.40702544136721E-02
 0.45066701589533E-02
 0.49718986649783E-02
 0.54664121064513E-02
 0.59906204763162E-02
 0.65448724839945E-02
 0.71294568078676E-02
 0.77446035757279E-02
 0.83905008888850E-02
 0.90672390223671E-02
 0.97748967967373E-02
 0.10513489309565E-01
 0.11282983308335E-01
 0.12083299756330E-01
 0.12914316362080E-01
 0.13775870157811E-01
 0.14667760130685E-01
 0.15589749858273E-01
 0.16541570162280E-01
 0.17522921761152E-01
 0.18533477904922E-01
 0.19572886983325E-01
 0.20640775101362E-01
 0.21736748625450E-01
 0.22860396652873E-01
 0.24011293454094E-01
 0.25189000797223E-01
 0.26393107687393E-01
 0.27623085524204E-01
 0.28878507434334E-01
 0.30158908170970E-01
 0.31463829910788E-01
 0.32792789906509E-01
 0.34145331493656E-01
 0.35520994924318E-01
 0.36919326388164E-01
 0.38339879757762E-01
 0.39782218476246E-01
 0.41245917017071E-01
 0.42730562319330E-01
 0.44235755468526E-01
 0.45761113012226E-01
 0.47306268548392E-01
 0.48870873922793E-01
 0.50454655755061E-01
 0.52057198297691E-01
 0.53678269104579E-01
 0.55317606160573E-01
 0.56974971924231E-01
 0.58650154814447E-01
 0.60342970158310E-01
 0.62053261405568E-01
 0.63780900831904E-01
 0.65525791706233E-01
 0.67287868847104E-01
 0.69067099014344E-01
 0.70863483204280E-01
 0.72677121390624E-01
 0.74507958943940E-01
 0.76356165823883E-01
 0.78221888622439E-01
 0.80105313615412E-01
 0.82006665498044E-01
 0.83926210993394E-01
 0.85864258580906E-01
 0.87821160075521E-01
 0.89797310482060E-01
 0.91793255509744E-01
 0.93809276447586E-01
 0.95846001565601E-01
 0.97904007884038E-01
 0.99983917473466E-01
 0.10208639968178E+00
 0.10421216955261E+00
 0.10636198869460E+00
 0.10853666440116E+00
 0.11073711324990E+00
 0.11296409950622E+00
 0.11521862354460E+00
 0.11750166237333E+00
 0.11981423023417E+00
 0.12215737594279E+00
 0.12453218177005E+00
 0.12693982355764E+00
 0.12938131779210E+00
 0.13185788404358E+00
 0.13437070160462E+00
 0.13692096430269E+00
 0.13950987333766E+00
 0.14213863888924E+00
 0.14480852478535E+00
 0.14752062130719E+00
 0.15027617997882E+00
 0.15307637950764E+00
 0.15592238366772E+00
 0.15881532968514E+00
 0.16175637864713E+00
 0.16474650479315E+00
 0.16778679434800E+00
 0.17087832577563E+00
 0.17402189652804E+00
 0.17721851844055E+00
 0.18046893569189E+00
 0.18377396286776E+00
 0.18713429637646E+00
 0.19055055688236E+00
 0.19402331175821E+00
 0.19755289562674E+00
 0.20113967374866E+00
 0.20478381587440E+00
 0.20848540302055E+00
 0.21224424473404E+00
 0.21606008137347E+00
 0.21993240196407E+00
 0.22386053879063E+00
 0.22784347109485E+00
 0.23188000366893E+00
 0.23596860781644E+00
 0.24010747620824E+00
 0.24429435938496E+00
 0.24852673034208E+00
 0.25280163606507E+00
 0.25711572809965E+00
 0.26146516847364E+00
 0.26584574973342E+00
 0.27025279056150E+00
 0.27468120033895E+00
 0.27912543951425E+00
 0.28357957567692E+00
 0.28803737652633E+00
 0.29249222836358E+00
 0.29693732586562E+00
 0.30136568078501E+00
 0.30577016932542E+00
 0.31014369958933E+00
 0.31447917938973E+00
 0.31876988229344E+00
 0.32300911142182E+00
 0.32719060030281E+00
 0.33130847463313E+00
 0.33535733737214E+00
 0.33933228586332E+00
 0.34322900050816E+00
 0.34704372427507E+00
 0.35077329772881E+00
 0.35441512610449E+00
 0.35796813854174E+00
 0.36142904967379E+00
 0.36479781277349E+00
 0.36807396010717E+00
 0.37125748061976E+00
 0.37434876116913E+00
 0.37734854144219E+00
 0.38025788707983E+00
 0.38307811932280E+00
 0.38581080438524E+00
 0.38845769704162E+00
 0.39102071078613E+00
 0.39350188794005E+00
 0.39590336621878E+00
 0.39822735579503E+00
 0.40047611526117E+00
 0.40265193264201E+00
 0.40475710768030E+00
 0.40679393660195E+00
 0.40876469799705E+00
 0.41067162953645E+00
 0.41251698062915E+00
 0.41430290811791E+00
 0.41603153824537E+00
 0.41770494370509E+00
 0.41932514027652E+00
 0.42089408455961E+00
 0.42241367454972E+00
 0.42388574417035E+00
 0.42531206649504E+00
 0.42669435209437E+00
 0.42803424918993E+00
 0.42933334709677E+00
 0.43059317249944E+00
 0.43181519673858E+00
 0.43300083139807E+00
 0.43415143313643E+00
 0.43526830491833E+00
 0.43635269841974E+00
 0.43740581220338E+00
 0.43842879717325E+00
 0.43942275690288E+00
 0.44038875272732E+00
 0.44132779743980E+00
 0.44224086600542E+00
 0.44312889069258E+00
 0.44399276731615E+00
 0.44483335381484E+00
 0.44565147313919E+00
 0.44644791485234E+00
 0.44722343414152E+00
 0.44797875702452E+00
 0.44871457947364E+00
 0.44943156995488E+00
 0.45013036912657E+00
 0.45081159139170E+00
 0.45147582644286E+00
 0.45212364083118E+00
 0.45275557833743E+00
 0.45337216100617E+00
 0.45397389038440E+00
 0.45456124897211E+00
 0.45513469895216E+00
 0.45569468524872E+00
 0.45624163560085E+00
 0.45677596106403E+00
 0.45729805707071E+00
 0.45780830390463E+00
 0.45830706776423E+00
 0.45879470046937E+00
 0.45927154092494E+00
 0.45973791536753E+00
 0.46019413800561E+00
 0.46064051140924E+00
 0.46107732725046E+00
 0.46150486633783E+00
 0.46192339939683E+00
 0.46233318740510E+00
 0.46273448205159E+00
 0.46312752612580E+00
 0.46351255372157E+00
 0.46388979086561E+00
 0.46425945554180E+00
 0.46462175826726E+00
 0.46497690234300E+00
 0.46532508387505E+00
 0.46566649256837E+00
 0.46600131161344E+00
 0.46632971794250E+00
 0.46665188268318E+00
 0.46696797122357E+00
 0.46727814366267E+00
 0.46758255478287E+00
 0.46788135392584E+00
 0.46817468611504E+00
 0.46846269133658E+00
 0.46874550528031E+00
 0.46902325938214E+00
 0.46929608072898E+00
 0.46956409245792E+00
 0.46982741396686E+00
