-0.00000000000000E+00
-0.44441287912260E-04
-0.24563911864231E-02
-0.30888041804715E-01
-0.18780753601152E+00
-0.74518074206722E+00
-0.22392308530984E+01
-0.55264020889305E+01
-0.11719970259057E+02
-0.21883789767400E+02
-0.36352356721020E+02
-0.53594548894533E+02
-0.68628722812823E+02
-0.33536426896471E+03
-0.57193477111775E+03
-0.80101160485031E+03
-0.13394887348561E+04
-0.21257395281902E+04
-0.28892835073856E+04
-0.40272629427253E+04
-0.54207898649993E+04
-0.68096021012680E+04
-0.85729943625373E+04
-0.10286032430618E+05
-0.12298491455290E+05
-0.14104081293128E+05
-0.16063486876600E+05
-0.17638215840418E+05
-0.18887058668801E+05
-0.19937609536827E+05
-0.20195950518277E+05
-0.19665461775762E+05
-0.18447167345967E+05
-0.15902687598704E+05
-0.12047212512311E+05
-0.66901555023755E+04
 0.13032440405219E+03
 0.90803328651698E+04
 0.20158658637715E+05
 0.33573860954140E+05
 0.49541166469622E+05
 0.68043466727946E+05
 0.89748245735200E+05
 0.11465873578032E+06
 0.14298769003222E+06
 0.17495065344940E+06
 0.21076265670500E+06
 0.25063846162391E+06
 0.29479107789959E+06
 0.34319884146942E+06
 0.39653314932622E+06
 0.45478601069746E+06
 0.51816814937702E+06
 0.58689386172521E+06
 0.66117897894821E+06
 0.74124131425283E+06
 0.82730127405968E+06
 0.91958378032321E+06
 0.10183154887360E+07
 0.11237291129899E+07
 0.12360630098333E+07
 0.13553325837559E+07
 0.14822423663196E+07
 0.16168321079428E+07
 0.17593699023446E+07
 0.19101363306520E+07
 0.20694228685543E+07
 0.22375338195918E+07
 0.24147869031361E+07
 0.26015156154729E+07
 0.27980693119112E+07
 0.30048143687851E+07
 0.32221364578423E+07
 0.34504416092135E+07
 0.36901577126226E+07
 0.39417361692444E+07
 0.42056532353435E+07
 0.44824124607285E+07
 0.47725459076383E+07
 0.50766171278516E+07
 0.53949959751082E+07
 0.57287563651795E+07
 0.60783466006806E+07
 0.64444715181576E+07
 0.68278842415946E+07
 0.72293671317340E+07
 0.76497633912551E+07
 0.80899624760198E+07
 0.85509065092788E+07
 0.90335913016897E+07
 0.95390739958506E+07
 0.10068474378762E+08
 0.10622978371850E+08
 0.11203842259037E+08
 0.11812396716057E+08
 0.12450051123320E+08
 0.13118298124839E+08
 0.13818506989821E+08
 0.14552776836508E+08
 0.15322668798969E+08
 0.16130055485770E+08
 0.16976923915773E+08
 0.17865377406173E+08
 0.18797640315084E+08
 0.19776068497243E+08
 0.20803156816744E+08
 0.21881535065782E+08
 0.23013983047087E+08
 0.24203453452430E+08
 0.25453057232816E+08
 0.26765890374541E+08
 0.28145834093630E+08
 0.29596360040611E+08
 0.31121355770041E+08
 0.32724926191054E+08
 0.34411406619512E+08
 0.36185363749569E+08
 0.38051621808553E+08
 0.40015274804332E+08
 0.42081689684031E+08
 0.44256341310102E+08
 0.46545570080290E+08
 0.48955467089593E+08
 0.51492647222120E+08
 0.54164071006706E+08
 0.56977058515185E+08
 0.59939303445694E+08
 0.63058887975546E+08
 0.66344296500742E+08
 0.69804248496605E+08
 0.73448423552862E+08
 0.77286417276945E+08
 0.81328447420975E+08
 0.85585195921138E+08
 0.90067816151476E+08
 0.94787942071741E+08
 0.99757536019692E+08
 0.10498952546623E+09
 0.11049686393486E+09
 0.11629315586883E+09
 0.12239250667493E+09
 0.12880951443052E+09
 0.13555926343181E+09
 0.14265718742142E+09
 0.15011960727900E+09
 0.15796290238402E+09
 0.16620403310525E+09
 0.17486037937259E+09
 0.18394976214219E+09
 0.19349026591898E+09
 0.20350073310329E+09
 0.21399998724242E+09
 0.22500731462795E+09
 0.23654233244125E+09
 0.24862480679330E+09
 0.26127509361021E+09
 0.27451348451304E+09
 0.28836061570905E+09
 0.30283728728818E+09
 0.31796440937124E+09
 0.33376317808444E+09
 0.35025486185886E+09
 0.36746070966712E+09
 0.38540211881330E+09
 0.40410066578269E+09
 0.42357777908851E+09
 0.44385493678937E+09
 0.46495361533393E+09
 0.48689534063396E+09
 0.50970148739253E+09
 0.53339334474812E+09
 0.55799211421077E+09
 0.58351888549925E+09
 0.60999462627737E+09
 0.63744007954953E+09
 0.66587576176549E+09
 0.69532209727970E+09
 0.72579918801061E+09
 0.75732691188924E+09
 0.78992487756819E+09
 0.82361247530938E+09
 0.85840872740246E+09
 0.89433241945653E+09
 0.93140207941119E+09
 0.96963594264361E+09
 0.10090519816978E+10
 0.10496679392847E+10
 0.10915012806008E+10
 0.11345693234749E+10
 0.11788892564778E+10
 0.12244781151076E+10
 0.12713527980660E+10
 0.13195302645416E+10
 0.13690273248922E+10
 0.14198609318538E+10
 0.14720480417687E+10
 0.15256057138002E+10
 0.15805511555572E+10
 0.16369016968339E+10
 0.16946748626192E+10
 0.17538883632043E+10
 0.18145601320377E+10
 0.18767083006145E+10
 0.19403512350868E+10
 0.20055075303977E+10
 0.20721959480398E+10
 0.21404356069943E+10
 0.22102458076653E+10
 0.22816460700528E+10
 0.23546561232549E+10
 0.24292959272119E+10
 0.25055856648256E+10
 0.25835456909860E+10
 0.26631965716376E+10
 0.27445590712642E+10
 0.28276541348600E+10
 0.29125028865033E+10
 0.29991266190705E+10
 0.30875467836686E+10
 0.31777849967881E+10
 0.32698630479217E+10
 0.33638028523645E+10
 0.34596264756459E+10
 0.35573560956094E+10
 0.36570140901236E+10
 0.37586229040988E+10
 0.38622051897241E+10
 0.39677836230960E+10
 0.40753810428145E+10
 0.41850204513559E+10
 0.42967248959233E+10
 0.44105176272831E+10
 0.45264219076618E+10
 0.46444611531881E+10
 0.47646588987018E+10
 0.48870387660631E+10
 0.50116244896652E+10
 0.51384399807362E+10
 0.52675091024047E+10
 0.53988558704587E+10
 0.55325043690190E+10
 0.56684790267024E+10
 0.58068040290990E+10
 0.59475038322287E+10
 0.60906028964151E+10
 0.62361259058393E+10
 0.63840975685306E+10
 0.65345426859639E+10
 0.66874862414146E+10
 0.68429530640409E+10
 0.70009682585511E+10
 0.71615570208338E+10
 0.73247446173666E+10
 0.74905564584043E+10
 0.76590179161502E+10
 0.78301544802630E+10
 0.80039917933666E+10
 0.81805555402320E+10
 0.83598715032525E+10
 0.85419655950914E+10
 0.87268638219146E+10
 0.89145921748333E+10
 0.91051767945777E+10
 0.92986439068667E+10
 0.94950198228857E+10
 0.96943309495512E+10
 0.98966037696425E+10
 0.10101864911839E+11
 0.10310140981340E+11
 0.10521458728392E+11
 0.10735844985251E+11
 0.10953326669330E+11
 0.11173930777114E+11
 0.11397684437591E+11
 0.11624614811425E+11
 0.11854749137131E+11
 0.12088114786496E+11
 0.12324739176143E+11
 0.12564649849794E+11
 0.12807874396845E+11
 0.13054440536322E+11
 0.13304376015686E+11
 0.13557708714725E+11
 0.13814466563654E+11
 0.14074677620889E+11
 0.14338369994717E+11
 0.14605571930134E+11
 0.14876311665619E+11
 0.15150617596929E+11
 0.15428518178539E+11
 0.15710042012395E+11
 0.15995217699679E+11
 0.16284073992393E+11
 0.16576639726801E+11
 0.16872943716103E+11
 0.17173014966142E+11
 0.17476882600156E+11
 0.17784575737171E+11
 0.18096123594710E+11
 0.18411555564578E+11
