 0.65713351819439E+01
 0.65713351819439E+01
 0.65713351819455E+01
 0.65713351819643E+01
 0.65713351820678E+01
 0.65713351824354E+01
 0.65713351834207E+01
 0.65713351855887E+01
 0.65713351896735E+01
 0.65713351963767E+01
 0.65713352059190E+01
 0.65713352172906E+01
 0.65713352272059E+01
 0.65713354031231E+01
 0.65713355591459E+01
 0.65713357102265E+01
 0.65713360653626E+01
 0.65713365839102E+01
 0.65713370874822E+01
 0.65713378380016E+01
 0.65713387570595E+01
 0.65713396730080E+01
 0.65713408359993E+01
 0.65713419657810E+01
 0.65713432930366E+01
 0.65713444838580E+01
 0.65713457761238E+01
 0.65713468146880E+01
 0.65713476383240E+01
 0.65713483311825E+01
 0.65713485015634E+01
 0.65713481516958E+01
 0.65713473482071E+01
 0.65713456700736E+01
 0.65713431273133E+01
 0.65713395942307E+01
 0.65713350959925E+01
 0.65713291932890E+01
 0.65713218869191E+01
 0.65713130393341E+01
 0.65713025085876E+01
 0.65712903059632E+01
 0.65712759912422E+01
 0.65712595622928E+01
 0.65712408788003E+01
 0.65712197986084E+01
 0.65711961799005E+01
 0.65711698810369E+01
 0.65711407615336E+01
 0.65711088356784E+01
 0.65710736606721E+01
 0.65710352417848E+01
 0.65709934400400E+01
 0.65709481141051E+01
 0.65708991216353E+01
 0.65708463189786E+01
 0.65707895607727E+01
 0.65707286986772E+01
 0.65706635832083E+01
 0.65705940608868E+01
 0.65705199745119E+01
 0.65704413139240E+01
 0.65703576144709E+01
 0.65702688499364E+01
 0.65701748435076E+01
 0.65700754101358E+01
 0.65699703575871E+01
 0.65698594851675E+01
 0.65697425833349E+01
 0.65696194321421E+01
 0.65694898011824E+01
 0.65693534488237E+01
 0.65692101207080E+01
 0.65690595490505E+01
 0.65689014516497E+01
 0.65687355307978E+01
 0.65685614723946E+01
 0.65683789443393E+01
 0.65681875957266E+01
 0.65679870548831E+01
 0.65677770778832E+01
 0.65675569564587E+01
 0.65673263949454E+01
 0.65670849284899E+01
 0.65668320603924E+01
 0.65665672746709E+01
 0.65662900152170E+01
 0.65659996954172E+01
 0.65656956939233E+01
 0.65653773539787E+01
 0.65650439783774E+01
 0.65646948285985E+01
 0.65643291225037E+01
 0.65639460315496E+01
 0.65635446781297E+01
 0.65631241327306E+01
 0.65626834109245E+01
 0.65622216096522E+01
 0.65617373445044E+01
 0.65612295858831E+01
 0.65606970987669E+01
 0.65601385726784E+01
 0.65595526204392E+01
 0.65589377750423E+01
 0.65582924827558E+01
 0.65576150981689E+01
 0.65569038868826E+01
 0.65561570155635E+01
 0.65553725368541E+01
 0.65545483990224E+01
 0.65536825602054E+01
 0.65527724606663E+01
 0.65518158107845E+01
 0.65508100466426E+01
 0.65497524609738E+01
 0.65486401945535E+01
 0.65474702355587E+01
 0.65462394023183E+01
 0.65449443352357E+01
 0.65435814947057E+01
 0.65421472699505E+01
 0.65406374793556E+01
 0.65390481057260E+01
 0.65373747864179E+01
 0.65356129308281E+01
 0.65337577112278E+01
 0.65318040534745E+01
 0.65297466272161E+01
 0.65275798368295E+01
 0.65252979316524E+01
 0.65228945278083E+01
 0.65203632968087E+01
 0.65176974998489E+01
 0.65148900919854E+01
 0.65119337173528E+01
 0.65088207031298E+01
 0.65055431599235E+01
 0.65020925618172E+01
 0.64984603657119E+01
 0.64946375992146E+01
 0.64906149595368E+01
 0.64863828189647E+01
 0.64819312291135E+01
 0.64772500111319E+01
 0.64723284010843E+01
 0.64671555964537E+01
 0.64617204115492E+01
 0.64560113839713E+01
 0.64500167604552E+01
 0.64437246139206E+01
 0.64371225174404E+01
 0.64301980565217E+01
 0.64229385114825E+01
 0.64153309444128E+01
 0.64073623191805E+01
 0.63990192106593E+01
 0.63902882361330E+01
 0.63811557856243E+01
 0.63716081410721E+01
 0.63616315118479E+01
 0.63512119186968E+01
 0.63403353346779E+01
 0.63289877456831E+01
 0.63171550397772E+01
 0.63048229868512E+01
 0.62919774543868E+01
 0.62786042771894E+01
 0.62646892911263E+01
 0.62502182994428E+01
 0.62351772051094E+01
 0.62195519675280E+01
 0.62033286038931E+01
 0.61864932051280E+01
 0.61690319426531E+01
 0.61509311360566E+01
 0.61321772543433E+01
 0.61127568272571E+01
 0.60926565971944E+01
 0.60718634542756E+01
 0.60503644662158E+01
 0.60281468447624E+01
 0.60051980443481E+01
 0.59815056755008E+01
 0.59570575186864E+01
 0.59318415473215E+01
 0.59058459081660E+01
 0.58790588995593E+01
 0.58514690028671E+01
 0.58230647966466E+01
 0.57938349447034E+01
 0.57637682117974E+01
 0.57328534529086E+01
 0.57010794831242E+01
 0.56684352156887E+01
 0.56349094699452E+01
 0.56004910628583E+01
 0.55651687435805E+01
 0.55289311633612E+01
 0.54917668928662E+01
 0.54536643740271E+01
 0.54146119265645E+01
 0.53745977230229E+01
 0.53336098053309E+01
 0.52916360606564E+01
 0.52486642252753E+01
 0.52046819256207E+01
 0.51596765523553E+01
 0.51136353764898E+01
 0.50665455242070E+01
 0.50183939837856E+01
 0.49691675912595E+01
 0.49188530356151E+01
 0.48674368924092E+01
 0.48149055980041E+01
 0.47612454578216E+01
 0.47064426582336E+01
 0.46504832675023E+01
 0.45933532425643E+01
 0.45350384360004E+01
 0.44755245913172E+01
 0.44147973379238E+01
 0.43528422222593E+01
 0.42896446916811E+01
 0.42251901194730E+01
 0.41594637469983E+01
 0.40924507714051E+01
 0.40241362531371E+01
 0.39545052368707E+01
 0.38835426601079E+01
 0.38112333522714E+01
 0.37375621132853E+01
 0.36625136088204E+01
 0.35860724969887E+01
 0.35082233344010E+01
 0.34289505993760E+01
 0.33482387128403E+01
 0.32660720215034E+01
 0.31824347554484E+01
 0.30973111764809E+01
 0.30106854457249E+01
 0.29225416792375E+01
 0.28328637658740E+01
 0.27416357547706E+01
 0.26488415167097E+01
 0.25544649196354E+01
 0.24584896838535E+01
 0.23608995139413E+01
 0.22616780528470E+01
 0.21608088236179E+01
 0.20582754509446E+01
 0.19540613777870E+01
 0.18481499869698E+01
 0.17405246147631E+01
 0.16311685026129E+01
 0.15200649170610E+01
 0.14071970471850E+01
 0.12925479811794E+01
 0.11761007794413E+01
 0.10578384379844E+01
 0.93774386690665E+00
 0.81579991463932E+00
 0.69198943954248E+00
 0.56629520129964E+00
 0.43869990354255E+00
 0.30918619353616E+00
 0.17773665540899E+00
 0.44333823256466E-01
-0.91039865049966E-01
-0.22840195615280E+00
-0.36777009235630E+00
-0.50916197005282E+00
-0.65259534179435E+00
-0.79808801228570E+00
-0.94565787361767E+00
-0.10953228387730E+01
-0.12471008720793E+01
-0.14010100257572E+01
-0.15570683816008E+01
-0.17152941052261E+01
-0.18757053923725E+01
-0.20383205242737E+01
-0.22031578009159E+01
-0.23702356095575E+01
-0.25395723707155E+01
-0.27111865894563E+01
-0.28850968037394E+01
-0.30613216416841E+01
-0.32398797271137E+01
-0.34207897875783E+01
-0.36040705893532E+01
-0.37897409959741E+01
-0.39778198704747E+01
-0.41683261753539E+01
-0.43612789286853E+01
-0.45566971333315E+01
-0.47545999192060E+01
-0.49550064936468E+01
-0.51579360612140E+01
-0.53634078914278E+01
-0.55714413687529E+01
