 0.13343248026524E+01
 0.13343248026502E+01
 0.13343248025986E+01
 0.13343248022521E+01
 0.13343248010190E+01
 0.13343247979566E+01
 0.13343247919184E+01
 0.13343247820978E+01
 0.13343247698027E+01
 0.13343247625145E+01
 0.13343247805812E+01
 0.13343248656868E+01
 0.13343250894295E+01
 0.13343273821410E+01
 0.13343300734810E+01
 0.13343337036157E+01
 0.13343409569850E+01
 0.13343520330800E+01
 0.13343658218926E+01
 0.13343859448936E+01
 0.13344125876194E+01
 0.13344450747721E+01
 0.13344872518703E+01
 0.13345375106843E+01
 0.13345996789428E+01
 0.13346718709611E+01
 0.13347578847029E+01
 0.13348557220425E+01
 0.13349674359408E+01
 0.13350955942825E+01
 0.13352376683308E+01
 0.13353956335736E+01
 0.13355717891016E+01
 0.13357633851377E+01
 0.13359722477147E+01
 0.13361987283383E+01
 0.13364447625310E+01
 0.13367073275826E+01
 0.13369880358024E+01
 0.13372869973567E+01
 0.13376042375937E+01
 0.13379413882961E+01
 0.13382952015329E+01
 0.13386670737454E+01
 0.13390568878175E+01
 0.13394644664024E+01
 0.13398895997718E+01
 0.13403320484662E+01
 0.13407915446712E+01
 0.13412694842034E+01
 0.13417622541270E+01
 0.13422710991202E+01
 0.13427956758545E+01
 0.13433356013936E+01
 0.13438904729415E+01
 0.13444598688255E+01
 0.13450433491826E+01
 0.13456404554936E+01
 0.13462507144281E+01
 0.13468736345853E+01
 0.13475087078924E+01
 0.13481571173631E+01
 0.13488149629253E+01
 0.13494833264294E+01
 0.13501616492495E+01
 0.13508493429619E+01
 0.13515458030368E+01
 0.13522504087772E+01
 0.13529625233788E+01
 0.13536814934158E+01
 0.13544066491563E+01
 0.13551373044096E+01
 0.13558727561456E+01
 0.13566122843245E+01
 0.13573551518031E+01
 0.13581006043498E+01
 0.13588478696945E+01
 0.13595961582212E+01
 0.13603446623789E+01
 0.13610925607919E+01
 0.13618407764037E+01
 0.13625849460789E+01
 0.13633259061476E+01
 0.13640627644018E+01
 0.13647944027883E+01
 0.13655202400628E+01
 0.13662391449416E+01
 0.13669501324787E+01
 0.13676521982658E+01
 0.13683443163112E+01
 0.13690254350170E+01
 0.13696944803526E+01
 0.13703503568189E+01
 0.13709919428908E+01
 0.13716180931717E+01
 0.13722276351547E+01
 0.13728193709540E+01
 0.13733938828537E+01
 0.13739463638746E+01
 0.13744772701129E+01
 0.13749853046900E+01
 0.13754691270734E+01
 0.13759273669703E+01
 0.13763586203176E+01
 0.13767614532826E+01
 0.13771344119542E+01
 0.13774759742602E+01
 0.13777846102143E+01
 0.13780587577879E+01
 0.13782968076438E+01
 0.13784989193643E+01
 0.13786598806194E+01
 0.13787797207809E+01
 0.13788567067821E+01
 0.13788890402514E+01
 0.13788749218562E+01
 0.13788125102559E+01
 0.13786999282257E+01
 0.13785352632150E+01
 0.13783165799769E+01
 0.13780433886656E+01
 0.13777108335642E+01
 0.13773183400091E+01
 0.13768639046678E+01
 0.13763455186882E+01
 0.13757611681235E+01
 0.13751088458326E+01
 0.13743865554315E+01
 0.13735923174251E+01
 0.13727258454933E+01
 0.13717819815860E+01
 0.13707604544339E+01
 0.13696594601083E+01
 0.13684772626879E+01
 0.13672122081577E+01
 0.13658627269344E+01
 0.13644288491208E+01
 0.13629062495749E+01
 0.13612951335676E+01
 0.13595943797157E+01
 0.13578029932809E+01
 0.13559201288820E+01
 0.13539450612898E+01
 0.13518786250132E+01
 0.13497176525202E+01
 0.13474631982222E+01
 0.13451150962199E+01
 0.13426733093564E+01
 0.13401379429175E+01
 0.13375104486179E+01
 0.13347886856531E+01
 0.13319741966435E+01
 0.13290671725432E+01
 0.13260686066551E+01
 0.13229798554013E+01
 0.13197993259148E+01
 0.13165285901564E+01
 0.13131681212133E+01
 0.13097183562634E+01
 0.13061806817173E+01
 0.13025535606956E+01
 0.12988381758567E+01
 0.12950347237804E+01
 0.12911440704680E+01
 0.12871647154881E+01
 0.12830972712782E+01
 0.12789416826929E+01
 0.12746982814647E+01
 0.12703654574374E+01
 0.12659435341936E+01
 0.12614322602014E+01
 0.12568317748177E+01
 0.12521407579969E+01
 0.12473595230984E+01
 0.12424880054688E+01
 0.12375267727130E+01
 0.12324752526201E+01
 0.12273344773244E+01
 0.12221053926882E+01
 0.12167896487255E+01
 0.12113881612387E+01
 0.12059035527816E+01
 0.12003386968112E+01
 0.11946961667645E+01
 0.11889799691365E+01
 0.11831946146542E+01
 0.11773445184846E+01
 0.11714350707872E+01
 0.11654723391668E+01
 0.11594624641080E+01
 0.11534118473303E+01
 0.11473276495228E+01
 0.11412171026139E+01
 0.11350877441444E+01
 0.11289468220034E+01
 0.11228019932933E+01
 0.11166607517315E+01
 0.11105305703034E+01
 0.11044184407744E+01
 0.10983313723615E+01
 0.10922761604756E+01
 0.10862591746681E+01
 0.10802862810954E+01
 0.10743631965745E+01
 0.10684951757144E+01
 0.10626870234674E+01
 0.10569432896229E+01
 0.10512679562720E+01
 0.10456647124736E+01
 0.10401368593226E+01
 0.10346873536936E+01
 0.10293187659399E+01
 0.10240333653125E+01
 0.10188330742585E+01
 0.10137195556057E+01
 0.10086941853820E+01
 0.10037581006864E+01
 0.99891217447319E+00
 0.99415706654029E+00
 0.98949327824376E+00
 0.98492100636595E+00
 0.98044040108165E+00
 0.97605142432865E+00
 0.97175388008122E+00
 0.96754745995149E+00
 0.96343172697035E+00
 0.95940614020269E+00
 0.95547008268032E+00
 0.95162282509402E+00
 0.94786357361255E+00
 0.94419147929121E+00
 0.94060562402159E+00
 0.93710502640528E+00
 0.93368870828901E+00
 0.93035559296325E+00
 0.92710459774482E+00
 0.92393460149777E+00
 0.92084445334993E+00
 0.91783300504862E+00
 0.91489909484564E+00
 0.91204146295901E+00
 0.90925895350622E+00
 0.90655033961815E+00
 0.90391445016933E+00
 0.90135002386610E+00
 0.89885587024777E+00
 0.89643074256166E+00
 0.89407341585122E+00
 0.89178272846278E+00
 0.88955743628653E+00
 0.88739636914438E+00
 0.88529831128158E+00
 0.88326210306239E+00
 0.88128656311475E+00
 0.87937054002722E+00
 0.87751288821724E+00
 0.87571248191232E+00
 0.87396818605260E+00
 0.87227889510808E+00
 0.87064351712679E+00
 0.86906097394112E+00
 0.86753020024201E+00
 0.86605014472113E+00
 0.86461976993283E+00
 0.86323805470985E+00
 0.86190399148402E+00
 0.86061659330479E+00
 0.85937487059184E+00
 0.85817787880848E+00
 0.85702466646571E+00
 0.85591430238575E+00
 0.85484587421094E+00
 0.85381848165520E+00
 0.85283123720058E+00
 0.85188327165510E+00
 0.85097372891586E+00
 0.85010177766156E+00
 0.84926658355748E+00
 0.84846733819077E+00
 0.84770324717321E+00
 0.84697352456580E+00
 0.84627740696776E+00
 0.84561413870472E+00
 0.84498297848273E+00
 0.84438320223789E+00
 0.84381409454182E+00
 0.84327496300026E+00
 0.84276511197882E+00
 0.84228387133898E+00
 0.84183058247721E+00
 0.84140459146367E+00
 0.84100526413892E+00
 0.84063198329434E+00
 0.84028414032028E+00
 0.83996112347810E+00
 0.83966234508625E+00
 0.83938724043822E+00
 0.83913523962580E+00
 0.83890578883903E+00
 0.83869834989307E+00
