 0.10864048919610E+01
 0.10864048916606E+01
 0.10864048884169E+01
 0.10864048747528E+01
 0.10864048377964E+01
 0.10864047597424E+01
 0.10864046185569E+01
 0.10864043903351E+01
 0.10864040572155E+01
 0.10864036247737E+01
 0.10864031487992E+01
 0.10864027662252E+01
 0.10864027225743E+01
 0.10864037487628E+01
 0.10864059883781E+01
 0.10864101339600E+01
 0.10864173976171E+01
 0.10864285720174E+01
 0.10864442314346E+01
 0.10864659013707E+01
 0.10864944153424E+01
 0.10865303982302E+01
 0.10865753246790E+01
 0.10866295100847E+01
 0.10866942852190E+01
 0.10867697415173E+01
 0.10868570407122E+01
 0.10869560696765E+01
 0.10870674577798E+01
 0.10871918680126E+01
 0.10873288155896E+01
 0.10874786841021E+01
 0.10876418645966E+01
 0.10878176126015E+01
 0.10880060946634E+01
 0.10882071191783E+01
 0.10884208019924E+01
 0.10886461215000E+01
 0.10888830475824E+01
 0.10891311913488E+01
 0.10893901222510E+01
 0.10896597646899E+01
 0.10899388993659E+01
 0.10902273715958E+01
 0.10905246710607E+01
 0.10908302710659E+01
 0.10911436379741E+01
 0.10914642346347E+01
 0.10917915236742E+01
 0.10921253894580E+01
 0.10924644868087E+01
 0.10928086831710E+01
 0.10931574691162E+01
 0.10935103412011E+01
 0.10938668080745E+01
 0.10942263918780E+01
 0.10945886293377E+01
 0.10949530725455E+01
 0.10953192898389E+01
 0.10956868662079E+01
 0.10960554038253E+01
 0.10964249774301E+01
 0.10967943308703E+01
 0.10971635539802E+01
 0.10975323234286E+01
 0.10979003299543E+01
 0.10982672819429E+01
 0.10986329051726E+01
 0.10989969426266E+01
 0.10993591541105E+01
 0.10997193160126E+01
 0.11000772209577E+01
 0.11004326773547E+01
 0.11007855090439E+01
 0.11011355548666E+01
 0.11014826681360E+01
 0.11018267164444E+01
 0.11021675808992E+01
 0.11025051558344E+01
 0.11028393469543E+01
 0.11031705692586E+01
 0.11034977787348E+01
 0.11038213972541E+01
 0.11041413814215E+01
 0.11044577108544E+01
 0.11047703332551E+01
 0.11050792457885E+01
 0.11053844427911E+01
 0.11056859276414E+01
 0.11059837125033E+01
 0.11062778181871E+01
 0.11065682737031E+01
 0.11068551156589E+01
 0.11071383881585E+01
 0.11074181426550E+01
 0.11076944379620E+01
 0.11079673394095E+01
 0.11082374118218E+01
 0.11085037563597E+01
 0.11087669401962E+01
 0.11090270548470E+01
 0.11092841951324E+01
 0.11095384625000E+01
 0.11097899630097E+01
 0.11100388084188E+01
 0.11102851097160E+01
 0.11105289942498E+01
 0.11107705886006E+01
 0.11110100193473E+01
 0.11112474229143E+01
 0.11114834211572E+01
 0.11117171978184E+01
 0.11119493729414E+01
 0.11121800942400E+01
 0.11124095133614E+01
 0.11126377812808E+01
 0.11128650591077E+01
 0.11130915054526E+01
 0.11133172812561E+01
 0.11135425480771E+01
 0.11137679496769E+01
 0.11139926981066E+01
 0.11142174234879E+01
 0.11144422883761E+01
 0.11146674510705E+01
 0.11148930679935E+01
 0.11151192922872E+01
 0.11153462724129E+01
 0.11155741518378E+01
 0.11158035113713E+01
 0.11160336068044E+01
 0.11162649845150E+01
 0.11164977550620E+01
 0.11167320155726E+01
 0.11169678499718E+01
 0.11172053277549E+01
 0.11174449109891E+01
 0.11176858351646E+01
 0.11179285103783E+01
 0.11181729350815E+01
 0.11184190848275E+01
 0.11186669115805E+01
 0.11189163447570E+01
 0.11191676678084E+01
 0.11194200128542E+01
 0.11196735972216E+01
 0.11199282367857E+01
 0.11201837384637E+01
 0.11204398677712E+01
 0.11206967083062E+01
 0.11209532884687E+01
 0.11212096106028E+01
 0.11214653663728E+01
 0.11217201135870E+01
 0.11219737727167E+01
 0.11222253029129E+01
 0.11224745188251E+01
 0.11227209050541E+01
 0.11229639194337E+01
 0.11232032613128E+01
 0.11234377639370E+01
 0.11236670323598E+01
 0.11238903582172E+01
 0.11241072278470E+01
 0.11243163765998E+01
 0.11245171827387E+01
 0.11247087245306E+01
 0.11248902527253E+01
 0.11250603356459E+01
 0.11252180782007E+01
 0.11253623081188E+01
 0.11254919864841E+01
 0.11256054645098E+01
 0.11257015556212E+01
 0.11257788418721E+01
 0.11258359978499E+01
 0.11258712018891E+01
 0.11258830466748E+01
 0.11258699516139E+01
 0.11258304772387E+01
 0.11257628019940E+01
 0.11256655328480E+01
 0.11255373562241E+01
 0.11253767115969E+01
 0.11251824966022E+01
 0.11249537573802E+01
 0.11246894561367E+01
 0.11243890565678E+01
 0.11240521521710E+01
 0.11236786690489E+01
 0.11232685814779E+01
 0.11228223654394E+01
 0.11223406683186E+01
 0.11218244821569E+01
 0.11212748375327E+01
 0.11206931790014E+01
 0.11200810807905E+01
 0.11194403319199E+01
 0.11187727154458E+01
 0.11180802559388E+01
 0.11173650108469E+01
 0.11166291067305E+01
 0.11158745793343E+01
 0.11151035595302E+01
 0.11143181095871E+01
 0.11135202403907E+01
 0.11127119187777E+01
 0.11118949405365E+01
 0.11110710999338E+01
 0.11102420611080E+01
 0.11094093831378E+01
 0.11085745233511E+01
 0.11077388285810E+01
 0.11069035415356E+01
 0.11060697995794E+01
 0.11052386388719E+01
 0.11044110024069E+01
 0.11035877393837E+01
 0.11027696101668E+01
 0.11019572828184E+01
 0.11011513826685E+01
 0.11003524318320E+01
 0.10995608958321E+01
 0.10987771788408E+01
 0.10980016244168E+01
 0.10972345299233E+01
 0.10964761460925E+01
 0.10957266767275E+01
 0.10949862887330E+01
 0.10942551106376E+01
 0.10935332419074E+01
 0.10928207538452E+01
 0.10921176752636E+01
 0.10914240546488E+01
 0.10907398761192E+01
 0.10900651195704E+01
 0.10893997519951E+01
 0.10887437228347E+01
 0.10880969662996E+01
 0.10874594092302E+01
 0.10868309692906E+01
 0.10862115533072E+01
 0.10856010466201E+01
 0.10849993669478E+01
 0.10844063907649E+01
 0.10838220005418E+01
 0.10832460751239E+01
 0.10826784928510E+01
 0.10821191246219E+01
 0.10815678449959E+01
 0.10810245242599E+01
 0.10804890224364E+01
 0.10799612283853E+01
 0.10794409972740E+01
 0.10789282025652E+01
 0.10784227129888E+01
 0.10779243983270E+01
 0.10774331303283E+01
 0.10769487812232E+01
 0.10764712139088E+01
 0.10760003204948E+01
 0.10755359695572E+01
 0.10750780386134E+01
 0.10746264069103E+01
 0.10741809558297E+01
 0.10737415683802E+01
 0.10733081292861E+01
 0.10728805155061E+01
 0.10724586337187E+01
 0.10720423661092E+01
 0.10716316055734E+01
 0.10712262465518E+01
 0.10708261856971E+01
 0.10704313207746E+01
 0.10700415530585E+01
 0.10696567778870E+01
 0.10692769140287E+01
 0.10689018609883E+01
 0.10685315267491E+01
 0.10681658218920E+01
 0.10678046577720E+01
 0.10674479490627E+01
 0.10670956115939E+01
 0.10667475565172E+01
 0.10664037161794E+01
 0.10660640054164E+01
 0.10657283453462E+01
 0.10653966628626E+01
 0.10650688832672E+01
 0.10647449345006E+01
 0.10644247450502E+01
 0.10641082411853E+01
 0.10637953659737E+01
 0.10634860474343E+01
 0.10631802218778E+01
 0.10628778262232E+01
 0.10625787972787E+01
 0.10622830752599E+01
 0.10619906011930E+01
 0.10617013160441E+01
