 0.22138715949488E+00
 0.22138715949506E+00
 0.22138715949934E+00
 0.22138715952808E+00
 0.22138715963038E+00
 0.22138715988443E+00
 0.22138716038533E+00
 0.22138716119999E+00
 0.22138716221996E+00
 0.22138716282478E+00
 0.22138716132671E+00
 0.22138715426794E+00
 0.22138713570893E+00
 0.22138694551239E+00
 0.22138672224725E+00
 0.22138642110578E+00
 0.22138581939451E+00
 0.22138490056881E+00
 0.22138375672059E+00
 0.22138208744849E+00
 0.22137987739779E+00
 0.22137718263113E+00
 0.22137368424073E+00
 0.22136951572517E+00
 0.22136435975279E+00
 0.22135837293235E+00
 0.22135124048700E+00
 0.22134312844007E+00
 0.22133386712406E+00
 0.22132324344628E+00
 0.22131146859274E+00
 0.22129837845702E+00
 0.22128378441590E+00
 0.22126791334696E+00
 0.22125061645211E+00
 0.22123186510875E+00
 0.22121150024899E+00
 0.22118977330679E+00
 0.22116655214354E+00
 0.22114182908006E+00
 0.22111560355698E+00
 0.22108774239359E+00
 0.22105851573363E+00
 0.22102780997393E+00
 0.22099563670469E+00
 0.22096201257362E+00
 0.22092695698138E+00
 0.22089049185789E+00
 0.22085264154196E+00
 0.22081329350032E+00
 0.22077274764999E+00
 0.22073090395743E+00
 0.22068779323900E+00
 0.22064344962671E+00
 0.22059790893990E+00
 0.22055120859945E+00
 0.22050338756761E+00
 0.22045448639626E+00
 0.22040454687026E+00
 0.22035361230927E+00
 0.22030172743590E+00
 0.22024879884079E+00
 0.22019514855466E+00
 0.22014069139964E+00
 0.22008547634807E+00
 0.22002955482553E+00
 0.21997297958400E+00
 0.21991580470399E+00
 0.21985808558193E+00
 0.21979987896933E+00
 0.21974124293609E+00
 0.21968223687751E+00
 0.21962292154042E+00
 0.21956335902940E+00
 0.21950361280699E+00
 0.21944374768710E+00
 0.21938382990348E+00
 0.21932392705123E+00
 0.21926410812437E+00
 0.21920444319211E+00
 0.21914486153199E+00
 0.21908571887197E+00
 0.21902695128260E+00
 0.21896864877678E+00
 0.21891086267979E+00
 0.21885368471369E+00
 0.21879719586695E+00
 0.21874147890350E+00
 0.21868661803408E+00
 0.21863269912831E+00
 0.21857981007853E+00
 0.21852804052125E+00
 0.21847748176846E+00
 0.21842822719737E+00
 0.21838037206346E+00
 0.21833401380740E+00
 0.21828925188238E+00
 0.21824604305544E+00
 0.21820477630283E+00
 0.21816541855289E+00
 0.21812807734720E+00
 0.21809286395218E+00
 0.21805989207942E+00
 0.21802927839989E+00
 0.21800114192252E+00
 0.21797560403502E+00
 0.21795279128509E+00
 0.21793283123872E+00
 0.21791585470266E+00
 0.21790185689248E+00
 0.21789124921189E+00
 0.21788403948531E+00
 0.21788037043856E+00
 0.21788038982045E+00
 0.21788424969087E+00
 0.21789210377236E+00
 0.21790410992779E+00
 0.21792042969822E+00
 0.21794122852925E+00
 0.21796656011888E+00
 0.21799681942226E+00
 0.21803206881694E+00
 0.21807248458676E+00
 0.21811824478473E+00
 0.21816952943570E+00
 0.21822652017562E+00
 0.21828939955538E+00
 0.21835835093199E+00
 0.21843342666178E+00
 0.21851506572604E+00
 0.21860332327995E+00
 0.21869837836905E+00
 0.21880040712656E+00
 0.21890958166224E+00
 0.21902606963938E+00
 0.21914991205128E+00
 0.21928150441432E+00
 0.21942087833072E+00
 0.21956817688571E+00
 0.21972353307740E+00
 0.21988707148523E+00
 0.22005879837758E+00
 0.22023903434377E+00
 0.22042777024380E+00
 0.22062509246417E+00
 0.22083107762116E+00
 0.22104579575833E+00
 0.22126920479415E+00
 0.22150155222903E+00
 0.22174278651220E+00
 0.22199296801236E+00
 0.22225209110281E+00
 0.22252011589175E+00
 0.22279724713990E+00
 0.22308342958118E+00
 0.22337869618397E+00
 0.22368307357409E+00
 0.22399652876712E+00
 0.22431925855605E+00
 0.22465123820224E+00
 0.22499252717258E+00
 0.22534312369098E+00
 0.22570323858511E+00
 0.22607289600460E+00
 0.22645219159896E+00
 0.22684117346854E+00
 0.22724008136133E+00
 0.22764898114558E+00
 0.22806799981364E+00
 0.22849722710138E+00
 0.22893690180741E+00
 0.22938711432495E+00
 0.22984799865911E+00
 0.23031963973426E+00
 0.23080223574283E+00
 0.23129584280130E+00
 0.23180050180263E+00
 0.23231632757570E+00
 0.23284330160775E+00
 0.23338140047806E+00
 0.23393053587678E+00
 0.23449065629576E+00
 0.23506155937466E+00
 0.23564300590803E+00
 0.23623477431634E+00
 0.23683650428306E+00
 0.23744779183726E+00
 0.23806821094400E+00
 0.23869727504759E+00
 0.23933441930686E+00
 0.23997903917393E+00
 0.24063052694773E+00
 0.24128820394419E+00
 0.24195137755526E+00
 0.24261932298740E+00
 0.24329133590228E+00
 0.24396667138309E+00
 0.24464459396799E+00
 0.24532436603128E+00
 0.24600529075835E+00
 0.24668664177157E+00
 0.24736773721158E+00
 0.24804790944521E+00
 0.24872652215936E+00
 0.24940295963625E+00
 0.25007662998133E+00
 0.25074697683938E+00
 0.25141346970503E+00
 0.25207560738239E+00
 0.25273291935191E+00
 0.25338496581023E+00
 0.25403133420534E+00
 0.25467163929599E+00
 0.25530552461634E+00
 0.25593265571466E+00
 0.25655273098273E+00
 0.25716546594081E+00
 0.25777060513784E+00
 0.25836790485540E+00
 0.25895716874407E+00
 0.25953819159396E+00
 0.26011079918251E+00
 0.26067483733746E+00
 0.26123016173335E+00
 0.26177665216864E+00
 0.26231420146403E+00
 0.26284271768134E+00
 0.26336212291898E+00
 0.26387235039526E+00
 0.26437334678672E+00
 0.26486507217276E+00
 0.26534749460418E+00
 0.26582059350146E+00
 0.26628436357207E+00
 0.26673879720287E+00
 0.26718390569910E+00
 0.26761970365018E+00
 0.26804621500099E+00
 0.26846346936357E+00
 0.26887150362971E+00
 0.26927036274768E+00
 0.26966009637700E+00
 0.27004076279600E+00
 0.27041241985392E+00
 0.27077512891011E+00
 0.27112896090693E+00
 0.27147399203494E+00
 0.27181030136712E+00
 0.27213796748273E+00
 0.27245707374096E+00
 0.27276770994995E+00
 0.27306997002356E+00
 0.27336394367495E+00
 0.27364972623734E+00
 0.27392741679821E+00
 0.27419711559110E+00
 0.27445892222920E+00
 0.27471294225287E+00
 0.27495928057256E+00
 0.27519804247823E+00
 0.27542933376277E+00
 0.27565326345116E+00
 0.27586993981416E+00
 0.27607947297152E+00
 0.27628197349163E+00
 0.27647755111160E+00
 0.27666631748301E+00
 0.27684838424469E+00
 0.27702385971700E+00
 0.27719285569600E+00
 0.27735548424452E+00
 0.27751185575019E+00
 0.27766208118303E+00
 0.27780627018825E+00
 0.27794453238637E+00
 0.27807697740318E+00
 0.27820371331484E+00
 0.27832484825782E+00
 0.27844048947671E+00
 0.27855074377801E+00
 0.27865571666286E+00
 0.27875551298935E+00
 0.27885023675230E+00
 0.27893999116022E+00
 0.27902487723108E+00
 0.27910499737456E+00
 0.27918045086302E+00
 0.27925133715215E+00
 0.27931775371421E+00
 0.27937979695032E+00
 0.27943756284290E+00
 0.27949114522965E+00
 0.27954063832571E+00
 0.27958613331244E+00
 0.27962772004651E+00
 0.27966548888782E+00
 0.27969952704401E+00
 0.27972992310829E+00
 0.27975676228782E+00
 0.27978012888576E+00
