 0.00000000000000E+00
-0.27775805928155E-05
-0.30325818189573E-04
-0.12065641756973E-03
-0.30049206825292E-03
-0.57498516083284E-03
-0.93262429502096E-03
-0.13492193077420E-02
-0.17863085922618E-02
-0.21883790541873E-02
-0.24829149653398E-02
-0.25846137545327E-02
-0.24028824355454E-02
-0.87298073981609E-02
-0.11297477340438E-01
-0.12222467535588E-01
-0.16037748429235E-01
-0.20249767595365E-01
-0.22170514472489E-01
-0.25170394272596E-01
-0.27873108718887E-01
-0.29069062656519E-01
-0.30635234522219E-01
-0.31002944153055E-01
-0.31484139253447E-01
-0.30863944212020E-01
-0.30226285730029E-01
-0.28696074679569E-01
-0.26703733340691E-01
-0.24614333868002E-01
-0.21868432720354E-01
-0.18754440688958E-01
-0.15555160849304E-01
-0.11900221453742E-01
-0.80281299763586E-02
-0.39831459096946E-02
 0.69537483272735E-04
 0.43547921003932E-02
 0.87137131882425E-02
 0.13114791869276E-01
 0.17531977848933E-01
 0.21867011089696E-01
 0.26251393471612E-01
 0.30591216048545E-01
 0.34869763680999E-01
 0.39073723377194E-01
 0.43191966607054E-01
 0.47215409274491E-01
 0.51136537679649E-01
 0.54912028848946E-01
 0.58613948730728E-01
 0.62200877985277E-01
 0.65670567889938E-01
 0.69022226970666E-01
 0.72255982085320E-01
 0.75372746619637E-01
 0.78374115215828E-01
 0.81262379780736E-01
 0.84040118238228E-01
 0.86710458315863E-01
 0.89276882688978E-01
 0.91727634305272E-01
 0.94098331899314E-01
 0.96377198685810E-01
 0.98568458578674E-01
 0.10067658350855E+00
 0.10270609092306E+00
 0.10466156183224E+00
 0.10654758683678E+00
 0.10836879764542E+00
 0.11012979126094E+00
 0.11183511585736E+00
 0.11348929462020E+00
 0.11509679957794E+00
 0.11666204380420E+00
 0.11818937785963E+00
 0.11968307600344E+00
 0.12114735547215E+00
 0.12258614991719E+00
 0.12400465955544E+00
 0.12539951528631E+00
 0.12678691461393E+00
 0.12816491548063E+00
 0.12953726730302E+00
 0.13090761144250E+00
 0.13227963900365E+00
 0.13365695400255E+00
 0.13504311351963E+00
 0.13644161963395E+00
 0.13785589411612E+00
 0.13928935258103E+00
 0.14074537151297E+00
 0.14222729109988E+00
 0.14373842528009E+00
 0.14528216987818E+00
 0.14686136917650E+00
 0.14847997415793E+00
 0.15013842110908E+00
 0.15184487470088E+00
 0.15360017302387E+00
 0.15540754577807E+00
 0.15727028917457E+00
 0.15919171523518E+00
 0.16117514537465E+00
 0.16322395081464E+00
 0.16534149814925E+00
 0.16753131843542E+00
 0.16979661784489E+00
 0.17214128195443E+00
 0.17456747767790E+00
 0.17708042189641E+00
 0.17968390990195E+00
 0.18238102164276E+00
 0.18517565337654E+00
 0.18807157572643E+00
 0.19107293425594E+00
 0.19418332265082E+00
 0.19740718439911E+00
 0.20074846018010E+00
 0.20421069805556E+00
 0.20779943786992E+00
 0.21151873183186E+00
 0.21537279853508E+00
 0.21936614106576E+00
 0.22350325281899E+00
 0.22778893420133E+00
 0.23222775931505E+00
 0.23682410189601E+00
 0.24158298050262E+00
 0.24650978223025E+00
 0.25160874674743E+00
 0.25688475240391E+00
 0.26234268635418E+00
 0.26798719378359E+00
 0.27382285772792E+00
 0.27985439384131E+00
 0.28608667492088E+00
 0.29252401216079E+00
 0.29917068331654E+00
 0.30603079732535E+00
 0.31310825915440E+00
 0.32040674717607E+00
 0.32792988795917E+00
 0.33568116586236E+00
 0.34366328909254E+00
 0.35187891219275E+00
 0.36033022656843E+00
 0.36901920624872E+00
 0.37794751361638E+00
 0.38711636117881E+00
 0.39652634531683E+00
 0.40617773448354E+00
 0.41607047482369E+00
 0.42620400219080E+00
 0.43657741362065E+00
 0.44718912777542E+00
 0.45803728893871E+00
 0.46911953610400E+00
 0.48043319519278E+00
 0.49197504432531E+00
 0.50374155820955E+00
 0.51572865263886E+00
 0.52793208994766E+00
 0.54034714308106E+00
 0.55296871953884E+00
 0.56579142296234E+00
 0.57880963414406E+00
 0.59201734861927E+00
 0.60540832939021E+00
 0.61897602984379E+00
 0.63271367567975E+00
 0.64661433536918E+00
 0.66067076726292E+00
 0.67487559796844E+00
 0.68922125350052E+00
 0.70370000306893E+00
 0.71830397033220E+00
 0.73302516761231E+00
 0.74785551945095E+00
 0.76278687369545E+00
 0.77781100967872E+00
 0.79291970753417E+00
 0.80810475954734E+00
 0.82335799535106E+00
 0.83867130876484E+00
 0.85403668473011E+00
 0.86944625595212E+00
 0.88489235452939E+00
 0.90036752533130E+00
 0.91586452401055E+00
 0.93137636343406E+00
 0.94689636061579E+00
 0.96241812235040E+00
 0.97793559880030E+00
 0.99344306000359E+00
 0.10089351141872E+01
 0.10244067093274E+01
 0.10398531392768E+01
 0.10552700304542E+01
 0.10706533315435E+01
 0.10859993041370E+01
 0.11013044937712E+01
 0.11165657315680E+01
 0.11317801150815E+01
 0.11469450033494E+01
 0.11620580108172E+01
 0.11771169422805E+01
 0.11921198000973E+01
 0.12070647785770E+01
 0.12219502462420E+01
 0.12367747226365E+01
 0.12515368632346E+01
 0.12662354621219E+01
 0.12808694356312E+01
 0.12954378079224E+01
 0.13099396979070E+01
 0.13243743115488E+01
 0.13387409426475E+01
 0.13530389644579E+01
 0.13672678141715E+01
 0.13814269849745E+01
 0.13955160315958E+01
 0.14095345612136E+01
 0.14234822355732E+01
 0.14373587582000E+01
 0.14511638642309E+01
 0.14648973237893E+01
 0.14785589485953E+01
 0.14921485831613E+01
 0.15056661003347E+01
 0.15191114009976E+01
 0.15324843987934E+01
 0.15457850324729E+01
 0.15590132742492E+01
 0.15721691141951E+01
 0.15852525660098E+01
 0.15982636432541E+01
 0.16112023763026E+01
 0.16240688169099E+01
 0.16368630307489E+01
 0.16495851273967E+01
 0.16622352011498E+01
 0.16748133546613E+01
 0.16873196602624E+01
 0.16997542703588E+01
 0.17121173355739E+01
 0.17244090214952E+01
 0.17366294701896E+01
 0.17487788397710E+01
 0.17608573076267E+01
 0.17728650650181E+01
 0.17848023059795E+01
 0.17966692324950E+01
 0.18084660352630E+01
 0.18201929282863E+01
 0.18318501321944E+01
 0.18434378734441E+01
 0.18549563878284E+01
 0.18664059133152E+01
 0.18777866814920E+01
 0.18890989327670E+01
 0.19003429223969E+01
 0.19115189054039E+01
 0.19226271503436E+01
 0.19336679177099E+01
 0.19446414750979E+01
 0.19555480978402E+01
 0.19663880557769E+01
 0.19771616301517E+01
 0.19878691015907E+01
 0.19985107577555E+01
 0.20090868889383E+01
 0.20195977924991E+01
 0.20300437596476E+01
 0.20404250849710E+01
 0.20507420682884E+01
 0.20609950145992E+01
 0.20711842268601E+01
 0.20813100126089E+01
 0.20913726846616E+01
 0.21013725507648E+01
 0.21113099223019E+01
 0.21211851142730E+01
 0.21309984399069E+01
 0.21407502217602E+01
 0.21504407757385E+01
 0.21600704223526E+01
 0.21696394815153E+01
 0.21791482754515E+01
 0.21885971287431E+01
 0.21979863642890E+01
 0.22073163047631E+01
 0.22165872797216E+01
 0.22257996136560E+01
 0.22349536328847E+01
 0.22440496676827E+01
 0.22530880416686E+01
 0.22620690832447E+01
 0.22709931209745E+01
 0.22798604828493E+01
