 0.00000000000000E+00
 0.23018579244997E-24
 0.12975396054411E-22
 0.15895332342638E-21
 0.11096513376838E-20
 0.42452020674786E-20
 0.12938679649855E-19
 0.30712441381121E-19
 0.76742422796151E-19
 0.11356640792817E-18
 0.19943746569403E-18
-0.11995754753372E-12
 0.37968932568902E-18
-0.46807951896177E-11
-0.18701119891453E-12
 0.69209965410393E-11
-0.59605890138702E-11
-0.41676454372833E-11
-0.13362339175478E-10
-0.51594322974877E-12
-0.13762396781868E-10
 0.44403753627300E-11
-0.32291349097797E-11
-0.85141079879318E-11
-0.15928994023301E-09
 0.76818592045140E-09
-0.15537261627039E-08
-0.88883561088531E-08
 0.29522239135486E-07
-0.51144254900986E-07
-0.93717157510309E-08
 0.33969068141230E-07
-0.56421860889226E-07
 0.10743828031438E-07
 0.21623861052207E-07
 0.50651199757605E-08
 0.13055003018182E-09
 0.39389559761425E-09
 0.12129470216774E-08
 0.28263733152748E-08
 0.56959445196147E-08
 0.10431405364961E-07
 0.18299543004129E-07
 0.30635627177641E-07
 0.49395009093406E-07
 0.77158659231559E-07
 0.11730523978046E-06
 0.17414437840958E-06
 0.25311245693797E-06
 0.35986891516585E-06
 0.50459423652649E-06
 0.69648914285570E-06
 0.94754082529758E-06
 0.12720708965653E-05
 0.16867938214538E-05
 0.22112753136074E-05
 0.28680611448431E-05
 0.36831026853880E-05
 0.46859072621020E-05
 0.59098122503293E-05
 0.73924077290786E-05
 0.91690029502353E-05
 0.11298639381780E-04
 0.13827342775444E-04
 0.16812104611331E-04
 0.20315373932058E-04
 0.24405629436562E-04
 0.29157273692366E-04
 0.34650795192328E-04
 0.40974635162525E-04
 0.48221737501321E-04
 0.56493902027038E-04
 0.65899804395202E-04
 0.76555793679879E-04
 0.88586042500269E-04
 0.10213015537095E-03
 0.11730622316804E-03
 0.13428721660247E-03
-0.45565337826635E-04
 0.41505497149433E-03
 0.20338791644027E-03
 0.21972379464232E-03
 0.24730432628939E-03
 0.29104395126227E-03
 0.31264014714564E-03
 0.35591486423490E-03
 0.39731823896992E-03
 0.44263845857270E-03
 0.49208172435524E-03
 0.54590305135813E-03
 0.60442560726765E-03
 0.66796309372324E-03
 0.73683382418663E-03
 0.81138442929692E-03
 0.11125222868152E-02
 0.67655834908366E-03
 0.14652930936651E-02
 0.11754033141191E-02
 0.12826649490978E-02
 0.13996073809789E-02
 0.15251826936500E-02
 0.16599363342926E-02
 0.18044237040152E-02
 0.19591964233391E-02
 0.21247618647538E-02
 0.21435372028005E-02
 0.25960282650450E-02
 0.24149386963633E-02
 0.31306181950704E-02
 0.30537119972470E-02
 0.33853154897407E-02
 0.36459926465848E-02
 0.39107140029032E-02
 0.41960368866512E-02
 0.43712709602908E-02
 0.50727943467883E-02
 0.50139832710393E-02
 0.54004345745540E-02
 0.63570763989497E-02
 0.62147354363921E-02
 0.68828381780005E-02
 0.73614619303082E-02
 0.78767489014989E-02
 0.85660489905512E-02
 0.87747065786991E-02
 0.93932066720018E-02
 0.10491154833596E-01
 0.10957292357505E-01
 0.11296550767338E-01
 0.12467187461467E-01
 0.13202853132231E-01
 0.13719789015191E-01
 0.14745928917849E-01
 0.15974251278883E-01
 0.16739971444844E-01
 0.17546276082683E-01
 0.18721264532802E-01
 0.19624607987233E-01
 0.20819234782232E-01
 0.22207108990233E-01
 0.23739378228165E-01
 0.24707108656081E-01
 0.25742890334791E-01
 0.27247385594174E-01
 0.28852496590937E-01
 0.30634831029415E-01
 0.32026576060004E-01
 0.33212636119995E-01
 0.34894703104776E-01
 0.36808801149829E-01
 0.38706666076808E-01
 0.40291221304442E-01
 0.41847182675669E-01
 0.43682406302905E-01
 0.45796506602694E-01
 0.47707965993269E-01
 0.49590811620748E-01
 0.51389819073345E-01
 0.53536505042271E-01
 0.55424016356238E-01
 0.57563425273492E-01
 0.59312149879042E-01
 0.61254620940949E-01
 0.63575885699590E-01
 0.65426516235926E-01
 0.67144336268020E-01
 0.68991571109467E-01
 0.70811648764454E-01
 0.72529778677774E-01
 0.74139364870130E-01
 0.75553650006818E-01
 0.76843331819912E-01
 0.77920370751351E-01
 0.78795020496615E-01
 0.79568424657163E-01
 0.80285594528080E-01
 0.80649778750589E-01
 0.80726314771661E-01
 0.80535773516714E-01
 0.80210534661207E-01
 0.79582545509649E-01
 0.78680463347579E-01
 0.77508930164188E-01
 0.76263623413132E-01
 0.74946959618860E-01
 0.73452519912017E-01
 0.71676116452968E-01
 0.69850570382390E-01
 0.68000297269265E-01
 0.66191437695007E-01
 0.64328361608455E-01
 0.62495478165488E-01
 0.60693949314797E-01
 0.58936593308418E-01
 0.57354139498471E-01
 0.55876285411819E-01
 0.54344261941865E-01
 0.52808807042111E-01
 0.51344789927197E-01
 0.50046012626904E-01
 0.48987725115978E-01
 0.48066480921096E-01
 0.47197805223900E-01
 0.46196036066064E-01
 0.45141736142871E-01
 0.44394634123888E-01
 0.43692408859496E-01
 0.42944650538123E-01
 0.42223871165335E-01
 0.41612171700879E-01
 0.41151527200984E-01
 0.40607642933109E-01
 0.40077764377308E-01
 0.39566959461600E-01
 0.39134976627640E-01
 0.38809368664508E-01
 0.38370355807858E-01
 0.37923841834732E-01
 0.37564745527308E-01
 0.37292104811609E-01
 0.37004516641564E-01
 0.36658280203480E-01
 0.36340168521248E-01
 0.36032491579090E-01
 0.35828493485355E-01
 0.35620126209218E-01
 0.35336051393001E-01
 0.35110938009502E-01
 0.34888033683881E-01
 0.34601833663663E-01
 0.34457694501419E-01
 0.34297551664495E-01
 0.34173096041363E-01
 0.33990362602098E-01
 0.33576223848407E-01
 0.33536150690600E-01
 0.33607060618660E-01
 0.33475897589450E-01
 0.33279874940750E-01
 0.32593600032865E-01
 0.32465658013879E-01
 0.32751725137426E-01
 0.33139945601420E-01
 0.32696616234050E-01
 0.32339710632062E-01
 0.31833594681504E-01
 0.31868319605791E-01
 0.32001940641186E-01
 0.31898414840580E-01
 0.31862086979061E-01
 0.31747481996257E-01
 0.31681021914074E-01
 0.31806975406045E-01
 0.31713700098680E-01
 0.31528705086934E-01
 0.31258061144198E-01
 0.30960624772977E-01
 0.30933578336983E-01
 0.31159933417983E-01
 0.31314019083003E-01
 0.31246957371909E-01
 0.31112142681048E-01
 0.30785586694387E-01
 0.30606690305763E-01
 0.30540207004907E-01
 0.30491290166992E-01
 0.30622402165179E-01
 0.30721131062943E-01
 0.30739995387162E-01
 0.30588508171093E-01
 0.30429750755317E-01
 0.30359338324076E-01
 0.30324109897209E-01
 0.30239033901241E-01
 0.30151754496532E-01
 0.30164504490456E-01
 0.30189272088146E-01
 0.30207953750475E-01
 0.30193676471251E-01
 0.30133120221697E-01
 0.30101218254241E-01
 0.29989411117685E-01
 0.29885745175842E-01
 0.29750444409457E-01
 0.29804230261248E-01
 0.29759090060058E-01
 0.29790776356078E-01
 0.29869616116760E-01
 0.29899788357913E-01
 0.29944683189636E-01
 0.29925134316916E-01
 0.29854412526088E-01
 0.29739430142611E-01
 0.29726695887964E-01
 0.29681432893015E-01
 0.29639926669913E-01
 0.29640191164265E-01
 0.29598792210120E-01
 0.29546877750836E-01
 0.29542081133409E-01
