 0.10000000133514E-09
 0.10000000133514E-09
 0.10000000133514E-09
 0.10000000133514E-09
 0.10000000133514E-09
 0.10000000133514E-09
 0.10000000133514E-09
 0.10000000133514E-09
 0.10000000133514E-09
 0.10000000133514E-09
 0.10000000133514E-09
 0.10000000133514E-09
 0.10000000133514E-09
 0.10000000133514E-09
 0.10000000133514E-09
 0.10000000133514E-09
 0.10000000133514E-09
 0.10000000133514E-09
 0.10000000133514E-09
 0.10000000133514E-09
 0.10000000133514E-09
 0.10000000133514E-09
 0.10000000133514E-09
 0.10000000133514E-09
 0.10000000133514E-09
 0.10000000133514E-09
 0.10000000133514E-09
 0.10000000133514E-09
 0.15021309969371E-04
 0.15021309969371E-04
 0.29939553338488E-04
 0.40925161621426E-04
 0.54896909341836E-04
 0.72387482307746E-04
 0.93970976978988E-04
 0.12026017219858E-03
 0.15190323542277E-03
 0.18958088944613E-03
 0.23400224099627E-03
 0.28590216273069E-03
 0.34603821158843E-03
 0.41518721667881E-03
 0.49414396188074E-03
 0.58371707282488E-03
 0.68472785559427E-03
 0.79800841682575E-03
 0.92440014452115E-03
 0.10647517554761E-02
 0.12199185102225E-02
 0.13907606940986E-02
 0.15781454627531E-02
 0.17829421282455E-02
 0.20060236480906E-02
 0.22482658500920E-02
 0.25105476453718E-02
 0.27937505531927E-02
 0.30987596510935E-02
 0.34264609282109E-02
 0.37777426879827E-02
 0.41534957376165E-02
 0.45546135121072E-02
 0.49819901085698E-02
 0.54365287631022E-02
 0.59191303631673E-02
 0.64306999319657E-02
 0.69721460516795E-02
 0.75443825861272E-02
 0.81483276915322E-02
 0.87849032728045E-02
 0.94550396371841E-02
 0.10159672045791E-01
 0.10899743159547E-01
 0.11676202704787E-01
 0.12490009460814E-01
 0.13342130790139E-01
 0.14233544524191E-01
 0.15165243563255E-01
 0.16138228921598E-01
 0.17153515290517E-01
 0.18212133333780E-01
 0.19315126165934E-01
 0.20463554215137E-01
 0.21658503605803E-01
 0.22903283123753E-01
 0.24194887014561E-01
 0.25536400357409E-01
 0.26928995506219E-01
 0.28373876872703E-01
 0.29872258624873E-01
 0.31425380560583E-01
 0.33034530279455E-01
 0.34701023310822E-01
 0.36426192309861E-01
 0.38211416175904E-01
 0.40058097385333E-01
 0.41967689824416E-01
 0.43941677341745E-01
 0.45981573814578E-01
 0.48088968316993E-01
 0.50265451186718E-01
 0.52512667030091E-01
 0.54832303855662E-01
 0.57226091123933E-01
 0.59695813237152E-01
 0.62243276960334E-01
 0.64870363577162E-01
 0.67578937998938E-01
 0.70370965227078E-01
 0.73248423804320E-01
 0.76213323253048E-01
 0.79267737126221E-01
 0.82413736023183E-01
 0.85653406282588E-01
 0.88988885520774E-01
 0.92422363953136E-01
 0.95955942714036E-01
 0.99591758828692E-01
 0.10333197867691E+00
 0.10717871256698E+00
 0.11113527229883E+00
 0.11520142722615E+00
 0.11938019801637E+00
 0.12367352979779E+00
 0.12808322577980E+00
 0.13261097808423E+00
 0.13725835153646E+00
 0.14202674609147E+00
 0.14691739984427E+00
 0.15193132466254E+00
 0.15706931521312E+00
 0.16233189166311E+00
 0.16771931595931E+00
 0.17323152865170E+00
 0.17886811298231E+00
 0.18462829402748E+00
 0.19051090342310E+00
 0.19651448264396E+00
 0.20263697808116E+00
 0.20887602319966E+00
 0.21522874645224E+00
 0.22169183464679E+00
 0.22826155639722E+00
 0.23493375095049E+00
 0.24170377107037E+00
 0.24856658224984E+00
 0.25551679699700E+00
 0.26254862226520E+00
 0.26965593436916E+00
 0.27683238922423E+00
 0.28407133979902E+00
 0.29136677121471E+00
 0.29871011126807E+00
 0.30609508451250E+00
 0.31351450855906E+00
 0.32096127308132E+00
 0.32842826925076E+00
 0.33590841776573E+00
 0.34339487280215E+00
 0.35088084651696E+00
 0.35835976673371E+00
 0.36582528567147E+00
 0.37327119017382E+00
 0.38069160503772E+00
 0.38808082214038E+00
 0.39543339617098E+00
 0.40274418504822E+00
 0.41000837794068E+00
 0.41722138717309E+00
 0.42437886912494E+00
 0.43147675601130E+00
 0.43851125129431E+00
 0.44547879621535E+00
 0.45237606529834E+00
 0.45919997853331E+00
 0.46594769123540E+00
 0.47261656685705E+00
 0.47920421089141E+00
 0.48570841514583E+00
 0.49212722060463E+00
 0.49845891199408E+00
 0.50470196226081E+00
 0.51085510799127E+00
 0.51691731453753E+00
 0.52288772895883E+00
 0.52876579475419E+00
 0.53455115960343E+00
 0.54024371897014E+00
 0.54584332290841E+00
 0.55135103313879E+00
 0.55676709967598E+00
 0.56209236080229E+00
 0.56732785346886E+00
 0.57247478365780E+00
 0.57753456391349E+00
 0.58250873711104E+00
 0.58739896210594E+00
 0.59220701632538E+00
 0.59693473984130E+00
 0.60158405517757E+00
 0.60615704185282E+00
 0.61065541961528E+00
 0.61508129134778E+00
 0.61943663407862E+00
 0.62372337774505E+00
 0.62794344405515E+00
 0.63209870108068E+00
 0.63619097052638E+00
 0.64022201733714E+00
 0.64419354724198E+00
 0.64810720561696E+00
 0.65196457398939E+00
 0.65576716575213E+00
 0.65951643980943E+00
 0.66321378623469E+00
 0.66686053737768E+00
 0.67045797474077E+00
 0.67400730639913E+00
 0.67750969524262E+00
 0.68096610952985E+00
 0.68437791471342E+00
 0.68774595753059E+00
 0.69107122093805E+00
 0.69435462381442E+00
 0.69759705391290E+00
 0.70079936067471E+00
 0.70396236417530E+00
 0.70708685376494E+00
 0.71017358159535E+00
 0.71322326817717E+00
 0.71623661084960E+00
 0.71921428046734E+00
 0.72215693018444E+00
 0.72506518029537E+00
 0.72793963607254E+00
 0.73078088409883E+00
 0.73358948767584E+00
 0.73636599796084E+00
 0.73911094435015E+00
 0.74182484334155E+00
 0.74450819519680E+00
 0.74716148807862E+00
 0.74978519551666E+00
 0.75237977860304E+00
 0.75494568597306E+00
 0.75748335762790E+00
 0.75999321893107E+00
 0.76247568978178E+00
 0.76493117376056E+00
 0.76736007027690E+00
 0.76976276648438E+00
 0.77213964520552E+00
 0.77449107689126E+00
 0.77681742582552E+00
 0.77911904963550E+00
 0.78139629535188E+00
 0.78364950612135E+00
 0.78587901774132E+00
 0.78808515731912E+00
 0.79026825214152E+00
 0.79242861355503E+00
 0.79456655236846E+00
 0.79668237722803E+00
 0.79877638323180E+00
 0.80084886473319E+00
 0.80290011102677E+00
 0.80493040727228E+00
 0.80694003069701E+00
 0.80892925566734E+00
 0.81089834923611E+00
 0.81284757738386E+00
 0.81477720026355E+00
 0.81668747274608E+00
 0.81857864625222E+00
 0.82045096827104E+00
 0.82230468236489E+00
 0.82414002799606E+00
 0.82595724063710E+00
 0.82775655146762E+00
 0.82953818867896E+00
 0.83130237754713E+00
 0.83304933778623E+00
 0.83477928669525E+00
 0.83649243887133E+00
 0.83818900515035E+00
 0.83986919286450E+00
 0.84153320595176E+00
 0.84318124547761E+00
 0.84481350957315E+00
 0.84643019492664E+00
 0.84803149105467E+00
 0.84961758862903E+00
 0.85118867341774E+00
 0.85274492961019E+00
 0.85428653751874E+00
 0.85581367565978E+00
 0.85732651931702E+00
 0.85882524199541E+00
 0.86031001358341E+00
 0.86178100273305E+00
 0.86323837352128E+00
