 0.29892798623853E+03
 0.29892798620835E+03
 0.29892798587366E+03
 0.29892798444325E+03
 0.29892798056049E+03
 0.29892797238302E+03
 0.29892795761034E+03
 0.29892793324655E+03
 0.29892789468787E+03
 0.29892783368869E+03
 0.29892773515407E+03
 0.29892757326451E+03
 0.29892730774561E+03
 0.29892679745741E+03
 0.29892604938192E+03
 0.29892495214608E+03
 0.29892327958527E+03
 0.29892090502398E+03
 0.29891775015468E+03
 0.29891350864510E+03
 0.29890802489332E+03
 0.29890117865157E+03
 0.29889263591960E+03
 0.29888231583204E+03
 0.29886988250242E+03
 0.29885527055024E+03
 0.29883814883394E+03
 0.29881846527417E+03
 0.29879597889115E+03
 0.29877042617899E+03
 0.29874180133715E+03
 0.29870988160530E+03
 0.29867443498044E+03
 0.29863548978309E+03
 0.29859285342176E+03
 0.29854641415735E+03
 0.29849598472250E+03
 0.29844164746126E+03
 0.29838324958453E+03
 0.29832072517665E+03
 0.29825402091689E+03
 0.29818300182082E+03
 0.29810781128917E+03
 0.29802834271059E+03
 0.29794457983597E+03
 0.29785651603571E+03
 0.29776415223886E+03
 0.29766749622756E+03
 0.29756656198608E+03
 0.29746126752880E+03
 0.29735183398686E+03
 0.29723819521222E+03
 0.29712038160513E+03
 0.29699842734416E+03
 0.29687236857540E+03
 0.29674224273349E+03
 0.29660808789308E+03
 0.29646994204820E+03
 0.29632784280152E+03
 0.29618182649040E+03
 0.29603192772548E+03
 0.29587806850721E+03
 0.29572049511548E+03
 0.29555912844311E+03
 0.29539399018901E+03
 0.29522509876002E+03
 0.29505246798000E+03
 0.29487610666045E+03
 0.29469601823197E+03
 0.29451220031758E+03
 0.29432464442406E+03
 0.29413333559021E+03
 0.29393825203872E+03
 0.29373936485195E+03
 0.29353663766374E+03
 0.29333002635209E+03
 0.29311947869497E+03
 0.29290493414201E+03
 0.29268632348591E+03
 0.29246356873697E+03
 0.29223646447825E+03
 0.29200514658568E+03
 0.29176939380140E+03
 0.29152906580550E+03
 0.29128407606925E+03
 0.29103426747319E+03
 0.29077949053502E+03
 0.29051958415450E+03
 0.29025437563611E+03
 0.28998368026437E+03
 0.28970730035736E+03
 0.28942502527353E+03
 0.28913663126192E+03
 0.28884188056535E+03
 0.28854052131388E+03
 0.28823228658748E+03
 0.28791689436455E+03
 0.28759393273027E+03
 0.28726331335380E+03
 0.28692459343852E+03
 0.28657742443561E+03
 0.28622143982598E+03
 0.28585625413979E+03
 0.28548146240013E+03
 0.28509663990638E+03
 0.28470134130768E+03
 0.28429509910663E+03
 0.28387742349075E+03
 0.28344780237431E+03
 0.28300559316983E+03
 0.28255044454789E+03
 0.28208166701369E+03
 0.28159864910671E+03
 0.28110075183227E+03
 0.28058730713238E+03
 0.28005762258360E+03
 0.27951097562433E+03
 0.27894661289501E+03
 0.27836375246690E+03
 0.27776143072052E+03
 0.27713909778100E+03
 0.27649574141969E+03
 0.27583045667508E+03
 0.27514231124744E+03
 0.27443034324664E+03
 0.27369356151936E+03
 0.27293094733985E+03
 0.27214145435562E+03
 0.27132392240241E+03
 0.27047743363152E+03
 0.26960078683330E+03
 0.26869284689576E+03
 0.26775246362215E+03
 0.26677847526451E+03
 0.26576971056447E+03
 0.26472491406588E+03
 0.26364305583979E+03
 0.26252288822980E+03
 0.26136323746122E+03
 0.26016294585450E+03
 0.25892087089839E+03
 0.25763581924065E+03
 0.25630682511746E+03
 0.25493275461296E+03
 0.25351257106050E+03
 0.25204527226898E+03
 0.25052990070953E+03
 0.24896548139655E+03
 0.24735126153810E+03
 0.24568636790143E+03
 0.24396995782262E+03
 0.24220147764455E+03
 0.24038015209949E+03
 0.23850549766557E+03
 0.23657694534718E+03
 0.23459404179114E+03
 0.23255641970007E+03
 0.23046373099878E+03
 0.22831584539118E+03
 0.22611261314617E+03
 0.22385400179758E+03
 0.22154008700208E+03
 0.21917114648816E+03
 0.21674750506728E+03
 0.21426966866788E+03
 0.21173827200588E+03
 0.20915421265542E+03
 0.20651850006823E+03
 0.20383239970343E+03
 0.20109737333957E+03
 0.19831522080302E+03
 0.19548792854162E+03
 0.19261780552930E+03
 0.18970743633232E+03
 0.18675979022866E+03
 0.18377809495149E+03
 0.18076590477749E+03
 0.17772716378846E+03
 0.17466606992698E+03
 0.17158713676558E+03
 0.16849513132191E+03
 0.16539511072192E+03
 0.16229228925125E+03
 0.15919203255438E+03
 0.15609982762875E+03
 0.15302116302651E+03
 0.14996148896654E+03
 0.14692623684600E+03
 0.14392047303387E+03
 0.14094922004645E+03
 0.13801713913257E+03
 0.13512858773702E+03
 0.13228752036897E+03
 0.12949748848234E+03
 0.12676161110515E+03
 0.12408259227677E+03
 0.12146267323904E+03
 0.11890367345199E+03
 0.11640698587531E+03
 0.11397275992181E+03
 0.11160331607340E+03
 0.10929811902039E+03
 0.10705714765132E+03
 0.10488010186488E+03
 0.10276644027825E+03
 0.10071539946254E+03
 0.98726032863130E+02
 0.96797239601238E+02
 0.94927788974730E+02
 0.93116345068367E+02
 0.91361487977587E+02
 0.89661737466531E+02
 0.88015565917536E+02
 0.86421416140504E+02
 0.84877714981634E+02
 0.83382881241240E+02
 0.81935343002425E+02
 0.80533539211605E+02
 0.79175939427353E+02
 0.77861006099320E+02
 0.76587266169718E+02
 0.75353269367293E+02
 0.74157604030030E+02
 0.72998892844235E+02
 0.71875802785451E+02
 0.70787041431874E+02
 0.69731358575316E+02
 0.68707546174396E+02
 0.67714438608169E+02
 0.66750912153787E+02
 0.65815883223676E+02
 0.64908310494261E+02
 0.64027191651913E+02
 0.63171562887201E+02
 0.62340496511935E+02
 0.61533102534473E+02
 0.60748527200510E+02
 0.59985949543655E+02
 0.59244582422536E+02
 0.58523669950118E+02
 0.57822485665404E+02
 0.57140332787442E+02
 0.56476543988019E+02
 0.55830479890093E+02
 0.55201523755583E+02
 0.54589086478155E+02
 0.53992599733083E+02
 0.53411521281887E+02
 0.52845329632860E+02
 0.52293523555361E+02
 0.51755622931638E+02
 0.51231165416130E+02
 0.50719707257339E+02
 0.50220823651669E+02
 0.49734105362787E+02
 0.49259159282026E+02
 0.48795608033436E+02
 0.48343087998605E+02
 0.47901250130315E+02
 0.47469759664934E+02
 0.47048293345234E+02
 0.46636540799275E+02
 0.46234203452658E+02
 0.45840993768629E+02
 0.45456634654963E+02
 0.45080860014965E+02
 0.44713412873860E+02
 0.44354046345987E+02
 0.44002522388750E+02
 0.43658611443442E+02
 0.43322092221435E+02
 0.42992751557272E+02
 0.42670383629863E+02
 0.42354790051729E+02
 0.42045779609988E+02
 0.41743167484029E+02
 0.41446775505998E+02
 0.41156431568207E+02
 0.40871969464278E+02
 0.40593228517643E+02
 0.40320053831879E+02
 0.40052295575450E+02
 0.39789808919253E+02
 0.39532453766557E+02
 0.39280094926567E+02
 0.39032601482869E+02
 0.38789846765634E+02
 0.38551708210092E+02
 0.38318067260046E+02
 0.38088809217040E+02
 0.37863822941372E+02
 0.37643000726614E+02
 0.37426238668706E+02
 0.37213435760000E+02
 0.37004494138757E+02
 0.36799319021848E+02
 0.36597818620647E+02
 0.36399903894751E+02
 0.36205488464041E+02
 0.36014488276456E+02
