 0.44712779226085E+03
 0.44712779226165E+03
 0.44712779228877E+03
 0.44712779252285E+03
 0.44712779352793E+03
 0.44712779625956E+03
 0.44712779987123E+03
 0.44712778934501E+03
 0.44712769972285E+03
 0.44712735228770E+03
 0.44712637702943E+03
 0.44712414669159E+03
 0.44711974291933E+03
 0.44711175722983E+03
 0.44709894420289E+03
 0.44707963241895E+03
 0.44705180418443E+03
 0.44701368799534E+03
 0.44696369217198E+03
 0.44689977911386E+03
 0.44682042422283E+03
 0.44672435555524E+03
 0.44660996511764E+03
 0.44647644088826E+03
 0.44632254064717E+03
 0.44614784725386E+03
 0.44595146608270E+03
 0.44573332217398E+03
 0.44549302686922E+03
 0.44523026443772E+03
 0.44494541660217E+03
 0.44463846099695E+03
 0.44430942735440E+03
 0.44395899571899E+03
 0.44358739734229E+03
 0.44319508381979E+03
 0.44278237248310E+03
 0.44235018146930E+03
 0.44189892905750E+03
 0.44142922500949E+03
 0.44094170254259E+03
 0.44043682049546E+03
 0.43991559544323E+03
 0.43937851293211E+03
 0.43882622585749E+03
 0.43825938501902E+03
 0.43767863319132E+03
 0.43708460252694E+03
 0.43647791197069E+03
 0.43585897499394E+03
 0.43522875201467E+03
 0.43458763405369E+03
 0.43393617079517E+03
 0.43327489479745E+03
 0.43260431883010E+03
 0.43192493542556E+03
 0.43123721661626E+03
 0.43054161345413E+03
 0.42983855709877E+03
 0.42912845777978E+03
 0.42841170527848E+03
 0.42768848190804E+03
 0.42695950595128E+03
 0.42622492674488E+03
 0.42548505272121E+03
 0.42474017456371E+03
 0.42399056391139E+03
 0.42323647375344E+03
 0.42247813865366E+03
 0.42171577519453E+03
 0.42094958214303E+03
 0.42017974071026E+03
 0.41940641491965E+03
 0.41862975180042E+03
 0.41784988165371E+03
 0.41706691839739E+03
 0.41628095947122E+03
 0.41549208643894E+03
 0.41470036496109E+03
 0.41390584659066E+03
 0.41310838487141E+03
 0.41230835326196E+03
 0.41150558043719E+03
 0.41070002642867E+03
 0.40989171338893E+03
 0.40908057630831E+03
 0.40826655750641E+03
 0.40744958381407E+03
 0.40662956722852E+03
 0.40580640527313E+03
 0.40497997903821E+03
 0.40415015429778E+03
 0.40331678144651E+03
 0.40247969516641E+03
 0.40163871443259E+03
 0.40079364162363E+03
 0.39994426321731E+03
 0.39909018934830E+03
 0.39823149522465E+03
 0.39736775301626E+03
 0.39649868310604E+03
 0.39562398794710E+03
 0.39474335032564E+03
 0.39385643486961E+03
 0.39296288872989E+03
 0.39206234506589E+03
 0.39115440194507E+03
 0.39023864675204E+03
 0.38931465314614E+03
 0.38838181493310E+03
 0.38743996007860E+03
 0.38648843845407E+03
 0.38552673311180E+03
 0.38455431100987E+03
 0.38357060739404E+03
 0.38257504343216E+03
 0.38156700775848E+03
 0.38054587125572E+03
 0.37951098089462E+03
 0.37846147688332E+03
 0.37739703576114E+03
 0.37631675927549E+03
 0.37521990801039E+03
 0.37410572541047E+03
 0.37297343673958E+03
 0.37182224909228E+03
 0.37065135448913E+03
 0.36945993062049E+03
 0.36824702306672E+03
 0.36701202997498E+03
 0.36575398817875E+03
 0.36447204759982E+03
 0.36316536125571E+03
 0.36183308841814E+03
 0.36047439867051E+03
 0.35908837185656E+03
 0.35767441533659E+03
 0.35623166344685E+03
 0.35475937347802E+03
 0.35325684676787E+03
 0.35172342867353E+03
 0.35015842311332E+03
 0.34856146019972E+03
 0.34693197241176E+03
 0.34526954976934E+03
 0.34357386649163E+03
 0.34184467471033E+03
 0.34008174738534E+03
 0.33828519556479E+03
 0.33645501883689E+03
 0.33459135301300E+03
 0.33269464551960E+03
 0.33076526242985E+03
 0.32880395435725E+03
 0.32681148400283E+03
 0.32478884893464E+03
 0.32273727764609E+03
 0.32065814286980E+03
 0.31855324782217E+03
 0.31642452562493E+03
 0.31427423729793E+03
 0.31210494744087E+03
 0.30991970852337E+03
 0.30772182546957E+03
 0.30551506736930E+03
 0.30330360283005E+03
 0.30109219033871E+03
 0.29888595472537E+03
 0.29669058526181E+03
 0.29451223122314E+03
 0.29235769037599E+03
 0.29023414911668E+03
 0.28814932666120E+03
 0.28611135728379E+03
 0.28412888285838E+03
 0.28221078092729E+03
 0.28036618423431E+03
 0.27860448029644E+03
 0.27693500455577E+03
 0.27536704179361E+03
 0.27390962904075E+03
 0.27257153570590E+03
 0.27136094798935E+03
 0.27028542741044E+03
 0.26935184161306E+03
 0.26856610848674E+03
 0.26793318378092E+03
 0.26745703415312E+03
 0.26714046983896E+03
 0.26698521809507E+03
 0.26699187794573E+03
 0.26716001703729E+03
 0.26748812654225E+03
 0.26797375983593E+03
 0.26861358714156E+03
 0.26940354434014E+03
 0.27033886133085E+03
 0.27141421774011E+03
 0.27262383016841E+03
 0.27396080061733E+03
 0.27542030602831E+03
 0.27699501524118E+03
 0.27867828681837E+03
 0.28046346619484E+03
 0.28234394123077E+03
 0.28431318953825E+03
 0.28636483388443E+03
 0.28849266520483E+03
 0.29069067359651E+03
 0.29295307001644E+03
 0.29527430178885E+03
 0.29764905605852E+03
 0.30007226901633E+03
 0.30253912863004E+03
 0.30504506562677E+03
 0.30758576741097E+03
 0.31015714807901E+03
 0.31275536327613E+03
 0.31537676585622E+03
 0.31801800330317E+03
 0.32067584644518E+03
 0.32334729410168E+03
 0.32602953429992E+03
 0.32871992663430E+03
 0.33141600890784E+03
 0.33411547572730E+03
 0.33681617378118E+03
 0.33951609311337E+03
 0.34221335559750E+03
 0.34490621110710E+03
 0.34759303343603E+03
 0.35027230136126E+03
 0.35294260171178E+03
 0.35560263016958E+03
 0.35825115925571E+03
 0.36088706477410E+03
 0.36350929492726E+03
 0.36611688112881E+03
 0.36870892317216E+03
 0.37128459135279E+03
 0.37384312617632E+03
 0.37638382629032E+03
 0.37890604823926E+03
 0.38140919240233E+03
 0.38389271470739E+03
 0.38635612067247E+03
 0.38879897050609E+03
 0.39122085506453E+03
 0.39362140239401E+03
 0.39600028201794E+03
 0.39835719960261E+03
 0.40069190197975E+03
 0.40300415368224E+03
 0.40529375064495E+03
 0.40756052220708E+03
 0.40980432237716E+03
 0.41202502442708E+03
 0.41422253522042E+03
 0.41639677792059E+03
 0.41854769137222E+03
 0.42067523765950E+03
 0.42277939874500E+03
 0.42486017074329E+03
 0.42691756846378E+03
 0.42895162324504E+03
 0.43096237524485E+03
 0.43294988408443E+03
 0.43491421806715E+03
 0.43685545331524E+03
 0.43877368273080E+03
 0.44066901034768E+03
 0.44254154654414E+03
 0.44439141343933E+03
 0.44621873927515E+03
 0.44802365968447E+03
 0.44980631941203E+03
 0.45156686919844E+03
 0.45330546578076E+03
 0.45502227210198E+03
 0.45671745783019E+03
 0.45839119489268E+03
 0.46004366104712E+03
 0.46167503838947E+03
 0.46328551249483E+03
 0.46487527227736E+03
 0.46644451125600E+03
 0.46799342382195E+03
 0.46952220909619E+03
 0.47103106659761E+03
 0.47252019767557E+03
 0.47398980726695E+03
 0.47544009922730E+03
 0.47687128341084E+03
 0.47828356532192E+03
 0.47967715274702E+03
 0.48105225666979E+03
 0.48240908494684E+03
 0.48374785040242E+03
 0.48506876295783E+03
 0.48637203292141E+03
