 0.00000000000000E+00
 0.00000000000000E+00
 0.00000000000000E+00
 0.00000000000000E+00
 0.12774283012371E-77
 0.12263531579641E-64
 0.22997107971625E-55
 0.20723735424446E-48
 0.53180810272331E-43
 0.11302835383698E-38
 0.39248078580565E-35
 0.35022819882354E-32
 0.10989200506894E-29
 0.15168567885581E-27
 0.10854585684779E-25
 0.45548782316728E-24
 0.12315704618548E-22
 0.23087845299395E-21
 0.31795747288031E-20
 0.33692007939747E-19
 0.28518569786490E-18
 0.19883000741746E-17
 0.11711083304381E-16
 0.59515822102324E-16
 0.26564100011798E-15
 0.10570435914926E-14
 0.37982393696337E-14
 0.12459859763897E-13
 0.37669379293844E-13
 0.10581939042937E-12
 0.27818308924394E-12
 0.68864437723012E-12
 0.16141358790524E-11
 0.35996292028423E-11
 0.76702404590750E-11
 0.15676350975923E-10
 0.30834801663515E-10
 0.58547501813571E-10
 0.10760460621196E-09
 0.19189852707219E-09
 0.33280481282558E-09
 0.56241233386266E-09
 0.92778657521640E-09
 0.14965336887149E-08
 0.23638551999177E-08
 0.36613827420306E-08
 0.55680413426344E-08
 0.83232043124897E-08
 0.12242394496875E-07
 0.17735881083509E-07
 0.25329797245169E-07
 0.35691350808666E-07
 0.49656583478347E-07
 0.68261992878077E-07
 0.92779662180503E-07
 0.12475600271971E-06
 0.16605410625086E-06
 0.21889965821217E-06
 0.28593031303994E-06
 0.37024840386673E-06
 0.47547680296382E-06
 0.60582096002031E-06
 0.76611840383726E-06
 0.96191946337483E-06
 0.11995429154816E-05
 0.14861463107544E-05
 0.18297954629909E-05
 0.22395351425893E-05
 0.27254606905770E-05
 0.32987902718843E-05
 0.39719374754044E-05
 0.47585840227503E-05
 0.56737523604804E-05
 0.67338779419132E-05
 0.79568810445865E-05
 0.93622380142444E-05
 0.10971051885740E-04
 0.12806122305389E-04
 0.14892014857827E-04
 0.17255129732193E-04
 0.19923857349527E-04
 0.22928312724335E-04
 0.26300884060051E-04
 0.30076018640540E-04
 0.34290276074101E-04
 0.38982522591747E-04
 0.44193926895747E-04
 0.49968052745385E-04
 0.56350935780345E-04
 0.63391164422583E-04
 0.71139966370412E-04
 0.79651298613841E-04
 0.88981943474387E-04
 0.99191613664748E-04
 0.11034306360399E-03
 0.12250221266446E-03
 0.13573827634895E-03
 0.15012443582417E-03
 0.16573595986140E-03
 0.18265334828574E-03
 0.20096059646673E-03
 0.22074587340391E-03
 0.24210175479628E-03
 0.26512547718063E-03
 0.28991921455590E-03
 0.31659038774406E-03
 0.34525201105009E-03
 0.37602306264594E-03
 0.40902888774144E-03
 0.44440295051240E-03
 0.48228231483882E-03
 0.52281552012961E-03
 0.56615840637262E-03
 0.61247595729624E-03
 0.66194304270549E-03
 0.71474512292795E-03
 0.77107919720726E-03
 0.83115476575527E-03
 0.89519482004573E-03
 0.96344064737831E-03
 0.10361389976631E-02
 0.11135637812491E-02
 0.11960045317859E-02
 0.12837710285755E-02
 0.13771951030609E-02
 0.14766325416585E-02
 0.15824651109708E-02
 0.16951028227588E-02
 0.18149900386092E-02
 0.19425933648500E-02
 0.20784259854162E-02
 0.22230367273561E-02
 0.23770166147307E-02
 0.25410023052424E-02
 0.27156798762393E-02
 0.29017938176665E-02
 0.31001321176169E-02
 0.33115584712717E-02
 0.35369997045387E-02
 0.37774546260037E-02
 0.40339999234941E-02
 0.43078024666147E-02
 0.46001012013654E-02
 0.49122489464780E-02
 0.52456968768993E-02
 0.56020078446069E-02
 0.59828636809118E-02
 0.63900819763780E-02
 0.68255951622098E-02
 0.72915030536016E-02
 0.77900669654758E-02
 0.83236798105613E-02
 0.88949545587145E-02
 0.95066556980639E-02
 0.10161772680975E-01
 0.10863499070595E-01
 0.11615248995017E-01
 0.12420684484990E-01
 0.13283682990509E-01
 0.14208401929251E-01
 0.15199260056218E-01
 0.16260948993074E-01
 0.17398412276527E-01
 0.18616895386607E-01
 0.19921909286781E-01
 0.21319245694197E-01
 0.22814921294384E-01
 0.24415219973223E-01
 0.26126618862796E-01
 0.27955783929328E-01
 0.29909465483183E-01
 0.31994518081209E-01
 0.34217773793013E-01
 0.36585989587516E-01
 0.39105691469747E-01
 0.41783141880100E-01
 0.44624181396222E-01
 0.47634044722390E-01
 0.50817307248631E-01
 0.54177685161653E-01
 0.57717919851923E-01
 0.61439576916478E-01
 0.65342997940357E-01
 0.69427156006262E-01
 0.73689542040923E-01
 0.78126170850538E-01
 0.82731539421325E-01
 0.87498537500975E-01
 0.92418855748934E-01
 0.97482606028982E-01
 0.10267877634579E+00
 0.10799525285254E+00
 0.11341908709112E+00
 0.11893665525725E+00
 0.12453388145055E+00
 0.13019640093312E+00
 0.13590984131766E+00
 0.14165995880276E+00
 0.14743284653722E+00
 0.15321672072448E+00
 0.15899549670720E+00
 0.16475860291049E+00
 0.17049469336093E+00
 0.17619326923041E+00
 0.18184470293861E+00
 0.18744028101207E+00
 0.19297218578029E+00
 0.19843347994704E+00
 0.20381808477479E+00
 0.20912074403669E+00
 0.21433698358536E+00
 0.21946305468869E+00
 0.22449589430902E+00
 0.22943306719592E+00
 0.23427271267350E+00
 0.23901350170998E+00
 0.24365456757374E+00
 0.24819547401844E+00
 0.25263613620309E+00
 0.25697688941411E+00
 0.26121827584179E+00
 0.26536112381200E+00
 0.26940647982389E+00
 0.27335559390343E+00
 0.27720986870031E+00
 0.28097084587115E+00
 0.28464017992036E+00
 0.28821961786897E+00
 0.29171097953820E+00
 0.29511614131141E+00
 0.29843702462359E+00
 0.30167557517740E+00
 0.30483375798751E+00
 0.30791354614634E+00
 0.31091691579729E+00
 0.31384583130617E+00
 0.31670223964786E+00
 0.31948807113529E+00
 0.32220522867431E+00
 0.32485558763878E+00
 0.32744099439713E+00
 0.32996325975042E+00
 0.33242415426150E+00
 0.33482540760379E+00
 0.33716871881492E+00
 0.33945573875331E+00
 0.34168808537260E+00
 0.34386732609435E+00
 0.34599498962121E+00
 0.34807256475131E+00
 0.35010149582256E+00
 0.35208318981663E+00
 0.35401901233350E+00
 0.35591028506277E+00
 0.35775829355466E+00
 0.35956428444388E+00
 0.36132946542088E+00
 0.36305500958742E+00
 0.36474205240161E+00
 0.36639169171764E+00
 0.36800499458335E+00
 0.36958299296094E+00
 0.37112668614974E+00
 0.37263704238488E+00
 0.37411500004316E+00
 0.37556146587028E+00
 0.37697731968831E+00
 0.37836341161328E+00
 0.37972056517275E+00
 0.38104957810076E+00
 0.38235122278158E+00
 0.38362624654967E+00
 0.38487537366318E+00
 0.38609930502691E+00
 0.38729871884923E+00
 0.38847427266683E+00
 0.38962660267687E+00
 0.39075632529285E+00
 0.39186403758541E+00
 0.39295031827828E+00
 0.39401572716066E+00
 0.39506080697933E+00
 0.39608608366029E+00
 0.39709206706504E+00
 0.39807925062815E+00
 0.39904811303708E+00
 0.39999911838093E+00
 0.40093271659077E+00
 0.40184934376929E+00
 0.40274942265851E+00
 0.40363336347505E+00
 0.40450156430940E+00
 0.40535441030435E+00
 0.40619227599112E+00
 0.40701552475663E+00
 0.40782450909994E+00
 0.40861957093024E+00
 0.40940104225899E+00
 0.41016924550043E+00
 0.41092449436207E+00
