-0.75942468866536E+01
-0.75942466948046E+01
-0.75942447611570E+01
-0.75942371418282E+01
-0.75942176877910E+01
-0.75941785344647E+01
-0.75941109216913E+01
-0.75940086202214E+01
-0.75938775291877E+01
-0.75937521845142E+01
-0.75937145688221E+01
-0.75939080640263E+01
-0.75945413893586E+01
-0.75959410898434E+01
-0.75983571510046E+01
-0.76021318210732E+01
-0.76076771181095E+01
-0.76153029015892E+01
-0.76252377851897E+01
-0.76378202460126E+01
-0.76532190428064E+01
-0.76715136606819E+01
-0.76928809825753E+01
-0.77172532096375E+01
-0.77447021329731E+01
-0.77750500902256E+01
-0.78082859519230E+01
-0.78441521454001E+01
-0.78825129457776E+01
-0.79232347684884E+01
-0.79659719865496E+01
-0.80105416187600E+01
-0.80567704516399E+01
-0.81042832658001E+01
-0.81528861388303E+01
-0.82023340549047E+01
-0.82524539291082E+01
-0.83028751657704E+01
-0.83534311271468E+01
-0.84039046218307E+01
-0.84540877438144E+01
-0.85038561320377E+01
-0.85528866944720E+01
-0.86010729473315E+01
-0.86482565060721E+01
-0.86942904170762E+01
-0.87390400818940E+01
-0.87823830381821E+01
-0.88242087566209E+01
-0.88644937656522E+01
-0.89030025090357E+01
-0.89397285046923E+01
-0.89746052857540E+01
-0.90075751364564E+01
-0.90385894143273E+01
-0.90676080499012E+01
-0.90945990308839E+01
-0.91195380099012E+01
-0.91424074294185E+01
-0.91631964146437E+01
-0.91819001806913E+01
-0.91985925016574E+01
-0.92131353445846E+01
-0.92256100270769E+01
-0.92360323532093E+01
-0.92444215518364E+01
-0.92508004910495E+01
-0.92551953507625E+01
-0.92576353013690E+01
-0.92581522110834E+01
-0.92567803485685E+01
-0.92535561128770E+01
-0.92485178030664E+01
-0.92417053834351E+01
-0.92331602624119E+01
-0.92229250621904E+01
-0.92110434865575E+01
-0.91975600913991E+01
-0.91825201342571E+01
-0.91659690257111E+01
-0.91480146276124E+01
-0.91285817344193E+01
-0.91077772710095E+01
-0.90856483088460E+01
-0.90622415231931E+01
-0.90376061651012E+01
-0.90117836549610E+01
-0.89848223443608E+01
-0.89567679009813E+01
-0.89276653855514E+01
-0.88975595343239E+01
-0.88664944810828E+01
-0.88345137212448E+01
-0.88016600834602E+01
-0.87679756836088E+01
-0.87335019293486E+01
-0.86982794107593E+01
-0.86623940545576E+01
-0.86257920738907E+01
-0.85885582834754E+01
-0.85507295769689E+01
-0.85123419984497E+01
-0.84734308178345E+01
-0.84340303125292E+01
-0.83941737118096E+01
-0.83538921215515E+01
-0.83132183884178E+01
-0.82721823885039E+01
-0.82308122409075E+01
-0.81891362991060E+01
-0.81472173571580E+01
-0.81050084544272E+01
-0.80625703277365E+01
-0.80199249005798E+01
-0.79770953604992E+01
-0.79341010462201E+01
-0.78909607497785E+01
-0.78476924051835E+01
-0.78043122897252E+01
-0.77608350037030E+01
-0.77173017415696E+01
-0.76736679860432E+01
-0.76299679955395E+01
-0.75862112765905E+01
-0.75424034015322E+01
-0.74985478673112E+01
-0.74546460978047E+01
-0.74106972598795E+01
-0.73666981453706E+01
-0.73226668435520E+01
-0.72785482913044E+01
-0.72343547915448E+01
-0.71900727258375E+01
-0.71456855239441E+01
-0.71011736815488E+01
-0.70565146005028E+01
-0.70117013099997E+01
-0.69666676002551E+01
-0.69213997098875E+01
-0.68758621284577E+01
-0.68300159300939E+01
-0.67838188191406E+01
-0.67372253091542E+01
-0.66902015694596E+01
-0.66426662300157E+01
-0.65945788698619E+01
-0.65458818710224E+01
-0.64965160810181E+01
-0.64464186020895E+01
-0.63955362787219E+01
-0.63437796582114E+01
-0.62910926208470E+01
-0.62374081714521E+01
-0.61826558141852E+01
-0.61267766655105E+01
-0.60696858109913E+01
-0.60113254934781E+01
-0.59516306621113E+01
-0.58905416175804E+01
-0.58280075384505E+01
-0.57639627719965E+01
-0.56983667810234E+01
-0.56311820435616E+01
-0.55623750252833E+01
-0.54919308971279E+01
-0.54198296756601E+01
-0.53460775374500E+01
-0.52706903250467E+01
-0.51937022145857E+01
-0.51151558527426E+01
-0.50351188522122E+01
-0.49536766598384E+01
-0.48709367848635E+01
-0.47870237467232E+01
-0.47020868646353E+01
-0.46162966807258E+01
-0.45298444343828E+01
-0.44429397695926E+01
-0.43558112696817E+01
-0.42687011405921E+01
-0.41818639313156E+01
-0.40955614631815E+01
-0.40100566334371E+01
-0.39256104438913E+01
-0.38424780925870E+01
-0.37608989130557E+01
-0.36810951318095E+01
-0.36032687120189E+01
-0.35275933104098E+01
-0.34542165936695E+01
-0.33832531363880E+01
-0.33147914329429E+01
-0.32488884245692E+01
-0.31855724984397E+01
-0.31248458471259E+01
-0.30666887250640E+01
-0.30110595253621E+01
-0.29579000551476E+01
-0.29071377783825E+01
-0.28586905243534E+01
-0.28124674179223E+01
-0.27683721935855E+01
-0.27263054527118E+01
-0.26861672039338E+01
-0.26478570700755E+01
-0.26112758675626E+01
-0.25763292667089E+01
-0.25429224483947E+01
-0.25109660796524E+01
-0.24803751460570E+01
-0.24510676626236E+01
-0.24229661695502E+01
-0.23959972222023E+01
-0.23700914459910E+01
-0.23451834495008E+01
-0.23212112689082E+01
-0.22981166608711E+01
-0.22758443655386E+01
-0.22543433328766E+01
-0.22335647350216E+01
-0.22134627486483E+01
-0.21939945832830E+01
-0.21751198978853E+01
-0.21568004469474E+01
-0.21390007503511E+01
-0.21216872104322E+01
-0.21048284681225E+01
-0.20883952371762E+01
-0.20723594515764E+01
-0.20566955173163E+01
-0.20413790804524E+01
-0.20263869252684E+01
-0.20116988847145E+01
-0.19972944519929E+01
-0.19831549936121E+01
-0.19692632222715E+01
-0.19556029050257E+01
-0.19421592916960E+01
-0.19289181061800E+01
-0.19158663983291E+01
-0.19029918282180E+01
-0.18902823030175E+01
-0.18777294231228E+01
-0.18653219244295E+01
-0.18530512325559E+01
-0.18409093097660E+01
-0.18288881262925E+01
-0.18169809184717E+01
-0.18051810424599E+01
-0.17934827545458E+01
-0.17818792706948E+01
-0.17703662826719E+01
-0.17589404212405E+01
-0.17475965674467E+01
-0.17363308974735E+01
-0.17251399200394E+01
-0.17140204767749E+01
-0.17029697593314E+01
-0.16919851292711E+01
-0.16810633097613E+01
-0.16702040473592E+01
-0.16594045265008E+01
-0.16486634048463E+01
-0.16379790305436E+01
-0.16273500873555E+01
-0.16167754285133E+01
-0.16062541703000E+01
-0.15957842465609E+01
-0.15853673440520E+01
-0.15750016097355E+01
-0.15646866451162E+01
-0.15544219612436E+01
-0.15442072026682E+01
-0.15340420641432E+01
-0.15239266086635E+01
-0.15138593176815E+01
-0.15038427812653E+01
-0.14938756552640E+01
-0.14839580883990E+01
-0.14740899238634E+01
-0.14642712823480E+01
-0.14545023523018E+01
-0.14447835110673E+01
-0.14351134307792E+01
-0.14254950427242E+01
-0.14159272076507E+01
-0.14064101642914E+01
-0.13969441193866E+01
-0.13875293368887E+01
-0.13781661009497E+01
-0.13688546611742E+01
-0.13595951380512E+01
-0.13503865597784E+01
-0.13412319431779E+01
-0.13321297272943E+01
-0.13230808068274E+01
-0.13140849455449E+01
-0.13051423545685E+01
-0.12962534951562E+01
-0.12874184298708E+01
