 0.25537488316029E+03
 0.25537486155653E+03
 0.25537465857972E+03
 0.25537390700641E+03
 0.25537208109943E+03
 0.25536856120476E+03
 0.25536287719523E+03
 0.25535573629053E+03
 0.25535133750429E+03
 0.25536036629582E+03
 0.25540215211561E+03
 0.25550480986963E+03
 0.25570325357160E+03
 0.25604012831234E+03
 0.25654914566560E+03
 0.25726533632024E+03
 0.25822259060485E+03
 0.25944101451980E+03
 0.26092884599939E+03
 0.26269776884287E+03
 0.26474327095728E+03
 0.26705167139923E+03
 0.26961569521102E+03
 0.27240909044696E+03
 0.27541724308939E+03
 0.27860732348845E+03
 0.28196150256514E+03
 0.28544444588055E+03
 0.28903281936961E+03
 0.29270588379679E+03
 0.29642790079090E+03
 0.30017860712676E+03
 0.30394052616148E+03
 0.30768147748008E+03
 0.31138584216491E+03
 0.31503519761780E+03
 0.31861836482576E+03
 0.32210896691314E+03
 0.32549828717951E+03
 0.32877418319043E+03
 0.33192585206343E+03
 0.33494973791672E+03
 0.33782642456942E+03
 0.34055437400751E+03
 0.34312793675018E+03
 0.34554244037149E+03
 0.34779419266749E+03
 0.34988040540501E+03
 0.35179913041361E+03
 0.35355516502585E+03
 0.35513630395434E+03
 0.35654832244332E+03
 0.35779199219703E+03
 0.35886853159443E+03
 0.35977962034181E+03
 0.36052735044614E+03
 0.36111418029967E+03
 0.36154291084118E+03
 0.36181659324812E+03
 0.36193854640063E+03
 0.36191230540755E+03
 0.36174707028378E+03
 0.36143586654864E+03
 0.36098802394264E+03
 0.36040770221914E+03
 0.35969910290155E+03
 0.35886649091550E+03
 0.35791417843146E+03
 0.35684650737114E+03
 0.35566783577661E+03
 0.35438252156288E+03
 0.35299490952310E+03
 0.35150932246544E+03
 0.34993005023138E+03
 0.34826134010634E+03
 0.34650738629539E+03
 0.34467232661286E+03
 0.34276023248801E+03
 0.34077510336247E+03
 0.33872082917035E+03
 0.33660550921051E+03
 0.33442448523433E+03
 0.33218559870586E+03
 0.32989244842187E+03
 0.32754851463316E+03
 0.32515727233625E+03
 0.32272184706511E+03
 0.32024551081032E+03
 0.31773135192583E+03
 0.31518234147153E+03
 0.31260136757084E+03
 0.30999121077654E+03
 0.30735455030256E+03
 0.30469396358982E+03
 0.30201192334279E+03
 0.29931080109605E+03
 0.29659286565589E+03
 0.29386324869681E+03
 0.29111804188722E+03
 0.28836225862036E+03
 0.28559772946425E+03
 0.28282621402031E+03
 0.28004938428234E+03
 0.27726882058565E+03
 0.27448599058789E+03
 0.27170218984894E+03
 0.26891884806285E+03
 0.26613712446036E+03
 0.26335804038111E+03
 0.26058263427255E+03
 0.25781401215603E+03
 0.25504855589253E+03
 0.25228920556245E+03
 0.24953647470904E+03
 0.24679103012508E+03
 0.24405320614992E+03
 0.24132328422857E+03
 0.23860151775319E+03
 0.23588804912406E+03
 0.23318290798762E+03
 0.23048765563057E+03
 0.22779869138715E+03
 0.22511734792215E+03
 0.22244322514073E+03
 0.21977577453019E+03
 0.21711431775477E+03
 0.21445805591417E+03
 0.21180605714337E+03
 0.20915725284999E+03
 0.20651180165215E+03
 0.20386566526693E+03
 0.20121868742281E+03
 0.19856922394059E+03
 0.19591547150003E+03
 0.19325547711883E+03
 0.19058712358766E+03
 0.18790916390258E+03
 0.18521709657935E+03
 0.18250933499917E+03
 0.17978309840648E+03
 0.17703544300629E+03
 0.17426326221306E+03
 0.17146328948540E+03
 0.16863288689316E+03
 0.16576695820587E+03
 0.16286255262970E+03
 0.15991590617564E+03
 0.15692316659737E+03
 0.15388032085477E+03
 0.15078388253644E+03
 0.14762866978712E+03
 0.14441125079793E+03
 0.14112768252470E+03
 0.13777399764607E+03
 0.13434681003575E+03
 0.13084207152506E+03
 0.12725688578436E+03
 0.12358830431171E+03
 0.11983405901940E+03
 0.11599247520422E+03
 0.11206197640551E+03
 0.10804222058161E+03
 0.10393382813235E+03
 0.99738017930514E+02
 0.95457524131903E+02
 0.91095841036389E+02
 0.86658052896913E+02
 0.82150516157188E+02
 0.77580972818351E+02
 0.72958755051999E+02
 0.68294474000463E+02
 0.63600275110746E+02
 0.58889531755368E+02
 0.54177188684128E+02
 0.49478896712051E+02
 0.44811388191401E+02
 0.40191868789247E+02
 0.35638415629037E+02
 0.31168862042949E+02
 0.26800860890940E+02
 0.22552183605008E+02
 0.18439476494585E+02
 0.14478610021042E+02
 0.10684154375595E+02
 0.70698791329494E+01
 0.36475673295830E+01
 0.42741151723326E+00
-0.25816207856713E+01
-0.53727484603569E+01
-0.79407228974544E+01
-0.10282278284522E+02
-0.12395276069791E+02
-0.14279623396304E+02
-0.15936567739877E+02
-0.17368869858715E+02
-0.18580238329053E+02
-0.19575824379410E+02
-0.20361667480764E+02
-0.20944742286609E+02
-0.21332524731309E+02
-0.21533282097937E+02
-0.21555669039179E+02
-0.21408708603333E+02
-0.21101501796725E+02
-0.20643393970712E+02
-0.20043698034255E+02
-0.19311677048102E+02
-0.18456454953192E+02
-0.17486952862854E+02
-0.16411851048451E+02
-0.15239573117564E+02
-0.13978236453290E+02
-0.12635631133224E+02
-0.11219197569537E+02
-0.97360044504587E+01
-0.81928183108498E+01
-0.65960190798943E+01
-0.49517124397194E+01
-0.32655230893011E+01
-0.15428847726679E+01
 0.21116107796013E+00
 0.19918447566014E+01
 0.37947043414722E+01
 0.56155259407999E+01
 0.74504039555218E+01
 0.92956679395196E+01
 0.11147885068395E+02
 0.13003869290577E+02
 0.14860576969832E+02
 0.16715273204322E+02
 0.18565354282170E+02
 0.20408262608903E+02
 0.22242038308491E+02
 0.24064460653154E+02
 0.25873587742112E+02
 0.27667624555831E+02
 0.29444912141934E+02
 0.31203976961163E+02
 0.32943387644460E+02
 0.34661830547897E+02
 0.36358098584904E+02
 0.38030861574150E+02
 0.39679715043152E+02
 0.41303410037621E+02
 0.42901013285731E+02
 0.44472076244884E+02
 0.46015761652317E+02
 0.47531544458472E+02
 0.49018784650298E+02
 0.50477251619271E+02
 0.51905915562313E+02
 0.53304830314670E+02
 0.54674126326546E+02
 0.56013221475196E+02
 0.57321903330295E+02
 0.58600034209909E+02
 0.59847508934187E+02
 0.61064240546658E+02
 0.62250260535644E+02
 0.63405172509400E+02
 0.64529734388968E+02
 0.65623582930035E+02
 0.66687069634235E+02
 0.67720198576219E+02
 0.68723116768861E+02
 0.69695997352190E+02
 0.70639046628774E+02
 0.71551961080113E+02
 0.72436122170747E+02
 0.73291211038051E+02
 0.74117560968599E+02
 0.74915444102241E+02
 0.75685144284703E+02
 0.76426903390967E+02
 0.77141279014974E+02
 0.77827864617138E+02
 0.78488338495074E+02
 0.79122449650990E+02
 0.79730659714054E+02
 0.80313216868372E+02
 0.80870430210441E+02
 0.81402779897353E+02
 0.81910873862951E+02
 0.82394211772999E+02
 0.82854735066318E+02
 0.83292112683223E+02
 0.83706768223245E+02
 0.84099138780639E+02
 0.84469626101877E+02
 0.84818642941851E+02
 0.85146701837849E+02
 0.85454100949491E+02
 0.85740556022794E+02
 0.86008188053979E+02
 0.86256188054201E+02
 0.86485656960394E+02
 0.86696481985818E+02
 0.86889094318724E+02
 0.87064227999368E+02
 0.87222130365887E+02
