 0.81642133471221E-01
 0.81642133471221E-01
 0.81642133471221E-01
 0.81642133471221E-01
 0.81642133471221E-01
 0.81642133471221E-01
 0.81642133471221E-01
 0.81642133471221E-01
 0.81642133471221E-01
 0.81642133471221E-01
 0.81642133471221E-01
 0.81642133471221E-01
 0.81642133471221E-01
 0.81641882447427E-01
 0.81641631173897E-01
 0.81641331810286E-01
 0.81640646367540E-01
 0.81639584043518E-01
 0.81638338542370E-01
 0.81636454915194E-01
 0.81633953442890E-01
 0.81630973705473E-01
 0.81627033068882E-01
 0.81622398653862E-01
 0.81616588337027E-01
 0.81609903608899E-01
 0.81601862459740E-01
 0.81592776223041E-01
 0.81582396952163E-01
 0.81570402739156E-01
 0.81557169527549E-01
 0.81542449185029E-01
 0.81525951273458E-01
 0.81508066350550E-01
 0.81488563914383E-01
 0.81467406382362E-01
 0.81444341645790E-01
 0.81419787011656E-01
 0.81393527572322E-01
 0.81365550131590E-01
 0.81335850480193E-01
 0.81304205969482E-01
 0.81271048542152E-01
 0.81236181364312E-01
 0.81199609576345E-01
 0.81161343889532E-01
 0.81121396842106E-01
 0.81079782380527E-01
 0.81036515552725E-01
 0.80991388401114E-01
 0.80944854144536E-01
 0.80896718729474E-01
 0.80846995968340E-01
 0.80795701865222E-01
 0.80742851893530E-01
 0.80688460748302E-01
 0.80632542140593E-01
 0.80575108559621E-01
 0.80516171228777E-01
 0.80455739799401E-01
 0.80393822228260E-01
 0.80330205076350E-01
 0.80265325100836E-01
 0.80198973024976E-01
 0.80131146767324E-01
 0.80061843600610E-01
 0.79991058288482E-01
 0.79918782935264E-01
 0.79845006880969E-01
 0.79769716547536E-01
 0.79692895357843E-01
 0.79614523621172E-01
 0.79534578407044E-01
 0.79453033436277E-01
 0.79369858973355E-01
 0.79285021713710E-01
 0.79198484656043E-01
 0.79110207016859E-01
 0.79020144106493E-01
 0.78928247273851E-01
 0.78834246816119E-01
 0.78738514318252E-01
 0.78640777412874E-01
 0.78540968902266E-01
 0.78439018167559E-01
 0.78334834061793E-01
 0.78228364637174E-01
 0.78119511357540E-01
 0.78008183541596E-01
 0.77894285321687E-01
 0.77777715134091E-01
 0.77658365749286E-01
 0.77536124240211E-01
 0.77410871587699E-01
 0.77282482659344E-01
 0.77150825823355E-01
 0.77015762927871E-01
 0.76876937980598E-01
 0.76734615769208E-01
 0.76588432015938E-01
 0.76438219647835E-01
 0.76283804635412E-01
 0.76125004972758E-01
 0.75961630628307E-01
 0.75793483222725E-01
 0.75620356126072E-01
 0.75442033729439E-01
 0.75258291222289E-01
 0.75068895056696E-01
 0.74873602038181E-01
 0.74671952292390E-01
 0.74464090746833E-01
 0.74249544829274E-01
 0.74028031882029E-01
 0.73799258047122E-01
 0.73562921536020E-01
 0.73318708852509E-01
 0.73066296993042E-01
 0.72805352122231E-01
 0.72535530807797E-01
 0.72256280698803E-01
 0.71967598837257E-01
 0.71668980551772E-01
 0.71360017606443E-01
 0.71040322615019E-01
 0.70709500661420E-01
 0.70367151034058E-01
 0.70012867632807E-01
 0.69646240488479E-01
 0.69266664032657E-01
 0.68874105220061E-01
 0.68467965614565E-01
 0.68047835241894E-01
 0.67613309509234E-01
 0.67163991331583E-01
 0.66699492348472E-01
 0.66219254238759E-01
 0.65723267469319E-01
 0.65211013864904E-01
 0.64682165875734E-01
 0.64136418366770E-01
 0.63573491919184E-01
 0.62993131578422E-01
 0.62394941461201E-01
 0.61779065700078E-01
 0.61145179717989E-01
 0.60493160257361E-01
 0.59822920270380E-01
 0.59134412015293E-01
 0.58427468057511E-01
 0.57702435098732E-01
 0.56959235175603E-01
 0.56197986806243E-01
 0.55418852790682E-01
 0.54621858188641E-01
 0.53807610512393E-01
 0.52976232722817E-01
 0.52128074329548E-01
 0.51263520451488E-01
 0.50382882506327E-01
 0.49486912890379E-01
 0.48576020798239E-01
 0.47650812216424E-01
 0.46711933629597E-01
 0.45759978693754E-01
 0.44795955935799E-01
 0.43820588276355E-01
 0.42834775399336E-01
 0.41839374508354E-01
 0.40835642122476E-01
 0.39824586351759E-01
 0.38807398890320E-01
 0.37785247931669E-01
 0.36759667875501E-01
 0.35731982440436E-01
 0.34703687710933E-01
 0.33676259962803E-01
 0.32651497824383E-01
 0.31631006646091E-01
 0.30616445575287E-01
 0.29609732418568E-01
 0.28612586044306E-01
 0.27626807546430E-01
 0.26654111394175E-01
 0.25696380514403E-01
 0.24755252903279E-01
 0.23832294420504E-01
 0.22929148634895E-01
 0.22047174848907E-01
 0.21187668003574E-01
 0.20351682748727E-01
 0.19540306706865E-01
 0.18754294785357E-01
 0.17994280193852E-01
 0.17260676605398E-01
 0.16553851150424E-01
 0.15873879962533E-01
 0.15220725539557E-01
 0.14594168693232E-01
 0.13993956976200E-01
 0.13419630612466E-01
 0.12870647757953E-01
 0.12346355933651E-01
 0.11846113065893E-01
 0.11369136850230E-01
 0.10914628219206E-01
 0.10481755825180E-01
 0.10069646090122E-01
 0.96774797999264E-02
 0.93043704101467E-02
 0.89494590618244E-02
 0.86118982335884E-02
 0.82908572753662E-02
 0.79855266323138E-02
 0.76951208860037E-02
 0.74188812762270E-02
 0.71560775352908E-02
 0.69060285943153E-02
 0.66680240567013E-02
 0.64414462650866E-02
 0.62256809631313E-02
 0.60201512154186E-02
 0.58243067116339E-02
 0.56376260530006E-02
 0.54596154244816E-02
 0.52898078313243E-02
 0.51277619563467E-02
 0.49730608479568E-02
 0.48253111256150E-02
 0.46841416781911E-02
 0.45492025868666E-02
 0.44201837955273E-02
 0.42967341892139E-02
 0.41785810726567E-02
 0.40654483523233E-02
 0.39570758137235E-02
 0.38532184374583E-02
 0.37536450040319E-02
 0.36581379348469E-02
 0.35664921267941E-02
 0.34785141441886E-02
 0.33940415230193E-02
 0.33128618798434E-02
 0.32348335143529E-02
 0.31598030381951E-02
 0.30876260781046E-02
 0.30181661991539E-02
 0.29512944536005E-02
 0.28868889549008E-02
 0.28248349515324E-02
 0.27650235571050E-02
 0.27073714386335E-02
 0.26517416842828E-02
 0.25980620796263E-02
 0.25462454250429E-02
 0.24962091706315E-02
 0.24478750279103E-02
 0.24011687883434E-02
 0.23560200930351E-02
 0.23123820666592E-02
 0.22701512310480E-02
 0.22292876170879E-02
 0.21897342674314E-02
 0.21514367635135E-02
 0.21143438073160E-02
 0.20784062476320E-02
 0.20435774433356E-02
 0.20098329452841E-02
 0.19770902340430E-02
 0.19453293912097E-02
 0.19145121627542E-02
 0.18846018936447E-02
 0.18555640758765E-02
 0.18273653565306E-02
 0.17999740727170E-02
 0.17733799994707E-02
 0.17475139407902E-02
 0.17223686269171E-02
 0.16979178254308E-02
 0.16741363800493E-02
 0.16510000844716E-02
 0.16284862602583E-02
 0.16065727497215E-02
 0.15852585001721E-02
 0.15644830145046E-02
 0.15442472378379E-02
 0.15245327883806E-02
 0.15053219590921E-02
 0.14865977775846E-02
 0.14683439613625E-02
 0.14505447375676E-02
 0.14331854296195E-02
 0.14162711083116E-02
 0.13997484919572E-02
 0.13836240986436E-02
 0.13678853266464E-02
 0.13525199439578E-02
 0.13375162048231E-02
 0.13228628086324E-02
 0.13085488884899E-02
