 0.13589978382288E+03
 0.13589978382296E+03
 0.13589978382462E+03
 0.13589978383269E+03
 0.13589978385029E+03
 0.13589978386710E+03
 0.13589978385419E+03
 0.13589978379760E+03
 0.13589978383683E+03
 0.13589978458085E+03
 0.13589978761573E+03
 0.13589979613320E+03
 0.13589981555985E+03
 0.13589975312538E+03
 0.13589972091672E+03
 0.13589971405142E+03
 0.13589961412535E+03
 0.13589944518780E+03
 0.13589930786203E+03
 0.13589904379468E+03
 0.13589868721438E+03
 0.13589832130760E+03
 0.13589777929381E+03
 0.13589719606561E+03
 0.13589640444306E+03
 0.13589555210014E+03
 0.13589446941387E+03
 0.13589330557746E+03
 0.13589198262753E+03
 0.13589039101326E+03
 0.13588870086669E+03
 0.13588682832114E+03
 0.13588467053652E+03
 0.13588239985597E+03
 0.13587993099325E+03
 0.13587726230512E+03
 0.13587429608245E+03
 0.13587120934558E+03
 0.13586792030793E+03
 0.13586442793180E+03
 0.13586073395971E+03
 0.13585675014397E+03
 0.13585265499745E+03
 0.13584837032212E+03
 0.13584390001896E+03
 0.13583925031635E+03
 0.13583442840657E+03
 0.13582944245304E+03
 0.13582430163976E+03
 0.13581892376921E+03
 0.13581350042817E+03
 0.13580795722408E+03
 0.13580230664950E+03
 0.13579656342804E+03
 0.13579074352899E+03
 0.13578486420134E+03
 0.13577894401947E+03
 0.13577300300590E+03
 0.13576706243560E+03
 0.13576114514241E+03
 0.13575527548794E+03
 0.13574938670210E+03
 0.13574368880640E+03
 0.13573812201847E+03
 0.13573271654093E+03
 0.13572750511100E+03
 0.13572252230480E+03
 0.13571780459934E+03
 0.13571339041495E+03
 0.13570932020965E+03
 0.13570563650054E+03
 0.13570238392415E+03
 0.13569960931617E+03
 0.13569736177261E+03
 0.13569569270857E+03
 0.13569465591507E+03
 0.13569430767166E+03
 0.13569470676154E+03
 0.13569591456804E+03
 0.13569799490894E+03
 0.13570091962914E+03
 0.13570494657251E+03
 0.13571005595048E+03
 0.13571632290879E+03
 0.13572382617476E+03
 0.13573266589021E+03
 0.13574289442193E+03
 0.13575461616735E+03
 0.13576792354078E+03
 0.13578291265672E+03
 0.13579968374571E+03
 0.13581834102996E+03
 0.13583899274993E+03
 0.13586175162295E+03
 0.13588673481635E+03
 0.13591406434640E+03
 0.13594386709357E+03
 0.13597617824832E+03
 0.13601132559552E+03
 0.13604935909762E+03
 0.13609042681480E+03
 0.13613468366103E+03
 0.13618229094882E+03
 0.13623341675941E+03
 0.13628823607997E+03
 0.13634693041339E+03
 0.13640969072142E+03
 0.13647671475404E+03
 0.13654820824877E+03
 0.13662438636599E+03
 0.13670537646709E+03
 0.13679160208527E+03
 0.13688321317930E+03
 0.13698046235165E+03
 0.13708361596949E+03
 0.13719294799452E+03
 0.13730874542535E+03
 0.13743130708979E+03
 0.13756094484274E+03
 0.13769798308533E+03
 0.13784266488400E+03
 0.13799555449147E+03
 0.13815687107340E+03
 0.13832701991273E+03
 0.13850639403546E+03
 0.13869540172595E+03
 0.13889446602688E+03
 0.13910402541770E+03
 0.13932453362831E+03
 0.13955636747020E+03
 0.13980019090680E+03
 0.14005641557464E+03
 0.14032555638522E+03
 0.14060814305248E+03
 0.14090471974043E+03
 0.14121584581826E+03
 0.14154201031633E+03
 0.14188396975403E+03
 0.14224224398828E+03
 0.14261745036985E+03
 0.14301022017003E+03
 0.14342119751018E+03
 0.14385104354065E+03
 0.14430035015133E+03
 0.14476996735130E+03
 0.14526052346277E+03
 0.14577274202871E+03
 0.14630736623502E+03
 0.14686515767990E+03
 0.14744682355812E+03
 0.14805331974824E+03
 0.14868540986000E+03
 0.14934395716164E+03
 0.15002985477577E+03
 0.15074400424112E+03
 0.15148742781400E+03
 0.15226110831997E+03
 0.15306608841615E+03
 0.15390347792523E+03
 0.15477435921653E+03
 0.15568005034729E+03
 0.15662175555779E+03
 0.15760077700453E+03
 0.15861849130809E+03
 0.15967626404599E+03
 0.16077569264631E+03
 0.16191825850708E+03
 0.16310555820978E+03
 0.16433919538403E+03
 0.16562095111992E+03
 0.16695250669563E+03
 0.16833561143770E+03
 0.16977199432933E+03
 0.17126350900021E+03
 0.17281187634996E+03
 0.17441881579490E+03
 0.17608595939634E+03
 0.17781497346598E+03
 0.17960730528104E+03
 0.18146427891176E+03
 0.18338715204144E+03
 0.18537690991322E+03
 0.18743433289031E+03
 0.18955995401716E+03
 0.19175411713691E+03
 0.19401678144403E+03
 0.19634762719827E+03
 0.19874607094249E+03
 0.20121114973665E+03
 0.20374156384763E+03
 0.20633582489283E+03
 0.20899205285854E+03
 0.21170810280962E+03
 0.21448157451264E+03
 0.21730984835493E+03
 0.22019014780210E+03
 0.22311950217250E+03
 0.22609482225667E+03
 0.22911292441174E+03
 0.23217033807011E+03
 0.23526429721657E+03
 0.23839128825457E+03
 0.24154806684417E+03
 0.24473145455242E+03
 0.24793831639321E+03
 0.25116559601213E+03
 0.25441037037383E+03
 0.25766975602494E+03
 0.26094102971548E+03
 0.26422156945005E+03
 0.26750886619729E+03
 0.27080053538644E+03
 0.27409431221298E+03
 0.27738805068851E+03
 0.28067972317650E+03
 0.28396741401834E+03
 0.28724931693413E+03
 0.29052373808103E+03
 0.29378907722083E+03
 0.29704380539623E+03
 0.30028659336170E+03
 0.30351609257216E+03
 0.30673107347590E+03
 0.30993038928738E+03
 0.31311297235848E+03
 0.31627782589031E+03
 0.31942402192191E+03
 0.32255070197733E+03
 0.32565706436207E+03
 0.32874237093749E+03
 0.33180593502742E+03
 0.33484712461076E+03
 0.33786535519538E+03
 0.34086008890705E+03
 0.34383083304615E+03
 0.34677714012882E+03
 0.34969859503260E+03
 0.35259483143979E+03
 0.35546550673443E+03
 0.35831032005762E+03
 0.36112899531016E+03
 0.36392129498421E+03
 0.36668699787536E+03
 0.36942591506654E+03
 0.37213789704206E+03
 0.37482279801480E+03
 0.37748050852369E+03
 0.38011094103315E+03
 0.38271401864991E+03
 0.38528969412853E+03
 0.38783792498721E+03
 0.39035870604963E+03
 0.39285203385443E+03
 0.39531793029640E+03
 0.39775642831862E+03
 0.40016757046307E+03
 0.40255141740011E+03
 0.40490804132962E+03
 0.40723752936839E+03
 0.40953997843185E+03
 0.41181549296910E+03
 0.41406419712586E+03
 0.41628621027121E+03
 0.41848167075373E+03
 0.42065072377118E+03
 0.42279352101836E+03
 0.42491022294543E+03
 0.42700100082384E+03
 0.42906602466564E+03
 0.43110547439539E+03
 0.43311953699078E+03
 0.43510840316345E+03
 0.43707226940187E+03
 0.43901133719133E+03
 0.44092581245017E+03
 0.44281590432055E+03
 0.44468182436983E+03
 0.44652379007805E+03
 0.44834202146053E+03
 0.45013674029697E+03
 0.45190817143102E+03
 0.45365654312137E+03
 0.45538208307844E+03
 0.45708502285962E+03
 0.45876559498373E+03
 0.46042403345564E+03
 0.46206057419936E+03
 0.46367545062702E+03
 0.46526890181397E+03
 0.46684116398364E+03
 0.46839247620648E+03
 0.46992307711047E+03
 0.47143320339741E+03
 0.47292309399397E+03
 0.47439298616660E+03
 0.47584311701662E+03
 0.47727372505380E+03
 0.47868504575895E+03
 0.48007731515549E+03
 0.48145076839551E+03
