 0.00000000000000E+00
 0.00000000000000E+00
 0.00000000000000E+00
 0.00000000000000E+00
 0.10850394210524E-35
 0.23060666602043E-31
 0.28437478165335E-28
 0.59177418888227E-26
 0.37605524973363E-24
 0.10416675613389E-22
 0.15773914141265E-21
 0.15186244088756E-20
 0.10319421976699E-19
 0.53331221883426E-19
 0.22141367792468E-18
 0.76941242146368E-18
 0.23093447076451E-17
 0.61349477919024E-17
 0.14707890085483E-16
 0.32331713395736E-16
 0.66108006746391E-16
 0.12773455929423E-15
 0.23880264748822E-15
 0.44994974348646E-15
 0.90848257771980E-15
 0.20757283763836E-14
 0.53585377873679E-14
 0.14778274845848E-13
 0.41021800479135E-13
 0.11054977094138E-12
 0.57259688421097E-08
 0.77465425610686E-08
 0.10291475054350E-07
 0.29555514387352E-07
 0.38038941710382E-07
 0.75929308778514E-07
 0.11719590397269E-06
 0.17687535535786E-06
 0.26148233241597E-06
 0.37925207267506E-06
 0.54043941516881E-06
 0.75764030067529E-06
 0.10461286553835E-05
 0.14242198355857E-05
 0.19136413188288E-05
 0.25399214426656E-05
 0.33327891173253E-05
 0.43265808356898E-05
 0.55606584100196E-05
 0.70798439938207E-05
 0.89348082809163E-05
 0.11182558054838E-04
 0.13886833676513E-04
 0.17118554013448E-04
 0.20956258298657E-04
 0.25486543774646E-04
 0.30804515717437E-04
 0.37014204219720E-04
 0.44229013275003E-04
 0.52572160892683E-04
 0.62177117522148E-04
 0.73188147803804E-04
 0.85760353448242E-04
 0.10006067895173E-03
 0.11626796572966E-03
 0.13457348327939E-03
 0.15518139142798E-03
 0.17830915451990E-03
 0.20418795487626E-03
 0.23306322168982E-03
 0.26519499223779E-03
 0.30085839466343E-03
 0.34034407464376E-03
 0.38395868284068E-03
 0.43202529895934E-03
 0.48488392396866E-03
 0.54289208803885E-03
 0.60642508691304E-03
 0.67587661056125E-03
 0.75165929852547E-03
 0.83420640812048E-03
 0.92396735578655E-03
 0.10214160398764E-02
 0.11270461452538E-02
 0.12413725883167E-02
 0.13650638309042E-02
 0.14984413637842E-02
 0.16422011945031E-02
 0.17969516912942E-02
 0.19633259915232E-02
 0.21419839403252E-02
 0.23336117885283E-02
 0.25389221479753E-02
 0.27586563471310E-02
 0.29935839679459E-02
 0.32445052368988E-02
 0.35122507321160E-02
 0.37976868037287E-02
 0.41017004152361E-02
 0.44252233921769E-02
 0.47692185127636E-02
 0.51346838575263E-02
 0.55226542572748E-02
 0.59342026016798E-02
 0.63704400146566E-02
 0.68325181232605E-02
 0.73216258356623E-02
 0.78389989256896E-02
 0.83859123452652E-02
 0.89636856221017E-02
 0.95736926593013E-02
 0.10217325005222E-01
 0.10896044704716E-01
 0.11611352259415E-01
 0.12364801114354E-01
 0.13157981228262E-01
 0.13992535775914E-01
 0.14870151521879E-01
 0.15792563989193E-01
 0.16761553176821E-01
 0.17778961558306E-01
 0.18846816658093E-01
 0.19966675417637E-01
 0.21140656398960E-01
 0.22370736385557E-01
 0.23658926497708E-01
 0.25007262823540E-01
 0.26417805929134E-01
 0.27892633418531E-01
 0.29433850932216E-01
 0.31043506114449E-01
 0.32723707587456E-01
 0.34476532740474E-01
 0.36304036742337E-01
 0.38208242551470E-01
 0.40191138356098E-01
 0.42254696377640E-01
 0.44400753360046E-01
 0.46631147019387E-01
 0.48947624390840E-01
 0.51351845912645E-01
 0.53845372859365E-01
 0.56429680543412E-01
 0.59106154317961E-01
 0.61875984801286E-01
 0.64740333930338E-01
 0.67700211310940E-01
 0.70756505825639E-01
 0.73909980057070E-01
 0.77161301517343E-01
 0.80510926372572E-01
 0.83959283564211E-01
 0.87506637297521E-01
 0.91153146757468E-01
 0.94899086449553E-01
 0.98743912224806E-01
 0.10268766857781E+00
 0.10673002935034E+00
 0.11087060768854E+00
 0.11510887559313E+00
 0.11944411092348E+00
 0.12387557143376E+00
 0.12840228195683E+00
 0.13302316226796E+00
 0.13773694995568E+00
 0.14254213112567E+00
 0.14743702801976E+00
 0.15241972302206E+00
 0.15748806477709E+00
 0.16263949749601E+00
 0.16787123333962E+00
 0.17318007621046E+00
 0.17856246324225E+00
 0.18401432229001E+00
 0.18953120190073E+00
 0.19510811172380E+00
 0.20073957737783E+00
 0.20641953257576E+00
 0.21214141247475E+00
 0.21789811947333E+00
 0.22368197650734E+00
 0.22948486725248E+00
 0.23529816818515E+00
 0.24111291064993E+00
 0.24691973950553E+00
 0.25270907167905E+00
 0.25847121002874E+00
 0.26419636016843E+00
 0.26987485783029E+00
 0.27549712510035E+00
 0.28105421685824E+00
 0.28653725367627E+00
 0.29193804131962E+00
 0.29724896390251E+00
 0.30246312484131E+00
 0.30757433615244E+00
 0.31257722568035E+00
 0.31746720110894E+00
 0.32224049311309E+00
 0.32689516546130E+00
 0.33142691033148E+00
 0.33583524791020E+00
 0.34011936838360E+00
 0.34427906944781E+00
 0.34831473695310E+00
 0.35222725996320E+00
 0.35601798159055E+00
 0.35968863921850E+00
 0.36324129422752E+00
 0.36667830158253E+00
 0.37000224284182E+00
 0.37321588693903E+00
 0.37632214713600E+00
 0.37932404290108E+00
 0.38222466838572E+00
 0.38502716271799E+00
 0.38773468529980E+00
 0.39035039353768E+00
 0.39287742896796E+00
 0.39531886609769E+00
 0.39767781212318E+00
 0.39995723261407E+00
 0.40216005700196E+00
 0.40428913862807E+00
 0.40634725306595E+00
 0.40833709219107E+00
 0.41026126308069E+00
 0.41212228790289E+00
 0.41392260070993E+00
 0.41566454775530E+00
 0.41735038840945E+00
 0.41898229576239E+00
 0.42056236473634E+00
 0.42209260076567E+00
 0.42357493198758E+00
 0.42501120900444E+00
 0.42640320527004E+00
 0.42775262425543E+00
 0.42906109538444E+00
 0.43033018023645E+00
 0.43156137556284E+00
 0.43275611477498E+00
 0.43391577267602E+00
 0.43504166115234E+00
 0.43613504212395E+00
 0.43719711982774E+00
 0.43822904860800E+00
 0.43923193470738E+00
 0.44020683700563E+00
 0.44115476887614E+00
 0.44207670132063E+00
 0.44297356480809E+00
 0.44384625141643E+00
 0.44469561536499E+00
 0.44552247530073E+00
 0.44632761528821E+00
 0.44711178756271E+00
 0.44787571348067E+00
 0.44862008477377E+00
 0.44934556460637E+00
 0.45005279024443E+00
 0.45074237292849E+00
 0.45141489794411E+00
 0.45207092852924E+00
 0.45271100534546E+00
 0.45333564727185E+00
 0.45394535314670E+00
 0.45454060243096E+00
 0.45512185569229E+00
 0.45568955542123E+00
 0.45624412745912E+00
 0.45678598123297E+00
 0.45731551070120E+00
 0.45783309496884E+00
 0.45833909877803E+00
 0.45883387327445E+00
 0.45931775656490E+00
 0.45979107433764E+00
 0.46025414030891E+00
 0.46070725680268E+00
 0.46115071521316E+00
 0.46158479631683E+00
 0.46200977097660E+00
 0.46242590042077E+00
 0.46283343640648E+00
 0.46323262213516E+00
 0.46362369229584E+00
 0.46400687324176E+00
 0.46438238360144E+00
 0.46475043456755E+00
 0.46511123012740E+00
 0.46546496753093E+00
 0.46581183712243E+00
 0.46615202269076E+00
 0.46648570230288E+00
 0.46681304807516E+00
 0.46713422648438E+00
 0.46744939838021E+00
 0.46775871953418E+00
 0.46806234068271E+00
