 0.00000000000000E+00
 0.00000000000000E+00
 0.00000000000000E+00
 0.00000000000000E+00
 0.10850394065656E-25
 0.23060666294151E-21
 0.28437477785654E-18
 0.59177418098123E-16
 0.37605524471275E-14
 0.10416675474308E-12
 0.15773913930585E-11
 0.15186243885272E-10
 0.10319421834626E-09
 0.53331220934365E-09
 0.22141366264318E-08
 0.76941193794326E-08
 0.23093322011171E-07
 0.61347157024999E-07
 0.14704703827574E-06
 0.32297989661751E-06
 0.65822690190758E-06
 0.12574578318011E-05
 0.22709001404975E-05
 0.39042934308937E-05
 0.64282917200582E-05
 0.10186536411045E-04
 0.15602253659075E-04
 0.23182538157473E-04
 0.33520842764004E-04
 0.47297103201943E-04
 0.65275252272270E-04
 0.88299853655760E-04
 0.11729038642790E-03
 0.15323314032815E-03
 0.19717446857754E-03
 0.25021095111019E-03
 0.31348075826237E-03
 0.38815112681681E-03
 0.47541232386218E-03
 0.57646567309164E-03
 0.69251471329345E-03
 0.82475813361609E-03
 0.97437467021957E-03
 0.11425249266018E-02
 0.13303384321732E-02
 0.15389086557665E-02
 0.17692874304565E-02
 0.20224800657785E-02
 0.22994411570259E-02
 0.26010763368308E-02
 0.29282192421936E-02
 0.32816582153233E-02
 0.36621162373029E-02
 0.40702540675086E-02
 0.45066696535522E-02
 0.49718979370187E-02
 0.54664110712949E-02
 0.59906190221236E-02
 0.65448704645826E-02
 0.71294540341216E-02
 0.77445998053689E-02
 0.83904958132954E-02
 0.90672322553670E-02
 0.97748878554600E-02
 0.10513477596275E-01
 0.11282968088679E-01
 0.12083280134566E-01
 0.12914291253062E-01
 0.13775838255478E-01
 0.14667719872796E-01
 0.15589699387224E-01
 0.16541507281669E-01
 0.17522843887961E-01
 0.18533382017041E-01
 0.19572769562230E-01
 0.20640632069711E-01
 0.21736575279390E-01
 0.22860187588977E-01
 0.24011042490633E-01
 0.25188700889437E-01
 0.26392750802312E-01
 0.27622662642596E-01
 0.28878008353621E-01
 0.30158321425018E-01
 0.31463133473851E-01
 0.32791987561388E-01
 0.34144398271231E-01
 0.35519913044369E-01
 0.36918076165061E-01
 0.38338439432360E-01
 0.39780564051842E-01
 0.41244022089043E-01
 0.42728397896422E-01
 0.44233289781248E-01
 0.45758311316192E-01
 0.47303092910338E-01
 0.48867283006048E-01
 0.50450604387708E-01
 0.52052637790171E-01
 0.53673146459048E-01
 0.55311863971785E-01
 0.56968548097394E-01
 0.58642982262420E-01
 0.60334976478320E-01
 0.62044368592022E-01
 0.63771024868526E-01
 0.65514842245439E-01
 0.67275748825795E-01
 0.69053704222819E-01
 0.70848701849127E-01
 0.72660833302421E-01
 0.74490036221608E-01
 0.76336471459931E-01
 0.78200275618225E-01
 0.80081625791288E-01
 0.81980735398128E-01
 0.83897860477105E-01
 0.85833297453525E-01
 0.87787385938779E-01
 0.89760508081156E-01
 0.91753155638827E-01
 0.93765713562811E-01
 0.95798679275446E-01
 0.97852652154481E-01
 0.99928237874835E-01
 0.10202608860399E+00
 0.10414690168657E+00
 0.10629142023997E+00
 0.10846043217553E+00
 0.11065483375394E+00
 0.11287537054314E+00
 0.11512302105660E+00
 0.11739874087882E+00
 0.11970352240424E+00
 0.12203839220359E+00
 0.12440441000884E+00
 0.12680272714562E+00
 0.12923434032913E+00
 0.13170044407614E+00
 0.13420219558202E+00
 0.13674076555374E+00
 0.13931733226501E+00
 0.14193308375043E+00
 0.14458926135880E+00
 0.14728693683445E+00
 0.15002733965754E+00
 0.15281162928928E+00
 0.15564095027617E+00
 0.15851642317314E+00
 0.16143919053368E+00
 0.16441021497774E+00
 0.16743057157656E+00
 0.17050124672873E+00
 0.17362317769931E+00
 0.17679737669739E+00
 0.18002443483497E+00
 0.18330524186029E+00
 0.18664048760285E+00
 0.19003081215352E+00
 0.19347678688533E+00
 0.19697877198457E+00
 0.20053716133594E+00
 0.20415214999677E+00
 0.20782383717171E+00
 0.21155217777653E+00
 0.21533687789419E+00
 0.21917753804135E+00
 0.22307353351033E+00
 0.22702404414606E+00
 0.23102789309775E+00
 0.23508372350830E+00
 0.23918983328145E+00
 0.24334422277950E+00
 0.24754445752854E+00
 0.25178780976213E+00
 0.25607111167240E+00
 0.26039080912641E+00
 0.26474285991109E+00
 0.26912283944155E+00
 0.27352589539049E+00
 0.27794670228609E+00
 0.28237959422716E+00
 0.28681849947576E+00
 0.29125706460400E+00
 0.29568861437607E+00
 0.30010629527062E+00
 0.30450313954887E+00
 0.30887208058609E+00
 0.31320612881203E+00
 0.31749835612241E+00
 0.32174222657018E+00
 0.32593128328169E+00
 0.33005954381617E+00
 0.33412143277274E+00
 0.33811188894302E+00
 0.34202635461501E+00
 0.34586086259607E+00
 0.34961200774657E+00
 0.35327697981569E+00
 0.35685443103530E+00
 0.36034089355428E+00
 0.36373607228409E+00
 0.36703930579352E+00
 0.37025037381618E+00
 0.37336948830327E+00
 0.37639722890330E+00
 0.37933450989683E+00
 0.38218253584779E+00
 0.38494275008901E+00
 0.38761681565948E+00
 0.39020656430436E+00
 0.39271396920612E+00
 0.39514111335679E+00
 0.39749016184316E+00
 0.39976333901666E+00
 0.40196290677320E+00
 0.40409114598213E+00
 0.40615034053904E+00
 0.40814276768567E+00
 0.41007066252473E+00
 0.41193627736294E+00
 0.41374177612232E+00
 0.41548929591751E+00
 0.41718092120310E+00
 0.41881868286678E+00
 0.42040455363479E+00
 0.42194044673792E+00
 0.42342821589304E+00
 0.42486965207822E+00
 0.42626648466730E+00
 0.42762038127637E+00
 0.42893294772157E+00
 0.43020573495955E+00
 0.43144022884377E+00
 0.43263786034901E+00
 0.43380000476964E+00
 0.43492798170913E+00
 0.43602306077406E+00
 0.43708645758149E+00
 0.43811933882758E+00
 0.43912282431862E+00
 0.44009798780555E+00
 0.44104586084662E+00
 0.44196742841194E+00
 0.44286363998577E+00
 0.44373540220499E+00
 0.44458358551328E+00
 0.44540902527223E+00
 0.44621252194976E+00
 0.44699484262801E+00
 0.44775672316114E+00
 0.44849886967261E+00
 0.44922196010691E+00
 0.44992664430437E+00
 0.45061354591053E+00
 0.45128326282609E+00
 0.45193636951106E+00
 0.45257341747723E+00
 0.45319493623157E+00
 0.45380143401984E+00
 0.45439339995995E+00
 0.45497130361815E+00
 0.45553559516830E+00
 0.45608670835630E+00
 0.45662506000979E+00
 0.45715105070550E+00
 0.45766506594426E+00
 0.45816747674198E+00
 0.45865863981101E+00
 0.45913889831655E+00
 0.45960858288253E+00
 0.46006801174073E+00
 0.46051749143333E+00
 0.46095731730511E+00
 0.46138777382037E+00
 0.46180913513482E+00
 0.46222166549341E+00
 0.46262561973337E+00
 0.46302124359935E+00
 0.46340877416527E+00
 0.46378844017449E+00
 0.46416046228423E+00
 0.46452505353838E+00
 0.46488241968794E+00
 0.46523275916258E+00
 0.46557626388701E+00
 0.46591311925924E+00
 0.46624350427164E+00
 0.46656759197056E+00
 0.46688554969778E+00
 0.46719753925240E+00
 0.46750371727006E+00
 0.46780423501475E+00
 0.46809923865543E+00
 0.46838887000167E+00
 0.46867326626692E+00
 0.46895256025795E+00
 0.46922688043318E+00
 0.46949635130978E+00
 0.46976109349558E+00
