                  NaN
                  NaN
                  NaN
                  NaN
 0.84939359806072E+42
 0.18804262420073E+34
 0.12365675806029E+28
 0.28555382355645E+23
 0.70712583694740E+19
 0.92159845381917E+16
 0.40190283732962E+14
 0.43360997600333E+12
 0.93905120488291E+10
 0.35159035635870E+09
 0.20398169433142E+08
 0.16892052483719E+07
 0.18751218701422E+06
 0.26572197242084E+05
 0.46257412830238E+04
 0.95962560182096E+03
 0.23180687966234E+03
 0.64243099395976E+02
 0.20391166323519E+02
 0.75601701798369E+01
 0.34199637003185E+01
 0.19637112348912E+01
 0.14107951779472E+01
 0.11860707203681E+01
 0.10889959303564E+01
 0.10447024082057E+01
 0.20583454078517E+05
 0.11248973933857E+05
 0.63758420499098E+04
 0.82107108083700E+04
 0.49592895807647E+04
 0.48435575972941E+04
 0.38007672440104E+04
 0.30210572666088E+04
 0.24300291849015E+04
 0.19763157182302E+04
 0.16238930465018E+04
 0.13471260655837E+04
 0.11275531605507E+04
 0.95167914243991E+03
 0.80954258258356E+03
 0.69370559290456E+03
 0.59855690254708E+03
 0.51982163696868E+03
 0.45421342655985E+03
 0.39918212611266E+03
 0.35273922259303E+03
 0.31331305119482E+03
 0.27965771979032E+03
 0.25077755381287E+03
 0.22587162319870E+03
 0.20429155955990E+03
 0.18550941756624E+03
 0.16909269949218E+03
 0.15468527649584E+03
 0.14199238406845E+03
 0.13076883715597E+03
 0.12080924952297E+03
 0.11194256228445E+03
 0.10402322646761E+03
 0.96928404397816E+02
 0.90553680396198E+02
 0.84809970246066E+02
 0.79620972090739E+02
 0.74921094378762E+02
 0.70653794223590E+02
 0.66770137320362E+02
 0.63227653442221E+02
 0.59989365183552E+02
 0.57022989610410E+02
 0.54300256402964E+02
 0.51796345563428E+02
 0.49489420354885E+02
 0.47360194347756E+02
 0.45391605847017E+02
 0.43568527542157E+02
 0.41877389168872E+02
 0.40306440835219E+02
 0.38844876727558E+02
 0.37483125006391E+02
 0.36212590232725E+02
 0.35028885467038E+02
 0.33918540607876E+02
 0.32878513253633E+02
 0.31903135964926E+02
 0.30987276765079E+02
 0.30126297237502E+02
 0.29315979156606E+02
 0.28552471247126E+02
 0.27832269983064E+02
 0.27152168538067E+02
 0.26509240706521E+02
 0.25900800724590E+02
 0.25324322936751E+02
 0.24777659229561E+02
 0.24258657095958E+02
 0.23765386683940E+02
 0.23296062444828E+02
 0.22849031027590E+02
 0.22422759722738E+02
 0.22015821383817E+02
 0.21626889592593E+02
 0.21254714875903E+02
 0.20898144430074E+02
 0.20556088097833E+02
 0.20227524514140E+02
 0.19911456624508E+02
 0.19607052849674E+02
 0.19313416382399E+02
 0.19029735200573E+02
 0.18755246805164E+02
 0.18489211772455E+02
 0.18230933916577E+02
 0.17979745089994E+02
 0.17735009037943E+02
 0.17496115417913E+02
 0.17262455574624E+02
 0.17033663897225E+02
 0.16808880655539E+02
 0.16587729525430E+02
 0.16369707264143E+02
 0.16154331701749E+02
 0.15941137906009E+02
 0.15729680544252E+02
 0.15519532591266E+02
 0.15310264503896E+02
 0.15101524336923E+02
 0.14892923879064E+02
 0.14684114553121E+02
 0.14474768882619E+02
 0.14264581705036E+02
 0.14053273545752E+02
 0.13840577962791E+02
 0.13626297620699E+02
 0.13410220349308E+02
 0.13192180290587E+02
 0.12972042740295E+02
 0.12749704983744E+02
 0.12525100180135E+02
 0.12298183517700E+02
 0.12068977499005E+02
 0.11837508193916E+02
 0.11603846705569E+02
 0.11368097670097E+02
 0.11130398656049E+02
 0.10890911059131E+02
 0.10649849218199E+02
 0.10407432223835E+02
 0.10163909696444E+02
 0.99195559653128E+01
 0.96746632739061E+01
 0.94295398988109E+01
 0.91845088184754E+01
 0.89399022557831E+01
 0.86960593814283E+01
 0.84533188525891E+01
 0.82120342139176E+01
 0.79725429711210E+01
 0.77351849830257E+01
 0.75002917011664E+01
 0.72681852323909E+01
 0.70391849986536E+01
 0.68135908317970E+01
 0.65916918192135E+01
 0.63737604178027E+01
 0.61600604391474E+01
 0.59508327900533E+01
 0.57463040044858E+01
 0.55466810958318E+01
 0.53521575615933E+01
 0.51629033231275E+01
 0.49790713752812E+01
 0.48007937925987E+01
 0.46281857163364E+01
 0.44613393240778E+01
 0.43003262894245E+01
 0.41451996981022E+01
 0.39959891150428E+01
 0.38527043457830E+01
 0.37153327022104E+01
 0.35838423214578E+01
 0.34581795180688E+01
 0.33382702082994E+01
 0.32240223669036E+01
 0.31153245011982E+01
 0.30120493037977E+01
 0.29140505628111E+01
 0.28211725057521E+01
 0.27332451661011E+01
 0.26500892812681E+01
 0.25715172185278E+01
 0.24973361415851E+01
 0.24273488432564E+01
 0.23613565728186E+01
 0.22991603182077E+01
 0.22405475994154E+01
 0.21853549626765E+01
 0.21333773186226E+01
 0.20844301499270E+01
 0.20383354437386E+01
 0.19949218553374E+01
 0.19540255335290E+01
 0.19154902869219E+01
 0.18791678038379E+01
 0.18449178411777E+01
 0.18126079170068E+01
 0.17821133798441E+01
 0.17533171293943E+01
 0.17261093849128E+01
 0.17003874008565E+01
 0.16760551349431E+01
 0.16530229198186E+01
 0.16312071236423E+01
 0.16105298022106E+01
 0.15909183167979E+01
 0.15723052114800E+01
 0.15546273242603E+01
 0.15378262573525E+01
 0.15218475339910E+01
 0.15066404880941E+01
 0.14921579675766E+01
 0.14783560977421E+01
 0.14651940407617E+01
 0.14526337634690E+01
 0.14406398555749E+01
 0.14291793220212E+01
 0.14182214114417E+01
 0.14077374573241E+01
 0.13977006744918E+01
 0.13880861117479E+01
 0.13788704469203E+01
 0.13700318856503E+01
 0.13615500617126E+01
 0.13534059026659E+01
 0.13455815789779E+01
 0.13380603894673E+01
 0.13308266788321E+01
 0.13238657698354E+01
 0.13171638780542E+01
 0.13107080934796E+01
 0.13044862522126E+01
 0.12984869482616E+01
 0.12926994458207E+01
 0.12871136366190E+01
 0.12817200066437E+01
 0.12765095951642E+01
 0.12714739536225E+01
 0.12666051100749E+01
 0.12618955362299E+01
 0.12573381265668E+01
 0.12529261659040E+01
 0.12486533094416E+01
 0.12445135511222E+01
 0.12405012061343E+01
 0.12366108910597E+01
 0.12328375065343E+01
 0.12291762122249E+01
 0.12256224194464E+01
 0.12221717794458E+01
 0.12188201567176E+01
 0.12155636234896E+01
 0.12123984475413E+01
 0.12093210785445E+01
 0.12063281375139E+01
 0.12034164100140E+01
 0.12005828354630E+01
 0.11978244963025E+01
 0.11951386121727E+01
 0.11925225313414E+01
 0.11899737235178E+01
 0.11874897742124E+01
 0.11850683778486E+01
 0.11827073321526E+01
 0.11804045320404E+01
 0.11781579649407E+01
 0.11759657057436E+01
 0.11738259123635E+01
 0.11717368219235E+01
 0.11696967461473E+01
 0.11677040671501E+01
 0.11657572360535E+01
 0.11638547664426E+01
 0.11619952328966E+01
 0.11601772687345E+01
 0.11583995621076E+01
 0.11566608532387E+01
 0.11549599322751E+01
 0.11532956360105E+01
 0.11516668479910E+01
 0.11500724959357E+01
 0.11485115466586E+01
 0.11469830064748E+01
 0.11454859194656E+01
 0.11440193661421E+01
 0.11425824606299E+01
 0.11411743497377E+01
