-0.00000000000000E+00
-0.44441287912260E-04
-0.24563911864231E-02
-0.30888041804715E-01
-0.18780753601152E+00
-0.74518074206722E+00
-0.22392308530984E+01
-0.55264020889305E+01
-0.11719970259057E+02
-0.21883789767400E+02
-0.36352356721020E+02
-0.53594548894533E+02
-0.68628722812823E+02
-0.33536426896471E+03
-0.57193477111775E+03
-0.80101160485031E+03
-0.13394887442831E+04
-0.21257395268435E+04
-0.28892835141191E+04
-0.40272629413786E+04
-0.54207898636526E+04
-0.68096021026147E+04
-0.85729943611906E+04
-0.10286032437351E+05
-0.12298491455290E+05
-0.14104081289088E+05
-0.16063486875253E+05
-0.17638215840418E+05
-0.18887058666108E+05
-0.19937642034182E+05
-0.20195955350257E+05
-0.19665449294494E+05
-0.18447187745865E+05
-0.15902683507412E+05
-0.12047167722227E+05
-0.66901424123962E+04
 0.13032471379450E+03
 0.90803327466597E+04
 0.20158658221583E+05
 0.33573859896976E+05
 0.49541164106154E+05
 0.68043461974075E+05
 0.89748236561440E+05
 0.11465871893842E+06
 0.14298766033332E+06
 0.17495060286175E+06
 0.21076257307189E+06
 0.25063832696008E+06
 0.29479086614898E+06
 0.34319851671000E+06
 0.39653265890583E+06
 0.45478528322590E+06
 0.51816708793726E+06
 0.58689233646520E+06
 0.66117681807946E+06
 0.74123829313273E+06
 0.82729710215398E+06
 0.91957808556540E+06
 0.10183077993481E+07
 0.11237188360511E+07
 0.12360494064682E+07
 0.13553147569628E+07
 0.14822191824592E+07
 0.16168022018784E+07
 0.17593316220346E+07
 0.19100876894792E+07
 0.20693614913097E+07
 0.22374568830807E+07
 0.24146910702594E+07
 0.26013969577931E+07
 0.27979232347997E+07
 0.30046355169604E+07
 0.32219186184973E+07
 0.34501776046599E+07
 0.36898392830498E+07
 0.39413538453695E+07
 0.42051962033405E+07
 0.44818684031060E+07
 0.47719008504730E+07
 0.50758552687454E+07
 0.53940996790173E+07
 0.57277054032646E+07
 0.60771184789111E+07
 0.64430410699089E+07
 0.68262180234698E+07
 0.72274445683566E+07
 0.76475442922947E+07
 0.80874083717508E+07
 0.85479747672235E+07
 0.90302348336775E+07
 0.95352408897478E+07
 0.10064107507294E+08
 0.10618014975065E+08
 0.11198213503893E+08
 0.11806027215488E+08
 0.12442858432761E+08
 0.13110192204881E+08
 0.13809390299488E+08
 0.14542541768387E+08
 0.15311198938038E+08
 0.16117224384854E+08
 0.16962594207362E+08
 0.17849400143000E+08
 0.18779854136878E+08
 0.19756298652683E+08
 0.20781214385507E+08
 0.21857215928756E+08
 0.22987067010544E+08
 0.24173702668691E+08
 0.25420215356767E+08
 0.26729682501850E+08
 0.28105961917144E+08
 0.29552504821656E+08
 0.31073172465107E+08
 0.32672046910028E+08
 0.34353432970028E+08
 0.36121872812315E+08
 0.37982157355725E+08
 0.39939347888602E+08
 0.41998778327425E+08
 0.44165882836325E+08
 0.46446971704961E+08
 0.48848086855085E+08
 0.51375802811968E+08
 0.54037034001429E+08
 0.56839052841970E+08
 0.59789502348067E+08
 0.62896411597489E+08
 0.66168209093178E+08
 0.69613559102691E+08
 0.73242075763840E+08
 0.77063293321396E+08
 0.81087365007455E+08
 0.85324904619525E+08
 0.89786995627752E+08
 0.94485200120926E+08
 0.99431409163451E+08
 0.10463847023871E+09
 0.11011926289908E+09
 0.11588731405827E+09
 0.12195665128260E+09
 0.12834179381711E+09
 0.13505774829106E+09
 0.14211987236259E+09
 0.14954440608511E+09
 0.15734765486347E+09
 0.16554650590904E+09
 0.17415826883126E+09
 0.18320069453294E+09
 0.19269180539206E+09
 0.20265037439431E+09
 0.21309517112253E+09
 0.22404542756505E+09
 0.23552071508193E+09
 0.24754072597421E+09
 0.26012581267087E+09
 0.27329625419562E+09
 0.28707258501745E+09
 0.30147562294786E+09
 0.31652625932163E+09
 0.33224568850019E+09
 0.34865515788648E+09
 0.36577588026220E+09
 0.38362944995852E+09
 0.40223714087288E+09
 0.42162065938755E+09
 0.44180144598600E+09
 0.46280103671243E+09
 0.48464090331074E+09
 0.50734257684892E+09
 0.53092743615843E+09
 0.55541672875457E+09
 0.58083160062308E+09
 0.60719314176008E+09
 0.63452225754436E+09
 0.66283959418903E+09
 0.69216562418313E+09
 0.72252069525718E+09
 0.75392481099466E+09
 0.78639775865362E+09
 0.81995908958442E+09
 0.85462805788914E+09
 0.89042360638768E+09
 0.92736444985682E+09
 0.96546903684472E+09
 0.10047555279981E+10
 0.10452418313848E+10
 0.10869456498613E+10
 0.11298843856876E+10
 0.11740754539386E+10
 0.12195359604363E+10
 0.12662829914454E+10
 0.13143335458760E+10
 0.13637045720209E+10
 0.14144130302361E+10
 0.14664759603152E+10
 0.15199104481171E+10
 0.15747336881034E+10
 0.16309630399545E+10
 0.16886159919711E+10
 0.17477102376484E+10
 0.18082636572992E+10
 0.18702943653085E+10
 0.19338206618236E+10
 0.19988610958902E+10
 0.20654344258182E+10
 0.21335595905171E+10
 0.22032559095483E+10
 0.22745428367119E+10
 0.23474400387557E+10
 0.24219674165522E+10
 0.24981450922105E+10
 0.25759933853997E+10
 0.26555327986138E+10
 0.27367840438648E+10
 0.28197680373006E+10
 0.29045058240058E+10
 0.29910186904162E+10
 0.30793280374232E+10
 0.31694554507185E+10
 0.32614226670939E+10
 0.33552515668901E+10
 0.34509642188237E+10
 0.35485827578317E+10
 0.36481295066203E+10
 0.37496269307238E+10
 0.38530975893536E+10
 0.39585642226281E+10
 0.40660496118442E+10
 0.41755767188650E+10
 0.42871686152284E+10
 0.44008484451252E+10
 0.45166395943345E+10
 0.46345653795287E+10
 0.47546493177666E+10
 0.48769150551691E+10
 0.50013862564987E+10
 0.51280868674084E+10
 0.52570407550237E+10
 0.53882718988247E+10
 0.55218044290689E+10
 0.56576625826281E+10
 0.57958707630395E+10
 0.59364531890106E+10
 0.60794346064188E+10
 0.62248395108151E+10
 0.63726925827813E+10
 0.65230186920755E+10
 0.66758427340627E+10
 0.68311896434730E+10
 0.69890844522872E+10
 0.71495523573300E+10
 0.73126186114168E+10
 0.74783085919391E+10
 0.76466477601008E+10
 0.78176615524912E+10
 0.79913755947174E+10
 0.81678155899604E+10
 0.83470073146092E+10
 0.85289766256296E+10
 0.87137495432808E+10
 0.89013521701869E+10
 0.90918105303484E+10
 0.92851508768390E+10
 0.94813995195921E+10
 0.96805828483385E+10
 0.98827273519265E+10
 0.10087859659145E+11
 0.10296006390933E+11
 0.10507194272988E+11
 0.10721450148397E+11
 0.10938800928888E+11
 0.11159273615532E+11
 0.11382895317024E+11
 0.11609693208838E+11
 0.11839694533143E+11
 0.12072926652289E+11
 0.12309416986904E+11
 0.12549193059223E+11
 0.12792282482153E+11
 0.13038712961701E+11
 0.13288512265637E+11
 0.13541708247283E+11
 0.13798328852203E+11
 0.14058402132540E+11
 0.14321956197782E+11
 0.14589019272001E+11
 0.14859619646665E+11
 0.15133785664514E+11
 0.15411545805073E+11
 0.15692928628141E+11
 0.15977962838267E+11
 0.16266677068758E+11
 0.16559100169109E+11
 0.16855261008890E+11
 0.17155188620522E+11
 0.17458912061037E+11
 0.17766460466791E+11
 0.18077863082636E+11
 0.18393149239925E+11
