 0.22301761513726E+00
 0.22301761513743E+00
 0.22301761514164E+00
 0.22301761517000E+00
 0.22301761527132E+00
 0.22301761552370E+00
 0.22301761602255E+00
 0.22301761683611E+00
 0.22301761786068E+00
 0.22301761848776E+00
 0.22301761705296E+00
 0.22301761013530E+00
 0.22301759184431E+00
 0.22301739785155E+00
 0.22301717230960E+00
 0.22301687030598E+00
 0.22301626777435E+00
 0.22301534858898E+00
 0.22301420540952E+00
 0.22301253613992E+00
 0.22301032432976E+00
 0.22300762683200E+00
 0.22300412216345E+00
 0.22299994485967E+00
 0.22299477440182E+00
 0.22298876932939E+00
 0.22298161064760E+00
 0.22297346681393E+00
 0.22296416576960E+00
 0.22295349098282E+00
 0.22294165766152E+00
 0.22292849789196E+00
 0.22291381936032E+00
 0.22289785540530E+00
 0.22288045059783E+00
 0.22286157993525E+00
 0.22284107697225E+00
 0.22281919962236E+00
 0.22279581252008E+00
 0.22277090737798E+00
 0.22274448321328E+00
 0.22271640316108E+00
 0.22268694350014E+00
 0.22265598678727E+00
 0.22262354453918E+00
 0.22258963309139E+00
 0.22255427151516E+00
 0.22251748140853E+00
 0.22247914914863E+00
 0.22243956908334E+00
 0.22239864050159E+00
 0.22235639189612E+00
 0.22231285512957E+00
 0.22226806375442E+00
 0.22222205290728E+00
 0.22217485922882E+00
 0.22212652079420E+00
 0.22207707705366E+00
 0.22202656884528E+00
 0.22197503820982E+00
 0.22192238810416E+00
 0.22186893906706E+00
 0.22181460226106E+00
 0.22175942338162E+00
 0.22170345042533E+00
 0.22164673255439E+00
 0.22158932005525E+00
 0.22153126432423E+00
 0.22147261793988E+00
 0.22141343453360E+00
 0.22135376887809E+00
 0.22129367687556E+00
 0.22123321554367E+00
 0.22117244303201E+00
 0.22111141865979E+00
 0.22105020285488E+00
 0.22098885723037E+00
 0.22092744454462E+00
 0.22086602874520E+00
 0.22080453123791E+00
 0.22074330243419E+00
 0.22068226998653E+00
 0.22062150228323E+00
 0.22056106952214E+00
 0.22050104302974E+00
 0.22044149557681E+00
 0.22038252127496E+00
 0.22032415879003E+00
 0.22026650237839E+00
 0.22020963051651E+00
 0.22015362288087E+00
 0.22009856117216E+00
 0.22004452855922E+00
 0.21999160969045E+00
 0.21993989116675E+00
 0.21988946123866E+00
 0.21984041016616E+00
 0.21979268425547E+00
 0.21974666399980E+00
 0.21970230521943E+00
 0.21965970595648E+00
 0.21961896599920E+00
 0.21958018811230E+00
 0.21954347715146E+00
 0.21950894085057E+00
 0.21947668902382E+00
 0.21944683339156E+00
 0.21941949077883E+00
 0.21939477888473E+00
 0.21937281801896E+00
 0.21935358833531E+00
 0.21933749922378E+00
 0.21932454112906E+00
 0.21931484703658E+00
 0.21930855189431E+00
 0.21930579470804E+00
 0.21930671823391E+00
 0.21931146556701E+00
 0.21932018456410E+00
 0.21933302637244E+00
 0.21935000723406E+00
 0.21937155187620E+00
 0.21939771163727E+00
 0.21942859911522E+00
 0.21946439938661E+00
 0.21950527565373E+00
 0.21955139262210E+00
 0.21960291645615E+00
 0.21966001301585E+00
 0.21972271496938E+00
 0.21979144782783E+00
 0.21986624696987E+00
 0.21994727400269E+00
 0.22003468757332E+00
 0.22012864243342E+00
 0.22022928935316E+00
 0.22033665217163E+00
 0.22045111174468E+00
 0.22057268379542E+00
 0.22070149646044E+00
 0.22083766957704E+00
 0.22098131583306E+00
 0.22113253882379E+00
 0.22129132137969E+00
 0.22145797347871E+00
 0.22163246562373E+00
 0.22181486900965E+00
 0.22200524832037E+00
 0.22220366167972E+00
 0.22241005584139E+00
 0.22262467848742E+00
 0.22284747102879E+00
 0.22307847599431E+00
 0.22331772740612E+00
 0.22356519589432E+00
 0.22382105145999E+00
 0.22408527437743E+00
 0.22435790365188E+00
 0.22463899524999E+00
 0.22492852965324E+00
 0.22522672555569E+00
 0.22553358548034E+00
 0.22584920033904E+00
 0.22617366209879E+00
 0.22650701243872E+00
 0.22684951102748E+00
 0.22720122840968E+00
 0.22756230763324E+00
 0.22793285145815E+00
 0.22831315003298E+00
 0.22870332289521E+00
 0.22910355031698E+00
 0.22951397537923E+00
 0.22993489188621E+00
 0.23036644277457E+00
 0.23080881580131E+00
 0.23126214409974E+00
 0.23172667748879E+00
 0.23220251818646E+00
 0.23268978475723E+00
 0.23318853079711E+00
 0.23369888457013E+00
 0.23422082164333E+00
 0.23475427916934E+00
 0.23529923323627E+00
 0.23585552232525E+00
 0.23642291456162E+00
 0.23700119651822E+00
 0.23759004315444E+00
 0.23818904099443E+00
 0.23879776692249E+00
 0.23941574963045E+00
 0.24004241502010E+00
 0.24067716893529E+00
 0.24131935580878E+00
 0.24196832998118E+00
 0.24262337377071E+00
 0.24328376083636E+00
 0.24394873844722E+00
 0.24461758715397E+00
 0.24528953145990E+00
 0.24596383106280E+00
 0.24663974056538E+00
 0.24731655373662E+00
 0.24799355632182E+00
 0.24867006470303E+00
 0.24934541526497E+00
 0.25001898695716E+00
 0.25069017022872E+00
 0.25135838412551E+00
 0.25202308971398E+00
 0.25268376848398E+00
 0.25333993491976E+00
 0.25399113306034E+00
 0.25463693822717E+00
 0.25527695364538E+00
 0.25591080982676E+00
 0.25653816270007E+00
 0.25715869343895E+00
 0.25777211526908E+00
 0.25837815379555E+00
 0.25897657523145E+00
 0.25956715196404E+00
 0.26014967903978E+00
 0.26072397471157E+00
 0.26128987512070E+00
 0.26184723455580E+00
 0.26239592296242E+00
 0.26293582710020E+00
 0.26346684738624E+00
 0.26398890204445E+00
 0.26450191927213E+00
 0.26500584008512E+00
 0.26550062103531E+00
 0.26598622051276E+00
 0.26646261751292E+00
 0.26692979813839E+00
 0.26738775491605E+00
 0.26783649410361E+00
 0.26827602496283E+00
 0.26870636796750E+00
 0.26912755361849E+00
 0.26953961064052E+00
 0.26994258426362E+00
 0.27033650991570E+00
 0.27072144886538E+00
 0.27109745339221E+00
 0.27146458783232E+00
 0.27182292013358E+00
 0.27217251824947E+00
 0.27251345904117E+00
 0.27284581710981E+00
 0.27316967821565E+00
 0.27348512433638E+00
 0.27379224521108E+00
 0.27409113180947E+00
 0.27438187553536E+00
 0.27466457159257E+00
 0.27493931672661E+00
 0.27520621088243E+00
 0.27546535499236E+00
 0.27571685134499E+00
 0.27596080186905E+00
 0.27619731169228E+00
 0.27642648654935E+00
 0.27664843255240E+00
 0.27686325719161E+00
 0.27707106788236E+00
 0.27727197430069E+00
 0.27746608417351E+00
 0.27765350521900E+00
 0.27783434724188E+00
 0.27800871946985E+00
 0.27817672971295E+00
 0.27833848735702E+00
 0.27849410149257E+00
 0.27864367980520E+00
 0.27878733057634E+00
 0.27892515974428E+00
 0.27905727553880E+00
 0.27918378384583E+00
 0.27930479014125E+00
 0.27942039955586E+00
 0.27953071571773E+00
 0.27963584231819E+00
 0.27973588191809E+00
 0.27983093572281E+00
 0.27992110481073E+00
 0.28000648842730E+00
 0.28008718439852E+00
 0.28016329213544E+00
 0.28023490706097E+00
 0.28030212556903E+00
 0.28036504165247E+00
 0.28042374850354E+00
 0.28047833834262E+00
 0.28052890064527E+00
 0.28057552782753E+00
 0.28061830556998E+00
 0.28065732383840E+00
