 0.00000000000000E+00
-0.26934114839423E-05
-0.29461266355221E-04
-0.11813660487284E-03
-0.29535088441237E-03
-0.56660461931355E-03
-0.92085786725958E-03
-0.13340616348620E-02
-0.17677989315860E-02
-0.21668922294036E-02
-0.24594870132947E-02
-0.25610225680268E-02
-0.23814119069856E-02
-0.89027994514540E-02
-0.11530641270553E-01
-0.12461319484291E-01
-0.16282156597697E-01
-0.20480636626575E-01
-0.22378842314445E-01
-0.25369082885934E-01
-0.27988426185730E-01
-0.29203256010495E-01
-0.30798374397501E-01
-0.31191812729756E-01
-0.31706454951671E-01
-0.31152590059251E-01
-0.30542259230069E-01
-0.29032680110352E-01
-0.27058446240050E-01
-0.24990565814278E-01
-0.22239773113972E-01
-0.19140584508012E-01
-0.15969120895577E-01
-0.12315483778560E-01
-0.84411552233380E-02
-0.43906259995609E-02
-0.33207160321065E-03
 0.39648958710853E-02
 0.83385120058208E-02
 0.12756896587862E-01
 0.17193707509819E-01
 0.21548438543640E-01
 0.25956095372097E-01
 0.30320869443459E-01
 0.34625518805343E-01
 0.38856474480652E-01
 0.43002341151584E-01
 0.47053726517716E-01
 0.50962590661530E-01
 0.54804973374345E-01
 0.58535129086481E-01
 0.62149388243491E-01
 0.65645722295214E-01
 0.69023184031494E-01
 0.72281749056031E-01
 0.75422200044430E-01
 0.78446020629218E-01
 0.81355309652041E-01
 0.84152725865874E-01
 0.86841267450959E-01
 0.89407609627934E-01
 0.91889441865008E-01
 0.94273548590189E-01
 0.96563947881039E-01
 0.98764948936732E-01
 0.10088098550635E+00
 0.10291654913004E+00
 0.10487616351493E+00
 0.10676449001311E+00
 0.10858606471948E+00
 0.11034546380142E+00
 0.11204723600161E+00
 0.11369588827129E+00
 0.11529587229872E+00
 0.11685160261333E+00
 0.11836741375561E+00
 0.11984757522805E+00
 0.12129628496816E+00
 0.12271798415093E+00
 0.12411023758352E+00
 0.12548919535732E+00
 0.12685279281099E+00
 0.12820483173629E+00
 0.12954905601336E+00
 0.13088914472815E+00
 0.13222885014506E+00
 0.13357165903116E+00
 0.13492103450330E+00
 0.13628050122760E+00
 0.13765351494831E+00
 0.13904341460198E+00
 0.14045354638343E+00
 0.14188721966963E+00
 0.14334771123717E+00
 0.14483828036801E+00
 0.14636216542456E+00
 0.14792246216063E+00
 0.14952035778331E+00
 0.15116355502913E+00
 0.15285295292078E+00
 0.15459173515494E+00
 0.15638310750582E+00
 0.15823030808917E+00
 0.16013662084643E+00
 0.16210532780082E+00
 0.16413975857253E+00
 0.16624328293303E+00
 0.16841925241614E+00
 0.17067106698804E+00
 0.17300212066093E+00
 0.17541482173771E+00
 0.17791530096594E+00
 0.18050587676861E+00
 0.18319015055794E+00
 0.18597198563370E+00
 0.18885511756580E+00
 0.19184349629442E+00
 0.19494106582021E+00
 0.19815175811251E+00
 0.20147978680520E+00
 0.20492851938618E+00
 0.20850380618993E+00
 0.21220915956662E+00
 0.21604891919322E+00
 0.22002754576165E+00
 0.22414955148216E+00
 0.22841949722087E+00
 0.23284203353176E+00
 0.23742177526336E+00
 0.24216269515465E+00
 0.24707092751146E+00
 0.25215049982981E+00
 0.25740613238830E+00
 0.26284252961561E+00
 0.26846439581812E+00
 0.27427618881393E+00
 0.28028224657250E+00
 0.28648774862353E+00
 0.29289663008716E+00
 0.29951308512548E+00
 0.30634112944072E+00
 0.31338462439071E+00
 0.32064725021365E+00
 0.32813193142570E+00
 0.33584256238782E+00
 0.34378163027610E+00
 0.35195168079668E+00
 0.36035485371449E+00
 0.36899309919226E+00
 0.37786746889821E+00
 0.38697963511513E+00
 0.39633001387089E+00
 0.40591888640107E+00
 0.41574601912211E+00
 0.42581072786499E+00
 0.43611228303514E+00
 0.44664912672123E+00
 0.45741931370718E+00
 0.46842066552894E+00
 0.47965030220080E+00
 0.49110539855502E+00
 0.50278228125945E+00
 0.51467718071205E+00
 0.52678589511729E+00
 0.53910370697551E+00
 0.55162604821088E+00
 0.56434755617271E+00
 0.57726279463686E+00
 0.59036599007824E+00
 0.60365128360802E+00
 0.61711236925408E+00
 0.63074288959676E+00
 0.64453607678263E+00
 0.65848517824689E+00
 0.67258321070448E+00
 0.68682300302856E+00
 0.70119715923077E+00
 0.71569833676896E+00
 0.73031895857982E+00
 0.74505136451200E+00
 0.75988784520105E+00
 0.77482065412457E+00
 0.78984194130780E+00
 0.80494387428394E+00
 0.82011866659307E+00
 0.83535854188117E+00
 0.85065578955741E+00
 0.86600279846036E+00
 0.88139206074355E+00
 0.89681621718379E+00
 0.91226811101373E+00
 0.92774084751247E+00
 0.94322762136536E+00
 0.95872205755373E+00
 0.97421787585687E+00
 0.98970923114116E+00
 0.10051905057228E+01
 0.10206564150715E+01
 0.10361019864563E+01
 0.10515225572115E+01
 0.10669137840138E+01
 0.10822716201960E+01
 0.10975923259262E+01
 0.11128724439848E+01
 0.11281087767303E+01
 0.11432984033564E+01
 0.11584386295274E+01
 0.11735269802767E+01
 0.11885612423307E+01
 0.12035393881406E+01
 0.12184595476823E+01
 0.12333200407323E+01
 0.12481193413819E+01
 0.12628560697978E+01
 0.12775289701672E+01
 0.12921369112621E+01
 0.13066788921221E+01
 0.13211539759207E+01
 0.13355613649293E+01
 0.13499003092352E+01
 0.13641701508448E+01
 0.13783703089582E+01
 0.13925002548679E+01
 0.14065595441244E+01
 0.14205477474805E+01
 0.14344645142250E+01
 0.14483095412885E+01
 0.14620825500656E+01
 0.14757833252790E+01
 0.14894116557497E+01
 0.15029673851439E+01
 0.15164503871544E+01
 0.15298605534512E+01
 0.15431978195348E+01
 0.15564621255800E+01
 0.15696534333870E+01
 0.15827717539776E+01
 0.15958170701123E+01
 0.16087894564834E+01
 0.16216889305895E+01
 0.16345155649259E+01
 0.16472694143405E+01
 0.16599505921943E+01
 0.16725591991315E+01
 0.16850953567426E+01
 0.16975591769257E+01
 0.17099508252900E+01
 0.17222704441701E+01
 0.17345182061638E+01
 0.17466942801182E+01
 0.17587988463196E+01
 0.17708320772250E+01
 0.17827941789831E+01
 0.17946853595060E+01
 0.18065058362557E+01
 0.18182558370871E+01
 0.18299355712470E+01
 0.18415452697055E+01
 0.18530851726232E+01
 0.18645555283941E+01
 0.18759565772197E+01
 0.18872885798473E+01
 0.18985518211749E+01
 0.19097465335391E+01
 0.19208729956346E+01
 0.19319314782938E+01
 0.19429222577426E+01
 0.19538456147584E+01
 0.19647018549019E+01
 0.19754912445947E+01
 0.19862140822903E+01
 0.19968706629911E+01
 0.20074612851711E+01
 0.20179862489787E+01
 0.20284458607062E+01
 0.20388404281874E+01
 0.20491702565990E+01
 0.20594356567609E+01
 0.20696369449099E+01
 0.20797744334275E+01
 0.20898484429930E+01
 0.20998592939126E+01
 0.21098073035636E+01
 0.21196927949395E+01
 0.21295160936560E+01
 0.21392775212053E+01
 0.21489774082542E+01
 0.21586160811078E+01
 0.21681938666406E+01
 0.21777110973526E+01
 0.21871680982714E+01
 0.21965652005693E+01
 0.22059027477811E+01
 0.22151810613607E+01
 0.22244004779113E+01
 0.22335613291809E+01
 0.22426639547172E+01
 0.22517086777863E+01
 0.22606958434349E+01
 0.22696257828467E+01
