 0.00000000000000E+00
-0.16698703218157E-22
-0.25261392400600E-21
-0.19693212244693E-20
-0.50168698354481E-20
-0.13207082900145E-19
-0.24664197441750E-19
-0.20365663394512E-19
-0.11766616898009E-18
-0.71613357651103E-19
-0.11825093526491E-20
-0.21859999282998E-19
-0.48714864128157E-19
-0.17437014005330E-18
-0.55215443522283E-18
 0.00000000000000E+00
-0.19887838468385E-17
-0.13817678559130E-17
 0.39652043603929E-18
-0.25434546365754E-17
-0.27192224569716E-17
-0.79464628498016E-18
-0.82790233168453E-18
-0.67037331134528E-18
-0.74782602859152E-17
-0.26592584653488E-17
-0.14329444431690E-17
-0.18354751584558E-18
-0.20816089981062E-17
 0.19101558840141E-17
-0.10549506068668E-17
 0.10214765057459E-13
-0.10314985286515E-17
 0.59458486142594E-18
-0.90555815312816E-13
-0.11095641654042E-12
-0.50290332863066E-12
-0.71484867957418E-12
 0.60585895804771E-13
-0.39426362294923E-12
 0.56377983569406E-12
 0.29919922299242E-12
-0.23780391614142E-12
-0.28124340791754E-12
 0.10087901105352E-12
 0.24893327569778E-12
 0.41643902265958E-14
-0.27695021854278E-12
-0.49922198174533E-13
-0.41861186537990E-12
-0.30581350761440E-13
 0.16738289766583E-13
 0.44617145079276E-12
-0.96481868891902E-13
 0.12801268869356E-12
 0.20225276976640E-12
 0.36270237095855E-12
-0.48809620653855E-12
-0.23891646349579E-12
 0.28055342915612E-12
-0.26153880014329E-12
-0.10682851825376E-12
-0.78899895293372E-13
 0.56743355458834E-13
 0.33742687896530E-12
 0.87490808244978E-13
 0.17168470644420E-12
 0.47648800619099E-14
 0.41145200467035E-14
 0.68231926522243E-13
 0.32213278151325E-12
 0.13464028894087E-12
 0.25157939839773E-12
 0.63648375371168E-13
-0.99247909984099E-13
-0.27172987415974E-13
-0.11582650927552E-12
 0.22901438808773E-13
-0.33281039215081E-13
-0.11650654075718E-12
 0.27419757358781E-13
 0.17954553481283E-13
 0.19158116507796E-15
-0.13976646801621E-12
 0.44857405612526E-13
 0.17965380428318E-12
-0.27736068069262E-13
 0.36060897051203E-13
-0.67588741484588E-13
 0.54380298608512E-13
 0.17464180975911E-13
 0.18043237184546E-13
-0.53839068600885E-13
-0.22313571059966E-13
-0.80882555759644E-13
 0.16306277011826E-13
-0.50989171528157E-13
 0.38911789101420E-13
 0.11514364602429E-12
 0.12857243974052E-13
-0.45518612717902E-13
 0.18454601911381E-13
 0.55797506895932E-13
 0.67642732295967E-13
 0.36079068888999E-13
-0.35522071087970E-14
 0.28999096567127E-13
-0.20515179003962E-13
 0.45635979909682E-13
-0.41534636200491E-13
 0.18327963242552E-13
-0.55725613162770E-13
 0.33274065942394E-13
 0.40713974284783E-13
 0.25305654722407E-13
 0.26864518818480E-13
 0.15067172048648E-13
 0.20862820798549E-14
-0.29416010003959E-13
-0.64993053953580E-14
 0.22513819723458E-13
 0.19107230879060E-13
-0.11556109130722E-13
-0.38050066688535E-13
-0.26566543389850E-14
 0.31697738500733E-14
-0.25803230949974E-13
-0.61225485991822E-15
 0.13853777515916E-13
-0.17668098572006E-14
 0.10747556647244E-14
-0.11005999605187E-13
 0.23879057515524E-13
-0.24440402714405E-13
 0.36937268642983E-13
 0.22517133731463E-13
 0.23696409371043E-14
 0.28409781274858E-13
 0.62976318530147E-14
-0.27440486360478E-13
 0.37043663380073E-14
 0.11507078640761E-13
 0.16683181338660E-14
 0.15615082186101E-13
 0.19770120448381E-14
 0.76406038952090E-14
-0.12074430958390E-13
 0.11955547756945E-13
 0.10303525831140E-13
 0.24584959289521E-13
-0.87586626188342E-14
 0.25941248082215E-15
 0.28167509359873E-13
-0.24907469057660E-13
-0.10586861923757E-13
 0.26455267746373E-13
 0.12480077549012E-13
 0.18209590478254E-14
-0.19677978725316E-13
 0.29913041143661E-14
-0.54953420596218E-14
 0.22536404003927E-13
-0.73777696730239E-15
 0.11583824281170E-14
 0.12062242617499E-13
 0.95249392807129E-15
-0.19401402584792E-13
 0.19324317543816E-13
 0.25663025461833E-13
-0.70570061789176E-14
 0.60467176699143E-14
-0.14244904558714E-13
 0.13637213171595E-13
 0.44110041161044E-15
-0.10134974991083E-13
 0.12641687185056E-14
 0.48809752113439E-14
 0.24066096167835E-14
 0.95396665335643E-14
-0.26098106110714E-13
-0.27244339516120E-13
 0.19649325230068E-13
 0.71094042709087E-14
-0.12436815058752E-13
 0.85828736837348E-14
-0.19787499145844E-13
 0.25456220292536E-13
 0.21284799144625E-13
 0.21887432968181E-13
 0.48692670069813E-13
-0.25375691100242E-13
 0.84964629106518E-13
-0.55250497512632E-13
-0.13258359983844E-13
 0.51188964247724E-13
-0.42813313627158E-13
-0.67902751184594E-13
 0.11555186032124E-12
 0.75057021258116E-14
-0.19173392926378E-12
 0.13878379987704E-12
 0.30242690271989E-14
 0.21565636450387E-13
-0.80471488754265E-13
-0.40455297633190E-12
-0.36523322616939E-12
-0.12527581318883E-12
-0.23008857907302E-12
-0.57284105830759E-12
-0.14222341298323E-12
 0.76366001171455E-12
 0.52822365901051E-13
 0.36017923813584E-12
 0.62782629804644E-12
 0.46290847975982E-12
 0.11152375692423E-11
-0.32794321155980E-12
-0.43909433537673E-12
 0.71369245766756E-12
 0.18158833335193E-12
 0.26137232075296E-12
-0.53919062576931E-12
 0.31082664954976E-12
-0.11133939449509E-11
 0.13130408150880E-12
-0.10076902921102E-11
 0.23404525783623E-11
 0.20282909074867E-12
-0.24483430495733E-11
-0.36090464662284E-11
 0.19414624357427E-11
 0.22423922127886E-11
-0.36349579724430E-11
-0.19097037761126E-11
 0.21957595908506E-11
 0.59012954600050E-12
-0.33628948020742E-11
 0.93781796922465E-12
 0.98166203244093E-12
-0.38568186672835E-11
 0.15642059771096E-11
 0.40184471243237E-11
 0.89742318831383E-12
-0.26655418694813E-13
 0.91018712163615E-11
-0.27161947176032E-11
-0.61487961261710E-12
 0.56468175587665E-11
 0.81996492779521E-11
-0.72659563770587E-11
-0.99340404544046E-11
-0.35570901833789E-11
-0.14275233900622E-11
-0.71670621144296E-11
 0.16973856597188E-11
-0.89371203903850E-11
 0.25613200296311E-11
 0.11338411250278E-10
-0.16183942897940E-10
-0.29920864836120E-11
 0.78681620087994E-12
-0.19472035516679E-10
 0.13149005933249E-10
 0.34495618484553E-10
 0.94684128790014E-11
 0.22124409778085E-10
-0.79230735448141E-11
-0.16217365019816E-11
 0.96140562274905E-11
-0.48732262992116E-10
 0.21691897566183E-11
 0.14925447977031E-10
 0.20849868794856E-10
 0.38414369895671E-11
-0.48613529533190E-10
-0.46499683126495E-10
-0.26746755601818E-10
-0.39084076684264E-10
-0.46093246178436E-11
 0.15496200310811E-10
 0.31059524065187E-11
 0.21536399329507E-10
 0.24281655126219E-10
 0.40925894676263E-10
-0.69487199520776E-10
 0.62884838751498E-10
-0.85641918429742E-11
-0.26211866505584E-10
 0.53678839193306E-11
 0.42285312376710E-10
 0.71077406977992E-10
-0.47839021593624E-10
-0.35836781279157E-10
 0.28725291540833E-10
 0.33417701451623E-11
 0.12442338726150E-10
 0.57643455045863E-10
 0.11775016997710E-09
 0.20364819636284E-10
-0.50872420652844E-10
