 0.00000000000000E+00
-0.17843971582692E-22
-0.46179248485334E-21
-0.24838424185307E-20
-0.12512663589588E-19
-0.28811479054992E-19
-0.83385636448649E-19
-0.14942402509894E-18
-0.25897784039449E-18
-0.36389029206450E-18
-0.48658840850285E-18
-0.58549822079583E-18
-0.68902303822865E-18
-0.25388292391761E-17
-0.47061465592398E-17
-0.56346334151857E-17
-0.54520087693316E-11
-0.30082972988543E-11
 0.10872317004995E-11
 0.92219863829574E-12
 0.56186109993071E-11
 0.33362924155910E-11
-0.35318039681699E-11
-0.15693723746012E-10
 0.67672752825744E-11
 0.48133551870870E-11
-0.88743086794567E-12
 0.26296351563035E-08
-0.61060536460133E-08
 0.41099370128596E-07
 0.12513913238111E-07
-0.24669991939190E-07
 0.28161921369888E-07
-0.16212780385424E-07
-0.14240969229527E-07
-0.29618018271944E-08
-0.61152215765730E-10
 0.52726462877718E-10
 0.17153739828778E-09
 0.41510609299534E-09
 0.88276999340524E-09
 0.17019983158935E-08
 0.31508915710786E-08
 0.55594091684435E-08
 0.94300640054771E-08
 0.15466981128390E-07
 0.24644513788955E-07
 0.38271466751337E-07
 0.57842144991167E-07
 0.86018223824700E-07
 0.12552424006774E-06
 0.18002720151650E-06
 0.25410133886932E-06
 0.35340354482142E-06
 0.48482120946860E-06
 0.65668788560265E-06
 0.87895825366279E-06
 0.11634383890329E-05
 0.15239922641468E-05
 0.19768049262006E-05
 0.25380112917622E-05
 0.32337948267835E-05
 0.40866138998446E-05
 0.51243480956979E-05
 0.63784736734143E-05
 0.78843918715470E-05
 0.96815963605629E-05
 0.11814102508708E-04
 0.14330404950376E-04
 0.17284201367032E-04
 0.20734384628007E-04
 0.24745402820634E-04
 0.29387222112946E-04
 0.34736847074107E-04
 0.40876747741985E-04
 0.47896409434550E-04
 0.55892267622106E-04
 0.64968000533490E-04
 0.65922681469686E-04
 0.86738846131036E-04
 0.99802641535017E-04
 0.11438776922972E-03
 0.13047682060981E-03
 0.14862421056525E-03
 0.16959055116335E-03
 0.19217160045798E-03
 0.21628168407765E-03
 0.24367518865144E-03
 0.27384518683175E-03
 0.30701734189010E-03
 0.34341697678028E-03
 0.38328403602062E-03
 0.42687039809410E-03
 0.47444145378052E-03
 0.52627565151563E-03
 0.58266657543316E-03
 0.65434025609446E-03
 0.71034365058227E-03
 0.78227689556475E-03
 0.86012748442574E-03
 0.94424015676229E-03
 0.10350016495086E-02
 0.11328299229604E-02
 0.12381590792431E-02
 0.13514395899591E-02
 0.14731536891372E-02
 0.16037972060952E-02
 0.17439050507962E-02
 0.18939762342716E-02
 0.20624877992460E-02
 0.22264903035375E-02
 0.24101844493451E-02
 0.26063493084182E-02
 0.28158410707890E-02
 0.30392777841814E-02
 0.32769439147213E-02
 0.35303596000153E-02
 0.38000137435964E-02
 0.40919794593486E-02
 0.43993521095275E-02
 0.47157724273503E-02
 0.50598688477215E-02
 0.54247050913316E-02
 0.58117377366184E-02
 0.62219752017554E-02
 0.66564877426158E-02
 0.71164611372714E-02
 0.75994357165014E-02
 0.81147102284797E-02
 0.86611406619045E-02
 0.92351967218799E-02
 0.98408851738205E-02
 0.10479647727219E-01
 0.11152658157504E-01
 0.11857788110268E-01
 0.12611876772274E-01
 0.13390330818729E-01
 0.14213382871025E-01
 0.15077045122659E-01
 0.15982466617918E-01
 0.16931852719083E-01
 0.17923785602920E-01
 0.18958065539632E-01
 0.20042436187923E-01
 0.21171513452316E-01
 0.22347619697441E-01
 0.23569959500391E-01
 0.24845092841903E-01
 0.26158944591055E-01
 0.27530856958476E-01
 0.28947119806481E-01
 0.30411812147157E-01
 0.31923762839533E-01
 0.33483595362308E-01
 0.35089059882152E-01
 0.36742030954854E-01
 0.38437239205411E-01
 0.40179617924979E-01
 0.41960872498240E-01
 0.43784040042859E-01
 0.45648410114091E-01
 0.47549969774042E-01
 0.49489229762328E-01
 0.51458209542036E-01
 0.53465810871821E-01
 0.55499364876301E-01
 0.57562793632651E-01
 0.59649599766609E-01
 0.61760513849215E-01
 0.63890686754326E-01
 0.66041112994965E-01
 0.68202095315714E-01
 0.70375918138655E-01
 0.72558167270454E-01
 0.74744581958495E-01
 0.76930078442040E-01
 0.79114653744727E-01
 0.81292324865659E-01
 0.83457759919911E-01
 0.85608374526118E-01
 0.87742171235225E-01
 0.89851087967136E-01
 0.91932229548973E-01
 0.93983454658940E-01
 0.95999579835356E-01
 0.97976766719309E-01
 0.99911850170709E-01
 0.10180211778697E+00
 0.10364336880279E+00
 0.10543383905412E+00
 0.10717352228733E+00
 0.10885680107611E+00
 0.11048792054756E+00
 0.11206006359809E+00
 0.11357803011646E+00
 0.11503938061215E+00
 0.11644558711159E+00
 0.11779733874175E+00
 0.11909569193806E+00
 0.12034231294152E+00
 0.12153880241917E+00
 0.12268733686201E+00
 0.12378957125941E+00
 0.12484660531377E+00
 0.12586240195198E+00
 0.12683850331043E+00
 0.12777450416473E+00
 0.12867567949793E+00
 0.12954324644877E+00
 0.13037815203223E+00
 0.13118311822661E+00
 0.13195921101612E+00
 0.13270886038792E+00
 0.13343312118678E+00
 0.13413332004291E+00
 0.13481179736633E+00
 0.13546823457537E+00
 0.13610575618941E+00
 0.13672409377421E+00
 0.13732479944962E+00
 0.13790935933345E+00
 0.13847773006755E+00
 0.13903181970387E+00
 0.13957141653337E+00
 0.14009781839504E+00
 0.14061224198478E+00
 0.14111375112877E+00
 0.14160554884070E+00
 0.14208576333784E+00
 0.14255548757038E+00
 0.14301634034903E+00
 0.14346686563744E+00
 0.14391013348959E+00
 0.14434468362703E+00
 0.14476985946037E+00
 0.14518912640967E+00
 0.14559927643696E+00
 0.14600443373805E+00
 0.14640240589926E+00
 0.14679302232589E+00
 0.14717776598137E+00
 0.14755537332214E+00
 0.14792909805733E+00
 0.14829755179313E+00
 0.14866079083571E+00
 0.14901753381316E+00
 0.14936986668187E+00
 0.14971791028331E+00
 0.15006013106017E+00
 0.15039959910712E+00
 0.15073309783856E+00
 0.15106253432566E+00
 0.15138890635482E+00
 0.15171065435987E+00
 0.15202937999291E+00
 0.15234395283308E+00
 0.15265408486370E+00
 0.15296141620795E+00
 0.15326599719507E+00
 0.15356561342794E+00
 0.15386250031830E+00
 0.15415818337127E+00
 0.15444875989075E+00
 0.15473696608228E+00
 0.15502174174315E+00
 0.15530381767873E+00
 0.15558324778207E+00
 0.15586020835964E+00
 0.15613384452723E+00
 0.15640487575220E+00
 0.15667355582204E+00
 0.15693983733656E+00
 0.15720337628044E+00
 0.15746424599329E+00
 0.15772301397954E+00
 0.15797937901356E+00
 0.15823349182076E+00
 0.15848520162135E+00
 0.15873456569856E+00
 0.15898201509155E+00
 0.15922735165225E+00
 0.15947026289089E+00
 0.15971124228290E+00
 0.15995023954427E+00
 0.16018700935767E+00
 0.16042197804889E+00
 0.16065447320852E+00
 0.16088532847087E+00
 0.16111487625409E+00
 0.16134159502152E+00
 0.16156646526130E+00
 0.16178984055775E+00
 0.16201131983494E+00
 0.16223101111699E+00
 0.16244906750330E+00
 0.16266571213862E+00
 0.16287956708079E+00
 0.16309258188710E+00
 0.16330353626222E+00
 0.16351269099779E+00
