 0.00000000000000E+00
 0.24051464211119E-24
 0.13693103550870E-22
 0.13643997248481E-21
 0.10540478937475E-20
 0.34909292627785E-20
 0.13509219335462E-19
 0.31776159439031E-19
 0.66840174693422E-19
 0.11820808672633E-18
 0.19758079417477E-18
 0.27726294687642E-18
 0.37968932568902E-18
 0.16227309078347E-17
 0.36118449954705E-17
 0.47926880817209E-17
 0.53320850732662E-11
 0.83058907929800E-11
-0.24619209461544E-11
 0.32409212388245E-12
-0.12450172291759E-10
-0.36734265218954E-11
 0.80765036016138E-11
 0.30958735205492E-10
-0.11385743816863E-10
-0.14181727777387E-10
 0.77596551108499E-12
-0.98554857469647E-08
 0.31542667805039E-07
-0.76691587179227E-07
-0.46458497081548E-07
 0.85296746081559E-07
-0.87485074709301E-07
 0.23932623460838E-07
 0.41161030969837E-07
 0.10331903215035E-07
 0.25095363668585E-09
 0.53168445964879E-10
 0.16383486091701E-09
 0.41044723656946E-09
 0.87551153521843E-09
 0.17001441539132E-08
 0.31478132485932E-08
 0.55604416410264E-08
 0.94360927520447E-08
 0.15484260660331E-07
 0.24660724694386E-07
 0.38299097549046E-07
 0.57884612256031E-07
 0.86088369794729E-07
 0.12560819548888E-06
 0.18010593774122E-06
 0.25420222076475E-06
 0.35349959087377E-06
 0.48494728130236E-06
 0.65681913694300E-06
 0.87911547270635E-06
 0.11635725006009E-05
 0.15241087556770E-05
 0.19769107722933E-05
 0.25383936756066E-05
 0.32342247275179E-05
 0.40870717046945E-05
 0.51248430963649E-05
 0.63789750261862E-05
 0.78849263385384E-05
 0.96821810630889E-05
 0.11814764503491E-04
 0.14331196922724E-04
 0.17285151691054E-04
 0.20735595714356E-04
 0.24746996075863E-04
 0.29389380397238E-04
 0.34739819839621E-04
 0.40880886891342E-04
 0.47902186223263E-04
 0.55900272494692E-04
 0.64979103689801E-04
 0.31015214213517E-03
 0.88160803609470E-04
 0.99842258420900E-04
 0.11441785410799E-03
 0.13769369527299E-03
 0.15449597952414E-03
 0.16528085570125E-03
 0.17772629964886E-03
 0.21663928975718E-03
 0.24387089136029E-03
 0.27409307146292E-03
 0.30733160121309E-03
 0.34381367723950E-03
 0.38378155014795E-03
 0.42749196228650E-03
 0.47521439114906E-03
 0.52723201194239E-03
 0.58384658101546E-03
 0.56798928544464E-04
 0.70990118736894E-03
 0.78443647989515E-03
 0.86275117316965E-03
 0.94741547173684E-03
 0.10388255196832E-02
 0.11374186796134E-02
 0.12436493052565E-02
 0.13579854880865E-02
 0.14809646402723E-02
 0.16130138733527E-02
 0.17547720681137E-02
 0.19070288648314E-02
 0.15049027510925E-02
 0.22427074981392E-02
 0.24307306887504E-02
 0.26302625280181E-02
 0.28333714924068E-02
 0.30481243851083E-02
 0.33105157622012E-02
 0.35730375821304E-02
 0.38499316892035E-02
 0.38012642621449E-02
 0.40148271158943E-02
 0.47877935992213E-02
 0.51378432326251E-02
 0.55192820988114E-02
 0.59192243023633E-02
 0.63423478843556E-02
 0.67917630474794E-02
 0.72679930977073E-02
 0.80917067041187E-02
 0.81726176725412E-02
 0.88703396355345E-02
 0.94653673245904E-02
 0.10097615458676E-01
 0.10760123170890E-01
 0.11459759429237E-01
 0.12478086290045E-01
 0.12523597501315E-01
 0.13783460509291E-01
 0.14636952453342E-01
 0.15531600760582E-01
 0.16467527560326E-01
 0.17323836417579E-01
 0.18455357394149E-01
 0.19423580741937E-01
 0.20637211834034E-01
 0.21787681447680E-01
 0.22982904254325E-01
 0.24337048618374E-01
 0.25344135464210E-01
 0.26902888092076E-01
 0.28178189186140E-01
 0.29585780897342E-01
 0.30997779880258E-01
 0.32506387264107E-01
 0.33827247883048E-01
 0.35543075272060E-01
 0.37032657633353E-01
 0.38778300782617E-01
 0.40267935807469E-01
 0.41927334017366E-01
 0.43848118335300E-01
 0.45367493160764E-01
 0.47269054294401E-01
 0.48745633906665E-01
 0.50744634247637E-01
 0.52337660595239E-01
 0.54229077394856E-01
 0.55807376165529E-01
 0.57600405842013E-01
 0.59383456787702E-01
 0.61211286213397E-01
 0.62646583484548E-01
 0.64382211161160E-01
 0.66017162205962E-01
 0.67528737017620E-01
 0.68917947980856E-01
 0.70398675786122E-01
 0.71671491904115E-01
 0.72745120509401E-01
 0.73883476924763E-01
 0.74960090850212E-01
 0.75598073470600E-01
 0.76243010558720E-01
 0.76843372144861E-01
 0.77168789432320E-01
 0.77329924150063E-01
 0.77344197113563E-01
 0.77234788926726E-01
 0.76860803025086E-01
 0.76326958564681E-01
 0.75815064378680E-01
 0.74938170780248E-01
 0.74185596519156E-01
 0.72986158978717E-01
 0.71987046177190E-01
 0.70747461510352E-01
 0.69496909936475E-01
 0.68169732794945E-01
 0.66806169282295E-01
 0.65437971365907E-01
 0.64060716316754E-01
 0.62693566512559E-01
 0.61296646821639E-01
 0.59903270452296E-01
 0.58715218369948E-01
 0.57435192569458E-01
 0.56006365539209E-01
 0.54913485150692E-01
 0.53775236531602E-01
 0.52641979171815E-01
 0.51622116814369E-01
 0.50589179926232E-01
 0.49670202824505E-01
 0.48745837079055E-01
 0.47854960680285E-01
 0.47059294160314E-01
 0.46209137874991E-01
 0.45521587175331E-01
 0.44788807015381E-01
 0.44136290436372E-01
 0.43518506257918E-01
 0.42869035888336E-01
 0.42343782104378E-01
 0.41805139252041E-01
 0.41281364532236E-01
 0.40819705946547E-01
 0.40283665130204E-01
 0.40002772105414E-01
 0.39477294493493E-01
 0.39049420672718E-01
 0.38745180910304E-01
 0.38298212251400E-01
 0.38110176896488E-01
 0.37708876526691E-01
 0.37286876097902E-01
 0.37156118878462E-01
 0.36728094229585E-01
 0.36637950779450E-01
 0.36326558985635E-01
 0.35902187501282E-01
 0.35834769654119E-01
 0.35484545497193E-01
 0.35525404187638E-01
 0.35101544744288E-01
 0.34976620352284E-01
 0.34611854889361E-01
 0.34589900500325E-01
 0.34424679942808E-01
 0.34088477970843E-01
 0.34167488241303E-01
 0.33816503883654E-01
 0.33758407800170E-01
 0.33756479933736E-01
 0.33516349317168E-01
 0.33466410148112E-01
 0.33288019857093E-01
 0.33074397632448E-01
 0.33136385683552E-01
 0.33027987099614E-01
 0.32643223438416E-01
 0.32705718117751E-01
 0.32820669379150E-01
 0.32442593338916E-01
 0.32394740193400E-01
 0.32228470431827E-01
 0.32204946101317E-01
 0.32117670223967E-01
 0.31995267646332E-01
 0.31846153247534E-01
 0.31818475720089E-01
 0.31816917829633E-01
 0.31739938307803E-01
 0.31593218683257E-01
 0.31507788770684E-01
 0.31520191699708E-01
 0.31479583188237E-01
 0.31418614476774E-01
 0.31346121671442E-01
 0.31301326347191E-01
 0.31292674892266E-01
 0.31228913201522E-01
 0.31141893217365E-01
 0.31118089176914E-01
 0.31056307016174E-01
 0.30976518340602E-01
 0.30943698528042E-01
 0.30808676043733E-01
 0.30869471665218E-01
 0.30860912610091E-01
 0.30618552122546E-01
 0.30623698313511E-01
 0.30668162800817E-01
 0.30678081588244E-01
 0.30630174519968E-01
 0.30602953923482E-01
 0.30550646881705E-01
 0.30364598239188E-01
 0.30499855135635E-01
 0.30413934424193E-01
 0.30420617263001E-01
 0.30415352692908E-01
