-0.76940449335528E+01
-0.76940447449224E+01
-0.76940428402116E+01
-0.76940353225962E+01
-0.76940161031585E+01
-0.76939773826076E+01
-0.76939104588795E+01
-0.76938091066095E+01
-0.76936790850110E+01
-0.76935545702079E+01
-0.76935169829302E+01
-0.76937090824295E+01
-0.76943391300361E+01
-0.76957357056547E+01
-0.76981467369327E+01
-0.77019159739418E+01
-0.77074584063460E+01
-0.77150858784048E+01
-0.77250298388169E+01
-0.77376335841134E+01
-0.77530693682302E+01
-0.77714207676092E+01
-0.77928694887715E+01
-0.78173501663770E+01
-0.78449396805040E+01
-0.78754620974455E+01
-0.79089101216782E+01
-0.79450267029962E+01
-0.79836786352659E+01
-0.80247351052126E+01
-0.80678486443489E+01
-0.81128375636458E+01
-0.81595301049208E+01
-0.82075473931053E+01
-0.82566958272616E+01
-0.83067290214014E+01
-0.83574743037941E+01
-0.84085552591789E+01
-0.84598046502652E+01
-0.85110029403785E+01
-0.85619396692993E+01
-0.86124902319839E+01
-0.86623243503625E+01
-0.87113341254534E+01
-0.87593587103089E+01
-0.88062482542153E+01
-0.88518652492444E+01
-0.88960843744289E+01
-0.89388675110619E+01
-0.89799662580825E+01
-0.90193602677483E+01
-0.90569704171500E+01
-0.90927269356099E+01
-0.91265697445355E+01
-0.91584479705204E+01
-0.91883194312034E+01
-0.92161501220301E+01
-0.92419137004055E+01
-0.92655910957584E+01
-0.92871698055098E+01
-0.93067178300287E+01
-0.93240879423293E+01
-0.93393566683584E+01
-0.93525343456553E+01
-0.93636351902121E+01
-0.93726775483220E+01
-0.93796835172351E+01
-0.93846785957867E+01
-0.93876914268373E+01
-0.93887533706074E+01
-0.93878983110636E+01
-0.93851623603744E+01
-0.93805836006797E+01
-0.93742018470701E+01
-0.93660584621888E+01
-0.93561960704526E+01
-0.93446584302259E+01
-0.93314902294445E+01
-0.93167369230158E+01
-0.93005076913819E+01
-0.92827235178885E+01
-0.92634929394760E+01
-0.92428637986386E+01
-0.92208833057982E+01
-0.91975985616192E+01
-0.91730566473931E+01
-0.91473073680494E+01
-0.91203918205748E+01
-0.90923587406138E+01
-0.90632540526612E+01
-0.90331228962684E+01
-0.90020100122402E+01
-0.89699595934473E+01
-0.89370151038312E+01
-0.89032193693265E+01
-0.88686144368718E+01
-0.88332416505470E+01
-0.87971900114349E+01
-0.87604017449160E+01
-0.87229643230371E+01
-0.86849162044500E+01
-0.86462939584556E+01
-0.86071334532517E+01
-0.85674696455181E+01
-0.85273366171819E+01
-0.84867673356458E+01
-0.84457927118400E+01
-0.84044451570151E+01
-0.83627544402962E+01
-0.83207484065000E+01
-0.82784925711912E+01
-0.82359378745911E+01
-0.81931463059346E+01
-0.81501432346074E+01
-0.81069496794425E+01
-0.80635875280685E+01
-0.80200770527775E+01
-0.79764355431014E+01
-0.79326805130814E+01
-0.78888275534827E+01
-0.78449208227469E+01
-0.78009117617765E+01
-0.77568427860705E+01
-0.77127182016205E+01
-0.76685467364259E+01
-0.76243329334304E+01
-0.75800791496551E+01
-0.75357856657311E+01
-0.74914503829063E+01
-0.74470929855317E+01
-0.74026583474135E+01
-0.73581605033282E+01
-0.73135869805385E+01
-0.72689223605394E+01
-0.72241482164700E+01
-0.71792431165749E+01
-0.71342017370470E+01
-0.70889581331426E+01
-0.70434999201014E+01
-0.69977927607538E+01
-0.69517989316521E+01
-0.69054772458665E+01
-0.68587831110505E+01
-0.68116842017300E+01
-0.67640990157381E+01
-0.67159887887119E+01
-0.66672962988217E+01
-0.66179620820343E+01
-0.65679250885495E+01
-0.65171326611810E+01
-0.64654948856490E+01
-0.64129555382441E+01
-0.63594469261261E+01
-0.63048996344694E+01
-0.62492534053134E+01
-0.61924204152371E+01
-0.61343438022240E+01
-0.60749563192025E+01
-0.60141946585121E+01
-0.59520068657209E+01
-0.58883211639564E+01
-0.58230966579261E+01
-0.57562879021524E+01
-0.56878580738010E+01
-0.56177840608307E+01
-0.55460382851922E+01
-0.54726206099009E+01
-0.53975368759222E+01
-0.53208107960864E+01
-0.52424739771568E+01
-0.51625833690981E+01
-0.50812098007081E+01
-0.49984485228565E+01
-0.49144095538751E+01
-0.48292294315635E+01
-0.47430637553877E+01
-0.46560914261286E+01
-0.45685098111267E+01
-0.44805370601804E+01
-0.43924074809208E+01
-0.43043695823214E+01
-0.42166816089626E+01
-0.41296088369356E+01
-0.40434157907229E+01
-0.39583651891315E+01
-0.38747094172527E+01
-0.37926838244986E+01
-0.37125084460804E+01
-0.36343788473347E+01
-0.35584625876787E+01
-0.34848969098265E+01
-0.34137937368090E+01
-0.33452304155440E+01
-0.32792566344991E+01
-0.32158931612328E+01
-0.31551367810914E+01
-0.30969600767504E+01
-0.30413165609943E+01
-0.29881429610828E+01
-0.29373641285424E+01
-0.28888940252007E+01
-0.28426393859377E+01
-0.27985021517963E+01
-0.27563825860845E+01
-0.27161792258121E+01
-0.26777916798643E+01
-0.26411208058449E+01
-0.26060721979668E+01
-0.25725520704117E+01
-0.25404712768335E+01
-0.25097455392783E+01
-0.24802936258727E+01
-0.24520387999621E+01
-0.24249083736552E+01
-0.23988338172675E+01
-0.23737504059762E+01
-0.23495969048074E+01
-0.23263157575400E+01
-0.23038525169543E+01
-0.22821564467265E+01
-0.22611791616250E+01
-0.22408758674618E+01
-0.22212039664490E+01
-0.22021235753609E+01
-0.21835969558189E+01
-0.21655889090230E+01
-0.21480661855661E+01
-0.21309977819273E+01
-0.21143545857984E+01
-0.20981089593060E+01
-0.20822354177763E+01
-0.20667098299176E+01
-0.20515097436087E+01
-0.20366134577211E+01
-0.20220021619075E+01
-0.20076569876998E+01
-0.19935606818883E+01
-0.19796971538219E+01
-0.19660516302946E+01
-0.19526100303242E+01
-0.19393592393454E+01
-0.19262873397724E+01
-0.19133828868308E+01
-0.19006348608805E+01
-0.18880350840796E+01
-0.18755739302920E+01
-0.18632426070755E+01
-0.18510340956095E+01
-0.18389412398580E+01
-0.18269575573752E+01
-0.18150770746419E+01
-0.18032934466117E+01
-0.17916018726475E+01
-0.17799992013620E+01
-0.17684802806052E+01
-0.17570412708619E+01
-0.17456786993082E+01
-0.17343893736823E+01
-0.17231704756392E+01
-0.17120193535612E+01
-0.17009338537779E+01
-0.16899105441718E+01
-0.16789495829284E+01
-0.16680485569582E+01
-0.16572057915146E+01
-0.16464202507194E+01
-0.16356905812378E+01
-0.16250158853921E+01
-0.16143952851452E+01
-0.16038268170697E+01
-0.15933122718439E+01
-0.15828500001497E+01
-0.15724396830377E+01
-0.15620805368055E+01
-0.15517724773414E+01
-0.15415156211303E+01
-0.15313096284054E+01
-0.15211531720024E+01
-0.15110488964719E+01
-0.15009954920242E+01
-0.14909928948490E+01
-0.14810412656644E+01
-0.14711407885267E+01
-0.14612913448586E+01
-0.14514935112386E+01
-0.14417459315582E+01
-0.14320515479146E+01
-0.14224092224769E+01
-0.14128191557928E+01
-0.14032815629277E+01
-0.13937967038943E+01
-0.13843648753465E+01
-0.13749861871752E+01
-0.13656595486421E+01
-0.13563880377726E+01
-0.13471701655614E+01
-0.13380066648794E+01
-0.13288973625454E+01
-0.13198425245359E+01
-0.13108423152245E+01
