 0.43373234014841+252
 0.65858357124687+121
 0.16308242803728E+78
 0.25662861076874E+56
 0.21254133104232E+43
 0.40383286968247E+34
 0.23809072548316E+28
 0.50657885730918E+23
 0.11770467549895E+20
 0.14578374742384E+17
 0.60979295922951E+14
 0.63543666008215E+12
 0.13362732192916E+11
 0.48786494939190E+09
 0.27692980620686E+08
 0.22498943462612E+07
 0.24557536287126E+06
 0.34281506544400E+05
 0.58872496534505E+04
 0.12056809215757E+04
 0.28713708990196E+03
 0.77900749681039E+02
 0.23669801568748E+02
 0.79413672040588E+01
 0.29071408960500E+01
 0.11495696686564E+01
 0.48682182504160E+00
 0.21916925298409E+00
 0.10423357750224E+00
 0.52079224214383E-01
 0.22386486111580E+05
 0.12176772185748E+05
 0.68708832173213E+04
 0.88687882643471E+04
 0.53352213522194E+04
 0.52104381228475E+04
 0.40807691630631E+04
 0.32375455412975E+04
 0.25994145549758E+04
 0.21102985224304E+04
 0.17309345313291E+04
 0.14334269059291E+04
 0.11977145352886E+04
 0.10091539222350E+04
 0.85695006586948E+03
 0.73305289596612E+03
 0.63139668203932E+03
 0.54736618956826E+03
 0.47741482819050E+03
 0.41880184565456E+03
 0.36938075032693E+03
 0.32746385739718E+03
 0.29171312099468E+03
 0.26106011460943E+03
 0.23464607374795E+03
 0.21177646258145E+03
 0.19188617726564E+03
 0.17451277746670E+03
 0.15927572017205E+03
 0.14586022664781E+03
 0.13400413710048E+03
 0.12349008024463E+03
 0.11413419889524E+03
 0.10578204299430E+03
 0.98302904034318E+02
 0.91585753500808E+02
 0.85535923142746E+02
 0.80072377402592E+02
 0.75125496556361E+02
 0.70635303380672E+02
 0.66549910921375E+02
 0.62824324702141E+02
 0.59419381110235E+02
 0.56300913046342E+02
 0.53439022404626E+02
 0.50807472259077E+02
 0.48383188111359E+02
 0.46145799613781E+02
 0.44077301293363E+02
 0.42161605633437E+02
 0.40384797945316E+02
 0.38734118437345E+02
 0.37198291165984E+02
 0.35767267013128E+02
 0.34432008039119E+02
 0.33184410780602E+02
 0.32020434292186E+02
 0.30927102446683E+02
 0.29901642903049E+02
 0.28938683465987E+02
 0.28033349520602E+02
 0.27181239464593E+02
 0.26378335169419E+02
 0.25620976899375E+02
 0.24905828108564E+02
 0.24229837912631E+02
 0.23590220964679E+02
 0.22984351190095E+02
 0.22410005391154E+02
 0.21864963025000E+02
 0.21347233434658E+02
 0.20854979169703E+02
 0.20386505408842E+02
 0.19940237892556E+02
 0.19514726220838E+02
 0.19108614080934E+02
 0.18720650822361E+02
 0.18349658568370E+02
 0.17994545829266E+02
 0.17654293627163E+02
 0.17327904439295E+02
 0.17014556227834E+02
 0.16713367171905E+02
 0.16423539185332E+02
 0.16144322700125E+02
 0.15875011968005E+02
 0.15614930420881E+02
 0.15363439339442E+02
 0.15119929587454E+02
 0.14883826020857E+02
 0.14654549822343E+02
 0.14431621922625E+02
 0.14214660958419E+02
 0.14002893972822E+02
 0.13795997569960E+02
 0.13593522005762E+02
 0.13395036916523E+02
 0.13200131433590E+02
 0.13008408013037E+02
 0.12819466324984E+02
 0.12632977832295E+02
 0.12448573030596E+02
 0.12265919039254E+02
 0.12084698036912E+02
 0.11904608068186E+02
 0.11725364936518E+02
 0.11546688696715E+02
 0.11368363484480E+02
 0.11190146052460E+02
 0.11011832110005E+02
 0.10833237441534E+02
 0.10654201595403E+02
 0.10474586713938E+02
 0.10294270065087E+02
 0.10113183555617E+02
 0.99312538656036E+01
 0.97484436182262E+01
 0.95647400778274E+01
 0.93801553871639E+01
 0.91947181587288E+01
 0.90085038609803E+01
 0.88215870855001E+01
 0.86340710343236E+01
 0.84460787875063E+01
 0.82577545508211E+01
 0.80692471229678E+01
 0.78807306432665E+01
 0.76923883676112E+01
 0.75044132606905E+01
 0.73170020201230E+01
 0.71303705304310E+01
 0.69447255504163E+01
 0.67602812337372E+01
 0.65772519682761E+01
 0.63958491933790E+01
 0.62162905435216E+01
 0.60387817684968E+01
 0.58635273281731E+01
 0.56907238512633E+01
 0.55205680109710E+01
 0.53532431480940E+01
 0.51889266633275E+01
 0.50277861600655E+01
 0.48699844549313E+01
 0.47156703579502E+01
 0.45649835419717E+01
 0.44180524933351E+01
 0.42749971988195E+01
 0.41359227654159E+01
 0.40009230293898E+01
 0.38700780111298E+01
 0.37434566908578E+01
 0.36211117209330E+01
 0.35030814080429E+01
 0.33893908962419E+01
 0.32800484319251E+01
 0.31750471588834E+01
 0.30743661093530E+01
 0.29779677174310E+01
 0.28858007038914E+01
 0.27977979360110E+01
 0.27138809156747E+01
 0.26339577301343E+01
 0.25579253451368E+01
 0.24856708766524E+01
 0.24170734982086E+01
 0.23520049224683E+01
 0.22903317067746E+01
 0.22319163876371E+01
 0.21766030718296E+01
 0.21242831960931E+01
 0.20748001022867E+01
 0.20280142750419E+01
 0.19837887013237E+01
 0.19419891712168E+01
 0.19024852842753E+01
 0.18651509698982E+01
 0.18298647100448E+01
 0.17965102166104E+01
 0.17649762060381E+01
 0.17351567446461E+01
 0.17069512553322E+01
 0.16802644399024E+01
 0.16550062172011E+01
 0.16310916033755E+01
 0.16084405370924E+01
 0.15869776986331E+01
 0.15666323314138E+01
 0.15473379867788E+01
 0.15290323679346E+01
 0.15116570318658E+01
 0.14951573228746E+01
 0.14794819597724E+01
 0.14645829437507E+01
 0.14504153654007E+01
 0.14369371797612E+01
 0.14241090228080E+01
 0.14118940472624E+01
 0.14002577460027E+01
 0.13891678281841E+01
 0.13785940394705E+01
 0.13685080258066E+01
 0.13588832189262E+01
 0.13496947163102E+01
 0.13409191456382E+01
 0.13325346008354E+01
 0.13245205061054E+01
 0.13168575519928E+01
 0.13095275724908E+01
 0.13025135248019E+01
 0.12957993661658E+01
 0.12893700150331E+01
 0.12832112597392E+01
 0.12773097311260E+01
 0.12716528231382E+01
 0.12662286637251E+01
 0.12610260421236E+01
 0.12560343972325E+01
 0.12512437412983E+01
 0.12466446535627E+01
 0.12422282277379E+01
 0.12379860479908E+01
 0.12339101505525E+01
 0.12299929915595E+01
 0.12262274379430E+01
 0.12226067273825E+01
 0.12191244599858E+01
 0.12157745608595E+01
 0.12125512684620E+01
 0.12094491175788E+01
 0.12064629168033E+01
 0.12035877365237E+01
 0.12008188853622E+01
 0.11981519178234E+01
 0.11955825953473E+01
 0.11931068909743E+01
 0.11907209686034E+01
 0.11884211752632E+01
 0.11862040276445E+01
 0.11840662160494E+01
 0.11820045784937E+01
 0.11800161000912E+01
 0.11780979045970E+01
 0.11762472485026E+01
 0.11744615103950E+01
 0.11727381878894E+01
 0.11710748901138E+01
 0.11694693310719E+01
 0.11679193271895E+01
 0.11664227887759E+01
 0.11649777173991E+01
 0.11635821967887E+01
 0.11622343976161E+01
 0.11609325660107E+01
 0.11596750228063E+01
 0.11584601562260E+01
 0.11572864261750E+01
 0.11561523522448E+01
 0.11550565163966E+01
 0.11539975571230E+01
 0.11529741697112E+01
 0.11519851008694E+01
 0.11510291456733E+01
 0.11501051488481E+01
 0.11492120029872E+01
 0.11483486409340E+01
 0.11475140354483E+01
 0.11467072043851E+01
 0.11459271994484E+01
 0.11451731090559E+01
