 0.92257235058161E+02
 0.92257235058118E+02
 0.92257235057652E+02
 0.92257235058561E+02
 0.92257235076484E+02
 0.92257235156805E+02
 0.92257235376774E+02
 0.92257235782741E+02
 0.92257236144974E+02
 0.92257235395769E+02
 0.92257230718288E+02
 0.92257216408482E+02
 0.92257182728805E+02
 0.92257190532014E+02
 0.92257143437533E+02
 0.92257029562702E+02
 0.92256916971577E+02
 0.92256766125155E+02
 0.92256479144973E+02
 0.92256145769761E+02
 0.92255713550533E+02
 0.92255093398554E+02
 0.92254378738607E+02
 0.92253442112006E+02
 0.92252378574488E+02
 0.92251052710207E+02
 0.92249563898115E+02
 0.92247778281063E+02
 0.92245731114743E+02
 0.92243483202077E+02
 0.92240890205146E+02
 0.92237998007552E+02
 0.92234868547699E+02
 0.92231361199058E+02
 0.92227528725082E+02
 0.92223363702678E+02
 0.92218931472897E+02
 0.92214095302709E+02
 0.92208911872580E+02
 0.92203379373939E+02
 0.92197495148904E+02
 0.92191324441596E+02
 0.92184735484272E+02
 0.92177788234850E+02
 0.92170482118595E+02
 0.92162815646073E+02
 0.92154787195713E+02
 0.92146394896135E+02
 0.92137702630392E+02
 0.92128578792862E+02
 0.92119082054443E+02
 0.92109209211122E+02
 0.92098955513526E+02
 0.92088315323383E+02
 0.92077282028074E+02
 0.92065847948981E+02
 0.92054004252493E+02
 0.92041740864221E+02
 0.92029046340885E+02
 0.92015907885068E+02
 0.92002378456445E+02
 0.91988309911365E+02
 0.91973749218076E+02
 0.91958677707413E+02
 0.91943074364264E+02
 0.91926916289148E+02
 0.91910178643805E+02
 0.91892834583129E+02
 0.91874855130485E+02
 0.91856209187516E+02
 0.91836863409197E+02
 0.91816782136537E+02
 0.91795927337439E+02
 0.91774258524235E+02
 0.91751732660527E+02
 0.91728304125218E+02
 0.91703924596405E+02
 0.91678543010950E+02
 0.91652105458779E+02
 0.91624624150725E+02
 0.91595902820177E+02
 0.91565945766572E+02
 0.91534687073575E+02
 0.91502057281105E+02
 0.91467983687063E+02
 0.91432390035963E+02
 0.91395178036878E+02
 0.91356297960418E+02
 0.91315646689358E+02
 0.91273132929724E+02
 0.91228661556649E+02
 0.91182132948451E+02
 0.91133443274190E+02
 0.91082484372508E+02
 0.91029143363486E+02
 0.90973302693693E+02
 0.90914839753242E+02
 0.90853697418824E+02
 0.90789604598880E+02
 0.90722490658765E+02
 0.90652211834806E+02
 0.90578618850291E+02
 0.90501556058605E+02
 0.90420861805932E+02
 0.90336367727625E+02
 0.90247899205252E+02
 0.90155275111138E+02
 0.90058306219979E+02
 0.89956796922028E+02
 0.89850544253876E+02
 0.89739406895401E+02
 0.89623029650785E+02
 0.89501253545912E+02
 0.89373843763574E+02
 0.89240557821468E+02
 0.89101144147541E+02
 0.88955342871363E+02
 0.88802886580748E+02
 0.88643498711751E+02
 0.88476893331600E+02
 0.88302842607165E+02
 0.88120915825171E+02
 0.87930834738413E+02
 0.87732339969346E+02
 0.87525077996568E+02
 0.87308716952274E+02
 0.87082918010425E+02
 0.86847335534110E+02
 0.86601619416314E+02
 0.86345478067925E+02
 0.86078430033357E+02
 0.85800175926213E+02
 0.85510353675774E+02
 0.85208601585323E+02
 0.84894559776924E+02
 0.84567870991858E+02
 0.84228238997480E+02
 0.83875203068883E+02
 0.83508479530493E+02
 0.83127735973621E+02
 0.82732651526631E+02
 0.82322916236486E+02
 0.81898234438710E+02
 0.81458374889999E+02
 0.81002970648071E+02
 0.80531821198084E+02
 0.80044693454303E+02
 0.79541372886958E+02
 0.79021662542171E+02
 0.78485430652868E+02
 0.77932430104088E+02
 0.77362565999936E+02
 0.76775716742719E+02
 0.76171782159936E+02
 0.75550685070710E+02
 0.74912351613245E+02
 0.74256740476646E+02
 0.73583831379463E+02
 0.72893615444550E+02
 0.72186136988087E+02
 0.71461370229957E+02
 0.70719404409414E+02
 0.69960317750343E+02
 0.69184224583522E+02
 0.68391288660751E+02
 0.67581625955753E+02
 0.66755469007945E+02
 0.65913066969038E+02
 0.65054726434263E+02
 0.64180743926886E+02
 0.63291534705666E+02
 0.62387554401235E+02
 0.61469342076819E+02
 0.60537455939131E+02
 0.59592586498752E+02
 0.58635488125379E+02
 0.57667023003739E+02
 0.56688102535577E+02
 0.55699777104706E+02
 0.54703182805887E+02
 0.53699565107211E+02
 0.52690226115374E+02
 0.51676602511024E+02
 0.50660204316539E+02
 0.49642592389442E+02
 0.48625413586035E+02
 0.47610361811576E+02
 0.46599142864917E+02
 0.45593482865765E+02
 0.44595121528103E+02
 0.43605707112336E+02
 0.42626882637059E+02
 0.41660217610790E+02
 0.40707184890667E+02
 0.39769158065686E+02
 0.38847382918994E+02
 0.37942986291409E+02
 0.37056958900442E+02
 0.36190154713955E+02
 0.35343052488681E+02
 0.34516676497955E+02
 0.33711249899682E+02
 0.32927087038265E+02
 0.32164379381207E+02
 0.31423211182430E+02
 0.30703563584766E+02
 0.30005327572159E+02
 0.29328310405161E+02
 0.28672250822188E+02
 0.28036826257294E+02
 0.27421660621194E+02
 0.26826336011900E+02
 0.26250398494972E+02
 0.25693366386307E+02
 0.25154736548021E+02
 0.24633990359392E+02
 0.24130598771176E+02
 0.23644027422317E+02
 0.23173739448642E+02
 0.22719199327705E+02
 0.22279880410833E+02
 0.21855249818633E+02
 0.21444796823982E+02
 0.21048016081041E+02
 0.20664414124870E+02
 0.20293509545755E+02
 0.19934834534549E+02
 0.19587935316949E+02
 0.19252371962334E+02
 0.18927719422432E+02
 0.18613566371914E+02
 0.18309516789103E+02
 0.18015188786914E+02
 0.17730214162737E+02
 0.17454239739547E+02
 0.17186925013554E+02
 0.16927942924404E+02
 0.16676979834850E+02
 0.16433733640583E+02
 0.16197915571293E+02
 0.15969247836400E+02
 0.15747464263964E+02
 0.15532309613924E+02
 0.15323538668448E+02
 0.15120917613905E+02
 0.14924220782243E+02
 0.14733232523706E+02
 0.14547746008717E+02
 0.14367562748161E+02
 0.14192492817459E+02
 0.14022353890292E+02
 0.13856971568570E+02
 0.13696177899537E+02
 0.13539812436221E+02
 0.13387720817990E+02
 0.13239755045729E+02
 0.13095773477023E+02
 0.12955639948327E+02
 0.12819223796395E+02
 0.12686399521889E+02
 0.12557046702203E+02
 0.12431049580790E+02
 0.12308297121981E+02
 0.12188682717585E+02
 0.12072103794411E+02
 0.11958461800463E+02
 0.11847662007731E+02
 0.11739613371854E+02
 0.11634228095468E+02
 0.11531422030498E+02
 0.11431114286378E+02
 0.11333226751548E+02
 0.11237684355071E+02
 0.11144414854662E+02
 0.11053348612773E+02
 0.10964418551829E+02
 0.10877560169016E+02
 0.10792711124920E+02
 0.10709811670828E+02
 0.10628803862862E+02
 0.10549631948967E+02
 0.10472242193549E+02
 0.10396582748109E+02
 0.10322603588756E+02
 0.10250256412218E+02
 0.10179494541356E+02
 0.10110273183236E+02
 0.10042548767295E+02
 0.99762793774551E+01
 0.99114244901494E+01
 0.98479449101588E+01
 0.97858028203789E+01
 0.97249615404206E+01
 0.96653856594240E+01
 0.96070411797624E+01
 0.95498949334978E+01
 0.94939148977323E+01
 0.94390700982736E+01
 0.93853306118824E+01
 0.93326673451679E+01
