 0.65300168398185E+01
 0.65300168391819E+01
 0.65300168321263E+01
 0.65300168018421E+01
 0.65300167188837E+01
 0.65300165420155E+01
 0.65300162186056E+01
 0.65300156825194E+01
 0.65300148462909E+01
 0.65300135842457E+01
 0.65300117067613E+01
 0.65300089305696E+01
 0.65300048521898E+01
 0.65299945309988E+01
 0.65299817123285E+01
 0.65299647487319E+01
 0.65299368875954E+01
 0.65298972376828E+01
 0.65298479696318E+01
 0.65297800522656E+01
 0.65296925204748E+01
 0.65295864553817E+01
 0.65294521798312E+01
 0.65292928929097E+01
 0.65290988348535E+01
 0.65288737685218E+01
 0.65286078378338E+01
 0.65283049514624E+01
 0.65279592801060E+01
 0.65275636536948E+01
 0.65271231240238E+01
 0.65266317909525E+01
 0.65260830100022E+01
 0.65254822545743E+01
 0.65248238846268E+01
 0.65241060022111E+01
 0.65233226507033E+01
 0.65224800700928E+01
 0.65215732815990E+01
 0.65206009986313E+01
 0.65195622099419E+01
 0.65184520563964E+01
 0.65172776780388E+01
 0.65160349510243E+01
 0.65147235599490E+01
 0.65133434220710E+01
 0.65118946286797E+01
 0.65103774388797E+01
 0.65087882505944E+01
 0.65071354721779E+01
 0.65054160642892E+01
 0.65036308406339E+01
 0.65017807919899E+01
 0.64998670321797E+01
 0.64978907896656E+01
 0.64958533997095E+01
 0.64937562967332E+01
 0.64916010068917E+01
 0.64893891426009E+01
 0.64871223924696E+01
 0.64847983014257E+01
 0.64824269765984E+01
 0.64800062721286E+01
 0.64775380931459E+01
 0.64750244290783E+01
 0.64724673153501E+01
 0.64698688283232E+01
 0.64672310812775E+01
 0.64645562235878E+01
 0.64618464333703E+01
 0.64591039176755E+01
 0.64563309095487E+01
 0.64535296653409E+01
 0.64507024631096E+01
 0.64478516020166E+01
 0.64449793988149E+01
 0.64420881885999E+01
 0.64391803223906E+01
 0.64362581672636E+01
 0.64333195958153E+01
 0.64303759075917E+01
 0.64274251352712E+01
 0.64244696895150E+01
 0.64215120135273E+01
 0.64185545608182E+01
 0.64155998032022E+01
 0.64126507923017E+01
 0.64097089904060E+01
 0.64067774084146E+01
 0.64038585861815E+01
 0.64009550750328E+01
 0.63980694590195E+01
 0.63952043390213E+01
 0.63923623335796E+01
 0.63895460916079E+01
 0.63867582838070E+01
 0.63840016118956E+01
 0.63812740752965E+01
 0.63785877236580E+01
 0.63759407964780E+01
 0.63733361056059E+01
 0.63707764920541E+01
 0.63682648526636E+01
 0.63658041144462E+01
 0.63633972568024E+01
 0.63610472885399E+01
 0.63587572471347E+01
 0.63565302709945E+01
 0.63543694961455E+01
 0.63522781045081E+01
 0.63502545904694E+01
 0.63483115850285E+01
 0.63464478349622E+01
 0.63446667204327E+01
 0.63429716622838E+01
 0.63413661384812E+01
 0.63398537006096E+01
 0.63384378652250E+01
 0.63371222348161E+01
 0.63359104570851E+01
 0.63348015982553E+01
 0.63338083629362E+01
 0.63329306927321E+01
 0.63321710229183E+01
 0.63315336626082E+01
 0.63310222870850E+01
 0.63306405538706E+01
 0.63303920993371E+01
 0.63302804900775E+01
 0.63303047137915E+01
 0.63304770122237E+01
 0.63307963545111E+01
 0.63312659235914E+01
 0.63318887527264E+01
 0.63326676974184E+01
 0.63336054320045E+01
 0.63347002428431E+01
 0.63359625964285E+01
 0.63373904558793E+01
 0.63389855853726E+01
 0.63407494520521E+01
 0.63426832591762E+01
 0.63447878975337E+01
 0.63470600520170E+01
 0.63495077643428E+01
 0.63521273086934E+01
 0.63549184551936E+01
 0.63578807591447E+01
 0.63610135404608E+01
 0.63643122414279E+01
 0.63677828988940E+01
 0.63714208253591E+01
 0.63752248642081E+01
 0.63791936307421E+01
 0.63833232306251E+01
 0.63876176999142E+01
 0.63920735487317E+01
 0.63966898213835E+01
 0.64014661328987E+01
 0.64063994498832E+01
 0.64114956353771E+01
 0.64167527564738E+01
 0.64221723032387E+01
 0.64277561466639E+01
 0.64335044961411E+01
 0.64394260440007E+01
 0.64455228592029E+01
 0.64518002918926E+01
 0.64582626007390E+01
 0.64649219034479E+01
 0.64717846321572E+01
 0.64788604363898E+01
 0.64861583725412E+01
 0.64936944860356E+01
 0.65014801019959E+01
 0.65095294835892E+01
 0.65178560817738E+01
 0.65264793968848E+01
 0.65354144080806E+01
 0.65446781979604E+01
 0.65542865267556E+01
 0.65642596449192E+01
 0.65746127874078E+01
 0.65853606174241E+01
 0.65965205204169E+01
 0.66081047047241E+01
 0.66201231677445E+01
 0.66325869970616E+01
 0.66455020737305E+01
 0.66588710972020E+01
 0.66726944993688E+01
 0.66869708921528E+01
 0.67016930624382E+01
 0.67168515853050E+01
 0.67324329187040E+01
 0.67484226034451E+01
 0.67648012172218E+01
 0.67815474272492E+01
 0.67986370813225E+01
 0.68160459849104E+01
 0.68337462117240E+01
 0.68517097559446E+01
 0.68699072369872E+01
 0.68883100831593E+01
 0.69068883135596E+01
 0.69256125429154E+01
 0.69444537074154E+01
 0.69633836342813E+01
 0.69823750120035E+01
 0.70014010343694E+01
 0.70204364531945E+01
 0.70394569481407E+01
 0.70584395108197E+01
 0.70773624012957E+01
 0.70962052320844E+01
 0.71149488917932E+01
 0.71335755407767E+01
 0.71520685410202E+01
 0.71704124639100E+01
 0.71885932682634E+01
 0.72065978138431E+01
 0.72244142892681E+01
 0.72420317413293E+01
 0.72594401686870E+01
 0.72766306053550E+01
 0.72935949519484E+01
 0.73103259519588E+01
 0.73268170881488E+01
 0.73430626069717E+01
 0.73590574104005E+01
 0.73747971461604E+01
 0.73902779682935E+01
 0.74054965892814E+01
 0.74204504259816E+01
 0.74351369053850E+01
 0.74495544091339E+01
 0.74637015960423E+01
 0.74775774264479E+01
 0.74911813628105E+01
 0.75045130749539E+01
 0.75175726411232E+01
 0.75303604973003E+01
 0.75428771197139E+01
 0.75551235804565E+01
 0.75671005626522E+01
 0.75788097089001E+01
 0.75902524036346E+01
 0.76014304157754E+01
 0.76123456577290E+01
 0.76230000789023E+01
 0.76333959099134E+01
 0.76435353468590E+01
 0.76534209753958E+01
 0.76630551466205E+01
 0.76724406048163E+01
 0.76815800983369E+01
 0.76904763812736E+01
 0.76991323440741E+01
 0.77075509290361E+01
 0.77157351749576E+01
 0.77236881559854E+01
 0.77314130319032E+01
 0.77389128429808E+01
 0.77461908267052E+01
 0.77532502112369E+01
 0.77600942359187E+01
 0.77667261779721E+01
 0.77731493124358E+01
 0.77793669860418E+01
 0.77853825102370E+01
 0.77911990946653E+01
 0.77968201143561E+01
 0.78022488881826E+01
 0.78074886923193E+01
 0.78125428453558E+01
 0.78174146544083E+01
 0.78221073792768E+01
 0.78266243278510E+01
 0.78309686437716E+01
 0.78351436247968E+01
 0.78391524672073E+01
 0.78429983530370E+01
 0.78466844480755E+01
 0.78502138728267E+01
 0.78535897427179E+01
 0.78568151664287E+01
 0.78598931285609E+01
 0.78628266866684E+01
 0.78656188166237E+01
 0.78682724513373E+01
 0.78707905554659E+01
 0.78731759851301E+01
 0.78754316203383E+01
 0.78775602892779E+01
 0.78795647227690E+01
 0.78814476920462E+01
 0.78832118651315E+01
 0.78848599847862E+01
 0.78863946059745E+01
 0.78878183951244E+01
