 0.82279429638407E-01
 0.82279429638407E-01
 0.82279429638407E-01
 0.82279429638407E-01
 0.82279429638407E-01
 0.82279429638407E-01
 0.82279429638407E-01
 0.82279429638407E-01
 0.82279429638407E-01
 0.82279429638407E-01
 0.82279429638407E-01
 0.82279429638407E-01
 0.82279429638407E-01
 0.82279172341143E-01
 0.82278916908579E-01
 0.82278615213720E-01
 0.82277928050343E-01
 0.82276865781333E-01
 0.82275622069079E-01
 0.82273740590577E-01
 0.82271239810102E-01
 0.82268260645242E-01
 0.82264317843269E-01
 0.82259679726793E-01
 0.82253860717966E-01
 0.82247164996703E-01
 0.82239105312967E-01
 0.82229996551508E-01
 0.82219588323230E-01
 0.82207554145999E-01
 0.82194274675807E-01
 0.82179499312167E-01
 0.82162932604150E-01
 0.82144970695216E-01
 0.82125379729900E-01
 0.82104121427098E-01
 0.82080938541496E-01
 0.82056256301681E-01
 0.82029855753685E-01
 0.82001723232691E-01
 0.81971854330616E-01
 0.81940021351735E-01
 0.81906665623021E-01
 0.81871586130290E-01
 0.81834788001198E-01
 0.81796282178667E-01
 0.81756081524587E-01
 0.81714200385611E-01
 0.81670433153559E-01
 0.81625227492553E-01
 0.81578392791956E-01
 0.81529943582419E-01
 0.81479896918699E-01
 0.81428269607617E-01
 0.81375077945602E-01
 0.81320337497589E-01
 0.81264062889613E-01
 0.81206267613936E-01
 0.81146963814895E-01
 0.81086162183554E-01
 0.81023651232920E-01
 0.80959872572848E-01
 0.80894619504261E-01
 0.80827893327368E-01
 0.80759694922220E-01
 0.80690022804342E-01
 0.80618872991881E-01
 0.80546238884797E-01
 0.80472111101332E-01
 0.80396477424903E-01
 0.80319322650158E-01
 0.80240628471406E-01
 0.80160373381496E-01
 0.80078532553093E-01
 0.79995077715585E-01
 0.79909977064811E-01
 0.79823195130138E-01
 0.79734692690854E-01
 0.79644426640900E-01
 0.79552131511223E-01
 0.79458187966521E-01
 0.79362328273966E-01
 0.79264491350537E-01
 0.79164612850516E-01
 0.79062623935101E-01
 0.78958450975883E-01
 0.78851998027766E-01
 0.78743213229221E-01
 0.78631993302992E-01
 0.78518244116851E-01
 0.78401866330331E-01
 0.78282754738909E-01
 0.78160798417087E-01
 0.78035880541592E-01
 0.77907878098896E-01
 0.77776661782119E-01
 0.77642095628020E-01
 0.77503821750804E-01
 0.77362115995473E-01
 0.77216612220193E-01
 0.77067145583607E-01
 0.76913544695237E-01
 0.76755630204020E-01
 0.76593214833454E-01
 0.76426102814537E-01
 0.76254090169373E-01
 0.76076964170344E-01
 0.75894503054055E-01
 0.75706475939433E-01
 0.75512642578620E-01
 0.75312542898144E-01
 0.75106331243389E-01
 0.74893535167631E-01
 0.74673874513586E-01
 0.74447059728721E-01
 0.74212790555810E-01
 0.73970757163735E-01
 0.73720639448108E-01
 0.73462107315453E-01
 0.73194819545641E-01
 0.72918223989818E-01
 0.72632358226248E-01
 0.72336623483302E-01
 0.72030706716147E-01
 0.71714191607533E-01
 0.71386686226541E-01
 0.71047791934738E-01
 0.70697103824658E-01
 0.70334213709352E-01
 0.69958514144208E-01
 0.69569977831231E-01
 0.69168004791097E-01
 0.68752184625428E-01
 0.68322111920631E-01
 0.67877388177722E-01
 0.67417623475023E-01
 0.66942256089547E-01
 0.66451276198249E-01
 0.65944161304930E-01
 0.65420579240957E-01
 0.64880220591703E-01
 0.64322798725044E-01
 0.63748054443267E-01
 0.63155581081415E-01
 0.62545519759032E-01
 0.61917535838923E-01
 0.61271495307400E-01
 0.60607302008897E-01
 0.59924896518198E-01
 0.59224096663306E-01
 0.58505239942092E-01
 0.57768233329337E-01
 0.57013179805657E-01
 0.56240225144319E-01
 0.55449374831616E-01
 0.54641219994325E-01
 0.53815861194675E-01
 0.52973623477194E-01
 0.52114873138271E-01
 0.51239887715948E-01
 0.50349392066198E-01
 0.49443771723434E-01
 0.48523585552929E-01
 0.47589454853908E-01
 0.46641926344875E-01
 0.45681969743155E-01
 0.44710258681464E-01
 0.43727648793221E-01
 0.42734942540849E-01
 0.41733343123567E-01
 0.40723802178637E-01
 0.39707449188201E-01
 0.38685391928356E-01
 0.37659102991820E-01
 0.36629845344607E-01
 0.35599047904815E-01
 0.34568127758296E-01
 0.33538829815380E-01
 0.32512702997521E-01
 0.31491437174074E-01
 0.30476687188010E-01
 0.29470367859633E-01
 0.28474191112586E-01
 0.27489867309507E-01
 0.26519293956163E-01
 0.25564132313737E-01
 0.24625991558313E-01
 0.23706576335336E-01
 0.22807317866265E-01
 0.21929602989204E-01
 0.21074582081937E-01
 0.20243454607181E-01
 0.19437095622651E-01
 0.18656258267112E-01
 0.17901481652680E-01
 0.17173258598494E-01
 0.16471785141445E-01
 0.15797138610149E-01
 0.15149207555901E-01
 0.14527840168030E-01
 0.13932664749557E-01
 0.13363218128089E-01
 0.12818914586658E-01
 0.12299170905958E-01
 0.11803250442461E-01
 0.11330390238227E-01
 0.10879786684987E-01
 0.10450584225368E-01
 0.10041976873284E-01
 0.96530820963438E-02
 0.92830399192577E-02
 0.89309972320863E-02
 0.85961133718527E-02
 0.82775654268732E-02
 0.79745520886667E-02
 0.76862965746210E-02
 0.74120488471873E-02
 0.71510875684141E-02
 0.69027204988446E-02
 0.66662858135012E-02
 0.64411739667122E-02
 0.62267387194045E-02
 0.60224310462812E-02
 0.58277080188815E-02
 0.56420553249756E-02
 0.54649856879229E-02
 0.52960383618581E-02
 0.51347779427528E-02
 0.49807930456445E-02
 0.48336955356604E-02
 0.46931189459348E-02
 0.45587179327504E-02
 0.44301667848574E-02
 0.43071782721426E-02
 0.41894228951570E-02
 0.40766481610227E-02
 0.39685969973437E-02
 0.38650272582174E-02
 0.37657103915796E-02
 0.36704313463639E-02
 0.35789871382480E-02
 0.34911865759215E-02
 0.34068491230847E-02
 0.33258245027754E-02
 0.32479118971231E-02
 0.31729800345396E-02
 0.31008857602729E-02
 0.30314939838116E-02
 0.29646769782695E-02
 0.29003139770333E-02
 0.28382912196084E-02
 0.27785007949380E-02
 0.27208605956126E-02
 0.26652337784551E-02
 0.26115492613634E-02
 0.25597205031511E-02
 0.25096655900807E-02
 0.24613068196782E-02
 0.24145705250198E-02
 0.23693868361337E-02
 0.23256894756475E-02
 0.22834352394951E-02
 0.22425244816129E-02
 0.22029206097411E-02
 0.21645696047574E-02
 0.21274204777143E-02
 0.20914243452441E-02
 0.20565348392331E-02
 0.20227077703001E-02
 0.19899209625093E-02
 0.19580944212210E-02
 0.19272101348118E-02
 0.18972316893939E-02
 0.18681247378476E-02
 0.18398560739908E-02
 0.18123941581533E-02
 0.17857089125903E-02
 0.17597913915742E-02
 0.17345741900244E-02
 0.17100511671397E-02
 0.16861973371112E-02
 0.16629885814454E-02
 0.16404022994380E-02
 0.16184163932292E-02
 0.15970098678586E-02
 0.15761824232387E-02
 0.15558748890292E-02
 0.15360888500075E-02
 0.15168067545785E-02
 0.14980116567040E-02
 0.14796873230109E-02
 0.14618180104413E-02
 0.14443890699140E-02
 0.14274058218237E-02
 0.14108145477382E-02
 0.13946220201876E-02
 0.13788156451493E-02
 0.13633832341738E-02
 0.13483130317214E-02
 0.13335937509483E-02
