 0.10929200021422E+00
 0.10929200021405E+00
 0.10929200020993E+00
 0.10929200018213E+00
 0.10929200008282E+00
 0.10929199983545E+00
 0.10929199934650E+00
 0.10929199854906E+00
 0.10929199754488E+00
 0.10929199693057E+00
 0.10929199833780E+00
 0.10929200511982E+00
 0.10929202305009E+00
 0.10929187142101E+00
 0.10929175319100E+00
 0.10929164845114E+00
 0.10929132623919E+00
 0.10929081612297E+00
 0.10929028451555E+00
 0.10928942133805E+00
 0.10928826722972E+00
 0.10928695356238E+00
 0.10928515076897E+00
 0.10928308333663E+00
 0.10928042018145E+00
 0.10927740984253E+00
 0.10927371735778E+00
 0.10926959569321E+00
 0.10926488042492E+00
 0.10925934943205E+00
 0.10925329712515E+00
 0.10924655439590E+00
 0.10923891615753E+00
 0.10923067962349E+00
 0.10922168524408E+00
 0.10921190556967E+00
 0.10920116033976E+00
 0.10918976117285E+00
 0.10917754811768E+00
 0.10916450963049E+00
 0.10915063921917E+00
 0.10913576606113E+00
 0.10912020531826E+00
 0.10910380255918E+00
 0.10908655135085E+00
 0.10906844820786E+00
 0.10904948944465E+00
 0.10902967080677E+00
 0.10900882689602E+00
 0.10898726429668E+00
 0.10896482495394E+00
 0.10894149785365E+00
 0.10891727199612E+00
 0.10889213434558E+00
 0.10886606958495E+00
 0.10883905990040E+00
 0.10881108477307E+00
 0.10878212077855E+00
 0.10875214129095E+00
 0.10872111650563E+00
 0.10868885477276E+00
 0.10865563131172E+00
 0.10862125292052E+00
 0.10858567344432E+00
 0.10854884385832E+00
 0.10851071076879E+00
 0.10847121626828E+00
 0.10843029778281E+00
 0.10838788778657E+00
 0.10834391383291E+00
 0.10829829827104E+00
 0.10825095809801E+00
 0.10820180483150E+00
 0.10815074432899E+00
 0.10809767658326E+00
 0.10804249565359E+00
 0.10798508941052E+00
 0.10792533945975E+00
 0.10786312091529E+00
 0.10779814668884E+00
 0.10773058607766E+00
 0.10766014291755E+00
 0.10758666337469E+00
 0.10750998738364E+00
 0.10742994764902E+00
 0.10734636894378E+00
 0.10725902491655E+00
 0.10716780316962E+00
 0.10707246729956E+00
 0.10697280878584E+00
 0.10686861090020E+00
 0.10675964711843E+00
 0.10664568185258E+00
 0.10652647025288E+00
 0.10640175739440E+00
 0.10627127847650E+00
 0.10613475803584E+00
 0.10599175640333E+00
 0.10584228206788E+00
 0.10568587627984E+00
 0.10552221885774E+00
 0.10535097973248E+00
 0.10517181599404E+00
 0.10498437291407E+00
 0.10478828252406E+00
 0.10458316491070E+00
 0.10436862783357E+00
 0.10414426339844E+00
 0.10390965220227E+00
 0.10366436150791E+00
 0.10340779120791E+00
 0.10313978215240E+00
 0.10285971313959E+00
 0.10256709513752E+00
 0.10226142783663E+00
 0.10194219594249E+00
 0.10160887168312E+00
 0.10126091703298E+00
 0.10089778064290E+00
 0.10051889801527E+00
 0.10012354380154E+00
 0.99711435008591E-01
 0.99281763468142E-01
 0.98834063508451E-01
 0.98367669488170E-01
 0.97881977288425E-01
 0.97376380912444E-01
 0.96850273738412E-01
 0.96303054772368E-01
 0.95733976843446E-01
 0.95142754759239E-01
 0.94528672342043E-01
 0.93891174441474E-01
 0.93229727946466E-01
 0.92543825675355E-01
 0.91832989160082E-01
 0.91096625235340E-01
 0.90334610360443E-01
 0.89546441209831E-01
 0.88731794716449E-01
 0.87890400455083E-01
 0.87022039732314E-01
 0.86126553248126E-01
 0.85203690813636E-01
 0.84253703384396E-01
 0.83276477109803E-01
 0.82272104275388E-01
 0.81240746375913E-01
 0.80182631725641E-01
 0.79097916385980E-01
 0.77987247161127E-01
 0.76850925591229E-01
 0.75689452263902E-01
 0.74503399171101E-01
 0.73293203026702E-01
 0.72059950688650E-01
 0.70804212184730E-01
 0.69526820605484E-01
 0.68228657456541E-01
 0.66910537362386E-01
 0.65573720104016E-01
 0.64219154201392E-01
 0.62847963252908E-01
 0.61461351750812E-01
 0.60060454304727E-01
 0.58646833049562E-01
 0.57221767786003E-01
 0.55786730090561E-01
 0.54343138312913E-01
 0.52892824829115E-01
 0.51437376217951E-01
 0.49978565603653E-01
 0.48518142702293E-01
 0.47058236703615E-01
 0.45600760913477E-01
 0.44147796729528E-01
 0.42701408438118E-01
 0.41263995120498E-01
 0.39837737305136E-01
 0.38424947484354E-01
 0.37027877879226E-01
 0.35649029865435E-01
 0.34290659155332E-01
 0.32954979573692E-01
 0.31644364000142E-01
 0.30360882851346E-01
 0.29106503009807E-01
 0.27883237591693E-01
 0.26692741493215E-01
 0.25536575376786E-01
 0.24415964547125E-01
 0.23332143149489E-01
 0.22285933629125E-01
 0.21277970063951E-01
 0.20308605328958E-01
 0.19378095509207E-01
 0.18486335486270E-01
 0.17633057498902E-01
 0.16817761882791E-01
 0.16039880690319E-01
 0.15298596717691E-01
 0.14592980307150E-01
 0.13921966384182E-01
 0.13284490454095E-01
 0.12679328862548E-01
 0.12105236841831E-01
 0.11560937257659E-01
 0.11045109480679E-01
 0.10556502222217E-01
 0.10093799762312E-01
 0.96557272976344E-02
 0.92410368247564E-02
 0.88485123618554E-02
 0.84769758866754E-02
 0.81252910844226E-02
 0.77923662536940E-02
 0.74771560929394E-02
 0.71786631109406E-02
 0.68959372986848E-02
 0.66280762454670E-02
 0.63742469363237E-02
 0.61335952290672E-02
 0.59053794573734E-02
 0.56888781591528E-02
 0.54834115244465E-02
 0.52883391901395E-02
 0.51030588369318E-02
 0.49270042616218E-02
 0.47596432381478E-02
 0.46004760980093E-02
 0.44490333212240E-02
 0.43048745757142E-02
 0.41675865104515E-02
 0.40367997064769E-02
 0.39121127377946E-02
 0.37932030236178E-02
 0.36797500534610E-02
 0.35714532414838E-02
 0.34680300406673E-02
 0.33692157086010E-02
 0.32747613643427E-02
 0.31844333931667E-02
 0.30980123522046E-02
 0.30153099712471E-02
 0.29360961417417E-02
 0.28602068700479E-02
 0.27874708087290E-02
 0.27177266847127E-02
 0.26508226357365E-02
 0.25866156998552E-02
 0.25249714855563E-02
 0.24657631722188E-02
 0.24088887622213E-02
 0.23541998494098E-02
 0.23016080724984E-02
 0.22510130634266E-02
 0.22023201491580E-02
 0.21554398275486E-02
 0.21102875353857E-02
 0.20667833129627E-02
 0.20248515675738E-02
 0.19844379098073E-02
 0.19454399651672E-02
 0.19078111768616E-02
 0.18714907513483E-02
 0.18364213982206E-02
 0.18025484565783E-02
 0.17698202130076E-02
 0.17381875313700E-02
 0.17076208702040E-02
 0.16780416888773E-02
 0.16494252530610E-02
 0.16217315752756E-02
 0.15949229752583E-02
 0.15689632189248E-02
 0.15438179579209E-02
 0.15194545353446E-02
 0.14958586571480E-02
 0.14729667254943E-02
 0.14507675826330E-02
 0.14292343916440E-02
 0.14083413681708E-02
 0.13880643101874E-02
 0.13683797322139E-02
 0.13492653394527E-02
 0.13307165645458E-02
 0.13126793681469E-02
 0.12951512431786E-02
 0.12781137319311E-02
 0.12615490894732E-02
 0.12454403333008E-02
 0.12297710984217E-02
 0.12145260889912E-02
 0.11997069608684E-02
 0.11852658883104E-02
 0.11712060402965E-02
 0.11575144469618E-02
 0.11441785688740E-02
 0.11311863953514E-02
 0.11185263752859E-02
