 0.10000000133514E-09
 0.10000000133514E-09
 0.10000000133514E-09
 0.10000000133514E-09
 0.10000000133514E-09
 0.10000000133514E-09
 0.10000000133514E-09
 0.10000000133514E-09
 0.10000000133514E-09
 0.10000000133514E-09
 0.10000000133514E-09
 0.10000000133514E-09
 0.10000000133514E-09
 0.10000000133514E-09
 0.10000000133514E-09
 0.10000000133514E-09
 0.10000000133514E-09
 0.10000000133514E-09
 0.10000000133514E-09
 0.10000000133514E-09
 0.10000000133514E-09
 0.10000000133514E-09
 0.10000000133514E-09
 0.10000000133514E-09
 0.10000000133514E-09
 0.10000000133514E-09
 0.10000000133514E-09
 0.10000000133514E-09
 0.10000000133514E-09
 0.10000000133514E-09
 0.82282895288299E-04
 0.82282895288299E-04
 0.82282895288299E-04
 0.18203375993482E-03
 0.18203375993482E-03
 0.28735324809131E-03
 0.35452589880515E-03
 0.43270121418287E-03
 0.52289188872132E-03
 0.62611822376726E-03
 0.74340473356840E-03
 0.87577630288228E-03
 0.10242571976720E-02
 0.11898661882929E-02
 0.13736161098992E-02
 0.15765126509014E-02
 0.17995535155843E-02
 0.20437283255893E-02
 0.23100158797868E-02
 0.25993900850357E-02
 0.29128133119451E-02
 0.32512399022222E-02
 0.36156169814285E-02
 0.40068833420578E-02
 0.44259701131966E-02
 0.48738026082475E-02
 0.53513011149518E-02
 0.58593814923564E-02
 0.63989541441109E-02
 0.69709240220443E-02
 0.75761908083972E-02
 0.82156602444495E-02
 0.88902295749947E-02
 0.96007973889430E-02
 0.10348259477672E-01
 0.11133512531666E-01
 0.11957456060844E-01
 0.12820990869189E-01
 0.13725018147308E-01
 0.14670447452581E-01
 0.15658188364124E-01
 0.16689159033230E-01
 0.17764280159356E-01
 0.18884481814618E-01
 0.20050703137028E-01
 0.21263892382515E-01
 0.22525012760601E-01
 0.23835031723680E-01
 0.25194932481548E-01
 0.26605711184863E-01
 0.28068384692379E-01
 0.29583978898447E-01
 0.31153532448126E-01
 0.32778131624930E-01
 0.34458855095910E-01
 0.36196813384341E-01
 0.37997025015548E-01
 0.39853336649419E-01
 0.41770408355693E-01
 0.43749449099351E-01
 0.45791684551286E-01
 0.47898408420872E-01
 0.50070920463721E-01
 0.52310551800364E-01
 0.54618671135261E-01
 0.56996676860375E-01
 0.59446019781892E-01
 0.61968141143506E-01
 0.64564588868447E-01
 0.67236899960423E-01
 0.69986657699522E-01
 0.72815477263820E-01
 0.75725021334212E-01
 0.78716966950235E-01
 0.81793061859152E-01
 0.84955047774877E-01
 0.88204745814943E-01
 0.91543949985623E-01
 0.94974516947420E-01
 0.98498336458755E-01
 0.10211726710577E+00
 0.10583326368235E+00
 0.10964822441542E+00
 0.11356405495922E+00
 0.11758267663689E+00
 0.12170602601728E+00
 0.12593595451432E+00
 0.13027430639745E+00
 0.13472286529398E+00
 0.13928340830050E+00
 0.14395758304974E+00
 0.14874697835744E+00
 0.15365484815334E+00
 0.15867919298986E+00
 0.16382283874846E+00
 0.16908679354946E+00
 0.17447189927948E+00
 0.17997882845515E+00
 0.18560797841897E+00
 0.19135947041240E+00
 0.19723318704038E+00
 0.20322863645802E+00
 0.20934504651443E+00
 0.21558126362667E+00
 0.22193573142092E+00
 0.22840649475927E+00
 0.23499115857512E+00
 0.24168703044472E+00
 0.24849077518850E+00
 0.25539873610692E+00
 0.26240675904990E+00
 0.26951027668520E+00
 0.27670425567493E+00
 0.28398327506793E+00
 0.29134152771164E+00
 0.29877281657761E+00
 0.30627065039077E+00
 0.31382821921604E+00
 0.32143848082420E+00
 0.32909416470895E+00
 0.33678791755054E+00
 0.34451222297563E+00
 0.35225953996663E+00
 0.36002234745791E+00
 0.36779395404636E+00
 0.37556540767617E+00
 0.38333023331331E+00
 0.39108135033801E+00
 0.39881195339343E+00
 0.40651546913235E+00
 0.41418563556605E+00
 0.42181638761258E+00
 0.42940208704704E+00
 0.43693726750209E+00
 0.44441688787403E+00
 0.45183624843650E+00
 0.45919091137435E+00
 0.46647677291888E+00
 0.47369014323387E+00
 0.48082757593187E+00
 0.48788594690668E+00
 0.49486241624801E+00
 0.50175440192762E+00
 0.50855962748989E+00
 0.51527603648451E+00
 0.52190183962433E+00
 0.52843545787390E+00
 0.53487554823437E+00
 0.54122097840221E+00
 0.54747081232112E+00
 0.55362428298896E+00
 0.55968097788780E+00
 0.56564046077496E+00
 0.57150263394304E+00
 0.57726756302715E+00
 0.58293546938596E+00
 0.58850678961570E+00
 0.59398209852661E+00
 0.59936219701618E+00
 0.60464776151167E+00
 0.60984047337472E+00
 0.61494133662338E+00
 0.61995177624537E+00
 0.62487334118807E+00
 0.62970771642468E+00
 0.63445668925511E+00
 0.63912214359994E+00
 0.64370601149092E+00
 0.64821027680317E+00
 0.65263706864870E+00
 0.65698823618853E+00
 0.66126592333797E+00
 0.66547217028056E+00
 0.66960898491039E+00
 0.67367834449837E+00
 0.67768218890633E+00
 0.68162241029318E+00
 0.68550083445506E+00
 0.68931923666995E+00
 0.69307932487721E+00
 0.69678274509713E+00
 0.70043107757020E+00
 0.70402584004361E+00
 0.70756848245157E+00
 0.71106039235088E+00
 0.71450289431176E+00
 0.71789725453699E+00
 0.72124468216565E+00
 0.72454633391229E+00
 0.72780331622641E+00
 0.73101656952517E+00
 0.73418733657164E+00
 0.73731645161642E+00
 0.74040483722581E+00
 0.74345337410883E+00
 0.74646291571113E+00
 0.74943426936896E+00
 0.75236820977850E+00
 0.75526548344496E+00
 0.75812681169996E+00
 0.76095289646752E+00
 0.76374439574885E+00
 0.76650195246955E+00
 0.76922618971992E+00
 0.77191770773676E+00
 0.77457708745867E+00
 0.77720489030213E+00
 0.77980166042018E+00
 0.78236792731778E+00
 0.78490420221769E+00
 0.78741098469996E+00
 0.78988875690542E+00
 0.79233798905871E+00
 0.79475914013400E+00
 0.79715265492619E+00
 0.79951896931905E+00
 0.80185850616143E+00
 0.80417168165408E+00
 0.80645889705576E+00
 0.80872054886831E+00
 0.81095702131756E+00
 0.81316868993614E+00
 0.81535592413600E+00
 0.81751908419802E+00
 0.81965852358334E+00
 0.82177458779118E+00
 0.82386761552145E+00
 0.82593793729604E+00
 0.82798587770914E+00
 0.83001175688394E+00
 0.83201588583039E+00
 0.83399857069715E+00
 0.83596011304838E+00
 0.83790080755892E+00
 0.83982094202754E+00
 0.84172080291310E+00
 0.84360066844864E+00
 0.84546081160378E+00
 0.84730150175236E+00
 0.84912300367172E+00
 0.85092557781467E+00
 0.85270947840413E+00
 0.85447495553021E+00
 0.85622225673186E+00
 0.85795162389590E+00
 0.85966329596368E+00
 0.86135750614703E+00
 0.86303448467340E+00
 0.86469445880806E+00
 0.86633765122018E+00
 0.86796428213105E+00
 0.86957456430728E+00
 0.87116871103078E+00
 0.87274693117657E+00
 0.87430943091011E+00
 0.87585641080752E+00
 0.87738807053074E+00
 0.87890460585336E+00
 0.88040620902528E+00
 0.88189306944008E+00
 0.88336537386621E+00
 0.88482330610831E+00
 0.88626704707997E+00
 0.88769677488567E+00
 0.88911266462068E+00
 0.89051488887263E+00
 0.89190361734552E+00
 0.89327901790361E+00
 0.89464125576362E+00
 0.89599049288123E+00
