 0.30122098334409E+03
 0.30122098331455E+03
 0.30122098298641E+03
 0.30122098158146E+03
 0.30122097776206E+03
 0.30122096970860E+03
 0.30122095514694E+03
 0.30122093111472E+03
 0.30122089305674E+03
 0.30122083280076E+03
 0.30122073535388E+03
 0.30122057501865E+03
 0.30122031164026E+03
 0.30121980069340E+03
 0.30121905336329E+03
 0.30121795785960E+03
 0.30121628561855E+03
 0.30121391012884E+03
 0.30121075375688E+03
 0.30120650683062E+03
 0.30120101217640E+03
 0.30119415142358E+03
 0.30118558600368E+03
 0.30117523642766E+03
 0.30116276256056E+03
 0.30114810164095E+03
 0.30113091672401E+03
 0.30111115879053E+03
 0.30108858436087E+03
 0.30106292609039E+03
 0.30103418097270E+03
 0.30100212483715E+03
 0.30096652152577E+03
 0.30092740143904E+03
 0.30088457082937E+03
 0.30083791488042E+03
 0.30078724365637E+03
 0.30073264367050E+03
 0.30067395845146E+03
 0.30061112090249E+03
 0.30054407664939E+03
 0.30047268627041E+03
 0.30039709872392E+03
 0.30031720362610E+03
 0.30023298384574E+03
 0.30014443209751E+03
 0.30005154880385E+03
 0.29995434138709E+03
 0.29985272301895E+03
 0.29974690825365E+03
 0.29963682809135E+03
 0.29952250995974E+03
 0.29940398599171E+03
 0.29928129118916E+03
 0.29915446274049E+03
 0.29902353936323E+03
 0.29888856066531E+03
 0.29874956652768E+03
 0.29860659644201E+03
 0.29845968909335E+03
 0.29830877003158E+03
 0.29815409372293E+03
 0.29799558637317E+03
 0.29783327685366E+03
 0.29766719154589E+03
 0.29749735297443E+03
 0.29732377939795E+03
 0.29714648441466E+03
 0.29696547653221E+03
 0.29678075887235E+03
 0.29659232878816E+03
 0.29640017752351E+03
 0.29620428991096E+03
 0.29600464404466E+03
 0.29580121096502E+03
 0.29559395439390E+03
 0.29538283040766E+03
 0.29516778720818E+03
 0.29494876480090E+03
 0.29472557471341E+03
 0.29449837689595E+03
 0.29426696884760E+03
 0.29403125420536E+03
 0.29379112772564E+03
 0.29354647450043E+03
 0.29329716932590E+03
 0.29304304316767E+03
 0.29278401012680E+03
 0.29251988446195E+03
 0.29225049689680E+03
 0.29197566671462E+03
 0.29169520055220E+03
 0.29140889258226E+03
 0.29111652415677E+03
 0.29081786313559E+03
 0.29051266362317E+03
 0.29020066514769E+03
 0.28988147551279E+03
 0.28955503698666E+03
 0.28922092847038E+03
 0.28887882686238E+03
 0.28852839324697E+03
 0.28816927087072E+03
 0.28780108507580E+03
 0.28742344200608E+03
 0.28703592895714E+03
 0.28663811344247E+03
 0.28622954134846E+03
 0.28580973758424E+03
 0.28537820511643E+03
 0.28493431513158E+03
 0.28447773949379E+03
 0.28400780567784E+03
 0.28352392015141E+03
 0.28302546581347E+03
 0.28251179768530E+03
 0.28198224601400E+03
 0.28143611359918E+03
 0.28087267585467E+03
 0.28029117806277E+03
 0.27969074013679E+03
 0.27907074916290E+03
 0.27843020038860E+03
 0.27776835696249E+03
 0.27708426284485E+03
 0.27637699828734E+03
 0.27564561615372E+03
 0.27488914184551E+03
 0.27410657822029E+03
 0.27329681587176E+03
 0.27245899040298E+03
 0.27159195664139E+03
 0.27069463764574E+03
 0.26976594408252E+03
 0.26880477715639E+03
 0.26781003068584E+03
 0.26678051727246E+03
 0.26571527517825E+03
 0.26461312756300E+03
 0.26347297376023E+03
 0.26229372809869E+03
 0.26107431919845E+03
 0.25981369862420E+03
 0.25851077058538E+03
 0.25716467318266E+03
 0.25577437383686E+03
 0.25433893936939E+03
 0.25285747782320E+03
 0.25132913474062E+03
 0.24975304201912E+03
 0.24812855115160E+03
 0.24645489032832E+03
 0.24473139250540E+03
 0.24295744226877E+03
 0.24113234598866E+03
 0.23925585990894E+03
 0.23732740574941E+03
 0.23534660898169E+03
 0.23331314573939E+03
 0.23122671842082E+03
 0.22908723902149E+03
 0.22689457705158E+03
 0.22464872103611E+03
 0.22234977901554E+03
 0.21999791853969E+03
 0.21759353041817E+03
 0.21513704226420E+03
 0.21262906607614E+03
 0.21007032355267E+03
 0.20746182038708E+03
 0.20480466415528E+03
 0.20210020375155E+03
 0.19935000006418E+03
 0.19655592919086E+03
 0.19372006590267E+03
 0.19084477845453E+03
 0.18793272280186E+03
 0.18498691175055E+03
 0.18201060851586E+03
 0.17900740992497E+03
 0.17598120273350E+03
 0.17293619737855E+03
 0.16987686090926E+03
 0.16680788367682E+03
 0.16373421619077E+03
 0.16066093858529E+03
 0.15759324960791E+03
 0.15453645439058E+03
 0.15149581221414E+03
 0.14847660244428E+03
 0.14548379575023E+03
 0.14252237625489E+03
 0.13959700997379E+03
 0.13671207371034E+03
 0.13387160504553E+03
 0.13107928886408E+03
 0.12833839004815E+03
 0.12565177200178E+03
 0.12302187135253E+03
 0.12044995325278E+03
 0.11793912099483E+03
 0.11548986685142E+03
 0.11310303182280E+03
 0.11077912402823E+03
 0.10851831921546E+03
 0.10632050623867E+03
 0.10418531737188E+03
 0.10211215017845E+03
 0.10010021522840E+03
 0.98148543121315E+02
 0.96256023415570E+02
 0.94421428779606E+02
 0.92643434592292E+02
 0.90920641832573E+02
 0.89251595367343E+02
 0.87634799627868E+02
 0.86068732635131E+02
 0.84551860037253E+02
 0.83082642421760E+02
 0.81659548671628E+02
 0.80281075906109E+02
 0.78945696389307E+02
 0.77651956175567E+02
 0.76398412938435E+02
 0.75183660079839E+02
 0.74006325067278E+02
 0.72865074542041E+02
 0.71758614774576E+02
 0.70685691266510E+02
 0.69645091657624E+02
 0.68635642587970E+02
 0.67656213576518E+02
 0.66705713676580E+02
 0.65783091893285E+02
 0.64887335110277E+02
 0.64017470418733E+02
 0.63172561054604E+02
 0.62351707560524E+02
 0.61554043016119E+02
 0.60778737882557E+02
 0.60024993466306E+02
 0.59292044431413E+02
 0.58579154295579E+02
 0.57885617204371E+02
 0.57210755007622E+02
 0.56553917478564E+02
 0.55914479473079E+02
 0.55291842073471E+02
 0.54685429424506E+02
 0.54094689310159E+02
 0.53519091700421E+02
 0.52958128187498E+02
 0.52411309937130E+02
 0.51878166925124E+02
 0.51358248557578E+02
 0.50851121503893E+02
 0.50356370302469E+02
 0.49873595200204E+02
 0.49402411987387E+02
 0.48942451295757E+02
 0.48493358157195E+02
 0.48054791195664E+02
 0.47626421100835E+02
 0.47207932828748E+02
 0.46799022284950E+02
 0.46399396823330E+02
 0.46008774854618E+02
 0.45626885274025E+02
 0.45253466394586E+02
 0.44888267222621E+02
 0.44531045111949E+02
 0.44181566569610E+02
 0.43839606503302E+02
 0.43504947803751E+02
 0.43177381089362E+02
 0.42856704367072E+02
 0.42542723026662E+02
 0.42235249018603E+02
 0.41934100936196E+02
 0.41639103619503E+02
 0.41350087827069E+02
 0.41066890265286E+02
 0.40789353171286E+02
 0.40517324002401E+02
 0.40250655329731E+02
 0.39989204659577E+02
 0.39732834434995E+02
 0.39481411264704E+02
 0.39234806402088E+02
 0.38992895109050E+02
 0.38755556838300E+02
 0.38522674793183E+02
 0.38294135695316E+02
 0.38069830092546E+02
 0.37849652322465E+02
 0.37633499599580E+02
 0.37421272164180E+02
 0.37212873908656E+02
 0.37008211183258E+02
 0.36807193382112E+02
