 0.13628844922653E+03
 0.13628844922661E+03
 0.13628844922824E+03
 0.13628844923624E+03
 0.13628844925396E+03
 0.13628844927175E+03
 0.13628844926170E+03
 0.13628844921044E+03
 0.13628844925596E+03
 0.13628845000095E+03
 0.13628845301745E+03
 0.13628846147327E+03
 0.13628848076093E+03
 0.13628841572252E+03
 0.13628838159263E+03
 0.13628837342499E+03
 0.13628827248175E+03
 0.13628810303928E+03
 0.13628796570514E+03
 0.13628770188748E+03
 0.13628734529738E+03
 0.13628697910841E+03
 0.13628643607517E+03
 0.13628585144765E+03
 0.13628505706181E+03
 0.13628420137829E+03
 0.13628311349337E+03
 0.13628194374479E+03
 0.13628061348759E+03
 0.13627901159981E+03
 0.13627731044532E+03
 0.13627542477305E+03
 0.13627324999516E+03
 0.13627096127481E+03
 0.13626847206717E+03
 0.13626578015005E+03
 0.13626278628420E+03
 0.13625967027561E+03
 0.13625634877840E+03
 0.13625282050711E+03
 0.13624908703170E+03
 0.13624505816923E+03
 0.13624091570076E+03
 0.13623657928811E+03
 0.13623205276668E+03
 0.13622734211900E+03
 0.13622245425990E+03
 0.13621739706039E+03
 0.13621208837795E+03
 0.13620671549157E+03
 0.13620120407435E+03
 0.13619556509440E+03
 0.13618981169696E+03
 0.13618395820586E+03
 0.13617802015562E+03
 0.13617201433603E+03
 0.13616595883807E+03
 0.13615987310071E+03
 0.13615377801121E+03
 0.13614769583926E+03
 0.13614155753450E+03
 0.13613557098383E+03
 0.13612967413454E+03
 0.13612389478865E+03
 0.13611826321286E+03
 0.13611281145156E+03
 0.13610757335759E+03
 0.13610258464177E+03
 0.13609788299130E+03
 0.13609350802706E+03
 0.13608950142804E+03
 0.13608590698268E+03
 0.13608277063420E+03
 0.13608014055304E+03
 0.13607806722452E+03
 0.13607660346448E+03
 0.13607580453744E+03
 0.13607572818374E+03
 0.13607643472186E+03
 0.13607789153119E+03
 0.13608035316215E+03
 0.13608379508037E+03
 0.13608828840572E+03
 0.13609390761572E+03
 0.13610073013004E+03
 0.13610883666009E+03
 0.13611833113930E+03
 0.13612926447394E+03
 0.13614174475212E+03
 0.13615586669725E+03
 0.13617172859456E+03
 0.13618943307924E+03
 0.13620908679057E+03
 0.13623080050976E+03
 0.13625468964484E+03
 0.13628087415654E+03
 0.13630947901481E+03
 0.13634053603459E+03
 0.13637437297483E+03
 0.13641103633441E+03
 0.13645067244188E+03
 0.13649343328260E+03
 0.13653947762664E+03
 0.13658897059186E+03
 0.13664208454062E+03
 0.13669899861929E+03
 0.13675989903993E+03
 0.13682498143970E+03
 0.13689444843880E+03
 0.13696851110311E+03
 0.13704729184037E+03
 0.13713121284449E+03
 0.13722041847757E+03
 0.13731515840532E+03
 0.13741569200769E+03
 0.13752229044518E+03
 0.13763523630172E+03
 0.13775482229968E+03
 0.13788135433383E+03
 0.13801515162522E+03
 0.13815645088338E+03
 0.13830578197612E+03
 0.13846344491980E+03
 0.13862975080040E+03
 0.13880511521793E+03
 0.13898993827554E+03
 0.13918463513465E+03
 0.13938963667406E+03
 0.13960538789511E+03
 0.13983225548786E+03
 0.14007089703741E+03
 0.14032171248497E+03
 0.14058520685885E+03
 0.14086189943523E+03
 0.14115232337148E+03
 0.14145702618600E+03
 0.14177648226782E+03
 0.14211143931729E+03
 0.14246240091605E+03
 0.14282997047905E+03
 0.14321476337379E+03
 0.14361740921634E+03
 0.14403854976348E+03
 0.14447875943220E+03
 0.14493887007736E+03
 0.14541948836983E+03
 0.14592131620145E+03
 0.14644507240988E+03
 0.14699149536445E+03
 0.14756126525801E+03
 0.14815531183612E+03
 0.14877436506821E+03
 0.14941925899702E+03
 0.15009085274946E+03
 0.15079001260541E+03
 0.15151772266907E+03
 0.15227492762373E+03
 0.15306263016924E+03
 0.15388189007481E+03
 0.15473375150057E+03
 0.15561948559648E+03
 0.15654024114902E+03
 0.15749728640749E+03
 0.15849193209842E+03
 0.15952550056305E+03
 0.16059953709895E+03
 0.16171548046115E+03
 0.16287487226250E+03
 0.16407927103731E+03
 0.16533042159833E+03
 0.16662996670853E+03
 0.16797962694282E+03
 0.16938110776811E+03
 0.17083625408292E+03
 0.17234678003193E+03
 0.17391442590688E+03
 0.17554084776962E+03
 0.17722775682636E+03
 0.17897666757063E+03
 0.18078901750866E+03
 0.18266607302207E+03
 0.18460904350645E+03
 0.18661882772914E+03
 0.18869612153760E+03
 0.19084145241482E+03
 0.19305499998933E+03
 0.19533664581568E+03
 0.19768603398542E+03
 0.20010245514315E+03
 0.20258481798291E+03
 0.20513187393285E+03
 0.20774197451761E+03
 0.21041316557131E+03
 0.21314325597782E+03
 0.21592979068185E+03
 0.21877014962233E+03
 0.22166148977849E+03
 0.22460082955753E+03
 0.22758506150515E+03
 0.23061077869401E+03
 0.23367524519762E+03
 0.23677496468879E+03
 0.23990668786134E+03
 0.24306721810930E+03
 0.24625338369520E+03
 0.24946209199952E+03
 0.25269032692578E+03
 0.25593518681718E+03
 0.25919385545343E+03
 0.26246362748931E+03
 0.26574192641234E+03
 0.26902628209670E+03
 0.27231434873034E+03
 0.27560389831024E+03
 0.27889282189836E+03
 0.28217912542453E+03
 0.28546092757596E+03
 0.28873645230173E+03
 0.29200403193541E+03
 0.29526210501908E+03
 0.29850916991176E+03
 0.30174391462376E+03
 0.30496501690414E+03
 0.30817127183108E+03
 0.31136155406599E+03
 0.31453481731647E+03
 0.31769008537124E+03
 0.32082644796370E+03
 0.32394306285754E+03
 0.32703914425312E+03
 0.33011397306523E+03
 0.33316687572115E+03
 0.33619723228065E+03
 0.33920447797045E+03
 0.34218807967191E+03
 0.34514756147699E+03
 0.34808248633594E+03
 0.35099244932312E+03
 0.35387709628571E+03
 0.35673609220223E+03
 0.35956914549157E+03
 0.36237599468363E+03
 0.36515640197653E+03
 0.36791016929456E+03
 0.37063710153904E+03
 0.37333705843839E+03
 0.37600990635396E+03
 0.37865554049297E+03
 0.38127387972913E+03
 0.38386485550246E+03
 0.38642842519114E+03
 0.38896455442577E+03
 0.39147324059647E+03
 0.39395448728282E+03
 0.39640832034530E+03
 0.39883477950643E+03
 0.40123391165799E+03
 0.40360578178711E+03
 0.40595046674347E+03
 0.40826805740356E+03
 0.41055865425915E+03
 0.41282236871888E+03
 0.41505932307335E+03
 0.41726964499110E+03
 0.41945347460538E+03
 0.42161095955977E+03
 0.42374225579003E+03
 0.42584752549807E+03
 0.42792694364749E+03
 0.42998068251689E+03
 0.43200892446294E+03
 0.43401185865404E+03
 0.43598967876148E+03
 0.43794258166948E+03
 0.43987077165527E+03
 0.44177445729424E+03
 0.44365384781377E+03
 0.44550915845641E+03
 0.44734060581964E+03
 0.44914841251531E+03
 0.45093280213138E+03
 0.45269400022457E+03
 0.45443223508495E+03
 0.45614773638287E+03
 0.45784073683279E+03
 0.45951146910938E+03
 0.46116016815924E+03
 0.46278707041450E+03
 0.46439241111598E+03
 0.46597642658918E+03
 0.46753935680319E+03
 0.46908143817871E+03
 0.47060291200786E+03
 0.47210401447417E+03
 0.47358498446793E+03
 0.47504605928770E+03
 0.47648747575921E+03
 0.47790947346183E+03
 0.47931228531176E+03
 0.48069615149773E+03
