 0.44974230084347E+03
 0.44974230084425E+03
 0.44974230087073E+03
 0.44974230110012E+03
 0.44974230208815E+03
 0.44974230478064E+03
 0.44974230834926E+03
 0.44974229791407E+03
 0.44974220888060E+03
 0.44974186304170E+03
 0.44974089060548E+03
 0.44973866348846E+03
 0.44973426062473E+03
 0.44972626301865E+03
 0.44971342407644E+03
 0.44969406102671E+03
 0.44966614143038E+03
 0.44962787934311E+03
 0.44957766614742E+03
 0.44951344530453E+03
 0.44943367443202E+03
 0.44933706254578E+03
 0.44922198410598E+03
 0.44908761284958E+03
 0.44893268944104E+03
 0.44875678469988E+03
 0.44855899227833E+03
 0.44833922933472E+03
 0.44809709768344E+03
 0.44783227161844E+03
 0.44754513366151E+03
 0.44723565387582E+03
 0.44690385646217E+03
 0.44655042782102E+03
 0.44617559906129E+03
 0.44577981892003E+03
 0.44536340712985E+03
 0.44492729183192E+03
 0.44447189290415E+03
 0.44399782552828E+03
 0.44350572919014E+03
 0.44299606499420E+03
 0.44246986536561E+03
 0.44192762103871E+03
 0.44136999255610E+03
 0.44079763940551E+03
 0.44021121339579E+03
 0.43961135583072E+03
 0.43899850657855E+03
 0.43837364723756E+03
 0.43773719860307E+03
 0.43708973853492E+03
 0.43643182853239E+03
 0.43576401089331E+03
 0.43508680807114E+03
 0.43440072227158E+03
 0.43370623519487E+03
 0.43300380794238E+03
 0.43229388059139E+03
 0.43157687302174E+03
 0.43085299631018E+03
 0.43012300048683E+03
 0.42938706339530E+03
 0.42864552253301E+03
 0.42789869746078E+03
 0.42714688848882E+03
 0.42639037698405E+03
 0.42562942569563E+03
 0.42486427932278E+03
 0.42409516440360E+03
 0.42332228995490E+03
 0.42254584767716E+03
 0.42176601227566E+03
 0.42098294170400E+03
 0.42019677745935E+03
 0.41940764492806E+03
 0.41861565346336E+03
 0.41782089672426E+03
 0.41702345282603E+03
 0.41622320361395E+03
 0.41542055485088E+03
 0.41461536445741E+03
 0.41380764752314E+03
 0.41299740652974E+03
 0.41218462986568E+03
 0.41136929079590E+03
 0.41055130931888E+03
 0.40973070052007E+03
 0.40890736106994E+03
 0.40808120526123E+03
 0.40725213408169E+03
 0.40642003306113E+03
 0.40558477261709E+03
 0.40474620843677E+03
 0.40390418116748E+03
 0.40305851638401E+03
 0.40220902352361E+03
 0.40135532998371E+03
 0.40049755002370E+03
 0.39963527894610E+03
 0.39876825893877E+03
 0.39789622125633E+03
 0.39701887958063E+03
 0.39613592973483E+03
 0.39524704907644E+03
 0.39435189805746E+03
 0.39345012479757E+03
 0.39254134363083E+03
 0.39162515701129E+03
 0.39070115459780E+03
 0.38976875055325E+03
 0.38882778952592E+03
 0.38787765319400E+03
 0.38691783334188E+03
 0.38594782588177E+03
 0.38496708613874E+03
 0.38397505589607E+03
 0.38297116112679E+03
 0.38195479745450E+03
 0.38092533971743E+03
 0.37988200825387E+03
 0.37882441574450E+03
 0.37775167685730E+03
 0.37666321392707E+03
 0.37555824499062E+03
 0.37443603363740E+03
 0.37329582705010E+03
 0.37213685583819E+03
 0.37095833997543E+03
 0.36975936728872E+03
 0.36853938055540E+03
 0.36729745984387E+03
 0.36603279991228E+03
 0.36474459855785E+03
 0.36343206015908E+03
 0.36209439813623E+03
 0.36073073479591E+03
 0.35934051982200E+03
 0.35792292602682E+03
 0.35647724965042E+03
 0.35500282317785E+03
 0.35349901856595E+03
 0.35196525590150E+03
 0.35040091139819E+03
 0.34880569562816E+03
 0.34717910986414E+03
 0.34552081551821E+03
 0.34383055195906E+03
 0.34210812936150E+03
 0.34035338032541E+03
 0.33856646844535E+03
 0.33674743494897E+03
 0.33489650289151E+03
 0.33301401771179E+03
 0.33110033283978E+03
 0.32915635051451E+03
 0.32718271421116E+03
 0.32518040393571E+03
 0.32315057213339E+03
 0.32109450751761E+03
 0.31901393827887E+03
 0.31691063116725E+03
 0.31478671584339E+03
 0.31264461463131E+03
 0.31048702520113E+03
 0.30831714816594E+03
 0.30613841868590E+03
 0.30395473956236E+03
 0.30177038686609E+03
 0.29959023900702E+03
 0.29741951070829E+03
 0.29526395212480E+03
 0.29312976722565E+03
 0.29102376300301E+03
 0.28895311318698E+03
 0.28692547225143E+03
 0.28494887157190E+03
 0.28303180053296E+03
 0.28118293166270E+03
 0.27941117332508E+03
 0.27772550313595E+03
 0.27613497609798E+03
 0.27464843343273E+03
 0.27327444468744E+03
 0.27202127093386E+03
 0.27089656893866E+03
 0.26990732784945E+03
 0.26905984111288E+03
 0.26835946928776E+03
 0.26781061696331E+03
 0.26741664950500E+03
 0.26717995006734E+03
 0.26710176546793E+03
 0.26718230743421E+03
 0.26742074707796E+03
 0.26781534101174E+03
 0.26836340254122E+03
 0.26906145289510E+03
 0.26990528684646E+03
 0.27088937039495E+03
 0.27200986675305E+03
 0.27326031322628E+03
 0.27463465882804E+03
 0.27612665586702E+03
 0.27772988601810E+03
 0.27943787403560E+03
 0.28124413837512E+03
 0.28314226597838E+03
 0.28512593352535E+03
 0.28718895467397E+03
 0.28932532839244E+03
 0.29152924046206E+03
 0.29379509538306E+03
 0.29611752479713E+03
 0.29849139818223E+03
 0.30091182507136E+03
 0.30337415644928E+03
 0.30587397997518E+03
 0.30840712142405E+03
 0.31096964331037E+03
 0.31355780109569E+03
 0.31616814368286E+03
 0.31879735070101E+03
 0.32144232574336E+03
 0.32410016329173E+03
 0.32676814146140E+03
 0.32944370911432E+03
 0.33212447604455E+03
 0.33480820951848E+03
 0.33749281873347E+03
 0.34017635893650E+03
 0.34285700707632E+03
 0.34553306422579E+03
 0.34820295295997E+03
 0.35086519028279E+03
 0.35351840891493E+03
 0.35616133517499E+03
 0.35879277923340E+03
 0.36141164924901E+03
 0.36401691863234E+03
 0.36660764561502E+03
 0.36918295859288E+03
 0.37174204575658E+03
 0.37428416984256E+03
 0.37680862898953E+03
 0.37931480611380E+03
 0.38180211874980E+03
 0.38427004010021E+03
 0.38671809142658E+03
 0.38914582981448E+03
 0.39155285994859E+03
 0.39393881511240E+03
 0.39630337915950E+03
 0.39864625998128E+03
 0.40096720435904E+03
 0.40326598855711E+03
 0.40554241080775E+03
 0.40779630108560E+03
 0.41002751410772E+03
 0.41223593070857E+03
 0.41442145274867E+03
 0.41658400359474E+03
 0.41872352752346E+03
 0.42083998379812E+03
 0.42293335287073E+03
 0.42500363104871E+03
 0.42705083080931E+03
 0.42907497828818E+03
 0.43107611923925E+03
 0.43305430343517E+03
 0.43500959688856E+03
 0.43694207818341E+03
 0.43885183594553E+03
 0.44073896716698E+03
 0.44260358114275E+03
 0.44444579608446E+03
 0.44626573526165E+03
 0.44806353201629E+03
 0.44983932504584E+03
 0.45159326266357E+03
 0.45332549765773E+03
 0.45503618812367E+03
 0.45672549800548E+03
 0.45839359557643E+03
 0.46004065496821E+03
 0.46166685290733E+03
 0.46327237101018E+03
 0.46485739465355E+03
 0.46642211035452E+03
 0.46796670784707E+03
 0.46949138256291E+03
 0.47099632832100E+03
 0.47248174563493E+03
 0.47394783166833E+03
 0.47539478805307E+03
 0.47682281630574E+03
 0.47823211898858E+03
 0.47962290289680E+03
 0.48099536948811E+03
 0.48234972881022E+03
