 0.00000000000000E+00
 0.00000000000000E+00
 0.00000000000000E+00
 0.00000000000000E+00
 0.00000000000000E+00
 0.15736174980474E-31
 0.20494096155276E-28
 0.44430016925894E-26
 0.29147623527823E-24
 0.82821950439711E-23
 0.12805861659970E-21
 0.12544803855448E-20
 0.86507224132321E-20
 0.45274139146770E-19
 0.19002694007499E-18
 0.66668263818191E-18
 0.20179453359602E-17
 0.54011069152628E-17
 0.13035198766504E-16
 0.28823327858318E-16
 0.59219637319363E-16
 0.11475448131766E-15
 0.21422761471308E-15
 0.39954321512866E-15
 0.78824958524940E-15
 0.17440258662968E-14
 0.43773165278761E-14
 0.11882228624494E-13
 0.32813460353728E-13
 0.88522481125613E-13
 0.49893437789726E-08
 0.67655841686494E-08
 0.90077491522443E-08
 0.26089701236331E-07
 0.33642899553490E-07
 0.67526492390807E-07
 0.10458348007902E-06
 0.15835269949480E-06
 0.23482052968306E-06
 0.34157848769096E-06
 0.48810851475531E-06
 0.68609129771724E-06
 0.94972947354217E-06
 0.12960988926094E-05
 0.17455068197840E-05
 0.23218691763831E-05
 0.30530992168739E-05
 0.39715075211073E-05
 0.51142156405608E-05
 0.65235444432381E-05
 0.82474757513762E-05
 0.10340050768490E-04
 0.12861808826071E-04
 0.15880214663259E-04
 0.19470091249660E-04
 0.23714059370145E-04
 0.28702975577095E-04
 0.34536370050464E-04
 0.41322874265979E-04
 0.49180649921304E-04
 0.58237925790289E-04
 0.68633097603462E-04
 0.80515647826111E-04
 0.94046271635434E-04
 0.10939735699809E-03
 0.12675344448745E-03
 0.14631167840060E-03
 0.16828222010563E-03
 0.19288865944708E-03
 0.22036854885767E-03
 0.25097372258852E-03
 0.28497084885788E-03
 0.32264177079394E-03
 0.36428405122312E-03
 0.41021141672999E-03
 0.46075420691199E-03
 0.51625995390205E-03
 0.57709361265953E-03
 0.64363826751450E-03
 0.71629671985036E-03
 0.79548764768821E-03
 0.88165237924211E-03
 0.97525122680046E-03
 0.10767660953129E-02
 0.11866993893524E-02
 0.13055757438497E-02
 0.14340848351290E-02
 0.15725360092284E-02
 0.17216457864848E-02
 0.18820332437537E-02
 0.20543422347138E-02
 0.22392443037910E-02
 0.24374368359336E-02
 0.26496448141637E-02
 0.28766219128834E-02
 0.31191509326129E-02
 0.33780458473624E-02
 0.36541544024067E-02
 0.39483456025630E-02
 0.42615332368653E-02
 0.45946611034866E-02
 0.49487077194045E-02
 0.53246884165035E-02
 0.57236542349988E-02
 0.61466968203452E-02
 0.65949442899498E-02
 0.70695683754788E-02
 0.75717779839443E-02
 0.81028267951874E-02
 0.86640124566744E-02
 0.92566833533478E-02
 0.98822077488230E-02
 0.10542024562274E-01
 0.11237609249550E-01
 0.11970485231702E-01
 0.12742225555147E-01
 0.13554443877068E-01
 0.14408802679057E-01
 0.15307008737756E-01
 0.16250819625341E-01
 0.17242048001120E-01
 0.18282501952001E-01
 0.19374292325169E-01
 0.20518941096805E-01
 0.21718593031251E-01
 0.22975230358066E-01
 0.24290865531644E-01
 0.25667539705583E-01
 0.27107306774455E-01
 0.28612254462041E-01
 0.30184411847892E-01
 0.31825865915013E-01
 0.33538679816379E-01
 0.35324895731975E-01
 0.37186525956829E-01
 0.39125547380694E-01
 0.41143916841026E-01
 0.43243475698730E-01
 0.45426049518356E-01
 0.47693385544203E-01
 0.50047140578896E-01
 0.52488886420096E-01
 0.55020090449851E-01
 0.57642153680455E-01
 0.60356270394224E-01
 0.63163609694242E-01
 0.66065197992841E-01
 0.69061934240828E-01
 0.72154599164620E-01
 0.75343879928156E-01
 0.78630252112791E-01
 0.82014159138068E-01
 0.85495899294604E-01
 0.89075658803162E-01
 0.92753740269137E-01
 0.96529649584477E-01
 0.10040346197121E+00
 0.10437490981813E+00
 0.10844363774929E+00
 0.11260921153028E+00
 0.11687098342536E+00
 0.12122826266250E+00
 0.12568022676362E+00
 0.13022586552165E+00
 0.13486407200717E+00
 0.13959347490675E+00
 0.14441257939537E+00
 0.14931963982764E+00
 0.15431273315206E+00
 0.15938954865798E+00
 0.16454756487425E+00
 0.16978389553321E+00
 0.17509530035668E+00
 0.18047807251218E+00
 0.18592813142680E+00
 0.19144092102844E+00
 0.19701139452108E+00
 0.20263393216277E+00
 0.20830244861164E+00
 0.21401029447355E+00
 0.21975030135069E+00
 0.22551477712393E+00
 0.23129552955375E+00
 0.23708398116112E+00
 0.24287111307479E+00
 0.24864764547727E+00
 0.25440408933899E+00
 0.26013077982103E+00
 0.26581811457624E+00
 0.27145645522358E+00
 0.27703674817370E+00
 0.28254990417489E+00
 0.28798741843734E+00
 0.29334132356416E+00
 0.29860428466722E+00
 0.30376963611328E+00
 0.30883148772103E+00
 0.31378470786896E+00
 0.31862496538752E+00
 0.32334972834369E+00
 0.32795423113150E+00
 0.33243742003951E+00
 0.33679798290156E+00
 0.34103524593253E+00
 0.34514915830594E+00
 0.34914021469240E+00
 0.35300939667065E+00
 0.35675812421508E+00
 0.36038817667466E+00
 0.36390166465743E+00
 0.36730096289483E+00
 0.37058866276622E+00
 0.37376753258764E+00
 0.37684047417754E+00
 0.37981048769041E+00
 0.38268064065299E+00
 0.38545404083933E+00
 0.38813381012319E+00
 0.39072306834547E+00
 0.39322491036234E+00
 0.39564236805414E+00
 0.39797850447573E+00
 0.40023623794295E+00
 0.40241845156446E+00
 0.40452795183445E+00
 0.40656747000695E+00
 0.40853965348659E+00
 0.41044706542829E+00
 0.41229218510699E+00
 0.41407740446667E+00
 0.41580503240822E+00
 0.41747728919682E+00
 0.41909631266321E+00
 0.42066415813401E+00
 0.42218280157087E+00
 0.42365413793177E+00
 0.42507998697050E+00
 0.42646209303351E+00
 0.42780213182086E+00
 0.42910170570747E+00
 0.43036235275212E+00
 0.43158554466918E+00
 0.43277269335710E+00
 0.43392515000121E+00
 0.43504420937577E+00
 0.43613111088759E+00
 0.43718704264995E+00
 0.43821314147767E+00
 0.43921049709007E+00
 0.44018015281912E+00
 0.44112310787380E+00
 0.44204031900558E+00
 0.44293270370198E+00
 0.44380114173136E+00
 0.44464647536439E+00
 0.44546951244770E+00
 0.44627102654467E+00
 0.44705175991320E+00
 0.44781242443255E+00
 0.44855370304333E+00
 0.44927625069789E+00
 0.44998069594165E+00
 0.45066764307087E+00
 0.45133767034554E+00
 0.45199133394870E+00
 0.45262916812300E+00
 0.45325168585698E+00
 0.45385938001452E+00
 0.45445272489132E+00
 0.45503217532647E+00
 0.45559816946506E+00
 0.45615112828195E+00
 0.45669145675426E+00
 0.45721954466045E+00
 0.45773576708526E+00
 0.45824048513740E+00
 0.45873404619374E+00
 0.45921678505547E+00
 0.45968902414313E+00
 0.46015107410518E+00
 0.46060323443397E+00
 0.46104579356735E+00
 0.46147902969776E+00
 0.46190321117348E+00
 0.46231859684649E+00
 0.46272543638036E+00
 0.46312397054444E+00
 0.46351443204990E+00
 0.46389704528982E+00
 0.46427202710971E+00
 0.46463958680554E+00
 0.46499992667406E+00
 0.46535324237063E+00
 0.46569972277310E+00
 0.46603955015171E+00
 0.46637290112881E+00
 0.46669994665670E+00
 0.46702085160053E+00
 0.46733577589895E+00
 0.46764487414061E+00
