 0.00000000000000E+00
 0.00000000000000E+00
 0.00000000000000E+00
 0.00000000000000E+00
 0.00000000000000E+00
 0.15736174770373E-21
 0.20494095881651E-18
 0.44430016332690E-16
 0.29147623138660E-14
 0.82821949333899E-13
 0.12805861488944E-11
 0.12544803687465E-10
 0.86507222948401E-10
 0.45274138388003E-09
 0.19002692959264E-08
 0.66668231962961E-08
 0.20179369696755E-07
 0.54009484210371E-07
 0.13032979732692E-06
 0.28799416151735E-06
 0.59014006384483E-06
 0.11329968235195E-05
 0.20554257911295E-05
 0.35485491326586E-05
 0.58649513703659E-05
 0.93267063681575E-05
 0.14332064646785E-04
 0.21359983485655E-04
 0.30972961263079E-04
 0.43817613432529E-04
 0.60622729803690E-04
 0.82196437112109E-04
 0.10942107453967E-03
 0.14324570567655E-03
 0.18467985959047E-03
 0.23478424815273E-03
 0.29466257504580E-03
 0.36544950008211E-03
 0.44830485206215E-03
 0.54440202210243E-03
 0.65491934533074E-03
 0.78103318688322E-03
 0.92390309233788E-03
 0.10846735056867E-02
 0.12644609848379E-02
 0.14643491798898E-02
 0.16853832187012E-02
 0.19285647496896E-02
 0.21948521523411E-02
 0.24851397145062E-02
 0.28002792609029E-02
 0.31410621432130E-02
 0.35082210251514E-02
 0.39024286218891E-02
 0.43242968773819E-02
 0.47743765911884E-02
 0.52531574566689E-02
 0.57610684726929E-02
 0.62984786992473E-02
 0.68656982923116E-02
 0.74629933917876E-02
 0.80905348600272E-02
 0.87484770756610E-02
 0.94369101150777E-02
 0.10155873702329E-01
 0.10905359536692E-01
 0.11685313609894E-01
 0.12495638606870E-01
 0.13336196380531E-01
 0.14206810452264E-01
 0.15107268560927E-01
 0.16037325223987E-01
 0.16996704296698E-01
 0.17985101530804E-01
 0.19002187115563E-01
 0.20047608181546E-01
 0.21120991286344E-01
 0.22221944835168E-01
 0.23350061478800E-01
 0.24504956307248E-01
 0.25686127794592E-01
 0.26893168646329E-01
 0.28125631516310E-01
 0.29383064187503E-01
 0.30665011741287E-01
 0.31971018635383E-01
 0.33300642909987E-01
 0.34653411332005E-01
 0.36028887700933E-01
 0.37426632356052E-01
 0.38846213732824E-01
 0.40287210300065E-01
 0.41749211889106E-01
 0.43231821167578E-01
 0.44734655195841E-01
 0.46257346756821E-01
 0.47799545885952E-01
 0.49360977073669E-01
 0.50941218219162E-01
 0.52540032393822E-01
 0.54157151270802E-01
 0.55792329415282E-01
 0.57445346171309E-01
 0.59116006551732E-01
 0.60804142738533E-01
 0.62509614686162E-01
 0.64232311370920E-01
 0.65972152556731E-01
 0.67729089161360E-01
 0.69503104488379E-01
 0.71294280404938E-01
 0.73102540987776E-01
 0.74928035128353E-01
 0.76770887440650E-01
 0.78631259125260E-01
 0.80509351251428E-01
 0.82405403428793E-01
 0.84319696078633E-01
 0.86252550997503E-01
 0.88204333776055E-01
 0.90175519040883E-01
 0.92166425590291E-01
 0.94177662548232E-01
 0.96209681340545E-01
 0.98263110138174E-01
 0.10033857865453E+00
 0.10243676232106E+00
 0.10455838284420E+00
 0.10670420507957E+00
 0.10887510432228E+00
 0.11107180068197E+00
 0.11329524971996E+00
 0.11554638414998E+00
 0.11782617341259E+00
 0.12013562139669E+00
 0.12247576472193E+00
 0.12484773148025E+00
 0.12725249681606E+00
 0.12969123226545E+00
 0.13216507453782E+00
 0.13467517293833E+00
 0.13722268902823E+00
 0.13980878843971E+00
 0.14243469927389E+00
 0.14510147279393E+00
 0.14781032354469E+00
 0.15056240010017E+00
 0.15335883199163E+00
 0.15620073096028E+00
 0.15908923462312E+00
 0.16202529662296E+00
 0.16500998876342E+00
 0.16804429637757E+00
 0.17112916266374E+00
 0.17426560650915E+00
 0.17745423033949E+00
 0.18069594242091E+00
 0.18399145658031E+00
 0.18734143033742E+00
 0.19074648553421E+00
 0.19420702808305E+00
 0.19772348611976E+00
 0.20129615112117E+00
 0.20492517202682E+00
 0.20861060994209E+00
 0.21235227000782E+00
 0.21614988179603E+00
 0.22000294647147E+00
 0.22391080656481E+00
 0.22787246137640E+00
 0.23188674693753E+00
 0.23595218664389E+00
 0.24006701484131E+00
 0.24422906156459E+00
 0.24843586861230E+00
 0.25268458402596E+00
 0.25697196258277E+00
 0.26129428634891E+00
 0.26564747553780E+00
 0.27002699654345E+00
 0.27442790831315E+00
 0.27884482601512E+00
 0.28327199715039E+00
 0.28770334346994E+00
 0.29213242670685E+00
 0.29655260250127E+00
 0.30095704398732E+00
 0.30533876774814E+00
 0.30969081898357E+00
 0.31400621217252E+00
 0.31827831888836E+00
 0.32250051860034E+00
 0.32666658944429E+00
 0.33077069000059E+00
 0.33480742898557E+00
 0.33877189149252E+00
 0.34265972467339E+00
 0.34646712317941E+00
 0.35019086234559E+00
 0.35382915153705E+00
 0.35737819311275E+00
 0.36083726776225E+00
 0.36420534645678E+00
 0.36748186498231E+00
 0.37066671733012E+00
 0.37376019700756E+00
 0.37676295521876E+00
 0.37967596839465E+00
 0.38250047640610E+00
 0.38523796709541E+00
 0.38789012494017E+00
 0.39045879691991E+00
 0.39294596399292E+00
 0.39535370941833E+00
 0.39768419284066E+00
 0.39993962787846E+00
 0.40212226212629E+00
 0.40423435771215E+00
 0.40627817983873E+00
 0.40825597913133E+00
 0.41016996733316E+00
 0.41202237338396E+00
 0.41381533359693E+00
 0.41555095849899E+00
 0.41723130534843E+00
 0.41885837912287E+00
 0.42043412638748E+00
 0.42196043441831E+00
 0.42343913139542E+00
 0.42487198321051E+00
 0.42626069685838E+00
 0.42760691646294E+00
 0.42891222707747E+00
 0.43017815455270E+00
 0.43140616808716E+00
 0.43259767821649E+00
 0.43375404153494E+00
 0.43487655997944E+00
 0.43596648628469E+00
 0.43702501951194E+00
 0.43805331234189E+00
 0.43905246903948E+00
 0.44002355061196E+00
 0.44096757354298E+00
 0.44188551331115E+00
 0.44277830470521E+00
 0.44364684521270E+00
 0.44449199438796E+00
 0.44531457752553E+00
 0.44611538557285E+00
 0.44689517705860E+00
 0.44765467911994E+00
 0.44839458997113E+00
 0.44911558007742E+00
 0.44981829197026E+00
 0.45050334277065E+00
 0.45117132399437E+00
 0.45182280402416E+00
 0.45245832862641E+00
 0.45307842197419E+00
 0.45368358740603E+00
 0.45427430852029E+00
 0.45485105092764E+00
 0.45541426046850E+00
 0.45596436663724E+00
 0.45650178237739E+00
 0.45702690471165E+00
 0.45754011552875E+00
 0.45804178281216E+00
 0.45853225969130E+00
 0.45901188683306E+00
 0.45948099190710E+00
 0.45993989048197E+00
 0.46038888660029E+00
 0.46082827319660E+00
 0.46125833258334E+00
 0.46167933662852E+00
 0.46209154766094E+00
 0.46249521855177E+00
 0.46289059322004E+00
 0.46327790706850E+00
 0.46365738709586E+00
 0.46402925239981E+00
 0.46439371457711E+00
 0.46475097793782E+00
 0.46510123977853E+00
 0.46544469049439E+00
 0.46578151435683E+00
 0.46611188919962E+00
 0.46643598706863E+00
 0.46675397415880E+00
 0.46706601128345E+00
 0.46737225415784E+00
 0.46767285321990E+00
 0.46796795374543E+00
 0.46825769669848E+00
 0.46854221867493E+00
 0.46882165144850E+00
 0.46909612304214E+00
 0.46936575730073E+00
