                  NaN
                  NaN
                  NaN
                  NaN
                  NaN
 0.10000000133514E-09
 0.10000000133514E-09
 0.10000000133514E-09
 0.10000000133514E-09
 0.10000000133517E-09
 0.10000000133553E-09
 0.10000000133906E-09
 0.10000000136858E-09
 0.10000000167594E-09
 0.10000000551625E-09
 0.10000004778172E-09
 0.10000041459594E-09
 0.10000293456285E-09
 0.10001702629680E-09
 0.10008302844216E-09
 0.10034844428887E-09
 0.10128402740017E-09
 0.10422541919908E-09
 0.11259340090617E-09
 0.13440002064335E-09
 0.18699268503307E-09
 0.30542121011560E-09
 0.55628454172141E-09
 0.10594227679755E-08
 0.20202488038725E-08
 0.82301535993665E-04
 0.82309944400896E-04
 0.82321885341918E-04
 0.18213251917822E-03
 0.18216875206692E-03
 0.28761082961103E-03
 0.35492624084605E-03
 0.43330938873693E-03
 0.52379653845572E-03
 0.62743794810280E-03
 0.74529561271215E-03
 0.87844064661982E-03
 0.10279535607343E-02
 0.11949207626205E-02
 0.13804354904693E-02
 0.15855980310365E-02
 0.18115163263739E-02
 0.20593073277661E-02
 0.23300957356539E-02
 0.26250212030974E-02
 0.29452333081654E-02
 0.32918962749055E-02
 0.36661911361518E-02
 0.40693158547950E-02
 0.45024871792448E-02
 0.49669436244120E-02
 0.54639473143255E-02
 0.59947855530903E-02
 0.65607706621152E-02
 0.71632407698978E-02
 0.78035612163846E-02
 0.84831347730243E-02
 0.92033901591984E-02
 0.99657907608098E-02
 0.10771831179134E-01
 0.11623041318443E-01
 0.12520988591758E-01
 0.13467276495425E-01
 0.14463543722907E-01
 0.15511472444721E-01
 0.16612779575365E-01
 0.17769225533423E-01
 0.18982607755118E-01
 0.20254767569658E-01
 0.21587589588255E-01
 0.22983001400442E-01
 0.24442979351819E-01
 0.25969536732277E-01
 0.27564735454717E-01
 0.29230687493146E-01
 0.30969543328975E-01
 0.32783506876289E-01
 0.34674820589714E-01
 0.36645806864856E-01
 0.38698807597542E-01
 0.40836226043947E-01
 0.43064779229800E-01
 0.45378966998727E-01
 0.47785149538221E-01
 0.50285936117609E-01
 0.52883975999390E-01
 0.55582014418789E-01
 0.58382822708315E-01
 0.61289224987607E-01
 0.64304103838289E-01
 0.67430390009409E-01
 0.70671086612879E-01
 0.74029215364863E-01
 0.77507875559165E-01
 0.81110213349743E-01
 0.84839416322174E-01
 0.88698711297202E-01
 0.92691380092386E-01
 0.96820718598271E-01
 0.10109009918579E+00
 0.10550287860612E+00
 0.11006249385382E+00
 0.11477233484891E+00
 0.11963584473849E+00
 0.12465648146872E+00
 0.12983767142009E+00
 0.13518282149010E+00
 0.14069532911434E+00
 0.14637852477917E+00
 0.15223570581050E+00
 0.15827013082435E+00
 0.16448489192557E+00
 0.17088300064103E+00
 0.17746731616319E+00
 0.18424060280984E+00
 0.19120542010191E+00
 0.19836401200229E+00
 0.20572067516803E+00
 0.21327314269108E+00
 0.22102488920522E+00
 0.22897703621225E+00
 0.23713035224122E+00
 0.24548523999102E+00
 0.25404159802552E+00
 0.26279887068899E+00
 0.27175585218356E+00
 0.28091085896079E+00
 0.29026161279825E+00
 0.29980516814613E+00
 0.30953788330639E+00
 0.31945542425904E+00
 0.32955277883873E+00
 0.33982418247743E+00
 0.35026307272167E+00
 0.36086224527156E+00
 0.37161370939403E+00
 0.38250880223822E+00
 0.39353813922490E+00
 0.40469179191800E+00
 0.41595904736227E+00
 0.42732881019062E+00
 0.43878948495035E+00
 0.45032903122657E+00
 0.46193509288358E+00
 0.47359508710094E+00
 0.48529614666140E+00
 0.49702542102256E+00
 0.50877001563034E+00
 0.52051711944733E+00
 0.53225499929194E+00
 0.54396927816150E+00
 0.55564868046306E+00
 0.56728128445775E+00
 0.57885560900208E+00
 0.59036060986864E+00
 0.60178555111499E+00
 0.61312019650046E+00
 0.62435484267142E+00
 0.63548008394307E+00
 0.64648711800714E+00
 0.65736747199173E+00
 0.66811315461020E+00
 0.67871654549413E+00
 0.68917054750279E+00
 0.69946823628987E+00
 0.70960314484285E+00
 0.71956907010766E+00
 0.72936009335738E+00
 0.73897050316613E+00
 0.74839487737960E+00
 0.75762801979553E+00
 0.76666494095681E+00
 0.77550081555244E+00
 0.78413110529259E+00
 0.79255147527113E+00
 0.80075784821394E+00
 0.80874650014737E+00
 0.81651392259205E+00
 0.82405709402503E+00
 0.83137334602880E+00
 0.83846050710755E+00
 0.84531694612773E+00
 0.85194153935800E+00
 0.85833385519364E+00
 0.86449390075898E+00
 0.87042293405752E+00
 0.87612232501568E+00
 0.88159434647802E+00
 0.88684194951990E+00
 0.89186875444181E+00
 0.89667898589512E+00
 0.90127746415310E+00
 0.90566950476994E+00
 0.90986087773212E+00
 0.91385836056482E+00
 0.91766715891372E+00
 0.92129458273846E+00
 0.92474749802042E+00
 0.92803285938735E+00
 0.93115767391261E+00
 0.93412893477616E+00
 0.93695357194999E+00
 0.93963841252193E+00
 0.94219013806411E+00
 0.94461526573082E+00
 0.94692011803982E+00
 0.94911080423737E+00
 0.95119320934004E+00
 0.95317298206705E+00
 0.95505553031270E+00
 0.95684601869281E+00
 0.95854936954044E+00
 0.96017026439789E+00
 0.96171315058211E+00
 0.96318224462757E+00
 0.96458151391853E+00
 0.96591479051758E+00
 0.96718561505214E+00
 0.96839736098320E+00
 0.96955321100996E+00
 0.97065616989291E+00
 0.97170906890194E+00
 0.97271457688707E+00
 0.97367520981895E+00
 0.97459333829858E+00
 0.97547119749201E+00
 0.97631089003447E+00
 0.97711439825079E+00
 0.97788359004751E+00
 0.97862022567460E+00
 0.97932596327934E+00
 0.98000236600967E+00
 0.98065090713022E+00
 0.98127297689002E+00
 0.98186988513078E+00
 0.98244286854346E+00
 0.98299309331609E+00
 0.98352166095480E+00
 0.98402961132678E+00
 0.98451792663644E+00
 0.98498753496506E+00
 0.98543931365125E+00
 0.98587409224563E+00
 0.98629265525197E+00
 0.98669574521374E+00
 0.98708406471785E+00
 0.98745827894529E+00
 0.98781901835725E+00
 0.98816688046060E+00
 0.98850243154139E+00
 0.98882620872023E+00
 0.98913872139232E+00
 0.98944045305269E+00
 0.98973186280390E+00
 0.99001338684120E+00
 0.99028543938885E+00
 0.99054841425520E+00
 0.99080268617994E+00
 0.99104861117269E+00
 0.99128652811657E+00
 0.99151675983778E+00
 0.99173961354189E+00
 0.99195538185766E+00
 0.99216434383169E+00
 0.99236676528018E+00
 0.99256289985961E+00
 0.99275298938628E+00
 0.99293726464058E+00
 0.99311594603588E+00
 0.99328924397391E+00
 0.99345735950385E+00
 0.99362048460672E+00
 0.99377880288005E+00
 0.99393248990245E+00
 0.99408171357338E+00
 0.99422663461020E+00
 0.99436740662139E+00
 0.99450417686199E+00
 0.99463708632253E+00
 0.99476627009559E+00
 0.99489185752483E+00
 0.99501397266456E+00
 0.99513273447518E+00
 0.99524825699339E+00
 0.99536064965203E+00
 0.99547001746033E+00
 0.99557646122931E+00
 0.99568007777688E+00
 0.99578096005954E+00
 0.99587919732902E+00
 0.99597487540950E+00
 0.99606807680331E+00
 0.99615888079742E+00
 0.99624736369219E+00
 0.99633359883342E+00
