                  NaN
                  NaN
                  NaN
                  NaN
                  NaN
 0.40383286968247E+34
 0.23809072548316E+28
 0.50657885730918E+23
 0.11770467549895E+20
 0.14578374742386E+17
 0.60979295923108E+14
 0.63543666009909E+12
 0.13362732196228E+11
 0.48786495083365E+09
 0.27692981725935E+08
 0.22498953762605E+07
 0.24557637278238E+06
 0.34282510247453E+05
 0.58882511880188E+04
 0.12066816160340E+04
 0.28813742880436E+03
 0.78900926203843E+02
 0.24669898871989E+02
 0.89414235649222E+01
 0.39071749967300E+01
 0.21495911122539E+01
 0.14868357795653E+01
 0.12191786160873E+01
 0.11042400345473E+01
 0.10520837883890E+01
 0.22390200200831E+05
 0.12179773877709E+05
 0.68733868350246E+04
 0.88723287657778E+04
 0.53381917935037E+04
 0.52138842992378E+04
 0.40841734910850E+04
 0.32409111865983E+04
 0.26027444285967E+04
 0.21135953118752E+04
 0.17342007258723E+04
 0.14366648113914E+04
 0.12009263105661E+04
 0.10123415762807E+04
 0.86011547635850E+03
 0.73619782154141E+03
 0.63452277291155E+03
 0.55047499721027E+03
 0.48050780708902E+03
 0.42188037707647E+03
 0.37244613310819E+03
 0.33051731811766E+03
 0.29475581956635E+03
 0.26409314823262E+03
 0.23767048071126E+03
 0.21479322630316E+03
 0.19489622988162E+03
 0.17751700295407E+03
 0.16227495658999E+03
 0.14885526811640E+03
 0.13699573197016E+03
 0.12647894631287E+03
 0.11712101256738E+03
 0.10876744509830E+03
 0.10128750087137E+03
 0.94570118425326E+02
 0.88520598152888E+02
 0.83057874161057E+02
 0.78112297100140E+02
 0.73623861787858E+02
 0.69540653521820E+02
 0.65817651279778E+02
 0.62415665136954E+02
 0.59300502567657E+02
 0.56442240647249E+02
 0.53814618054887E+02
 0.51394536668324E+02
 0.49161602154806E+02
 0.47097785602719E+02
 0.45186973123615E+02
 0.43415233305665E+02
 0.41769780105874E+02
 0.40239314046907E+02
 0.38813764235978E+02
 0.37484069046865E+02
 0.36242101804239E+02
 0.35083994202560E+02
 0.33996366772529E+02
 0.32976607318887E+02
 0.32019318883795E+02
 0.31119601191455E+02
 0.30273028107690E+02
 0.29475555287613E+02
 0.28723496152925E+02
 0.28013486806612E+02
 0.27342448119330E+02
 0.26707566263462E+02
 0.26106181781293E+02
 0.25536047159970E+02
 0.24994907297351E+02
 0.24480738798674E+02
 0.23991670290953E+02
 0.23525972170866E+02
 0.23082033693792E+02
 0.22658367576227E+02
 0.22253578447830E+02
 0.21866376312468E+02
 0.21495541404815E+02
 0.21139939738038E+02
 0.20798508593596E+02
 0.20470202198592E+02
 0.20154156925401E+02
 0.19849440275882E+02
 0.19555204426384E+02
 0.19270649139242E+02
 0.18995017084313E+02
 0.18727578201101E+02
 0.18467639643474E+02
 0.18214537145376E+02
 0.17967640268720E+02
 0.17726311967805E+02
 0.17490020731526E+02
 0.17258339966194E+02
 0.17030415430255E+02
 0.16805881281823E+02
 0.16584233636897E+02
 0.16364989817869E+02
 0.16147689002470E+02
 0.15931886173982E+02
 0.15717135189927E+02
 0.15503070575023E+02
 0.15289285546783E+02
 0.15075416975506E+02
 0.14861122718219E+02
 0.14646083188639E+02
 0.14430004022496E+02
 0.14212601971067E+02
 0.13993670484298E+02
 0.13772981164007E+02
 0.13550355763465E+02
 0.13325646465257E+02
 0.13098739874953E+02
 0.12869556128135E+02
 0.12638040422393E+02
 0.12404206406049E+02
 0.12168070262768E+02
 0.11929695264775E+02
 0.11689179118113E+02
 0.11446653348021E+02
 0.11202273491597E+02
 0.10956251123474E+02
 0.10708801088658E+02
 0.10460172445399E+02
 0.10210637818840E+02
 0.99604894163418E+01
 0.97100373417255E+01
 0.94596050896626E+01
 0.92095281176947E+01
 0.89601488211555E+01
 0.87118095180266E+01
 0.84648682250617E+01
 0.82196677289491E+01
 0.79765518209049E+01
 0.77358584122491E+01
 0.74979142515955E+01
 0.72630449750869E+01
 0.70315556116765E+01
 0.68037414761010E+01
 0.65798805112376E+01
 0.63602425687232E+01
 0.61450745042070E+01
 0.59346083351847E+01
 0.57290572477846E+01
 0.55286207650534E+01
 0.53334754136922E+01
 0.51437798309830E+01
 0.49596730094200E+01
 0.47812771882838E+01
 0.46086914674862E+01
 0.44419959361003E+01
 0.42812494091504E+01
 0.41264919089755E+01
 0.39777410710081E+01
 0.38349932060197E+01
 0.36982256809505E+01
 0.35673936362770E+01
 0.34424321974258E+01
 0.33232583501368E+01
 0.32097687948370E+01
 0.31018446360736E+01
 0.29993464645757E+01
 0.29021247628694E+01
 0.28100151255653E+01
 0.27228421414425E+01
 0.26404212518215E+01
 0.25625612927672E+01
 0.24890655272053E+01
 0.24197344627273E+01
 0.23543673300865E+01
 0.22927489006826E+01
 0.22347117558540E+01
 0.21800464654789E+01
 0.21285633833424E+01
 0.20800788661902E+01
 0.20344155579797E+01
 0.19914032837905E+01
 0.19508794614477E+01
 0.19126892276416E+01
 0.18766858687708E+01
 0.18427304965502E+01
 0.18106921683354E+01
 0.17804477156332E+01
 0.17518814826005E+01
 0.17248850909013E+01
 0.16993571380143E+01
 0.16752028632869E+01
 0.16523338068388E+01
 0.16306674830553E+01
 0.16101269945900E+01
 0.15906407409906E+01
 0.15721421854362E+01
 0.15545690021638E+01
 0.15378636077085E+01
 0.15219722626432E+01
 0.15068449851387E+01
 0.14924352452026E+01
 0.14786997444280E+01
 0.14655981763869E+01
 0.14530929976131E+01
 0.14411492484474E+01
 0.14297343345497E+01
 0.14188178844190E+01
 0.14083715648908E+01
 0.13983689387693E+01
 0.13887853135380E+01
 0.13795976404879E+01
 0.13707843687950E+01
 0.13623253543145E+01
 0.13542017283287E+01
 0.13463958515977E+01
 0.13388911850080E+01
 0.13316722379823E+01
 0.13247244693292E+01
 0.13180342418054E+01
 0.13115887450764E+01
 0.13053759482283E+01
 0.12993845326980E+01
 0.12936038595029E+01
 0.12880239070173E+01
 0.12826352410456E+01
 0.12774289712013E+01
 0.12723967174818E+01
 0.12675305690609E+01
 0.12628230537873E+01
 0.12582671192851E+01
 0.12538560969206E+01
 0.12495836860743E+01
 0.12454439216483E+01
 0.12414311564567E+01
 0.12375400413000E+01
 0.12337655073592E+01
 0.12301027481640E+01
 0.12265471979531E+01
 0.12230945334356E+01
 0.12197406429203E+01
 0.12164816200409E+01
 0.12133137517315E+01
 0.12102335065714E+01
 0.12072375208337E+01
 0.12043225984192E+01
 0.12014856904936E+01
 0.11987238936593E+01
 0.11960344398705E+01
 0.11934146886716E+01
 0.11908621204195E+01
 0.11883743297710E+01
 0.11859490209489E+01
 0.11835839992327E+01
 0.11812771674800E+01
 0.11790265202136E+01
 0.11768301385662E+01
 0.11746861869092E+01
 0.11725929080826E+01
 0.11705486186616E+01
 0.11685517058449E+01
 0.11666006238770E+01
 0.11646938919356E+01
 0.11628300878697E+01
 0.11610078485552E+01
 0.11592258647884E+01
 0.11574828803603E+01
 0.11557776881311E+01
 0.11541091272887E+01
 0.11524760833039E+01
 0.11508774862466E+01
 0.11493123050630E+01
 0.11477795470178E+01
 0.11462782594575E+01
 0.11448075229831E+01
 0.11433664530966E+01
