-0.00000000000000E+00
-0.43094582217949E-04
-0.23863624903189E-02
-0.30242969777140E-01
-0.18459429622489E+00
-0.73431956064260E+00
-0.22109796610431E+01
-0.54643162630113E+01
-0.11598528379661E+02
-0.21668921527168E+02
-0.36009348087268E+02
-0.53105362091191E+02
-0.68015503068330E+02
-0.34200993162324E+03
-0.58373869366308E+03
-0.81666500482049E+03
-0.13599019529796E+04
-0.21499752344097E+04
-0.29164330066470E+04
-0.40590531184339E+04
-0.54432169185372E+04
-0.68410376961009E+04
-0.86186475818781E+04
-0.10348694490356E+05
-0.12385333522847E+05
-0.14235985493390E+05
-0.16231408214295E+05
-0.17845110020762E+05
-0.19137924762988E+05
-0.20242354092403E+05
-0.20538895230644E+05
-0.20070360097176E+05
-0.18938111512704E+05
-0.16457644682766E+05
-0.12666984188747E+05
-0.73745557709262E+04
-0.62235538921817E+03
 0.82673468300195E+04
 0.19290654873947E+05
 0.32657654107695E+05
 0.48585306408651E+05
 0.67052187647328E+05
 0.88738721675721E+05
 0.11364552545337E+06
 0.14198626302727E+06
 0.17397814864608E+06
 0.20983769964639E+06
 0.24978074586477E+06
 0.29378918320933E+06
 0.34253107146749E+06
 0.39600189981215E+06
 0.45441244538558E+06
 0.51797630616132E+06
 0.58690797834410E+06
 0.66142315653968E+06
 0.74173929838688E+06
 0.82807624288801E+06
 0.92065700365764E+06
 0.10197089223410E+07
 0.11254627863088E+07
 0.12379235032624E+07
 0.13577892197680E+07
 0.14850874816819E+07
 0.16200741540336E+07
 0.17630160041729E+07
 0.19141899996101E+07
 0.20738837609642E+07
 0.22423966061272E+07
 0.24200435279125E+07
 0.26071513215640E+07
 0.28040636265946E+07
 0.30111411788450E+07
 0.32287631214624E+07
 0.34573283146989E+07
 0.36972576079692E+07
 0.39489943504892E+07
 0.42130065765000E+07
 0.44897886216366E+07
 0.47798629313057E+07
 0.50835550807221E+07
 0.54018981892955E+07
 0.57352905918904E+07
 0.60843855642183E+07
 0.64498758678476E+07
 0.68324957687843E+07
 0.72330228084619E+07
 0.76522881922250E+07
 0.80911515493830E+07
 0.85505437487052E+07
 0.90314467958002E+07
 0.95348963958337E+07
 0.10061992827145E+08
 0.10613901610700E+08
 0.11191857250179E+08
 0.11797168041982E+08
 0.12431219731329E+08
 0.13095479538797E+08
 0.13791281280552E+08
 0.14520710267564E+08
 0.15285294750599E+08
 0.16086877381582E+08
 0.16927409884789E+08
 0.17808959945356E+08
 0.18733719002950E+08
 0.19704003211906E+08
 0.20722265605113E+08
 0.21791102423715E+08
 0.22913252545075E+08
 0.24091613088711E+08
 0.25329250076296E+08
 0.26629204117931E+08
 0.27995316059476E+08
 0.29431005811849E+08
 0.30940085966145E+08
 0.32526615873110E+08
 0.34194849866708E+08
 0.35949306128155E+08
 0.37794738940209E+08
 0.39736161316031E+08
 0.41778867685344E+08
 0.43928246932121E+08
 0.46190565938824E+08
 0.48571840025793E+08
 0.51078580948202E+08
 0.53717660636224E+08
 0.56496304279435E+08
 0.59422105995953E+08
 0.62503045643474E+08
 0.65747501719743E+08
 0.69164084881831E+08
 0.72762366098848E+08
 0.76551823911254E+08
 0.80542561559251E+08
 0.84745142881202E+08
 0.89170601234738E+08
 0.93830449046754E+08
 0.98736526107175E+08
 0.10390163574408E+09
 0.10933861303964E+09
 0.11506094270045E+09
 0.12108260531960E+09
 0.12741808294038E+09
 0.13408234873198E+09
 0.14109071937134E+09
 0.14845940934646E+09
 0.15620469183832E+09
 0.16434343126046E+09
 0.17289293534784E+09
 0.18187091673871E+09
 0.19129539924581E+09
 0.20118513263404E+09
 0.21155889936454E+09
 0.22243594440946E+09
 0.23383577918852E+09
 0.24577820865958E+09
 0.25828351687914E+09
 0.27137202622508E+09
 0.28506430722716E+09
 0.29938119847002E+09
 0.31434360610583E+09
 0.32997283997329E+09
 0.34629003936692E+09
 0.36331666704024E+09
 0.38107416196856E+09
 0.39958399911508E+09
 0.41886792144020E+09
 0.43894744263083E+09
 0.45984416054646E+09
 0.48157965597397E+09
 0.50417556757060E+09
 0.52765332761790E+09
 0.55203438813346E+09
 0.57733997055378E+09
 0.60359133286170E+09
 0.63080946697855E+09
 0.65901528077478E+09
 0.68822936390012E+09
 0.71847225820691E+09
 0.74976417033242E+09
 0.78212509751794E+09
 0.81557477515299E+09
 0.85013270570138E+09
 0.88581806911357E+09
 0.92264976719112E+09
 0.96064648034270E+09
 0.99982658252793E+09
 0.10402081997794E+10
 0.10818092169134E+10
 0.11246472774012E+10
 0.11687398157753E+10
 0.12141041704563E+10
 0.12607575452421E+10
 0.13087169653948E+10
 0.13579995372700E+10
 0.14086221854611E+10
 0.14606019997306E+10
 0.15139560481827E+10
 0.15687015110707E+10
 0.16248556938851E+10
 0.16824360317105E+10
 0.17414601471591E+10
 0.18019458376571E+10
 0.18639111179599E+10
 0.19273742056358E+10
 0.19923535452313E+10
 0.20588678097760E+10
 0.21269358840300E+10
 0.21965768548082E+10
 0.22678101441901E+10
 0.23406553539066E+10
 0.24151322734754E+10
 0.24912609280575E+10
 0.25690615634015E+10
 0.26485546228953E+10
 0.27297607272536E+10
 0.28127007067332E+10
 0.28973955941040E+10
 0.29838665439820E+10
 0.30721349665194E+10
 0.31622223555348E+10
 0.32541504001999E+10
 0.33479409683424E+10
 0.34436160254588E+10
 0.35411977513608E+10
 0.36407083753986E+10
 0.37421703245566E+10
 0.38456061610061E+10
 0.39510385448442E+10
 0.40584903068079E+10
 0.41679843236774E+10
 0.42795436531100E+10
 0.43931914559109E+10
 0.45089509961560E+10
 0.46268456889260E+10
 0.47468989919100E+10
 0.48691344995826E+10
 0.49935759477210E+10
 0.51202470922422E+10
 0.52491719581312E+10
 0.53803744773801E+10
 0.55138787983502E+10
 0.56497090513659E+10
 0.57878896180837E+10
 0.59284449161768E+10
 0.60713994058046E+10
 0.62167776688279E+10
 0.63646044733695E+10
 0.65149045451399E+10
 0.66677028301464E+10
 0.68230242931161E+10
 0.69808939826225E+10
 0.71413369977963E+10
 0.73043786224104E+10
 0.74700441947067E+10
 0.76383591580211E+10
 0.78093490806339E+10
 0.79830394774199E+10
 0.81594560528842E+10
 0.83386245943014E+10
 0.85205709635989E+10
 0.87053211121953E+10
 0.88929010966683E+10
 0.90833371491045E+10
 0.92766553679672E+10
 0.94728820867301E+10
 0.96720436963033E+10
 0.98741666716146E+10
 0.10079277573640E+11
 0.10287403155016E+11
 0.10498570052509E+11
 0.10712805126649E+11
 0.10930135288229E+11
 0.11150587532886E+11
 0.11374188945959E+11
 0.11600966714246E+11
 0.11830948110664E+11
 0.12064160446213E+11
 0.12300631156380E+11
 0.12540387774718E+11
 0.12783457889386E+11
 0.13029869204465E+11
 0.13279649507826E+11
 0.13532826631125E+11
 0.13789428536177E+11
 0.14049483261811E+11
 0.14313018907954E+11
 0.14580063698528E+11
 0.14850645931156E+11
 0.15124793962243E+11
 0.15402536284259E+11
 0.15683901395353E+11
 0.15968917947098E+11
 0.16257614733017E+11
 0.16550020495121E+11
 0.16846164152362E+11
 0.17146074648250E+11
 0.17449781157332E+11
 0.17757312698779E+11
 0.18068698602616E+11
 0.18383968188037E+11
