             NaN
  -1.3478762e-02
  -2.9652071e-02
  -5.4931010e-02
  -8.4238491e-02
  -1.2116453e-01
  -1.6200895e-01
  -2.1265763e-01
  -2.5809225e-01
  -3.2484540e-01
  -4.0605323e-01
  -4.7355045e-01
  -5.5105462e-01
  -6.3916505e-01
  -7.6747397e-01
  -8.5057673e-01
  -9.7800376e-01
  -2.7609940e+00
  -2.2643940e+00
   3.5143418e-01
  -2.2158808e+00
  -1.1010505e+00
  -2.2867927e+00
  -1.9726826e+00
  -1.6824709e+00
  -2.9463290e+00
  -8.7439545e-01
  -3.7478529e+00
  -5.1658026e+00
  -1.8660040e+00
  -3.7125475e+00
  -3.4575101e+00
  -3.1065023e+00
  -1.4761579e+00
  -2.8903251e+00
  -3.4883844e+00
  -4.1037538e+00
   1.0083826e+00
   9.5509704e-01
   9.8877671e-01
   9.9177763e-01
   9.9891060e-01
   9.9902303e-01
   1.0001857e+00
   1.0006393e+00
   1.0011172e+00
   1.0006578e+00
   1.0007220e+00
   1.0007342e+00
   1.0008155e+00
   1.0006688e+00
   1.0004374e+00
   1.0003970e+00
   1.0002718e+00
   1.0002600e+00
   1.0001999e+00
   1.0001789e+00
   1.0001153e+00
   1.0000764e+00
   1.0000535e+00
   1.0001507e+00
   1.0001329e+00
   1.0001120e+00
   1.0000966e+00
   1.0000786e+00
   1.0000678e+00
   1.0000604e+00
   1.0000560e+00
   1.0000553e+00
   1.0000550e+00
   1.0000584e+00
   1.0000644e+00
   1.0000734e+00
   1.0000856e+00
   1.0001013e+00
   1.0001206e+00
   1.0001432e+00
   1.0001709e+00
   4.7047865e+00
   1.0163935e+00
   1.0003970e+00
   1.0002630e+00
   1.0553115e+00
   1.0395075e+00
   9.7458764e-01
   9.2483124e-01
   1.0016534e+00
   1.0008031e+00
   1.0009052e+00
   1.0010236e+00
   1.0011552e+00
   1.0012980e+00
   1.0014561e+00
   1.0016292e+00
   1.0018172e+00
   1.0020252e+00
   8.6803353e-02
   9.9937711e-01
   1.0027606e+00
   1.0030503e+00
   1.0033628e+00
   1.0036946e+00
   1.0040507e+00
   1.0044342e+00
   1.0048436e+00
   1.0053022e+00
   1.0057468e+00
   1.0062314e+00
   1.0068917e+00
   7.2965413e-01
   1.0072837e+00
   1.0085248e+00
   1.0091750e+00
   1.0062256e+00
   1.0029108e+00
   1.0102449e+00
   1.0120888e+00
   1.0131363e+00
   9.2895487e-01
   9.1259509e-01
   1.0152724e+00
   1.0154104e+00
   1.0174345e+00
   1.0184947e+00
   1.0193464e+00
   1.0203223e+00
   1.0212932e+00
   1.0647773e+00
   1.0071361e+00
   1.0241537e+00
   1.0249232e+00
   1.0260881e+00
   1.0267638e+00
   1.0275362e+00
   1.0523115e+00
   9.9300031e-01
   1.0293592e+00
   1.0298008e+00
   1.0301489e+00
   1.0303496e+00
   1.0231507e+00
   1.0296573e+00
   1.0245550e+00
   1.0296758e+00
   1.0291036e+00
   1.0284274e+00
   1.0325452e+00
   1.0200862e+00
   1.0284394e+00
   1.0235130e+00
   1.0220630e+00
   1.0192678e+00
   1.0182505e+00
   1.0102633e+00
   1.0129389e+00
   1.0079099e+00
   1.0088732e+00
   1.0021981e+00
   9.9920072e-01
   1.0014635e+00
   9.9384607e-01
   9.9409220e-01
   9.8497459e-01
   9.8613292e-01
   9.7889959e-01
   9.7711168e-01
   9.6950430e-01
   9.6564614e-01
   9.6151170e-01
   9.5806274e-01
   9.4859975e-01
   9.4399169e-01
   9.3806467e-01
   9.3068416e-01
   9.2204607e-01
   9.1509949e-01
   9.0591930e-01
   8.9485841e-01
   8.8527989e-01
   8.7561633e-01
   8.6159338e-01
   8.4854855e-01
   8.3586978e-01
   8.2108909e-01
   8.0552357e-01
   7.8941365e-01
   7.7302931e-01
   7.5500200e-01
   7.3643842e-01
   7.1907715e-01
   6.9922280e-01
   6.8149712e-01
   6.6058044e-01
   6.4239698e-01
   6.2289742e-01
   6.0411408e-01
   5.8542135e-01
   5.6712800e-01
   5.4945708e-01
   5.3232080e-01
   5.1583170e-01
   4.9961674e-01
   4.8391209e-01
   4.7029888e-01
   4.5633320e-01
   4.4155650e-01
   4.2976872e-01
   4.1791298e-01
   4.0636606e-01
   3.9594147e-01
   3.8563788e-01
   3.7640573e-01
   3.6731411e-01
   3.5864379e-01
   3.5083970e-01
   3.4276776e-01
   3.3603145e-01
   3.2907357e-01
   3.2281282e-01
   3.1690202e-01
   3.1084936e-01
   3.0578045e-01
   3.0068756e-01
   2.9577234e-01
   2.9136575e-01
   2.8648761e-01
   2.8347891e-01
   2.7878353e-01
   2.7482993e-01
   2.7179017e-01
   2.6778907e-01
   2.6563748e-01
   2.6203072e-01
   2.5831832e-01
   2.5665645e-01
   2.5296725e-01
   2.5163553e-01
   2.4880449e-01
   2.4522949e-01
   2.4411766e-01
   2.4109991e-01
   2.4075981e-01
   2.3728628e-01
   2.3585433e-01
   2.3282437e-01
   2.3211967e-01
   2.3046603e-01
   2.2768470e-01
   2.2769198e-01
   2.2484438e-01
   2.2396148e-01
   2.2346030e-01
   2.2139237e-01
   2.2059367e-01
   2.1895781e-01
   2.1710345e-01
   2.1706845e-01
   2.1592365e-01
   2.1298412e-01
   2.1297553e-01
   2.1331169e-01
   2.1045002e-01
   2.0974426e-01
   2.0827906e-01
   2.0774471e-01
   2.0680541e-01
   2.0564725e-01
   2.0432510e-01
   2.0378974e-01
   2.0342664e-01
   2.0258644e-01
   2.0130783e-01
   2.0042692e-01
   2.0017364e-01
   1.9958776e-01
   1.9887795e-01
   1.9810042e-01
   1.9750315e-01
   1.9713838e-01
   1.9643048e-01
   1.9558130e-01
   1.9513412e-01
   1.9445285e-01
   1.9366347e-01
   1.9317233e-01
   1.9204773e-01
   1.9214822e-01
   1.9181931e-01
   1.9004174e-01
   1.8980659e-01
   1.8981763e-01
   1.8961686e-01
   1.8906194e-01
   1.8863813e-01
   1.8806293e-01
   1.8666871e-01
   1.8725403e-01
   1.8648264e-01
   1.8628266e-01
   1.8601218e-01
