 0.10929105893044E+00
 0.10929105893034E+00
 0.10929105892923E+00
 0.10929105893139E+00
 0.10929105897385E+00
 0.10929105916415E+00
 0.10929105968532E+00
 0.10929106064716E+00
 0.10929106150539E+00
 0.10929105973032E+00
 0.10929104864812E+00
 0.10929101474436E+00
 0.10929093494820E+00
 0.10929095343609E+00
 0.10929084185672E+00
 0.10929057205716E+00
 0.10929030529936E+00
 0.10928994790528E+00
 0.10928926797682E+00
 0.10928847812949E+00
 0.10928745410078E+00
 0.10928598482369E+00
 0.10928429164859E+00
 0.10928207260909E+00
 0.10927955292177E+00
 0.10927641178184E+00
 0.10927288465179E+00
 0.10926865443910E+00
 0.10926380470437E+00
 0.10925847952574E+00
 0.10925233702309E+00
 0.10924548595321E+00
 0.10923807309581E+00
 0.10922976541936E+00
 0.10922068799644E+00
 0.10921082334222E+00
 0.10920032630952E+00
 0.10918887318365E+00
 0.10917659833594E+00
 0.10916349762259E+00
 0.10914956489922E+00
 0.10913495479562E+00
 0.10911935549997E+00
 0.10910290915860E+00
 0.10908561460287E+00
 0.10906746850952E+00
 0.10904846725373E+00
 0.10902860663091E+00
 0.10900803803624E+00
 0.10898645029622E+00
 0.10896398251309E+00
 0.10894062738070E+00
 0.10891637395189E+00
 0.10889120919343E+00
 0.10886511778562E+00
 0.10883808190766E+00
 0.10881008102952E+00
 0.10878109171179E+00
 0.10875108730586E+00
 0.10872003799219E+00
 0.10868806934915E+00
 0.10865483181510E+00
 0.10862043691277E+00
 0.10858484110516E+00
 0.10854799536450E+00
 0.10850984626937E+00
 0.10847033588321E+00
 0.10842940160136E+00
 0.10838697586526E+00
 0.10834298619497E+00
 0.10829735490460E+00
 0.10824999895485E+00
 0.10820082982595E+00
 0.10814975333675E+00
 0.10809666944011E+00
 0.10804147215447E+00
 0.10798404930824E+00
 0.10792428246422E+00
 0.10786204669226E+00
 0.10779737287553E+00
 0.10772980154857E+00
 0.10765934556548E+00
 0.10758585282791E+00
 0.10750916324804E+00
 0.10742910949545E+00
 0.10734551630588E+00
 0.10725815714606E+00
 0.10716691998400E+00
 0.10707156799733E+00
 0.10697189274054E+00
 0.10686767745032E+00
 0.10675869555382E+00
 0.10664471141877E+00
 0.10652548015151E+00
 0.10640074677827E+00
 0.10627024644877E+00
 0.10613370364795E+00
 0.10599099690548E+00
 0.10584150677096E+00
 0.10568508324520E+00
 0.10552140726026E+00
 0.10535014871076E+00
 0.10517096463638E+00
 0.10498350026002E+00
 0.10478738756240E+00
 0.10458224657165E+00
 0.10436768501418E+00
 0.10414329490425E+00
 0.10390865680476E+00
 0.10366333789370E+00
 0.10340705131292E+00
 0.10313902136008E+00
 0.10285892961551E+00
 0.10256628777381E+00
 0.10226059541474E+00
 0.10194133722732E+00
 0.10160798536134E+00
 0.10126000171929E+00
 0.10089683488060E+00
 0.10051792027035E+00
 0.10012283387006E+00
 0.99710700792747E-01
 0.99281003103083E-01
 0.98833275821616E-01
 0.98366852990090E-01
 0.97881130494240E-01
 0.97375502260847E-01
 0.96849361586503E-01
 0.96302107394392E-01
 0.95733284937665E-01
 0.95142035643995E-01
 0.94527924228283E-01
 0.93890395812852E-01
 0.93228917216273E-01
 0.92542981180639E-01
 0.91832109158607E-01
 0.91095978689918E-01
 0.90333936043544E-01
 0.89545737425002E-01
 0.88731059926947E-01
 0.87889633062658E-01
 0.87021238062529E-01
 0.86125715561416E-01
 0.85203070844462E-01
 0.84253054926997E-01
 0.83275798513340E-01
 0.82271393997304E-01
 0.81240002820491E-01
 0.80181853208366E-01
 0.79097335822113E-01
 0.77986638643262E-01
 0.76850287565417E-01
 0.75688783217311E-01
 0.74502697590430E-01
 0.73292675901701E-01
 0.72059397303054E-01
 0.70803630687849E-01
 0.69526210433483E-01
 0.68228016702869E-01
 0.66910051967785E-01
 0.65573209835863E-01
 0.64218617730915E-01
 0.62847399353306E-01
 0.61460759107976E-01
 0.60060001469039E-01
 0.58646356647984E-01
 0.57221266700826E-01
 0.55786203227543E-01
 0.54342732778698E-01
 0.52892398095785E-01
 0.51436927381512E-01
 0.49978093782348E-01
 0.48517777001874E-01
 0.47057851666143E-01
 0.45600356248668E-01
 0.44147371821352E-01
 0.42701076967317E-01
 0.41263646622643E-01
 0.39837371810562E-01
 0.38424564674323E-01
 0.37027577666075E-01
 0.35648715764755E-01
 0.34290330484550E-01
 0.32954720948629E-01
 0.31644094295719E-01
 0.30360602167106E-01
 0.29106281699103E-01
 0.27883007873938E-01
 0.26692503144985E-01
 0.25536329180684E-01
 0.24415770347125E-01
 0.23331943227321E-01
 0.22285728368837E-01
 0.21277759900922E-01
 0.20308439718357E-01
 0.19377926192492E-01
 0.18486163181634E-01
 0.17632882607505E-01
 0.16817624211333E-01
 0.16039538779152E-01
 0.15298248420166E-01
 0.14592626758893E-01
 0.13921639637715E-01
 0.13284160573233E-01
 0.12678996816115E-01
 0.12104903549970E-01
 0.11560603580993E-01
 0.11044799916653E-01
 0.10556193412351E-01
 0.10093492512536E-01
 0.96554221744426E-02
 0.92407343307036E-02
 0.88482129393063E-02
 0.84766799188691E-02
 0.81249989012644E-02
 0.77920781346088E-02
 0.74768722708799E-02
 0.71783837769989E-02
 0.68956626051711E-02
 0.66278063106966E-02
 0.63739620778829E-02
 0.61333156295961E-02
 0.59051051638612E-02
 0.56886091861969E-02
 0.54831478677401E-02
 0.52880808286501E-02
 0.51028057351434E-02
 0.49267563720512E-02
 0.47594005023745E-02
 0.46002384491662E-02
 0.44488006850591E-02
 0.43046468719156E-02
 0.41673636541611E-02
 0.40365629291533E-02
 0.39118810286456E-02
 0.37929762976744E-02
 0.36795282076009E-02
 0.35712361717794E-02
 0.34678176423927E-02
 0.33690078771322E-02
 0.32745579951543E-02
 0.31842343825863E-02
 0.30978175973725E-02
 0.30151012567431E-02
 0.29358918869303E-02
 0.28600069918820E-02
 0.27872751997950E-02
 0.27175352400670E-02
 0.26506352520308E-02
 0.25864323923729E-02
 0.25247920347742E-02
 0.24655874811913E-02
 0.24086990499485E-02
 0.23540141059218E-02
 0.23014262316257E-02
 0.22508350259704E-02
 0.22021458186596E-02
 0.21552691097272E-02
 0.21101203382637E-02
 0.20666195468247E-02
 0.20246911449918E-02
 0.19842635823863E-02
 0.19452691869475E-02
 0.19076439025433E-02
 0.18713270100710E-02
 0.18362609798804E-02
 0.18023912759441E-02
 0.17696661874083E-02
 0.17380365802869E-02
 0.17074559104695E-02
 0.16778800026419E-02
 0.16492668152411E-02
 0.16215764308041E-02
 0.15947709111169E-02
 0.15688141560880E-02
 0.15436718198985E-02
 0.15193112478015E-02
 0.14957012978308E-02
 0.14728124015116E-02
 0.14506162907336E-02
 0.14290860547888E-02
 0.14081960437113E-02
 0.13879217882597E-02
 0.13682399412008E-02
 0.13491282102915E-02
 0.13305652966782E-02
 0.13125309275046E-02
 0.12950056501116E-02
 0.12779709148809E-02
 0.12614089782686E-02
 0.12453028597887E-02
 0.12296363294115E-02
 0.12143938228612E-02
 0.11995604530805E-02
 0.11851220240935E-02
 0.11710648661727E-02
 0.11573758961598E-02
 0.11440425759839E-02
 0.11310528965074E-02
 0.11183953085191E-02
