  -4.3094582e-05
  -1.3837401e-04
  -4.4141189e-04
  -9.5095308e-04
  -1.6349029e-03
  -2.4242885e-03
  -3.2116076e-03
  -3.8312817e-03
  -4.0430743e-03
  -3.5378412e-03
  -1.9713838e-03
   9.8304970e-04
  -5.6224141e-02
  -5.8361688e-02
  -2.4196707e-02
  -4.4901215e-02
  -7.0563441e-02
  -5.1524906e-02
  -4.9650539e-02
  -5.6447667e-02
  -3.8245229e-02
  -3.2296234e-02
  -2.0952837e-02
  -1.1469948e-02
   2.4325032e-03
   1.5197671e-02
   3.0487771e-02
   4.9929080e-02
   5.9087774e-02
   7.4018345e-02
   9.1845760e-02
   1.0098837e-01
   1.1414104e-01
   1.2903921e-01
   1.3968979e-01
   1.4664158e-01
   1.5573081e-01
   1.6559007e-01
   1.7223191e-01
   1.7783688e-01
   1.8074661e-01
   1.8479086e-01
   1.8918968e-01
   1.9126079e-01
   1.9254113e-01
   1.9311646e-01
   1.9304750e-01
   1.9134006e-01
   1.9033202e-01
   1.8963098e-01
   1.8757276e-01
   1.8514167e-01
   1.8240034e-01
   1.7939821e-01
   1.7618126e-01
   1.7279271e-01
   1.6927335e-01
   1.6566256e-01
   1.6199360e-01
   1.5776129e-01
   1.5414464e-01
   1.5097968e-01
   1.4737709e-01
   1.4385081e-01
   1.4042651e-01
   1.3712317e-01
   1.3395713e-01
   1.3094787e-01
   1.2810906e-01
   1.2545182e-01
   1.2299011e-01
   1.2073508e-01
   1.1869672e-01
   1.1688506e-01
   1.1530891e-01
   1.1397588e-01
   1.1289359e-01
   1.1206908e-01
   1.1127893e-01
   1.1101538e-01
   1.1122091e-01
   1.1149253e-01
   1.1205088e-01
   1.1290316e-01
   1.1405538e-01
   1.1551899e-01
   1.1728880e-01
   1.1937125e-01
   1.2178340e-01
   1.2452495e-01
   1.2760137e-01
   1.3102123e-01
   1.3479129e-01
   1.3891909e-01
   1.4341260e-01
   1.4827955e-01
   1.5340763e-01
   1.5905992e-01
   1.6521853e-01
   1.7167177e-01
   1.7854347e-01
   1.8584602e-01
   1.9359315e-01
   2.0179682e-01
   2.1046937e-01
   2.1962536e-01
   2.2927589e-01
   2.3943278e-01
   2.5011245e-01
   2.6125610e-01
   2.7304297e-01
   2.8547237e-01
   2.9841315e-01
   3.1196372e-01
   3.2614212e-01
   3.4096594e-01
   3.5645841e-01
   3.7263425e-01
   3.8951522e-01
   4.0706822e-01
   4.2543027e-01
   4.4461418e-01
   4.6453372e-01
   4.8526303e-01
   5.0682702e-01
   5.2924511e-01
   5.5253743e-01
   5.7672390e-01
   6.0178135e-01
   6.2781361e-01
   6.5483020e-01
   6.8276841e-01
   7.1168090e-01
   7.4157812e-01
   7.7246810e-01
   8.0432468e-01
   8.3721491e-01
   8.7113361e-01
   9.0601778e-01
   9.4188799e-01
   9.7873218e-01
   1.0165341e+00
   1.0552478e+00
   1.0948966e+00
   1.1354477e+00
   1.1768221e+00
   1.2190032e+00
   1.2619442e+00
   1.3055798e+00
   1.3498955e+00
   1.3948333e+00
   1.4403027e+00
   1.4862506e+00
   1.5326043e+00
   1.5793241e+00
   1.6263377e+00
   1.6735497e+00
   1.7209004e+00
   1.7683121e+00
   1.8157301e+00
   1.8630746e+00
   1.9102643e+00
   1.9572408e+00
   2.0039190e+00
   2.0502535e+00
   2.0961737e+00
   2.1415969e+00
   2.1864700e+00
   2.2307426e+00
   2.2743499e+00
   2.3172307e+00
   2.3593269e+00
   2.4005892e+00
   2.4409694e+00
   2.4804146e+00
   2.5188725e+00
   2.5563007e+00
   2.5926600e+00
   2.6279027e+00
   2.6619933e+00
   2.6948988e+00
   2.7265864e+00
   2.7570242e+00
   2.7861932e+00
   2.8140758e+00
   2.8406561e+00
   2.8659264e+00
   2.8898825e+00
   2.9125251e+00
   2.9338676e+00
   2.9539295e+00
   2.9727251e+00
   2.9902849e+00
   3.0066381e+00
   3.0218199e+00
   3.0358746e+00
   3.0488416e+00
   3.0607683e+00
   3.0717011e+00
   3.0816883e+00
   3.0907786e+00
   3.0990203e+00
   3.1064608e+00
   3.1131459e+00
   3.1191203e+00
   3.1244256e+00
   3.1290999e+00
   3.1331863e+00
   3.1367239e+00
   3.1397423e+00
   3.1422723e+00
   3.1443450e+00
   3.1459880e+00
   3.1472250e+00
   3.1480796e+00
   3.1485752e+00
   3.1487296e+00
   3.1485628e+00
   3.1480917e+00
   3.1473295e+00
   3.1462937e+00
   3.1449960e+00
   3.1434495e+00
   3.1416646e+00
   3.1396506e+00
   3.1374199e+00
   3.1349803e+00
   3.1323409e+00
   3.1295082e+00
   3.1264888e+00
   3.1232917e+00
   3.1199221e+00
   3.1163872e+00
   3.1126916e+00
   3.1088391e+00
   3.1048372e+00
   3.1006888e+00
   3.0964016e+00
   3.0919787e+00
   3.0874213e+00
   3.0827335e+00
   3.0779203e+00
   3.0729887e+00
   3.0679380e+00
   3.0627707e+00
   3.0574940e+00
   3.0521096e+00
   3.0466202e+00
   3.0410302e+00
   3.0353400e+00
   3.0295507e+00
   3.0236668e+00
   3.0176927e+00
   3.0116302e+00
   3.0054832e+00
   2.9992509e+00
   2.9929345e+00
   2.9865390e+00
   2.9800662e+00
   2.9735180e+00
   2.9668969e+00
   2.9602080e+00
   2.9534496e+00
   2.9466217e+00
   2.9397296e+00
   2.9327743e+00
   2.9257577e+00
   2.9186843e+00
   2.9115533e+00
   2.9043649e+00
   2.8971235e+00
   2.8898299e+00
   2.8824857e+00
   2.8750932e+00
   2.8676543e+00
   2.8601694e+00
   2.8526400e+00
   2.8450688e+00
   2.8374567e+00
   2.8298054e+00
   2.8221168e+00
   2.8143915e+00
   2.8066308e+00
   2.7988370e+00
   2.7910107e+00
   2.7831535e+00
   2.7752673e+00
   2.7673524e+00
   2.7594108e+00
   2.7514429e+00
   2.7434498e+00
   2.7354351e+00
   2.7273983e+00
   2.7193398e+00
   2.7112611e+00
   2.7031651e+00
   2.6950508e+00
   2.6869191e+00
   2.6787735e+00
   2.5981485e+00
