 0.13283028418467E+01
 0.13283028418446E+01
 0.13283028417945E+01
 0.13283028414567E+01
 0.13283028402497E+01
 0.13283028372433E+01
 0.13283028313007E+01
 0.13283028216089E+01
 0.13283028094043E+01
 0.13283028019382E+01
 0.13283028190412E+01
 0.13283029014679E+01
 0.13283031193871E+01
 0.13283054302961E+01
 0.13283081170410E+01
 0.13283117146205E+01
 0.13283188921860E+01
 0.13283298419927E+01
 0.13283434602754E+01
 0.13283633459904E+01
 0.13283896958643E+01
 0.13284218324933E+01
 0.13284635870583E+01
 0.13285133579366E+01
 0.13285749656926E+01
 0.13286465235234E+01
 0.13287318355657E+01
 0.13288288979164E+01
 0.13289397654895E+01
 0.13290670251302E+01
 0.13292081176709E+01
 0.13293650522366E+01
 0.13295401307525E+01
 0.13297305811791E+01
 0.13299382676012E+01
 0.13301635005819E+01
 0.13304082809013E+01
 0.13306695442138E+01
 0.13309489223717E+01
 0.13312465314993E+01
 0.13315624016377E+01
 0.13318981891968E+01
 0.13322506109636E+01
 0.13326210925675E+01
 0.13330095185101E+01
 0.13334157164945E+01
 0.13338394821657E+01
 0.13342805814933E+01
 0.13347404034341E+01
 0.13352154431254E+01
 0.13357069344554E+01
 0.13362145619973E+01
 0.13367379699167E+01
 0.13372767820108E+01
 0.13378306028502E+01
 0.13383990186173E+01
 0.13389815978174E+01
 0.13395778918903E+01
 0.13401874349732E+01
 0.13408097458049E+01
 0.13414460237087E+01
 0.13420924200931E+01
 0.13427500319079E+01
 0.13434183296665E+01
 0.13440967547347E+01
 0.13447847329515E+01
 0.13454816749820E+01
 0.13461869763764E+01
 0.13469000167037E+01
 0.13476201607728E+01
 0.13483467576383E+01
 0.13490791405826E+01
 0.13498166271825E+01
 0.13505585190048E+01
 0.13513041010797E+01
 0.13520526425125E+01
 0.13528033954852E+01
 0.13535555956576E+01
 0.13543084615528E+01
 0.13550629586039E+01
 0.13558147855455E+01
 0.13565648243824E+01
 0.13573122282322E+01
 0.13580561252368E+01
 0.13587956268339E+01
 0.13595298238129E+01
 0.13602575407002E+01
 0.13609782833938E+01
 0.13616908690967E+01
 0.13623943070688E+01
 0.13630875883736E+01
 0.13637696766612E+01
 0.13644395145952E+01
 0.13650960239515E+01
 0.13657380998022E+01
 0.13663646142876E+01
 0.13669744122354E+01
 0.13675681277257E+01
 0.13681409913099E+01
 0.13686935134950E+01
 0.13692244348567E+01
 0.13697324723484E+01
 0.13702163048429E+01
 0.13706745844570E+01
 0.13711059267060E+01
 0.13715089207465E+01
 0.13718821324136E+01
 0.13722240637674E+01
 0.13725332068739E+01
 0.13728080221796E+01
 0.13730487277234E+01
 0.13732501700577E+01
 0.13734124435355E+01
 0.13735338604784E+01
 0.13736127149851E+01
 0.13736472537821E+01
 0.13736356849533E+01
 0.13735762167969E+01
 0.13734670067336E+01
 0.13733061798532E+01
 0.13730935604729E+01
 0.13728238686398E+01
 0.13724965126560E+01
 0.13721101459955E+01
 0.13716625298728E+01
 0.13711517155706E+01
 0.13705757527537E+01
 0.13699326917071E+01
 0.13692206067779E+01
 0.13684392530994E+01
 0.13675835141136E+01
 0.13666531603382E+01
 0.13656464147722E+01
 0.13645615647065E+01
 0.13633969744541E+01
 0.13621510878992E+01
 0.13608239482321E+01
 0.13594112186941E+01
 0.13579131106962E+01
 0.13563284786830E+01
 0.13546563136427E+01
 0.13528957299309E+01
 0.13510459887803E+01
 0.13491078595857E+01
 0.13470781553819E+01
 0.13449578698746E+01
 0.13427468003291E+01
 0.13404448586737E+01
 0.13380520682466E+01
 0.13355698244864E+01
 0.13329959374292E+01
 0.13303319343886E+01
 0.13275781586277E+01
 0.13247350802725E+01
 0.13218039562984E+01
 0.13187837075405E+01
 0.13156755390126E+01
 0.13124799861089E+01
 0.13091974200056E+01
 0.13058291176068E+01
 0.13023736218662E+01
 0.12988320260154E+01
 0.12952044358790E+01
 0.12914909813422E+01
 0.12876924049113E+01
 0.12838070113723E+01
 0.12798353101394E+01
 0.12757770342139E+01
 0.12716324179205E+01
 0.12673996586496E+01
 0.12630789235327E+01
 0.12586697616049E+01
 0.12541721896510E+01
 0.12495846412974E+01
 0.12449072739585E+01
 0.12401398163111E+01
 0.12352826492858E+01
 0.12303349683827E+01
 0.12252976108500E+01
 0.12201712888476E+01
 0.12149574411025E+01
 0.12096567655765E+01
 0.12042715812276E+01
 0.11988046068994E+01
 0.11932581633754E+01
 0.11876359611483E+01
 0.11819423774626E+01
 0.11761815454614E+01
 0.11703586388252E+01
 0.11644796027250E+01
 0.11585503547447E+01
 0.11525771466503E+01
 0.11465670623730E+01
 0.11405272032206E+01
 0.11344650528365E+01
 0.11283878011891E+01
 0.11223030975408E+01
 0.11162184452552E+01
 0.11101413602483E+01
 0.11040788241611E+01
 0.10980380991495E+01
 0.10920259002939E+01
 0.10860487672390E+01
 0.10801126804133E+01
 0.10742234882127E+01
 0.10683865769239E+01
 0.10626069786471E+01
 0.10568891884405E+01
 0.10512374560732E+01
 0.10456556425781E+01
 0.10401471265467E+01
 0.10347150026602E+01
 0.10293619894346E+01
 0.10240904722003E+01
 0.10189025031224E+01
 0.10137998421012E+01
 0.10087839741878E+01
 0.10038561326879E+01
 0.99901731496141E+00
 0.99426823735088E+00
 0.98960949809237E+00
 0.98504136843785E+00
 0.98056406324817E+00
 0.97617762261271E+00
 0.97188191334693E+00
 0.96767667696299E+00
 0.96356153189597E+00
 0.95953599484779E+00
 0.95559947874364E+00
 0.95175131823457E+00
 0.94799074399717E+00
 0.94431694156540E+00
 0.94072903184969E+00
 0.93722605646151E+00
 0.93380707455365E+00
 0.93047103252253E+00
 0.92721686175844E+00
 0.92404348090705E+00
 0.92094974919529E+00
 0.91793453974795E+00
 0.91499668421434E+00
 0.91213497872888E+00
 0.90934826881900E+00
 0.90663532267889E+00
 0.90399500809808E+00
 0.90142605339868E+00
 0.89892728214653E+00
 0.89649746930905E+00
 0.89413539996649E+00
 0.89183989055593E+00
 0.88960973000673E+00
 0.88744375265649E+00
 0.88534075068221E+00
 0.88329956960637E+00
 0.88131903408813E+00
 0.87939798921624E+00
 0.87753530106266E+00
 0.87572984006537E+00
 0.87398049198353E+00
 0.87228614654379E+00
 0.87064571120788E+00
 0.86905810836398E+00
 0.86752228620842E+00
 0.86603719100248E+00
 0.86460178838096E+00
 0.86321506136562E+00
 0.86187600363230E+00
 0.86058362797661E+00
 0.85933695261978E+00
 0.85813502263461E+00
 0.85697690095604E+00
 0.85586165372781E+00
 0.85478836577608E+00
 0.85375614537172E+00
 0.85276410535832E+00
 0.85181137390883E+00
 0.85089710009929E+00
 0.85002044237182E+00
 0.84918058504810E+00
 0.84837670972131E+00
 0.84760802320600E+00
 0.84687374518634E+00
 0.84617310684271E+00
 0.84550535816288E+00
 0.84486975729332E+00
 0.84426557797254E+00
 0.84369211008090E+00
 0.84314865196263E+00
 0.84263452023345E+00
 0.84214904725698E+00
 0.84169156140805E+00
 0.84126142217286E+00
 0.84085798922829E+00
 0.84048064154287E+00
 0.84012876831378E+00
 0.83980176947081E+00
 0.83949906648793E+00
 0.83922006681222E+00
 0.83896422324653E+00
 0.83873096622610E+00
