 0.10867968216594E+01
 0.10867968213657E+01
 0.10867968181895E+01
 0.10867968047882E+01
 0.10867967684939E+01
 0.10867966917558E+01
 0.10867965528283E+01
 0.10867963280762E+01
 0.10867959997426E+01
 0.10867955730910E+01
 0.10867951029059E+01
 0.10867947242424E+01
 0.10867946798754E+01
 0.10867957080359E+01
 0.10867979347950E+01
 0.10868020500888E+01
 0.10868092669032E+01
 0.10868203732272E+01
 0.10868359415869E+01
 0.10868575027957E+01
 0.10868858932378E+01
 0.10869217404348E+01
 0.10869665290579E+01
 0.10870205763449E+01
 0.10870852277029E+01
 0.10871605770333E+01
 0.10872478022321E+01
 0.10873467922338E+01
 0.10874581901424E+01
 0.10875826764811E+01
 0.10877197648041E+01
 0.10878698546121E+01
 0.10880333551832E+01
 0.10882095164485E+01
 0.10883985201548E+01
 0.10886001853510E+01
 0.10888146436280E+01
 0.10890408646223E+01
 0.10892788322828E+01
 0.10895281642090E+01
 0.10897884353459E+01
 0.10900595854372E+01
 0.10903403796845E+01
 0.10906306740063E+01
 0.10909299616910E+01
 0.10912377177444E+01
 0.10915534093941E+01
 0.10918764996953E+01
 0.10922068629781E+01
 0.10925431628866E+01
 0.10928852501651E+01
 0.10932326039449E+01
 0.10935847070550E+01
 0.10939410524166E+01
 0.10943011446495E+01
 0.10946645013839E+01
 0.10950306543765E+01
 0.10953991503539E+01
 0.10957695520122E+01
 0.10961414385307E+01
 0.10965148620771E+01
 0.10968885408894E+01
 0.10972625408173E+01
 0.10976365141422E+01
 0.10980101270642E+01
 0.10983830634250E+01
 0.10987550246712E+01
 0.10991257296717E+01
 0.10994949142683E+01
 0.10998623314372E+01
 0.11002277506420E+01
 0.11005909575976E+01
 0.11009517538890E+01
 0.11013099566049E+01
 0.11016653979166E+01
 0.11020179245802E+01
 0.11023673976231E+01
 0.11027136918340E+01
 0.11030566953492E+01
 0.11033968082822E+01
 0.11037329588519E+01
 0.11040655547641E+01
 0.11043945373845E+01
 0.11047198552583E+01
 0.11050414673101E+01
 0.11053593431672E+01
 0.11056734816919E+01
 0.11059838367991E+01
 0.11062904229490E+01
 0.11065932472217E+01
 0.11068923259368E+01
 0.11071876829396E+01
 0.11074793507740E+01
 0.11077673689795E+01
 0.11080517845471E+01
 0.11083326515604E+01
 0.11086100314866E+01
 0.11088845010525E+01
 0.11091551257618E+01
 0.11094224833850E+01
 0.11096866628598E+01
 0.11099477555764E+01
 0.11102058586168E+01
 0.11104610741608E+01
 0.11107135099112E+01
 0.11109632789644E+01
 0.11112104938902E+01
 0.11114552824700E+01
 0.11116977718964E+01
 0.11119380917929E+01
 0.11121768713890E+01
 0.11124132735413E+01
 0.11126479153699E+01
 0.11128809536174E+01
 0.11131125285817E+01
 0.11133427975356E+01
 0.11135719101005E+01
 0.11138000228258E+01
 0.11140272950085E+01
 0.11142538873459E+01
 0.11144804289669E+01
 0.11147061530115E+01
 0.11149317007767E+01
 0.11151571837368E+01
 0.11153827847060E+01
 0.11156086580568E+01
 0.11158349557612E+01
 0.11160618266781E+01
 0.11162894139573E+01
 0.11165183029338E+01
 0.11167477436273E+01
 0.11169782884550E+01
 0.11172100495786E+01
 0.11174431272136E+01
 0.11176776095339E+01
 0.11179135708788E+01
 0.11181514797981E+01
 0.11183905779752E+01
 0.11186312809415E+01
 0.11188735955897E+01
 0.11191175085522E+01
 0.11193629835379E+01
 0.11196099600648E+01
 0.11198587364632E+01
 0.11201084578936E+01
 0.11203593560987E+01
 0.11206112721279E+01
 0.11208640145152E+01
 0.11211173775618E+01
 0.11213714664525E+01
 0.11216253352682E+01
 0.11218790167845E+01
 0.11221321825545E+01
 0.11223844899805E+01
 0.11226358706375E+01
 0.11228852816897E+01
 0.11231326031459E+01
 0.11233773537622E+01
 0.11236190262978E+01
 0.11238573717718E+01
 0.11240912707493E+01
 0.11243203915651E+01
 0.11245440793606E+01
 0.11247616461627E+01
 0.11249725991950E+01
 0.11251756890341E+01
 0.11253703209718E+01
 0.11255556044154E+01
 0.11257308166512E+01
 0.11258945485837E+01
 0.11260459381226E+01
 0.11261838546074E+01
 0.11263072881580E+01
 0.11264146302257E+01
 0.11265047253483E+01
 0.11265762026636E+01
 0.11266277750856E+01
 0.11266576564180E+01
 0.11266644784538E+01
 0.11266466979378E+01
 0.11266029097478E+01
 0.11265313152940E+01
 0.11264305597123E+01
 0.11262993377661E+01
 0.11261361009788E+01
 0.11259397592667E+01
 0.11257093494484E+01
 0.11254438240096E+01
 0.11251426245143E+01
 0.11248053174563E+01
 0.11244317957356E+01
 0.11240219899001E+01
 0.11235763206303E+01
 0.11230953892251E+01
 0.11225801284670E+01
 0.11220315147886E+01
 0.11214509361230E+01
 0.11208399131227E+01
 0.11202001836112E+01
 0.11195334795541E+01
 0.11188417919710E+01
 0.11181271334319E+01
 0.11173916022967E+01
 0.11166372085723E+01
 0.11158660633299E+01
 0.11150802151758E+01
 0.11142816568717E+01
 0.11134723676787E+01
 0.11126541336730E+01
 0.11118287477074E+01
 0.11109978862404E+01
 0.11101631155808E+01
 0.11093259010986E+01
 0.11084876035637E+01
 0.11076494788679E+01
 0.11068126789495E+01
 0.11059782538183E+01
 0.11051471622661E+01
 0.11043202675477E+01
 0.11034983465061E+01
 0.11026820805052E+01
 0.11018721099753E+01
 0.11010689692678E+01
 0.11002731373162E+01
 0.10994850316183E+01
 0.10987050093916E+01
 0.10979333756710E+01
 0.10971703917567E+01
 0.10964162735474E+01
 0.10956711956369E+01
 0.10949352962449E+01
 0.10942086810434E+01
 0.10934914289680E+01
 0.10927835759968E+01
 0.10920851764027E+01
 0.10913962212863E+01
 0.10907166944227E+01
 0.10900465660786E+01
 0.10893857921626E+01
 0.10887343107777E+01
 0.10880920502882E+01
 0.10874589330542E+01
 0.10868348677732E+01
 0.10862197439962E+01
 0.10856134792873E+01
 0.10850159538776E+01
 0.10844270510484E+01
 0.10838466525523E+01
 0.10832746359606E+01
 0.10827108753480E+01
 0.10821552449415E+01
 0.10816076161673E+01
 0.10810678490344E+01
 0.10805358346319E+01
 0.10800114305645E+01
 0.10794945037392E+01
 0.10789849285140E+01
 0.10784825740823E+01
 0.10779873109243E+01
 0.10774990117512E+01
 0.10770175500258E+01
 0.10765427911413E+01
 0.10760746255364E+01
 0.10756129256481E+01
 0.10751575700118E+01
 0.10747084390230E+01
 0.10742654157680E+01
 0.10738283849787E+01
 0.10733972304672E+01
 0.10729718348653E+01
 0.10725521042505E+01
 0.10721379224615E+01
 0.10717291837612E+01
 0.10713257841243E+01
 0.10709276214487E+01
 0.10705345954352E+01
 0.10701466091223E+01
 0.10697635589765E+01
 0.10693853650506E+01
 0.10690119283747E+01
 0.10686431584795E+01
 0.10682789665909E+01
 0.10679192664919E+01
 0.10675639731938E+01
 0.10672130043852E+01
 0.10668662723866E+01
 0.10665237106403E+01
 0.10661852351365E+01
 0.10658507695113E+01
 0.10655202382677E+01
 0.10651935713449E+01
 0.10648706965409E+01
 0.10645515435562E+01
 0.10642360388869E+01
 0.10639241278360E+01
 0.10636157396956E+01
 0.10633108095340E+01
 0.10630092770023E+01
 0.10627110791321E+01
 0.10624161579058E+01
