 0.00000000000000E+00
-0.17555778232769E-22
-0.42217123615291E-21
-0.30648402119741E-20
-0.13582929154484E-19
-0.35544358834155E-19
-0.77925097852243E-19
-0.14263649532156E-18
-0.28229517296302E-18
-0.34223315357485E-18
-0.48950211154778E-18
 0.52255896052614E-12
-0.70690425894392E-18
 0.71444301082416E-11
-0.24643321679047E-11
-0.76126507502087E-11
 0.50128252030210E-11
 0.41401273271739E-11
 0.13052968587805E-10
-0.73058691411988E-12
 0.94000528980489E-11
-0.29555022895617E-11
 0.21549224880687E-11
 0.36070356781088E-11
 0.57311539566871E-10
-0.23524104690207E-09
 0.13554851779833E-08
 0.33102105027863E-08
-0.14191890683044E-07
 0.11423323380109E-07
 0.25572159690383E-08
-0.10845703875717E-07
 0.15450771596725E-07
 0.31561775651164E-08
-0.35710025880245E-08
-0.11203457417180E-08
-0.11960081538045E-10
 0.39136683491336E-09
 0.12225536357479E-08
 0.28259527037209E-08
 0.57069086378099E-08
 0.10419466503551E-07
 0.18277960175427E-07
 0.30606865587653E-07
 0.49355408312431E-07
 0.77110343173033E-07
 0.11724092441588E-06
 0.17406487607920E-06
 0.25301803678323E-06
 0.35965409315413E-06
 0.50433980745804E-06
 0.69618902117537E-06
 0.94721911304292E-06
 0.12716950897742E-05
 0.16863899521744E-05
 0.22108477489588E-05
 0.28676161118347E-05
 0.36826611771919E-05
 0.46854497523782E-05
 0.59093707192251E-05
 0.73919669219915E-05
 0.91674734866484E-05
 0.11296871208966E-04
 0.13825282973960E-04
 0.16809609283890E-04
 0.20312282144425E-04
 0.24401706516792E-04
 0.29152172783216E-04
 0.34644062037436E-04
 0.40965638890286E-04
 0.48209618802944E-04
 0.56477547438049E-04
 0.65877759656731E-04
 0.76526100123451E-04
 0.88546225016196E-04
 0.10206829822754E-03
 0.11723581533861E-03
 0.13419438291237E-03
 0.15982333743103E-03
 0.15447023661578E-03
 0.19714567036990E-03
 0.22347718947943E-03
 0.25189743660622E-03
 0.28257816232688E-03
 0.31746477196262E-03
 0.35515058088699E-03
 0.39645277514095E-03
 0.44156229378921E-03
 0.49073901064531E-03
 0.54425904718229E-03
 0.60241009933893E-03
 0.66549438634811E-03
 0.73382585923298E-03
 0.80773570453456E-03
 0.88245279802762E-03
 0.98061547925397E-03
 0.10499190348773E-02
 0.11661761833514E-02
 0.12735567140967E-02
 0.13887885968839E-02
 0.15123821749310E-02
 0.16448193247966E-02
 0.17865957627586E-02
 0.19382337814994E-02
 0.21002982731059E-02
 0.22761885122924E-02
 0.24567406756881E-02
 0.26587802641169E-02
 0.28545981327328E-02
 0.30899689408540E-02
 0.33250115684127E-02
 0.35775237872937E-02
 0.38462232860980E-02
 0.41313482740246E-02
 0.44361235522603E-02
 0.47507996064355E-02
 0.50979240694714E-02
 0.54558085428924E-02
 0.58262132046347E-02
 0.62456447860313E-02
 0.66675200422412E-02
 0.71195734147269E-02
 0.75969626570162E-02
 0.81000339970929E-02
 0.86379714473431E-02
 0.91980331281972E-02
 0.97825076286316E-02
 0.10413399357449E-01
 0.11081084249717E-01
 0.11765248463338E-01
 0.12495845441436E-01
 0.13266260285637E-01
 0.14068307926131E-01
 0.14909441850596E-01
 0.15800891502190E-01
 0.16737536956460E-01
 0.17709125267881E-01
 0.18730872888159E-01
 0.19795755667694E-01
 0.20906087640069E-01
 0.22065603860483E-01
 0.23283197269184E-01
 0.24549788842557E-01
 0.25857808293045E-01
 0.27217951584271E-01
 0.28629113271575E-01
 0.30097588656622E-01
 0.31620719811298E-01
 0.33189168542516E-01
 0.34804494872286E-01
 0.36472841068871E-01
 0.38195724899437E-01
 0.39968001126270E-01
 0.41786498675007E-01
 0.43646633725811E-01
 0.45556620686734E-01
 0.47511293818213E-01
 0.49509874940408E-01
 0.51545134176228E-01
 0.53621237153922E-01
 0.55730895749413E-01
 0.57879520774747E-01
 0.60056360759394E-01
 0.62258320890594E-01
 0.64490061450226E-01
 0.66746128950342E-01
 0.69019134065160E-01
 0.71307533945007E-01
 0.73606972168099E-01
 0.75914620408054E-01
 0.78226613577666E-01
 0.80536589462228E-01
 0.82840799794543E-01
 0.85134151948296E-01
 0.87411021925989E-01
 0.89665356918053E-01
 0.91894613436809E-01
 0.94093008091411E-01
 0.96254800673439E-01
 0.98374406640444E-01
 0.10044873949281E+00
 0.10247279255972E+00
 0.10444231696216E+00
 0.10635283891230E+00
 0.10820162001207E+00
 0.10998793534409E+00
 0.11171115880939E+00
 0.11336843661620E+00
 0.11495888781592E+00
 0.11648289962476E+00
 0.11794232464904E+00
 0.11933762430993E+00
 0.12067128528580E+00
 0.12194467023302E+00
 0.12315995777651E+00
 0.12432015858271E+00
 0.12542888180557E+00
 0.12648846603384E+00
 0.12750103954353E+00
 0.12846871080991E+00
 0.12939380103401E+00
 0.13027978999718E+00
 0.13112994617660E+00
 0.13194779514759E+00
 0.13273498471486E+00
 0.13349072277651E+00
 0.13421864176730E+00
 0.13492128304805E+00
 0.13559991834592E+00
 0.13625545946823E+00
 0.13688926154192E+00
 0.13750411044411E+00
 0.13810061886160E+00
 0.13867969911995E+00
 0.13924211781858E+00
 0.13978880162830E+00
 0.14032174970587E+00
 0.14084133855800E+00
 0.14134759532617E+00
 0.14184135639218E+00
 0.14232384029941E+00
 0.14279593936386E+00
 0.14325798411789E+00
 0.14371011482943E+00
 0.14415240922914E+00
 0.14458578901721E+00
 0.14501144348902E+00
 0.14542905026818E+00
 0.14583899472834E+00
 0.14624191425572E+00
 0.14663691893633E+00
 0.14702551369169E+00
 0.14740809306875E+00
 0.14778494037270E+00
 0.14815664544507E+00
 0.14852069368580E+00
 0.14887884384282E+00
 0.14923332749987E+00
 0.14958352530958E+00
 0.14993071872660E+00
 0.15027013627040E+00
 0.15060341615122E+00
 0.15093198115201E+00
 0.15126006595198E+00
 0.15158410722751E+00
 0.15190481719540E+00
 0.15221894929087E+00
 0.15252910159973E+00
 0.15283710370908E+00
 0.15314145095442E+00
 0.15344235812417E+00
 0.15373958546498E+00
 0.15403244749408E+00
 0.15432355317601E+00
 0.15461224419061E+00
 0.15489825886925E+00
 0.15518143531204E+00
 0.15546054292759E+00
 0.15573560150335E+00
 0.15600816470759E+00
 0.15627951611902E+00
 0.15654865683146E+00
 0.15681601363513E+00
 0.15708008993689E+00
 0.15734126616668E+00
 0.15759982169678E+00
 0.15785531493649E+00
 0.15810892426246E+00
 0.15836067404312E+00
 0.15861081315615E+00
 0.15885886052654E+00
 0.15910452397354E+00
 0.15934762859323E+00
 0.15958882150376E+00
 0.15982809460160E+00
 0.16006505241810E+00
 0.16030008349690E+00
 0.16053324482283E+00
 0.16076465074678E+00
 0.16099421700744E+00
 0.16122181872650E+00
 0.16144782335617E+00
 0.16167196256233E+00
 0.16189444445006E+00
 0.16211457751096E+00
 0.16233322129368E+00
 0.16254998054367E+00
 0.16276493351630E+00
 0.16297831099705E+00
 0.16318989673105E+00
 0.16340003531631E+00
 0.16360889365059E+00
 0.16381613844816E+00
 0.16402161902483E+00
 0.16422559715850E+00
 0.16442778271026E+00
 0.16462842872362E+00
 0.16482769906898E+00
 0.16502549829820E+00
 0.16522174781324E+00
