-0.75942468866536E+01
-0.75942466948046E+01
-0.75942447611570E+01
-0.75942371418282E+01
-0.75942176877910E+01
-0.75941785344647E+01
-0.75941109216913E+01
-0.75940086202214E+01
-0.75938775291877E+01
-0.75937521845142E+01
-0.75937145688221E+01
-0.75939080640263E+01
-0.75945413893586E+01
-0.75959410898434E+01
-0.75983571510046E+01
-0.76021318210732E+01
-0.76076771181095E+01
-0.76153029015892E+01
-0.76252377851896E+01
-0.76378202460126E+01
-0.76532190428064E+01
-0.76715136606819E+01
-0.76928809825753E+01
-0.77172532096376E+01
-0.77447021329732E+01
-0.77750500902260E+01
-0.78082859519240E+01
-0.78441521454031E+01
-0.78825129861944E+01
-0.79232348268305E+01
-0.79659719877059E+01
-0.80105416840101E+01
-0.80567706469930E+01
-0.81042832706367E+01
-0.81528864062346E+01
-0.82023340668872E+01
-0.82524539438809E+01
-0.83028751912942E+01
-0.83534311702618E+01
-0.84039046927618E+01
-0.84540878576766E+01
-0.85038563108408E+01
-0.85528869691381E+01
-0.86010733609941E+01
-0.86482571176813E+01
-0.86942913058894E+01
-0.87390413528579E+01
-0.87823848282871E+01
-0.88242112423149E+01
-0.88644971733506E+01
-0.89030071196286E+01
-0.89397346691618E+01
-0.89746134359825E+01
-0.90075857986600E+01
-0.90386032237569E+01
-0.90676257667577E+01
-0.90946215573976E+01
-0.91195664085732E+01
-0.91424429421935E+01
-0.91632404830469E+01
-0.91819544667800E+01
-0.91986589348995E+01
-0.92132160736440E+01
-0.92257075079930E+01
-0.92361493519534E+01
-0.92445611669867E+01
-0.92509661766312E+01
-0.92553909387873E+01
-0.92578650239320E+01
-0.92584207223750E+01
-0.92570927451354E+01
-0.92539179542761E+01
-0.92489351308551E+01
-0.92421847394025E+01
-0.92337087051313E+01
-0.92235501830568E+01
-0.92117534234122E+01
-0.91983635433598E+01
-0.91834263712734E+01
-0.91669879039278E+01
-0.91491568376076E+01
-0.91298580884831E+01
-0.91091994105391E+01
-0.90872306684221E+01
-0.90639951630992E+01
-0.90395419007710E+01
-0.90139178546099E+01
-0.89871697182870E+01
-0.89593437434360E+01
-0.89304855891801E+01
-0.89006405881136E+01
-0.88698534603565E+01
-0.88381682798049E+01
-0.88056284421164E+01
-0.87722766202833E+01
-0.87381547736881E+01
-0.87033040162853E+01
-0.86678114842856E+01
-0.86316225777287E+01
-0.85948232308440E+01
-0.85574507693251E+01
-0.85195417148840E+01
-0.84811317536187E+01
-0.84422555773067E+01
-0.84029467023504E+01
-0.83632367308306E+01
-0.83231588013837E+01
-0.82827429489107E+01
-0.82420176305818E+01
-0.82010489999042E+01
-0.81597882062826E+01
-0.81182993320542E+01
-0.80766064231486E+01
-0.80347317425126E+01
-0.79926972534356E+01
-0.79505227579878E+01
-0.79082274365916E+01
-0.78658285003029E+01
-0.78233418842355E+01
-0.77808133689501E+01
-0.77381906044194E+01
-0.76955159585560E+01
-0.76527978703998E+01
-0.76100426578636E+01
-0.75672544839578E+01
-0.75244352730514E+01
-0.74815845771407E+01
-0.74386994556913E+01
-0.73957991820252E+01
-0.73528264110217E+01
-0.73097940886714E+01
-0.72666880309265E+01
-0.72234907990648E+01
-0.71801817287922E+01
-0.71367367460567E+01
-0.70931481716832E+01
-0.70493454156514E+01
-0.70053129246796E+01
-0.69610123515354E+01
-0.69164012316998E+01
-0.68714333240969E+01
-0.68260744100494E+01
-0.67802392599768E+01
-0.67338861101411E+01
-0.66869540672796E+01
-0.66393782106588E+01
-0.65910923533426E+01
-0.65420390598582E+01
-0.64921203725671E+01
-0.64412739256179E+01
-0.63894228073437E+01
-0.63364909064507E+01
-0.62824075504640E+01
-0.62270777493762E+01
-0.61704326041536E+01
-0.61123971908565E+01
-0.60528965376610E+01
-0.59918700710921E+01
-0.59292375664023E+01
-0.58649463455450E+01
-0.57989425556907E+01
-0.57311878235814E+01
-0.56616361305686E+01
-0.55902700209465E+01
-0.55170784585144E+01
-0.54420679851524E+01
-0.53652530186776E+01
-0.52866739381955E+01
-0.52063864488634E+01
-0.51244717291738E+01
-0.50410261555501E+01
-0.49561748559709E+01
-0.48700654373104E+01
-0.47828700937993E+01
-0.46947823323611E+01
-0.46060206135705E+01
-0.45168231801697E+01
-0.44274450742981E+01
-0.43381566232348E+01
-0.42492369689622E+01
-0.41609713664537E+01
-0.40736442881372E+01
-0.39875312429532E+01
-0.39028966442230E+01
-0.38199891155287E+01
-0.37390317433352E+01
-0.36602211234479E+01
-0.35837260062602E+01
-0.35096789516648E+01
-0.34381833831868E+01
-0.33693091966745E+01
-0.33030959374243E+01
-0.32395541520961E+01
-0.31786683648149E+01
-0.31204002180530E+01
-0.30646940194414E+01
-0.30114771110389E+01
-0.29606653811852E+01
-0.29121655590238E+01
-0.28658791548375E+01
-0.28217036209058E+01
-0.27795347218992E+01
-0.27392684075038E+01
-0.27008029653937E+01
-0.26640383015859E+01
-0.26288774508962E+01
-0.25952278416901E+01
-0.25630005586713E+01
-0.25321109493266E+01
-0.25024787735219E+01
-0.24740282126682E+01
-0.24466874276641E+01
-0.24203885759326E+01
-0.23950676814818E+01
-0.23706641847456E+01
-0.23471218403463E+01
-0.23243870122757E+01
-0.23024095261113E+01
-0.22811420508531E+01
-0.22605402521865E+01
-0.22405624150368E+01
-0.22211690274034E+01
-0.22023228811902E+01
-0.21839899420750E+01
-0.21661374054298E+01
-0.21487346824790E+01
-0.21317530853896E+01
-0.21151657798459E+01
-0.20989473864917E+01
-0.20830743393703E+01
-0.20675247268959E+01
-0.20522776418524E+01
-0.20373136774605E+01
-0.20226143021946E+01
-0.20081638533133E+01
-0.19939461668055E+01
-0.19799463960147E+01
-0.19661508670113E+01
-0.19525468532793E+01
-0.19391224695650E+01
-0.19258670010671E+01
-0.19127703744013E+01
-0.18998231385985E+01
-0.18870154962033E+01
-0.18743410268838E+01
-0.18617915667245E+01
-0.18493605814913E+01
-0.18370415478466E+01
-0.18248290695597E+01
-0.18127163775144E+01
-0.18006998866668E+01
-0.17887740093376E+01
-0.17769366470641E+01
-0.17651829690760E+01
-0.17535096329455E+01
-0.17419136686570E+01
-0.17303917448918E+01
-0.17189421103337E+01
-0.17075622247339E+01
-0.16962488956337E+01
-0.16850026477151E+01
-0.16738207133478E+01
-0.16627017273049E+01
-0.16516444041491E+01
-0.16406475312254E+01
-0.16297102997114E+01
-0.16188317872862E+01
-0.16080103022346E+01
-0.15972472998004E+01
-0.15865408609440E+01
-0.15758912637984E+01
-0.15652978004448E+01
-0.15547602479558E+01
-0.15442784426316E+01
-0.15338522076798E+01
-0.15234800530701E+01
-0.15131647600741E+01
-0.15029048661201E+01
-0.14927002560169E+01
-0.14825513224310E+01
-0.14724579833236E+01
-0.14624203612280E+01
-0.14524385860861E+01
-0.14425114081157E+01
-0.14326417848679E+01
-0.14228284935904E+01
-0.14130717460827E+01
-0.14033716554212E+01
-0.13937284286152E+01
-0.13841421685824E+01
-0.13746131680602E+01
-0.13651401000761E+01
-0.13557262108250E+01
-0.13463698416857E+01
-0.13370712775325E+01
-0.13278308740407E+01
-0.13186486144273E+01
-0.13095246600844E+01
-0.13004591341827E+01
-0.12914507065553E+01
