 0.25537488316029E+03
 0.25537486155653E+03
 0.25537465857972E+03
 0.25537390700641E+03
 0.25537208109943E+03
 0.25536856120476E+03
 0.25536287719523E+03
 0.25535573629053E+03
 0.25535133750429E+03
 0.25536036629582E+03
 0.25540215211561E+03
 0.25550480986963E+03
 0.25570325357160E+03
 0.25604012831234E+03
 0.25654914566560E+03
 0.25726533632024E+03
 0.25822259060485E+03
 0.25944101451980E+03
 0.26092884599939E+03
 0.26269776884287E+03
 0.26474327095728E+03
 0.26705167139923E+03
 0.26961569521102E+03
 0.27240909044696E+03
 0.27541724308940E+03
 0.27860732348848E+03
 0.28196150256522E+03
 0.28544444588078E+03
 0.28903282100692E+03
 0.29270588616596E+03
 0.29642790087889E+03
 0.30017860969606E+03
 0.30394053383916E+03
 0.30768147781078E+03
 0.31138585249065E+03
 0.31503519835345E+03
 0.31861836558437E+03
 0.32210896820446E+03
 0.32549828933784E+03
 0.32877418670608E+03
 0.33192585765405E+03
 0.33494974662266E+03
 0.33782643783025E+03
 0.34055439381860E+03
 0.34312796581643E+03
 0.34554248230089E+03
 0.34779425220076E+03
 0.34988048868374E+03
 0.35179924528979E+03
 0.35355532156873E+03
 0.35513651443741E+03
 0.35654860215218E+03
 0.35779235980449E+03
 0.35886900968553E+03
 0.35978023597984E+03
 0.36052813577608E+03
 0.36111517318036E+03
 0.36154415551722E+03
 0.36181814102777E+03
 0.36194045635880E+03
 0.36191464509708E+03
 0.36174991832104E+03
 0.36143930809121E+03
 0.36099215626722E+03
 0.36041263388724E+03
 0.35970495438874E+03
 0.35887339522592E+03
 0.35792228165953E+03
 0.35685596921023E+03
 0.35567883002734E+03
 0.35439523644093E+03
 0.35300954806149E+03
 0.35152610275251E+03
 0.34994920560496E+03
 0.34828311922879E+03
 0.34653205320570E+03
 0.34470016059048E+03
 0.34279152811063E+03
 0.34081017008245E+03
 0.33875999146339E+03
 0.33664912216764E+03
 0.33447288552998E+03
 0.33223915161517E+03
 0.32995160611647E+03
 0.32761360588533E+03
 0.32522860846691E+03
 0.32279991540898E+03
 0.32033073314073E+03
 0.31782415666665E+03
 0.31528316418761E+03
 0.31271065001308E+03
 0.31010939928844E+03
 0.30748209473706E+03
 0.30483131582232E+03
 0.30215953575754E+03
 0.29946912562706E+03
 0.29676235117584E+03
 0.29404438278372E+03
 0.29131122444505E+03
 0.28856792282008E+03
 0.28581629317270E+03
 0.28305808776104E+03
 0.28029496383395E+03
 0.27752848525668E+03
 0.27476009482637E+03
 0.27199107783641E+03
 0.26922283994324E+03
 0.26645649739132E+03
 0.26369305264670E+03
 0.26093582652597E+03
 0.25818098364264E+03
 0.25543172642607E+03
 0.25268865941866E+03
 0.24995229768549E+03
 0.24722312324342E+03
 0.24450146939446E+03
 0.24178760671946E+03
 0.23908167078187E+03
 0.23638374780419E+03
 0.23369554844022E+03
 0.23101315505956E+03
 0.22833812013882E+03
 0.22566999006429E+03
 0.22300819618138E+03
 0.22035203604270E+03
 0.21770067068833E+03
 0.21505312059278E+03
 0.21240825829863E+03
 0.20976623040540E+03
 0.20712279165058E+03
 0.20447773988349E+03
 0.20182930724231E+03
 0.19917555318510E+03
 0.19651436638667E+03
 0.19384345258026E+03
 0.19116142568691E+03
 0.18846343539663E+03
 0.18574770106965E+03
 0.18301118520138E+03
 0.18025063561738E+03
 0.17746262247937E+03
 0.17464434579493E+03
 0.17179035574157E+03
 0.16889751396737E+03
 0.16596169731342E+03
 0.16297857777424E+03
 0.15994390482105E+03
 0.15685375243885E+03
 0.15370235098005E+03
 0.15048571915525E+03
 0.14719919843494E+03
 0.14383853238540E+03
 0.14039949043911E+03
 0.13687720260624E+03
 0.13326809340416E+03
 0.12956860648475E+03
 0.12577542753019E+03
 0.12188636602793E+03
 0.11789885639113E+03
 0.11381204203206E+03
 0.10962548679448E+03
 0.10534019521160E+03
 0.10095776563849E+03
 0.96481630378009E+02
 0.91916409364198E+02
 0.87268205839984E+02
 0.82544796080474E+02
 0.77755525505316E+02
 0.72911362673438E+02
 0.68024904014211E+02
 0.63110566109975E+02
 0.58183844205800E+02
 0.53261674153926E+02
 0.48361880377061E+02
 0.43503553722153E+02
 0.38705911391206E+02
 0.33988375460900E+02
 0.29370782017050E+02
 0.24872137458949E+02
 0.20510898975632E+02
 0.16304416430937E+02
 0.12269347814643E+02
 0.84203955890240E+01
 0.47706794498584E+01
 0.13320871766268E+01
-0.18858117474161E+01
-0.48753043655109E+01
-0.76300848152520E+01
-0.10146270180221E+02
-0.12421496922649E+02
-0.14455279933638E+02
-0.16248443573213E+02
-0.17803630705864E+02
-0.19124761807065E+02
-0.20217088252095E+02
-0.21086671670286E+02
-0.21740790920668E+02
-0.22187423454183E+02
-0.22435252064965E+02
-0.22493283809781E+02
-0.22371080248835E+02
-0.22078384074943E+02
-0.21625074506242E+02
-0.21021086045425E+02
-0.20276230948931E+02
-0.19400266696056E+02
-0.18402714486825E+02
-0.17292862498871E+02
-0.16079712030931E+02
-0.14771934398756E+02
-0.13377855874263E+02
-0.11905421393570E+02
-0.10362221693537E+02
-0.87554857866303E+01
-0.70920616445951E+01
-0.53784032275808E+01
-0.36206167102285E+01
-0.18244610841452E+01
 0.46206915767260E-02
 0.18615943448257E+01
 0.37416705985671E+01
 0.56403667255463E+01
 0.75534256426808E+01
 0.94771036738559E+01
 0.11407660727952E+02
 0.13341691500851E+02
 0.15276030653186E+02
 0.17207729566016E+02
 0.19134033888804E+02
 0.21052382387907E+02
 0.22960411345275E+02
 0.24855914087153E+02
 0.26736823443500E+02
 0.28601120466611E+02
 0.30447433222546E+02
 0.32273976160283E+02
 0.34079275901389E+02
 0.35861971272108E+02
 0.37620835162749E+02
 0.39354725683639E+02
 0.41062631126904E+02
 0.42743624892607E+02
 0.44396848894637E+02
 0.46021235973103E+02
 0.47616756237601E+02
 0.49182409921933E+02
 0.50717844005728E+02
 0.52222514301739E+02
 0.53696168733069E+02
 0.55137880505328E+02
 0.56547922485059E+02
 0.57925644625412E+02
 0.59271569150169E+02
 0.60585160651656E+02
 0.61866377720406E+02
 0.63115227890180E+02
 0.64331413260292E+02
 0.65515369618374E+02
 0.66666982383963E+02
 0.67785866264215E+02
 0.68873171521952E+02
 0.69928569919635E+02
 0.70952226453266E+02
 0.71944417357415E+02
 0.72905319370501E+02
 0.73835256792510E+02
 0.74734475652624E+02
 0.75602848328333E+02
 0.76441645491834E+02
 0.77250409418126E+02
 0.78030033912353E+02
 0.78780624770499E+02
 0.79502575451465E+02
 0.80196260335270E+02
 0.80862119558730E+02
 0.81499822074359E+02
 0.82111255636774E+02
 0.82696106496873E+02
 0.83254637419814E+02
 0.83787560230190E+02
 0.84295191996500E+02
 0.84777986367942E+02
 0.85236392370804E+02
 0.85670073451514E+02
 0.86081082442006E+02
 0.86469063373922E+02
 0.86834447721731E+02
 0.87177745426837E+02
 0.87499396593774E+02
 0.87799813749430E+02
 0.88079501583376E+02
 0.88338008306001E+02
 0.88577675515136E+02
 0.88797796175093E+02
 0.88998836941478E+02
 0.89181515778500E+02
 0.89346137641511E+02
 0.89493089748486E+02
 0.89622831991229E+02
 0.89734826550088E+02
