 0.44212983838527+250
 0.66492843043272+120
 0.35360346065150E+77
 0.81543072400208E+55
 0.84939359806072E+42
 0.18804262420073E+34
 0.12365675806029E+28
 0.28555382355645E+23
 0.70712583694740E+19
 0.92159845381897E+16
 0.40190283732834E+14
 0.43360997598916E+12
 0.93905120458910E+10
 0.35159035498368E+09
 0.20398168342814E+08
 0.16892042223781E+07
 0.18751117835371E+06
 0.26571193981949E+05
 0.46247399229149E+04
 0.95862498258758E+03
 0.23080657581595E+03
 0.63242940345118E+02
 0.19391078252914E+02
 0.65601189543781E+01
 0.24199325880533E+01
 0.96369160133198E+00
 0.41078235948602E+00
 0.18606209338495E+00
 0.13367458114649E+05
 0.67142520077794E+04
 0.70257307121605E+04
 0.52479988674948E+04
 0.39895247827794E+04
 0.30819455444668E+04
 0.24161344033813E+04
 0.19199584749592E+04
 0.15448023374283E+04
 0.12573484304402E+04
 0.10343466405033E+04
 0.85934920534722E+03
 0.72055033860097E+03
 0.60936019615261E+03
 0.51946318012466E+03
 0.44614708900010E+03
 0.38586680158402E+03
 0.33592633428651E+03
 0.29425580252711E+03
 0.25925152835178E+03
 0.22966064004030E+03
 0.20449556364102E+03
 0.18297533378405E+03
 0.16447323951429E+03
 0.14848576143591E+03
 0.13460514761307E+03
 0.12249919922895E+03
 0.11189567219144E+03
 0.10257025408207E+03
 0.94337058736996E+02
 0.87041324503188E+02
 0.80553583520174E+02
 0.74765028515322E+02
 0.69583535137296E+02
 0.64931814336182E+02
 0.60743314383055E+02
 0.56961406492195E+02
 0.53537530397199E+02
 0.50429904210732E+02
 0.47602443905737E+02
 0.45023879475900E+02
 0.42667047888591E+02
 0.40508261375407E+02
 0.38526810659226E+02
 0.36704535489605E+02
 0.35025471550299E+02
 0.33475544227637E+02
 0.32042316185826E+02
 0.30714777053230E+02
 0.29483139934392E+02
 0.28338695086026E+02
 0.27273675731985E+02
 0.26281057208351E+02
 0.25354771261019E+02
 0.24489162605185E+02
 0.23681477976487E+02
 0.22922730529556E+02
 0.22211016371934E+02
 0.21542641925627E+02
 0.20914264458658E+02
 0.20322836501192E+02
 0.19765586484613E+02
 0.19240001476347E+02
 0.18743785796052E+02
 0.18274833156593E+02
 0.17831222106559E+02
 0.17411185540199E+02
 0.17013107174701E+02
 0.16635496776319E+02
 0.16276940310246E+02
 0.15936256280614E+02
 0.15612229910994E+02
 0.15303776410378E+02
 0.15009890077547E+02
 0.14729636172913E+02
 0.14462147690357E+02
 0.14206611269065E+02
 0.13962274499566E+02
 0.13728420506282E+02
 0.13504389723074E+02
 0.13289557260514E+02
 0.13083308450930E+02
 0.12885142738371E+02
 0.12694508121934E+02
 0.12510904219868E+02
 0.12333860157920E+02
 0.12162931915909E+02
 0.11997683347794E+02
 0.11837702142151E+02
 0.11682597172029E+02
 0.11531988326860E+02
 0.11385607165420E+02
 0.11242917691663E+02
 0.11103663899809E+02
 0.10967518780694E+02
 0.10834160902189E+02
 0.10703278305902E+02
 0.10574568232037E+02
 0.10447735627822E+02
 0.10322494731145E+02
 0.10198552196373E+02
 0.10075666039091E+02
 0.99535594567025E+01
 0.98319796814553E+01
 0.97106825476074E+01
 0.95894328156675E+01
 0.94680062221596E+01
 0.93461789554682E+01
 0.92237768239115E+01
 0.91006000728168E+01
 0.89764791472450E+01
 0.88512583270485E+01
 0.87247993698483E+01
 0.85969748528453E+01
 0.84677016953954E+01
 0.83368905726907E+01
 0.82044819593729E+01
 0.80704386202839E+01
 0.79347439994174E+01
 0.77973969020057E+01
 0.76584385061061E+01
 0.75179114208427E+01
 0.73758986569446E+01
 0.72324644644107E+01
 0.70877271566013E+01
 0.69418225476181E+01
 0.67948905407389E+01
 0.66470895489434E+01
 0.64985913591520E+01
 0.63495767452324E+01
 0.62002452302982E+01
 0.60507958094651E+01
 0.59014355346778E+01
 0.57523745247300E+01
 0.56038331469174E+01
 0.54560255331094E+01
 0.53091683053412E+01
 0.51634751061404E+01
 0.50191629894572E+01
 0.48764391867154E+01
 0.47355083667165E+01
 0.45965674263050E+01
 0.44598113092720E+01
 0.43254224827164E+01
 0.41935766998281E+01
 0.40644391559871E+01
 0.39381682375978E+01
 0.38149081273712E+01
 0.36947915970587E+01
 0.35779414484135E+01
 0.34644648727999E+01
 0.33544560481530E+01
 0.32479936193834E+01
 0.31451431765813E+01
 0.30459531418891E+01
 0.29504558227288E+01
 0.28586686998712E+01
 0.27705919882356E+01
 0.26862100110716E+01
 0.26054926490245E+01
 0.25283941544773E+01
 0.24548551084799E+01
 0.23848030584098E+01
 0.23181548316397E+01
 0.22548163825244E+01
 0.21946853045261E+01
 0.21376519220266E+01
 0.20836014725772E+01
 0.20324146535739E+01
 0.19839696701487E+01
 0.19381432852031E+01
 0.18947964484607E+01
 0.18538384301234E+01
 0.18151330220263E+01
 0.17785623233378E+01
 0.17440116037583E+01
 0.17113700414191E+01
 0.16805307864399E+01
 0.16513914260559E+01
 0.16238541486759E+01
 0.15978258088235E+01
 0.15732179611101E+01
 0.15499468114212E+01
 0.15279331877607E+01
 0.15071023884090E+01
 0.14873840390081E+01
 0.14687119541928E+01
 0.14510239207689E+01
 0.14342615591860E+01
 0.14183700968879E+01
 0.14032980275062E+01
 0.13889975794739E+01
 0.13754234871962E+01
 0.13625335777031E+01
 0.13502883408283E+01
 0.13386507442229E+01
 0.13275861561996E+01
 0.13170621480357E+01
 0.13070483551340E+01
 0.12975163222563E+01
 0.12884393869450E+01
 0.12797925696639E+01
 0.12715524389211E+01
 0.12636970507156E+01
 0.12562057943142E+01
 0.12490593352484E+01
 0.12422395071336E+01
 0.12357292513224E+01
 0.12295125562941E+01
 0.12235743471116E+01
 0.12179004582063E+01
 0.12124775525745E+01
 0.12072930657985E+01
 0.12023351639633E+01
 0.11975927073994E+01
 0.11930552011483E+01
 0.11887127176680E+01
 0.11845559078089E+01
 0.11805759222467E+01
 0.11767644216436E+01
 0.11731135217551E+01
 0.11696157561960E+01
 0.11662640777985E+01
 0.11630517977680E+01
 0.11599725870748E+01
 0.11570204640153E+01
 0.11541897437131E+01
 0.11514750409338E+01
 0.11488712497242E+01
 0.11463735130929E+01
 0.11439772334332E+01
 0.11416780372158E+01
 0.11394717644403E+01
 0.11373544705606E+01
 0.11353223933396E+01
 0.11333719579040E+01
 0.11314997592071E+01
 0.11297025622237E+01
 0.11279772751869E+01
 0.11263209599686E+01
 0.11247308105757E+01
 0.11232041545110E+01
 0.11217384403115E+01
 0.11203312333111E+01
 0.11189802081867E+01
 0.11176831457387E+01
 0.11164379276555E+01
 0.11152425270143E+01
 0.11140950078704E+01
 0.11129935175209E+01
 0.11119362846352E+01
 0.11109216141575E+01
 0.11099478836761E+01
 0.11090135399937E+01
 0.11081170964208E+01
 0.11072571275273E+01
 0.11064322692227E+01
 0.11056412124435E+01
 0.11048827022131E+01
 0.11041555351181E+01
 0.11034585592350E+01
 0.11027906642934E+01
 0.11021507891355E+01
 0.11015379118056E+01
 0.11009510556490E+01
 0.11003892785325E+01
 0.10998516765460E+01
 0.10993373807913E+01
 0.10988455578108E+01
 0.10983754046377E+01
 0.10979261504804E+01
 0.10974970493489E+01
