 0.92107344900929E+02
 0.92107344900884E+02
 0.92107344900415E+02
 0.92107344901441E+02
 0.92107344920141E+02
 0.92107345003060E+02
 0.92107345228963E+02
 0.92107345644618E+02
 0.92107346015824E+02
 0.92107345258921E+02
 0.92107340521744E+02
 0.92107326039114E+02
 0.92107291983881E+02
 0.92107297485692E+02
 0.92107248256569E+02
 0.92107132272775E+02
 0.92107017384661E+02
 0.92106864107892E+02
 0.92106574357834E+02
 0.92106237804165E+02
 0.92105801656805E+02
 0.92105176476297E+02
 0.92104455646447E+02
 0.92103511854172E+02
 0.92102439668806E+02
 0.92101104064903E+02
 0.92099603970014E+02
 0.92097806213419E+02
 0.92095745655729E+02
 0.92093482372375E+02
 0.92090873843143E+02
 0.92087964464841E+02
 0.92084815337137E+02
 0.92081289099196E+02
 0.92077435533406E+02
 0.92073249728607E+02
 0.92068793858498E+02
 0.92063933893965E+02
 0.92058725546000E+02
 0.92053166889145E+02
 0.92047255179061E+02
 0.92041054363983E+02
 0.92034434855709E+02
 0.92027455104413E+02
 0.92020114415791E+02
 0.92012411019054E+02
 0.92004342950508E+02
 0.91995907945783E+02
 0.91987103317275E+02
 0.91977993066804E+02
 0.91968442158198E+02
 0.91958509120945E+02
 0.91948189242033E+02
 0.91937476088877E+02
 0.91926362157361E+02
 0.91914838781734E+02
 0.91902896039196E+02
 0.91890522595354E+02
 0.91877705812134E+02
 0.91864431450457E+02
 0.91850683649361E+02
 0.91836512118958E+02
 0.91821765085280E+02
 0.91806485933103E+02
 0.91790652039417E+02
 0.91774238201857E+02
 0.91757217105209E+02
 0.91739559234902E+02
 0.91721232811647E+02
 0.91702203676982E+02
 0.91682435250283E+02
 0.91661888448089E+02
 0.91640521589931E+02
 0.91618290320180E+02
 0.91595147533148E+02
 0.91571043297602E+02
 0.91545924740068E+02
 0.91519736007892E+02
 0.91492418165828E+02
 0.91463909289541E+02
 0.91434212927422E+02
 0.91403123810783E+02
 0.91370636792151E+02
 0.91336663480191E+02
 0.91301148106394E+02
 0.91263996525903E+02
 0.91225121654008E+02
 0.91184432294547E+02
 0.91141833289834E+02
 0.91097225300872E+02
 0.91050504385576E+02
 0.91001562112932E+02
 0.90950285549261E+02
 0.90896556828308E+02
 0.90840253205379E+02
 0.90781246652758E+02
 0.90719403922161E+02
 0.90654656739239E+02
 0.90586722071940E+02
 0.90515517333440E+02
 0.90440886788368E+02
 0.90362667833263E+02
 0.90280691412692E+02
 0.90194781640065E+02
 0.90104756016524E+02
 0.90010425109349E+02
 0.89911591247858E+02
 0.89808049909091E+02
 0.89699588900526E+02
 0.89586055358404E+02
 0.89467087809775E+02
 0.89342514036724E+02
 0.89212089529283E+02
 0.89075559972773E+02
 0.88932661433303E+02
 0.88783122824334E+02
 0.88626663413942E+02
 0.88462992668381E+02
 0.88291811124494E+02
 0.88112850481197E+02
 0.87925713298316E+02
 0.87730115023600E+02
 0.87525720845795E+02
 0.87312188794349E+02
 0.87089169213777E+02
 0.86856305191913E+02
 0.86613233505546E+02
 0.86359584830772E+02
 0.86095047371786E+02
 0.85819121690722E+02
 0.85531487349943E+02
 0.85231762088720E+02
 0.84919563678381E+02
 0.84594511668357E+02
 0.84256228319289E+02
 0.83904396811522E+02
 0.83538536498574E+02
 0.83158343967752E+02
 0.82763467160389E+02
 0.82353567205377E+02
 0.81928317579115E+02
 0.81487454680784E+02
 0.81030583463136E+02
 0.80557472433456E+02
 0.80067859821412E+02
 0.79561502263073E+02
 0.79038176772666E+02
 0.78497725792901E+02
 0.77939881381431E+02
 0.77364527180873E+02
 0.76771494393874E+02
 0.76160728088888E+02
 0.75532143069702E+02
 0.74885594808487E+02
 0.74221070499519E+02
 0.73538542658399E+02
 0.72838013398122E+02
 0.72119530992414E+02
 0.71383078046349E+02
 0.70628760930222E+02
 0.69856676118045E+02
 0.69066987070708E+02
 0.68259803594446E+02
 0.67435354721218E+02
 0.66593884641137E+02
 0.65735702227088E+02
 0.64861096480312E+02
 0.63970479285064E+02
 0.63064305186948E+02
 0.62143106975904E+02
 0.61207440124237E+02
 0.60257988460346E+02
 0.59295505872514E+02
 0.58320848006820E+02
 0.57334924943181E+02
 0.56338786388293E+02
 0.55333578843449E+02
 0.54320521552898E+02
 0.53300963125551E+02
 0.52276337560311E+02
 0.51248174245118E+02
 0.50218059882884E+02
 0.49187678577902E+02
 0.48158763723485E+02
 0.47133063660094E+02
 0.46112367581485E+02
 0.45098456445380E+02
 0.44093092429199E+02
 0.43097946676383E+02
 0.42114679690075E+02
 0.41144844813755E+02
 0.40189886268222E+02
 0.39251137437145E+02
 0.38329797880788E+02
 0.37426931649899E+02
 0.36543454670756E+02
 0.35680142854703E+02
 0.34837627399825E+02
 0.34016399102956E+02
 0.33216555887880E+02
 0.32438830197343E+02
 0.31683088808600E+02
 0.30949335975365E+02
 0.30237478893628E+02
 0.29547337521032E+02
 0.28878657278850E+02
 0.28231116684762E+02
 0.27604339380195E+02
 0.26997902340852E+02
 0.26411344306347E+02
 0.25844173291093E+02
 0.25295874932456E+02
 0.24765917414862E+02
 0.24253757368829E+02
 0.23758845422581E+02
 0.23280628180436E+02
 0.22818555252853E+02
 0.22372079284210E+02
 0.21940663452810E+02
 0.21523768316936E+02
 0.21120877063109E+02
 0.20731480513841E+02
 0.20355082428616E+02
 0.19991200719269E+02
 0.19639366964428E+02
 0.19299127786037E+02
 0.18970044740399E+02
 0.18651694392210E+02
 0.18343668531555E+02
 0.18045573809975E+02
 0.17757031186264E+02
 0.17477676733058E+02
 0.17207160443084E+02
 0.16945145437879E+02
 0.16691309387475E+02
 0.16445341891199E+02
 0.16206945936929E+02
 0.15975836222792E+02
 0.15751739533379E+02
 0.15534393796441E+02
 0.15323547409049E+02
 0.15118959388743E+02
 0.14920398933555E+02
 0.14727645262454E+02
 0.14540486507918E+02
 0.14358719550063E+02
 0.14182149059330E+02
 0.14010588694685E+02
 0.13843859784948E+02
 0.13681790809564E+02
 0.13524217452582E+02
 0.13370981563628E+02
 0.13221932331911E+02
 0.13076924876934E+02
 0.12935819988423E+02
 0.12798484154465E+02
 0.12664789474594E+02
 0.12534612731548E+02
 0.12407835886670E+02
 0.12284345759769E+02
 0.12164033664795E+02
 0.12046794921949E+02
 0.11932529148175E+02
 0.11821139777644E+02
 0.11712533905551E+02
 0.11606622459366E+02
 0.11503319513656E+02
 0.11402542521671E+02
 0.11304212435168E+02
 0.11208252725190E+02
 0.11114589807721E+02
 0.11023152949506E+02
 0.10933873938311E+02
 0.10846687151928E+02
 0.10761529411598E+02
 0.10678339663000E+02
 0.10597059386059E+02
 0.10517631890064E+02
 0.10440002593096E+02
 0.10364118807328E+02
 0.10289929812979E+02
 0.10217386626808E+02
 0.10146441972300E+02
 0.10077050123922E+02
 0.10009167237909E+02
 0.99427506657413E+01
 0.98777593359707E+01
 0.98141535255063E+01
 0.97518949019575E+01
 0.96909464267048E+01
 0.96312722503041E+01
 0.95728376660587E+01
 0.95156093317671E+01
 0.94595548031103E+01
 0.94046427495024E+01
 0.93508428175975E+01
 0.92981257111506E+01
 0.92464629822118E+01
 0.91958271389912E+01
 0.91461914312752E+01
