 0.64908541143723E+01
 0.64908541137208E+01
 0.64908541065119E+01
 0.64908540756200E+01
 0.64908539911109E+01
 0.64908538111276E+01
 0.64908534823001E+01
 0.64908529376264E+01
 0.64908520886213E+01
 0.64908508084724E+01
 0.64908489064830E+01
 0.64908460987456E+01
 0.64908419820747E+01
 0.64908317339002E+01
 0.64908189505881E+01
 0.64908019933723E+01
 0.64907741514745E+01
 0.64907345317626E+01
 0.64906852998491E+01
 0.64906174732918E+01
 0.64905301238050E+01
 0.64904243177074E+01
 0.64902904437906E+01
 0.64901316739614E+01
 0.64899383263707E+01
 0.64897141071081E+01
 0.64894492595477E+01
 0.64891476168298E+01
 0.64888034007495E+01
 0.64884095191653E+01
 0.64879708999429E+01
 0.64874817392011E+01
 0.64869354817372E+01
 0.64863374066709E+01
 0.64856820645775E+01
 0.64849674387781E+01
 0.64841877904280E+01
 0.64833491809745E+01
 0.64824467286464E+01
 0.64814791750112E+01
 0.64804455348767E+01
 0.64793410689454E+01
 0.64781727654560E+01
 0.64769366304842E+01
 0.64756323731939E+01
 0.64742599440461E+01
 0.64728194688692E+01
 0.64713112418570E+01
 0.64697357201054E+01
 0.64680894375385E+01
 0.64663810980003E+01
 0.64646077782170E+01
 0.64627704604012E+01
 0.64608702960242E+01
 0.64589085526026E+01
 0.64568866056016E+01
 0.64548059309693E+01
 0.64526681002181E+01
 0.64504747660889E+01
 0.64482276641323E+01
 0.64459286041114E+01
 0.64435752616715E+01
 0.64411778386659E+01
 0.64387343077948E+01
 0.64362466861444E+01
 0.64337170737195E+01
 0.64311476156299E+01
 0.64285404987506E+01
 0.64258979480254E+01
 0.64232222249248E+01
 0.64205156234588E+01
 0.64177804678909E+01
 0.64150191114565E+01
 0.64122339344844E+01
 0.64094273426376E+01
 0.64066017652108E+01
 0.64037596555101E+01
 0.64009034881960E+01
 0.63980357590775E+01
 0.63951589756564E+01
 0.63922711905671E+01
 0.63893838314546E+01
 0.63864951236240E+01
 0.63836080527545E+01
 0.63807244839502E+01
 0.63778474085345E+01
 0.63749794884780E+01
 0.63721234120122E+01
 0.63692818844861E+01
 0.63664576344039E+01
 0.63636534222932E+01
 0.63608720331506E+01
 0.63581162743503E+01
 0.63553889863338E+01
 0.63526930369492E+01
 0.63500313296268E+01
 0.63474067985361E+01
 0.63448177201989E+01
 0.63422763342332E+01
 0.63397811688191E+01
 0.63373352767735E+01
 0.63349417889683E+01
 0.63326038747145E+01
 0.63303247576101E+01
 0.63281076972679E+01
 0.63259559932623E+01
 0.63238730458189E+01
 0.63218622574168E+01
 0.63199270935017E+01
 0.63180664750992E+01
 0.63162930349783E+01
 0.63146060007716E+01
 0.63130090167658E+01
 0.63115058357831E+01
 0.63101002831907E+01
 0.63087961925166E+01
 0.63075974579609E+01
 0.63065080367246E+01
 0.63055319438051E+01
 0.63046692464964E+01
 0.63039317922148E+01
 0.63033198143959E+01
 0.63028374122154E+01
 0.63024886786249E+01
 0.63022777001012E+01
 0.63022085427099E+01
 0.63022852322897E+01
 0.63025117480419E+01
 0.63028875488508E+01
 0.63034251555799E+01
 0.63041239982588E+01
 0.63049876413617E+01
 0.63060194933259E+01
 0.63072227722146E+01
 0.63086004931599E+01
 0.63101512731173E+01
 0.63118858508658E+01
 0.63138024665954E+01
 0.63159031282987E+01
 0.63181894905585E+01
 0.63206628987005E+01
 0.63233205668302E+01
 0.63261706374914E+01
 0.63292098038861E+01
 0.63324380768483E+01
 0.63358551438460E+01
 0.63394604607720E+01
 0.63432495567806E+01
 0.63472282135572E+01
 0.63513917010386E+01
 0.63557390463956E+01
 0.63602676206634E+01
 0.63649729880904E+01
 0.63698597032874E+01
 0.63749231308285E+01
 0.63801618300647E+01
 0.63855743429707E+01
 0.63911570086265E+01
 0.63969147898350E+01
 0.64028448208159E+01
 0.64089474508653E+01
 0.64152211519927E+01
 0.64216725933897E+01
 0.64283019433544E+01
 0.64351125644476E+01
 0.64421065593529E+01
 0.64492939313988E+01
 0.64566789491532E+01
 0.64642691522575E+01
 0.64720714494628E+01
 0.64800998044868E+01
 0.64883635128125E+01
 0.64968749274590E+01
 0.65056457619065E+01
 0.65146938680433E+01
 0.65240328287650E+01
 0.65336770710615E+01
 0.65436457969327E+01
 0.65539540693848E+01
 0.65646182056205E+01
 0.65756528853963E+01
 0.65870757304009E+01
 0.65988989502842E+01
 0.66111336036721E+01
 0.66237920309809E+01
 0.66368807005194E+01
 0.66504037727007E+01
 0.66643645248949E+01
 0.66787616573468E+01
 0.66935902249934E+01
 0.67088417867576E+01
 0.67245065104497E+01
 0.67405694424665E+01
 0.67570133079678E+01
 0.67738175142077E+01
 0.67909607930782E+01
 0.68084180969722E+01
 0.68261632316454E+01
 0.68441682841803E+01
 0.68624058687786E+01
 0.68808461928400E+01
 0.68994601323253E+01
 0.69182184238411E+01
 0.69370921638188E+01
 0.69560533326093E+01
 0.69750741178716E+01
 0.69941279650249E+01
 0.70131892828344E+01
 0.70322336296313E+01
 0.70512378205035E+01
 0.70701799785582E+01
 0.70890394928164E+01
 0.71077970254927E+01
 0.71264345872292E+01
 0.71449353206820E+01
 0.71632838172228E+01
 0.71814656763949E+01
 0.71994678002851E+01
 0.72172779029329E+01
 0.72348855081837E+01
 0.72522802794508E+01
 0.72694531906058E+01
 0.72863962449312E+01
 0.73031018196355E+01
 0.73195635589308E+01
 0.73357756946779E+01
 0.73517331775920E+01
 0.73674316152422E+01
 0.73828671730198E+01
 0.73980366118442E+01
 0.74129372679954E+01
 0.74275668978230E+01
 0.74419237407797E+01
 0.74560067037663E+01
 0.74698145408592E+01
 0.74833468801930E+01
 0.74966034961573E+01
 0.75095845298087E+01
 0.75222903687605E+01
 0.75347216913933E+01
 0.75468794851294E+01
 0.75587649337341E+01
 0.75703795315517E+01
 0.75817248602661E+01
 0.75928024908600E+01
 0.76036144765712E+01
 0.76141629945441E+01
 0.76244503476189E+01
 0.76344788500769E+01
 0.76442509765408E+01
 0.76537693985964E+01
 0.76630369957082E+01
 0.76720563755540E+01
 0.76808304813196E+01
 0.76893623183038E+01
 0.76976549389919E+01
 0.77057113822971E+01
 0.77135348770824E+01
 0.77211286274544E+01
 0.77284958889643E+01
 0.77356398206036E+01
 0.77425637972257E+01
 0.77492711324049E+01
 0.77557651917008E+01
 0.77620493594006E+01
 0.77681269845392E+01
 0.77740014819610E+01
 0.77796762878228E+01
 0.77851546379429E+01
 0.77904399749512E+01
 0.77955357089124E+01
 0.78004451988900E+01
 0.78051718190956E+01
 0.78097189013043E+01
 0.78140897682903E+01
 0.78182877727013E+01
 0.78223161284237E+01
 0.78261781375810E+01
 0.78298770426826E+01
 0.78334160698101E+01
 0.78367984021729E+01
 0.78400272007407E+01
 0.78431055977490E+01
 0.78460367245784E+01
 0.78488235705022E+01
 0.78514692305889E+01
 0.78539766876798E+01
 0.78563489253972E+01
 0.78585888627022E+01
 0.78606993873807E+01
 0.78626833689959E+01
 0.78645436368270E+01
 0.78662829552920E+01
 0.78679040700322E+01
 0.78694096650452E+01
 0.78708024297508E+01
 0.78720849655047E+01
 0.78732599001396E+01
 0.78743297704013E+01
 0.78752971026583E+01
