 0.81642133471221E-01
 0.81642133471221E-01
 0.81642133471221E-01
 0.81642133471221E-01
 0.81642133471221E-01
 0.81642133471221E-01
 0.81642133471221E-01
 0.81642133471221E-01
 0.81642133471221E-01
 0.81642133471221E-01
 0.81642133471221E-01
 0.81642133471221E-01
 0.81642133471221E-01
 0.81641882447427E-01
 0.81641631173897E-01
 0.81641331810286E-01
 0.81640646367540E-01
 0.81639584043518E-01
 0.81638338542370E-01
 0.81636454915194E-01
 0.81633953442890E-01
 0.81630973705473E-01
 0.81627033068882E-01
 0.81622398653862E-01
 0.81616588337027E-01
 0.81609903608899E-01
 0.81601862459740E-01
 0.81592776223040E-01
 0.81582396909276E-01
 0.81570402672086E-01
 0.81557169524226E-01
 0.81542449105073E-01
 0.81525951020031E-01
 0.81508066340433E-01
 0.81488563542968E-01
 0.81467406363845E-01
 0.81444341634149E-01
 0.81419786991286E-01
 0.81393527536829E-01
 0.81365550071387E-01
 0.81335850380620E-01
 0.81304205808167E-01
 0.81271048287160E-01
 0.81236180969356E-01
 0.81199608976084E-01
 0.81161342993258E-01
 0.81121395525847E-01
 0.81079780477290E-01
 0.81036512840603E-01
 0.80991384583291E-01
 0.80944848847168E-01
 0.80896711468077E-01
 0.80846986128205E-01
 0.80795688674152E-01
 0.80742834390469E-01
 0.80688437747571E-01
 0.80632512191407E-01
 0.80575069900625E-01
 0.80516121737243E-01
 0.80455676934877E-01
 0.80393742970345E-01
 0.80330105783222E-01
 0.80265201638086E-01
 0.80198820494941E-01
 0.80130959479597E-01
 0.80061614977856E-01
 0.79990780764590E-01
 0.79918447846457E-01
 0.79844604349730E-01
 0.79769235358544E-01
 0.79692322827560E-01
 0.79613845458767E-01
 0.79533778568327E-01
 0.79452093969752E-01
 0.79368759858551E-01
 0.79283740691394E-01
 0.79196997050389E-01
 0.79108485549997E-01
 0.79018158705118E-01
 0.78925964866386E-01
 0.78831630266795E-01
 0.78735524671137E-01
 0.78637371300847E-01
 0.78537087146987E-01
 0.78434618859475E-01
 0.78329876774281E-01
 0.78222775791158E-01
 0.78113225446361E-01
 0.78001129905781E-01
 0.77886387780653E-01
 0.77768891668765E-01
 0.77648528186527E-01
 0.77525177927087E-01
 0.77398715034467E-01
 0.77269007195426E-01
 0.77135915203432E-01
 0.76999292973044E-01
 0.76858773071985E-01
 0.76714617391435E-01
 0.76566449656591E-01
 0.76414093166545E-01
 0.76257363750364E-01
 0.76096068837067E-01
 0.75930007226805E-01
 0.75758969082159E-01
 0.75582735461199E-01
 0.75401078159848E-01
 0.75213759219772E-01
 0.75020531139734E-01
 0.74820929539132E-01
 0.74615093326186E-01
 0.74402544501373E-01
 0.74182994381573E-01
 0.73956143347438E-01
 0.73721680328851E-01
 0.73479285205339E-01
 0.73228626569828E-01
 0.72969361168881E-01
 0.72701135695205E-01
 0.72423358397618E-01
 0.72136099320426E-01
 0.71838758924439E-01
 0.71530942703911E-01
 0.71212249009646E-01
 0.70882268187680E-01
 0.70540583332809E-01
 0.70186771658709E-01
 0.69820405089467E-01
 0.69440854783576E-01
 0.69048074950364E-01
 0.68641443139836E-01
 0.68220527263352E-01
 0.67784899672442E-01
 0.67334139482354E-01
 0.66867834285335E-01
 0.66385396391591E-01
 0.65886799735682E-01
 0.65371497190718E-01
 0.64839134785633E-01
 0.64289383093317E-01
 0.63721937292123E-01
 0.63136346284448E-01
 0.62532699021069E-01
 0.61910617172771E-01
 0.61269921339509E-01
 0.60610468305839E-01
 0.59932156199020E-01
 0.59234760812654E-01
 0.58518579970867E-01
 0.57783484884667E-01
 0.57029510917084E-01
 0.56256845147783E-01
 0.55465469038181E-01
 0.54655887989268E-01
 0.53828223074578E-01
 0.52982786618080E-01
 0.52119947360473E-01
 0.51239981472230E-01
 0.50343628126243E-01
 0.49431287664038E-01
 0.48503539299251E-01
 0.47560911868163E-01
 0.46604347882169E-01
 0.45634505747534E-01
 0.44652226685788E-01
 0.43658309494188E-01
 0.42653948860405E-01
 0.41640096048466E-01
 0.40617888883086E-01
 0.39588440592236E-01
 0.38553243346694E-01
 0.37513578445114E-01
 0.36470905383747E-01
 0.35426670731080E-01
 0.34382666681356E-01
 0.33340491721514E-01
 0.32301812534246E-01
 0.31268586839572E-01
 0.30242581168478E-01
 0.29225664022041E-01
 0.28219639775187E-01
 0.27226517361660E-01
 0.26248068952414E-01
 0.25286022794027E-01
 0.24342212248415E-01
 0.23418199226994E-01
 0.22515433001504E-01
 0.21635397816204E-01
 0.20779223674669E-01
 0.19947977075885E-01
 0.19142484131690E-01
 0.18363525914704E-01
 0.17611567851638E-01
 0.16886936683998E-01
 0.16189748625521E-01
 0.15520067359348E-01
 0.14877690392826E-01
 0.14262313215718E-01
 0.13673474917766E-01
 0.13110693872874E-01
 0.12573315921677E-01
 0.12060628617363E-01
 0.11571861304139E-01
 0.11106172264189E-01
 0.10662757372794E-01
 0.10240717103812E-01
 0.98391644238335E-02
 0.94572096086450E-02
 0.90939678320280E-02
 0.87485658218221E-02
 0.84201471429525E-02
 0.81078772498108E-02
 0.78109460977771E-02
 0.75285711170822E-02
 0.72599992057902E-02
 0.70045072734162E-02
 0.67614042296354E-02
 0.65300301434953E-02
 0.63097581899316E-02
 0.60999872940995E-02
 0.59001523945847E-02
 0.57097161645911E-02
 0.55281898371013E-02
 0.53550524148427E-02
 0.51898694773562E-02
 0.50322119396477E-02
 0.48816749166648E-02
 0.47378765326386E-02
 0.46004567998292E-02
 0.44690764629655E-02
 0.43434157159692E-02
 0.42231734870612E-02
 0.41080660878437E-02
 0.39978460306247E-02
 0.38922214536549E-02
 0.37909753164474E-02
 0.36938842810737E-02
 0.36007377168901E-02
 0.35113372350856E-02
 0.34254957671786E-02
 0.33430367961671E-02
 0.32637938920582E-02
 0.31876101890596E-02
 0.31143573692363E-02
 0.30438558618321E-02
 0.29759937484119E-02
 0.29106461616827E-02
 0.28476954324567E-02
 0.27870302282283E-02
 0.27285450849225E-02
 0.26721407427525E-02
 0.26177426061286E-02
 0.25652212933663E-02
 0.25145126706194E-02
 0.24655367356516E-02
 0.24182176384257E-02
 0.23724835141076E-02
 0.23282661018101E-02
 0.22855007024371E-02
 0.22441459732290E-02
 0.22041031880450E-02
 0.21653371683906E-02
 0.21277956470977E-02
 0.20914284400471E-02
 0.20561879301039E-02
 0.20220288903183E-02
 0.19889082016686E-02
 0.19568048356509E-02
 0.19256394339206E-02
 0.18953950583232E-02
 0.18660361494872E-02
 0.18375291981156E-02
 0.18098417712164E-02
 0.17829430825696E-02
 0.17568037655857E-02
 0.17314156358898E-02
 0.17067117600132E-02
 0.16826867040772E-02
 0.16593160804555E-02
 0.16365763136892E-02
 0.16144453487710E-02
 0.15929016049172E-02
 0.15719245778513E-02
 0.15515144443626E-02
 0.15316124433068E-02
 0.15122206183343E-02
 0.14933218163654E-02
 0.14748994835799E-02
 0.14569375881067E-02
 0.14394212409099E-02
 0.14223356639551E-02
 0.14056866098295E-02
 0.13894207606568E-02
 0.13735451448188E-02
 0.13580474735474E-02
 0.13429158108652E-02
 0.13281386864976E-02
 0.13137050716932E-02
 0.12996041871365E-02
 0.12858459616289E-02
