 0.10893712363211E+00
 0.10893712363193E+00
 0.10893712362771E+00
 0.10893712359943E+00
 0.10893712349875E+00
 0.10893712324873E+00
 0.10893712275576E+00
 0.10893712195399E+00
 0.10893712095019E+00
 0.10893712035517E+00
 0.10893712183016E+00
 0.10893712877837E+00
 0.10893714704520E+00
 0.10893699927914E+00
 0.10893688372338E+00
 0.10893678064253E+00
 0.10893645820293E+00
 0.10893594494827E+00
 0.10893540870703E+00
 0.10893453802978E+00
 0.10893337505132E+00
 0.10893205081012E+00
 0.10893023503842E+00
 0.10892815271560E+00
 0.10892547259100E+00
 0.10892244273864E+00
 0.10891872932457E+00
 0.10891458421864E+00
 0.10890984302619E+00
 0.10890428533512E+00
 0.10889820468653E+00
 0.10889143048466E+00
 0.10888375974177E+00
 0.10887549060375E+00
 0.10886645938049E+00
 0.10885664474890E+00
 0.10884586375113E+00
 0.10883442577092E+00
 0.10882217232176E+00
 0.10880909183605E+00
 0.10879517764424E+00
 0.10878026121951E+00
 0.10876465275723E+00
 0.10874819886893E+00
 0.10873089303705E+00
 0.10871273113041E+00
 0.10869370866745E+00
 0.10867382047861E+00
 0.10865306041409E+00
 0.10863125779435E+00
 0.10860872275493E+00
 0.10858529090877E+00
 0.10856094774081E+00
 0.10853567832594E+00
 0.10850946527683E+00
 0.10848228848976E+00
 0.10845412492172E+00
 0.10842494823002E+00
 0.10839472901913E+00
 0.10836343416099E+00
 0.10833102673701E+00
 0.10829730695850E+00
 0.10826254301997E+00
 0.10822653251028E+00
 0.10818922018171E+00
 0.10815054731954E+00
 0.10811045032065E+00
 0.10806886047775E+00
 0.10802570383416E+00
 0.10798090092497E+00
 0.10793436668740E+00
 0.10788601028301E+00
 0.10783573489066E+00
 0.10778343753776E+00
 0.10772900894091E+00
 0.10767233334716E+00
 0.10761328828018E+00
 0.10755174447508E+00
 0.10748756566123E+00
 0.10742060880263E+00
 0.10735056626892E+00
 0.10727758871479E+00
 0.10720135790697E+00
 0.10712166842560E+00
 0.10703839315767E+00
 0.10695131596028E+00
 0.10686023745888E+00
 0.10676494930226E+00
 0.10666523448755E+00
 0.10656086692421E+00
 0.10645161051911E+00
 0.10633721951667E+00
 0.10621743855966E+00
 0.10609200178160E+00
 0.10596063303534E+00
 0.10582304506539E+00
 0.10567893977518E+00
 0.10552785380462E+00
 0.10536977026349E+00
 0.10520420565870E+00
 0.10503081514288E+00
 0.10484924112347E+00
 0.10465911331785E+00
 0.10446004810470E+00
 0.10425164926993E+00
 0.10403350753550E+00
 0.10380519783131E+00
 0.10356628279000E+00
 0.10331631123817E+00
 0.10305466411639E+00
 0.10278116217691E+00
 0.10249516215741E+00
 0.10219615698771E+00
 0.10188362377741E+00
 0.10155702400828E+00
 0.10121580977728E+00
 0.10085941870584E+00
 0.10048727425646E+00
 0.10009878843315E+00
 0.99693153600547E-01
 0.99270167609156E-01
 0.98829019072522E-01
 0.98369082446362E-01
 0.97889729527380E-01
 0.97390328704696E-01
 0.96870246964050E-01
 0.96328853085464E-01
 0.95765519228571E-01
 0.95179468566417E-01
 0.94570398617942E-01
 0.93937565490644E-01
 0.93280391677904E-01
 0.92598322890724E-01
 0.91890832710051E-01
 0.91157425771858E-01
 0.90397488818762E-01
 0.89610896891838E-01
 0.88797133865750E-01
 0.87955871111791E-01
 0.87086838749866E-01
 0.86189824293784E-01
 0.85264526808661E-01
 0.84311147565722E-01
 0.83329530181149E-01
 0.82319728242795E-01
 0.81281867028296E-01
 0.80216147278833E-01
 0.79122700920934E-01
 0.78002162971397E-01
 0.76854825970992E-01
 0.75681133238380E-01
 0.74481785072733E-01
 0.73257239563978E-01
 0.72008494032542E-01
 0.70736217523107E-01
 0.69441278440402E-01
 0.68124627425168E-01
 0.66787133337267E-01
 0.65430133240621E-01
 0.64054656483162E-01
 0.62661914355800E-01
 0.61253085256627E-01
 0.59829761346758E-01
 0.58393266824820E-01
 0.56945115934364E-01
 0.55486784967399E-01
 0.54020150306523E-01
 0.52546853655514E-01
 0.51068729750308E-01
 0.49587583208313E-01
 0.48105610718466E-01
 0.46624788325386E-01
 0.45147271335078E-01
 0.43675190842256E-01
 0.42211030024933E-01
 0.40757051907074E-01
 0.39315568935674E-01
 0.37889179680530E-01
 0.36480247314597E-01
 0.35091208137706E-01
 0.33724385947905E-01
 0.32382280090344E-01
 0.31067088093987E-01
 0.29780901036316E-01
 0.28525863990292E-01
 0.27303770737922E-01
 0.26116227867320E-01
 0.24964822554279E-01
 0.23850682505263E-01
 0.22774820096410E-01
 0.21737925223660E-01
 0.20740586964688E-01
 0.19783004675928E-01
 0.18865186007845E-01
 0.17986876278122E-01
 0.17147733704302E-01
 0.16347107929868E-01
 0.15584222425673E-01
 0.14858122785875E-01
 0.14167825439621E-01
 0.13512166180900E-01
 0.12889920761869E-01
 0.12299812584142E-01
 0.11740500922790E-01
 0.11210700157709E-01
 0.10709040672903E-01
 0.10234184029085E-01
 0.97848088594849E-02
 0.93596192926237E-02
 0.89573521937542E-02
 0.85767827481393E-02
 0.82167297171120E-02
 0.78760576750040E-02
 0.75536793719391E-02
 0.72485573863183E-02
 0.69597032315812E-02
 0.66861793185722E-02
 0.64270964672732E-02
 0.61816157205915E-02
 0.59489383598286E-02
 0.57283176887781E-02
 0.55190479529190E-02
 0.53204839867927E-02
 0.51319628281730E-02
 0.49529167912191E-02
 0.47827946140342E-02
 0.46210787754891E-02
 0.44672836084673E-02
 0.43209535772288E-02
 0.41816613812718E-02
 0.40490060920644E-02
 0.39226120178151E-02
 0.38021267398775E-02
 0.36872378122889E-02
 0.35775983381745E-02
 0.34729360283437E-02
 0.33729781694552E-02
 0.32774686421089E-02
 0.31861671882772E-02
 0.30988481736024E-02
 0.30152995393290E-02
 0.29353221389448E-02
 0.28587288881183E-02
 0.27853616582602E-02
 0.27150195223965E-02
 0.26475648772089E-02
 0.25828510989343E-02
 0.25207404473952E-02
 0.24611031758985E-02
 0.24038168439923E-02
 0.23487664175987E-02
 0.22958603697748E-02
 0.22449609404763E-02
 0.21959892395036E-02
 0.21488539003345E-02
 0.21034686122051E-02
 0.20597518936289E-02
 0.20176265731224E-02
 0.19770197533510E-02
 0.19378798064889E-02
 0.19001065492845E-02
 0.18636556451231E-02
 0.18284688711918E-02
 0.17944906091845E-02
 0.17616682266498E-02
 0.17299518804648E-02
 0.16992941987294E-02
 0.16696673009466E-02
 0.16409941569434E-02
 0.16132515614697E-02
 0.15864009188635E-02
 0.15604058894562E-02
 0.15352315037501E-02
 0.15108446372412E-02
 0.14872137732122E-02
 0.14643256924941E-02
 0.14421178475789E-02
 0.14205800675304E-02
 0.13996864563722E-02
 0.13794121021666E-02
 0.13597336627523E-02
 0.13406284604886E-02
 0.13220749753948E-02
 0.13040693062319E-02
 0.12865582388086E-02
 0.12695398732240E-02
 0.12529963817376E-02
 0.12369106146868E-02
 0.12212660437158E-02
 0.12060472645298E-02
 0.11912391159986E-02
 0.11768437820770E-02
 0.11628141135531E-02
 0.11491536425367E-02
 0.11358498476695E-02
 0.11228906053738E-02
 0.11102643085375E-02
 0.10979598022521E-02
 0.10859662575207E-02
 0.10742902372988E-02
