 0.10000000133514E-09
 0.10000000133514E-09
 0.10000000133514E-09
 0.10000000133514E-09
 0.10000000133514E-09
 0.10000000133514E-09
 0.10000000133514E-09
 0.10000000133514E-09
 0.10000000133514E-09
 0.10000000133514E-09
 0.10000000133514E-09
 0.10000000133514E-09
 0.10000000133514E-09
 0.10000000133514E-09
 0.10000000133514E-09
 0.10000000133514E-09
 0.10000000133514E-09
 0.10000000133514E-09
 0.10000000133514E-09
 0.10000000133514E-09
 0.10000000133514E-09
 0.10000000133514E-09
 0.10000000133514E-09
 0.10000000133514E-09
 0.10000000133514E-09
 0.10000000133514E-09
 0.10000000133514E-09
 0.10000000133514E-09
 0.14960225385925E-03
 0.14960225385925E-03
 0.25702090246545E-03
 0.32845131367852E-03
 0.41357043948367E-03
 0.51379639849690E-03
 0.63054162993127E-03
 0.76520464633569E-03
 0.91916201605173E-03
 0.10937653596345E-02
 0.12903317228751E-02
 0.15101443794515E-02
 0.17544507829906E-02
 0.20244590274565E-02
 0.23213444919096E-02
 0.26462420129451E-02
 0.30002521338757E-02
 0.33844426695698E-02
 0.37998510682410E-02
 0.42474842803650E-02
 0.47283228141871E-02
 0.52433210518534E-02
 0.57934195261027E-02
 0.63795317213046E-02
 0.70025541966186E-02
 0.76633673384482E-02
 0.83628391170319E-02
 0.91018259470492E-02
 0.98811777898992E-02
 0.10701731478964E-01
 0.11564316945481E-01
 0.12469759030657E-01
 0.13418878768612E-01
 0.14412488511294E-01
 0.15451416824047E-01
 0.16536475728870E-01
 0.17668479863408E-01
 0.18848244971358E-01
 0.20076592312755E-01
 0.21354345826389E-01
 0.22682330610057E-01
 0.24061384342044E-01
 0.25492348110937E-01
 0.26976071789755E-01
 0.28513412774498E-01
 0.30105240090673E-01
 0.31752432230239E-01
 0.33455880532954E-01
 0.35216498873902E-01
 0.37035206909041E-01
 0.38912941523633E-01
 0.40850660419658E-01
 0.42849332862697E-01
 0.44909950158030E-01
 0.47033540791959E-01
 0.49225313025624E-01
 0.51478509526443E-01
 0.53797906825532E-01
 0.56184629837264E-01
 0.58639844709133E-01
 0.61164713726424E-01
 0.63760424661512E-01
 0.66428230888666E-01
 0.69169411140928E-01
 0.71985249309921E-01
 0.74877084008217E-01
 0.77846266808264E-01
 0.80894210483923E-01
 0.84022348088915E-01
 0.87232130403447E-01
 0.90525104634270E-01
 0.93902780574594E-01
 0.97366722182720E-01
 0.10091852635607E+00
 0.10455981716908E+00
 0.10829226764700E+00
 0.11211754037381E+00
 0.11603737168145E+00
 0.12005342439415E+00
 0.12416747079326E+00
 0.12838125131396E+00
 0.13269650154038E+00
 0.13711500276165E+00
 0.14163847535468E+00
 0.14626860161054E+00
 0.15100708503561E+00
 0.15585564703191E+00
 0.16081581171027E+00
 0.16588909982509E+00
 0.17107700450553E+00
 0.17638087756095E+00
 0.18180375693420E+00
 0.18734343332495E+00
 0.19300241390594E+00
 0.19878156030940E+00
 0.20468147540414E+00
 0.21070254848287E+00
 0.21684493646342E+00
 0.22310852832001E+00
 0.22949294205946E+00
 0.23599744918990E+00
 0.24262100167440E+00
 0.24936215754084E+00
 0.25621911979907E+00
 0.26318966359437E+00
 0.27027110380046E+00
 0.27746031278091E+00
 0.28475368793676E+00
 0.29214730293577E+00
 0.29963653351873E+00
 0.30721644995097E+00
 0.31488157409152E+00
 0.32262599362070E+00
 0.33044341008454E+00
 0.33832713974995E+00
 0.34627006112493E+00
 0.35426476330830E+00
 0.36230358831841E+00
 0.37037860782992E+00
 0.37848169947292E+00
 0.38660469692607E+00
 0.39473930293867E+00
 0.40287812658669E+00
 0.41101120045590E+00
 0.41913129102089E+00
 0.42723040959631E+00
 0.43530085037026E+00
 0.44333513228197E+00
 0.45132602062313E+00
 0.45926675080085E+00
 0.46715078725161E+00
 0.47497200647370E+00
 0.48272470635251E+00
 0.49040351298292E+00
 0.49800352427165E+00
 0.50552019090271E+00
 0.51294938651796E+00
 0.52028738623904E+00
 0.52753090466531E+00
 0.53467700255775E+00
 0.54172309059052E+00
 0.54866694218848E+00
 0.55550667919210E+00
 0.56224073077439E+00
 0.56886781641850E+00
 0.57538696592795E+00
 0.58179747596786E+00
 0.58809889378515E+00
 0.59429103341190E+00
 0.60037391219878E+00
 0.60634779983091E+00
 0.61221320874811E+00
 0.61797081291319E+00
 0.62362155342180E+00
 0.62916649522435E+00
 0.63460687709530E+00
 0.63994416083743E+00
 0.64517992007773E+00
 0.65031592559272E+00
 0.65535383930680E+00
 0.66029610432896E+00
 0.66514460020140E+00
 0.66990153236975E+00
 0.67456915647592E+00
 0.67914979748303E+00
 0.68364583273768E+00
 0.68805964608358E+00
 0.69239361228527E+00
 0.69665010609228E+00
 0.70083145854837E+00
 0.70493997894636E+00
 0.70897798722929E+00
 0.71294753412270E+00
 0.71685080953067E+00
 0.72068986651272E+00
 0.72446668052822E+00
 0.72818314295639E+00
 0.73184106824784E+00
 0.73544219368242E+00
 0.73898817508715E+00
 0.74248059096265E+00
 0.74592094499364E+00
 0.74931066697492E+00
 0.75265111402706E+00
 0.75594358333598E+00
 0.75918930348327E+00
 0.76238944635840E+00
 0.76554513292052E+00
 0.76865741864232E+00
 0.77172731743516E+00
 0.77475573648928E+00
 0.77774372403990E+00
 0.78069209163595E+00
 0.78360169291706E+00
 0.78647332944716E+00
 0.78930777601257E+00
 0.79210577593154E+00
 0.79486804772670E+00
 0.79759528397082E+00
 0.80028814760436E+00
 0.80294727671381E+00
 0.80557328972032E+00
 0.80816678379033E+00
 0.81072834009628E+00
 0.81325851603013E+00
 0.81575785499170E+00
 0.81822688529323E+00
 0.82066611680933E+00
 0.82307604908517E+00
 0.82545716437449E+00
 0.82780993373425E+00
 0.83013481508293E+00
 0.83243225608961E+00
 0.83470269217054E+00
 0.83694654869828E+00
 0.83916424074661E+00
 0.84135617487978E+00
 0.84352274642451E+00
 0.84566434453277E+00
 0.84778134629336E+00
 0.84987412350295E+00
 0.85194303838898E+00
 0.85398844787291E+00
 0.85601069947940E+00
 0.85801013437565E+00
 0.85998708769349E+00
 0.86194188607513E+00
 0.86387485139694E+00
 0.86578629910514E+00
 0.86767653781706E+00
 0.86954587344199E+00
 0.87139460121328E+00
 0.87322301358024E+00
 0.87503139967467E+00
 0.87682003910806E+00
 0.87858920890154E+00
 0.88033918157058E+00
 0.88207022477350E+00
 0.88378260039595E+00
 0.88547656643884E+00
 0.88715237536317E+00
 0.88881027674727E+00
 0.89045051548505E+00
 0.89207333163051E+00
 0.89367896171525E+00
 0.89526763841549E+00
 0.89683959052181E+00
 0.89839504297773E+00
 0.89993421672561E+00
 0.90145732904589E+00
 0.90296459395826E+00
 0.90445622218651E+00
 0.90593242019361E+00
 0.90739339146957E+00
 0.90883933664881E+00
 0.91027045294827E+00
 0.91168693432944E+00
 0.91308897135673E+00
 0.91447675179672E+00
 0.91585046056803E+00
 0.91721027986668E+00
 0.91855638851251E+00
 0.91988896284444E+00
 0.92120817628562E+00
 0.92251419947319E+00
 0.92380720056242E+00
 0.92508734515096E+00
 0.92635479610887E+00
 0.92760971412499E+00
 0.92885225696601E+00
 0.93008258053745E+00
 0.93130083730210E+00
