 0.00000000000000E+00
 0.00000000000000E+00
 0.00000000000000E+00
 0.00000000000000E+00
 0.10850394210524E-35
 0.23060666602043E-31
 0.28437478165335E-28
 0.59177418888227E-26
 0.37605524973363E-24
 0.10416675613389E-22
 0.15773914141265E-21
 0.15186244088756E-20
 0.10319421976699E-19
 0.53331221883426E-19
 0.22141367792468E-18
 0.76941242146368E-18
 0.23093447076451E-17
 0.61349477919025E-17
 0.14707890085483E-16
 0.32331713395737E-16
 0.66108006746391E-16
 0.12773455929423E-15
 0.23880264748822E-15
 0.44994974348647E-15
 0.90848257771980E-15
 0.20757283763837E-14
 0.53585377873682E-14
 0.14778274845851E-13
 0.50391774129258E-09
 0.71127326111163E-09
 0.19569081907057E-08
 0.36198162021262E-08
 0.64526307792073E-08
 0.11121596123377E-07
 0.18589048508755E-07
 0.30209476565760E-07
 0.47845267395263E-07
 0.74002972849848E-07
 0.11199185853442E-06
 0.16610450125646E-06
 0.24182037113050E-06
 0.34603247318487E-06
 0.48729444273938E-06
 0.67609374898557E-06
 0.92514256127845E-06
 0.12496914219268E-05
 0.16678626063380E-05
 0.22010013032360E-05
 0.28740461946617E-05
 0.37159230029706E-05
 0.47599264274422E-05
 0.60441680373806E-05
 0.76119888688414E-05
 0.95124091856724E-05
 0.11800588275973E-04
 0.14538292893509E-04
 0.17794383101824E-04
 0.21645288514341E-04
 0.26175511783783E-04
 0.31478135354657E-04
 0.37655334914132E-04
 0.44818966200399E-04
 0.53090838585012E-04
 0.62603608997681E-04
 0.73501075529862E-04
 0.85938777536346E-04
 0.10008455755068E-03
 0.11611909574145E-03
 0.13423644658490E-03
 0.15464465551989E-03
 0.17756626665088E-03
 0.20323891593687E-03
 0.23191588686780E-03
 0.26386671141652E-03
 0.29937773168480E-03
 0.33875271271345E-03
 0.38231353721914E-03
 0.43040064132419E-03
 0.48337373549615E-03
 0.54161247886961E-03
 0.60551803576325E-03
 0.67550985927111E-03
 0.75203238990121E-03
 0.83562831844556E-03
 0.92664803948264E-03
 0.10256694530697E-02
 0.11332314004188E-02
 0.12498987957656E-02
 0.13762624947117E-02
 0.15129406714937E-02
 0.16605806989110E-02
 0.18198592141425E-02
 0.19914824480757E-02
 0.21761885797267E-02
 0.23747475947249E-02
 0.25879638153349E-02
 0.28166758446682E-02
 0.30617620602067E-02
 0.33241272543029E-02
 0.36047247083440E-02
 0.39045441442938E-02
 0.42246164455538E-02
 0.45660149137485E-02
 0.49298577091965E-02
 0.53173068684008E-02
 0.57295737909851E-02
 0.61679137194250E-02
 0.66336365307230E-02
 0.71281014334391E-02
 0.76527295180445E-02
 0.82089712279047E-02
 0.87983565579444E-02
 0.94224624719041E-02
 0.10082926960785E-01
 0.10781451338383E-01
 0.11519786615949E-01
 0.12299748026838E-01
 0.13123216099076E-01
 0.13992128555269E-01
 0.14908653530161E-01
 0.15874541176701E-01
 0.16892051105444E-01
 0.17963364962284E-01
 0.19090713710179E-01
 0.20276381173723E-01
 0.21522701341290E-01
 0.22832052351529E-01
 0.24206855166937E-01
 0.25649585553430E-01
 0.27162681126204E-01
 0.28748663610347E-01
 0.30410049869363E-01
 0.32149358390951E-01
 0.33969097593907E-01
 0.35871759291762E-01
 0.37859834034827E-01
 0.39935709969338E-01
 0.42101773486738E-01
 0.44360344448602E-01
 0.46713655286167E-01
 0.49163852646000E-01
 0.51713023179373E-01
 0.54363052872760E-01
 0.57115788415446E-01
 0.59972923758454E-01
 0.62936023906180E-01
 0.66006501210478E-01
 0.69185653843766E-01
 0.72474536804162E-01
 0.75874136084935E-01
 0.79385451975988E-01
 0.83008728791913E-01
 0.86744673276931E-01
 0.90593518156937E-01
 0.94555448895291E-01
 0.98630446790064E-01
 0.10281830473109E+00
 0.10711871283531E+00
 0.11153105463544E+00
 0.11605462033983E+00
 0.12068849299340E+00
 0.12543152991096E+00
 0.13028230082353E+00
 0.13523918937232E+00
 0.14030027856033E+00
 0.14546339175037E+00
 0.15072595406949E+00
 0.15608511017503E+00
 0.16153757048984E+00
 0.16707966396336E+00
 0.17270717110322E+00
 0.17841546774524E+00
 0.18419936516057E+00
 0.19005315545402E+00
 0.19597047289944E+00
 0.20194443162920E+00
 0.20796755208993E+00
 0.21403167537893E+00
 0.22012814584897E+00
 0.22624774888056E+00
 0.23238079523583E+00
 0.23851711418274E+00
 0.24464623525697E+00
 0.25075743456829E+00
 0.25683982342404E+00
 0.26288253080499E+00
 0.26887481231893E+00
 0.27480602271940E+00
 0.28066626871299E+00
 0.28644579382215E+00
 0.29213559431583E+00
 0.29772732785113E+00
 0.30321347627653E+00
 0.30858736380120E+00
 0.31384320289359E+00
 0.31897607381409E+00
 0.32398199107675E+00
 0.32885783479994E+00
 0.33360134836617E+00
 0.33821225828867E+00
 0.34268749131607E+00
 0.34702816944720E+00
 0.35123488266521E+00
 0.35530877342295E+00
 0.35925146048371E+00
 0.36306499104186E+00
 0.36675176544184E+00
 0.37031447702210E+00
 0.37375606020317E+00
 0.37707963991086E+00
 0.38028848726966E+00
 0.38338597392014E+00
 0.38637554322906E+00
 0.38926067513228E+00
 0.39204485966557E+00
 0.39473157889212E+00
 0.39732427668350E+00
 0.39982635278716E+00
 0.40224113168533E+00
 0.40457191086410E+00
 0.40682186111544E+00
 0.40899408281511E+00
 0.41109158207161E+00
 0.41311727657450E+00
 0.41507398239783E+00
 0.41696441903855E+00
 0.41879120767568E+00
 0.42055687181597E+00
 0.42226383807396E+00
 0.42391443796813E+00
 0.42551091124966E+00
 0.42705540465138E+00
 0.42854997724020E+00
 0.42999660250526E+00
 0.43139717272913E+00
 0.43275349848647E+00
 0.43406731209579E+00
 0.43534027304309E+00
 0.43657396831932E+00
 0.43776991688901E+00
 0.43892957326797E+00
 0.44005432854701E+00
 0.44114551210675E+00
 0.44220439466517E+00
 0.44323219555559E+00
 0.44423007831777E+00
 0.44519915960320E+00
 0.44614050438926E+00
 0.44705513303386E+00
 0.44794402290735E+00
 0.44880810838527E+00
 0.44964828559618E+00
 0.45046541233998E+00
 0.45126030865505E+00
 0.45203376136404E+00
 0.45278652419310E+00
 0.45351931902511E+00
 0.45423283879218E+00
 0.45492774713901E+00
 0.45560467966984E+00
 0.45626424729903E+00
 0.45690703543742E+00
 0.45753360586487E+00
 0.45814449790778E+00
 0.45874022966195E+00
 0.45932129784701E+00
 0.45988818035628E+00
 0.46044133558068E+00
 0.46098120424225E+00
 0.46150821001734E+00
 0.46202276027527E+00
 0.46252524656044E+00
 0.46301604572541E+00
 0.46349552018290E+00
 0.46396401848848E+00
 0.46442187643372E+00
 0.46486941706695E+00
 0.46530695160012E+00
 0.46573477978527E+00
 0.46615319052159E+00
 0.46656246194286E+00
 0.46696286225337E+00
 0.46735465003392E+00
 0.46773807472984E+00
 0.46811337668920E+00
 0.46848078793633E+00
 0.46884053239595E+00
 0.46919282620189E+00
 0.46953787787713E+00
 0.46987588892829E+00
 0.47020705384761E+00
 0.47053156070234E+00
 0.47084959075325E+00
 0.47116131957579E+00
 0.47146691682969E+00
 0.47176654651737E+00
 0.47206036713325E+00
 0.47234853205292E+00
 0.47263118965572E+00
 0.47290848380401E+00
