                  NaN
                  NaN
                  NaN
                  NaN
 0.10000000133514E-09
 0.10000000133514E-09
 0.10000000133514E-09
 0.10000000133514E-09
 0.10000000133514E-09
 0.10000000133517E-09
 0.10000000133562E-09
 0.10000000133993E-09
 0.10000000137675E-09
 0.10000000177956E-09
 0.10000000690179E-09
 0.10000006284285E-09
 0.10000054156470E-09
 0.10000378321366E-09
 0.10002166829027E-09
 0.10010441434386E-09
 0.10043346231338E-09
 0.10158158473694E-09
 0.10515770518905E-09
 0.11524485837210E-09
 0.14132566119939E-09
 0.20377175250000E-09
 0.34344639591547E-09
 0.63747441050090E-09
 0.15032967510126E-04
 0.15038410614055E-04
 0.29979327884576E-04
 0.40994588762496E-04
 0.55014148226458E-04
 0.72579574481965E-04
 0.94277156351098E-04
 0.12073602861886E-03
 0.15262585058792E-03
 0.19065505076774E-03
 0.23556784869683E-03
 0.28814291746837E-03
 0.34919167139892E-03
 0.41955630016866E-03
 0.50010991973367E-03
 0.59175403832032E-03
 0.69541893916436E-03
 0.81206339142453E-03
 0.94267471791183E-03
 0.10882684066024E-02
 0.12498888786676E-02
 0.14286095624131E-02
 0.16255359316323E-02
 0.18418025918271E-02
 0.20785758743939E-02
 0.23370544067264E-02
 0.26184705599304E-02
 0.29240911117309E-02
 0.32552193070129E-02
 0.36131931047533E-02
 0.39993875299713E-02
 0.44152156964038E-02
 0.48621296785954E-02
 0.53416198683295E-02
 0.58552215606826E-02
 0.64045075600699E-02
 0.69910927571874E-02
 0.76166345048991E-02
 0.82828347546337E-02
 0.89914392294033E-02
 0.97442369824544E-02
 0.10543065529638E-01
 0.11389807184881E-01
 0.12286391698080E-01
 0.13234795844530E-01
 0.14237045510373E-01
 0.15295215032115E-01
 0.16411429094134E-01
 0.17587867690625E-01
 0.18826758145511E-01
 0.20130381019746E-01
 0.21501072406546E-01
 0.22941226099464E-01
 0.24453273587672E-01
 0.26039729998453E-01
 0.27705691038064E-01
 0.29449055947151E-01
 0.31274723522815E-01
 0.33185443227714E-01
 0.35184035681549E-01
 0.37273365906476E-01
 0.39456361073448E-01
 0.41736036295956E-01
 0.44115470602499E-01
 0.46597793180359E-01
 0.49186217121439E-01
 0.51884011484009E-01
 0.54694533936652E-01
 0.57621203773432E-01
 0.60667521532309E-01
 0.63837040817238E-01
 0.67133397141157E-01
 0.70560291979736E-01
 0.74121497063011E-01
 0.77820849918810E-01
 0.81662268661704E-01
 0.85649708095999E-01
 0.89787222397183E-01
 0.94078847938038E-01
 0.98528745996191E-01
 0.10314108945812E+00
 0.10792011813369E+00
 0.11287002912629E+00
 0.11799510229090E+00
 0.12329957500666E+00
 0.12878771786963E+00
 0.13446382989100E+00
 0.14033204488445E+00
 0.14639648727771E+00
 0.15266125292967E+00
 0.15913028946813E+00
 0.16580911253362E+00
 0.17269826696438E+00
 0.17980266977998E+00
 0.18712563670006E+00
 0.19467016080508E+00
 0.20243893942987E+00
 0.21043433852332E+00
 0.21865833067375E+00
 0.22711248160745E+00
 0.23579791958495E+00
 0.24471506286750E+00
 0.25386392785916E+00
 0.26324387727126E+00
 0.27285358684628E+00
 0.28269098663917E+00
 0.29275325166288E+00
 0.30303682227081E+00
 0.31353723995290E+00
 0.32424917510680E+00
 0.33516652183656E+00
 0.34628220816683E+00
 0.35758829209011E+00
 0.36907607868021E+00
 0.38073581439423E+00
 0.39255707372563E+00
 0.40452861953096E+00
 0.41663853587795E+00
 0.42887419184215E+00
 0.44122243570633E+00
 0.45366946409054E+00
 0.46620118810677E+00
 0.47880414070585E+00
 0.49146160209422E+00
 0.50415975186395E+00
 0.51688343245526E+00
 0.52961777378196E+00
 0.54234788752959E+00
 0.55505896829499E+00
 0.56773663359917E+00
 0.58036647096313E+00
 0.59293456813799E+00
 0.60542735382412E+00
 0.61783154873454E+00
 0.63013422430342E+00
 0.64232290639222E+00
 0.65438548608015E+00
 0.66631032838273E+00
 0.67808612388242E+00
 0.68970204052576E+00
 0.70114755311238E+00
 0.71241257489654E+00
 0.72348727340326E+00
 0.73436228823469E+00
 0.74502856198138E+00
 0.75547745456185E+00
 0.76570060753919E+00
 0.77569014490233E+00
 0.78543863377755E+00
 0.79493899892098E+00
 0.80418478212957E+00
 0.81317008448166E+00
 0.82188963347060E+00
 0.83033881588271E+00
 0.83851380028004E+00
 0.84641155615399E+00
 0.85402992301336E+00
 0.86136767702345E+00
 0.86842457958355E+00
 0.87520116760496E+00
 0.88169953946554E+00
 0.88792220451630E+00
 0.89387284011930E+00
 0.89955598866931E+00
 0.90497706973285E+00
 0.91014227366443E+00
 0.91505846971835E+00
 0.91973308582670E+00
 0.92417406322920E+00
 0.92838971294058E+00
 0.93238864664306E+00
 0.93618040197001E+00
 0.93977238651633E+00
 0.94317425901027E+00
 0.94639489199111E+00
 0.94944304611382E+00
 0.95232731003198E+00
 0.95505606858394E+00
 0.95763745947336E+00
 0.96007934391769E+00
 0.96238928797125E+00
 0.96457454781218E+00
 0.96664206098217E+00
 0.96859843956424E+00
 0.97044997463565E+00
 0.97220263573177E+00
 0.97386207816698E+00
 0.97543365316557E+00
 0.97692241065660E+00
 0.97833311712656E+00
 0.97967025740838E+00
 0.98093807592505E+00
 0.98214054358625E+00
 0.98328140351218E+00
 0.98436417138271E+00
 0.98539215336744E+00
 0.98636845328597E+00
 0.98729598683579E+00
 0.98817749184716E+00
 0.98901553875412E+00
 0.98981254102097E+00
 0.99057076501030E+00
 0.99129233949178E+00
 0.99197926323693E+00
 0.99263341406711E+00
 0.99325655643502E+00
 0.99385034919994E+00
 0.99441635118762E+00
 0.99495602809878E+00
 0.99547075886728E+00
 0.99596184067800E+00
 0.99643049460704E+00
 0.99687787075794E+00
 0.99730505220826E+00
 0.99771305916724E+00
 0.99810285302960E+00
 0.99847534119282E+00
 0.99883137888172E+00
 0.99917177393005E+00
 0.99949728816259E+00
 0.99980864128298E+00
 0.10001065134927E+01
 0.10003915473189E+01
 0.10006643507365E+01
 0.10009254986797E+01
 0.10011755348784E+01
 0.10014149743864E+01
 0.10016443048559E+01
 0.10018639882089E+01
 0.10020744625418E+01
 0.10022761428553E+01
 0.10024694228867E+01
 0.10026546763322E+01
 0.10028322576820E+01
 0.10030025037475E+01
 0.10031657343657E+01
 0.10033222535616E+01
 0.10034723500681E+01
 0.10036162987565E+01
 0.10037543608543E+01
 0.10038867851143E+01
 0.10040138081716E+01
 0.10041356554510E+01
 0.10042525416499E+01
 0.10043646713809E+01
 0.10044722396445E+01
 0.10045754323250E+01
 0.10046744267729E+01
 0.10047693921290E+01
 0.10048604898940E+01
 0.10049478742124E+01
 0.10050316922484E+01
 0.10051120846478E+01
 0.10051891857561E+01
 0.10052631239652E+01
 0.10053340220598E+01
 0.10054019974433E+01
 0.10054671624241E+01
 0.10055296244759E+01
 0.10055894864689E+01
 0.10056468467138E+01
 0.10057017997980E+01
 0.10057544358845E+01
 0.10058048416000E+01
 0.10058530997541E+01
 0.10058992899370E+01
 0.10059434883578E+01
 0.10059857681478E+01
 0.10060261994016E+01
 0.10060648494452E+01
 0.10061017828259E+01
 0.10061370616332E+01
