-0.00000000000000E+00
-0.44441287912260E-04
-0.24563911864231E-02
-0.30888041804715E-01
-0.18780753601152E+00
-0.74518074206722E+00
-0.22392308530984E+01
-0.55264020889305E+01
-0.11719970259057E+02
-0.21883789767400E+02
-0.36352356721020E+02
-0.53594548894533E+02
-0.68628722812823E+02
-0.33536426896471E+03
-0.57193476977104E+03
-0.80101160485031E+03
-0.13394887362028E+04
-0.21257395268435E+04
-0.28892835168125E+04
-0.40272629413786E+04
-0.54207898636526E+04
-0.68096021026147E+04
-0.85729943598439E+04
-0.10286032434658E+05
-0.12298491455290E+05
-0.14104081291782E+05
-0.16063486876600E+05
-0.17638215843111E+05
-0.18887044399108E+05
-0.19937606028659E+05
-0.20195958719715E+05
-0.19665463997827E+05
-0.18447191112629E+05
-0.15902692620569E+05
-0.12047212831481E+05
-0.66901556437796E+04
 0.13032442559948E+03
 0.90803334617604E+04
 0.20158660640267E+05
 0.33573865996206E+05
 0.49541177503182E+05
 0.68043488531111E+05
 0.89748287073678E+05
 0.11465881044573E+06
 0.14298781962975E+06
 0.17495087098008E+06
 0.21076301133975E+06
 0.25063902516099E+06
 0.29479195310881E+06
 0.34320016814287E+06
 0.39653513051748E+06
 0.45478891857847E+06
 0.51817234983558E+06
 0.58689984038070E+06
 0.66118737264159E+06
 0.74125294886753E+06
 0.82731720926321E+06
 0.91960536314311E+06
 0.10183444150733E+07
 0.11237674999334E+07
 0.12361134788641E+07
 0.13553982969255E+07
 0.14823273000109E+07
 0.16169410224938E+07
 0.17595085285240E+07
 0.19103115257168E+07
 0.20696427922361E+07
 0.22378081269248E+07
 0.24151269574370E+07
 0.26019347391961E+07
 0.27985830248742E+07
 0.30054406927072E+07
 0.32228962252440E+07
 0.34513588055007E+07
 0.36912598488314E+07
 0.39430546858016E+07
 0.42072239285468E+07
 0.44842759880176E+07
 0.47747482662578E+07
 0.50792101956536E+07
 0.53980374899458E+07
 0.57323124215274E+07
 0.60824905086219E+07
 0.64492897979323E+07
 0.68334588255543E+07
 0.72358039378667E+07
 0.76571746792198E+07
 0.80984725705563E+07
 0.85606526776422E+07
 0.90447248921687E+07
 0.95517615821343E+07
 0.10082898973386E+08
 0.10639340721051E+08
 0.11222362206930E+08
 0.11833314695781E+08
 0.12473629715701E+08
 0.13144823722544E+08
 0.13848289422655E+08
 0.14586157561881E+08
 0.15360016757499E+08
 0.16171770958578E+08
 0.17023441276755E+08
 0.17917167161875E+08
 0.18855211677931E+08
 0.19839972534622E+08
 0.20873988339322E+08
 0.21959936554094E+08
 0.23100646903477E+08
 0.24299126867279E+08
 0.25558339475810E+08
 0.26882053769384E+08
 0.28273610057046E+08
 0.29736744408529E+08
 0.31275427804237E+08
 0.32893841479469E+08
 0.34596408530656E+08
 0.36387773368648E+08
 0.38272862753696E+08
 0.40256872241227E+08
 0.42345082539747E+08
 0.44543653149907E+08
 0.46858474048849E+08
 0.49295953204286E+08
 0.51862838243277E+08
 0.54566231301567E+08
 0.57413599430033E+08
 0.60412792425405E+08
 0.63572056165186E+08
 0.66899864885381E+08
 0.70405650087012E+08
 0.74098752324010E+08
 0.77989130534877E+08
 0.82087204787216E+08
 0.86403863484340E+08
 0.90950473475927E+08
 0.95738727274270E+08
 0.10078128589459E+09
 0.10609083785782E+09
 0.11168072221234E+09
 0.11756477791960E+09
 0.12375734681743E+09
 0.13027312306497E+09
 0.13712770099674E+09
 0.14433675521770E+09
 0.15191655746636E+09
 0.15988385572882E+09
 0.16825582070966E+09
 0.17704992995030E+09
 0.18628444095306E+09
 0.19597764507406E+09
 0.20614832027595E+09
 0.21681557542449E+09
 0.22799878773258E+09
 0.23971785735574E+09
 0.25199273164322E+09
 0.26484368984732E+09
 0.27829120074845E+09
 0.29235585820162E+09
 0.30705875360703E+09
 0.32242074898515E+09
 0.33846306952182E+09
 0.35520679396838E+09
 0.37267345434439E+09
 0.39088430909358E+09
 0.40986075151476E+09
 0.42962414466933E+09
 0.45019597644030E+09
 0.47159756225621E+09
 0.49385016558591E+09
 0.51697492707648E+09
 0.54099299898519E+09
 0.56592529118867E+09
 0.59179255924228E+09
 0.61861536381716E+09
 0.64641412943005E+09
 0.67520897856200E+09
 0.70501978725147E+09
 0.73586623958390E+09
 0.76776766506894E+09
 0.80074311391880E+09
 0.83481139299484E+09
 0.86999097965628E+09
 0.90630006395084E+09
 0.94375655531701E+09
 0.98237812376452E+09
 0.10221821484626E+10
 0.10631857682528E+10
 0.11054060018048E+10
 0.11488597974143E+10
 0.11935637603086E+10
 0.12395346290061E+10
 0.12867890174506E+10
 0.13353435500901E+10
 0.13852149170487E+10
 0.14364198898188E+10
 0.14889753432245E+10
 0.15428983100286E+10
 0.15982059881456E+10
 0.16549157792366E+10
 0.17130452720969E+10
 0.17726123040885E+10
 0.18336349197337E+10
 0.18961314155721E+10
 0.19601202426097E+10
 0.20256202179833E+10
 0.20926503695164E+10
 0.21612299460810E+10
 0.22313784064485E+10
 0.23031154449617E+10
 0.23764609720202E+10
 0.24514351340486E+10
 0.25280582398737E+10
 0.26063508084814E+10
 0.26863335842638E+10
 0.27680274427454E+10
 0.28514534935068E+10
 0.29366329599674E+10
 0.30235872461899E+10
 0.31123379461936E+10
 0.32029067669053E+10
 0.32953156097105E+10
 0.33895864365051E+10
 0.34857414104567E+10
 0.35838028386440E+10
 0.36837931558679E+10
 0.37857348857073E+10
 0.38896506717603E+10
 0.39955633107540E+10
 0.41034957226913E+10
 0.42134709155314E+10
 0.43255120682763E+10
 0.44396423570805E+10
 0.45558851290109E+10
 0.46742638914641E+10
 0.47948021749433E+10
 0.49175237064570E+10
 0.50424521800360E+10
 0.51696115058501E+10
 0.52990255999002E+10
 0.54307185146042E+10
 0.55647144915649E+10
 0.57010378406885E+10
 0.58397128566627E+10
 0.59807638783526E+10
 0.61242155113685E+10
 0.62700923456151E+10
 0.64184192789456E+10
 0.65692210185674E+10
 0.67225224559388E+10
 0.68783486391495E+10
 0.70367245601522E+10
 0.71976755422494E+10
 0.73612268285189E+10
 0.75274036971106E+10
 0.76962316237186E+10
 0.78677361549329E+10
 0.80419428660042E+10
 0.82188775748639E+10
 0.83985660668665E+10
 0.85810341458889E+10
 0.87663078215469E+10
 0.89544131397041E+10
 0.91453762434714E+10
 0.93392233666787E+10
 0.95359808914538E+10
 0.97356751475700E+10
 0.99383327086624E+10
 0.10143980096070E+11
 0.10352643959837E+11
 0.10564351058472E+11
 0.10779128244018E+11
 0.10997002420546E+11
 0.11218000629994E+11
 0.11442149972099E+11
 0.11669477583239E+11
 0.11900010740074E+11
 0.12133776805399E+11
 0.12370803205211E+11
 0.12611117464833E+11
 0.12854747231199E+11
 0.13101720163419E+11
 0.13352064041625E+11
 0.13605806731949E+11
 0.13862976169673E+11
 0.14123600444716E+11
 0.14387707623889E+11
 0.14655325934832E+11
 0.14926483688238E+11
 0.15201209259215E+11
 0.15479531112558E+11
 0.15761477798268E+11
 0.16047077937060E+11
 0.16336360292425E+11
 0.16629353636626E+11
 0.16926086900479E+11
 0.17226589066549E+11
 0.17530889192313E+11
 0.17839016411675E+11
 0.18150999981464E+11
 0.18466869255734E+11
