 0.65713351819439E+01
 0.65713351819439E+01
 0.65713351819455E+01
 0.65713351819643E+01
 0.65713351820678E+01
 0.65713351824354E+01
 0.65713351834207E+01
 0.65713351855887E+01
 0.65713351896735E+01
 0.65713351963767E+01
 0.65713352059190E+01
 0.65713352172906E+01
 0.65713352272059E+01
 0.65713354031231E+01
 0.65713355591459E+01
 0.65713357102265E+01
 0.65713360653626E+01
 0.65713365839102E+01
 0.65713370874822E+01
 0.65713378380016E+01
 0.65713387570595E+01
 0.65713396730080E+01
 0.65713408359993E+01
 0.65713419657810E+01
 0.65713432930366E+01
 0.65713444838580E+01
 0.65713457761238E+01
 0.65713468146880E+01
 0.65713476383145E+01
 0.65713483311802E+01
 0.65713485015688E+01
 0.65713481516973E+01
 0.65713473482228E+01
 0.65713456700769E+01
 0.65713431273135E+01
 0.65713395942308E+01
 0.65713350959924E+01
 0.65713291932886E+01
 0.65713218869178E+01
 0.65713130393307E+01
 0.65713025085804E+01
 0.65712903059488E+01
 0.65712759912149E+01
 0.65712595622436E+01
 0.65712408787148E+01
 0.65712197984650E+01
 0.65711961796666E+01
 0.65711698806652E+01
 0.65711407609564E+01
 0.65711088348034E+01
 0.65710736593655E+01
 0.65710352398670E+01
 0.65709934372697E+01
 0.65709481101620E+01
 0.65708991160995E+01
 0.65708463113054E+01
 0.65707895502631E+01
 0.65707286844429E+01
 0.65706635641308E+01
 0.65705940355699E+01
 0.65705199412266E+01
 0.65704412705849E+01
 0.65703575584555E+01
 0.65702687781051E+01
 0.65701747520809E+01
 0.65700752945912E+01
 0.65699702125432E+01
 0.65698593042565E+01
 0.65697423590625E+01
 0.65696191557219E+01
 0.65694894623788E+01
 0.65693530357510E+01
 0.65692096196267E+01
 0.65690589441418E+01
 0.65689007247696E+01
 0.65687346612107E+01
 0.65685604364921E+01
 0.65683777153071E+01
 0.65681861432286E+01
 0.65679853447048E+01
 0.65677750719455E+01
 0.65675546111709E+01
 0.65673236619581E+01
 0.65670817507413E+01
 0.65668283838466E+01
 0.65665630294729E+01
 0.65662851273294E+01
 0.65659940828455E+01
 0.65656892661370E+01
 0.65653700111607E+01
 0.65650356106692E+01
 0.65646853152997E+01
 0.65643183312183E+01
 0.65639338172862E+01
 0.65635308823180E+01
 0.65631085821934E+01
 0.65626659167805E+01
 0.65622019675624E+01
 0.65617153292712E+01
 0.65612049541830E+01
 0.65606695866068E+01
 0.65601078935802E+01
 0.65595184640949E+01
 0.65588998056164E+01
 0.65582503368088E+01
 0.65575683834115E+01
 0.65568521795866E+01
 0.65560998590761E+01
 0.65553094383889E+01
 0.65544789633494E+01
 0.65536059482026E+01
 0.65526881899502E+01
 0.65517232245821E+01
 0.65507084331599E+01
 0.65496410580782E+01
 0.65485181822194E+01
 0.65473367425050E+01
 0.65460934896413E+01
 0.65447849970592E+01
 0.65434077820294E+01
 0.65419577822422E+01
 0.65404311131440E+01
 0.65388235485562E+01
 0.65371306382885E+01
 0.65353476983451E+01
 0.65334698040618E+01
 0.65314917783460E+01
 0.65294081828821E+01
 0.65272134287479E+01
 0.65249012956862E+01
 0.65224656234213E+01
 0.65198998438408E+01
 0.65171970847089E+01
 0.65143501649133E+01
 0.65113515877970E+01
 0.65081936419224E+01
 0.65048679771052E+01
 0.65013662250209E+01
 0.64976795883093E+01
 0.64937989399082E+01
 0.64897148210982E+01
 0.64854175407978E+01
 0.64808968142420E+01
 0.64761423037260E+01
 0.64711432777240E+01
 0.64658886906157E+01
 0.64603672179897E+01
 0.64545673330698E+01
 0.64484769946805E+01
 0.64420841393191E+01
 0.64353763825566E+01
 0.64283411217269E+01
 0.64209655771837E+01
 0.64132366243901E+01
 0.64051411076838E+01
 0.63966656525064E+01
 0.63877967593016E+01
 0.63785208460244E+01
 0.63688240024888E+01
 0.63586924697894E+01
 0.63481122495061E+01
 0.63370694397952E+01
 0.63255498398739E+01
 0.63135394293879E+01
 0.63010240990434E+01
 0.62879897594887E+01
 0.62744222390498E+01
 0.62603074797900E+01
 0.62456314580407E+01
 0.62303802311368E+01
 0.62145398487562E+01
 0.61980965204311E+01
 0.61810365574720E+01
 0.61633463997189E+01
 0.61450125768087E+01
 0.61260218175764E+01
 0.61063610133905E+01
 0.60860171822166E+01
 0.60649775758697E+01
 0.60432296303668E+01
 0.60207609422195E+01
 0.59975593252525E+01
 0.59736127827780E+01
 0.59489095031753E+01
 0.59234378327316E+01
 0.58971863095492E+01
 0.58701436302310E+01
 0.58422985706356E+01
 0.58136399530345E+01
 0.57841568259597E+01
 0.57538381500348E+01
 0.57226729680431E+01
 0.56906503158399E+01
 0.56577591859659E+01
 0.56239885172980E+01
 0.55893271805637E+01
 0.55537639423269E+01
 0.55172874602308E+01
 0.54798862575438E+01
 0.54415487341155E+01
 0.54022631258612E+01
 0.53620175320699E+01
 0.53207998858202E+01
 0.52785980183173E+01
 0.52353995192959E+01
 0.51911918395390E+01
 0.51459622840436E+01
 0.50996980193740E+01
 0.50523860567308E+01
 0.50040132648208E+01
 0.49545663566879E+01
 0.49040319382684E+01
 0.48523964768947E+01
 0.47996462912396E+01
 0.47457676134915E+01
 0.46907465214740E+01
 0.46345690179323E+01
 0.45772209864733E+01
 0.45186881854244E+01
 0.44589562986480E+01
 0.43980108817571E+01
 0.43358374504573E+01
 0.42724213877114E+01
 0.42077479815702E+01
 0.41418024358489E+01
 0.40745698958123E+01
 0.40060354275701E+01
 0.39361839962402E+01
 0.38650004856381E+01
 0.37924697215702E+01
 0.37185764170370E+01
 0.36433052869169E+01
 0.35666409333681E+01
 0.34885678528088E+01
 0.34090705264173E+01
 0.33281333057732E+01
 0.32457405642057E+01
 0.31618765324957E+01
 0.30765254375787E+01
 0.29896714164205E+01
 0.29012984812158E+01
 0.28113905991119E+01
 0.27199317472929E+01
 0.26269058738070E+01
 0.25322967507791E+01
 0.24360881606919E+01
 0.23382636829304E+01
 0.22388070226139E+01
 0.21377017633450E+01
 0.20349313854245E+01
 0.19304794061769E+01
 0.18243291243951E+01
 0.17164638917816E+01
 0.16068670369083E+01
 0.14955217580627E+01
 0.13824112067754E+01
 0.12675185156743E+01
 0.11508266573352E+01
 0.10323186258184E+01
 0.91197740296885E+00
 0.78978583494244E+00
 0.66572674398896E+00
 0.53978288822185E+00
 0.41193696592344E+00
 0.28217157757089E+00
 0.15046935817008E+00
 0.16812781895317E-01
-0.11881564258894E+00
-0.25643349150087E+00
-0.39605841259523E+00
-0.53770811531174E+00
-0.68140034340563E+00
-0.82715293155694E+00
-0.97498375256634E+00
-0.11249107033986E+01
-0.12769517735383E+01
-0.14311250092768E+01
-0.15874484985897E+01
-0.17459403949591E+01
-0.19066189320715E+01
-0.20695023516443E+01
-0.22346089752121E+01
-0.24019571810254E+01
-0.25715653929445E+01
-0.27434521368123E+01
-0.29176359232328E+01
-0.30941353688805E+01
-0.32729691452037E+01
-0.34541559661346E+01
-0.36377146047549E+01
-0.38236638903424E+01
-0.40120226988108E+01
-0.42028100002392E+01
-0.43960447704895E+01
-0.45917460899942E+01
-0.47899330733152E+01
-0.49906248844193E+01
-0.51938407376790E+01
-0.53995999285388E+01
-0.56079218165641E+01
