 0.13343248026524E+01
 0.13343248026502E+01
 0.13343248025986E+01
 0.13343248022521E+01
 0.13343248010190E+01
 0.13343247979566E+01
 0.13343247919184E+01
 0.13343247820978E+01
 0.13343247698027E+01
 0.13343247625145E+01
 0.13343247805812E+01
 0.13343248656868E+01
 0.13343250894295E+01
 0.13343273821410E+01
 0.13343300734810E+01
 0.13343337036157E+01
 0.13343409569850E+01
 0.13343520330800E+01
 0.13343658218926E+01
 0.13343859448936E+01
 0.13344125876194E+01
 0.13344450747721E+01
 0.13344872518703E+01
 0.13345375106843E+01
 0.13345996789428E+01
 0.13346718709611E+01
 0.13347578847028E+01
 0.13348557220423E+01
 0.13349674335666E+01
 0.13350955955546E+01
 0.13352376660666E+01
 0.13353956335595E+01
 0.13355717827200E+01
 0.13357633850496E+01
 0.13359722474809E+01
 0.13361987279026E+01
 0.13364447617500E+01
 0.13367073262249E+01
 0.13369880335082E+01
 0.13372869935813E+01
 0.13376042315304E+01
 0.13379413787790E+01
 0.13382951869026E+01
 0.13386670516916E+01
 0.13390568551761E+01
 0.13394644189099E+01
 0.13398895317674E+01
 0.13403319525396E+01
 0.13407914112470E+01
 0.13412693010901E+01
 0.13417620058813E+01
 0.13422707664899E+01
 0.13427952350463E+01
 0.13433350232791E+01
 0.13438897221774E+01
 0.13444589028869E+01
 0.13450421173071E+01
 0.13456388975367E+01
 0.13462487596318E+01
 0.13468712002597E+01
 0.13475056980115E+01
 0.13481534214676E+01
 0.13488104534780E+01
 0.13494778581825E+01
 0.13501550572256E+01
 0.13508414406760E+01
 0.13515363806588E+01
 0.13522392312395E+01
 0.13529493284354E+01
 0.13536659896465E+01
 0.13543885139469E+01
 0.13551161818817E+01
 0.13558482550659E+01
 0.13565839759842E+01
 0.13573225678832E+01
 0.13580632347592E+01
 0.13588051603991E+01
 0.13595475090609E+01
 0.13602894248947E+01
 0.13610300359898E+01
 0.13617702171782E+01
 0.13625055419758E+01
 0.13632367935704E+01
 0.13639628399397E+01
 0.13646830279043E+01
 0.13653961982919E+01
 0.13661013225123E+01
 0.13667973469560E+01
 0.13674831969279E+01
 0.13681577739144E+01
 0.13688199514597E+01
 0.13694685784801E+01
 0.13701024802491E+01
 0.13707204536194E+01
 0.13713212694367E+01
 0.13719036688201E+01
 0.13724663655312E+01
 0.13730098671467E+01
 0.13735292418372E+01
 0.13740248650754E+01
 0.13744953422920E+01
 0.13749392316617E+01
 0.13753550599563E+01
 0.13757413165084E+01
 0.13760964613560E+01
 0.13764189255747E+01
 0.13767070758756E+01
 0.13769592673513E+01
 0.13771738172012E+01
 0.13773507593553E+01
 0.13774848706225E+01
 0.13775760337808E+01
 0.13776224300417E+01
 0.13776221847964E+01
 0.13775733753661E+01
 0.13774740662546E+01
 0.13773222772335E+01
 0.13771159928877E+01
 0.13768531602148E+01
 0.13765331490596E+01
 0.13761510331769E+01
 0.13757061028361E+01
 0.13751962259681E+01
 0.13746192668921E+01
 0.13739730851562E+01
 0.13732555415231E+01
 0.13724645087521E+01
 0.13715978746594E+01
 0.13706551980539E+01
 0.13696312125418E+01
 0.13685255028697E+01
 0.13673361291655E+01
 0.13660612221629E+01
 0.13646989984053E+01
 0.13632477669738E+01
 0.13617074497157E+01
 0.13600735997397E+01
 0.13583463387214E+01
 0.13565244416445E+01
 0.13546068504571E+01
 0.13525926542167E+01
 0.13504824372402E+01
 0.13482729657537E+01
 0.13459651023766E+01
 0.13435585756124E+01
 0.13410532751232E+01
 0.13384492126807E+01
 0.13357477912535E+01
 0.13329469548002E+01
 0.13300483022855E+01
 0.13270521177783E+01
 0.13239595088753E+01
 0.13207720196786E+01
 0.13174883197704E+01
 0.13141102099005E+01
 0.13106384709615E+01
 0.13070739875082E+01
 0.13034183740574E+01
 0.12996705973703E+01
 0.12958322453284E+01
 0.12919039571359E+01
 0.12878871083553E+01
 0.12837806785330E+01
 0.12795858280546E+01
 0.12753029392034E+01
 0.12709329703841E+01
 0.12664747754848E+01
 0.12619292134762E+01
 0.12572965054216E+01
 0.12525773298087E+01
 0.12477707850899E+01
 0.12428776527838E+01
 0.12378982879651E+01
 0.12328336233960E+01
 0.12276834259578E+01
 0.12224490342707E+01
 0.12171319765413E+01
 0.12117330365752E+01
 0.12062544235682E+01
 0.12006984036784E+01
 0.11950679107378E+01
 0.11893654873371E+01
 0.11835951875282E+01
 0.11777613774575E+01
 0.11718681810504E+01
 0.11659210203682E+01
 0.11599256325906E+01
 0.11538878446498E+01
 0.11478139356254E+01
 0.11417107614357E+01
 0.11355853855808E+01
 0.11294446971145E+01
 0.11232960541948E+01
 0.11171467247652E+01
 0.11110040491776E+01
 0.11048749536498E+01
 0.10987665086613E+01
 0.10926854704395E+01
 0.10866383911357E+01
 0.10806312447684E+01
 0.10746700603939E+01
 0.10687602753402E+01
 0.10629070173649E+01
 0.10571149666611E+01
 0.10513884697698E+01
 0.10457315209807E+01
 0.10401476780177E+01
 0.10346401596662E+01
 0.10292118320080E+01
 0.10238652113026E+01
 0.10186024783804E+01
 0.10134255198923E+01
 0.10083359398992E+01
 0.10033350624529E+01
 0.99842399163587E+00
 0.99360354125049E+00
 0.98887436566306E+00
 0.98423687579379E+00
 0.97969138190673E+00
 0.97523782804973E+00
 0.97087622584727E+00
 0.96660635902454E+00
 0.96242787305989E+00
 0.95834035423232E+00
 0.95434322825055E+00
 0.95043584638231E+00
 0.94661747338273E+00
 0.94288729934027E+00
 0.93924446315619E+00
 0.93568803665020E+00
 0.93221702845013E+00
 0.92883042333758E+00
 0.92552716012249E+00
 0.92230610784998E+00
 0.91916618331546E+00
 0.91610620973345E+00
 0.91312502309217E+00
 0.91022143232904E+00
 0.90739424184060E+00
 0.90464224282334E+00
 0.90196420894504E+00
 0.89935891665441E+00
 0.89682511931035E+00
 0.89436160595252E+00
 0.89196717769755E+00
 0.88964060446087E+00
 0.88738065551778E+00
 0.88518611178183E+00
 0.88305578854916E+00
 0.88098850089574E+00
 0.87898304906623E+00
 0.87703824065811E+00
 0.87515293369886E+00
 0.87332597889144E+00
 0.87155622922269E+00
 0.86984255626162E+00
 0.86818385939495E+00
 0.86657902700806E+00
 0.86502697253292E+00
 0.86352662866248E+00
 0.86207694793537E+00
 0.86067688317949E+00
 0.85932541204594E+00
 0.85802152004018E+00
 0.85676420956365E+00
 0.85555250409525E+00
 0.85438543483495E+00
 0.85326204766417E+00
 0.85218142505648E+00
 0.85114264405488E+00
 0.85014479451505E+00
 0.84918699036529E+00
 0.84826835592274E+00
 0.84738803611373E+00
 0.84654518754199E+00
 0.84573897921490E+00
 0.84496860065445E+00
 0.84423325155440E+00
 0.84353214728561E+00
 0.84286451577506E+00
 0.84222960150828E+00
 0.84162666190439E+00
 0.84105496791836E+00
 0.84051380312329E+00
 0.84000247218606E+00
 0.83952027755207E+00
 0.83906654815186E+00
 0.83864061819630E+00
 0.83824183937960E+00
 0.83786957580774E+00
 0.83752319947188E+00
 0.83720210027452E+00
 0.83690567067922E+00
 0.83663332572025E+00
 0.83638449302700E+00
 0.83615860077663E+00
 0.83595510003960E+00
 0.83577343645096E+00
 0.83561307994363E+00
 0.83547350876920E+00
