 0.10864048919610E+01
 0.10864048916606E+01
 0.10864048884169E+01
 0.10864048747528E+01
 0.10864048377964E+01
 0.10864047597424E+01
 0.10864046185569E+01
 0.10864043903351E+01
 0.10864040572155E+01
 0.10864036247737E+01
 0.10864031487992E+01
 0.10864027662252E+01
 0.10864027225743E+01
 0.10864037487628E+01
 0.10864059883781E+01
 0.10864101339600E+01
 0.10864173976171E+01
 0.10864285720174E+01
 0.10864442314346E+01
 0.10864659013707E+01
 0.10864944153424E+01
 0.10865303982302E+01
 0.10865753246790E+01
 0.10866295100847E+01
 0.10866942852190E+01
 0.10867697415173E+01
 0.10868570407123E+01
 0.10869560696765E+01
 0.10870674578403E+01
 0.10871918679815E+01
 0.10873288156518E+01
 0.10874786841058E+01
 0.10876418647944E+01
 0.10878176126111E+01
 0.10880060946680E+01
 0.10882071191867E+01
 0.10884208020081E+01
 0.10886461215282E+01
 0.10888830476315E+01
 0.10891311914322E+01
 0.10893901223891E+01
 0.10896597649140E+01
 0.10899388997204E+01
 0.10902273721454E+01
 0.10905246718968E+01
 0.10908302723153E+01
 0.10911436398100E+01
 0.10914642372908E+01
 0.10917915274606E+01
 0.10921253947898E+01
 0.10924644942073E+01
 0.10928086933117E+01
 0.10931574828546E+01
 0.10935103596097E+01
 0.10938668324856E+01
 0.10942264239309E+01
 0.10945886710327E+01
 0.10949531263034E+01
 0.10953193585673E+01
 0.10956869533734E+01
 0.10960555135330E+01
 0.10964251146286E+01
 0.10967945011122E+01
 0.10971637638300E+01
 0.10975325804736E+01
 0.10979006429158E+01
 0.10982676607947E+01
 0.10986333612657E+01
 0.10989974888201E+01
 0.10993598049064E+01
 0.10997200876995E+01
 0.11000781317558E+01
 0.11004337475675E+01
 0.11007867612139E+01
 0.11011370139343E+01
 0.11014843616042E+01
 0.11018286745453E+01
 0.11021698367630E+01
 0.11025077456629E+01
 0.11028423102088E+01
 0.11031739503224E+01
 0.11035016227536E+01
 0.11038257544985E+01
 0.11041463197466E+01
 0.11044632626532E+01
 0.11047765737240E+01
 0.11050862423668E+01
 0.11053922674987E+01
 0.11056946574165E+01
 0.11059934293773E+01
 0.11062886094911E+01
 0.11065802322665E+01
 0.11068683399991E+01
 0.11071529826753E+01
 0.11074342178398E+01
 0.11077121106214E+01
 0.11079867328162E+01
 0.11082586614519E+01
 0.11085269941750E+01
 0.11087923101993E+01
 0.11090547084497E+01
 0.11093142913008E+01
 0.11095711679414E+01
 0.11098254525682E+01
 0.11100772647261E+01
 0.11103267245667E+01
 0.11105739677851E+01
 0.11108191298517E+01
 0.11110623464442E+01
 0.11113042475747E+01
 0.11115440236970E+01
 0.11117822976943E+01
 0.11120192288327E+01
 0.11122549718245E+01
 0.11124896899631E+01
 0.11127235450423E+01
 0.11129567092012E+01
 0.11131893518972E+01
 0.11134216434602E+01
 0.11136542418242E+01
 0.11138863652932E+01
 0.11141186552391E+01
 0.11143512871813E+01
 0.11145844321040E+01
 0.11148182587034E+01
 0.11150529335845E+01
 0.11152886189887E+01
 0.11155254724550E+01
 0.11157640939810E+01
 0.11160037472166E+01
 0.11162449968280E+01
 0.11164879691627E+01
 0.11167327771082E+01
 0.11169795204167E+01
 0.11172282841333E+01
 0.11174795518686E+01
 0.11177325636265E+01
 0.11179877459301E+01
 0.11182451119747E+01
 0.11185046503819E+01
 0.11187663245170E+01
 0.11190304496856E+01
 0.11192962014883E+01
 0.11195638230394E+01
 0.11198331703313E+01
 0.11201040667239E+01
 0.11203763034233E+01
 0.11206499999077E+01
 0.11209242082962E+01
 0.11211989580292E+01
 0.11214739248435E+01
 0.11217487184062E+01
 0.11220232519627E+01
 0.11222965007639E+01
 0.11225682724784E+01
 0.11228380657028E+01
 0.11231053333835E+01
 0.11233697650392E+01
 0.11236302101664E+01
 0.11238862425646E+01
 0.11241371700930E+01
 0.11243824547141E+01
 0.11246208220836E+01
 0.11248516338608E+01
 0.11250739651777E+01
 0.11252870428201E+01
 0.11254894144056E+01
 0.11256801678315E+01
 0.11258581062651E+01
 0.11260221747354E+01
 0.11261706713598E+01
 0.11263023890222E+01
 0.11264158618596E+01
 0.11265097269788E+01
 0.11265820831843E+01
 0.11266314579930E+01
 0.11266563344535E+01
 0.11266547618783E+01
 0.11266252060774E+01
 0.11265660243388E+01
 0.11264757694928E+01
 0.11263527073242E+01
 0.11261955671557E+01
 0.11260032271892E+01
 0.11257744483334E+01
 0.11255084941243E+01
 0.11252048553127E+01
 0.11248630322326E+01
 0.11244830219054E+01
 0.11240650671487E+01
 0.11236097254887E+01
 0.11231176546759E+01
 0.11225899674189E+01
 0.11220279571494E+01
 0.11214331953498E+01
 0.11208072868512E+01
 0.11201521564542E+01
 0.11194698052989E+01
 0.11187623692652E+01
 0.11180319236701E+01
 0.11172807044747E+01
 0.11165109018704E+01
 0.11157246853170E+01
 0.11149242187653E+01
 0.11141115044016E+01
 0.11132885505786E+01
 0.11124572521799E+01
 0.11116194031034E+01
 0.11107766907168E+01
 0.11099306933049E+01
 0.11090828793777E+01
 0.11082346031084E+01
 0.11073871109048E+01
 0.11065415376325E+01
 0.11056989202254E+01
 0.11048601971924E+01
 0.11040262094452E+01
 0.11031977128188E+01
 0.11023753815207E+01
 0.11015597971639E+01
 0.11007514924402E+01
 0.10999509203545E+01
 0.10991584569017E+01
 0.10983744711755E+01
 0.10975992328190E+01
 0.10968329809727E+01
 0.10960759103416E+01
 0.10953281768832E+01
 0.10945899000849E+01
 0.10938611695005E+01
 0.10931420474663E+01
 0.10924325678600E+01
 0.10917327434352E+01
 0.10910425482294E+01
 0.10903619851720E+01
 0.10896909983142E+01
 0.10890295288828E+01
 0.10883775052769E+01
 0.10877348476010E+01
 0.10871014658537E+01
 0.10864772593934E+01
 0.10858621224036E+01
 0.10852559421794E+01
 0.10846585917480E+01
 0.10840699708355E+01
 0.10834899419104E+01
 0.10829183775209E+01
 0.10823551465031E+01
 0.10818001154881E+01
 0.10812531510523E+01
 0.10807141224531E+01
 0.10801828797301E+01
 0.10796593121929E+01
 0.10791432736638E+01
 0.10786346314136E+01
 0.10781332520864E+01
 0.10776390048564E+01
 0.10771517552801E+01
 0.10766713746087E+01
 0.10761977282191E+01
 0.10757307068263E+01
 0.10752701766665E+01
 0.10748160147008E+01
 0.10743681001993E+01
 0.10739263120433E+01
 0.10734905349559E+01
 0.10730606512429E+01
 0.10726365413575E+01
 0.10722181106675E+01
 0.10718052414613E+01
 0.10713978265408E+01
 0.10709957609479E+01
 0.10705989409379E+01
 0.10702072650509E+01
 0.10698206356040E+01
 0.10694389485439E+01
 0.10690621228270E+01
 0.10686900584602E+01
 0.10683226643267E+01
 0.10679598509165E+01
 0.10676015313679E+01
 0.10672476203820E+01
 0.10668980344510E+01
 0.10665526857376E+01
 0.10662115056453E+01
 0.10658744119091E+01
 0.10655413271362E+01
 0.10652121760460E+01
 0.10648868860318E+01
 0.10645653852209E+01
 0.10642476039938E+01
 0.10639334679857E+01
 0.10636229224125E+01
 0.10633158960660E+01
 0.10630123237286E+01
 0.10627121436676E+01
 0.10624152935515E+01
 0.10621217160257E+01
 0.10618313516614E+01
 0.10615441378119E+01
