 0.00000000000000E+00
-0.27775805928155E-05
-0.30325818189573E-04
-0.12065641756973E-03
-0.30049206825292E-03
-0.57498516083284E-03
-0.93262430189818E-03
-0.13492193052939E-02
-0.17863085404473E-02
-0.21883790827186E-02
-0.24829149395528E-02
-0.25846136287552E-02
-0.24028824388487E-02
-0.87298074060390E-02
-0.11297477429492E-01
-0.12222467401397E-01
-0.16037747976256E-01
-0.20249768744243E-01
-0.22170516416426E-01
-0.25170404772498E-01
-0.27873141030657E-01
-0.29069130615067E-01
-0.30635378338789E-01
-0.31003201754564E-01
-0.31484600980296E-01
-0.30864675579322E-01
-0.30227437207072E-01
-0.28697723777466E-01
-0.26705989764505E-01
-0.24617380338097E-01
-0.21872209012601E-01
-0.18758866604745E-01
-0.15560211638925E-01
-0.11905334248071E-01
-0.80326266267747E-02
-0.39848831433177E-02
 0.69331117220365E-04
 0.43593678174653E-02
 0.87255098962808E-02
 0.13136839413441E-01
 0.17564547270377E-01
 0.21920813130282E-01
 0.26328917143071E-01
 0.30698612173668E-01
 0.35014175730467E-01
 0.39263288744322E-01
 0.43436098388034E-01
 0.47527425985118E-01
 0.51482380659996E-01
 0.55383317063409E-01
 0.59187607543989E-01
 0.62891289040976E-01
 0.66492860476654E-01
 0.69995899280739E-01
 0.73395751474984E-01
 0.76702560524748E-01
 0.79912507874878E-01
 0.83020871532882E-01
 0.86038667153401E-01
 0.88987842266907E-01
 0.91857652925906E-01
 0.94651997167954E-01
 0.97377206647748E-01
 0.10003961404527E+00
 0.10264437343144E+00
 0.10519572506894E+00
 0.10769777452716E+00
 0.11015736394808E+00
 0.11257922333122E+00
 0.11497042683449E+00
 0.11733778505039E+00
 0.11968831374882E+00
 0.12202434175520E+00
 0.12435044567446E+00
 0.12667354624451E+00
 0.12899699809117E+00
 0.13132691620613E+00
 0.13366766118106E+00
 0.13602630458481E+00
 0.13840690942682E+00
 0.14081513394360E+00
 0.14325576359317E+00
 0.14573313717319E+00
 0.14825178910954E+00
 0.15081656148422E+00
 0.15343146744681E+00
 0.15610340586336E+00
 0.15883545072152E+00
 0.16163245703292E+00
 0.16450043622850E+00
 0.16744328622143E+00
 0.17046546634449E+00
 0.17357217123264E+00
 0.17676824509120E+00
 0.18005838717005E+00
 0.18344758788608E+00
 0.18694132042903E+00
 0.19054471949106E+00
 0.19426268780582E+00
 0.19810065343849E+00
 0.20206398448635E+00
 0.20615769479023E+00
 0.21038829809203E+00
 0.21476139906517E+00
 0.21928281507261E+00
 0.22395847880983E+00
 0.22879466155580E+00
 0.23379754051939E+00
 0.23897380386669E+00
 0.24432992966790E+00
 0.24987316762380E+00
 0.25561002734185E+00
 0.26154767958995E+00
 0.26769319536737E+00
 0.27405432451483E+00
 0.28063839546654E+00
 0.28745305389376E+00
 0.29450583261374E+00
 0.30180454911887E+00
 0.30935704784129E+00
 0.31717110519830E+00
 0.32525454774941E+00
 0.33361503203691E+00
 0.34226032296162E+00
 0.35119798668719E+00
 0.36043537191696E+00
 0.36997949294979E+00
 0.37983721325193E+00
 0.39001494368413E+00
 0.40051863355676E+00
 0.41135360661492E+00
 0.42252476775382E+00
 0.43403605754067E+00
 0.44589064837145E+00
 0.45809062725160E+00
 0.47063695413831E+00
 0.48352918270386E+00
 0.49676531886727E+00
 0.51034160828436E+00
 0.52425245145529E+00
 0.53849020083408E+00
 0.55304490205758E+00
 0.56790418184643E+00
 0.58305321816199E+00
 0.59847461634797E+00
 0.61414844979113E+00
 0.63005245826615E+00
 0.64616224132981E+00
 0.66245171833436E+00
 0.67889361196652E+00
 0.69546003215940E+00
 0.71212296137345E+00
 0.72885496146371E+00
 0.74562975802799E+00
 0.76242246975472E+00
 0.77921034248253E+00
 0.79597274248097E+00
 0.81269136411532E+00
 0.82935050741453E+00
 0.84593668759391E+00
 0.86243890154783E+00
 0.87884822068098E+00
 0.89515769824193E+00
 0.91136221409002E+00
 0.92745808992005E+00
 0.94344304349027E+00
 0.95931589816647E+00
 0.97507638342638E+00
 0.99072497619346E+00
 0.10062627760661E+01
 0.10216913519888E+01
 0.10370126282604E+01
 0.10522288055239E+01
 0.10673422773827E+01
 0.10823555522217E+01
 0.10972711816193E+01
 0.11120917278735E+01
 0.11268197786271E+01
 0.11414578163366E+01
 0.11560083214285E+01
 0.11704736549472E+01
 0.11848560993950E+01
 0.11991578189495E+01
 0.12133808678460E+01
 0.12275272236959E+01
 0.12415987112208E+01
 0.12555970795997E+01
 0.12695239604074E+01
 0.12833808674340E+01
 0.12971692229148E+01
 0.13108903332934E+01
 0.13245454328749E+01
 0.13381356447413E+01
 0.13516620161389E+01
 0.13651255069987E+01
 0.13785270021790E+01
 0.13918673058059E+01
 0.14051471643372E+01
 0.14183672417352E+01
 0.14315281373841E+01
 0.14446304436750E+01
 0.14576746492110E+01
 0.14706611915541E+01
 0.14835904841079E+01
 0.14964628825107E+01
 0.15092787157252E+01
 0.15220382625838E+01
 0.15347417760893E+01
 0.15473894648686E+01
 0.15599815334466E+01
 0.15725181341918E+01
 0.15849994132720E+01
 0.15974254696485E+01
 0.16097964181966E+01
 0.16221123277017E+01
 0.16343732696517E+01
 0.16465792695611E+01
 0.16587303823616E+01
 0.16708266203243E+01
 0.16828680044985E+01
 0.16948545164938E+01
 0.17067861690233E+01
 0.17186629443969E+01
 0.17304848310600E+01
 0.17422517856829E+01
 0.17539638154308E+01
 0.17656208645724E+01
 0.17772229193413E+01
 0.17887699207891E+01
 0.18002618768367E+01
 0.18116987225640E+01
 0.18230804448400E+01
 0.18344070061851E+01
 0.18456783762023E+01
 0.18568945295094E+01
 0.18680554448127E+01
 0.18791610921315E+01
 0.18902114593356E+01
 0.19012065301916E+01
 0.19121462950112E+01
 0.19230307392291E+01
 0.19338598568811E+01
 0.19446336584844E+01
 0.19553521457776E+01
 0.19660153351235E+01
 0.19766232292700E+01
 0.19871758684025E+01
 0.19976732726998E+01
 0.20081154648300E+01
 0.20185024965296E+01
 0.20288343879538E+01
 0.20391112024000E+01
 0.20493329824113E+01
 0.20594997971743E+01
 0.20696116930157E+01
 0.20796687410992E+01
 0.20896710302940E+01
 0.20996186274966E+01
 0.21095116164499E+01
 0.21193501000351E+01
 0.21291341545252E+01
 0.21388638849296E+01
 0.21485394050959E+01
 0.21581608102519E+01
 0.21677282328502E+01
 0.21772417745506E+01
 0.21867015748967E+01
 0.21961077455067E+01
 0.22054604289267E+01
 0.22147597753125E+01
 0.22240059014464E+01
 0.22331989774650E+01
 0.22423391446383E+01
 0.22514265434258E+01
 0.22604613666267E+01
 0.22694437439122E+01
 0.22783738539528E+01
 0.22872518795899E+01
 0.22960779782568E+01
 0.23048523330777E+01
 0.23135751196255E+01
 0.23222465261409E+01
 0.23308667453258E+01
 0.23394359598088E+01
 0.23479543629607E+01
 0.23564221573076E+01
 0.23648395405272E+01
 0.23732067037699E+01
 0.23815238545968E+01
 0.23897912099582E+01
 0.23980089746257E+01
 0.24061773558602E+01
 0.24142965767176E+01
 0.24223668397921E+01
 0.24303883755607E+01
 0.24383613946105E+01
 0.24462861161160E+01
 0.24541627662226E+01
 0.24619915791854E+01
 0.24697727731335E+01
