 0.00000000000000E+00
 0.31971449757010E-24
 0.33238299691043E-22
 0.18559651734999E-21
 0.12099509603140E-20
 0.71072322668848E-20
 0.81308315915399E-12
-0.34174274305390E-11
 0.73893422565850E-11
-0.50029721165592E-11
 0.26601621646207E-10
-0.27156013974823E-11
 0.36438723038628E-11
-0.20459511479926E-10
 0.20138757285770E-09
-0.51074259964320E-09
-0.14140852370518E-08
 0.10006939138294E-09
-0.44051608914732E-08
-0.10558096899263E-07
-0.33065045172832E-07
-0.69131510885146E-07
-0.14571223989066E-06
-0.26245818141754E-06
-0.46865529165546E-06
-0.74520335165482E-06
-0.11700937019628E-05
-0.16795635181179E-05
-0.22927005520207E-05
-0.30877865975373E-05
-0.38361728861092E-05
-0.45086838694848E-05
-0.51399523620214E-05
-0.52328700611193E-05
-0.46527805186261E-05
-0.10133333428987E-03
-0.27119771014456E-05
 0.42982749194729E-05
 0.11524553330476E-04
 0.21724371945566E-04
 0.28837566233066E-03
 0.57789900699553E-04
 0.77271312173338E-04
 0.10705394328358E-03
 0.14406586355988E-03
 0.18924185092708E-03
 0.30482762220135E-03
-0.71585234917988E-04
 0.59035055526643E-03
 0.47477132840163E-03
 0.57475007980278E-03
 0.69209290898874E-03
 0.91956260164737E-03
 0.93149248115473E-03
 0.13205127652627E-02
 0.10669134945737E-02
 0.13537020435526E-02
 0.21656127196731E-02
 0.17627897789083E-02
 0.25604839080301E-02
 0.24954033768558E-02
 0.30028882179547E-02
 0.34867475406819E-02
 0.37028275489511E-02
 0.39157439121331E-02
 0.43505964896159E-02
 0.51701283912253E-02
 0.57766700538084E-02
 0.64810770235118E-02
 0.70362496320115E-02
 0.73549764603958E-02
 0.79949827428453E-02
 0.88777913625965E-02
 0.92798355201730E-02
 0.10143297295167E-01
 0.11277569015402E-01
 0.12458194150922E-01
 0.13639984118114E-01
 0.14714453506670E-01
 0.15370065923297E-01
 0.16168573454772E-01
 0.17322449639960E-01
 0.18903522477469E-01
 0.20599981272230E-01
 0.22086174762963E-01
 0.23454794656689E-01
 0.25096850913125E-01
 0.26703856655669E-01
 0.28416660547569E-01
 0.30142480556567E-01
 0.32027674680991E-01
 0.34348044752419E-01
 0.36808978920752E-01
 0.39089133690734E-01
 0.41409814235123E-01
 0.43758566395432E-01
 0.46664558962327E-01
 0.49469563927576E-01
 0.52576737427853E-01
 0.55921843355560E-01
 0.59368994104642E-01
 0.62968288278900E-01
 0.66705408919526E-01
 0.70641853543755E-01
 0.75061650547759E-01
 0.79663974620298E-01
 0.84577454990273E-01
 0.89641475094285E-01
 0.95035560385550E-01
 0.10073105435557E+00
 0.10703786321476E+00
 0.11361692170174E+00
 0.12067699860950E+00
 0.12805501450003E+00
 0.13591186527749E+00
 0.14436945964467E+00
 0.15347504215882E+00
 0.16304570134212E+00
 0.17325262814427E+00
 0.18415177914271E+00
 0.19584393379928E+00
 0.20847685095402E+00
 0.22183632806711E+00
 0.23606822729863E+00
 0.25122905645264E+00
 0.26747336560480E+00
 0.28466621525724E+00
 0.30285501932083E+00
 0.32213427083672E+00
 0.34248307094223E+00
 0.36371543558066E+00
 0.38579729382790E+00
 0.40850639438182E+00
 0.43152365563999E+00
 0.45445993744222E+00
 0.47702971729667E+00
 0.49868000554582E+00
 0.51871337750097E+00
 0.53647078468682E+00
 0.55079295378251E+00
 0.56063729780737E+00
 0.56472736219100E+00
 0.56195174682319E+00
 0.55139548674897E+00
 0.53253495374028E+00
 0.50538642269107E+00
 0.47060340023465E+00
 0.42932199925898E+00
 0.38323743374066E+00
 0.33426870489905E+00
 0.28449339840456E+00
 0.23580084971643E+00
 0.19001544805561E+00
 0.14836839488312E+00
 0.11185355969750E+00
 0.80929664851235E-01
 0.55715463693171E-01
 0.36071586473656E-01
 0.21531295373230E-01
 0.11403249584021E-01
 0.50382201802125E-02
 0.16509707612636E-02
 0.64888421504055E-03
 0.14402954866627E-02
 0.35191764033697E-02
 0.64686243853923E-02
 0.99776660090483E-02
 0.13804301307179E-01
 0.17788388636567E-01
 0.21714619494060E-01
 0.25509220654374E-01
 0.29060847558815E-01
 0.32308145601212E-01
 0.35261342419849E-01
 0.37955389068818E-01
 0.40395492759234E-01
 0.42564545806575E-01
 0.44483928038311E-01
 0.46183507080390E-01
 0.47648475768277E-01
 0.48937681512129E-01
 0.50100730085908E-01
 0.51085448254587E-01
 0.51948675968329E-01
 0.52691985554703E-01
 0.53277695989864E-01
 0.53765536190902E-01
 0.54152685689882E-01
 0.54488268085557E-01
 0.54729448595374E-01
 0.54944689112269E-01
 0.55065853980621E-01
 0.55170241797639E-01
 0.55248846611168E-01
 0.55263444288844E-01
 0.55258601117794E-01
 0.55256648131859E-01
 0.55190386924410E-01
 0.55103741049594E-01
 0.55000742475793E-01
 0.54890417081160E-01
 0.54733579250113E-01
 0.54611607016095E-01
 0.54456482178461E-01
 0.54297317461008E-01
 0.54133892947327E-01
 0.53974127030364E-01
 0.53781006807752E-01
 0.53609617206464E-01
 0.53423219497305E-01
 0.53247940685549E-01
 0.53031477808120E-01
 0.52844711129127E-01
 0.52678488255675E-01
 0.52504728823602E-01
 0.52295209177334E-01
 0.52069072203545E-01
 0.51883952120557E-01
 0.51695507479756E-01
 0.51488718541783E-01
 0.51274373765037E-01
 0.51077222109917E-01
 0.50884271622312E-01
 0.50699328071430E-01
 0.50484945010923E-01
 0.50318337917506E-01
 0.50143854360264E-01
 0.49941284067955E-01
 0.49778898301919E-01
 0.49650167275677E-01
 0.49469452258777E-01
 0.49299143135179E-01
 0.49104793231892E-01
 0.48927181448253E-01
 0.48757312230177E-01
 0.48601580681844E-01
 0.48393398777048E-01
 0.48244685933392E-01
 0.48040504350340E-01
 0.47880438166261E-01
 0.47737238945881E-01
 0.47561472533593E-01
 0.47450584898614E-01
 0.47255916391873E-01
 0.47084834267418E-01
 0.46925270858641E-01
 0.46734936818273E-01
 0.46555501902346E-01
 0.46438406899377E-01
 0.46306930908749E-01
 0.46197420878107E-01
 0.46083830302036E-01
 0.45959690108912E-01
 0.45858764290710E-01
 0.45670014929233E-01
 0.45575999205834E-01
 0.45435914759913E-01
 0.45180804911782E-01
 0.45060527705746E-01
 0.44933224230055E-01
 0.44849227950499E-01
 0.44704756489462E-01
 0.44563238043746E-01
 0.44450437049278E-01
 0.44357410101220E-01
 0.44257749874916E-01
 0.44136962705550E-01
 0.43948989787287E-01
 0.43788497236913E-01
 0.43674851743404E-01
 0.43533495311622E-01
 0.43433914223562E-01
 0.43337149099526E-01
 0.43140511314537E-01
 0.43101456563179E-01
 0.42908937071503E-01
 0.42763854841191E-01
 0.42706936445559E-01
 0.42590537980894E-01
 0.42458007168354E-01
 0.42311063117357E-01
 0.42180632963653E-01
 0.42121845603645E-01
 0.41987564488701E-01
 0.41846876333974E-01
 0.41747596775337E-01
 0.41725980478395E-01
 0.41575670368383E-01
 0.41454459121573E-01
 0.41359510914289E-01
 0.41279694803741E-01
 0.41134700415011E-01
 0.41018775354517E-01
 0.40893219113208E-01
 0.40770822312976E-01
 0.40574684226978E-01
 0.40514466489463E-01
 0.40367651105330E-01
 0.40288561948130E-01
 0.40162857985493E-01
