 0.10000000133514E-09
 0.10000000133514E-09
 0.10000000133514E-09
 0.10000000133514E-09
 0.10000000133514E-09
 0.10000000133514E-09
 0.10000000133514E-09
 0.10000000133514E-09
 0.10000000133514E-09
 0.10000000133514E-09
 0.10000000133514E-09
 0.10000000133514E-09
 0.10000000133514E-09
 0.10000000133514E-09
 0.10000000133514E-09
 0.10000000133514E-09
 0.10000000133514E-09
 0.68862614468726E-07
 0.68862614468726E-07
 0.33088849958499E-06
 0.63840994695833E-06
 0.11443138683195E-05
 0.19481454994042E-05
 0.31710896496294E-05
 0.49626851340454E-05
 0.75020959584531E-05
 0.10998662982982E-04
 0.15691677281473E-04
 0.21849603967439E-04
 0.29768825796233E-04
 0.39772552000510E-04
 0.52208147715491E-04
 0.67446233502631E-04
 0.85878895474258E-04
 0.10791728322218E-03
 0.13399014277382E-03
 0.16454229620259E-03
 0.20003446078764E-03
 0.24093966501399E-03
 0.28774400634521E-03
 0.34094581566366E-03
 0.40105354480417E-03
 0.46858779726806E-03
 0.54407797934623E-03
 0.62806353975062E-03
 0.72109395587195E-03
 0.82372892512401E-03
 0.93653714844754E-03
 0.10600960697884E-02
 0.11949976671596E-02
 0.13418407124600E-02
 0.15012371431637E-02
 0.16738089457609E-02
 0.18601898013988E-02
 0.20610264220917E-02
 0.22769791605637E-02
 0.25087249014224E-02
 0.27569522925319E-02
 0.30223626350204E-02
 0.33056814965894E-02
 0.36076447462514E-02
 0.39290100653193E-02
 0.42705548363113E-02
 0.46330756160248E-02
 0.50187233903133E-02
 0.54258450102957E-02
 0.58564881589307E-02
 0.63115448976034E-02
 0.67919278751636E-02
 0.72985971712307E-02
 0.78325232890276E-02
 0.83947138251364E-02
 0.89862075106696E-02
 0.96080755937219E-02
 0.10261427044876E-01
 0.10947414518266E-01
 0.11667224966000E-01
 0.12422081579053E-01
 0.13213244501435E-01
 0.14042044993831E-01
 0.14909843325442E-01
 0.15818053223583E-01
 0.16768134673904E-01
 0.17761592967371E-01
 0.18800015493768E-01
 0.19885035055758E-01
 0.21018323806353E-01
 0.22201647361911E-01
 0.23436831316335E-01
 0.24725752399242E-01
 0.26070356956914E-01
 0.27472684165836E-01
 0.28934821870882E-01
 0.30459677538618E-01
 0.32048165692641E-01
 0.33703227243461E-01
 0.35427266298424E-01
 0.37222777596893E-01
 0.39092325959081E-01
 0.41038535120354E-01
 0.43064134302318E-01
 0.45171920478647E-01
 0.47364737290769E-01
 0.49645575079119E-01
 0.52017353735875E-01
 0.54483136830345E-01
 0.57046012774872E-01
 0.59709107542647E-01
 0.62475573059851E-01
 0.65348555728279E-01
 0.68331250771703E-01
 0.71426800071725E-01
 0.74638299712778E-01
 0.77968782174378E-01
 0.81421993924102E-01
 0.84999382727385E-01
 0.88704231449224E-01
 0.92539181389079E-01
 0.96506517707944E-01
 0.10060830495014E+00
 0.10484642283829E+00
 0.10922238225315E+00
 0.11373730799966E+00
 0.11839201823624E+00
 0.12318684017636E+00
 0.12812177577348E+00
 0.13319617126221E+00
 0.13840892255940E+00
 0.14375835689435E+00
 0.14924227819195E+00
 0.15485796966983E+00
 0.16060165566131E+00
 0.16646922421479E+00
 0.17245606684168E+00
 0.17855606215620E+00
 0.18476326262866E+00
 0.19107061147598E+00
 0.19747056009929E+00
 0.20395429354401E+00
 0.21051239927075E+00
 0.21713483906669E+00
 0.22381084422048E+00
 0.23052905737137E+00
 0.23727757966198E+00
 0.24404388594951E+00
 0.25081546860087E+00
 0.25757976591254E+00
 0.26432449499381E+00
 0.27103766282883E+00
 0.27770749843810E+00
 0.28432375664914E+00
 0.29087677712312E+00
 0.29735800600455E+00
 0.30376053065280E+00
 0.31007842415052E+00
 0.31630737693571E+00
 0.32244425108409E+00
 0.32848652815236E+00
 0.33443478691456E+00
 0.34028826057356E+00
 0.34604794175700E+00
 0.35171549040295E+00
 0.35729305880890E+00
 0.36278308016054E+00
 0.36818836367653E+00
 0.37351188631653E+00
 0.37875650684022E+00
 0.38392558951962E+00
 0.38902207546819E+00
 0.39404890586146E+00
 0.39900895897882E+00
 0.40390501389528E+00
 0.40873929724658E+00
 0.41351512786803E+00
 0.41823433140966E+00
 0.42289906176271E+00
 0.42751132101581E+00
 0.43207302774121E+00
 0.43658590793116E+00
 0.44105157355709E+00
 0.44547150010006E+00
 0.44984704599286E+00
 0.45417945402864E+00
 0.45846993358568E+00
 0.46271953129388E+00
 0.46692920408111E+00
 0.47109987440904E+00
 0.47523232833834E+00
 0.47932740457919E+00
 0.48338576950975E+00
 0.48740806483556E+00
 0.49139492699163E+00
 0.49534686839327E+00
 0.49926445142531E+00
 0.50314815733446E+00
 0.50699845025510E+00
 0.51081570272392E+00
 0.51460038286532E+00
 0.51835283361630E+00
 0.52207362123251E+00
 0.52576264562980E+00
 0.52942045714476E+00
 0.53304737858514E+00
 0.53664367442788E+00
 0.54020965958110E+00
 0.54374557743217E+00
 0.54725172258616E+00
 0.55072832071307E+00
 0.55417564373421E+00
 0.55759392905283E+00
 0.56098342112662E+00
 0.56434434233699E+00
 0.56767692508962E+00
 0.57098140413334E+00
 0.57425800018044E+00
 0.57750692812556E+00
 0.58072840795838E+00
 0.58392266545076E+00
 0.58708991844602E+00
 0.59023034299597E+00
 0.59334419419029E+00
 0.59643166709694E+00
 0.59949297614120E+00
 0.60252833059735E+00
 0.60553791928925E+00
 0.60852197142993E+00
 0.61148068732521E+00
 0.61441427737925E+00
 0.61732294283890E+00
 0.62020688220169E+00
 0.62306631035012E+00
 0.62590142344710E+00
 0.62871242826696E+00
 0.63149951934911E+00
 0.63426291367182E+00
 0.63700280654316E+00
 0.63971940278276E+00
 0.64241289426297E+00
 0.64508348553069E+00
 0.64773137328773E+00
 0.65035676005519E+00
 0.65295984215067E+00
 0.65554081344220E+00
 0.65809987371280E+00
 0.66063722123945E+00
 0.66315304315860E+00
 0.66564753671562E+00
 0.66812089235731E+00
 0.67057330955610E+00
 0.67300496769075E+00
 0.67541606597142E+00
 0.67780678856234E+00
 0.68017732588903E+00
 0.68252786162170E+00
 0.68485858284074E+00
 0.68716967541578E+00
 0.68946132124144E+00
 0.69173370014712E+00
 0.69398699562290E+00
 0.69622138837136E+00
 0.69843705623262E+00
 0.70063417861228E+00
 0.70281293207399E+00
 0.70497348601575E+00
 0.70711601272761E+00
 0.70924068848196E+00
 0.71134768589324E+00
 0.71343716593724E+00
 0.71550930624732E+00
 0.71756427368644E+00
 0.71960222482558E+00
 0.72162333037390E+00
 0.72362775392091E+00
 0.72561565739672E+00
 0.72758719406782E+00
 0.72954252858795E+00
 0.73148181778582E+00
 0.73340521888283E+00
 0.73531288116427E+00
 0.73720496429652E+00
 0.73908161684309E+00
 0.74094298816748E+00
 0.74278922913162E+00
 0.74462048543438E+00
 0.74643690510963E+00
 0.74823863312382E+00
 0.75002581309773E+00
 0.75179858876357E+00
 0.75355710022273E+00
 0.75530148584251E+00
 0.75703188480783E+00
 0.75874843395782E+00
 0.76045126818501E+00
 0.76214052308179E+00
 0.76381633065866E+00
 0.76547882227804E+00
 0.76712812800088E+00
 0.76876437709551E+00
 0.77038769699895E+00
 0.77199821439823E+00
