 0.44712779226085E+03
 0.44712779226165E+03
 0.44712779228877E+03
 0.44712779252285E+03
 0.44712779352793E+03
 0.44712779625956E+03
 0.44712779987123E+03
 0.44712778934501E+03
 0.44712769972285E+03
 0.44712735228770E+03
 0.44712637702943E+03
 0.44712414669159E+03
 0.44711974291933E+03
 0.44711175722983E+03
 0.44709894420288E+03
 0.44707963241895E+03
 0.44705180418440E+03
 0.44701368799353E+03
 0.44696369216760E+03
 0.44689977909095E+03
 0.44682042415464E+03
 0.44672435537437E+03
 0.44660996467371E+03
 0.44647643988211E+03
 0.44632253850008E+03
 0.44614784294343E+03
 0.44595145783381E+03
 0.44573330712386E+03
 0.44549300066768E+03
 0.44523022004987E+03
 0.44494534425831E+03
 0.44463834630707E+03
 0.44430925018736E+03
 0.44395872896091E+03
 0.44358700460406E+03
 0.44319451735270E+03
 0.44278157018026E+03
 0.44234906535491E+03
 0.44189740097356E+03
 0.44142716347846E+03
 0.44093895897165E+03
 0.44043321371973E+03
 0.43991091089660E+03
 0.43937249456809E+03
 0.43881857205701E+03
 0.43824974321416E+03
 0.43766659417164E+03
 0.43706969447106E+03
 0.43645940645752E+03
 0.43583662455121E+03
 0.43520167884457E+03
 0.43455504833463E+03
 0.43389718833066E+03
 0.43322852738450E+03
 0.43254946648995E+03
 0.43186037847274E+03
 0.43116160746655E+03
 0.43045346839043E+03
 0.42973606065895E+03
 0.42901000790426E+03
 0.42827535926125E+03
 0.42753231130399E+03
 0.42678103280205E+03
 0.42602166334894E+03
 0.42525428512057E+03
 0.42447903027963E+03
 0.42369592799977E+03
 0.42290500191158E+03
 0.42210607340926E+03
 0.42129945048576E+03
 0.42048490385906E+03
 0.41966234194374E+03
 0.41883164564307E+03
 0.41799266745975E+03
 0.41714523127261E+03
 0.41628913190226E+03
 0.41542413568048E+03
 0.41454997990556E+03
 0.41366621324103E+03
 0.41277282738730E+03
 0.41186931791077E+03
 0.41095529954775E+03
 0.41003035849993E+03
 0.40909404967294E+03
 0.40814589443390E+03
 0.40718538099390E+03
 0.40621182470671E+03
 0.40522492021631E+03
 0.40422391504111E+03
 0.40320815586965E+03
 0.40217695100630E+03
 0.40112956744583E+03
 0.40006523288724E+03
 0.39898295965028E+03
 0.39788222507047E+03
 0.39676195972560E+03
 0.39562121197617E+03
 0.39445898250512E+03
 0.39327421822334E+03
 0.39206572531062E+03
 0.39083254414989E+03
 0.38957335692878E+03
 0.38828690694207E+03
 0.38697186037137E+03
 0.38562675174378E+03
 0.38425030668560E+03
 0.38284093397957E+03
 0.38139706478243E+03
 0.37991707673082E+03
 0.37839921756775E+03
 0.37684186818097E+03
 0.37524315952129E+03
 0.37360123781416E+03
 0.37191414630128E+03
 0.37017995076057E+03
 0.36839677959807E+03
 0.36656252077312E+03
 0.36467522644459E+03
 0.36273284926275E+03
 0.36073337775438E+03
 0.35867492843699E+03
 0.35655560103738E+03
 0.35437363076280E+03
 0.35212747342605E+03
 0.34981570479806E+03
 0.34743724675210E+03
 0.34499132168460E+03
 0.34247762017764E+03
 0.33989642106099E+03
 0.33724865324139E+03
 0.33453608446915E+03
 0.33176154538740E+03
 0.32892912200450E+03
 0.32604428550453E+03
 0.32311433487005E+03
 0.32014845619009E+03
 0.31715815114680E+03
 0.31415728888069E+03
 0.31116227931067E+03
 0.30819216888835E+03
 0.30526849039236E+03
 0.30241503216724E+03
 0.29965739582873E+03
 0.29702237705223E+03
 0.29453728097977E+03
 0.29222906821715E+03
 0.29012341694448E+03
 0.28824387643733E+03
 0.28661102871002E+03
 0.28524180485210E+03
 0.28414907324831E+03
 0.28334126983734E+03
 0.28282246758550E+03
 0.28259249694132E+03
 0.28264734513648E+03
 0.28297969554084E+03
 0.28357945499333E+03
 0.28443437622637E+03
 0.28553071740758E+03
 0.28685360781660E+03
 0.28838764485880E+03
 0.29011716867606E+03
 0.29202669586425E+03
 0.29410104354367E+03
 0.29632553026368E+03
 0.29868613558511E+03
 0.30116995709667E+03
 0.30376360114505E+03
 0.30645569661592E+03
 0.30923521937798E+03
 0.31209191508797E+03
 0.31501625606400E+03
 0.31799938468056E+03
 0.32103313063478E+03
 0.32410992387300E+03
 0.32722279723209E+03
 0.33036535894283E+03
 0.33353155579653E+03
 0.33671597610864E+03
 0.33991358370828E+03
 0.34311973818604E+03
 0.34633016605387E+03
 0.34954099343594E+03
 0.35274851965683E+03
 0.35594946728978E+03
 0.35914080691386E+03
 0.36231974583138E+03
 0.36548374893630E+03
 0.36863039040919E+03
 0.37175757317769E+03
 0.37486332704645E+03
 0.37794587338312E+03
 0.38100362874449E+03
 0.38403501966095E+03
 0.38703875587650E+03
 0.39001363520109E+03
 0.39295859731673E+03
 0.39587259268828E+03
 0.39875478320480E+03
 0.40160368208073E+03
 0.40442005409302E+03
 0.40720258308650E+03
 0.40995074663655E+03
 0.41266409666761E+03
 0.41534225071725E+03
 0.41798492191051E+03
 0.42059185805538E+03
 0.42316286553228E+03
 0.42569780079352E+03
 0.42819659131963E+03
 0.43065919387277E+03
 0.43308560560808E+03
 0.43547585660147E+03
 0.43783005118064E+03
 0.44014829039991E+03
 0.44243072070994E+03
 0.44467750073432E+03
 0.44688886613995E+03
 0.44906502076219E+03
 0.45120622752678E+03
 0.45331274033071E+03
 0.45538488369650E+03
 0.45742294169244E+03
 0.45942725317167E+03
 0.46139814903535E+03
 0.46333600120515E+03
 0.46524116577944E+03
 0.46711402838028E+03
 0.46895495982765E+03
 0.47076437407503E+03
 0.47254268169460E+03
 0.47429027998783E+03
 0.47600759082447E+03
 0.47769502344302E+03
 0.47935301804002E+03
 0.48098199662275E+03
 0.48258239502799E+03
 0.48415464011244E+03
 0.48569917591365E+03
 0.48721643046621E+03
 0.48870683837148E+03
 0.49017082543800E+03
 0.49160884176431E+03
 0.49302131133479E+03
 0.49440866361207E+03
 0.49577132578168E+03
 0.49710971440060E+03
 0.49842426739698E+03
 0.49971539502898E+03
 0.50098351373802E+03
 0.50222903064092E+03
 0.50345236482451E+03
 0.50465391202224E+03
 0.50583407285787E+03
 0.50699324436041E+03
 0.50813180927100E+03
 0.50925016745637E+03
 0.51034869184372E+03
 0.51142775459829E+03
 0.51248772548063E+03
 0.51352896609500E+03
 0.51455184723854E+03
 0.51555672891801E+03
 0.51654393601914E+03
 0.51751383488529E+03
 0.51846674367747E+03
 0.51940301829760E+03
 0.52032296900921E+03
 0.52122692219890E+03
 0.52211520097131E+03
 0.52298810790643E+03
 0.52384594434750E+03
 0.52468902152050E+03
 0.52551763633739E+03
 0.52633207128785E+03
 0.52713261094129E+03
 0.52791953119929E+03
 0.52869311018402E+03
 0.52945362028567E+03
 0.53020132623035E+03
 0.53093647751661E+03
 0.53165933204243E+03
 0.53237013902097E+03
 0.53306913688775E+03
 0.53375657402900E+03
 0.53443268049307E+03
 0.53509768583090E+03
 0.53575180758530E+03
 0.53639527989378E+03
 0.53702830838062E+03
 0.53765111082833E+03
 0.53826389397460E+03
 0.53886685907062E+03
 0.53946020446667E+03
 0.54004412590382E+03
 0.54061881312270E+03
 0.54118444954695E+03
 0.54174122525606E+03
 0.54228931558406E+03
 0.54282889561181E+03
