 0.00000000000000E+00
 0.00000000000000E+00
 0.00000000000000E+00
 0.00000000000000E+00
 0.12774283012371E-77
 0.12263531579641E-64
 0.22997107971625E-55
 0.20723735424446E-48
 0.53180810272333E-43
 0.11302835383698E-38
 0.39248078580565E-35
 0.35022819882354E-32
 0.10989200506894E-29
 0.15168567885582E-27
 0.10854585684779E-25
 0.45548782316738E-24
 0.12315704618565E-22
 0.23087845301368E-21
 0.31795747294404E-20
 0.33692007974015E-19
 0.28518569870721E-18
 0.19883000893191E-17
 0.11711083518271E-16
 0.59515824508963E-16
 0.26564102258782E-15
 0.10570437675426E-14
 0.37982405599511E-14
 0.12459866773711E-13
 0.37669415634082E-13
 0.10581956112332E-12
 0.27818381134500E-12
 0.68864717826369E-12
 0.16141459145449E-11
 0.35996625606793E-11
 0.76703441190590E-11
 0.15676653827098E-10
 0.30835638367815E-10
 0.58549694057048E-10
 0.10761007977652E-09
 0.19191159758980E-09
 0.33283476123099E-09
 0.56247840340008E-09
 0.92792715444094E-09
 0.14968230211316E-08
 0.23644324902584E-08
 0.36625016417836E-08
 0.55701518722937E-08
 0.83270852043973E-08
 0.12249436652949E-07
 0.17748117277854E-07
 0.25350825609330E-07
 0.35726779063680E-07
 0.49715160190783E-07
 0.68357137406601E-07
 0.92931628215061E-07
 0.12499489579656E-06
 0.16642403519078E-06
 0.21946437253711E-06
 0.28678237029178E-06
 0.37151492953974E-06
 0.47733651764356E-06
 0.60851688542470E-06
 0.76998860622052E-06
 0.96741705829226E-06
 0.12072749370493E-05
 0.14969154730557E-05
 0.18446576746769E-05
 0.22598669551031E-05
 0.27530564604062E-05
 0.33359264927642E-05
 0.40215307502419E-05
 0.48243288175663E-05
 0.57602986409719E-05
 0.68470428783039E-05
 0.81039000433598E-05
 0.95520610754406E-05
 0.11214691829162E-04
 0.13117062462534E-04
 0.15286752990190E-04
 0.17753539628346E-04
 0.20549922330290E-04
 0.23711056756723E-04
 0.27274990647525E-04
 0.31282860125218E-04
 0.35779104356804E-04
 0.40811697616666E-04
 0.46432590523618E-04
 0.52697279256454E-04
 0.59666141520860E-04
 0.67404121901613E-04
 0.75981270063449E-04
 0.85473168567244E-04
 0.95961399120151E-04
 0.10753461905079E-03
 0.12028708244483E-03
 0.13432225462094E-03
 0.14975167434508E-03
 0.16669623785479E-03
 0.18528713475394E-03
 0.20566757589221E-03
 0.22799137880799E-03
 0.25242811363719E-03
 0.27916212442423E-03
 0.30839495349915E-03
 0.34034815021301E-03
 0.37526164729061E-03
 0.41340195219507E-03
 0.45506127808011E-03
 0.50056167010293E-03
 0.55026022745990E-03
 0.60454735084562E-03
 0.66386007998397E-03
 0.72868195555746E-03
 0.79955266323725E-03
 0.87706895686025E-03
 0.96189739071292E-03
 0.10547880185184E-02
 0.11565719386733E-02
 0.12681874683812E-02
 0.13906887700892E-02
 0.15252525010749E-02
 0.16732120269696E-02
 0.18360711726561E-02
 0.20155166929969E-02
 0.22134693201797E-02
 0.24320868737344E-02
 0.26738231850247E-02
 0.29414594445002E-02
 0.32381314679466E-02
 0.35674158627647E-02
 0.39333438733803E-02
 0.43405014489641E-02
 0.47940510996643E-02
 0.52998591591571E-02
 0.58644992852117E-02
 0.64953689773597E-02
 0.72007488403036E-02
 0.79898288620270E-02
 0.88728077970144E-02
 0.98608381373781E-02
 0.10966052541819E-01
 0.12201479250880E-01
 0.13580966716940E-01
 0.15118953125101E-01
 0.16830228282516E-01
 0.18729666825170E-01
 0.20831759451461E-01
 0.23150219969061E-01
 0.25697473785686E-01
 0.28484282253801E-01
 0.31519080802685E-01
 0.34807716006757E-01
 0.38353153059277E-01
 0.42155209023537E-01
 0.46210503421509E-01
 0.50512606319076E-01
 0.55052090751172E-01
 0.59816815279234E-01
 0.64792601008855E-01
 0.69963128981740E-01
 0.75310706608874E-01
 0.80816558905777E-01
 0.86461355970839E-01
 0.92225491496764E-01
 0.98089415131545E-01
 0.10403398129298E+00
 0.11003976002477E+00
 0.11609068427221E+00
 0.12216913164853E+00
 0.12825931692054E+00
 0.13434659250901E+00
 0.14041745926055E+00
 0.14645952179674E+00
 0.15246167283101E+00
 0.15841381195788E+00
 0.16430697281824E+00
 0.17013297576955E+00
 0.17588537875876E+00
 0.18155792430358E+00
 0.18714546776568E+00
 0.19264366166093E+00
 0.19804889241031E+00
 0.20335791552321E+00
 0.20856903682515E+00
 0.21368018120289E+00
 0.21869009273900E+00
 0.22359796473000E+00
 0.22840302318309E+00
 0.23310594922925E+00
 0.23770665617327E+00
 0.24220568523379E+00
 0.24660383255542E+00
 0.25090170058515E+00
 0.25510128188622E+00
 0.25920351419394E+00
 0.26320987884159E+00
 0.26712151106718E+00
 0.27094098476290E+00
 0.27466960122752E+00
 0.27831555391478E+00
 0.28186785463446E+00
 0.28533485587580E+00
 0.28871846795528E+00
 0.29202061134463E+00
 0.29524321524388E+00
 0.29838821041556E+00
 0.30145751493490E+00
 0.30445302866577E+00
 0.30737663528224E+00
 0.31023020072082E+00
 0.31301555825724E+00
 0.31573451190699E+00
 0.31838883270401E+00
 0.32098026771029E+00
 0.32351051794251E+00
 0.32598125276300E+00
 0.32839409980450E+00
 0.33075065959903E+00
 0.33305248253250E+00
 0.33530108474703E+00
 0.33749794412132E+00
 0.33964450241710E+00
 0.34174215715166E+00
 0.34379227311507E+00
 0.34579617192805E+00
 0.34775514575068E+00
 0.34967044347677E+00
 0.35154328212998E+00
 0.35337483917006E+00
 0.35516626338710E+00
 0.35691866656805E+00
 0.35863312711046E+00
 0.36031069169692E+00
 0.36195237549512E+00
 0.36355916506830E+00
 0.36513201557703E+00
 0.36667185281734E+00
 0.36817957510252E+00
 0.36965605377004E+00
 0.37110213266529E+00
 0.37251863064774E+00
 0.37390634108943E+00
 0.37526603379457E+00
 0.37659845422541E+00
 0.37790432552272E+00
 0.37918434857541E+00
 0.38043920320199E+00
 0.38166954821974E+00
 0.38287602239706E+00
 0.38405924519545E+00
 0.38521981694149E+00
 0.38635832018290E+00
 0.38747531990751E+00
 0.38857136373564E+00
 0.38964698276356E+00
 0.39070269251695E+00
 0.39173899233915E+00
 0.39275636738719E+00
 0.39375528788309E+00
 0.39473621171967E+00
 0.39569958080924E+00
 0.39664582473548E+00
 0.39757536258604E+00
 0.39848859672657E+00
 0.39938592295880E+00
 0.40026772165132E+00
 0.40113436460714E+00
 0.40198620985201E+00
 0.40282360833403E+00
 0.40364690098231E+00
 0.40445641536871E+00
 0.40525247317735E+00
 0.40603538504590E+00
 0.40680545542610E+00
 0.40756297690784E+00
 0.40830823541362E+00
 0.40904150823220E+00
 0.40976306762308E+00
 0.41047317436104E+00
 0.41117208540647E+00
 0.41186004829147E+00
 0.41253730459243E+00
 0.41320408956349E+00
 0.41386063251430E+00
 0.41450715457064E+00
 0.41514387309623E+00
 0.41577099885550E+00
 0.41638873694674E+00
 0.41699728714033E+00
 0.41759684471787E+00
 0.41818759714711E+00
 0.41876972979395E+00
 0.41934342214876E+00
 0.41990884909194E+00
 0.42046618100911E+00
 0.42101558387736E+00
 0.42155722039036E+00
 0.42209124625778E+00
 0.42261781602637E+00
 0.42313707943678E+00
