 0.22152489232229E+00
 0.22152489232247E+00
 0.22152489232673E+00
 0.22152489235512E+00
 0.22152489246382E+00
 0.22152489271671E+00
 0.22152489318627E+00
 0.22152489398168E+00
 0.22152489504218E+00
 0.22152489594202E+00
 0.22152489542167E+00
 0.22152489078281E+00
 0.22152487732882E+00
 0.22152484768503E+00
 0.22152479148952E+00
 0.22152469520335E+00
 0.22152454208191E+00
 0.22152431248434E+00
 0.22152398401199E+00
 0.22152353202172E+00
 0.22152292997625E+00
 0.22152215013057E+00
 0.22152116372375E+00
 0.22151994084408E+00
 0.22151845182446E+00
 0.22151666731656E+00
 0.22151455756822E+00
 0.22151209325078E+00
 0.22150924550214E+00
 0.22150598595334E+00
 0.22150228804388E+00
 0.22149812324110E+00
 0.22149346607659E+00
 0.22148829445543E+00
 0.22148257849268E+00
 0.22147630302491E+00
 0.22146944005102E+00
 0.22146197127604E+00
 0.22145387761804E+00
 0.22144514190173E+00
 0.22143574854876E+00
 0.22142568389721E+00
 0.22141493636174E+00
 0.22140349653586E+00
 0.22139135743841E+00
 0.22137851462968E+00
 0.22136496646999E+00
 0.22135071418287E+00
 0.22133576208339E+00
 0.22132011768151E+00
 0.22130379185475E+00
 0.22128679902306E+00
 0.22126915721694E+00
 0.22125088824816E+00
 0.22123201772777E+00
 0.22121257525863E+00
 0.22119259490136E+00
 0.22117211532047E+00
 0.22115117718564E+00
 0.22112982809400E+00
 0.22110811891801E+00
 0.22108610510442E+00
 0.22106384645463E+00
 0.22104140738035E+00
 0.22101885705096E+00
 0.22099626901059E+00
 0.22097372136838E+00
 0.22095129680212E+00
 0.22092908276652E+00
 0.22090717115612E+00
 0.22088565880920E+00
 0.22086464705754E+00
 0.22084424192565E+00
 0.22082455415169E+00
 0.22080569920293E+00
 0.22078779714600E+00
 0.22077097276526E+00
 0.22075535554455E+00
 0.22074107929231E+00
 0.22072828468756E+00
 0.22071711532575E+00
 0.22070772016856E+00
 0.22070025321696E+00
 0.22069487349956E+00
 0.22069174519156E+00
 0.22069108576724E+00
 0.22069298306944E+00
 0.22069765821885E+00
 0.22070529761221E+00
 0.22071609277871E+00
 0.22073024173863E+00
 0.22074794872442E+00
 0.22076942417159E+00
 0.22079488473883E+00
 0.22082455609158E+00
 0.22085866759730E+00
 0.22089745756384E+00
 0.22094117207320E+00
 0.22099006475407E+00
 0.22104439746580E+00
 0.22110444038866E+00
 0.22117047153792E+00
 0.22124277955807E+00
 0.22132166267367E+00
 0.22140742805128E+00
 0.22150039259152E+00
 0.22160088523456E+00
 0.22170924535576E+00
 0.22182582319109E+00
 0.22195098093392E+00
 0.22208509313213E+00
 0.22222854627942E+00
 0.22238174029775E+00
 0.22254508829488E+00
 0.22271901332693E+00
 0.22290395777760E+00
 0.22310037458286E+00
 0.22330872957745E+00
 0.22352950550508E+00
 0.22376319460575E+00
 0.22401030969908E+00
 0.22427143681908E+00
 0.22454699239650E+00
 0.22483758033117E+00
 0.22514376612902E+00
 0.22546612102768E+00
 0.22580522837688E+00
 0.22616168833346E+00
 0.22653610390323E+00
 0.22692908569801E+00
 0.22734125332855E+00
 0.22777323041972E+00
 0.22822564203417E+00
 0.22869911744061E+00
 0.22919428282714E+00
 0.22971176006508E+00
 0.23025216916156E+00
 0.23081612070284E+00
 0.23140421678775E+00
 0.23201704677688E+00
 0.23265518732607E+00
 0.23331920009998E+00
 0.23400962989452E+00
 0.23472699988447E+00
 0.23547181447338E+00
 0.23624456095821E+00
 0.23704569914175E+00
 0.23787567256982E+00
 0.23873489943773E+00
 0.23962377979787E+00
 0.24054269063239E+00
 0.24149198683551E+00
 0.24247200715272E+00
 0.24348306597962E+00
 0.24452554070438E+00
 0.24559958754153E+00
 0.24670552759952E+00
 0.24784362503402E+00
 0.24901411861786E+00
 0.25021722660311E+00
 0.25145317091313E+00
 0.25272213434812E+00
 0.25402428396469E+00
 0.25535977320190E+00
 0.25672871164059E+00
 0.25813121542065E+00
 0.25956730834694E+00
 0.26103699947955E+00
 0.26254023121535E+00
 0.26407690049719E+00
 0.26564681642021E+00
 0.26724972129686E+00
 0.26888526083445E+00
 0.27055298670924E+00
 0.27225233455671E+00
 0.27398262499563E+00
 0.27574307840774E+00
 0.27753278165889E+00
 0.27935069821450E+00
 0.28119566491845E+00
 0.28306646448099E+00
 0.28496169558673E+00
 0.28687992143833E+00
 0.28881958156079E+00
 0.29077911180003E+00
 0.29275685427457E+00
 0.29475114200354E+00
 0.29676029637424E+00
 0.29878263605234E+00
 0.30081645531235E+00
 0.30286020746397E+00
 0.30491225718714E+00
 0.30697105097176E+00
 0.30903509990841E+00
 0.31110296884378E+00
 0.31317327533869E+00
 0.31524471525006E+00
 0.31731603581010E+00
 0.31938603686567E+00
 0.32145361297918E+00
 0.32351762930290E+00
 0.32557707660999E+00
 0.32763097745206E+00
 0.32967839212082E+00
 0.33171842386535E+00
 0.33375021263705E+00
 0.33577293011042E+00
 0.33778579082827E+00
 0.33978804188870E+00
 0.34177893250128E+00
 0.34375775274400E+00
 0.34572384656906E+00
 0.34767654147206E+00
 0.34961518775628E+00
 0.35153916200773E+00
 0.35344786883506E+00
 0.35534072977758E+00
 0.35721718042850E+00
 0.35907667891435E+00
 0.36091866907306E+00
 0.36274268296098E+00
 0.36454820439559E+00
 0.36633475394897E+00
 0.36810187274073E+00
 0.36984911487088E+00
 0.37157605475602E+00
 0.37328227967153E+00
 0.37496739675715E+00
 0.37663102956646E+00
 0.37827281950206E+00
 0.37989242488934E+00
 0.38148952174795E+00
 0.38306379723232E+00
 0.38461497111107E+00
 0.38614276662902E+00
 0.38764692963515E+00
 0.38912722770016E+00
 0.39058344146782E+00
 0.39201537207713E+00
 0.39342283342561E+00
 0.39480566476103E+00
 0.39616371295838E+00
 0.39749685801238E+00
 0.39880498496466E+00
 0.40008799689852E+00
 0.40134581981838E+00
 0.40257839439256E+00
 0.40378567560912E+00
 0.40496763707888E+00
 0.40612427007690E+00
 0.40725558240824E+00
 0.40836159848010E+00
 0.40944235040993E+00
 0.41049788928434E+00
 0.41152828803323E+00
 0.41253362440682E+00
 0.41351399571296E+00
 0.41446951173677E+00
 0.41540029566887E+00
 0.41630648323588E+00
 0.41718822195155E+00
 0.41804567289238E+00
 0.41887900542866E+00
 0.41968840649337E+00
 0.42047406744615E+00
 0.42123619200239E+00
 0.42197499291881E+00
 0.42269069517270E+00
 0.42338352803574E+00
 0.42405373304223E+00
 0.42470155781609E+00
 0.42532725751521E+00
 0.42593109360087E+00
 0.42651333577510E+00
 0.42707425850472E+00
 0.42761414288784E+00
 0.42813327288481E+00
 0.42863194056425E+00
 0.42911044075090E+00
 0.42956907374878E+00
 0.43000813853535E+00
 0.43042794200493E+00
 0.43082879432426E+00
 0.43121100470543E+00
 0.43157488312507E+00
 0.43192075041358E+00
 0.43224891683993E+00
 0.43255970021547E+00
 0.43285342026302E+00
 0.43313039287136E+00
 0.43339093450984E+00
 0.43363536555589E+00
 0.43386400053526E+00
 0.43407715801402E+00
 0.43427515191037E+00
 0.43445829710325E+00
 0.43462690561121E+00
 0.43478128926788E+00
 0.43492175645389E+00
 0.43504861550313E+00
