 0.00000000000000E+00
-0.27775805928155E-05
-0.30275940199129E-04
-0.12160332004455E-03
-0.15281425584463E-02
-0.16463301044381E-02
-0.11132152353552E-02
-0.15130479024521E-02
-0.20192685702192E-02
-0.25279688182117E-02
-0.29639640328298E-02
-0.31843444374421E-02
-0.33093128157410E-02
-0.31388543899369E-02
-0.26054807100379E-02
-0.16781825726570E-02
-0.26721998417470E-03
 0.15877880316631E-02
 0.39273534075843E-02
 0.67529804698475E-02
 0.10041815195404E-01
 0.13758981125879E-01
 0.17879100027871E-01
 0.22347861347036E-01
 0.27124702904095E-01
 0.32152183107685E-01
 0.37385571526087E-01
 0.42767574730271E-01
 0.48246010609085E-01
 0.53778491805213E-01
 0.59315810141279E-01
 0.64809285563473E-01
 0.70219622814165E-01
 0.75508677873519E-01
 0.80647637818348E-01
 0.85608033174749E-01
 0.90365632711361E-01
 0.94902554475704E-01
 0.99202802384667E-01
 0.10325649242931E+00
 0.10705776525587E+00
 0.11060324898950E+00
 0.11389376634217E+00
 0.11693199622032E+00
 0.11972363386120E+00
 0.12227670639202E+00
 0.12460061381954E+00
 0.12670602994679E+00
 0.12860538629361E+00
 0.13031119899427E+00
 0.13183730562667E+00
 0.13319747894587E+00
 0.13440600375432E+00
 0.13547681391203E+00
 0.13642396649908E+00
 0.13726112143561E+00
 0.13800161275185E+00
 0.13865823105284E+00
 0.13924357313306E+00
 0.13976929400916E+00
 0.14024674739220E+00
 0.14068646210180E+00
 0.14109860291581E+00
 0.14149249478921E+00
 0.14187689979672E+00
 0.14226019949569E+00
 0.14264983325365E+00
 0.14305291557661E+00
 0.14347598375896E+00
 0.14392515539111E+00
 0.14440593079184E+00
 0.14492348441824E+00
 0.14548249794852E+00
 0.14608733352894E+00
 0.14674195354147E+00
 0.14744994681023E+00
 0.14821469714474E+00
 0.14903922096576E+00
 0.14992637652094E+00
 0.15087878179241E+00
 0.15189884418694E+00
 0.15298881852022E+00
 0.15415052965359E+00
 0.15538587680181E+00
 0.15669819339711E+00
 0.15808805923078E+00
 0.15955602664252E+00
 0.16110463753744E+00
 0.16273545825373E+00
 0.16444997843151E+00
 0.16624963053442E+00
 0.16813588041357E+00
 0.17011020514603E+00
 0.17217411015658E+00
 0.17432902512607E+00
 0.17657644973492E+00
 0.17891791224697E+00
 0.18135502102985E+00
 0.18388936983148E+00
 0.18652259936292E+00
 0.18925648459024E+00
 0.19209276820331E+00
 0.19503328207472E+00
 0.19807994011938E+00
 0.20123468064847E+00
 0.20449952946111E+00
 0.20787659342668E+00
 0.21136804778077E+00
 0.21497611381566E+00
 0.21870310237843E+00
 0.22255139117772E+00
 0.22652341189600E+00
 0.23062167144812E+00
 0.23484873115370E+00
 0.23920718651845E+00
 0.24369975074487E+00
 0.24832912594349E+00
 0.25309806190526E+00
 0.25800935998464E+00
 0.26306594067802E+00
 0.26827033844640E+00
 0.27362669123568E+00
 0.27913587114610E+00
 0.28480156721789E+00
 0.29062661711244E+00
 0.29661376880611E+00
 0.30276571613966E+00
 0.30908509225699E+00
 0.31557444649125E+00
 0.32223619009080E+00
 0.32907264871836E+00
 0.33608599501565E+00
 0.34327822522434E+00
 0.35065119728054E+00
 0.35820652758438E+00
 0.36594564322197E+00
 0.37386976804568E+00
 0.38197982303125E+00
 0.39027648937291E+00
 0.39876018390100E+00
 0.40743102037010E+00
 0.41628884595581E+00
 0.42533319244560E+00
 0.43456326290281E+00
 0.44397799808114E+00
 0.45357601966056E+00
 0.46335560866118E+00
 0.47331480750499E+00
 0.48345134543502E+00
 0.49376262009030E+00
 0.50424588429099E+00
 0.51489794130269E+00
 0.52571548507881E+00
 0.53669528447220E+00
 0.54783299461996E+00
 0.55912504598210E+00
 0.57056715282558E+00
 0.58215502860648E+00
 0.59388433192548E+00
 0.60575040532705E+00
 0.61774866397296E+00
 0.62987428551296E+00
 0.64212246790326E+00
 0.65448829939435E+00
 0.66696683152520E+00
 0.67955310905844E+00
 0.69224216372237E+00
 0.70502900692602E+00
 0.71790867952891E+00
 0.73087625764442E+00
 0.74392677480138E+00
 0.75705545896270E+00
 0.77025747374160E+00
 0.78352815694118E+00
 0.79686286116055E+00
 0.81025706474893E+00
 0.82370635629185E+00
 0.83720645418382E+00
 0.85075318368278E+00
 0.86434245607714E+00
 0.87797037738872E+00
 0.89163318095717E+00
 0.90532722030949E+00
 0.91904899235459E+00
 0.93279503346809E+00
 0.94656208453308E+00
 0.96034698584884E+00
 0.97414679676625E+00
 0.98795857684627E+00
 0.10017793958788E+01
 0.10156066685500E+01
 0.10294376679783E+01
 0.10432698332809E+01
 0.10571007277062E+01
 0.10709279391828E+01
 0.10847491622281E+01
 0.10985621284667E+01
 0.11123646783259E+01
 0.11261546395447E+01
 0.11399300261331E+01
 0.11536888062408E+01
 0.11674290370843E+01
 0.11811488477015E+01
 0.11948464109945E+01
 0.12085199738880E+01
 0.12221678352095E+01
 0.12357883539355E+01
 0.12493799153362E+01
 0.12629410272460E+01
 0.12764701592612E+01
 0.12899658510759E+01
 0.13034267936827E+01
 0.13168516734941E+01
 0.13302391768349E+01
 0.13435880161130E+01
 0.13568971724462E+01
 0.13701653883720E+01
 0.13833916264240E+01
 0.13965748438381E+01
 0.14097140578358E+01
 0.14228082983830E+01
 0.14358566651626E+01
 0.14488582971017E+01
 0.14618124027812E+01
 0.14747181487187E+01
 0.14875748071457E+01
 0.15003816707464E+01
 0.15131380589042E+01
 0.15258433168264E+01
 0.15384968412878E+01
 0.15510980478073E+01
 0.15636463841864E+01
 0.15761413402782E+01
 0.15885824213122E+01
 0.16009691670225E+01
 0.16133011372106E+01
 0.16255779369822E+01
 0.16377991622195E+01
 0.16499644775212E+01
 0.16620735358593E+01
 0.16741260177510E+01
 0.16861216375427E+01
 0.16980601373445E+01
 0.17099412596727E+01
 0.17217647676770E+01
 0.17335304701981E+01
 0.17452381688251E+01
 0.17568876865800E+01
 0.17684788730114E+01
 0.17800115896572E+01
 0.17914857198235E+01
 0.18029011573506E+01
 0.18142578090007E+01
 0.18255555943167E+01
 0.18367944635969E+01
 0.18479743613151E+01
 0.18590952671754E+01
 0.18701571144825E+01
 0.18811599422026E+01
 0.18921037396758E+01
 0.19029885169239E+01
 0.19138142968551E+01
 0.19245811182508E+01
 0.19352890346522E+01
 0.19459380960059E+01
 0.19565283668420E+01
 0.19670599237986E+01
 0.19775328574380E+01
 0.19879472483633E+01
 0.19983032114141E+01
 0.20086008479509E+01
 0.20188402838163E+01
 0.20290216346954E+01
 0.20391450421756E+01
 0.20492106299780E+01
 0.20592185529171E+01
 0.20691689661158E+01
 0.20790620266243E+01
 0.20888978942683E+01
 0.20986767366411E+01
 0.21083987377423E+01
 0.21180640762678E+01
 0.21276729356098E+01
 0.21372255049100E+01
 0.21467219895994E+01
 0.21561625726749E+01
 0.21655474777360E+01
 0.21748768907908E+01
 0.21841510251733E+01
 0.21933701317742E+01
 0.22025343884814E+01
 0.22116440271635E+01
 0.22206992867427E+01
 0.22297003883420E+01
 0.22386475635669E+01
 0.22475410399591E+01
 0.22563810631812E+01
 0.22651678759487E+01
 0.22739017159097E+01
 0.22825828225557E+01
