 0.28753719721705E+03
 0.28753717235248E+03
 0.28753693970895E+03
 0.28753608120133E+03
 0.28753399983165E+03
 0.28752998221766E+03
 0.28752338812396E+03
 0.28751451760249E+03
 0.28750674396842E+03
 0.28750956273444E+03
 0.28754115437222E+03
 0.28762913433762E+03
 0.28780910193061E+03
 0.28812153266342E+03
 0.28860795586403E+03
 0.28930728866218E+03
 0.29025289396590E+03
 0.29147059993286E+03
 0.29297768431516E+03
 0.29478267661096E+03
 0.29688577335755E+03
 0.29927969157938E+03
 0.30195073665789E+03
 0.30487991742350E+03
 0.30804421575189E+03
 0.31141767239254E+03
 0.31497232024845E+03
 0.31867909641997E+03
 0.32250858125046E+03
 0.32643160743637E+03
 0.33041975904392E+03
 0.33444572772468E+03
 0.33848364776334E+03
 0.34250929135190E+03
 0.34650011871660E+03
 0.35043556716032E+03
 0.35429678296705E+03
 0.35806687992426E+03
 0.36173076613891E+03
 0.36527516042696E+03
 0.36868846849764E+03
 0.37196070792038E+03
 0.37508340999824E+03
 0.37804951733498E+03
 0.38085328012934E+03
 0.38349014981339E+03
 0.38595667727813E+03
 0.38825041280581E+03
 0.39036980819115E+03
 0.39231412101435E+03
 0.39408333775217E+03
 0.39567808481170E+03
 0.39709955903925E+03
 0.39834945832295E+03
 0.39942990658479E+03
 0.40034340696228E+03
 0.40109283376229E+03
 0.40168138012289E+03
 0.40211225843979E+03
 0.40238913668430E+03
 0.40251574367020E+03
 0.40249596869554E+03
 0.40233380448897E+03
 0.40203333936400E+03
 0.40159875725676E+03
 0.40103427649749E+03
 0.40034409560053E+03
 0.39953251697563E+03
 0.39860383391077E+03
 0.39756232885880E+03
 0.39641230083766E+03
 0.39515802494874E+03
 0.39380375498190E+03
 0.39235372119199E+03
 0.39081212993733E+03
 0.38918312914920E+03
 0.38747083399833E+03
 0.38567929675034E+03
 0.38381248734861E+03
 0.38187450116770E+03
 0.37986920748449E+03
 0.37780043866193E+03
 0.37567198373396E+03
 0.37348756500237E+03
 0.37125082058575E+03
 0.36896569056311E+03
 0.36663508992868E+03
 0.36426273461510E+03
 0.36185198829860E+03
 0.35940612844576E+03
 0.35692837589230E+03
 0.35442185843406E+03
 0.35188962556353E+03
 0.34933460966833E+03
 0.34675979070297E+03
 0.34416790244664E+03
 0.34156165444434E+03
 0.33894364899587E+03
 0.33631643558972E+03
 0.33368246985516E+03
 0.33104411283575E+03
 0.32840355964349E+03
 0.32576299482222E+03
 0.32312450578063E+03
 0.32049005611961E+03
 0.31786151813155E+03
 0.31524067291830E+03
 0.31262919829252E+03
 0.31002866738833E+03
 0.30744055055813E+03
 0.30486621303956E+03
 0.30230690628379E+03
 0.29976377760086E+03
 0.29723785440663E+03
 0.29473002709618E+03
 0.29224107444208E+03
 0.28977168249322E+03
 0.28732233429768E+03
 0.28489339505439E+03
 0.28248505817142E+03
 0.28009748270681E+03
 0.27773077000653E+03
 0.27538418725137E+03
 0.27305745452756E+03
 0.27074996235152E+03
 0.26846076261360E+03
 0.26618875248888E+03
 0.26393265136655E+03
 0.26169083309087E+03
 0.25946141847891E+03
 0.25724224150689E+03
 0.25503082880483E+03
 0.25282436033326E+03
 0.25061968900458E+03
 0.24841330186444E+03
 0.24620126192689E+03
 0.24397918116902E+03
 0.24174232627752E+03
 0.23948547611518E+03
 0.23720292519976E+03
 0.23488849758729E+03
 0.23253549913849E+03
 0.23013672832885E+03
 0.22768445042447E+03
 0.22517038213853E+03
 0.22258574559671E+03
 0.21992123103425E+03
 0.21716699703844E+03
 0.21431270782382E+03
 0.21134762341122E+03
 0.20826056680490E+03
 0.20503996374070E+03
 0.20167394803348E+03
 0.19815048509465E+03
 0.19445757149742E+03
 0.19058291872934E+03
 0.18651466411044E+03
 0.18224141288567E+03
 0.17775199345322E+03
 0.17303629050746E+03
 0.16808521033807E+03
 0.16289097169432E+03
 0.15744719326469E+03
 0.15174966158240E+03
 0.14579621835752E+03
 0.13958726320493E+03
 0.13312563688707E+03
 0.12641728920063E+03
 0.11947094320364E+03
 0.11229856284963E+03
 0.10491510586428E+03
 0.97338343284951E+02
 0.89588819363394E+02
 0.81689487514692E+02
 0.73665562104700E+02
 0.65544235740233E+02
 0.57354362866587E+02
 0.49126386328733E+02
 0.40892381467584E+02
 0.32685909561696E+02
 0.24542465697102E+02
 0.16499183878381E+02
 0.85954764255753E+01
 0.87281723059555E+00
-0.66250084411750E+01
-0.13852419867177E+02
-0.20762141766218E+02
-0.27305848805533E+02
-0.33434827147992E+02
-0.39100689868825E+02
-0.44256622932157E+02
-0.48857658761136E+02
-0.52861790375794E+02
-0.56230687221356E+02
-0.58930086088675E+02
-0.60930268284245E+02
-0.62206322224654E+02
-0.62738192013189E+02
-0.62510560186057E+02
-0.61512849343561E+02
-0.59738880465461E+02
-0.57186583850814E+02
-0.53857668248387E+02
-0.49757235909958E+02
-0.44893420387653E+02
-0.39277034379740E+02
-0.32921193945915E+02
-0.25841033297413E+02
-0.18053362256567E+02
-0.95764854352923E+01
-0.42981262426951E+00
 0.93663601597435E+01
 0.19790767372837E+02
 0.30821496348033E+02
 0.42436164026659E+02
 0.54612059571377E+02
 0.67326185825162E+02
 0.80555273639784E+02
 0.94275916698625E+02
 0.10846439819730E+03
 0.12309757290801E+03
 0.13815166402613E+03
 0.15360296701212E+03
 0.16942823536041E+03
 0.18560381225990E+03
 0.20210654251872E+03
 0.21891321676584E+03
 0.23600043805542E+03
 0.25334548464399E+03
 0.27092556525533E+03
 0.28871801922765E+03
 0.30670048862900E+03
 0.32485035649752E+03
 0.34314608905654E+03
 0.36156573835793E+03
 0.38008773200816E+03
 0.39869079066775E+03
 0.41735409949400E+03
 0.43605719502380E+03
 0.45477932365872E+03
 0.47350123241795E+03
 0.49220225807854E+03
 0.51086403066820E+03
 0.52946762032990E+03
 0.54799453300185E+03
 0.56642718293828E+03
 0.58474798388616E+03
 0.60293989729945E+03
 0.62098680659250E+03
 0.63887237110000E+03
 0.65658151399291E+03
 0.67409925625962E+03
 0.69141116436282E+03
 0.70850387268406E+03
 0.72536410971322E+03
 0.74197948659757E+03
 0.75833755803574E+03
 0.77442797903396E+03
 0.79023924436720E+03
 0.80576154921629E+03
 0.82098541450532E+03
 0.83590224952198E+03
 0.85050334596691E+03
 0.86478136828591E+03
 0.87872932926166E+03
 0.89234079116857E+03
 0.90560995620413E+03
 0.91853179211895E+03
 0.93110149602525E+03
 0.94331532072514E+03
 0.95516960961550E+03
 0.96666144774268E+03
 0.97778812725729E+03
 0.98854823186825E+03
 0.99894068945589E+03
 0.10089649474272E+04
 0.10186189042049E+04
 0.10279042525533E+04
 0.10368214637957E+04
 0.10453709521679E+04
 0.10535545813579E+04
 0.10613742318851E+04
 0.10688317648971E+04
 0.10759298553500E+04
 0.10826714244636E+04
 0.10890595270294E+04
 0.10950980889714E+04
 0.11007906538295E+04
 0.11061412272127E+04
 0.11111546446338E+04
 0.11158345440319E+04
 0.11201861389277E+04
 0.11242152267110E+04
 0.11279255399860E+04
 0.11313231230150E+04
 0.11344137059023E+04
 0.11372033466047E+04
 0.11396968539767E+04
 0.11418998194531E+04
 0.11438190962406E+04
