 0.10906081480649E+00
 0.10906081480638E+00
 0.10906081480525E+00
 0.10906081480759E+00
 0.10906081486070E+00
 0.10906081506914E+00
 0.10906081562597E+00
 0.10906081676049E+00
 0.10906081824986E+00
 0.10906081841475E+00
 0.10906081234677E+00
 0.10906078952499E+00
 0.10906073137047E+00
 0.10906060888299E+00
 0.10906038112731E+00
 0.10905999446429E+00
 0.10905938254100E+00
 0.10905846729296E+00
 0.10905716022836E+00
 0.10905536430815E+00
 0.10905297612732E+00
 0.10904988778778E+00
 0.10904598913525E+00
 0.10904117047593E+00
 0.10903532290527E+00
 0.10902834018397E+00
 0.10902012069877E+00
 0.10901056783962E+00
 0.10899959047601E+00
 0.10898710330966E+00
 0.10897302541438E+00
 0.10895728503447E+00
 0.10893981288037E+00
 0.10892054149629E+00
 0.10889941885385E+00
 0.10887637965708E+00
 0.10885137989705E+00
 0.10882436787928E+00
 0.10879529737235E+00
 0.10876412402536E+00
 0.10873080561118E+00
 0.10869530163587E+00
 0.10865757327676E+00
 0.10861758315792E+00
 0.10857529527786E+00
 0.10853067494033E+00
 0.10848368876088E+00
 0.10843430452448E+00
 0.10838249119873E+00
 0.10832821885580E+00
 0.10827145848974E+00
 0.10821218206764E+00
 0.10815036221379E+00
 0.10808597208635E+00
 0.10801898533120E+00
 0.10794937566819E+00
 0.10787711604967E+00
 0.10780217860767E+00
 0.10772453690534E+00
 0.10764416058715E+00
 0.10756101869182E+00
 0.10747507829718E+00
 0.10738630396870E+00
 0.10729465734860E+00
 0.10720009667956E+00
 0.10710257637293E+00
 0.10700204680909E+00
 0.10689845380590E+00
 0.10679173790059E+00
 0.10668183432357E+00
 0.10656867203460E+00
 0.10645217382515E+00
 0.10633225576433E+00
 0.10620882671058E+00
 0.10608178803939E+00
 0.10595103331952E+00
 0.10581644809425E+00
 0.10567790941614E+00
 0.10553528607060E+00
 0.10538843528982E+00
 0.10523720730746E+00
 0.10508144224303E+00
 0.10492097027467E+00
 0.10475561144883E+00
 0.10458517558471E+00
 0.10440939264601E+00
 0.10422817614596E+00
 0.10404124487376E+00
 0.10384836439986E+00
 0.10364928983562E+00
 0.10344376427069E+00
 0.10323151851043E+00
 0.10301227205362E+00
 0.10278573309410E+00
 0.10255159422258E+00
 0.10230954042431E+00
 0.10205924195639E+00
 0.10180035611251E+00
 0.10153252823342E+00
 0.10125539087410E+00
 0.10096856416835E+00
 0.10067165638427E+00
 0.10036426122072E+00
 0.10004595937590E+00
 0.99716320306029E-01
 0.99374901424944E-01
 0.99021245724526E-01
 0.98654884724015E-01
 0.98275338736815E-01
 0.97882116006130E-01
 0.97474713350161E-01
 0.97052617560552E-01
 0.96615303994182E-01
 0.96162239453641E-01
 0.95692887070668E-01
 0.95206694149849E-01
 0.94703106315944E-01
 0.94181565973938E-01
 0.93641507535749E-01
 0.93082371315046E-01
 0.92503588268438E-01
 0.91904504204390E-01
 0.91284736608802E-01
 0.90643658301431E-01
 0.89980726167848E-01
 0.89295418145987E-01
 0.88587228782689E-01
 0.87855665404100E-01
 0.87100267140052E-01
 0.86320602670912E-01
 0.85516269901274E-01
 0.84686905815364E-01
 0.83832190791742E-01
 0.82951849027548E-01
 0.82045658657105E-01
 0.81113456002161E-01
 0.80155132066728E-01
 0.79170646693364E-01
 0.78160026817799E-01
 0.77123373320551E-01
 0.76060859733894E-01
 0.74972737572390E-01
 0.73859337205769E-01
 0.72721073624715E-01
 0.71558442475191E-01
 0.70372015520132E-01
 0.69162452722706E-01
 0.67930486819428E-01
 0.66676932719700E-01
 0.65402677139720E-01
 0.64108680776212E-01
 0.62795975520125E-01
 0.61465656607907E-01
 0.60118889359375E-01
 0.58756812805719E-01
 0.57380840323316E-01
 0.55992248246714E-01
 0.54592409912213E-01
 0.53182758353582E-01
 0.51764781268190E-01
 0.50340001238132E-01
 0.48910007417325E-01
 0.47476431247367E-01
 0.46040954628077E-01
 0.44605322600219E-01
 0.43171312859183E-01
 0.41740790251975E-01
 0.40315664174219E-01
 0.38897908055816E-01
 0.37489549850499E-01
 0.36092685805789E-01
 0.34709454508632E-01
 0.33342046682689E-01
 0.31992685572532E-01
 0.30663622289374E-01
 0.29357113159425E-01
 0.28075385013148E-01
 0.26820627797657E-01
 0.25594961536817E-01
 0.24400402651915E-01
 0.23238819016507E-01
 0.22111928009179E-01
 0.21021242241228E-01
 0.19968059828633E-01
 0.18953432376235E-01
 0.17978156222995E-01
 0.17042762083707E-01
 0.16147516670825E-01
 0.15292429185506E-01
 0.14477276632320E-01
 0.13701561944780E-01
 0.12964624772843E-01
 0.12265608866590E-01
 0.11603495011748E-01
 0.10977135438118E-01
 0.10385278155920E-01
 0.98265874401431E-02
 0.92996733227596E-02
 0.88031097929125E-02
 0.83354489693769E-02
 0.78952571759582E-02
 0.74811000534210E-02
 0.70915724576223E-02
 0.67253046087607E-02
 0.63809685345053E-02
 0.60572842370634E-02
 0.57530234472803E-02
 0.54670120526480E-02
 0.51981314645395E-02
 0.49453219841178E-02
 0.47075793821409E-02
 0.44839539049281E-02
 0.42735517217428E-02
 0.40755326090360E-02
 0.38891071535359E-02
 0.37135338051812E-02
 0.35481185419516E-02
 0.33922116037230E-02
 0.32452053099490E-02
 0.31065332207756E-02
 0.29756619733421E-02
 0.28520976984985E-02
 0.27353781571836E-02
 0.26250719117316E-02
 0.25207765992376E-02
 0.24221166314141E-02
 0.23287420685018E-02
 0.22403261176158E-02
 0.21565641774134E-02
 0.20771719200285E-02
 0.20018841042460E-02
 0.19304532109554E-02
 0.18626482731144E-02
 0.17982533971183E-02
 0.17370672206483E-02
 0.16789015246495E-02
 0.16235803325943E-02
 0.15709392658894E-02
 0.15208245411079E-02
 0.14730923543988E-02
 0.14276080732352E-02
 0.13842457279325E-02
 0.13428871965031E-02
 0.13034219340549E-02
 0.12657463361678E-02
 0.12297631476271E-02
 0.11953811817702E-02
 0.11625149030189E-02
 0.11310839460559E-02
 0.11010128217977E-02
 0.10722305990591E-02
 0.10446705702311E-02
 0.10182700592726E-02
 0.99297006168134E-03
 0.96871497779220E-03
 0.94545251339392E-03
 0.92313334351427E-03
 0.90171104826796E-03
 0.88114175523473E-03
 0.86138413441192E-03
 0.84239917090777E-03
 0.82415001796984E-03
 0.80660187854641E-03
 0.78972184028678E-03
 0.77347881599433E-03
 0.75784339587901E-03
 0.74278775693966E-03
 0.72828553697677E-03
 0.71431180709911E-03
 0.70084291973190E-03
 0.68785647351860E-03
 0.67533123756813E-03
 0.66324706931582E-03
 0.65158484823923E-03
 0.64032643910841E-03
 0.62945460880073E-03
 0.61895299224187E-03
 0.60880603485411E-03
 0.59899895111222E-03
 0.58951767634338E-03
 0.58034883479289E-03
 0.57147969854440E-03
 0.56289814191328E-03
 0.55459262279259E-03
 0.54655214740714E-03
 0.53876622838172E-03
 0.53122487174890E-03
 0.52391856267550E-03
 0.51683820111651E-03
 0.50997509598794E-03
 0.50332099085433E-03
 0.49686796817607E-03
 0.49060846673260E-03
 0.48453526917468E-03
 0.47864147928755E-03
 0.47292049922564E-03
 0.46736601652582E-03
 0.46197198935324E-03
 0.45673264495258E-03
 0.45164245118936E-03
