 0.29882217011438E+03
 0.29882217008410E+03
 0.29882216974923E+03
 0.29882216832401E+03
 0.29882216449481E+03
 0.29882215644783E+03
 0.29882214194118E+03
 0.29882211821796E+03
 0.29882208093312E+03
 0.29882202215333E+03
 0.29882192678873E+03
 0.29882176794081E+03
 0.29882150229156E+03
 0.29882106571651E+03
 0.29882037073255E+03
 0.29881930535546E+03
 0.29881773334585E+03
 0.29881549623388E+03
 0.29881241553227E+03
 0.29880829605261E+03
 0.29880292929789E+03
 0.29879609677701E+03
 0.29878757303761E+03
 0.29877712883918E+03
 0.29876453325013E+03
 0.29874955603083E+03
 0.29873196920176E+03
 0.29871154867592E+03
 0.29868807516701E+03
 0.29866133505200E+03
 0.29863112066312E+03
 0.29859723210571E+03
 0.29855947596911E+03
 0.29851766557988E+03
 0.29847162474090E+03
 0.29842118085607E+03
 0.29836617438371E+03
 0.29830645143518E+03
 0.29824186771251E+03
 0.29817228793308E+03
 0.29809758620325E+03
 0.29801764627059E+03
 0.29793236190508E+03
 0.29784163692374E+03
 0.29774538548246E+03
 0.29764353214341E+03
 0.29753601212515E+03
 0.29742277108269E+03
 0.29730376521595E+03
 0.29717896107258E+03
 0.29704833525895E+03
 0.29691187440847E+03
 0.29676957455981E+03
 0.29662144086456E+03
 0.29646748719745E+03
 0.29630773551869E+03
 0.29614221501327E+03
 0.29597096180992E+03
 0.29579401846843E+03
 0.29561143261860E+03
 0.29542325655052E+03
 0.29522954668397E+03
 0.29503036232972E+03
 0.29482576512898E+03
 0.29461581832374E+03
 0.29440058558229E+03
 0.29418013055701E+03
 0.29395451608429E+03
 0.29372380319128E+03
 0.29348805047771E+03
 0.29324731323014E+03
 0.29300164281845E+03
 0.29275108600664E+03
 0.29249568414794E+03
 0.29223547265503E+03
 0.29197048025667E+03
 0.29170072863651E+03
 0.29142623164890E+03
 0.29114699500363E+03
 0.29086301462961E+03
 0.29057427796497E+03
 0.29028076249190E+03
 0.28998243535630E+03
 0.28967925291093E+03
 0.28937116043016E+03
 0.28905805589803E+03
 0.28873992515770E+03
 0.28841664748957E+03
 0.28808811898900E+03
 0.28775422309854E+03
 0.28741482963201E+03
 0.28706979379216E+03
 0.28671895712806E+03
 0.28636214715380E+03
 0.28599917402009E+03
 0.28562983503242E+03
 0.28525391038978E+03
 0.28487116359215E+03
 0.28448134200988E+03
 0.28408417572775E+03
 0.28367937756385E+03
 0.28326664228124E+03
 0.28284564528401E+03
 0.28241604264175E+03
 0.28197747164483E+03
 0.28152954965658E+03
 0.28107187214968E+03
 0.28060401368423E+03
 0.28012552737911E+03
 0.27963594348400E+03
 0.27913476906038E+03
 0.27862148782509E+03
 0.27809555787870E+03
 0.27755641368025E+03
 0.27700346718986E+03
 0.27643609876294E+03
 0.27585366518880E+03
 0.27525549746733E+03
 0.27464089577853E+03
 0.27400913880938E+03
 0.27335947045816E+03
 0.27269104326282E+03
 0.27200317021830E+03
 0.27129496070609E+03
 0.27056554712953E+03
 0.26981403853712E+03
 0.26903951797000E+03
 0.26824103761452E+03
 0.26741762862242E+03
 0.26656829938701E+03
 0.26569203281281E+03
 0.26478779254218E+03
 0.26385452336684E+03
 0.26289115189939E+03
 0.26189659146063E+03
 0.26086974537113E+03
 0.25980950110462E+03
 0.25871474369776E+03
 0.25758435255024E+03
 0.25641720754743E+03
 0.25521218654678E+03
 0.25396817269128E+03
 0.25268405480751E+03
 0.25135873443466E+03
 0.24999112497489E+03
 0.24858014772492E+03
 0.24712474743821E+03
 0.24562388041864E+03
 0.24407652793497E+03
 0.24248168974041E+03
 0.24083839014427E+03
 0.23914568099559E+03
 0.23740263956349E+03
 0.23560838315516E+03
 0.23376196158709E+03
 0.23186271283579E+03
 0.22990980383307E+03
 0.22790249794793E+03
 0.22584012694946E+03
 0.22372209638734E+03
 0.22154787694853E+03
 0.21931705180599E+03
 0.21702930031298E+03
 0.21468443645090E+03
 0.21228243518248E+03
 0.20982342457497E+03
 0.20730776646588E+03
 0.20473604913608E+03
 0.20210913054527E+03
 0.19942817326890E+03
 0.19669469734245E+03
 0.19391057928725E+03
 0.19107811642698E+03
 0.18820003755128E+03
 0.18527954405899E+03
 0.18232031681073E+03
 0.17932648950303E+03
 0.17630267426705E+03
 0.17325393015676E+03
 0.17018570921526E+03
 0.16710379107523E+03
 0.16401422978060E+03
 0.16092326441074E+03
 0.15783722409398E+03
 0.15476244622494E+03
 0.15170514143508E+03
 0.14867132686724E+03
 0.14566674030547E+03
 0.14269676546137E+03
 0.13976642109615E+03
 0.13688011231284E+03
 0.13404190433288E+03
 0.13125531776360E+03
 0.12852334384261E+03
 0.12584848678075E+03
 0.12323277289359E+03
 0.12067775968276E+03
 0.11818459180032E+03
 0.11575401897572E+03
 0.11338541800016E+03
 0.11108088043915E+03
 0.10883922337859E+03
 0.10666000065989E+03
 0.10454255712998E+03
 0.10248605533838E+03
 0.10048950743561E+03
 0.98551797910187E+02
 0.96671708434117E+02
 0.94847933519279E+02
 0.93079116170015E+02
 0.91363847086537E+02
 0.89700677036719E+02
 0.88088139254889E+02
 0.86524764629795E+02
 0.85009082957029E+02
 0.83539618862169E+02
 0.82114923511158E+02
 0.80733560887127E+02
 0.79394121332333E+02
 0.78095234017523E+02
 0.76835520271346E+02
 0.75613672393068E+02
 0.74428404648623E+02
 0.73278463790960E+02
 0.72162638285063E+02
 0.71079746941347E+02
 0.70028651097741E+02
 0.69008245798246E+02
 0.68017464947869E+02
 0.67055276695908E+02
 0.66120686330237E+02
 0.65212734206506E+02
 0.64330495263470E+02
 0.63473076462913E+02
 0.62639619646735E+02
 0.61829297374012E+02
 0.61041312025078E+02
 0.60274897469795E+02
 0.59529315546249E+02
 0.58803856349197E+02
 0.58097836926364E+02
 0.57410600345437E+02
 0.56741513893123E+02
 0.56089969914286E+02
 0.55455384338355E+02
 0.54837193875674E+02
 0.54234857531055E+02
 0.53647855604524E+02
 0.53075687175013E+02
 0.52517870482115E+02
 0.51973942353989E+02
 0.51443456568236E+02
 0.50925984479391E+02
 0.50421113374407E+02
 0.49928445462635E+02
 0.49447598367874E+02
 0.48978203077214E+02
 0.48519906803827E+02
 0.48072366117287E+02
 0.47635252520020E+02
 0.47208249127614E+02
 0.46791050582714E+02
 0.46383362480746E+02
 0.45984900960090E+02
 0.45595392609847E+02
 0.45214573767087E+02
 0.44842190243403E+02
 0.44477996413325E+02
 0.44121755995331E+02
 0.43773240350264E+02
 0.43432229006588E+02
 0.43098509378864E+02
 0.42771876093578E+02
 0.42452130640682E+02
 0.42139081744998E+02
 0.41832544236162E+02
 0.41532339127191E+02
 0.41238293776051E+02
 0.40950241196717E+02
 0.40668020048335E+02
 0.40391473767515E+02
 0.40120451722342E+02
 0.39854807792545E+02
 0.39594400665568E+02
 0.39339093293387E+02
 0.39088754041005E+02
 0.38843253838901E+02
 0.38602469663155E+02
 0.38366281184956E+02
 0.38134571020003E+02
 0.37907227734252E+02
 0.37684141924552E+02
 0.37465207136821E+02
 0.37250321267285E+02
 0.37039384866328E+02
 0.36832301647545E+02
 0.36628977906644E+02
 0.36429322813592E+02
 0.36233248640015E+02
 0.36040670131831E+02
