 0.13590324627398E+03
 0.13590324627407E+03
 0.13590324627574E+03
 0.13590324628371E+03
 0.13590324630033E+03
 0.13590324631260E+03
 0.13590324628428E+03
 0.13590324617377E+03
 0.13590324603593E+03
 0.13590324626043E+03
 0.13590324799304E+03
 0.13590325368513E+03
 0.13590326768705E+03
 0.13590329677177E+03
 0.13590335051462E+03
 0.13590344147688E+03
 0.13590358518750E+03
 0.13590379994386E+03
 0.13590410644356E+03
 0.13590452736063E+03
 0.13590508678093E+03
 0.13590580982105E+03
 0.13590672200407E+03
 0.13590784836377E+03
 0.13590921377684E+03
 0.13591084239937E+03
 0.13591275685052E+03
 0.13591497833764E+03
 0.13591752653540E+03
 0.13592041953120E+03
 0.13592367455083E+03
 0.13592730542854E+03
 0.13593132620539E+03
 0.13593575143498E+03
 0.13594058851073E+03
 0.13594585353673E+03
 0.13595155207815E+03
 0.13595769513951E+03
 0.13596429176788E+03
 0.13597135112602E+03
 0.13597888225169E+03
 0.13598689428699E+03
 0.13599539655084E+03
 0.13600439864478E+03
 0.13601391054933E+03
 0.13602394269117E+03
 0.13603450601213E+03
 0.13604561204807E+03
 0.13605727299165E+03
 0.13606950174522E+03
 0.13608231205341E+03
 0.13609571851460E+03
 0.13610973672689E+03
 0.13612438337743E+03
 0.13613967626566E+03
 0.13615563450139E+03
 0.13617227890438E+03
 0.13618963203789E+03
 0.13620771691480E+03
 0.13622655985595E+03
 0.13624618858387E+03
 0.13626663298968E+03
 0.13628792525956E+03
 0.13631010003626E+03
 0.13633319473406E+03
 0.13635724957116E+03
 0.13638230748447E+03
 0.13640841464579E+03
 0.13643562056759E+03
 0.13646397807798E+03
 0.13649354380904E+03
 0.13652437806275E+03
 0.13655654507867E+03
 0.13659011319096E+03
 0.13662515501035E+03
 0.13666174749640E+03
 0.13669997212107E+03
 0.13673991505683E+03
 0.13678166706053E+03
 0.13682532528884E+03
 0.13687099080076E+03
 0.13691877027608E+03
 0.13696877598412E+03
 0.13702112591287E+03
 0.13707594394999E+03
 0.13713339766216E+03
 0.13719355532839E+03
 0.13725659164573E+03
 0.13732265653232E+03
 0.13739190638679E+03
 0.13746450515659E+03
 0.13754062419992E+03
 0.13762044276979E+03
 0.13770414812427E+03
 0.13779193732262E+03
 0.13788401359972E+03
 0.13798059052069E+03
 0.13808189126113E+03
 0.13818814847906E+03
 0.13829960511932E+03
 0.13841651464945E+03
 0.13853914095624E+03
 0.13866776053896E+03
 0.13880266211166E+03
 0.13894414616735E+03
 0.13909252601905E+03
 0.13924812982498E+03
 0.13941129960973E+03
 0.13958239192027E+03
 0.13976177898910E+03
 0.13994984944072E+03
 0.14014700861649E+03
 0.14035367919579E+03
 0.14057030334889E+03
 0.14079733923722E+03
 0.14103526926301E+03
 0.14128459337230E+03
 0.14154583191874E+03
 0.14181952977623E+03
 0.14210624998265E+03
 0.14240658471307E+03
 0.14272120294368E+03
 0.14305063472699E+03
 0.14339559249699E+03
 0.14375676754303E+03
 0.14413487091985E+03
 0.14453063917996E+03
 0.14494484714040E+03
 0.14537828664501E+03
 0.14583177768736E+03
 0.14630616978837E+03
 0.14680233977550E+03
 0.14732118926573E+03
 0.14786365145826E+03
 0.14843068353953E+03
 0.14902326892403E+03
 0.14964242150521E+03
 0.15028917969024E+03
 0.15096461012421E+03
 0.15166980715350E+03
 0.15240589024864E+03
 0.15317401097565E+03
 0.15397534911795E+03
 0.15481111291232E+03
 0.15568254475134E+03
 0.15659092418575E+03
 0.15753756066509E+03
 0.15852381018591E+03
 0.15955106881083E+03
 0.16062078300863E+03
 0.16173444887441E+03
 0.16289361664665E+03
 0.16409990421213E+03
 0.16535498756877E+03
 0.16666070319094E+03
 0.16801874684655E+03
 0.16943109347517E+03
 0.17089976315402E+03
 0.17242686089412E+03
 0.17401458726457E+03
 0.17566526770098E+03
 0.17738131001318E+03
 0.17916523858709E+03
 0.18101968904509E+03
 0.18294738378923E+03
 0.18495117779760E+03
 0.18703396471441E+03
 0.18919873463469E+03
 0.19144851847267E+03
 0.19378639631635E+03
 0.19621542294383E+03
 0.19873864092072E+03
 0.20135901012769E+03
 0.20407938040609E+03
 0.20690242456621E+03
 0.20983059580459E+03
 0.21286610837139E+03
 0.21601084331014E+03
 0.21926630869195E+03
 0.22263359926375E+03
 0.22611342172831E+03
 0.22970594527371E+03
 0.23341089768796E+03
 0.23722748135902E+03
 0.24115445156464E+03
 0.24519007992514E+03
 0.24933221542732E+03
 0.25357831206832E+03
 0.25792545320275E+03
 0.26237032958535E+03
 0.26690962484348E+03
 0.27153955448737E+03
 0.27625623029874E+03
 0.28105566897108E+03
 0.28593378503482E+03
 0.29088643253774E+03
 0.29590947672881E+03
 0.30099878533406E+03
 0.30615022877663E+03
 0.31135944670729E+03
 0.31662307236144E+03
 0.32193686496023E+03
 0.32729699915636E+03
 0.33269972938395E+03
 0.33814140867282E+03
 0.34361848258807E+03
 0.34912749331074E+03
 0.35466509156133E+03
 0.36022803818419E+03
 0.36581314035826E+03
 0.37141732329407E+03
 0.37703765029601E+03
 0.38267122749422E+03
 0.38831523239977E+03
 0.39396693205354E+03
 0.39962371221762E+03
 0.40528300648370E+03
 0.41094233389429E+03
 0.41659928602954E+03
 0.42225145694575E+03
 0.42789669536096E+03
 0.43353273848151E+03
 0.43915744403530E+03
 0.44476874625325E+03
 0.45036462149157E+03
 0.45594313041571E+03
 0.46150237113892E+03
 0.46704051461100E+03
 0.47255578098980E+03
 0.47804645510492E+03
 0.48351087236347E+03
 0.48894742368963E+03
 0.49435454513659E+03
 0.49973075170155E+03
 0.50507458460980E+03
 0.51038464774801E+03
 0.51565960669160E+03
 0.52089816528360E+03
 0.52609908625802E+03
 0.53126117447703E+03
 0.53638329521575E+03
 0.54146434975366E+03
 0.54650331403742E+03
 0.55149919125507E+03
 0.55645103198346E+03
 0.56135795068282E+03
 0.56621910179281E+03
 0.57103367981355E+03
 0.57580093389002E+03
 0.58052016057129E+03
 0.58519070074222E+03
 0.58981194455667E+03
 0.59438331094599E+03
 0.59890426889341E+03
 0.60337434414424E+03
 0.60779308709099E+03
 0.61216010346680E+03
 0.61647502126963E+03
 0.62073753318381E+03
 0.62494735515267E+03
 0.62910424344985E+03
 0.63320799439744E+03
 0.63725843704789E+03
 0.64125544677596E+03
 0.64519892266195E+03
 0.64908880122333E+03
 0.65292505046469E+03
 0.65670767836010E+03
 0.66043671181542E+03
 0.66411221907873E+03
 0.66773429325844E+03
 0.67130305414592E+03
 0.67481864864964E+03
 0.67828125430525E+03
 0.68169106807015E+03
 0.68504831622420E+03
 0.68835324509020E+03
 0.69160612607787E+03
 0.69480725032524E+03
 0.69795693109204E+03
 0.70105549809972E+03
 0.70410330046260E+03
 0.70710070938387E+03
 0.71004810682151E+03
 0.71294589114350E+03
 0.71579448158845E+03
 0.71859430701234E+03
 0.72134580188195E+03
 0.72404942654913E+03
 0.72670565401413E+03
 0.72931494627327E+03
 0.73187779652627E+03
 0.73439470237615E+03
 0.73686616691233E+03
 0.73929269964093E+03
 0.74167481917121E+03
 0.74401305152540E+03
 0.74630793031882E+03
 0.74855998724853E+03
 0.75076976341292E+03
