 0.00000000000000E+00
 0.00000000000000E+00
 0.00000000000000E+00
 0.00000000000000E+00
 0.11082470493891E-35
 0.23470971702686E-31
 0.28870619539213E-28
 0.59965350875198E-26
 0.38050265587444E-24
 0.10527481249286E-22
 0.15926374589911E-21
 0.15320734916998E-20
 0.10403753240573E-19
 0.53735518279859E-19
 0.22297909922702E-18
 0.77450960933307E-18
 0.23237272671727E-17
 0.61709824551417E-17
 0.14789691676555E-16
 0.32502605072029E-16
 0.66442560569099E-16
 0.12836531424162E-15
 0.24000396000021E-15
 0.45245240619316E-15
 0.91457677013428E-15
 0.20928514024754E-14
 0.54097620610757E-14
 0.14930697639648E-13
 0.41457136849533E-13
 0.11172772168875E-12
 0.57408064144141E-08
 0.77662310332469E-08
 0.10317260756379E-07
 0.29620338152429E-07
 0.38122342975388E-07
 0.76088472380112E-07
 0.11744176320381E-06
 0.17725321595223E-06
 0.26206065794645E-06
 0.38013376678591E-06
 0.54177755821134E-06
 0.75965899763701E-06
 0.10491554920154E-05
 0.14287231285972E-05
 0.19202829607348E-05
 0.25496238805749E-05
 0.33468180421969E-05
 0.43466511294040E-05
 0.55890628104502E-05
 0.71195979783590E-05
 0.89898632938900E-05
 0.11257994955055E-04
 0.13989130372623E-04
 0.17255887249927E-04
 0.21138843117940E-04
 0.25727023626600E-04
 0.31118390294859E-04
 0.37420313707616E-04
 0.44750115595460E-04
 0.53235508767717E-04
 0.63015088948865E-04
 0.74238881528593E-04
 0.87068831017223E-04
 0.10167924473481E-03
 0.11825731995228E-03
 0.13700363852998E-03
 0.15813260408939E-03
 0.18187307840041E-03
 0.20846871004669E-03
 0.23817853811133E-03
 0.27127747926197E-03
 0.30805666047547E-03
 0.34882402110623E-03
 0.39390510930472E-03
 0.44364308165738E-03
 0.49839949630642E-03
 0.55855443851227E-03
 0.62450789407312E-03
 0.69667941440438E-03
 0.77550905887639E-03
 0.86145771222962E-03
 0.95500782152031E-03
 0.10566637237202E-02
 0.11669523452701E-02
 0.12864240890779E-02
 0.14157996396169E-02
 0.15554096306283E-02
 0.17060027776501E-02
 0.18682290139796E-02
 0.20427641945663E-02
 0.22303108163053E-02
 0.24316006501502E-02
 0.26473936233685E-02
 0.28784788713449E-02
 0.31256764200326E-02
 0.33898337326922E-02
 0.36718329938714E-02
 0.39725896910857E-02
 0.42930515823497E-02
 0.46342005580695E-02
 0.49970534071564E-02
 0.53826627458907E-02
 0.57921195564929E-02
 0.62265532183415E-02
 0.66871294805100E-02
 0.71750523942474E-02
 0.76915706225529E-02
 0.82379723717808E-02
 0.88155861136759E-02
 0.94257837032679E-02
 0.10069980585121E-01
 0.10749634493357E-01
 0.11466249825385E-01
 0.12221373811825E-01
 0.13016587036458E-01
 0.13853532352512E-01
 0.14733884875369E-01
 0.15659360073614E-01
 0.16631722692516E-01
 0.17652767370237E-01
 0.18724338929917E-01
 0.19848519966766E-01
 0.21026830831781E-01
 0.22261385697530E-01
 0.23554157958121E-01
 0.24907132736203E-01
 0.26322311719152E-01
 0.27801724910396E-01
 0.29347396766103E-01
 0.30961350147076E-01
 0.32645611039762E-01
 0.34402188449574E-01
 0.36233068854005E-01
 0.38140215446712E-01
 0.40125548381029E-01
 0.42190939459288E-01
 0.44338220733069E-01
 0.46569150224653E-01
 0.48885421210196E-01
 0.51288645896356E-01
 0.53780357500132E-01
 0.56362000811548E-01
 0.59034927460301E-01
 0.61800383108978E-01
 0.64659513702236E-01
 0.67613377640097E-01
 0.70662913158341E-01
 0.73808972860166E-01
 0.77052303690893E-01
 0.80393556032854E-01
 0.83833294943853E-01
 0.87371992298026E-01
 0.91010039439772E-01
 0.94747739734493E-01
 0.98585555248482E-01
 0.10252323732376E+00
 0.10656105906383E+00
 0.11069904375785E+00
 0.11493713478672E+00
 0.11927517533244E+00
 0.12371293185651E+00
 0.12825002537946E+00
 0.13288597569931E+00
 0.13762012195002E+00
 0.14245159657807E+00
 0.14737934824875E+00
 0.15240200022208E+00
 0.15751786669115E+00
 0.16272488141149E+00
 0.16802054045758E+00
 0.17340180086682E+00
 0.17886508628794E+00
 0.18440616398427E+00
 0.19002011608974E+00
 0.19570125998361E+00
 0.20144311627781E+00
 0.20723844709229E+00
 0.21307918812965E+00
 0.21895647675612E+00
 0.22486073955886E+00
 0.23078177885355E+00
 0.23670885570529E+00
 0.24263082707367E+00
 0.24853630936412E+00
 0.25441381190595E+00
 0.26025199039931E+00
 0.26603975972420E+00
 0.27176645796793E+00
 0.27742199895013E+00
 0.28299689525084E+00
 0.28848276563425E+00
 0.29387179850234E+00
 0.29915718016740E+00
 0.30433307718898E+00
 0.30939457094390E+00
 0.31433765334067E+00
 0.31915922478532E+00
 0.32385699827298E+00
 0.32842946073726E+00
 0.33287719916788E+00
 0.33719731681462E+00
 0.34139156198919E+00
 0.34546085486540E+00
 0.34940655037892E+00
 0.35323038393437E+00
 0.35693440855974E+00
 0.36052094733956E+00
 0.36399254287949E+00
 0.36735192220915E+00
 0.37060192739033E+00
 0.37374551168413E+00
 0.37678571011759E+00
 0.37972559752414E+00
 0.38256825790595E+00
 0.38531677686891E+00
 0.38797424205573E+00
 0.39054369414178E+00
 0.39302813863309E+00
 0.39543052526678E+00
 0.39775372176716E+00
 0.40000060124336E+00
 0.40217389218878E+00
 0.40427627088558E+00
 0.40631034035538E+00
 0.40827861600309E+00
 0.41018354214162E+00
 0.41202747276776E+00
 0.41381268664662E+00
 0.41554137842107E+00
 0.41721566677498E+00
 0.41883759032572E+00
 0.42040911108800E+00
 0.42193211576746E+00
 0.42340842139043E+00
 0.42483977007010E+00
 0.42622783724339E+00
 0.42757423340456E+00
 0.42888050248627E+00
 0.43014812718234E+00
 0.43137853048212E+00
 0.43257307774515E+00
 0.43373307861142E+00
 0.43485979070538E+00
 0.43595441935884E+00
 0.43701812005116E+00
 0.43805200324658E+00
 0.43905713337300E+00
 0.44003453021156E+00
 0.44098517377807E+00
 0.44191000396312E+00
 0.44280992215361E+00
 0.44368579421073E+00
 0.44453844991038E+00
 0.44536868605676E+00
 0.44617726823446E+00
 0.44696493072871E+00
 0.44773237955063E+00
 0.44848029007604E+00
 0.44920931474824E+00
 0.44992007811366E+00
 0.45061318058589E+00
 0.45128919922366E+00
 0.45194868876440E+00
 0.45259218265105E+00
 0.45322019360258E+00
 0.45383321470491E+00
 0.45443172004161E+00
 0.45501616641043E+00
 0.45558699251197E+00
 0.45614462128390E+00
 0.45668945979362E+00
 0.45722189947860E+00
 0.45774231769773E+00
 0.45825107805663E+00
 0.45874853042717E+00
 0.45923501227449E+00
 0.45971084902348E+00
 0.46017635400466E+00
 0.46063182949595E+00
 0.46107756697300E+00
 0.46151384808094E+00
 0.46194094373121E+00
 0.46235911586030E+00
 0.46276861723353E+00
 0.46316969211011E+00
 0.46356257543762E+00
 0.46394749565220E+00
 0.46432467158210E+00
 0.46469431581004E+00
 0.46505663451022E+00
 0.46541182489271E+00
 0.46576007887292E+00
 0.46610158245137E+00
 0.46643651457017E+00
 0.46676504863708E+00
 0.46708735239729E+00
 0.46740358842176E+00
 0.46771391400506E+00
 0.46801848107384E+00
 0.46831743684903E+00
