 0.69358241124443E+01
 0.69358241124443E+01
 0.69358241124459E+01
 0.69358241124648E+01
 0.69358241130742E+01
 0.69358241138514E+01
 0.69358241142070E+01
 0.69358241165316E+01
 0.69358241211818E+01
 0.69358241291167E+01
 0.69358241410644E+01
 0.69358241559927E+01
 0.69358241747802E+01
 0.69358241919706E+01
 0.69358241994365E+01
 0.69358241849791E+01
 0.69358241271637E+01
 0.69358240025158E+01
 0.69358237748913E+01
 0.69358233998489E+01
 0.69358228244412E+01
 0.69358219867319E+01
 0.69358208126679E+01
 0.69358192224489E+01
 0.69358171244500E+01
 0.69358144222749E+01
 0.69358110089640E+01
 0.69358067754917E+01
 0.69358016073513E+01
 0.69357953835535E+01
 0.69357879845076E+01
 0.69357792934318E+01
 0.69357691915316E+01
 0.69357575632301E+01
 0.69357442970209E+01
 0.69357292811286E+01
 0.69357124164514E+01
 0.69356936033411E+01
 0.69356727525754E+01
 0.69356497771844E+01
 0.69356245951728E+01
 0.69355971291946E+01
 0.69355673085570E+01
 0.69355350634683E+01
 0.69355003271197E+01
 0.69354630326931E+01
 0.69354231170960E+01
 0.69353805136452E+01
 0.69353351550730E+01
 0.69352869707893E+01
 0.69352358834413E+01
 0.69351818142558E+01
 0.69351246745952E+01
 0.69350643681537E+01
 0.69350007916410E+01
 0.69349338316084E+01
 0.69348633607238E+01
 0.69347892449878E+01
 0.69347113287912E+01
 0.69346294527716E+01
 0.69345434349300E+01
 0.69344530840675E+01
 0.69343581856853E+01
 0.69342585118343E+01
 0.69341538197487E+01
 0.69340438393832E+01
 0.69339282888790E+01
 0.69338068617592E+01
 0.69336792318033E+01
 0.69335450493776E+01
 0.69334039424419E+01
 0.69332555139330E+01
 0.69330993431566E+01
 0.69329349830698E+01
 0.69327619599865E+01
 0.69325797708526E+01
 0.69323878865705E+01
 0.69321857459311E+01
 0.69319727546308E+01
 0.69317482871110E+01
 0.69315116824307E+01
 0.69312622482247E+01
 0.69309992525376E+01
 0.69307219217496E+01
 0.69304294455744E+01
 0.69301208892026E+01
 0.69297954951160E+01
 0.69294522522491E+01
 0.69290901656604E+01
 0.69287081870741E+01
 0.69283052221047E+01
 0.69278801133435E+01
 0.69274316454675E+01
 0.69269585408235E+01
 0.69264594606944E+01
 0.69259329984441E+01
 0.69253776735389E+01
 0.69247919311059E+01
 0.69241741392199E+01
 0.69235225867766E+01
 0.69228354696659E+01
 0.69221108996424E+01
 0.69213468945564E+01
 0.69205413671898E+01
 0.69196921381139E+01
 0.69187969107940E+01
 0.69178532791623E+01
 0.69168587185789E+01
 0.69158105823930E+01
 0.69147060921977E+01
 0.69135423405517E+01
 0.69123162747085E+01
 0.69110246995039E+01
 0.69096642701698E+01
 0.69082314824252E+01
 0.69067226676184E+01
 0.69051339900769E+01
 0.69034614415737E+01
 0.69017008235070E+01
 0.68998477669896E+01
 0.68978976949082E+01
 0.68958457233927E+01
 0.68936871133033E+01
 0.68914165819874E+01
 0.68890287363261E+01
 0.68865179742720E+01
 0.68838784744346E+01
 0.68811041943466E+01
 0.68781888633689E+01
 0.68751259937005E+01
 0.68719088649843E+01
 0.68685305304899E+01
 0.68649838229005E+01
 0.68612613438438E+01
 0.68573554811167E+01
 0.68532584026131E+01
 0.68489620541202E+01
 0.68444581841549E+01
 0.68397383371646E+01
 0.68347938598497E+01
 0.68296159132578E+01
 0.68241954666756E+01
 0.68185233251106E+01
 0.68125901303119E+01
 0.68063863601835E+01
 0.67999023444856E+01
 0.67931282869189E+01
 0.67860542415664E+01
 0.67786701510233E+01
 0.67709658311695E+01
 0.67629310173337E+01
 0.67545553355567E+01
 0.67458282964458E+01
 0.67367393631424E+01
 0.67272778149209E+01
 0.67174330588326E+01
 0.67071942890386E+01
 0.66965506649977E+01
 0.66854912479204E+01
 0.66740051241655E+01
 0.66620812391935E+01
 0.66497085746761E+01
 0.66368760222096E+01
 0.66235724339784E+01
 0.66097866401300E+01
 0.65955074124566E+01
 0.65807234868333E+01
 0.65654235678932E+01
 0.65495963130661E+01
 0.65332303441840E+01
 0.65163142789080E+01
 0.64988366400739E+01
 0.64807859314367E+01
 0.64621505925693E+01
 0.64429190406590E+01
 0.64230796254399E+01
 0.64026206163508E+01
 0.63815302315674E+01
 0.63597966201405E+01
 0.63374078727521E+01
 0.63143519672227E+01
 0.62906168019593E+01
 0.62661901938446E+01
 0.62410598669847E+01
 0.62152135156606E+01
 0.61886386967829E+01
 0.61613228912569E+01
 0.61332533920080E+01
 0.61044175369066E+01
 0.60748025930310E+01
 0.60443956056737E+01
 0.60131836939303E+01
 0.59811538556541E+01
 0.59482929799690E+01
 0.59145879168532E+01
 0.58800254327909E+01
 0.58445922702808E+01
 0.58082750325219E+01
 0.57710603741551E+01
 0.57329347621298E+01
 0.56938846876879E+01
 0.56538965810736E+01
 0.56129567925879E+01
 0.55710516292074E+01
 0.55281673151179E+01
 0.54842900359056E+01
 0.54394059050867E+01
 0.53935009977603E+01
 0.53465612983171E+01
 0.52985727912298E+01
 0.52495213946279E+01
 0.51993928638717E+01
 0.51481729330428E+01
 0.50958473759932E+01
 0.50424018984827E+01
 0.49878218940076E+01
 0.49320930430104E+01
 0.48752007421628E+01
 0.48171303943421E+01
 0.47578673201632E+01
 0.46973968351299E+01
 0.46357041298361E+01
 0.45727743381792E+01
 0.45085924916005E+01
 0.44431436926768E+01
 0.43764128455325E+01
 0.43083848528016E+01
 0.42390445501826E+01
 0.41683767206993E+01
 0.40963660538374E+01
 0.40229972220682E+01
 0.39482548013317E+01
 0.38721233170886E+01
 0.37945872352730E+01
 0.37156309572668E+01
 0.36352388452604E+01
 0.35533951470568E+01
 0.34700841221769E+01
 0.33852898935656E+01
 0.32989965819063E+01
 0.32111882535312E+01
 0.31218488687248E+01
 0.30309623294291E+01
 0.29385125329530E+01
 0.28444832955214E+01
 0.27488583156734E+01
 0.26516213161171E+01
 0.25527559167593E+01
 0.24522457059940E+01
 0.23500741691136E+01
 0.22462247544356E+01
 0.21406808671720E+01
 0.20334258389993E+01
 0.19244429622361E+01
 0.18137154345617E+01
 0.17012264423283E+01
 0.15869590326203E+01
 0.14708963923484E+01
 0.13530213632766E+01
 0.12333169314239E+01
 0.11117659683213E+01
 0.98835130840516E+00
 0.86305569457445E+00
 0.73586182247635E+00
 0.60675232619551E+00
 0.47570983427615E+00
 0.34271685855225E+00
 0.20775584525079E+00
 0.70809267293328E-01
-0.68140570401843E-01
-0.20911134530590E+00
-0.35212083439636E+00
-0.49718681333442E+00
-0.64432717804042E+00
-0.79355981783094E+00
-0.94490275452696E+00
-0.10983740114797E+01
-0.12539917029804E+01
-0.14117739640831E+01
-0.15717389833308E+01
-0.17339050872131E+01
-0.18982905656197E+01
-0.20649138147551E+01
-0.22337932606839E+01
-0.24049474192616E+01
-0.25783948118939E+01
-0.27541541207042E+01
-0.29322439048355E+01
-0.31126829204876E+01
-0.32954900955619E+01
-0.34806840652280E+01
-0.36682837731086E+01
-0.38583082603157E+01
-0.40507764710061E+01
-0.42457074985869E+01
-0.44431204087979E+01
-0.46430344381813E+01
-0.48454688423994E+01
-0.50504428910942E+01
-0.52579759173780E+01
