 0.00000000000000E+00
-0.28617497016887E-05
-0.31240248014368E-04
-0.12457028113233E-03
-0.30782245694761E-03
-0.59599314693271E-03
-0.97990482215647E-03
-0.14436606402774E-02
-0.19743871077964E-02
-0.25474440151007E-02
-0.31379356748925E-02
-0.37111416882922E-02
-0.42291473649775E-02
-0.46465196169007E-02
-0.49157362236408E-02
-0.49911446081742E-02
-0.48299853456149E-02
-0.43950084556246E-02
-0.36574664831976E-02
-0.25965192081732E-02
-0.11997598530127E-02
 0.53679251341864E-03
 0.26090414828611E-02
 0.50061595122396E-02
 0.77089737816455E-02
 0.10694516289484E-01
 0.13933606362050E-01
 0.17393353529887E-01
 0.21039454202446E-01
 0.24838989152691E-01
 0.28754061372611E-01
 0.32746550467444E-01
 0.36780811917172E-01
 0.40824418488959E-01
 0.44847889825951E-01
 0.48823835061560E-01
 0.52728909850914E-01
 0.56543344946585E-01
 0.60252210414543E-01
 0.63842488688527E-01
 0.67304792705601E-01
 0.70634332944208E-01
 0.73829434566414E-01
 0.76891346868963E-01
 0.79823972205646E-01
 0.82633571980052E-01
 0.85328422607010E-01
 0.87917530232843E-01
 0.90414444245556E-01
 0.92830448650844E-01
 0.95178931246777E-01
 0.97473866259595E-01
 0.99729635673740E-01
 0.10196078074964E+00
 0.10418167013008E+00
 0.10640762337457E+00
 0.10865208701489E+00
 0.11092866499351E+00
 0.11325103866646E+00
 0.11563193062367E+00
 0.11808431243222E+00
 0.12062015272286E+00
 0.12324988046904E+00
 0.12598482718849E+00
 0.12883391762863E+00
 0.13180601319987E+00
 0.13490966234646E+00
 0.13815305699905E+00
 0.14154375014276E+00
 0.14508877347148E+00
 0.14879400921150E+00
 0.15266531943354E+00
 0.15670783521799E+00
 0.16092641695396E+00
 0.16532542311143E+00
 0.16990885563288E+00
 0.17468032942645E+00
 0.17964315559144E+00
 0.18480042274003E+00
 0.19015451198374E+00
 0.19570851765633E+00
 0.20146468227650E+00
 0.20742486345593E+00
 0.21359116482210E+00
 0.21996540814055E+00
 0.22654931855259E+00
 0.23334480651765E+00
 0.24035361675861E+00
 0.24757752391835E+00
 0.25501795043443E+00
 0.26267658650067E+00
 0.27055505359279E+00
 0.27865525003381E+00
 0.28697809548011E+00
 0.29552580937881E+00
 0.30429985743528E+00
 0.31330225175466E+00
 0.32253454876994E+00
 0.33199909109627E+00
 0.34169797123359E+00
 0.35163294125527E+00
 0.36180588491141E+00
 0.37221888636729E+00
 0.38287389204353E+00
 0.39377293213109E+00
 0.40491788558459E+00
 0.41631062461151E+00
 0.42795290362842E+00
 0.43984633673461E+00
 0.45199224340496E+00
 0.46439203969680E+00
 0.47704582081077E+00
 0.48995463141843E+00
 0.50311846994078E+00
 0.51653696546411E+00
 0.53020914799159E+00
 0.54413362121088E+00
 0.55830809440909E+00
 0.57272997473279E+00
 0.58739555063733E+00
 0.60230017572272E+00
 0.61743856040180E+00
 0.63280425153703E+00
 0.64838976624579E+00
 0.66418630099050E+00
 0.68018404742438E+00
 0.69637188159492E+00
 0.71273680902774E+00
 0.72926483833215E+00
 0.74594018064037E+00
 0.76274533362682E+00
 0.77966082476137E+00
 0.79666630051676E+00
 0.81373884569496E+00
 0.83085477484070E+00
 0.84798817735962E+00
 0.86511133228899E+00
 0.88219558922838E+00
 0.89921012080640E+00
 0.91612330672254E+00
 0.93290274200166E+00
 0.94951572288729E+00
 0.96593022115666E+00
 0.98211584774558E+00
 0.99804450750286E+00
 0.10136904997402E+01
 0.10290322109854E+01
 0.10440523360978E+01
 0.10587383433190E+01
 0.10730826618249E+01
 0.10870826155816E+01
 0.11007402210676E+01
 0.11140617529547E+01
 0.11270572294847E+01
 0.11397397787424E+01
 0.11521249473981E+01
 0.11642300631839E+01
 0.11760737275133E+01
 0.11876751734104E+01
 0.11990537863840E+01
 0.12102288188922E+01
 0.12212189799412E+01
 0.12320422553149E+01
 0.12427157642062E+01
 0.12532555295950E+01
 0.12636765654417E+01
 0.12739927371281E+01
 0.12842167687752E+01
 0.12943603096929E+01
 0.13044339375919E+01
 0.13144472440996E+01
 0.13244088679049E+01
 0.13343265447180E+01
 0.13442072016113E+01
 0.13540569992598E+01
 0.13638814240185E+01
 0.13736853174481E+01
 0.13834729196932E+01
 0.13932479407071E+01
 0.14030136553885E+01
 0.14127728855759E+01
 0.14225280561003E+01
 0.14322812578937E+01
 0.14420342596071E+01
 0.14517885538036E+01
 0.14615453787558E+01
 0.14713057422728E+01
 0.14810704468822E+01
 0.14908401203509E+01
 0.15006152204117E+01
 0.15103960564550E+01
 0.15201828164084E+01
 0.15299755516174E+01
 0.15397742248646E+01
 0.15495787023900E+01
 0.15593887592437E+01
 0.15692040956292E+01
 0.15790243528316E+01
 0.15888491050703E+01
 0.15986778537706E+01
 0.16085101208106E+01
 0.16183453151980E+01
 0.16281828344833E+01
 0.16380220456882E+01
 0.16478622806210E+01
 0.16577028561387E+01
 0.16675430638642E+01
 0.16773821706413E+01
 0.16872194359136E+01
 0.16970541071209E+01
 0.17068854034325E+01
 0.17167125680931E+01
 0.17265347974888E+01
 0.17363513245553E+01
 0.17461613438908E+01
 0.17559640651733E+01
 0.17657587016266E+01
 0.17755444564045E+01
 0.17853205382465E+01
 0.17950861648385E+01
 0.18048405476654E+01
 0.18145829162903E+01
 0.18243124922415E+01
 0.18340285133162E+01
 0.18437302261311E+01
 0.18534168725975E+01
 0.18630877137085E+01
 0.18727420228893E+01
 0.18823790673722E+01
 0.18919981522821E+01
 0.19015985589249E+01
 0.19111796072618E+01
 0.19207406200381E+01
 0.19302809174378E+01
 0.19397998532905E+01
 0.19492967842253E+01
 0.19587710734702E+01
 0.19682221081206E+01
 0.19776492781736E+01
 0.19870519947588E+01
 0.19964296774579E+01
 0.20057817565024E+01
 0.20151076812146E+01
 0.20244069109934E+01
 0.20336789211463E+01
 0.20429231916109E+01
 0.20521392484946E+01
 0.20613265757660E+01
 0.20704847103187E+01
 0.20796132057488E+01
 0.20887116116142E+01
 0.20977794892856E+01
 0.21068164152084E+01
 0.21158219964905E+01
 0.21247958299047E+01
 0.21337375422669E+01
 0.21426467541231E+01
 0.21515231298051E+01
 0.21603663112520E+01
 0.21691759769181E+01
 0.21779518059794E+01
 0.21866935017585E+01
 0.21954007562490E+01
 0.22040733059042E+01
 0.22127108716887E+01
 0.22213131967481E+01
 0.22298800339849E+01
 0.22384111458999E+01
 0.22469063260840E+01
 0.22553653376337E+01
 0.22637879981688E+01
 0.22721741090986E+01
 0.22805234912925E+01
 0.22888359733335E+01
 0.22971113887997E+01
 0.23053496010835E+01
 0.23135504489010E+01
 0.23217138294168E+01
 0.23298396022911E+01
 0.23379276512852E+01
 0.23459778831349E+01
 0.23539902004659E+01
 0.23619645079758E+01
 0.23699007382973E+01
 0.23777988198994E+01
 0.23856586842268E+01
 0.23934802817423E+01
 0.24012635659657E+01
 0.24090085019559E+01
 0.24167150521701E+01
 0.24243831910739E+01
 0.24320129047945E+01
 0.24396041800196E+01
 0.24471570162968E+01
 0.24546714201331E+01
 0.24621473894062E+01
 0.24695849395134E+01
 0.24769840992114E+01
 0.24843448917190E+01
 0.24916673513558E+01
