 0.00000000000000E+00
 0.56629993259740E-24
 0.34352647310743E-22
 0.44782941031133E-21
 0.31694812960419E-20
 0.11072526836824E-19
 0.49495928783737E-12
 0.87895620429642E-11
 0.59192897776119E-11
 0.37184143207861E-11
-0.30156309628177E-11
 0.70611966991872E-11
 0.10560545481531E-10
-0.17062197977182E-10
 0.82240724780965E-08
 0.36390566898851E-08
-0.10363592584653E-08
-0.39199441022308E-08
 0.35916531316839E-08
 0.26802183878718E-07
 0.10287109670586E-06
 0.19038496678730E-06
 0.42888695780217E-06
 0.84748939956857E-06
 0.15255652976873E-05
 0.28676426064570E-05
 0.50410863828691E-05
 0.83873112511735E-05
 0.13794026610815E-04
 0.21649909357814E-04
 0.33173294911242E-04
 0.49420064291809E-04
 0.71859559315738E-04
 0.10213726730370E-03
 0.14210921621326E-03
 0.19413130024516E-03
 0.26047918177393E-03
 0.34390974796530E-03
 0.44755484088508E-03
 0.57405517807909E-03
 0.72673559419999E-03
 0.90980367836679E-03
 0.11264066028144E-02
 0.13803096753418E-02
 0.16756661358713E-02
 0.20161994021018E-02
 0.24061725882766E-02
 0.28496435879968E-02
 0.33506461630430E-02
 0.39135022444933E-02
 0.45423266846314E-02
 0.52413332321889E-02
 0.60147821474434E-02
 0.68779058959002E-02
 0.76357504938104E-02
 0.87947527193107E-02
 0.10083720343914E-01
 0.11366753204006E-01
 0.12666949427350E-01
 0.13894888833426E-01
 0.15217238105665E-01
 0.16801635457640E-01
 0.18583389442581E-01
 0.20666192260145E-01
 0.22868639898841E-01
 0.25047265146109E-01
 0.27195989152764E-01
 0.29432922558689E-01
 0.31970197259323E-01
 0.34902659792867E-01
 0.37754095113155E-01
 0.40800380194308E-01
 0.44051189393020E-01
 0.47482357760990E-01
 0.51102536347089E-01
 0.54922818068532E-01
 0.58950147386508E-01
 0.63224372812601E-01
 0.67949254117725E-01
 0.72096153093423E-01
 0.76995322970179E-01
 0.82573894600031E-01
 0.88344066165641E-01
 0.94541344624462E-01
 0.10077030364153E+00
 0.10699375755885E+00
 0.11349475834556E+00
 0.12038890098172E+00
 0.12759076119371E+00
 0.13548781111660E+00
 0.14388836240714E+00
 0.15295217616560E+00
 0.16282944541501E+00
 0.17281549241078E+00
 0.18316131196598E+00
 0.19393589468699E+00
 0.20548025429609E+00
 0.21627475679940E+00
 0.22824202802598E+00
 0.24209852339576E+00
 0.25687489742866E+00
 0.27185310118693E+00
 0.28817109143980E+00
 0.30473048326949E+00
 0.32207616424918E+00
 0.34005932421119E+00
 0.35879121161536E+00
 0.37853221353416E+00
 0.39958629703438E+00
 0.42184941196163E+00
 0.44635920499189E+00
 0.47002366282723E+00
 0.49604016769267E+00
 0.52347926399516E+00
 0.55269619217387E+00
 0.58259254819806E+00
 0.61375135316521E+00
 0.64403063889228E+00
 0.67621245057365E+00
 0.70956331052740E+00
 0.74157098101323E+00
 0.77292614690550E+00
 0.80333178071400E+00
 0.83299008026472E+00
 0.86004010915508E+00
 0.88682261456432E+00
 0.91526754009306E+00
 0.94285431947940E+00
 0.96718205591958E+00
 0.98648515536674E+00
 0.99395789581075E+00
 0.97777115015692E+00
 0.93049176164133E+00
 0.84194637588308E+00
 0.70804567626467E+00
 0.52963503931352E+00
 0.31134095014740E+00
 0.66624126838229E-01
-0.18992548413110E+00
-0.44058088485151E+00
-0.66703516267998E+00
-0.85409220069412E+00
-0.98942371660537E+00
-0.10651540571385E+01
-0.10802116446290E+01
-0.10401261620985E+01
-0.95436985241787E+00
-0.83617972745898E+00
-0.69867514215208E+00
-0.55486907724400E+00
-0.41534271656461E+00
-0.28754728979022E+00
-0.17667518790288E+00
-0.84375810358293E-01
-0.10497041769584E-01
 0.46175199020704E-01
 0.86143527629148E-01
 0.11326519492047E+00
 0.12990138353824E+00
 0.13831127166068E+00
 0.14105844557783E+00
 0.14004339534313E+00
 0.13596937541632E+00
 0.13052111937379E+00
 0.12389089393700E+00
 0.11704879865119E+00
 0.11084702146613E+00
 0.10452889120159E+00
 0.98625310845269E-01
 0.92682636475558E-01
 0.87040632810237E-01
 0.81910441986219E-01
 0.76880072279596E-01
 0.71834888147498E-01
 0.66985272552930E-01
 0.62759419171776E-01
 0.59233867909745E-01
 0.55970078010945E-01
 0.52654911538646E-01
 0.49748882735623E-01
 0.46836170521726E-01
 0.43933958140362E-01
 0.41322953113709E-01
 0.38581332491543E-01
 0.36453251745258E-01
 0.33696844718375E-01
 0.31413429805812E-01
 0.29114581685473E-01
 0.26931682408713E-01
 0.24836769887486E-01
 0.22738603968822E-01
 0.20730671678222E-01
 0.18574426217594E-01
 0.16778717616178E-01
 0.14998145884382E-01
 0.13246421675233E-01
 0.11491046634122E-01
 0.99976153891777E-02
 0.84019413858333E-02
 0.68210770392185E-02
 0.55152107266949E-02
 0.42162438113990E-02
 0.28736178455345E-02
 0.16932917351939E-02
 0.25628579624640E-03
-0.69798133007687E-03
-0.17110587103288E-02
-0.27987486334646E-02
-0.36779616318756E-02
-0.42406478192714E-02
-0.51158153242044E-02
-0.56624878622423E-02
-0.62536749678968E-02
-0.66502032738899E-02
-0.70504080100022E-02
-0.73795211369633E-02
-0.76637599299464E-02
-0.80344036454265E-02
-0.82340607859481E-02
-0.83227614486871E-02
-0.84955715952417E-02
-0.85547167650146E-02
-0.86994113587672E-02
-0.85343073512526E-02
-0.83902800521851E-02
-0.79603003302744E-02
-0.80512774752494E-02
-0.78307132856515E-02
-0.79464625535739E-02
-0.76817753726075E-02
-0.75411075684978E-02
-0.73750140063698E-02
-0.69348243273395E-02
-0.68124055989179E-02
-0.64489083449562E-02
-0.59430465519772E-02
-0.54870113233924E-02
-0.49337339251574E-02
-0.43897428625698E-02
-0.38862067128098E-02
-0.32996820939767E-02
-0.30576139674838E-02
-0.28111399176723E-02
-0.18466845065463E-02
-0.15479592456532E-02
-0.21339899085876E-02
-0.94946700447656E-03
 0.21798333650229E-03
-0.56059136150519E-03
-0.27854675865909E-03
 0.10516189998780E-02
 0.22791089823169E-02
 0.23058427099783E-02
 0.22834944383446E-02
 0.21414482560525E-02
 0.29889159585665E-02
 0.39698174427278E-02
 0.43951328375263E-02
 0.45925346588523E-02
 0.50825133974660E-02
 0.51409649633611E-02
 0.60022649685494E-02
 0.65247155308704E-02
 0.68325869512757E-02
 0.73918450315594E-02
 0.79175179890476E-02
 0.84486687730967E-02
 0.84301022620963E-02
 0.88741348264585E-02
 0.91521899116095E-02
 0.95058959983718E-02
 0.97968392022206E-02
 0.10303231736229E-01
 0.11038693499198E-01
 0.10983904720336E-01
 0.10993462591609E-01
 0.10743455291810E-01
 0.11470482449205E-01
 0.12143022032716E-01
 0.12670609811641E-01
 0.12625543733028E-01
 0.12619274472104E-01
 0.13019482550328E-01
 0.13604410232437E-01
 0.13728320219879E-01
 0.13450031124446E-01
 0.13511738198879E-01
 0.13938285268112E-01
 0.14468634360983E-01
 0.14567990304452E-01
 0.14422817795365E-01
 0.14372216280540E-01
 0.14445109695734E-01
 0.14329482080070E-01
 0.14943740336807E-01
 0.15960091260781E-01
 0.15786453690107E-01
 0.16409885175534E-01
 0.16289811316245E-01
 0.16503961885668E-01
