-0.94991753966165E+01
-0.94991751772199E+01
-0.94991729749334E+01
-0.94991643287349E+01
-0.94991423087767E+01
-0.94990980036709E+01
-0.94990207613087E+01
-0.94988986438007E+01
-0.94987203760520E+01
-0.94984805366932E+01
-0.94981886632804E+01
-0.94978807906756E+01
-0.94976302255488E+01
-0.94975544299174E+01
-0.94978161353305E+01
-0.94986185408557E+01
-0.95001957517957E+01
-0.95028002410084E+01
-0.95066891439888E+01
-0.95121111711017E+01
-0.95192949307762E+01
-0.95284395788568E+01
-0.95397079728059E+01
-0.95532223753966E+01
-0.95690622087395E+01
-0.95872638159986E+01
-0.96078225453183E+01
-0.96306952232274E+01
-0.96558033286990E+01
-0.96830373671873E+01
-0.97122614862397E+01
-0.97433179829548E+01
-0.97760318481452E+01
-0.98102150828762E+01
-0.98456708047946E+01
-0.98821970010374E+01
-0.99195898590895E+01
-0.99576467637258E+01
-0.99961689990713E+01
-0.10034963550087E+02
-0.10073845149194E+02
-0.10112637850986E+02
-0.10151176018940E+02
-0.10189305373984E+02
-0.10226883484430E+02
-0.10263780177711E+02
-0.10299877761851E+02
-0.10335070729974E+02
-0.10369266983413E+02
-0.10402385681889E+02
-0.10434358241387E+02
-0.10465127637781E+02
-0.10494648016944E+02
-0.10522884237094E+02
-0.10549811347281E+02
-0.10575414126818E+02
-0.10599686660581E+02
-0.10622631592623E+02
-0.10644259852001E+02
-0.10664590082302E+02
-0.10683647748141E+02
-0.10701465982909E+02
-0.10718083936624E+02
-0.10733553901181E+02
-0.10747913545375E+02
-0.10761224658854E+02
-0.10773547931381E+02
-0.10784948696902E+02
-0.10795496481521E+02
-0.10805264763930E+02
-0.10814330716449E+02
-0.10822775466082E+02
-0.10830682439458E+02
-0.10838138951502E+02
-0.10845235214287E+02
-0.10852064246213E+02
-0.10858721699702E+02
-0.10865305926489E+02
-0.10871917913986E+02
-0.10878661371276E+02
-0.10885641488370E+02
-0.10892967015822E+02
-0.10900749246634E+02
-0.10909101909706E+02
-0.10918140887522E+02
-0.10927985211902E+02
-0.10938757121003E+02
-0.10950579812567E+02
-0.10963581682288E+02
-0.10977893871673E+02
-0.10993651122746E+02
-0.11010991547760E+02
-0.11030069278148E+02
-0.11051007198381E+02
-0.11073966523154E+02
-0.11099102741348E+02
-0.11126575431445E+02
-0.11156549124228E+02
-0.11189195171151E+02
-0.11224689325093E+02
-0.11263213942474E+02
-0.11304957045023E+02
-0.11350114438497E+02
-0.11398886651735E+02
-0.11451483033313E+02
-0.11508117861999E+02
-0.11569013135098E+02
-0.11634397090592E+02
-0.11704504027600E+02
-0.11779577172745E+02
-0.11859859334188E+02
-0.11945598323083E+02
-0.12037066065588E+02
-0.12134485615687E+02
-0.12238122814906E+02
-0.12348224815208E+02
-0.12465030872464E+02
-0.12588769295383E+02
-0.12719648226790E+02
-0.12857853258703E+02
-0.13003535671658E+02
-0.13156805407159E+02
-0.13317716084856E+02
-0.13486257607574E+02
-0.13662336825896E+02
-0.13845756873378E+02
-0.14036208284226E+02
-0.14233236080496E+02
-0.14436225087054E+02
-0.14644385609214E+02
-0.14856726749797E+02
-0.15072037225809E+02
-0.15288909505089E+02
-0.15505675177826E+02
-0.15720520936165E+02
-0.15931455538143E+02
-0.16136391978565E+02
-0.16333193945697E+02
-0.16519786477036E+02
-0.16694247817139E+02
-0.16854954646778E+02
-0.17000714767714E+02
-0.17130940152962E+02
-0.17245861019047E+02
-0.17346703772854E+02
-0.17435795542843E+02
-0.17516564394127E+02
-0.17593467973294E+02
-0.17671542661500E+02
-0.17756079125281E+02
-0.17852047131896E+02
-0.17963606692257E+02
-0.18093726053391E+02
-0.18243946565126E+02
-0.18414353902703E+02
-0.18603689955170E+02
-0.18809602282505E+02
-0.19028955966299E+02
-0.19258138513881E+02
-0.19493353936077E+02
-0.19730876405630E+02
-0.19967214442779E+02
-0.20199240019036E+02
-0.20424260821664E+02
-0.20640060112197E+02
-0.20844841001699E+02
-0.21037216694643E+02
-0.21216200314637E+02
-0.21381130272950E+02
-0.21531628341221E+02
-0.21667559175633E+02
-0.21788935342046E+02
-0.21895944546165E+02
-0.21988885376697E+02
-0.22068115502894E+02
-0.22134060777501E+02
-0.22187171034880E+02
-0.22227929053129E+02
-0.22256808902613E+02
-0.22274287230207E+02
-0.22280831133772E+02
-0.22276887868877E+02
-0.22262900403143E+02
-0.22239282086184E+02
-0.22206425850379E+02
-0.22164709473535E+02
-0.22114488847581E+02
-0.22056115079009E+02
-0.21989895581607E+02
-0.21916155111727E+02
-0.21835190450114E+02
-0.21747276276111E+02
-0.21652696331284E+02
-0.21551731346697E+02
-0.21444614686891E+02
-0.21331630883216E+02
-0.21213008271452E+02
-0.21089014124715E+02
-0.20959882624573E+02
-0.20825846012272E+02
-0.20687162293175E+02
-0.20544060818915E+02
-0.20396782195426E+02
-0.20245557532368E+02
-0.20090613284160E+02
-0.19932190051928E+02
-0.19770517242831E+02
-0.19605813549178E+02
-0.19438305368560E+02
-0.19268218351281E+02
-0.19095773373860E+02
-0.18921172371970E+02
-0.18744642690124E+02
-0.18566378560980E+02
-0.18386595444225E+02
-0.18205474125445E+02
-0.18023222318856E+02
-0.17840021020398E+02
-0.17656049640533E+02
-0.17471489421426E+02
-0.17286508584431E+02
-0.17101267908348E+02
-0.16915926026840E+02
-0.16730635933862E+02
-0.16545539175588E+02
-0.16360772724174E+02
-0.16176469149190E+02
-0.15992749904846E+02
-0.15809737373638E+02
-0.15627540781925E+02
-0.15446265372705E+02
-0.15266008746535E+02
-0.15086862920997E+02
-0.14908916969470E+02
-0.14732250293365E+02
-0.14556935929433E+02
-0.14383044798768E+02
-0.14210640528682E+02
-0.14039780021350E+02
-0.13870517719834E+02
-0.13702901726018E+02
-0.13536975619065E+02
-0.13372780496519E+02
-0.13210348999327E+02
-0.13049713344666E+02
-0.12890900094647E+02
-0.12733932751863E+02
-0.12578832780657E+02
-0.12425612030982E+02
-0.12274291169759E+02
-0.12124870708522E+02
-0.11977366178031E+02
-0.11831782376894E+02
-0.11688117722112E+02
-0.11546375174869E+02
-0.11406552062863E+02
-0.11268643776910E+02
-0.11132645570826E+02
-0.10998549743530E+02
-0.10866347295056E+02
-0.10736026042449E+02
-0.10607575428763E+02
-0.10480981955862E+02
-0.10356231032943E+02
-0.10233307219245E+02
-0.10112194026384E+02
-0.99928741566473E+01
-0.98753295007995E+01
-0.97595412933358E+01
-0.96454900461070E+01
-0.95331558635097E+01
-0.94225182617465E+01
-0.93135563115664E+01
-0.92062500867197E+01
-0.91005741069617E+01
-0.89965113754176E+01
-0.88940354383930E+01
-0.87931268004143E+01
-0.86937630371559E+01
-0.85959226096095E+01
-0.84995787124862E+01
-0.84047134753156E+01
-0.83113033437186E+01
-0.82193243362082E+01
-0.81287554348325E+01
-0.80395741506780E+01
-0.79517581435048E+01
-0.78652850638555E+01
-0.77801338626975E+01
-0.76962823394283E+01
-0.76137085541329E+01
-0.75323916900417E+01
-0.74523104017596E+01
-0.73734438620251E+01
-0.72957716329048E+01
-0.72192731698358E+01
-0.71439282910086E+01
-0.70697170454598E+01
-0.69966197237524E+01
-0.69246171107739E+01
