 0.92173030465821E+02
 0.92173030465775E+02
 0.92173030465283E+02
 0.92173030466360E+02
 0.92173030486036E+02
 0.92173030574413E+02
 0.92173030827464E+02
 0.92173031386471E+02
 0.92173032412735E+02
 0.92173033984396E+02
 0.92173035874873E+02
 0.92173037156646E+02
 0.92173035663114E+02
 0.92173027342529E+02
 0.92173005613901E+02
 0.92172960805388E+02
 0.92172879733098E+02
 0.92172745469388E+02
 0.92172537350014E+02
 0.92172231056740E+02
 0.92171799005004E+02
 0.92171210749075E+02
 0.92170433505338E+02
 0.92169432659472E+02
 0.92168172383665E+02
 0.92166616171292E+02
 0.92164726911279E+02
 0.92162467317412E+02
 0.92159800317776E+02
 0.92156689011580E+02
 0.92153096555637E+02
 0.92148986074526E+02
 0.92144320506856E+02
 0.92139062240108E+02
 0.92133172784993E+02
 0.92126612516456E+02
 0.92119340213936E+02
 0.92111312718395E+02
 0.92102484491735E+02
 0.92092807485966E+02
 0.92082230680499E+02
 0.92070699711685E+02
 0.92058156704152E+02
 0.92044539900936E+02
 0.92029783491662E+02
 0.92013817372454E+02
 0.91996566933312E+02
 0.91977953042362E+02
 0.91957891095788E+02
 0.91936291922939E+02
 0.91913060885571E+02
 0.91888097867955E+02
 0.91861297064293E+02
 0.91832546786472E+02
 0.91801729300812E+02
 0.91768720622358E+02
 0.91733390277627E+02
 0.91695601186537E+02
 0.91655209392350E+02
 0.91612063933821E+02
 0.91566006753556E+02
 0.91516871993591E+02
 0.91464486223794E+02
 0.91408645343436E+02
 0.91349200972929E+02
 0.91285936751554E+02
 0.91218646601125E+02
 0.91147115727934E+02
 0.91071120421436E+02
 0.90990428008292E+02
 0.90904796725885E+02
 0.90813974629197E+02
 0.90717701533506E+02
 0.90615706157295E+02
 0.90507707470160E+02
 0.90393414024896E+02
 0.90272524092301E+02
 0.90144725059029E+02
 0.90009692952469E+02
 0.89867092676777E+02
 0.89716578135310E+02
 0.89557790368850E+02
 0.89390359153461E+02
 0.89213900758347E+02
 0.89028019713236E+02
 0.88832306341958E+02
 0.88626338532007E+02
 0.88409679262724E+02
 0.88181878850645E+02
 0.87942471356543E+02
 0.87690975136139E+02
 0.87426894423546E+02
 0.87149672386412E+02
 0.86858866079970E+02
 0.86553891563058E+02
 0.86234185873886E+02
 0.85899171613720E+02
 0.85548254928795E+02
 0.85180819150322E+02
 0.84796234389330E+02
 0.84393850699165E+02
 0.83973002916831E+02
 0.83533003822602E+02
 0.83073152083514E+02
 0.82592725908165E+02
 0.82090992039456E+02
 0.81567198992855E+02
 0.81020580074113E+02
 0.80450355121005E+02
 0.79855729990160E+02
 0.79235908680611E+02
 0.78590083583656E+02
 0.77917374325969E+02
 0.77217073333364E+02
 0.76488313964888E+02
 0.75730285730619E+02
 0.74942189590920E+02
 0.74123236289570E+02
 0.73272661734799E+02
 0.72389727999011E+02
 0.71473731999878E+02
 0.70524014982320E+02
 0.69539972715947E+02
 0.68521062225058E+02
 0.67466814868702E+02
 0.66376868189576E+02
 0.65250948975211E+02
 0.64088932667592E+02
 0.62890840043569E+02
 0.61656862043567E+02
 0.60387388230766E+02
 0.59083099936855E+02
 0.57744887292671E+02
 0.56374129386306E+02
 0.54972433412394E+02
 0.53541905584752E+02
 0.52085100492242E+02
 0.50605162833607E+02
 0.49105769017799E+02
 0.47591189398611E+02
 0.46066248597155E+02
 0.44536309983499E+02
 0.43007172235826E+02
 0.41485101790916E+02
 0.39976278549200E+02
 0.38487120279891E+02
 0.37023845048620E+02
 0.35592257623429E+02
 0.34197760849879E+02
 0.32845001124937E+02
 0.31537857971177E+02
 0.30279365338584E+02
 0.29071666888843E+02
 0.27916069519550E+02
 0.26813085156476E+02
 0.25762551301731E+02
 0.24763701240970E+02
 0.23815266327342E+02
 0.22915661953837E+02
 0.22063013212282E+02
 0.21255260791145E+02
 0.20490265257096E+02
 0.19765824277496E+02
 0.19079749903858E+02
 0.18429883445209E+02
 0.17814148181800E+02
 0.17230561986639E+02
 0.16677224524350E+02
 0.16152337504419E+02
 0.15654202815971E+02
 0.15181228277648E+02
 0.14731916825256E+02
 0.14304877225172E+02
 0.13898799702939E+02
 0.13512471011308E+02
 0.13144752227527E+02
 0.12794583862395E+02
 0.12460973881233E+02
 0.12143000813816E+02
 0.11839799725703E+02
 0.11550564454000E+02
 0.11274542153435E+02
 0.11011024501753E+02
 0.10759351227290E+02
 0.10518903623388E+02
 0.10289099232485E+02
 0.10069393415975E+02
 0.98592720517138E+01
 0.96582537013651E+01
 0.94658850931167E+01
 0.92817373339151E+01
 0.91054090963138E+01
 0.89365200026590E+01
 0.87747111809449E+01
 0.86196436458593E+01
 0.84709982000484E+01
 0.83284713469004E+01
 0.81917765810606E+01
 0.80606429811447E+01
 0.79346453503635E+01
 0.78138771686562E+01
 0.76979380634489E+01
 0.75866086634967E+01
 0.74796810522809E+01
 0.73769577225841E+01
 0.72782503719906E+01
 0.71833811122048E+01
 0.70921798889482E+01
 0.70044854487848E+01
 0.69201443253110E+01
 0.68390102649022E+01
 0.67609443785127E+01
 0.66858137095005E+01
 0.66134925848203E+01
 0.65438602214004E+01
 0.64768024009705E+01
 0.64122097385339E+01
 0.63499777952554E+01
 0.62900076473972E+01
 0.62322042712452E+01
 0.61764769148546E+01
 0.61227398306266E+01
 0.60709103411149E+01
 0.60209097516533E+01
 0.59726629956842E+01
 0.59260983666247E+01
 0.58811474457518E+01
 0.58377449496960E+01
 0.57958277740266E+01
 0.57553364826813E+01
 0.57162139040284E+01
 0.56784053905655E+01
 0.56418590170055E+01
 0.56065244909348E+01
 0.55723541404079E+01
 0.55393025344951E+01
 0.55073257341436E+01
 0.54763820013623E+01
 0.54464313864758E+01
 0.54174355315690E+01
 0.53893578334025E+01
 0.53621633007045E+01
 0.53358179579035E+01
 0.53102901341147E+01
 0.52855487864243E+01
 0.52615643114972E+01
 0.52383085172928E+01
 0.52157542523589E+01
 0.51938757394378E+01
 0.51726479006890E+01
 0.51520469250057E+01
 0.51320499786078E+01
 0.51126349340283E+01
 0.50937810027931E+01
 0.50754678857751E+01
 0.50576762238461E+01
 0.50403875951458E+01
 0.50235839647707E+01
 0.50072481515351E+01
 0.49913638176851E+01
 0.49759155498251E+01
 0.49608877285113E+01
 0.49462660095495E+01
 0.49320363930831E+01
 0.49181854811510E+01
 0.49047003774070E+01
 0.48915686888110E+01
 0.48787785211480E+01
 0.48663184245554E+01
 0.48541773825413E+01
 0.48423448031685E+01
 0.48308105162941E+01
 0.48195647535947E+01
 0.48085980633009E+01
 0.47979013945198E+01
 0.47874660542577E+01
 0.47772835873888E+01
 0.47673460814076E+01
 0.47576455332372E+01
 0.47481745088300E+01
 0.47389258750016E+01
 0.47298925402679E+01
 0.47210679377792E+01
 0.47124455225725E+01
 0.47040191014970E+01
 0.46957826757517E+01
 0.46877305537657E+01
 0.46798570436284E+01
 0.46721567688680E+01
 0.46646246093561E+01
 0.46572555410984E+01
 0.46500447514069E+01
 0.46429876294732E+01
 0.46360796067938E+01
 0.46293163160801E+01
 0.46226936273369E+01
 0.46162074907811E+01
 0.46098540044340E+01
 0.46036294001681E+01
 0.45975300293727E+01
