 0.64845550652346E+01
 0.64845550645899E+01
 0.64845550574801E+01
 0.64845550271041E+01
 0.64845549441802E+01
 0.64845547677638E+01
 0.64845544458519E+01
 0.64845539151373E+01
 0.64845530989813E+01
 0.64845519020250E+01
 0.64845501980660E+01
 0.64845478108039E+01
 0.64845444879779E+01
 0.64845398736739E+01
 0.64845334820044E+01
 0.64845246757599E+01
 0.64845126522109E+01
 0.64844964358685E+01
 0.64844748746431E+01
 0.64844466479191E+01
 0.64844102682070E+01
 0.64843640918603E+01
 0.64843063285209E+01
 0.64842350549803E+01
 0.64841482238038E+01
 0.64840436753808E+01
 0.64839191783984E+01
 0.64837724436177E+01
 0.64836011369361E+01
 0.64834029157744E+01
 0.64831754669931E+01
 0.64829165385474E+01
 0.64826239731815E+01
 0.64822957490188E+01
 0.64819300172104E+01
 0.64815251348844E+01
 0.64810797036614E+01
 0.64805926020929E+01
 0.64800630204345E+01
 0.64794904779056E+01
 0.64788748544874E+01
 0.64782164173645E+01
 0.64775158335665E+01
 0.64767741931497E+01
 0.64759930185980E+01
 0.64751742768494E+01
 0.64743203882319E+01
 0.64734342243469E+01
 0.64725191500060E+01
 0.64715789724355E+01
 0.64706179784431E+01
 0.64696409263487E+01
 0.64686530466447E+01
 0.64676600408807E+01
 0.64666680781242E+01
 0.64656837930363E+01
 0.64647142851497E+01
 0.64637671107213E+01
 0.64628502834401E+01
 0.64619722667988E+01
 0.64611419642825E+01
 0.64603687438620E+01
 0.64596624098569E+01
 0.64590343643549E+01
 0.64584932051927E+01
 0.64580510018370E+01
 0.64577193039032E+01
 0.64575100977651E+01
 0.64574358068632E+01
 0.64575092853309E+01
 0.64577438180470E+01
 0.64581531685947E+01
 0.64587514759794E+01
 0.64595533994678E+01
 0.64605740450725E+01
 0.64618290000676E+01
 0.64633343248956E+01
 0.64651065903151E+01
 0.64671629047529E+01
 0.64695209068808E+01
 0.64721987756901E+01
 0.64752153262947E+01
 0.64785899490034E+01
 0.64823427340127E+01
 0.64864944038142E+01
 0.64910664578536E+01
 0.64960811091281E+01
 0.65015614290942E+01
 0.65075312777080E+01
 0.65140155083442E+01
 0.65210399703962E+01
 0.65286315077568E+01
 0.65368202407075E+01
 0.65456311903681E+01
 0.65550966355981E+01
 0.65652483650901E+01
 0.65761194540371E+01
 0.65877444410546E+01
 0.66001597295129E+01
 0.66134032087539E+01
 0.66275146954262E+01
 0.66425358127412E+01
 0.66585104532975E+01
 0.66754845165030E+01
 0.66935063649722E+01
 0.67126265868328E+01
 0.67328984690959E+01
 0.67543780325102E+01
 0.67771241766999E+01
 0.68011988792181E+01
 0.68266669930522E+01
 0.68535967605110E+01
 0.68820634337517E+01
 0.69121369434233E+01
 0.69438991470661E+01
 0.69774332415760E+01
 0.70128264137365E+01
 0.70501702766070E+01
 0.70895604988398E+01
 0.71310971827167E+01
 0.71748848616075E+01
 0.72210324484040E+01
 0.72696532284567E+01
 0.73208648535587E+01
 0.73747892468001E+01
 0.74315513325097E+01
 0.74912805321599E+01
 0.75541077750756E+01
 0.76201662831494E+01
 0.76895908149547E+01
 0.77625160331786E+01
 0.78390722570917E+01
 0.79193903787387E+01
 0.80035842113212E+01
 0.80917675727042E+01
 0.81840383964681E+01
 0.82804797386987E+01
 0.83811505690704E+01
 0.84860870553678E+01
 0.85952950715917E+01
 0.87087483352734E+01
 0.88263837161429E+01
 0.89480968556944E+01
 0.90737346305147E+01
 0.92031188411344E+01
 0.93360153980174E+01
 0.94721512778705E+01
 0.96112304111238E+01
 0.97529101674205E+01
 0.98968408148841E+01
 0.10042659902052E+02
 0.10190004032872E+02
 0.10338519510410E+02
 0.10487864866859E+02
 0.10637718040626E+02
 0.10787773943887E+02
 0.10937751347356E+02
 0.11087392572829E+02
 0.11236454245371E+02
 0.11384713504292E+02
 0.11531967904548E+02
 0.11678026290591E+02
 0.11822715676735E+02
 0.11965875303494E+02
 0.12107361688515E+02
 0.12247036108259E+02
 0.12384765732098E+02
 0.12520432544367E+02
 0.12653926135170E+02
 0.12785144824786E+02
 0.12913995699486E+02
 0.13040387711117E+02
 0.13164238737598E+02
 0.13285475342431E+02
 0.13404023290065E+02
 0.13519817913731E+02
 0.13632797104082E+02
 0.13742905879988E+02
 0.13850090678296E+02
 0.13954304955423E+02
 0.14055505503235E+02
 0.14153652594578E+02
 0.14248713944780E+02
 0.14340659203269E+02
 0.14429462087169E+02
 0.14515102352619E+02
 0.14597562940938E+02
 0.14676832937429E+02
 0.14752903992533E+02
 0.14825772746825E+02
 0.14895441898334E+02
 0.14961915991729E+02
 0.15025205595030E+02
 0.15085325380173E+02
 0.15142294544421E+02
 0.15196135041789E+02
 0.15246874138340E+02
 0.15294543052294E+02
 0.15339175858814E+02
 0.15380808572407E+02
 0.15419487871313E+02
 0.15455256349330E+02
 0.15488161762292E+02
 0.15518255018476E+02
 0.15545589383564E+02
 0.15570221622638E+02
 0.15592209159592E+02
 0.15611612886370E+02
 0.15628494746482E+02
 0.15642918364425E+02
 0.15654948985659E+02
 0.15664652416516E+02
 0.15672097024811E+02
 0.15677349643076E+02
 0.15680479819822E+02
 0.15681555748401E+02
 0.15680646946494E+02
 0.15677823077059E+02
 0.15673152330473E+02
 0.15666704034738E+02
 0.15658547117026E+02
 0.15648748335880E+02
 0.15637375221637E+02
 0.15624494118481E+02
 0.15610170614567E+02
 0.15594468666356E+02
 0.15577451429969E+02
 0.15559180430160E+02
 0.15539718200307E+02
 0.15519123221257E+02
 0.15497453712278E+02
 0.15474766519685E+02
 0.15451116015647E+02
 0.15426557272157E+02
 0.15401142276347E+02
 0.15374920963605E+02
 0.15347943381113E+02
 0.15320256997938E+02
 0.15291907798307E+02
 0.15262940670279E+02
 0.15233398451538E+02
 0.15203322469595E+02
 0.15172753939930E+02
 0.15141729932415E+02
 0.15110288238130E+02
 0.15078464598856E+02
 0.15046293149062E+02
 0.15013807002759E+02
 0.14981036971821E+02
 0.14948013858829E+02
 0.14914766136825E+02
 0.14881321662103E+02
 0.14847707334241E+02
 0.14813947446071E+02
 0.14780066471217E+02
 0.14746087352078E+02
 0.14712031293001E+02
 0.14677919838293E+02
 0.14643772792319E+02
 0.14609608801423E+02
 0.14575444572774E+02
 0.14541298299972E+02
 0.14507185465302E+02
 0.14473121258918E+02
 0.14439119960413E+02
 0.14405195091822E+02
 0.14371359438348E+02
 0.14337624960827E+02
 0.14304002970981E+02
 0.14270504208617E+02
 0.14237138692387E+02
 0.14203915758686E+02
 0.14170844138772E+02
 0.14137932168924E+02
 0.14105187528678E+02
 0.14072617369423E+02
 0.14040228546272E+02
 0.14008026534341E+02
 0.13976017993297E+02
 0.13944208004071E+02
 0.13912601154069E+02
 0.13881202508535E+02
 0.13850015853597E+02
 0.13819045054901E+02
 0.13788293685182E+02
 0.13757764905528E+02
 0.13727461229493E+02
 0.13697385435648E+02
 0.13667539939974E+02
 0.13637926585444E+02
 0.13608547199148E+02
 0.13579403278414E+02
 0.13550495930200E+02
 0.13521826426444E+02
 0.13493395810980E+02
 0.13465204661732E+02
 0.13437253519124E+02
 0.13409542736922E+02
 0.13382072511848E+02
 0.13354842904190E+02
