 0.46338014095909E+03
 0.46338014096003E+03
 0.46338014099229E+03
 0.46338014127253E+03
 0.46338014248772E+03
 0.46338014601897E+03
 0.46338015386737E+03
 0.46338016705720E+03
 0.46338017837337E+03
 0.46338015258718E+03
 0.46337999025739E+03
 0.46337947881272E+03
 0.46337824182033E+03
 0.46337569854299E+03
 0.46337104259797E+03
 0.46336324271985E+03
 0.46335106370004E+03
 0.46333310265853E+03
 0.46330783471874E+03
 0.46327366233293E+03
 0.46322896391736E+03
 0.46317213858547E+03
 0.46310164499166E+03
 0.46301603336193E+03
 0.46291397093684E+03
 0.46279426080065E+03
 0.46265585414275E+03
 0.46249785800293E+03
 0.46231953912099E+03
 0.46212032341925E+03
 0.46189979247191E+03
 0.46165767797542E+03
 0.46139385426576E+03
 0.46110832939545E+03
 0.46080123500475E+03
 0.46047281557783E+03
 0.46012341708589E+03
 0.45975347538284E+03
 0.45936350432858E+03
 0.45895408501687E+03
 0.45852585399432E+03
 0.45807949247112E+03
 0.45761571604495E+03
 0.45713526475100E+03
 0.45663889412103E+03
 0.45612736676553E+03
 0.45560144465051E+03
 0.45506188340909E+03
 0.45450942155487E+03
 0.45394478170378E+03
 0.45336866147102E+03
 0.45278173053375E+03
 0.45218462709972E+03
 0.45157795509986E+03
 0.45096228204710E+03
 0.45033813715305E+03
 0.44970600978224E+03
 0.44906634930464E+03
 0.44841956388788E+03
 0.44776602048272E+03
 0.44710604628895E+03
 0.44643992490296E+03
 0.44576790051903E+03
 0.44509016959197E+03
 0.44440691151119E+03
 0.44371824681307E+03
 0.44302426501539E+03
 0.44232501856635E+03
 0.44162052455171E+03
 0.44091076509506E+03
 0.44019568846372E+03
 0.43947520805925E+03
 0.43874920827555E+03
 0.43801753949656E+03
 0.43728002095796E+03
 0.43653644134654E+03
 0.43578655941221E+03
 0.43503010379529E+03
 0.43426677357465E+03
 0.43349623690740E+03
 0.43271813761000E+03
 0.43193208555634E+03
 0.43113765993671E+03
 0.43033441158352E+03
 0.42952186263615E+03
 0.42869950334263E+03
 0.42786679062264E+03
 0.42702315788488E+03
 0.42616799644391E+03
 0.42530066708176E+03
 0.42442049488986E+03
 0.42352677262786E+03
 0.42261872499102E+03
 0.42169562664532E+03
 0.42075662971312E+03
 0.41980087178585E+03
 0.41882745128080E+03
 0.41783542467474E+03
 0.41682380129102E+03
 0.41579154886396E+03
 0.41473758744492E+03
 0.41366079199680E+03
 0.41255998505174E+03
 0.41143394988071E+03
 0.41028140884681E+03
 0.40910104911852E+03
 0.40789150459329E+03
 0.40665136308005E+03
 0.40537917149160E+03
 0.40407341152130E+03
 0.40273257506326E+03
 0.40135509645707E+03
 0.39993932186270E+03
 0.39848376274937E+03
 0.39698677074614E+03
 0.39544676663718E+03
 0.39386221592068E+03
 0.39223163856507E+03
 0.39055366325663E+03
 0.38882705509842E+03
 0.38705077617905E+03
 0.38522404788974E+03
 0.38334645355052E+03
 0.38141799473974E+03
 0.37943926269631E+03
 0.37741159631657E+03
 0.37533725418879E+03
 0.37321968355700E+03
 0.37106381923765E+03
 0.36887641357975E+03
 0.36666647701498E+03
 0.36444581936186E+03
 0.36222945163718E+03
 0.36003645050113E+03
 0.35789013010375E+03
 0.35581885073639E+03
 0.35385619662608E+03
 0.35204116272627E+03
 0.35041777303641E+03
 0.34903437198807E+03
 0.34794239177670E+03
 0.34719474198235E+03
 0.34684375038555E+03
 0.34693885158607E+03
 0.34752456883993E+03
 0.34863809768652E+03
 0.35030752182126E+03
 0.35255056779165E+03
 0.35537363432284E+03
 0.35877209948515E+03
 0.36273103392657E+03
 0.36722663867736E+03
 0.37222823737221E+03
 0.37770023853070E+03
 0.38360427045912E+03
 0.38990076592644E+03
 0.39655057782562E+03
 0.40351623693385E+03
 0.41076209079850E+03
 0.41825514483427E+03
 0.42596526857571E+03
 0.43386486373868E+03
 0.44192907552185E+03
 0.45013540805614E+03
 0.45846373268112E+03
 0.46689560152147E+03
 0.47541404311452E+03
 0.48400376191545E+03
 0.49265068398219E+03
 0.50134184736548E+03
 0.51006523661217E+03
 0.51880956159819E+03
 0.52756416796103E+03
 0.53631916534546E+03
 0.54506490864561E+03
 0.55379240869419E+03
 0.56249295236391E+03
 0.57115830751130E+03
 0.57978041898547E+03
 0.58835168111805E+03
 0.59686471353911E+03
 0.60531236945088E+03
 0.61368794084058E+03
 0.62198486652360E+03
 0.63019684150590E+03
 0.63831792811009E+03
 0.64634237552864E+03
 0.65426482670844E+03
 0.66208009716010E+03
 0.66978332019209E+03
 0.67737000738331E+03
 0.68483583024803E+03
 0.69217684812876E+03
 0.69938941130908E+03
 0.70647019298114E+03
 0.71341608269898E+03
 0.72022437141747E+03
 0.72689262593165E+03
 0.73341867778074E+03
 0.73980012443043E+03
 0.74603659148364E+03
 0.75212622554767E+03
 0.75806804645831E+03
 0.76386134019693E+03
 0.76950565314656E+03
 0.77500084879530E+03
 0.78034694308783E+03
 0.78554427402388E+03
 0.79059336216093E+03
 0.79549494827103E+03
 0.80024999516545E+03
 0.80485962312968E+03
 0.80932521605555E+03
 0.81364820965777E+03
 0.81783031637010E+03
 0.82187329395427E+03
 0.82577909545415E+03
 0.82954980842010E+03
 0.83318755210008E+03
 0.83669462690785E+03
 0.84007342962891E+03
 0.84332633434423E+03
 0.84645588044147E+03
 0.84946463978783E+03
 0.85235523284098E+03
 0.85513030487521E+03
 0.85779253635143E+03
 0.86034461340926E+03
 0.86278935529221E+03
 0.86512944958271E+03
 0.86736764470856E+03
 0.86950668649008E+03
 0.87154925740121E+03
 0.87349813722287E+03
 0.87535600811017E+03
 0.87712549945845E+03
 0.87880929816520E+03
 0.88041000527302E+03
 0.88193018894487E+03
 0.88337240259655E+03
 0.88473913425978E+03
 0.88603282545113E+03
 0.88725595246397E+03
 0.88841079418650E+03
 0.88949970589284E+03
 0.89052496380670E+03
 0.89148877381802E+03
 0.89239331343863E+03
 0.89324065919900E+03
 0.89403290700009E+03
 0.89477204929267E+03
 0.89546004645642E+03
 0.89609883457480E+03
 0.89669021655607E+03
 0.89723601616816E+03
 0.89773798312390E+03
 0.89819778240659E+03
 0.89861710403131E+03
 0.89899755361467E+03
 0.89934066958313E+03
 0.89964788647212E+03
 0.89992074075761E+03
 0.90016060539926E+03
 0.90036884600733E+03
 0.90054677594029E+03
 0.90069566809779E+03
 0.90081675344802E+03
 0.90091121672119E+03
 0.90098020509699E+03
 0.90102483023147E+03
 0.90104616248882E+03
 0.90104523104311E+03
 0.90102302682787E+03
 0.90098051584263E+03
 0.90091862177807E+03
 0.90083823291027E+03
 0.90074021971265E+03
 0.90062537010319E+03
 0.90049453133122E+03
 0.90034845736481E+03
 0.90018786833597E+03
 0.90001350639143E+03
 0.89982603105388E+03
 0.89962611130565E+03
 0.89941438154369E+03
 0.89919145138415E+03
 0.89895788695134E+03
 0.89871426971200E+03
 0.89846114564366E+03
 0.89819902246011E+03
 0.89792840363023E+03
 0.89764976639348E+03
 0.89736356004686E+03
 0.89707023961053E+03
 0.89677023760464E+03
 0.89646395128439E+03
 0.89615177249474E+03
 0.89583407573853E+03
 0.89551122024015E+03
 0.89518355180539E+03
