                  NaN
                  NaN
                  NaN
                  NaN
 0.82348601600524E+42
 0.18325073390316E+34
 0.12095083784778E+28
 0.28007884895362E+23
 0.69506214535190E+19
 0.90743792208361E+16
 0.39628685753622E+14
 0.42805660389875E+12
 0.92795948648851E+10
 0.34774594774612E+09
 0.20190953322731E+08
 0.16732269416553E+07
 0.18586108033235E+06
 0.18259454695239E+08
 0.31852594385634E+07
 0.31683330195347E+07
 0.14732025777022E+07
 0.72458485869932E+06
 0.37891804883964E+06
 0.20912953910751E+06
 0.12105827117387E+06
 0.73112139134416E+05
 0.45860957993425E+05
 0.29762748975452E+05
 0.19917003125485E+05
 0.13703443506680E+05
 0.96690301189639E+04
 0.69808794270642E+04
 0.51469642101157E+04
 0.38684920695165E+04
 0.29593793119477E+04
 0.23010107583223E+04
 0.18161374676044E+04
 0.14534391423180E+04
 0.11781932425726E+04
 0.96650277733598E+03
 0.80165866322288E+03
 0.67180031437124E+03
 0.56839360324067E+03
 0.48521730366755E+03
 0.41768108212427E+03
 0.36235888300604E+03
 0.31666593840114E+03
 0.27863278855186E+03
 0.24674418739784E+03
 0.21982408879212E+03
 0.19695145537853E+03
 0.17739952151564E+03
 0.16059034984450E+03
 0.14606107274003E+03
 0.13343828985566E+03
 0.12241881897677E+03
 0.11275502528807E+03
 0.10424350695759E+03
 0.96716150396700E+02
 0.90033218909778E+02
 0.84078135844208E+02
 0.78752976082134E+02
 0.73975277113826E+02
 0.69690174955975E+02
 0.65808046918042E+02
 0.62293374717145E+02
 0.59102650426864E+02
 0.56198431463182E+02
 0.53548385557841E+02
 0.51124466687088E+02
 0.48902261823313E+02
 0.46860538844678E+02
 0.44980608017456E+02
 0.43246163549049E+02
 0.41642796482845E+02
 0.40157798601329E+02
 0.38779912791551E+02
 0.37499129440371E+02
 0.36306562161466E+02
 0.35194260410237E+02
 0.34155117360869E+02
 0.33182769797671E+02
 0.32271456536307E+02
 0.31416029736204E+02
 0.30611806814478E+02
 0.29854566671037E+02
 0.29140448311591E+02
 0.28465980668556E+02
 0.27827942544712E+02
 0.27223424905335E+02
 0.26649762097116E+02
 0.26104485796754E+02
 0.25585798604165E+02
 0.25090657818703E+02
 0.24617574885511E+02
 0.24164749662693E+02
 0.23730483109834E+02
 0.23313183208613E+02
 0.22911385832008E+02
 0.22523687008491E+02
 0.22148771150290E+02
 0.21785382498375E+02
 0.21432343858340E+02
 0.21088523457353E+02
 0.20752846310144E+02
 0.20424268950295E+02
 0.20101798170805E+02
 0.19784478410879E+02
 0.19471389941620E+02
 0.19161640499286E+02
 0.18854363107906E+02
 0.18548723592767E+02
 0.18244023628518E+02
 0.17939296722959E+02
 0.17633885003999E+02
 0.17327071120341E+02
 0.17018163620510E+02
 0.16706513784269E+02
 0.16391505144270E+02
 0.16072560319440E+02
 0.15749150389022E+02
 0.15420793455411E+02
 0.15087064292535E+02
 0.14747599158358E+02
 0.14402104047994E+02
 0.14050354863069E+02
 0.13692219333837E+02
 0.13327646752096E+02
 0.12956695038651E+02
 0.12579529814647E+02
 0.12196445333131E+02
 0.11807846697919E+02
 0.11414295649527E+02
 0.11016496281719E+02
 0.10615327700147E+02
 0.10211820713628E+02
 0.98071807999913E+01
 0.94027739037218E+01
 0.90001221206839E+01
 0.86008790109156E+01
 0.82067982169563E+01
 0.78196913172828E+01
 0.74413779801857E+01
 0.70736306041162E+01
 0.67180931501773E+01
 0.63762523633113E+01
 0.60493718909564E+01
 0.57384474218685E+01
 0.54442018143934E+01
 0.51670533670285E+01
 0.49071336866639E+01
 0.46643076761292E+01
 0.44382026788762E+01
 0.42282509471409E+01
 0.40337305338868E+01
 0.38538112997762E+01
 0.36875921582029E+01
 0.35341345147725E+01
 0.33925009114960E+01
 0.32617689483559E+01
 0.31410514012213E+01
 0.30295098276225E+01
 0.29263577785437E+01
 0.28308673076728E+01
 0.27423684731860E+01
 0.26602488455751E+01
 0.25839512075497E+01
 0.25129693484328E+01
 0.24468446497120E+01
 0.23851620931472E+01
 0.23275471927731E+01
 0.22736600411224E+01
 0.22231951094233E+01
 0.21758752839428E+01
 0.21314500405918E+01
 0.20896922864805E+01
 0.20503961380773E+01
 0.20133746046801E+01
 0.19784578031672E+01
 0.19454909389557E+01
 0.19143329925558E+01
 0.18848552254679E+01
 0.18569399006173E+01
 0.18304792983997E+01
 0.18053746662597E+01
 0.17815353120825E+01
 0.17588779769008E+01
 0.17373259649500E+01
 0.17168086308136E+01
 0.16972608401528E+01
 0.16786223670080E+01
 0.16608375936243E+01
 0.16438549949916E+01
 0.16276268245863E+01
 0.16121087980623E+01
 0.15972598021842E+01
 0.15830415809116E+01
 0.15694185789356E+01
 0.15563576682470E+01
 0.15438133068800E+01
 0.15317863124445E+01
 0.15202347926553E+01
 0.15091335683353E+01
 0.14984591336073E+01
 0.14881894575566E+01
 0.14783039031460E+01
 0.14687831233532E+01
 0.14596089605707E+01
 0.14507643694802E+01
 0.14422333294800E+01
 0.14340007732590E+01
 0.14260525241774E+01
 0.14183752403261E+01
 0.14109563382938E+01
 0.14037839525880E+01
 0.13968468986904E+01
 0.13901346095491E+01
 0.13836371116511E+01
 0.13773449683471E+01
 0.13712492631535E+01
 0.13653415521696E+01
 0.13596138481266E+01
 0.13540585751882E+01
 0.13486685551109E+01
 0.13434369897696E+01
 0.13383574131441E+01
 0.13334236975626E+01
 0.13286300152887E+01
 0.13239708429032E+01
 0.13194409112046E+01
 0.13150352147475E+01
 0.13107489917177E+01
 0.13065777046120E+01
 0.13025170406915E+01
 0.12985628762543E+01
 0.12947112858977E+01
 0.12909585273179E+01
 0.12873010256802E+01
 0.12837353722242E+01
 0.12802583103959E+01
 0.12768667271021E+01
 0.12735576437765E+01
 0.12703282188252E+01
 0.12671757284122E+01
 0.12640975702093E+01
 0.12610912495144E+01
 0.12581543795511E+01
 0.12552846733688E+01
 0.12524799367168E+01
 0.12497380678815E+01
 0.12470570472524E+01
 0.12444349473452E+01
 0.12418699094611E+01
 0.12393601498235E+01
 0.12369039567445E+01
 0.12344996881333E+01
 0.12321457603202E+01
 0.12298406557752E+01
 0.12275829193032E+01
 0.12253711381072E+01
 0.12232039597895E+01
 0.12210800839305E+01
 0.12189982613568E+01
 0.12169572790538E+01
 0.12149559782053E+01
 0.12129932364336E+01
 0.12110679741736E+01
 0.12091791492028E+01
 0.12073257568828E+01
 0.12055068284993E+01
 0.12037214290024E+01
 0.12019686556189E+01
 0.12002476369440E+01
 0.11985575304772E+01
 0.11968975235335E+01
 0.11952668291424E+01
 0.11936646883850E+01
 0.11920903654924E+01
 0.11905431538850E+01
 0.11890223666028E+01
 0.11875273395789E+01
 0.11860574298117E+01
 0.11846120165146E+01
 0.11831904946587E+01
 0.11817922828053E+01
 0.11804168173483E+01
 0.11790635496813E+01
 0.11777319485707E+01
 0.11764215013503E+01
 0.11751317103765E+01
 0.11738620929439E+01
 0.11726121804547E+01
 0.11713815184223E+01
 0.11701696647998E+01
 0.11689761932999E+01
 0.11678006889521E+01
 0.11666427490747E+01
 0.11655019825433E+01
 0.11643780089202E+01
 0.11632704599466E+01
