-0.00000000000000E+00
-0.45787993606571E-04
-0.25304599996102E-02
-0.31889990841282E-01
-0.19238902878356E+00
-0.77240709108910E+00
-0.23527514096003E+01
-0.59132338726814E+01
-0.12953953993342E+02
-0.25474439784740E+02
-0.45942514617936E+02
-0.76954232486793E+02
-0.12078867326591E+03
-0.17850068997833E+03
-0.24885932628420E+03
-0.32710016772369E+03
-0.40340534462747E+03
-0.46137091639461E+03
-0.47664627183569E+03
-0.41544278728690E+03
-0.23332881320862E+03
 0.12574234835716E+03
 0.73011598176920E+03
 0.16609172219207E+04
 0.30113199788928E+04
 0.48871327172237E+04
 0.74048970704196E+04
 0.10690936005531E+05
 0.14880811806430E+05
 0.20119577868725E+05
 0.26554977698633E+05
 0.34337241814954E+05
 0.43619132757321E+05
 0.54555137861375E+05
 0.67299858679562E+05
 0.82005285806343E+05
 0.98822456594793E+05
 0.11790055161135E+06
 0.13938989710000E+06
 0.16343674343262E+06
 0.19018724198203E+06
 0.21979255336261E+06
 0.25240812176727E+06
 0.28819612979654E+06
 0.32732815544017E+06
 0.36998815323512E+06
 0.41637545411980E+06
 0.46670279361185E+06
 0.52122124281042E+06
 0.58019026698883E+06
 0.64390455919302E+06
 0.71269143308530E+06
 0.78691474757472E+06
 0.86697845880721E+06
 0.95333003934758E+06
 0.10464644927577E+07
 0.11469282396843E+07
 0.12553215461952E+07
 0.13723034131887E+07
 0.14985945603791E+07
 0.16349817380206E+07
 0.17823194991920E+07
 0.19415358763483E+07
 0.21136958256630E+07
 0.22997721695760E+07
 0.25009813095580E+07
 0.27185763964573E+07
 0.29539013174493E+07
 0.32083916561902E+07
 0.34835813084311E+07
 0.37811046846893E+07
 0.41027054856119E+07
 0.44502265949737E+07
 0.48256319207348E+07
 0.52309993812125E+07
 0.56685288405395E+07
 0.61405445640544E+07
 0.66495008846212E+07
 0.71979879990928E+07
 0.77887347436777E+07
 0.84246151300496E+07
 0.91086540566828E+07
 0.98440286794138E+07
 0.10634083351055E+08
 0.11482324573723E+08
 0.12392437214656E+08
 0.13368276980707E+08
 0.14413910097339E+08
 0.15533572157840E+08
 0.16731715321942E+08
 0.18012998302275E+08
 0.19382299027918E+08
 0.20844893220659E+08
 0.22405801113617E+08
 0.24070752850252E+08
 0.25845589665579E+08
 0.27736405305211E+08
 0.29749560710306E+08
 0.31891715477984E+08
 0.34169802004478E+08
 0.36591057464119E+08
 0.39163015224659E+08
 0.41893539120451E+08
 0.44790809980330E+08
 0.47863336131114E+08
 0.51119954979916E+08
 0.54569843216791E+08
 0.58222532945002E+08
 0.62087909716446E+08
 0.66176189046757E+08
 0.70497906152826E+08
 0.75063969512079E+08
 0.79885892398880E+08
 0.84974754670869E+08
 0.90342649241907E+08
 0.96001755279585E+08
 0.10196447919183E+09
 0.10824351959956E+09
 0.11485179089978E+09
 0.12180235676084E+09
 0.12910846577458E+09
 0.13678343083837E+09
 0.14484063211282E+09
 0.15329343460192E+09
 0.16215515878424E+09
 0.17143891312764E+09
 0.18115765939550E+09
 0.19132394393316E+09
 0.20195000365129E+09
 0.21304753740565E+09
 0.22462780182079E+09
 0.23670096826610E+09
 0.24927678118166E+09
 0.26236338511795E+09
 0.27596852582810E+09
 0.29009825960436E+09
 0.30475763316046E+09
 0.31994981281622E+09
 0.33567672381648E+09
 0.35193864431799E+09
 0.36873432581678E+09
 0.38606112409668E+09
 0.40391544073199E+09
 0.42229185140322E+09
 0.44118596835981E+09
 0.46059208152670E+09
 0.48050503982495E+09
 0.50092052737443E+09
 0.52183533389073E+09
 0.54324791459040E+09
 0.56515851819646E+09
 0.58756939952792E+09
 0.61048499532853E+09
 0.63391184134404E+09
 0.65785854338340E+09
 0.68233550472449E+09
 0.70735492655193E+09
 0.73293065435942E+09
 0.75907760342326E+09
 0.78581191133295E+09
 0.81315063731006E+09
 0.84111155401243E+09
 0.86971306971928E+09
 0.89897402181229E+09
 0.92891368317534E+09
 0.95955145816259E+09
 0.99090685772228E+09
 0.10229995969905E+10
 0.10558494523759E+10
 0.10894762323696E+10
 0.11238997782745E+10
 0.11591398724698E+10
 0.11952163369954E+10
 0.12321488954619E+10
 0.12699573054264E+10
 0.13086613317820E+10
 0.13482806637326E+10
 0.13888350098129E+10
 0.14303440575659E+10
 0.14728275555671E+10
 0.15163052406915E+10
 0.15607968416084E+10
 0.16063221723159E+10
 0.16529010592491E+10
 0.17005533759412E+10
 0.17492990760265E+10
 0.17991581375766E+10
 0.18501506658467E+10
 0.19022967725896E+10
 0.19556166965660E+10
 0.20101307000912E+10
 0.20658591982002E+10
 0.21228226507624E+10
 0.21810416010709E+10
 0.22405367419189E+10
 0.23013287791083E+10
 0.23634385950344E+10
 0.24268871081021E+10
 0.24916953649576E+10
 0.25578844801491E+10
 0.26254757569020E+10
 0.26944904974844E+10
 0.27649501710142E+10
 0.28368762764542E+10
 0.29102904902231E+10
 0.29852145544840E+10
 0.30616703128027E+10
 0.31396797052437E+10
 0.32192647913485E+10
 0.33004476797869E+10
 0.33832506168631E+10
 0.34676959849872E+10
 0.35538061528417E+10
 0.36416037022521E+10
 0.37311112027234E+10
 0.38223514375569E+10
 0.39153471540710E+10
 0.40101213018876E+10
 0.41066968572644E+10
 0.42050969080301E+10
 0.43053446051727E+10
 0.44074632497054E+10
 0.45114761797457E+10
 0.46174068303563E+10
 0.47252787082749E+10
 0.48351154710021E+10
 0.49469408092798E+10
 0.50607785101305E+10
 0.51766523746629E+10
 0.52945863906593E+10
 0.54146045770817E+10
 0.55367310375686E+10
 0.56609900560273E+10
 0.57874057911589E+10
 0.59160025957957E+10
 0.60468049964744E+10
 0.61798374241705E+10
 0.63151244895768E+10
 0.64526909018713E+10
 0.65925613725740E+10
 0.67347607555399E+10
 0.68793139184572E+10
 0.70262457674023E+10
 0.71755815050300E+10
 0.73273461661589E+10
 0.74815650113999E+10
 0.76382633020778E+10
 0.77974663539983E+10
 0.79591996882451E+10
 0.81234887688119E+10
 0.82903593006802E+10
 0.84598367744104E+10
 0.86319469466801E+10
 0.88067157198711E+10
 0.89841689636377E+10
 0.91643325756010E+10
 0.93472327344881E+10
 0.95328954031786E+10
 0.97213468574869E+10
 0.99126132610920E+10
 0.10106721091008E+11
 0.10303696652230E+11
 0.10503566486416E+11
 0.10706357170864E+11
 0.10912095305929E+11
 0.11120807619004E+11
 0.11332520899129E+11
 0.11547262026350E+11
 0.11765057970350E+11
 0.11985935695379E+11
 0.12209922314953E+11
 0.12437045031651E+11
 0.12667331111287E+11
 0.12900807856777E+11
 0.13137502661692E+11
 0.13377442965400E+11
 0.13620656293551E+11
 0.13867170591889E+11
 0.14117013220332E+11
 0.14370212067887E+11
 0.14626795127020E+11
 0.14886790248388E+11
 0.15150225379330E+11
 0.15417128854018E+11
 0.15687528698964E+11
 0.15961453119435E+11
 0.16238930551348E+11
 0.16519989517977E+11
 0.16804658445531E+11
 0.17092965844199E+11
 0.17384940390130E+11
 0.17680610824529E+11
 0.17980006059359E+11
 0.18283155025993E+11
 0.18590086698957E+11
 0.18900830068446E+11
 0.19215414293695E+11
 0.19533868606591E+11
 0.19856222316958E+11
 0.20182504823748E+11
