 0.10909164672639E+00
 0.10909164672628E+00
 0.10909164672512E+00
 0.10909164672767E+00
 0.10909164677424E+00
 0.10909164698344E+00
 0.10909164758244E+00
 0.10909164890567E+00
 0.10909165133494E+00
 0.10909165505523E+00
 0.10909165953019E+00
 0.10909166256428E+00
 0.10909165902893E+00
 0.10909163933323E+00
 0.10909158789928E+00
 0.10909148183285E+00
 0.10909128992642E+00
 0.10909097211079E+00
 0.10909047947234E+00
 0.10908975444891E+00
 0.10908873174811E+00
 0.10908733930727E+00
 0.10908549953337E+00
 0.10908313050517E+00
 0.10908014743613E+00
 0.10907646394241E+00
 0.10907199222156E+00
 0.10906664407175E+00
 0.10906033181688E+00
 0.10905296820808E+00
 0.10904446615897E+00
 0.10903473853747E+00
 0.10902369780670E+00
 0.10901125516619E+00
 0.10899731978720E+00
 0.10898179820668E+00
 0.10896459324705E+00
 0.10894560321364E+00
 0.10892472086250E+00
 0.10890183310255E+00
 0.10887681991441E+00
 0.10884955348963E+00
 0.10881989784946E+00
 0.10878770799037E+00
 0.10875282950080E+00
 0.10871509801965E+00
 0.10867433876326E+00
 0.10863036652138E+00
 0.10858298345050E+00
 0.10853198125446E+00
 0.10847713910434E+00
 0.10841822366878E+00
 0.10835498867221E+00
 0.10828717450820E+00
 0.10821450792930E+00
 0.10813670164532E+00
 0.10805345385704E+00
 0.10796444808143E+00
 0.10786935263019E+00
 0.10776782043600E+00
 0.10765948897734E+00
 0.10754397877734E+00
 0.10742089411415E+00
 0.10728976898681E+00
 0.10715027016860E+00
 0.10700190694251E+00
 0.10684421516836E+00
 0.10667671293672E+00
 0.10649890040162E+00
 0.10631026000537E+00
 0.10611025654473E+00
 0.10589833501513E+00
 0.10567392557661E+00
 0.10543643735696E+00
 0.10518526211151E+00
 0.10491977322375E+00
 0.10463932662296E+00
 0.10434326004095E+00
 0.10403089262538E+00
 0.10370152625959E+00
 0.10335444667500E+00
 0.10298892005905E+00
 0.10260419771861E+00
 0.10219951197743E+00
 0.10177408137869E+00
 0.10132710626180E+00
 0.10085777414273E+00
 0.10036525550371E+00
 0.99848710448678E-01
 0.99307282202309E-01
 0.98740100187744E-01
 0.98146285531008E-01
 0.97524848021285E-01
 0.96875080283137E-01
 0.96195988679123E-01
 0.95486659375760E-01
 0.94746181481575E-01
 0.93973645434362E-01
 0.93168132177517E-01
 0.92328737651455E-01
 0.91454561322438E-01
 0.90544720531831E-01
 0.89598339706714E-01
 0.88614571819775E-01
 0.87592589241831E-01
 0.86531607656982E-01
 0.85430876550345E-01
 0.84289690847743E-01
 0.83107399957548E-01
 0.81883412316348E-01
 0.80617225979175E-01
 0.79308414152306E-01
 0.77956509052564E-01
 0.76561500885509E-01
 0.75123175965765E-01
 0.73641555838811E-01
 0.72116811997453E-01
 0.70549267681170E-01
 0.68939432002355E-01
 0.67288005286121E-01
 0.65595898206975E-01
 0.63864250914511E-01
 0.62094451676221E-01
 0.60288147346262E-01
 0.58447263108325E-01
 0.56574051260948E-01
 0.54671051759843E-01
 0.52741180019630E-01
 0.50787701211042E-01
 0.48814247697627E-01
 0.46824835232226E-01
 0.44823969256345E-01
 0.42816468174269E-01
 0.40807826148943E-01
 0.38803749140849E-01
 0.36810474212287E-01
 0.34834595939573E-01
 0.32883150319911E-01
 0.30963411023794E-01
 0.29082844561803E-01
 0.27248930322531E-01
 0.25469019546252E-01
 0.23750105377887E-01
 0.22098769120944E-01
 0.20520526038080E-01
 0.19020178953581E-01
 0.17601383434455E-01
 0.16266526948715E-01
 0.15016859114198E-01
 0.13852313975063E-01
 0.12771683587295E-01
 0.11772733163176E-01
 0.10852346006270E-01
 0.10006732879914E-01
 0.92316076729969E-02
 0.85223919487452E-02
 0.78743529336027E-02
 0.72827373870271E-02
 0.67429288722103E-02
 0.62504806440546E-02
 0.58011839976627E-02
 0.53911190924771E-02
 0.50166479471289E-02
 0.46744349439960E-02
 0.43614303541913E-02
 0.40748711966407E-02
 0.38122612042509E-02
 0.35713409689803E-02
 0.33500749680977E-02
 0.31466299860624E-02
 0.29593585456521E-02
 0.27867774068073E-02
 0.26275563220121E-02
 0.24804950066229E-02
 0.23445166160733E-02
 0.22186488603819E-02
 0.21020163752796E-02
 0.19938282079431E-02
 0.18933714003533E-02
 0.17999998831926E-02
 0.17131294471516E-02
 0.16322308947510E-02
 0.15568229407432E-02
 0.14864692656724E-02
 0.14207730695369E-02
 0.13593724878015E-02
 0.13019382398666E-02
 0.12481692109160E-02
 0.11977908271695E-02
 0.11505519186539E-02
 0.11062220544048E-02
 0.10645907550412E-02
 0.10254644946081E-02
 0.98866560520429E-03
 0.95403078216722E-03
 0.92141004691966E-03
 0.89066493843515E-03
 0.86166799571951E-03
 0.83430171525576E-03
 0.80842326788211E-03
 0.78400155574279E-03
 0.76090876969982E-03
 0.73905903355853E-03
 0.71837287050345E-03
 0.69877660040387E-03
 0.68020175323304E-03
 0.66258497176544E-03
 0.64586723001573E-03
 0.62999374764795E-03
 0.61491355799702E-03
 0.60057918418699E-03
 0.58694646403654E-03
 0.57397411538637E-03
 0.56162380352793E-03
 0.54985957585867E-03
 0.53864800969797E-03
 0.52795779116540E-03
 0.51775962111886E-03
 0.50802620124960E-03
 0.49873187273220E-03
 0.48985259107522E-03
 0.48136596011306E-03
 0.47325084981385E-03
 0.46548747479544E-03
 0.45805727562116E-03
 0.45094282013034E-03
 0.44412774006330E-03
 0.43759665955505E-03
 0.43133500814876E-03
 0.42532920419490E-03
 0.41956640676434E-03
 0.41403452121402E-03
 0.40872219636435E-03
 0.40361863724315E-03
 0.39871372276467E-03
 0.39399792530058E-03
 0.38946218156250E-03
 0.38509797362554E-03
 0.38089725085096E-03
 0.37685238503173E-03
 0.37295617721726E-03
 0.36920182271745E-03
 0.36558281548401E-03
 0.36209311278593E-03
 0.35872689303032E-03
 0.35547865697442E-03
 0.35234321347524E-03
 0.34931562010544E-03
 0.34639121955404E-03
 0.34356554144629E-03
 0.34083437116716E-03
 0.33819370435558E-03
 0.33563970512384E-03
 0.33316878363567E-03
 0.33077747896750E-03
 0.32846251358406E-03
 0.32622078813141E-03
 0.32404930587387E-03
 0.32194522956764E-03
 0.31990587619616E-03
 0.31792872361215E-03
 0.31601126287864E-03
 0.31415118512301E-03
 0.31234625964201E-03
 0.31059436435039E-03
 0.30889347072292E-03
 0.30724164188100E-03
 0.30563703001432E-03
 0.30407786767011E-03
 0.30256246466630E-03
 0.30108920538297E-03
 0.29965654690400E-03
 0.29826301511096E-03
 0.29690719282198E-03
 0.29558772903527E-03
 0.29430333244199E-03
 0.29305275561504E-03
 0.29183483144286E-03
 0.29064839454923E-03
 0.28949236134431E-03
 0.28836569623400E-03
 0.28726737935960E-03
 0.28619646470174E-03
 0.28515201827084E-03
 0.28413315759349E-03
 0.28313903201713E-03
 0.28216883579146E-03
 0.28122177050488E-03
 0.28029708270861E-03
 0.27939405627543E-03
 0.27851199276008E-03
 0.27765022484623E-03
 0.27680811482371E-03
 0.27598503521803E-03
 0.27518038746638E-03
 0.27439360585751E-03
 0.27362413855229E-03
 0.27287145537324E-03
 0.27213504589696E-03
 0.27141441752581E-03
