 0.00000000000000E+00
 0.43153952136809E-22
-0.95619707150160E-21
-0.48332426393226E-20
-0.47955373427078E-20
 0.12666275626217E-19
-0.81341483380555E-11
-0.13625346457520E-10
-0.20587789420744E-10
 0.35850326045622E-11
-0.10799303835249E-10
-0.17241477633714E-10
-0.27856440792383E-10
 0.10700306699622E-11
 0.10432458593474E-09
 0.98197353468802E-09
-0.18269306489105E-08
-0.12786501659129E-08
 0.37892198544803E-08
 0.19181474443250E-07
 0.49385392317673E-07
 0.11883201051379E-06
 0.26230880125181E-06
 0.54241389417398E-06
 0.10600590454558E-05
 0.19648259918856E-05
 0.34760374105701E-05
 0.59039306974354E-05
 0.96585763074160E-05
 0.15281742541436E-04
 0.23459754050867E-04
 0.35032832978253E-04
 0.51018995083104E-04
 0.72618449780817E-04
 0.10121935450235E-03
 0.13840096170090E-03
 0.18592678806672E-03
 0.24574334527952E-03
 0.31996361813106E-03
 0.41086374222386E-03
 0.52085892343310E-03
 0.65247082287587E-03
 0.80838301765827E-03
 0.99132076517923E-03
 0.12040936643489E-02
 0.14495674066110E-02
 0.17306400070487E-02
 0.20502311117659E-02
 0.24112620368565E-02
 0.28166106510073E-02
 0.32692353254038E-02
 0.37719446931972E-02
 0.43275616266283E-02
 0.49388393927784E-02
 0.56086248259509E-02
 0.63382966130325E-02
 0.71336426837141E-02
 0.79944451442680E-02
 0.89218408590261E-02
 0.99204983129497E-02
 0.10992578414737E-01
 0.12142139117376E-01
 0.13370323313416E-01
 0.14676486988141E-01
 0.16063705553608E-01
 0.17531907531496E-01
 0.19084134335485E-01
 0.20723787497484E-01
 0.22453278380555E-01
 0.24273876024771E-01
 0.26184602126421E-01
 0.28189023898352E-01
 0.30288059367444E-01
 0.32483167258526E-01
 0.34775683965696E-01
 0.37167038092018E-01
 0.39658579382552E-01
 0.42251607495609E-01
 0.44947440112603E-01
 0.47747342847846E-01
 0.50652823340750E-01
 0.53663657728798E-01
 0.56784086312589E-01
 0.60014417567018E-01
 0.63354185195544E-01
 0.66805279930827E-01
 0.70368847009756E-01
 0.74047516153691E-01
 0.77842622744559E-01
 0.81756764312254E-01
 0.85789392708571E-01
 0.89942336415609E-01
 0.94217944840526E-01
 0.98615283566028E-01
 0.10313639530760E+00
 0.10778174026213E+00
 0.11255667175840E+00
 0.11746048187004E+00
 0.12249606222505E+00
 0.12766361695835E+00
 0.13296399210748E+00
 0.13839924363235E+00
 0.14397089762463E+00
 0.14968026900631E+00
 0.15552611243735E+00
 0.16151081475588E+00
 0.16763490936076E+00
 0.17389831965504E+00
 0.18030199548415E+00
 0.18684578803664E+00
 0.19352849732542E+00
 0.20034946414479E+00
 0.20730709149543E+00
 0.21439843664448E+00
 0.22162116053372E+00
 0.22897027334711E+00
 0.23644327015965E+00
 0.24403639215160E+00
 0.25174352644933E+00
 0.25955763531597E+00
 0.26747226199896E+00
 0.27547906208552E+00
 0.28356873165402E+00
 0.29173063511174E+00
 0.29995241768150E+00
 0.30822144198823E+00
 0.31652486054692E+00
 0.32484874938383E+00
 0.33317465898665E+00
 0.34148610782281E+00
 0.34976285338991E+00
 0.35798287941374E+00
 0.36612434253593E+00
 0.37416181733203E+00
 0.38207163417373E+00
 0.38982547973553E+00
 0.39739562991244E+00
 0.40475206525825E+00
 0.41186415509656E+00
 0.41869970891355E+00
 0.42522303752758E+00
 0.43140552286366E+00
 0.43721318238134E+00
 0.44261619260348E+00
 0.44758801559146E+00
 0.45210622333325E+00
 0.45615401098123E+00
 0.45971984439128E+00
 0.46279747959062E+00
 0.46538721201415E+00
 0.46749561802983E+00
 0.46913494079933E+00
 0.47032254232949E+00
 0.47108026364357E+00
 0.47143337092567E+00
 0.47141025975396E+00
 0.47104113465601E+00
 0.47035732995934E+00
 0.46939047118446E+00
 0.46817155286550E+00
 0.46673141899680E+00
 0.46509991411365E+00
 0.46330522078838E+00
 0.46137350960528E+00
 0.45932879505673E+00
 0.45719272472137E+00
 0.45498480995754E+00
 0.45272195149764E+00
 0.45041874649895E+00
 0.44808772968879E+00
 0.44573932233691E+00
 0.44338233020159E+00
 0.44102363137137E+00
 0.43866913458159E+00
 0.43632339936363E+00
 0.43398980589871E+00
 0.43167097397319E+00
 0.42936855710054E+00
 0.42708423111292E+00
 0.42481887330583E+00
 0.42257307525199E+00
 0.42034730131595E+00
 0.41814190709107E+00
 0.41595677426045E+00
 0.41379206623719E+00
 0.41164776776030E+00
 0.40952366071943E+00
 0.40741971773730E+00
 0.40533573290528E+00
 0.40327170790240E+00
 0.40122752576809E+00
 0.39920311373628E+00
 0.39719834395254E+00
 0.39521315904434E+00
 0.39324753793730E+00
 0.39130126454061E+00
 0.38937454905157E+00
 0.38746709546402E+00
 0.38557912213125E+00
 0.38371023281383E+00
 0.38186061505957E+00
 0.38003028056690E+00
 0.37821890662543E+00
 0.37642672315266E+00
 0.37465354979559E+00
 0.37289926475238E+00
 0.37116378384410E+00
 0.36944708616357E+00
 0.36774902385434E+00
 0.36606958219264E+00
 0.36440855875548E+00
 0.36276593714607E+00
 0.36114147266799E+00
 0.35953510677134E+00
 0.35794670129413E+00
 0.35637598930422E+00
 0.35482303178137E+00
 0.35328745129199E+00
 0.35176927584037E+00
 0.35026816228940E+00
 0.34878395337945E+00
 0.34731658602698E+00
 0.34586570307097E+00
 0.34443132088490E+00
 0.34301305978859E+00
 0.34161080196779E+00
 0.34022429385562E+00
 0.33885343467865E+00
 0.33749799950862E+00
 0.33615752974068E+00
 0.33483201882781E+00
 0.33352119416279E+00
 0.33222499494131E+00
 0.33094301657561E+00
 0.32967521018830E+00
 0.32842128650896E+00
 0.32718103849846E+00
 0.32595420166918E+00
 0.32474062819219E+00
 0.32354003157538E+00
 0.32235228057944E+00
 0.32117705769741E+00
 0.32001425200441E+00
 0.31886348970976E+00
 0.31772477580136E+00
 0.31659787923124E+00
 0.31548237064233E+00
 0.31437827446906E+00
 0.31328550743258E+00
 0.31220391871400E+00
 0.31113253925988E+00
 0.31007195122126E+00
 0.30902195283764E+00
 0.30798177328389E+00
 0.30695171960380E+00
 0.30593161521475E+00
 0.30492088640176E+00
 0.30391998125855E+00
 0.30292827562423E+00
 0.30194569674126E+00
 0.30097217038252E+00
 0.30000737535250E+00
 0.29905126361648E+00
 0.29810362733020E+00
 0.29716439061841E+00
 0.29623336333299E+00
 0.29531022582022E+00
 0.29439501841597E+00
 0.29348749005771E+00
 0.29258767349110E+00
 0.29169529230584E+00
 0.29081028634948E+00
 0.28993236585838E+00
 0.28906159035470E+00
 0.28819785795056E+00
 0.28734063409105E+00
 0.28649038149171E+00
 0.28564678649196E+00
 0.28480971485132E+00
 0.28397886358352E+00
 0.28315404974839E+00
 0.28233567800966E+00
 0.28152331906612E+00
 0.28071672987078E+00
 0.27991609878397E+00
 0.27912113026873E+00
 0.27833181633576E+00
 0.27754799727174E+00
 0.27676972265327E+00
 0.27599671665404E+00
 0.27522898917546E+00
 0.27446641175041E+00
 0.27370892059869E+00
 0.27295644397886E+00
 0.27220893095269E+00
 0.27146628704780E+00
 0.27072835207628E+00
 0.26999515763368E+00
 0.26926657675044E+00
 0.26854262512580E+00
