 0.00000000000000E+00
-0.32234125987408E-22
-0.62281785066551E-21
-0.43373099163312E-20
-0.17399193179312E-19
-0.50175529604257E-19
 0.20371232292679E-11
 0.22964365751593E-10
-0.43117672544471E-11
-0.44972739114210E-10
 0.33176188677202E-10
 0.15840223464790E-10
 0.19155816994403E-10
-0.17086352561596E-10
-0.36010376851833E-09
-0.24565206961675E-08
 0.29972612606889E-08
 0.37947922628772E-09
 0.63647873176397E-08
 0.19910624764817E-07
 0.48589650890229E-07
 0.11639588343849E-06
 0.26134996404884E-06
 0.53955133557807E-06
 0.10552773584345E-05
 0.19568894201407E-05
 0.34684107026230E-05
 0.58934913626935E-05
 0.96449914002166E-05
 0.15265517056932E-04
 0.23441776314598E-04
 0.35012973455852E-04
 0.50997682495125E-04
 0.72595337625744E-04
 0.10119338151049E-03
 0.13837534230202E-03
 0.18590166378904E-03
 0.24571811294211E-03
 0.31993925858617E-03
 0.41084281636550E-03
 0.52084184657513E-03
 0.65246088824036E-03
 0.80838507162022E-03
 0.99134081795286E-03
 0.12041414149117E-02
 0.14496559121599E-02
 0.17307890532395E-02
 0.20504656379994E-02
 0.24116204132599E-02
 0.28171458035212E-02
 0.32699957223572E-02
 0.37730456048138E-02
 0.43291062533622E-02
 0.49409744125354E-02
 0.56089066097785E-02
 0.63483021818580E-02
 0.71410440485238E-02
 0.79949062893500E-02
 0.89256584575594E-02
 0.99300131556175E-02
 0.11014670251973E-01
 0.12174161238949E-01
 0.13405455799467E-01
 0.14714901555624E-01
 0.16100026211952E-01
 0.17570517689963E-01
 0.19133095944534E-01
 0.20790072443031E-01
 0.22540016472003E-01
 0.24380349101270E-01
 0.26306397086139E-01
 0.28336265418885E-01
 0.30461563500623E-01
 0.32687577195813E-01
 0.35015490254596E-01
 0.37447238061823E-01
 0.39984600759223E-01
 0.42629201043996E-01
 0.45383348424921E-01
 0.48248772760474E-01
 0.51224245837368E-01
 0.54326458890437E-01
 0.57537700339388E-01
 0.60862050179457E-01
 0.64306184190686E-01
 0.67878686948379E-01
 0.71582102882545E-01
 0.75414412675013E-01
 0.79378740884470E-01
 0.83477726140492E-01
 0.87704387692991E-01
 0.92068870989248E-01
 0.96562391589193E-01
 0.10119954508678E+00
 0.10597965119052E+00
 0.11090715125919E+00
 0.11599559822938E+00
 0.12123208703966E+00
 0.12662541171174E+00
 0.13216681294857E+00
 0.13787627755178E+00
 0.14373420028231E+00
 0.14974935584600E+00
 0.15593029180939E+00
 0.16227163264276E+00
 0.16878232145466E+00
 0.17545999179666E+00
 0.18230755083824E+00
 0.18931694717746E+00
 0.19648847437181E+00
 0.20382042764041E+00
 0.21130836572019E+00
 0.21894532875492E+00
 0.22672838432589E+00
 0.23464688816280E+00
 0.24270434593851E+00
 0.25090134050750E+00
 0.25921409287499E+00
 0.26762987890402E+00
 0.27614563633389E+00
 0.28474321380741E+00
 0.29340530550782E+00
 0.30212197094145E+00
 0.31085106122243E+00
 0.31958404332139E+00
 0.32829958061868E+00
 0.33697252000142E+00
 0.34556484613264E+00
 0.35401575272955E+00
 0.36230407320771E+00
 0.37037117432290E+00
 0.37817083249848E+00
 0.38565320401358E+00
 0.39276654860668E+00
 0.39943737272493E+00
 0.40560376911490E+00
 0.41119602508602E+00
 0.41613358393063E+00
 0.42031501496950E+00
 0.42364986257235E+00
 0.42606076425024E+00
 0.42747519791348E+00
 0.42783683613213E+00
 0.42712577482986E+00
 0.42533414431530E+00
 0.42249603236939E+00
 0.41866489960019E+00
 0.41391553929853E+00
 0.40834997971157E+00
 0.40208003392842E+00
 0.39523347499570E+00
 0.38794039747768E+00
 0.38033220876031E+00
 0.37252998999728E+00
 0.36464903598618E+00
 0.35678988106794E+00
 0.34904285205670E+00
 0.34148246815990E+00
 0.33416937661278E+00
 0.32715093278073E+00
 0.32046892676952E+00
 0.31415138418762E+00
 0.30821189812875E+00
 0.30265630428743E+00
 0.29747830166566E+00
 0.29266804859655E+00
 0.28820931987560E+00
 0.28407793492725E+00
 0.28025119507204E+00
 0.27670281849305E+00
 0.27340819126577E+00
 0.27034143241131E+00
 0.26748005873920E+00
 0.26480235003623E+00
 0.26228689433795E+00
 0.25991583611381E+00
 0.25766873407629E+00
 0.25553234595976E+00
 0.25349645003364E+00
 0.25154922935802E+00
 0.24968173906377E+00
 0.24788856723575E+00
 0.24616162451814E+00
 0.24449515603246E+00
 0.24288529920397E+00
 0.24132857337043E+00
 0.23982170292377E+00
 0.23836164591293E+00
 0.23694749810652E+00
 0.23557628026463E+00
 0.23424618516255E+00
 0.23295682627548E+00
 0.23170524389946E+00
 0.23049040817258E+00
 0.22931030537284E+00
 0.22816605752714E+00
 0.22705784062916E+00
 0.22598105366612E+00
 0.22493527544134E+00
 0.22392176290771E+00
 0.22293810117697E+00
 0.22198493171377E+00
 0.22106027703727E+00
 0.22016364517819E+00
 0.21929411832151E+00
 0.21845243840065E+00
 0.21763644652019E+00
 0.21684582598402E+00
 0.21608034047107E+00
 0.21533812081399E+00
 0.21462049213898E+00
 0.21392477719090E+00
 0.21325244698396E+00
 0.21260061928812E+00
 0.21197013907783E+00
 0.21136037880227E+00
 0.21077111416601E+00
 0.21020069392561E+00
 0.20964847516696E+00
 0.20911479778514E+00
 0.20859896842328E+00
 0.20810087552907E+00
 0.20762024776079E+00
 0.20715558746152E+00
 0.20670526684691E+00
 0.20627196406753E+00
 0.20585366541370E+00
 0.20544816031824E+00
 0.20505735798625E+00
 0.20468146013637E+00
 0.20431755821876E+00
 0.20396751872224E+00
 0.20362976112837E+00
 0.20330370050885E+00
 0.20298936124226E+00
 0.20268779959465E+00
 0.20239641196598E+00
 0.20211556627963E+00
 0.20184382380837E+00
 0.20158238541635E+00
 0.20133118087538E+00
 0.20108896502278E+00
 0.20085672725555E+00
 0.20063211091882E+00
 0.20041677297289E+00
 0.20021248782029E+00
 0.20001082935772E+00
 0.19982037664525E+00
 0.19963667101173E+00
 0.19946090517018E+00
 0.19929130908292E+00
 0.19912764655256E+00
 0.19897166982294E+00
 0.19882136439745E+00
 0.19867823741665E+00
 0.19854104604490E+00
 0.19840934008111E+00
 0.19828261521676E+00
 0.19816260824698E+00
 0.19804678657758E+00
 0.19793460992515E+00
 0.19782682928504E+00
 0.19772460354027E+00
 0.19762446406901E+00
 0.19753264971270E+00
 0.19744309969706E+00
 0.19735541779113E+00
 0.19727276180058E+00
 0.19719407292676E+00
 0.19711902018216E+00
 0.19705003809261E+00
 0.19698137469855E+00
 0.19691664396565E+00
 0.19685420703959E+00
 0.19679739676069E+00
 0.19674113721561E+00
 0.19668885597623E+00
 0.19663663138449E+00
 0.19658879286664E+00
 0.19654273097214E+00
 0.19649681375824E+00
 0.19645305404685E+00
 0.19641575512474E+00
 0.19637760569549E+00
 0.19634489623886E+00
 0.19631045520436E+00
 0.19627862494293E+00
 0.19624955730829E+00
 0.19622037306641E+00
 0.19619462446937E+00
 0.19616941821761E+00
 0.19614712806687E+00
 0.19612534979835E+00
 0.19610570811091E+00
 0.19608587167423E+00
 0.19606840734737E+00
 0.19605026397117E+00
 0.19603546569776E+00
 0.19602115542440E+00
 0.19600955968975E+00
