 0.00000000000000E+00
 0.66932905519464E-24
 0.28081560016433E-22
 0.36261640060629E-21
 0.23166134240157E-20
 0.90362679036130E-20
-0.43427152020860E-12
-0.14265303890841E-10
 0.48478552340086E-11
 0.20652814663951E-10
-0.15118564904808E-10
-0.86889074235081E-11
-0.19866100339823E-10
 0.24256338705460E-10
 0.71196687072387E-09
 0.46147313860746E-08
-0.54998281521858E-08
 0.54473226729695E-08
 0.93118307539863E-08
 0.20262156135179E-07
 0.53483970356820E-07
 0.12683539786206E-06
 0.27197057743842E-06
 0.56139723846114E-06
 0.10900145012290E-05
 0.20119711485678E-05
 0.35339885907690E-05
 0.59802343179471E-05
 0.97664085324645E-05
 0.15421963751041E-04
 0.23636192324297E-04
 0.35241851744067E-04
 0.51264252727546E-04
 0.72913746539999E-04
 0.10157267349640E-03
 0.13879784598043E-03
 0.18637739824292E-03
 0.24625072259646E-03
 0.32054414504437E-03
 0.41150811586349E-03
 0.52159132866650E-03
 0.65330844419086E-03
 0.80934485037888E-03
 0.99245173601315E-03
 0.12054590617831E-02
 0.14512530242850E-02
 0.17327820273770E-02
 0.20530324539490E-02
 0.24149705865378E-02
 0.28218779461951E-02
 0.32761418095084E-02
 0.37810153752739E-02
 0.43397847025480E-02
 0.49552857408501E-02
 0.56938474986156E-02
 0.62474135864376E-02
 0.70879524583089E-02
 0.81516388839829E-02
 0.91487660070783E-02
 0.10158954414514E-01
 0.11118239610974E-01
 0.12148504733988E-01
 0.13371155118958E-01
 0.14738523215800E-01
 0.16328048376732E-01
 0.18003017389281E-01
 0.19659908185017E-01
 0.21292442172281E-01
 0.22989031288866E-01
 0.24888251190822E-01
 0.27133048896306E-01
 0.29199376798003E-01
 0.31520208519078E-01
 0.33933642091749E-01
 0.36478248667470E-01
 0.39157113734229E-01
 0.41977955787357E-01
 0.44948336754507E-01
 0.48061408178531E-01
 0.51332514210984E-01
 0.54932350352873E-01
 0.58120269543367E-01
 0.61831196156633E-01
 0.66018337472695E-01
 0.70525116985948E-01
 0.75023012926602E-01
 0.79595738082818E-01
 0.84260746452302E-01
 0.89049998557068E-01
 0.93892597433703E-01
 0.99319837887528E-01
 0.10489982871491E+00
 0.11117535180535E+00
 0.11769689123387E+00
 0.12456442639751E+00
 0.13168320115892E+00
 0.13857877441144E+00
 0.14590169725728E+00
 0.15342369506445E+00
 0.16176807033043E+00
 0.16973737288758E+00
 0.17871909756852E+00
 0.18825445722277E+00
 0.19802138390648E+00
 0.20852160680453E+00
 0.21912655257375E+00
 0.22999536845031E+00
 0.24095784749057E+00
 0.25231858539478E+00
 0.26414728927991E+00
 0.27628845173402E+00
 0.28888066701063E+00
 0.30219765503172E+00
 0.31607766577010E+00
 0.33098547149489E+00
 0.34583659641181E+00
 0.36013578810178E+00
 0.37490527081494E+00
 0.39041733392118E+00
 0.40557766389443E+00
 0.42087029032485E+00
 0.43612428122575E+00
 0.45032341838773E+00
 0.46544044685942E+00
 0.47995548351236E+00
 0.49280198377906E+00
 0.50318096316796E+00
 0.51122331591742E+00
 0.51891093996730E+00
 0.52383177282011E+00
 0.52667799526169E+00
 0.52641526754145E+00
 0.52147142326693E+00
 0.50945215297015E+00
 0.48990542049540E+00
 0.46044247536296E+00
 0.41813515017624E+00
 0.36222603052283E+00
 0.29428026216147E+00
 0.21596820917834E+00
 0.12972000377556E+00
 0.38487388827681E-01
-0.52965342852814E-01
-0.14169319041520E+00
-0.22286460071349E+00
-0.29416821002977E+00
-0.35300651338730E+00
-0.39730106201141E+00
-0.42707699456423E+00
-0.44224563287496E+00
-0.44446736192515E+00
-0.43558971905887E+00
-0.41790819270618E+00
-0.39329969516213E+00
-0.36397769086302E+00
-0.33138925684715E+00
-0.29716289503574E+00
-0.26227322588583E+00
-0.22737674252879E+00
-0.19290215862225E+00
-0.16031494484490E+00
-0.13055312113043E+00
-0.10385528561988E+00
-0.80548718703378E-01
-0.60366156388545E-01
-0.43464598881174E-01
-0.29820729794567E-01
-0.18784162434393E-01
-0.10167727707624E-01
-0.36660238747757E-02
 0.10145030954389E-02
 0.41878540100149E-02
 0.59323337562655E-02
 0.63652164808273E-02
 0.59265657605890E-02
 0.47800613564402E-02
 0.38128833742605E-02
 0.29416739450115E-02
 0.18388558465121E-02
 0.83456768490736E-03
 0.49767067441402E-04
-0.91741018839178E-03
-0.17778133676612E-02
-0.23382209446331E-02
-0.27964124082819E-02
-0.31819572501904E-02
-0.34738901874191E-02
-0.35662255660006E-02
-0.38489982637027E-02
-0.40460626561618E-02
-0.41659952778961E-02
-0.44562875112374E-02
-0.45433529618600E-02
-0.45332889669575E-02
-0.41006613848167E-02
-0.39430405501371E-02
-0.42522169270882E-02
-0.41703625977709E-02
-0.37837922270059E-02
-0.35315790007166E-02
-0.32354366502291E-02
-0.31397145742098E-02
-0.28404502812693E-02
-0.25179060827992E-02
-0.21552087149605E-02
-0.19362368096714E-02
-0.16771554174329E-02
-0.13589936988531E-02
-0.11664282329957E-02
-0.78556773682509E-03
-0.58393818635777E-03
-0.24047015945356E-03
-0.75913563880221E-04
 0.31273100573032E-03
 0.69463055766568E-03
 0.92894939664135E-03
 0.10620810765870E-02
 0.13900175871596E-02
 0.18218811474785E-02
 0.22281749875564E-02
 0.25936108792525E-02
 0.28823562824494E-02
 0.28393114482092E-02
 0.31815138802732E-02
 0.38342349634620E-02
 0.39951340269050E-02
 0.41371569845626E-02
 0.48516976608249E-02
 0.53658520423940E-02
 0.54606287249238E-02
 0.59917672898839E-02
 0.61362842045155E-02
 0.65107408873944E-02
 0.70096190607642E-02
 0.74148969837000E-02
 0.73499418987295E-02
 0.75823448842292E-02
 0.77777361107156E-02
 0.83503452664449E-02
 0.88944053990033E-02
 0.92421616475751E-02
 0.98115741958853E-02
 0.10029504529193E-01
 0.10625010962946E-01
 0.10939811928637E-01
 0.10277780980361E-01
 0.11492542509231E-01
 0.11515112651656E-01
 0.11822976991773E-01
 0.11708619663899E-01
 0.12359681112915E-01
 0.13008065885343E-01
 0.12960825926208E-01
 0.13449976565790E-01
 0.13435853049489E-01
 0.13018336356992E-01
 0.13169497252222E-01
 0.13352246721708E-01
 0.12732488662606E-01
 0.12741730888260E-01
 0.13063342935776E-01
 0.13753535078835E-01
 0.13776949304732E-01
 0.14660570492805E-01
 0.14172948065848E-01
 0.14429684668756E-01
 0.15466649562793E-01
 0.16032380639171E-01
 0.16352154369188E-01
 0.16609965890640E-01
 0.15662059967586E-01
 0.16035519046543E-01
 0.16150591149296E-01
 0.16585535047492E-01
 0.16124170131144E-01
 0.16227163669972E-01
 0.15960133308522E-01
 0.16678689776284E-01
 0.16550367345770E-01
 0.16842735045444E-01
 0.17813231501659E-01
 0.18998619950446E-01
 0.18555873777863E-01
 0.18957138459231E-01
 0.18223512500586E-01
 0.18884975476546E-01
 0.19158539175025E-01
 0.18997963164451E-01
 0.19865146073829E-01
 0.19775877888985E-01
 0.20052866834211E-01
 0.19742087185962E-01
 0.19712098127312E-01
 0.19445223236924E-01
 0.19860131927954E-01
 0.19762509257770E-01
 0.20540861382595E-01
 0.20411530517325E-01
 0.20582792051799E-01
 0.20129486351914E-01
