-0.49104138625769E+01
-0.49104136961578E+01
-0.49104121104128E+01
-0.49104061372920E+01
-0.49103913730731E+01
-0.49103623077625E+01
-0.49103126848766E+01
-0.49102370080243E+01
-0.49101349896371E+01
-0.49100196059644E+01
-0.49099268756190E+01
-0.49099239398299E+01
-0.49101126332851E+01
-0.49106275754235E+01
-0.49116295397896E+01
-0.49132958277459E+01
-0.49158093954291E+01
-0.49193484682145E+01
-0.49240773408164E+01
-0.49301399167244E+01
-0.49376540654942E+01
-0.49467094911747E+01
-0.49573656110387E+01
-0.49696523316433E+01
-0.49835715242421E+01
-0.49990989065494E+01
-0.50161868006976E+01
-0.50347671451116E+01
-0.50547543726831E+01
-0.50760486747501E+01
-0.50985389761478E+01
-0.51221057230255E+01
-0.51466233689158E+01
-0.51719628632039E+01
-0.51979936934465E+01
-0.52245857380600E+01
-0.52516106872879E+01
-0.52789435386770E+01
-0.53064636070041E+01
-0.53340552256865E+01
-0.53616092765280E+01
-0.53890226788231E+01
-0.54161993192897E+01
-0.54430501096968E+01
-0.54694931857012E+01
-0.54954539434342E+01
-0.55208649913111E+01
-0.55456660329308E+01
-0.55698037083967E+01
-0.55932314086526E+01
-0.56159089772081E+01
-0.56378024488329E+01
-0.56588838250402E+01
-0.56791307451804E+01
-0.56985261947530E+01
-0.57170582091911E+01
-0.57347195764251E+01
-0.57515075452710E+01
-0.57674235468413E+01
-0.57824729056243E+01
-0.57966646114009E+01
-0.58100110337007E+01
-0.58225276981389E+01
-0.58342330540296E+01
-0.58451512395081E+01
-0.58553005538234E+01
-0.58647094609531E+01
-0.58734060854859E+01
-0.58814205160909E+01
-0.58887846574860E+01
-0.58955320818584E+01
-0.59016978934067E+01
-0.59073185648447E+01
-0.59124319042321E+01
-0.59170768523805E+01
-0.59212934063921E+01
-0.59251226347744E+01
-0.59286063733647E+01
-0.59317873550442E+01
-0.59347093055552E+01
-0.59374164695607E+01
-0.59399537295734E+01
-0.59423665833249E+01
-0.59447011185196E+01
-0.59470039736768E+01
-0.59493221520569E+01
-0.59517032108506E+01
-0.59541952523965E+01
-0.59568466535415E+01
-0.59597060232754E+01
-0.59628225568405E+01
-0.59662461525375E+01
-0.59700269600676E+01
-0.59742187804357E+01
-0.59788646078979E+01
-0.59840190040342E+01
-0.59897329196611E+01
-0.59960572265096E+01
-0.60030434694584E+01
-0.60107429731184E+01
-0.60192067923329E+01
-0.60284859044730E+01
-0.60386310078770E+01
-0.60496922208252E+01
-0.60617189150442E+01
-0.60747588193503E+01
-0.60888598099512E+01
-0.61040665095561E+01
-0.61204218795437E+01
-0.61379663436531E+01
-0.61567368709582E+01
-0.61767666883573E+01
-0.61980828270894E+01
-0.62207082704087E+01
-0.62446575332895E+01
-0.62699433352979E+01
-0.62965514561479E+01
-0.63244722540210E+01
-0.63536774355176E+01
-0.63841229128704E+01
-0.64157484697302E+01
-0.64484696620269E+01
-0.64821826134568E+01
-0.65167523328539E+01
-0.65520179944928E+01
-0.65877813924946E+01
-0.66238089735427E+01
-0.66598250952390E+01
-0.66955096182427E+01
-0.67304942888632E+01
-0.67643601608248E+01
-0.67966350822515E+01
-0.68267976699733E+01
-0.68542745206373E+01
-0.68784498057477E+01
-0.68986700667297E+01
-0.69142604114923E+01
-0.69245402642350E+01
-0.69288470144243E+01
-0.69265568518296E+01
-0.69171236453416E+01
-0.69001036357183E+01
-0.68751863239202E+01
-0.68422223248747E+01
-0.68012467618698E+01
-0.67524946840720E+01
-0.66964050706169E+01
-0.66336199422014E+01
-0.65649692289979E+01
-0.64914449790519E+01
-0.64141659002128E+01
-0.63343245366756E+01
-0.62531313738356E+01
-0.61717449299259E+01
-0.60912223996852E+01
-0.60124656180029E+01
-0.59361847962900E+01
-0.58628810454566E+01
-0.57928460379219E+01
-0.57261688961704E+01
-0.56627742780592E+01
-0.56024475771758E+01
-0.55448754988824E+01
-0.54896858075107E+01
-0.54364777536929E+01
-0.53848512440631E+01
-0.53344312322299E+01
-0.52848824769410E+01
-0.52359183059883E+01
-0.51873045145622E+01
-0.51388612571053E+01
-0.50904573392699E+01
-0.50420080717758E+01
-0.49934615889457E+01
-0.49448033317876E+01
-0.48960415342132E+01
-0.48472025019090E+01
-0.47983264787179E+01
-0.47494619277632E+01
-0.47006619313845E+01
-0.46519813227479E+01
-0.46034742111538E+01
-0.45551918630641E+01
-0.45071824695696E+01
-0.44594894705836E+01
-0.44121518631397E+01
-0.43652036398366E+01
-0.43186735751793E+01
-0.42725856331443E+01
-0.42269598237581E+01
-0.41818117960627E+01
-0.41371545348253E+01
-0.40929947112160E+01
-0.40493393609522E+01
-0.40061919689096E+01
-0.39635538814459E+01
-0.39214222590492E+01
-0.38797972065465E+01
-0.38386741665069E+01
-0.37980487114191E+01
-0.37579155100529E+01
-0.37182684825184E+01
-0.36791012279810E+01
-0.36404069294739E+01
-0.36021800663778E+01
-0.35644101649438E+01
-0.35270923051321E+01
-0.34902194537369E+01
-0.34537846817701E+01
-0.34177807041359E+01
-0.33822010287939E+01
-0.33470392710722E+01
-0.33122885166464E+01
-0.32779433552523E+01
-0.32439980440984E+01
-0.32104457068186E+01
-0.31772823242847E+01
-0.31445018367638E+01
-0.31120997060167E+01
-0.30800706835616E+01
-0.30484103836319E+01
-0.30171144532795E+01
-0.29861782311506E+01
-0.29555977780549E+01
-0.29253688581321E+01
-0.28954887952997E+01
-0.28659514125572E+01
-0.28367550522049E+01
-0.28078954627031E+01
-0.27793693858557E+01
-0.27511735646841E+01
-0.27233040290806E+01
-0.26957581571343E+01
-0.26685325551686E+01
-0.26416240910247E+01
-0.26150295995622E+01
-0.25887460107077E+01
-0.25627706465237E+01
-0.25371002252174E+01
-0.25117317920113E+01
-0.24866623968123E+01
-0.24618890967425E+01
-0.24374089670715E+01
-0.24132191222623E+01
-0.23893166735301E+01
-0.23656987380604E+01
-0.23423624290398E+01
-0.23193047967963E+01
-0.22965231431555E+01
-0.22740145688645E+01
-0.22517760992058E+01
-0.22298049406682E+01
-0.22080982485683E+01
-0.21866531896601E+01
-0.21654669150835E+01
-0.21445365649799E+01
-0.21238593437589E+01
-0.21034324722294E+01
-0.20832525645907E+01
-0.20633180313824E+01
-0.20436246292629E+01
-0.20241704991264E+01
-0.20049526901813E+01
-0.19859681343852E+01
-0.19672145394726E+01
-0.19486884988076E+01
-0.19303879559822E+01
-0.19123097014365E+01
-0.18944510302177E+01
-0.18768095645319E+01
-0.18593823567113E+01
-0.18421666654674E+01
-0.18251599601803E+01
-0.18083596643996E+01
-0.17917630307097E+01
-0.17753674663170E+01
-0.17591703645314E+01
-0.17431691175558E+01
-0.17273613029668E+01
-0.17117444461345E+01
-0.16963159249066E+01
-0.16810731265316E+01
-0.16660137952320E+01
-0.16511354197282E+01
-0.16364355843044E+01
-0.16219118994887E+01
-0.16075619905021E+01
-0.15933835232712E+01
-0.15793741612005E+01
-0.15655316150267E+01
-0.15518536179106E+01
-0.15383379105841E+01
-0.15249823217802E+01
-0.15117846188684E+01
-0.14987426486835E+01
-0.14858542386051E+01
-0.14731172847138E+01
-0.14605296977893E+01
-0.14480894031289E+01
-0.14357944211662E+01
