 0.12161460193875E+03
 0.12161458595830E+03
 0.12161444572697E+03
 0.12161395325833E+03
 0.12161280024275E+03
 0.12161062771334E+03
 0.12160711610128E+03
 0.12160238815792E+03
 0.12159796163200E+03
 0.12159805279626E+03
 0.12161061270168E+03
 0.12164755500575E+03
 0.12172405895617E+03
 0.12185720943553E+03
 0.12206438137312E+03
 0.12236172625526E+03
 0.12276298210185E+03
 0.12327869459672E+03
 0.12391582338023E+03
 0.12467773767369E+03
 0.12556436740534E+03
 0.12657261725804E+03
 0.12769675342891E+03
 0.12892893784909E+03
 0.13025970035453E+03
 0.13167837926580E+03
 0.13317353792292E+03
 0.13473331850666E+03
 0.13634570886880E+03
 0.13799881414277E+03
 0.13968105047238E+03
 0.14138129348845E+03
 0.14308898378740E+03
 0.14479422345597E+03
 0.14648782391400E+03
 0.14816134376370E+03
 0.14980709392324E+03
 0.15141814226328E+03
 0.15298829769124E+03
 0.15451207377909E+03
 0.15598472582437E+03
 0.15740213478617E+03
 0.15876081477535E+03
 0.16005785871142E+03
 0.16129090406506E+03
 0.16245809267840E+03
 0.16355803080241E+03
 0.16458974989055E+03
 0.16555266983854E+03
 0.16644656673098E+03
 0.16727152813297E+03
 0.16802792912139E+03
 0.16871640266085E+03
 0.16933781016234E+03
 0.16989321591716E+03
 0.17038386313755E+03
 0.17081115200172E+03
 0.17117661953491E+03
 0.17148192081143E+03
 0.17172881270770E+03
 0.17191914018005E+03
 0.17205481994051E+03
 0.17213782907712E+03
 0.17217019362570E+03
 0.17215407347220E+03
 0.17209139113760E+03
 0.17198434114525E+03
 0.17183505234921E+03
 0.17164566011856E+03
 0.17141830053396E+03
 0.17115510201474E+03
 0.17085818501010E+03
 0.17052965789620E+03
 0.17017161112024E+03
 0.16978610514522E+03
 0.16937517628750E+03
 0.16894083402883E+03
 0.16848504643517E+03
 0.16800975379470E+03
 0.16751687349299E+03
 0.16700826924633E+03
 0.16648576433377E+03
 0.16595114296167E+03
 0.16540613070026E+03
 0.16485242056312E+03
 0.16429163202299E+03
 0.16372535448480E+03
 0.16315511658785E+03
 0.16258238590951E+03
 0.16200854985844E+03
 0.16143498731484E+03
 0.16086300369913E+03
 0.16029382748548E+03
 0.15972863860572E+03
 0.15916831038965E+03
 0.15861394462731E+03
 0.15806644508221E+03
 0.15752654277298E+03
 0.15699494793992E+03
 0.15647222554409E+03
 0.15595879912636E+03
 0.15545495560477E+03
 0.15496082432395E+03
 0.15447635628304E+03
 0.15400130227184E+03
 0.15353517639981E+03
 0.15307726728890E+03
 0.15262656031976E+03
 0.15218172204909E+03
 0.15174105616454E+03
 0.15130242784171E+03
 0.15086334789131E+03
 0.15042061910450E+03
 0.14997056080246E+03
 0.14950878601399E+03
 0.14903026259018E+03
 0.14852872133347E+03
 0.14799723787478E+03
 0.14742766713103E+03
 0.14681061469766E+03
 0.14613538369915E+03
 0.14538950011691E+03
 0.14455899452803E+03
 0.14362778691996E+03
 0.14257785484803E+03
 0.14138885931185E+03
 0.14003808946589E+03
 0.13850031315345E+03
 0.13674775494052E+03
 0.13475015936327E+03
 0.13247490045082E+03
 0.12988741716883E+03
 0.12695191407656E+03
 0.12363206511861E+03
 0.11989250739396E+03
 0.11570049502168E+03
 0.11102803945786E+03
 0.10585443675244E+03
 0.10016912222761E+03
 0.93974588324874E+02
 0.87288643023583E+02
 0.80146303663138E+02
 0.72600351368370E+02
 0.64720184454142E+02
 0.56589641418833E+02
 0.48302631782729E+02
 0.39958896125969E+02
 0.31658965544856E+02
 0.23499696815240E+02
 0.15570571755158E+02
 0.79510284613975E+01
 0.70872861259780E+00
-0.61010635935303E+01
-0.12434977696909E+02
-0.18260625735683E+02
-0.23554678408282E+02
-0.28300804993527E+02
-0.32487595933420E+02
-0.36106948029701E+02
-0.39152725900525E+02
-0.41620220833783E+02
-0.43506032917656E+02
-0.44808512170916E+02
-0.45528350181260E+02
-0.45669059044303E+02
-0.45237695887514E+02
-0.44245186071661E+02
-0.42706589893125E+02
-0.40641000799936E+02
-0.38071276649560E+02
-0.35023659458906E+02
-0.31527261546464E+02
-0.27613490194794E+02
-0.23315281981523E+02
-0.18666728964815E+02
-0.13702424879798E+02
-0.84569803529691E+01
-0.29644979730295E+01
 0.27416932447779E+01
 0.86293240758746E+01
 0.14667397372100E+02
 0.20826488415633E+02
 0.27078675228256E+02
 0.33397760737282E+02
 0.39759302058810E+02
 0.46140463414574E+02
 0.52520229277609E+02
 0.58879183699883E+02
 0.65199335067115E+02
 0.71464699566657E+02
 0.77660398592758E+02
 0.83773317091927E+02
 0.89791027849339E+02
 0.95703054131415E+02
 0.10149999954840E+03
 0.10717360549694E+03
 0.11271555411707E+03
 0.11812057412676E+03
 0.12338278933799E+03
 0.12849760547503E+03
 0.13346118230243E+03
 0.13827045123291E+03
 0.14292296730058E+03
 0.14741692333845E+03
 0.15175179014745E+03
 0.15592519440626E+03
 0.15993810289067E+03
 0.16379051065383E+03
 0.16748339179869E+03
 0.17101717316354E+03
 0.17439335452448E+03
 0.17761362318336E+03
 0.18067965689592E+03
 0.18359370099335E+03
 0.18635835630082E+03
 0.18897520979676E+03
 0.19144778326975E+03
 0.19377863888034E+03
 0.19597074471922E+03
 0.19802703162041E+03
 0.19995067461993E+03
 0.20174489991503E+03
 0.20341298113012E+03
 0.20495815027717E+03
 0.20638379721420E+03
 0.20769358708456E+03
 0.20888981702710E+03
 0.20997696264214E+03
 0.21095799742772E+03
 0.21183626654300E+03
 0.21261533549418E+03
 0.21329785060575E+03
 0.21388770282055E+03
 0.21438788124517E+03
 0.21480157667302E+03
 0.21513195141038E+03
 0.21538202449762E+03
 0.21555480092306E+03
 0.21565335331687E+03
 0.21568053059011E+03
 0.21563917784551E+03
 0.21553207628130E+03
 0.21536194469603E+03
 0.21513143553141E+03
 0.21484313596652E+03
 0.21449956495660E+03
 0.21410317475128E+03
 0.21365637805556E+03
 0.21316143797092E+03
 0.21262059271359E+03
 0.21203610957724E+03
 0.21141006930639E+03
 0.21074453037842E+03
 0.21004148585899E+03
 0.20930286521791E+03
 0.20853051499602E+03
 0.20772623496035E+03
 0.20689175545358E+03
 0.20602865589454E+03
 0.20513905274175E+03
 0.20422362267081E+03
 0.20328464008695E+03
 0.20232331039005E+03
 0.20134102117591E+03
 0.20033920389789E+03
 0.19931897655742E+03
 0.19828175683479E+03
 0.19722870605367E+03
 0.19616097321583E+03
 0.19507951511633E+03
 0.19398565888286E+03
 0.19288027206326E+03
 0.19176441500981E+03
 0.19063894419017E+03
 0.18950475893020E+03
 0.18836275531112E+03
 0.18721373416692E+03
 0.18605854635377E+03
 0.18489791542675E+03
 0.18373258416800E+03
 0.18256319312166E+03
 0.18139042951013E+03
 0.18021491506230E+03
 0.17903725982899E+03
 0.17785803433687E+03
 0.17667778142548E+03
 0.17549701803001E+03
 0.17431625370202E+03
 0.17313595346563E+03
 0.17195656573829E+03
 0.17077851678552E+03
 0.16960224279286E+03
 0.16842809155198E+03
 0.16725641613792E+03
 0.16608757552269E+03
 0.16492190195122E+03
 0.16375970204167E+03
 0.16260127058356E+03
 0.16144687967275E+03
 0.16029679506768E+03
