 0.11128825829539+252
 0.33359894098696+121
 0.10362940912810E+78
 0.18264676755879E+56
 0.16191571578923E+43
 0.32191396678450E+34
 0.19604097856333E+28
 0.42736729687283E+23
 0.10119373302781E+20
 0.12724300710814E+17
 0.53886389416980E+14
 0.56734387305187E+12
 0.12035363154363E+11
 0.44270971520645E+09
 0.25293717047840E+08
 0.20667076148931E+07
 0.22672226768608E+06
 0.18368058100962E+08
 0.31671886213473E+07
 0.31820834926149E+07
 0.14783385115749E+07
 0.72601058516015E+06
 0.37894975478357E+06
 0.20866519167254E+06
 0.12045662660579E+06
 0.72513427514842E+05
 0.45315238590110E+05
 0.29283109423203E+05
 0.19501932581473E+05
 0.13346211164164E+05
 0.93615996622532E+04
 0.67155582111670E+04
 0.49170207920664E+04
 0.36681840292251E+04
 0.27839294923050E+04
 0.21464642361611E+04
 0.16792371833139E+04
 0.13315050960335E+04
 0.10690120185517E+04
 0.86824155601772E+03
 0.71279241262529E+03
 0.59105576628196E+03
 0.49470322804528E+03
 0.41768192348216E+03
 0.35553886651341E+03
 0.30496218555355E+03
 0.26346186442853E+03
 0.22914684184303E+03
 0.20056756521398E+03
 0.17660299230635E+03
 0.15637879030918E+03
 0.13920764805020E+03
 0.12454513422690E+03
 0.11195683801427E+03
 0.10109385312108E+03
 0.91674172998598E+02
 0.83468384441274E+02
 0.76288745775392E+02
 0.69980861292505E+02
 0.64416958472205E+02
 0.59490849420003E+02
 0.55113816562078E+02
 0.51211410109196E+02
 0.47720858287581E+02
 0.44601085030599E+02
 0.41782513944202E+02
 0.39238963260096E+02
 0.36937397589451E+02
 0.34849399264812E+02
 0.32950459768221E+02
 0.31219361421554E+02
 0.29637681899321E+02
 0.28189357004566E+02
 0.26860377109828E+02
 0.25638432777812E+02
 0.24512720441853E+02
 0.23473722739271E+02
 0.22513022045689E+02
 0.21623164410021E+02
 0.20797534296695E+02
 0.20030242031637E+02
 0.19316026601005E+02
 0.18650177683215E+02
 0.18028480302801E+02
 0.17447153578083E+02
 0.16902781226031E+02
 0.16392273327132E+02
 0.15912855888740E+02
 0.15461989086964E+02
 0.15037395573474E+02
 0.14636982710543E+02
 0.14258833075884E+02
 0.13901205758804E+02
 0.13562827487115E+02
 0.13241608086832E+02
 0.12936496219300E+02
 0.12646225112745E+02
 0.12369660427061E+02
 0.12105723081791E+02
 0.11853413132340E+02
 0.11611796208056E+02
 0.11380000441352E+02
 0.11157208839830E+02
 0.10942653755201E+02
 0.10735610388903E+02
 0.10535385664302E+02
 0.10341338828029E+02
 0.10152849730270E+02
 0.99693270648232E+01
 0.97902125762129E+01
 0.96149672277211E+01
 0.94430751547564E+01
 0.92740481745232E+01
 0.91074189728832E+01
 0.89427318676548E+01
 0.87796294238012E+01
 0.86175607533688E+01
 0.84562028561313E+01
 0.82951853154311E+01
 0.81341639509049E+01
 0.79728117418635E+01
 0.78108289777299E+01
 0.76479462095241E+01
 0.74839192271264E+01
 0.73185365254582E+01
 0.71516198706906E+01
 0.69830280845530E+01
 0.68126579381226E+01
 0.66404479316889E+01
 0.64663814115673E+01
 0.62904864120187E+01
 0.61128412138660E+01
 0.59335734923350E+01
 0.57528629893530E+01
 0.55709459754511E+01
 0.53881085347466E+01
 0.52046877451600E+01
 0.50210874093852E+01
 0.48377592627735E+01
 0.46552021616482E+01
 0.44739604781268E+01
 0.42946129049024E+01
 0.41177724029863E+01
 0.39440533736896E+01
 0.37740789453008E+01
 0.36084587026858E+01
 0.34477741045950E+01
 0.32925495975081E+01
 0.31432611786670E+01
 0.30003068583552E+01
 0.28639937290774E+01
 0.27345422067656E+01
 0.26120747394131E+01
 0.24966352613199E+01
 0.23881762672155E+01
 0.22865749570239E+01
 0.21916454150161E+01
 0.21031463590770E+01
 0.20207957593207E+01
 0.19442884826874E+01
 0.18732933239084E+01
 0.18074730439764E+01
 0.17464883653859E+01
 0.16900032646606E+01
 0.16376930523657E+01
 0.15892475975692E+01
 0.15443709357157E+01
 0.15027846041824E+01
 0.14642284541344E+01
 0.14284609562884E+01
 0.13952585744042E+01
 0.13644154482579E+01
 0.13357413038666E+01
 0.13090656310815E+01
 0.12842281959041E+01
 0.12610842730814E+01
 0.12395016405314E+01
 0.12193596495528E+01
 0.12005482332792E+01
 0.11829668922996E+01
 0.11665239647574E+01
 0.11511356080557E+01
 0.11367252631252E+01
 0.11232227890050E+01
 0.11105640357392E+01
 0.10986901179873E+01
 0.10875471271479E+01
 0.10770854135979E+01
 0.10672593066828E+01
 0.10580268456760E+01
 0.10493493399549E+01
 0.10411910062362E+01
 0.10335188378262E+01
 0.10263023410277E+01
 0.10195132154146E+01
 0.10131252948794E+01
 0.10071142360875E+01
 0.10014574618659E+01
 0.99613401223303E+00
 0.99112433147689E+00
 0.98641019627477E+00
 0.98197469390208E+00
 0.97780195232951E+00
 0.97387718396773E+00
 0.97018656001608E+00
 0.96671718401050E+00
 0.96345688491199E+00
 0.96039435278570E+00
 0.95751890907582E+00
 0.95482058284911E+00
 0.95229000183570E+00
 0.94991830496364E+00
 0.94769723403721E+00
 0.94561896995085E+00
 0.94367614416806E+00
 0.94186185609646E+00
 0.94016955646220E+00
 0.93859310980539E+00
 0.93712663295843E+00
 0.93576469537002E+00
 0.93450207557727E+00
 0.93333387156747E+00
 0.93225544597793E+00
 0.93126236734097E+00
 0.93035050632141E+00
 0.92951590551348E+00
 0.92875483390783E+00
 0.92806373400014E+00
 0.92743926240019E+00
 0.92687821207262E+00
 0.92637754265473E+00
 0.92593439784371E+00
 0.92554601743295E+00
 0.92520981877620E+00
 0.92492332655174E+00
 0.92468418936273E+00
 0.92449016641264E+00
 0.92433912841710E+00
 0.92422904605704E+00
 0.92415798612674E+00
 0.92412410976937E+00
 0.92412565924743E+00
 0.92416096717863E+00
 0.92422843675229E+00
 0.92432654260850E+00
 0.92445383393628E+00
 0.92460892687113E+00
 0.92479049329954E+00
 0.92499727195591E+00
 0.92522806174488E+00
 0.92548170095844E+00
 0.92575709291653E+00
 0.92605318344473E+00
 0.92636896682272E+00
 0.92670348313792E+00
 0.92705580818596E+00
 0.92742506302066E+00
 0.92781040958100E+00
 0.92821103575091E+00
 0.92862617383212E+00
 0.92905508646722E+00
 0.92949707211729E+00
 0.92995144564067E+00
 0.93041755960240E+00
 0.93089479380771E+00
 0.93138256384586E+00
 0.93188028660997E+00
 0.93238742264612E+00
 0.93290345834240E+00
 0.93342788284640E+00
 0.93396021383123E+00
 0.93449999989369E+00
 0.93504680223811E+00
 0.93560019201774E+00
 0.93615976373552E+00
 0.93672513490851E+00
 0.93729593240589E+00
 0.93787179625799E+00
 0.93845238803091E+00
 0.93903737622988E+00
 0.93962644819459E+00
 0.94021929957289E+00
 0.94081564527431E+00
 0.94141520598749E+00
 0.94201771787344E+00
 0.94262292588654E+00
 0.94323058401768E+00
 0.94384045775746E+00
 0.94445232547357E+00
 0.94506597021104E+00
 0.94568118460609E+00
 0.94629777045051E+00
 0.94691553733595E+00
 0.94753430592500E+00
 0.94815389823642E+00
 0.94877414947933E+00
 0.94939489978066E+00
 0.95001599498557E+00
 0.95063728755438E+00
 0.95125863612382E+00
