 0.14928669943783E+00
 0.14928669943772E+00
 0.14928669943699E+00
 0.14928669944318E+00
 0.14928669950318E+00
 0.14928669974275E+00
 0.14928670038081E+00
 0.14928670164048E+00
 0.14928670336754E+00
 0.14928670411020E+00
 0.14928669954786E+00
 0.14928668041660E+00
 0.14928663027078E+00
 0.14928652346119E+00
 0.14928632362263E+00
 0.14928598259999E+00
 0.14928544088342E+00
 0.14928462767267E+00
 0.14928346230528E+00
 0.14928185427953E+00
 0.14927970593081E+00
 0.14927691476703E+00
 0.14927337412614E+00
 0.14926897444649E+00
 0.14926360617343E+00
 0.14925715965247E+00
 0.14924952666540E+00
 0.14924060071705E+00
 0.14923027760201E+00
 0.14921845525065E+00
 0.14920503341315E+00
 0.14918991328947E+00
 0.14917299705686E+00
 0.14915418670774E+00
 0.14913338320968E+00
 0.14911048558885E+00
 0.14908539087275E+00
 0.14905799186682E+00
 0.14902817682240E+00
 0.14899582890320E+00
 0.14896082378040E+00
 0.14892303076162E+00
 0.14888231127135E+00
 0.14883851825107E+00
 0.14879149549575E+00
 0.14874107704789E+00
 0.14868708664098E+00
 0.14862933717472E+00
 0.14856763016309E+00
 0.14850175519515E+00
 0.14843148941597E+00
 0.14835659728492E+00
 0.14827682974266E+00
 0.14819192387796E+00
 0.14810160241150E+00
 0.14800557317340E+00
 0.14790352865401E+00
 0.14779514555606E+00
 0.14768008419185E+00
 0.14755798830810E+00
 0.14742848430480E+00
 0.14729118102332E+00
 0.14714566917660E+00
 0.14699152104463E+00
 0.14682823223279E+00
 0.14665544059789E+00
 0.14647261283745E+00
 0.14627924348016E+00
 0.14607480694580E+00
 0.14585875718010E+00
 0.14563052720592E+00
 0.14538952925147E+00
 0.14513515488256E+00
 0.14486677370822E+00
 0.14458373435675E+00
 0.14428536396894E+00
 0.14397096746926E+00
 0.14363982857330E+00
 0.14329120921870E+00
 0.14292434847800E+00
 0.14253846402456E+00
 0.14213275220672E+00
 0.14170638806558E+00
 0.14125852390674E+00
 0.14078829014472E+00
 0.14029479742559E+00
 0.13977713534956E+00
 0.13923437035818E+00
 0.13866555249304E+00
 0.13806970622895E+00
 0.13744584293799E+00
 0.13679295376248E+00
 0.13611001131879E+00
 0.13539586632983E+00
 0.13464964594671E+00
 0.13387019010767E+00
 0.13305642228227E+00
 0.13220723003949E+00
 0.13132151222823E+00
 0.13039815739793E+00
 0.12943605320162E+00
 0.12843408575045E+00
 0.12739114380686E+00
 0.12630612386379E+00
 0.12517793562812E+00
 0.12400551877635E+00
 0.12278780999799E+00
 0.12152380070369E+00
 0.12021251491427E+00
 0.11885301318222E+00
 0.11744442345136E+00
 0.11598593789894E+00
 0.11447681259831E+00
 0.11291638578357E+00
 0.11130411438135E+00
 0.10963941003171E+00
 0.10792221945138E+00
 0.10615223708310E+00
 0.10432943732824E+00
 0.10245395265114E+00
 0.10052611240082E+00
 0.98546445207463E-01
 0.96515679444169E-01
 0.94434790006511E-01
 0.92304980213733E-01
 0.90127740064989E-01
 0.87904813084342E-01
 0.85638248018014E-01
 0.83330388911796E-01
 0.80983905998677E-01
 0.78601801964394E-01
 0.76187434016237E-01
 0.73744513630278E-01
 0.71277126951068E-01
 0.68789742794303E-01
 0.66287254956585E-01
 0.63774932995701E-01
 0.61258445406177E-01
 0.58743868976164E-01
 0.56237707569148E-01
 0.53746794229100E-01
 0.51278287924420E-01
 0.48839604040493E-01
 0.46438321740976E-01
 0.44082079226706E-01
 0.41778391665092E-01
 0.39534523057964E-01
 0.37357341115504E-01
 0.35253113130689E-01
 0.33227345832686E-01
 0.31284697799148E-01
 0.29428832856150E-01
 0.27662361635408E-01
 0.25986876712053E-01
 0.24402883631283E-01
 0.22909910468869E-01
 0.21506593144634E-01
 0.20190784698976E-01
 0.18959688498701E-01
 0.17809948882246E-01
 0.16737862243022E-01
 0.15739438709877E-01
 0.14810528342205E-01
 0.13946903735266E-01
 0.13144364670439E-01
 0.12398794693254E-01
 0.11706199140603E-01
 0.11062749137739E-01
 0.10464808059502E-01
 0.99089493961078E-02
 0.93919579936799E-02
 0.89108380581201E-02
 0.84628093550132E-02
 0.80452947392767E-02
 0.76559215307731E-02
 0.72925026408758E-02
 0.69530277378628E-02
 0.66356510678119E-02
 0.63386799034738E-02
 0.60605621930473E-02
 0.57998747118062E-02
 0.55553139931565E-02
 0.53256851842046E-02
 0.51098926016053E-02
 0.49069321715111E-02
 0.47158809928818E-02
 0.45358929784154E-02
 0.43661904128940E-02
 0.42060578751930E-02
 0.40548382496413E-02
 0.39119246679797E-02
 0.37767598914247E-02
 0.36488284710427E-02
 0.35276555577630E-02
 0.34128020394520E-02
 0.33038621731161E-02
 0.32004606194923E-02
 0.31022496618199E-02
 0.30089070358937E-02
 0.29201338263941E-02
 0.28356527132481E-02
 0.27552058798516E-02
 0.26785538363220E-02
 0.26054736524474E-02
 0.25357577956314E-02
 0.24692127884382E-02
 0.24056584319340E-02
 0.23449263984384E-02
 0.22868595747438E-02
 0.22313111737282E-02
 0.21781438478368E-02
 0.21272292099517E-02
 0.20784468969574E-02
 0.20316842940604E-02
 0.19868357045600E-02
 0.19438020499714E-02
 0.19024902667407E-02
 0.18628129769496E-02
 0.18246880976889E-02
 0.17880383314585E-02
 0.17527911066280E-02
 0.17188778117330E-02
 0.16862342178439E-02
 0.16547994698791E-02
 0.16245163666651E-02
 0.15953307425180E-02
 0.15671916277502E-02
 0.15400508494194E-02
 0.15138628465156E-02
 0.14885846123986E-02
 0.14641753300846E-02
 0.14405964246733E-02
 0.14178114945546E-02
 0.13957858933974E-02
 0.13744868518573E-02
 0.13538833192073E-02
 0.13339457974051E-02
 0.13146462645244E-02
 0.12959581607416E-02
 0.12778562636369E-02
 0.12603165852331E-02
 0.12433163225753E-02
 0.12268337866426E-02
 0.12108483369536E-02
 0.11953403258253E-02
 0.11802910390179E-02
 0.11656826537607E-02
 0.11514981837984E-02
 0.11377214324467E-02
 0.11243369456214E-02
 0.11113300030948E-02
 0.10986865256984E-02
 0.10863930788564E-02
 0.10744368293333E-02
 0.10628055204937E-02
 0.10514874455383E-02
 0.10404713807898E-02
 0.10297466113246E-02
 0.10193029326616E-02
 0.10091303891855E-02
 0.99921974476632E-03
 0.98956190594613E-03
 0.98014823797823E-03
 0.97097056151883E-03
 0.96202082238490E-03
 0.95329156916379E-03
 0.94477535758534E-03
 0.93646530467812E-03
 0.92835468362290E-03
 0.92043697243609E-03
 0.91270603398537E-03
 0.90515593568024E-03
 0.89778094579406E-03
 0.89057553272277E-03
 0.88353444649144E-03
 0.87665259983153E-03
 0.86992511563816E-03
 0.86334729282731E-03
 0.85691458296573E-03
 0.85062259772598E-03
 0.84446717397570E-03
 0.83844430472797E-03
 0.83255003266538E-03
 0.82678062403565E-03
 0.82113245824753E-03
 0.81560204381792E-03
 0.81018601313759E-03
 0.80488111777690E-03
 0.79968422749535E-03
 0.79459231557558E-03
 0.78960246037916E-03
 0.78471184558990E-03
 0.77991773678621E-03
 0.77521751118176E-03
 0.77060862062595E-03
 0.76608861999838E-03
 0.76165512891626E-03
 0.75730585118941E-03
 0.75303856630152E-03
 0.74885110697678E-03
