 0.10000000133514E-09
 0.10000000133514E-09
 0.10000000133514E-09
 0.10000000133514E-09
 0.10000000133514E-09
 0.10000000133514E-09
 0.10000000133514E-09
 0.10000000133514E-09
 0.10000000133514E-09
 0.10000000133514E-09
 0.10000000133514E-09
 0.10000000133514E-09
 0.10000000133514E-09
 0.10000000133514E-09
 0.10000000133514E-09
 0.10000000133514E-09
 0.10000000133514E-09
 0.57774449883081E-07
 0.57774449883081E-07
 0.28239596482716E-06
 0.54904614800807E-06
 0.99081694761627E-06
 0.16972575718688E-05
 0.27782798527040E-05
 0.43704063582051E-05
 0.66381506654736E-05
 0.97746908501018E-05
 0.14001908123901E-04
 0.19569913575468E-04
 0.26756087098415E-04
 0.35863680521278E-04
 0.47220347524668E-04
 0.61177054898722E-04
 0.78105500235878E-04
 0.98397396934049E-04
 0.12246234441095E-03
 0.15072699057982E-03
 0.18363362491651E-03
 0.22163874412472E-03
 0.26521269362181E-03
 0.31483880063393E-03
 0.37101231168622E-03
 0.43424085853247E-03
 0.50504391283910E-03
 0.58395152143864E-03
 0.67150594263662E-03
 0.76826107121744E-03
 0.87478195631699E-03
 0.99164552074470E-03
 0.11194409573427E-02
 0.12587699451152E-02
 0.14102475562823E-02
 0.15745024460794E-02
 0.17521763945844E-02
 0.19439257408275E-02
 0.21504230445842E-02
 0.23723563415662E-02
 0.26104288825923E-02
 0.28653633281038E-02
 0.31378978772201E-02
 0.34287908772118E-02
 0.37388199255361E-02
 0.40687839028281E-02
 0.44195027399147E-02
 0.47931187187958E-02
 0.51880683081900E-02
 0.56063933456955E-02
 0.60490129865570E-02
 0.65168710118052E-02
 0.70109408476423E-02
 0.75322252293447E-02
 0.80817590435756E-02
 0.86606053398090E-02
 0.92698694812844E-02
 0.99106818649784E-02
 0.10584214335961E-01
 0.11291679019389E-01
 0.12034324484705E-01
 0.12813442446245E-01
 0.13630371232459E-01
 0.14486495460188E-01
 0.15383244035343E-01
 0.16322091274934E-01
 0.17304569623096E-01
 0.18332272771652E-01
 0.19406839326873E-01
 0.20529957006622E-01
 0.21703399843528E-01
 0.22928969819355E-01
 0.24208578121400E-01
 0.25544173592623E-01
 0.26937758062380E-01
 0.28391424777925E-01
 0.29908080498065E-01
 0.31488597876042E-01
 0.33135925247645E-01
 0.34852394201024E-01
 0.36640523243424E-01
 0.38502825714137E-01
 0.40441900356115E-01
 0.42460409966955E-01
 0.44561093205974E-01
 0.46746757893350E-01
 0.49020276898503E-01
 0.51384576154986E-01
 0.53842585552793E-01
 0.56397371959618E-01
 0.59051965326660E-01
 0.61809412197605E-01
 0.64672809470188E-01
 0.67645203221522E-01
 0.70729613042432E-01
 0.73929065042408E-01
 0.77246533938297E-01
 0.80684823794703E-01
 0.84247508110905E-01
 0.87935661472597E-01
 0.91752438192239E-01
 0.95700068062470E-01
 0.99780612481236E-01
 0.10399578906072E+00
 0.10834704137317E+00
 0.11283555517594E+00
 0.11746208660996E+00
 0.12222704792030E+00
 0.12713038601954E+00
 0.13217164719047E+00
 0.13734986359663E+00
 0.14266358473412E+00
 0.14811084517655E+00
 0.15368908810879E+00
 0.15939520842506E+00
 0.16522549036151E+00
 0.17117557242375E+00
 0.17724054739613E+00
 0.18341461346971E+00
 0.18969116392180E+00
 0.19606334808782E+00
 0.20252344183811E+00
 0.20906278014603E+00
 0.21567210421942E+00
 0.22234126544153E+00
 0.22905976525882E+00
 0.23581562472458E+00
 0.24259660132211E+00
 0.24939011070559E+00
 0.25618355838861E+00
 0.26296333815384E+00
 0.26971720054133E+00
 0.27643335457087E+00
 0.28309992995653E+00
 0.28970651170150E+00
 0.29624323756791E+00
 0.30270246764692E+00
 0.30907750831760E+00
 0.31536301871471E+00
 0.32155525105013E+00
 0.32765143893149E+00
 0.33364982675343E+00
 0.33955139831678E+00
 0.34535615799538E+00
 0.35106568560811E+00
 0.35668210925569E+00
 0.36220780757908E+00
 0.36764567845851E+00
 0.37299908636736E+00
 0.37827124201593E+00
 0.38346541016000E+00
 0.38858484722326E+00
 0.39363274796599E+00
 0.39861218832440E+00
 0.40352611528998E+00
 0.40837688129101E+00
 0.41316810540637E+00
 0.41790162500240E+00
 0.42257975233921E+00
 0.42720460627690E+00
 0.43177815361725E+00
 0.43630220550865E+00
 0.44077842215223E+00
 0.44520837500602E+00
 0.44959345392924E+00
 0.45393497563867E+00
 0.45823411491949E+00
 0.46249196522570E+00
 0.46670952846892E+00
 0.47088776806545E+00
 0.47502750592072E+00
 0.47912951350236E+00
 0.48319451345525E+00
 0.48722322030860E+00
 0.49121619695845E+00
 0.49517403462256E+00
 0.49909728033348E+00
 0.50298641561438E+00
 0.50684192039676E+00
 0.51066420943944E+00
 0.51445369154940E+00
 0.51821076988507E+00
 0.52193580088744E+00
 0.52562911132742E+00
 0.52929106660771E+00
 0.53292195517999E+00
 0.53652208078138E+00
 0.54009173052859E+00
 0.54363121231845E+00
 0.54714075640512E+00
 0.55062065425761E+00
 0.55407113963562E+00
 0.55749247328801E+00
 0.56088490897760E+00
 0.56424865712547E+00
 0.56758397873825E+00
 0.57089109433678E+00
 0.57417022244002E+00
 0.57742160526287E+00
 0.58064545408501E+00
 0.58384200836525E+00
 0.58701144038263E+00
 0.59015401313238E+00
 0.59326992006795E+00
 0.59635938372412E+00
 0.59942261931355E+00
 0.60245981652182E+00
 0.60547120717181E+00
 0.60845699422375E+00
 0.61141739312873E+00
 0.61435260232399E+00
 0.61726284274221E+00
 0.62014830953469E+00
 0.62300920615247E+00
 0.62584575383228E+00
 0.62865813685501E+00
 0.63144657359714E+00
 0.63421126572193E+00
 0.63695241664686E+00
 0.63967022748276E+00
 0.64236490140203E+00
 0.64503663903451E+00
 0.64768563956686E+00
 0.65031210445206E+00
 0.65291623039087E+00
 0.65549821966170E+00
 0.65805826858873E+00
 0.66059657101980E+00
 0.66311332357455E+00
 0.66560872243146E+00
 0.66808295743449E+00
 0.67053622308379E+00
 0.67296871505678E+00
 0.67538061737796E+00
 0.67777212330805E+00
 0.68014342034078E+00
 0.68249469635178E+00
 0.68482613932261E+00
 0.68713793146633E+00
 0.68943025791252E+00
 0.69170330372656E+00
 0.69395724555879E+00
 0.69619226918950E+00
 0.69840854910289E+00
 0.70060627042173E+00
 0.70278560322557E+00
 0.70494671891201E+00
 0.70708979707355E+00
 0.70921501177125E+00
 0.71132253020912E+00
 0.71341252015810E+00
 0.71548515929238E+00
 0.71754061062089E+00
 0.71957903411438E+00
 0.72160059958310E+00
 0.72360547230319E+00
 0.72559381267992E+00
 0.72756577812538E+00
 0.72952153179590E+00
 0.73146122968822E+00
 0.73338502521575E+00
 0.73529307713781E+00
 0.73718553833482E+00
 0.73906256054010E+00
 0.74092429174498E+00
 0.74277088426172E+00
 0.74460248472189E+00
 0.74641924140646E+00
 0.74822129935321E+00
 0.75000880127328E+00
 0.75178188948811E+00
 0.75354070743184E+00
 0.75528539374293E+00
 0.75701608626701E+00
 0.75873292191430E+00
 0.76043603620663E+00
 0.76212556539926E+00
 0.76380164031800E+00
 0.76546439341266E+00
 0.76711395598130E+00
 0.76875045663437E+00
 0.77037402282998E+00
 0.77198478079684E+00
