 0.10000000133514E-09
 0.10000000133514E-09
 0.10000000133514E-09
 0.10000000133514E-09
 0.10000000133514E-09
 0.10000000133514E-09
 0.10000000133514E-09
 0.10000000133514E-09
 0.10000000133514E-09
 0.10000000133514E-09
 0.10000000133514E-09
 0.10000000133514E-09
 0.10000000133514E-09
 0.10000000133514E-09
 0.10000000133514E-09
 0.10000000133514E-09
 0.10000000133514E-09
 0.61634997371303E-03
 0.61634997371303E-03
 0.12552801542258E-02
 0.16993890997974E-02
 0.22358790829282E-02
 0.28700074060422E-02
 0.36056620270289E-02
 0.44455110512853E-02
 0.53910822929296E-02
 0.64429106058140E-02
 0.76006843394174E-02
 0.88634056529160E-02
 0.10229523323461E-01
 0.11697050814371E-01
 0.13263694348391E-01
 0.14927000375921E-01
 0.16684349111319E-01
 0.18533108985252E-01
 0.20470657904565E-01
 0.22494465246657E-01
 0.24602116457727E-01
 0.26791326113648E-01
 0.29059996619464E-01
 0.31406214048161E-01
 0.33828248999424E-01
 0.36324583744551E-01
 0.38893905438054E-01
 0.41535077035326E-01
 0.44247170664774E-01
 0.47029439617709E-01
 0.49881303304550E-01
 0.52802345163667E-01
 0.55792295891875E-01
 0.58851029259125E-01
 0.61978551161813E-01
 0.65174984519903E-01
 0.68440547268412E-01
 0.71775549586707E-01
 0.75180400279400E-01
 0.78655578207320E-01
 0.82201616441378E-01
 0.85819129412153E-01
 0.89508738975950E-01
 0.93271164679760E-01
 0.97107134486245E-01
 0.10101744813955E+00
 0.10500291806555E+00
 0.10907244949890E+00
 0.11321191637372E+00
 0.11742927463582E+00
 0.12172544632534E+00
 0.12610137772850E+00
 0.13055803562100E+00
 0.13509641651100E+00
 0.13971753652578E+00
 0.14442241879438E+00
 0.14921213527439E+00
 0.15408774787473E+00
 0.15905033169661E+00
 0.16410099900223E+00
 0.16924087245017E+00
 0.17447107958334E+00
 0.17979281456236E+00
 0.18520727189836E+00
 0.19071562563617E+00
 0.19631904773519E+00
 0.20201878212362E+00
 0.20781610683122E+00
 0.21371219492643E+00
 0.21970828285317E+00
 0.22580564605581E+00
 0.23200546039477E+00
 0.23830904279872E+00
 0.24471760457759E+00
 0.25123225103844E+00
 0.25785416072859E+00
 0.26458744218470E+00
 0.27142768769248E+00
 0.27837852946138E+00
 0.28544068918414E+00
 0.29261528909658E+00
 0.29990309090404E+00
 0.30730474277325E+00
 0.31482070299649E+00
 0.32245133382064E+00
 0.33019685724582E+00
 0.33805731830423E+00
 0.34603252487925E+00
 0.35412183933240E+00
 0.36232478243470E+00
 0.37064024929834E+00
 0.37906687033217E+00
 0.38760306612599E+00
 0.39624658826700E+00
 0.40499494008746E+00
 0.41384526111372E+00
 0.42279422336955E+00
 0.43183774652395E+00
 0.44097314082322E+00
 0.45019204192798E+00
 0.45949039951605E+00
 0.46886192172897E+00
 0.47829988544884E+00
 0.48779669127771E+00
 0.49734423245781E+00
 0.50693382545517E+00
 0.51655608124918E+00
 0.52620108191452E+00
 0.53585831591283E+00
 0.54551680315766E+00
 0.55516497603288E+00
 0.56479097574925E+00
 0.57438249602461E+00
 0.58392694244475E+00
 0.59341152035199E+00
 0.60282324545466E+00
 0.61214921841173E+00
 0.62137636145887E+00
 0.63049170847834E+00
 0.63948304575982E+00
 0.64833804585635E+00
 0.65704485806362E+00
 0.66559224592835E+00
 0.67396956770125E+00
 0.68216722691888E+00
 0.69017633058478E+00
 0.69798970406053E+00
 0.70560122599982E+00
 0.71300617562298E+00
 0.72020153283657E+00
 0.72718633837945E+00
 0.73396055339460E+00
 0.74052635473936E+00
 0.74688759268489E+00
 0.75304951098821E+00
 0.75901919788834E+00
 0.76480358657854E+00
 0.77041133585692E+00
 0.77585156102879E+00
 0.78113352949071E+00
 0.78626684074938E+00
 0.79126068319072E+00
 0.79612417844955E+00
 0.80086581053410E+00
 0.80549354563341E+00
 0.81001485763317E+00
 0.81443686467549E+00
 0.81876576125335E+00
 0.82300693993675E+00
 0.82716551726907E+00
 0.83124605903023E+00
 0.83525263757410E+00
 0.83918883226827E+00
 0.84305786194187E+00
 0.84686259327295E+00
 0.85060559190906E+00
 0.85428903451701E+00
 0.85791500978863E+00
 0.86148529213212E+00
 0.86500152243637E+00
 0.86846516877056E+00
 0.87187753319528E+00
 0.87523984037594E+00
 0.87855317837966E+00
 0.88181857239822E+00
 0.88503695873478E+00
 0.88820923641302E+00
 0.89133618856999E+00
 0.89441861033662E+00
 0.89745725941939E+00
 0.90045278865902E+00
 0.90340590258266E+00
 0.90631720198299E+00
 0.90918738179533E+00
 0.91201696757943E+00
 0.91480658942388E+00
 0.91755682886143E+00
 0.92026822863593E+00
 0.92294133442363E+00
 0.92557671180278E+00
 0.92817487672721E+00
 0.93073634031608E+00
 0.93326164393846E+00
 0.93575128592536E+00
 0.93820578986945E+00
 0.94062564131230E+00
 0.94301133985232E+00
 0.94536336758158E+00
 0.94768223326028E+00
 0.94996839007997E+00
 0.95222233737070E+00
 0.95444452361207E+00
 0.95663542683901E+00
 0.95879551533727E+00
 0.96092522801030E+00
 0.96302503128942E+00
 0.96509536468946E+00
 0.96713667226510E+00
 0.96914938744689E+00
 0.97113394853026E+00
 0.97309078516513E+00
 0.97502029865014E+00
 0.97692292942035E+00
 0.97879907931990E+00
 0.98064915385524E+00
 0.98247355372155E+00
 0.98427267334686E+00
 0.98604690603117E+00
 0.98779663607777E+00
 0.98952224055781E+00
 0.99122409494905E+00
 0.99290257060428E+00
 0.99455802812859E+00
 0.99619082372208E+00
 0.99780131355180E+00
 0.99938984233733E+00
 0.10009567564687E+01
 0.10025023887285E+01
 0.10040270746878E+01
 0.10055311390885E+01
 0.10070149013934E+01
 0.10084786800414E+01
 0.10099227864041E+01
 0.10113475274202E+01
 0.10127532037996E+01
 0.10141401127160E+01
 0.10155085453482E+01
 0.10168587882076E+01
 0.10181911244175E+01
 0.10195058314966E+01
 0.10208031806766E+01
 0.10220834422204E+01
 0.10233468771909E+01
 0.10245937482943E+01
 0.10258243089219E+01
 0.10270388094241E+01
 0.10282374961598E+01
 0.10294206119832E+01
 0.10305883953585E+01
 0.10317410799360E+01
 0.10328788944194E+01
 0.10340020671386E+01
 0.10351108191240E+01
 0.10362053698709E+01
 0.10372859349318E+01
 0.10383527233993E+01
 0.10394059418072E+01
 0.10404457958096E+01
 0.10414724837463E+01
 0.10424862039570E+01
 0.10434871502029E+01
 0.10444755116035E+01
 0.10454514756552E+01
 0.10464152260361E+01
 0.10473669441779E+01
 0.10483068068679E+01
 0.10492349878262E+01
 0.10501516594409E+01
 0.10510569904031E+01
 0.10519511462156E+01
 0.10528342900261E+01
 0.10537065811675E+01
 0.10545681774195E+01
 0.10554192332114E+01
 0.10562599006368E+01
 0.10570903294594E+01
 0.10579106664212E+01
 0.10587210561922E+01
 0.10595216406387E+01
 0.10603125601284E+01
 0.10610939515030E+01
 0.10618659496563E+01
 0.10626286872573E+01
 0.10633822951320E+01
 0.10641269017971E+01
 0.10648626333336E+01
 0.10655896134744E+01
 0.10663079645542E+01
 0.10670178069204E+01
 0.10677192582858E+01
 0.10684124348182E+01
 0.10690974507842E+01
 0.10697744186382E+01
