 0.11658001922606E+03
 0.11658001922612E+03
 0.11658001922715E+03
 0.11658001923165E+03
 0.11658001923962E+03
 0.11658001924072E+03
 0.11658001920886E+03
 0.11658001910859E+03
 0.11658001893168E+03
 0.11658001878852E+03
 0.11658001906830E+03
 0.11658002065698E+03
 0.11658002518209E+03
 0.11658003524676E+03
 0.11658005462039E+03
 0.11658008843535E+03
 0.11658014306413E+03
 0.11658022622978E+03
 0.11658034676752E+03
 0.11658051499162E+03
 0.11658074214528E+03
 0.11658103997775E+03
 0.11658142092645E+03
 0.11658189815111E+03
 0.11658248471373E+03
 0.11658319399915E+03
 0.11658403942533E+03
 0.11658503452038E+03
 0.11658619286598E+03
 0.11658752824820E+03
 0.11658905483094E+03
 0.11659078730261E+03
 0.11659274099730E+03
 0.11659493232987E+03
 0.11659737902494E+03
 0.11660010039769E+03
 0.11660311735847E+03
 0.11660645310067E+03
 0.11661013319756E+03
 0.11661418575575E+03
 0.11661864223552E+03
 0.11662353702797E+03
 0.11662890798273E+03
 0.11663479660151E+03
 0.11664124827211E+03
 0.11664831247913E+03
 0.11665604300095E+03
 0.11666449809627E+03
 0.11667374069924E+03
 0.11668383861182E+03
 0.11669486468292E+03
 0.11670689690780E+03
 0.11672001870339E+03
 0.11673431903537E+03
 0.11674989259233E+03
 0.11676683997082E+03
 0.11678526783428E+03
 0.11680528906901E+03
 0.11682702299939E+03
 0.11685059550644E+03
 0.11687613926611E+03
 0.11690379387000E+03
 0.11693370605963E+03
 0.11696602986649E+03
 0.11700094615676E+03
 0.11703858961927E+03
 0.11707915345514E+03
 0.11712282308432E+03
 0.11716979227943E+03
 0.11722026344214E+03
 0.11727444792219E+03
 0.11733256618908E+03
 0.11739484801279E+03
 0.11746153315680E+03
 0.11753287134435E+03
 0.11760912275783E+03
 0.11769055865875E+03
 0.11777746145731E+03
 0.11787012534668E+03
 0.11796885719424E+03
 0.11807397659297E+03
 0.11818581645402E+03
 0.11830472368567E+03
 0.11843106040236E+03
 0.11856520449771E+03
 0.11870754972701E+03
 0.11885850726091E+03
 0.11901850739076E+03
 0.11918799844355E+03
 0.11936745109696E+03
 0.11955735568586E+03
 0.11975822608387E+03
 0.11997060080426E+03
 0.12019508167974E+03
 0.12043219415274E+03
 0.12068258976052E+03
 0.12094691873091E+03
 0.12122586721768E+03
 0.12152015532451E+03
 0.12183053964078E+03
 0.12215781518900E+03
 0.12250281937141E+03
 0.12286643406268E+03
 0.12324958878316E+03
 0.12365326254158E+03
 0.12407848271221E+03
 0.12452634233312E+03
 0.12499798480487E+03
 0.12549461814427E+03
 0.12601751929487E+03
 0.12656803182044E+03
 0.12714757194998E+03
 0.12775763836077E+03
 0.12839981322607E+03
 0.12907575560101E+03
 0.12978728617541E+03
 0.13053613616036E+03
 0.13132431140004E+03
 0.13215386556939E+03
 0.13302696609978E+03
 0.13394589052377E+03
 0.13491303692161E+03
 0.13593093547090E+03
 0.13700224108853E+03
 0.13812975135010E+03
 0.13931639820287E+03
 0.14056526677040E+03
 0.14187958728076E+03
 0.14326275144933E+03
 0.14471830271379E+03
 0.14624994111899E+03
 0.14786151293780E+03
 0.14955701469623E+03
 0.15134057128013E+03
 0.15321642489652E+03
 0.15518887119458E+03
 0.15726227451675E+03
 0.15944099534595E+03
 0.16172931530586E+03
 0.16413132043217E+03
 0.16665086957213E+03
 0.16929144210178E+03
 0.17205601470413E+03
 0.17494691843088E+03
 0.17796569316723E+03
 0.18111301814127E+03
 0.18438855624569E+03
 0.18779084341171E+03
 0.19131726327183E+03
 0.19496404549472E+03
 0.19872621864499E+03
 0.20259772759964E+03
 0.20657156376148E+03
 0.21063973752664E+03
 0.21479366891333E+03
 0.21902425244614E+03
 0.22332204733618E+03
 0.22767747477638E+03
 0.23208098743211E+03
 0.23652334380899E+03
 0.24099550800205E+03
 0.24548892599130E+03
 0.24999557613051E+03
 0.25450810531069E+03
 0.25901971810045E+03
 0.26352422365156E+03
 0.26801610816936E+03
 0.27249047855633E+03
 0.27694301532121E+03
 0.28136991204102E+03
 0.28576789805399E+03
 0.29013412260050E+03
 0.29446613151563E+03
 0.29876182610428E+03
 0.30301939664120E+03
 0.30723730886086E+03
 0.31141424970925E+03
 0.31554909945847E+03
 0.31964089958569E+03
 0.32368883308561E+03
 0.32769221985893E+03
 0.33165046605251E+03
 0.33556306646678E+03
 0.33942959863274E+03
 0.34324968551601E+03
 0.34702305231108E+03
 0.35074943391809E+03
 0.35442863160699E+03
 0.35806050031395E+03
 0.36164489448988E+03
 0.36518176867010E+03
 0.36867104337479E+03
 0.37211272951249E+03
 0.37550682951033E+03
 0.37885339837081E+03
 0.38215251158170E+03
 0.38540426693583E+03
 0.38860879605349E+03
 0.39176625608581E+03
 0.39487683076705E+03
 0.39794072239215E+03
 0.40095816212763E+03
 0.40392939770410E+03
 0.40685470190749E+03
 0.40973436710751E+03
 0.41256870936511E+03
 0.41535805459622E+03
 0.41810275413787E+03
 0.42080317529257E+03
 0.42345969814588E+03
 0.42607272396460E+03
 0.42864266067257E+03
 0.43116994057812E+03
 0.43365499499400E+03
 0.43609828000207E+03
 0.43850025069294E+03
 0.44086138247010E+03
 0.44318215354257E+03
 0.44546304959686E+03
 0.44770457031639E+03
 0.44990720969728E+03
 0.45207149769229E+03
 0.45419792146205E+03
 0.45628701399301E+03
 0.45833928603157E+03
 0.46035527735817E+03
 0.46233550658955E+03
 0.46428050153354E+03
 0.46619079442995E+03
 0.46806690884138E+03
 0.46990938528355E+03
 0.47171875788711E+03
 0.47349554238178E+03
 0.47524027537904E+03
 0.47695348231827E+03
 0.47863568194233E+03
 0.48028739755475E+03
 0.48190915389493E+03
 0.48350146412432E+03
 0.48506483706116E+03
 0.48659978019429E+03
 0.48810679644453E+03
 0.48958638388385E+03
 0.49103903663421E+03
 0.49246524390007E+03
 0.49386549023078E+03
 0.49524025365439E+03
 0.49659000703310E+03
 0.49791521738625E+03
 0.49921634767082E+03
 0.50049384914507E+03
 0.50174817351123E+03
 0.50297976439778E+03
 0.50418905939087E+03
 0.50537648834133E+03
 0.50654247253089E+03
 0.50768743388508E+03
 0.50881178374772E+03
 0.50991591505296E+03
 0.51100025715627E+03
 0.51206516706283E+03
 0.51311104942955E+03
 0.51413828574073E+03
 0.51514723071710E+03
 0.51613827780369E+03
 0.51711175450168E+03
 0.51806804713695E+03
 0.51900748109398E+03
 0.51993039679821E+03
 0.52083714446020E+03
 0.52172804266745E+03
 0.52260341037892E+03
 0.52346356708039E+03
 0.52430882796043E+03
 0.52513949100402E+03
 0.52595585666054E+03
 0.52675821505627E+03
 0.52754685223911E+03
 0.52832205405252E+03
 0.52908410168749E+03
 0.52983325665405E+03
 0.53056977210996E+03
 0.53129392723059E+03
 0.53200596830251E+03
 0.53270614389351E+03
 0.53339469789645E+03
 0.53407186889568E+03
 0.53473789071005E+03
 0.53539299099759E+03
 0.53603739423191E+03
 0.53667132008665E+03
 0.53729498206772E+03
 0.53790859383925E+03
 0.53851235874146E+03
 0.53910647924152E+03
 0.53969115041196E+03
 0.54026656607246E+03
 0.54083291500737E+03
 0.54139038194224E+03
 0.54193915490396E+03
