 0.42158757014299E+03
 0.42158757014373E+03
 0.42158757016768E+03
 0.42158757036676E+03
 0.42158757120157E+03
 0.42158757347670E+03
 0.42158757696582E+03
 0.42158757220404E+03
 0.42158751563902E+03
 0.42158728322300E+03
 0.42158661107244E+03
 0.42158504127903E+03
 0.42158188925208E+03
 0.42157624002695E+03
 0.42156697172421E+03
 0.42155279855140E+03
 0.42153232475577E+03
 0.42150410034348E+03
 0.42146667378642E+03
 0.42141863582456E+03
 0.42135865737014E+03
 0.42128551402391E+03
 0.42119810771840E+03
 0.42109547749284E+03
 0.42097680324053E+03
 0.42084140823684E+03
 0.42068875627914E+03
 0.42051844602950E+03
 0.42033020536348E+03
 0.42012388222084E+03
 0.41989943596871E+03
 0.41965692825305E+03
 0.41939651393159E+03
 0.41911843101732E+03
 0.41882299141075E+03
 0.41851057152138E+03
 0.41818160391266E+03
 0.41783656769769E+03
 0.41747598052664E+03
 0.41710039126409E+03
 0.41671036917747E+03
 0.41630650067209E+03
 0.41588938035703E+03
 0.41545960569397E+03
 0.41501777101813E+03
 0.41456446235346E+03
 0.41410025278048E+03
 0.41362569833111E+03
 0.41314133435507E+03
 0.41264767217667E+03
 0.41214519689975E+03
 0.41163436521751E+03
 0.41111560306245E+03
 0.41058930447667E+03
 0.41005583048211E+03
 0.40951550828263E+03
 0.40896863075099E+03
 0.40841545614593E+03
 0.40785620800153E+03
 0.40729107536243E+03
 0.40672021275962E+03
 0.40614374075158E+03
 0.40556174625409E+03
 0.40497428310266E+03
 0.40438135494571E+03
 0.40378298256112E+03
 0.40317910923628E+03
 0.40256966183757E+03
 0.40195453690130E+03
 0.40133360106598E+03
 0.40070669153691E+03
 0.40007361649146E+03
 0.39943415569023E+03
 0.39878806006266E+03
 0.39813505269724E+03
 0.39747482868984E+03
 0.39680705445725E+03
 0.39613136933428E+03
 0.39544738386222E+03
 0.39475467823836E+03
 0.39405280515698E+03
 0.39334128800387E+03
 0.39261962006341E+03
 0.39188726430100E+03
 0.39114365186590E+03
 0.39038818306890E+03
 0.38962022423886E+03
 0.38883910674223E+03
 0.38804412804013E+03
 0.38723455093344E+03
 0.38640959801240E+03
 0.38556844929368E+03
 0.38471024551547E+03
 0.38383405347366E+03
 0.38293899957628E+03
 0.38202405930314E+03
 0.38108819682551E+03
 0.38013032614758E+03
 0.37914930762155E+03
 0.37814394971899E+03
 0.37711300754557E+03
 0.37605517813470E+03
 0.37496909875289E+03
 0.37385334743558E+03
 0.37270644009303E+03
 0.37152683642097E+03
 0.37031291605459E+03
 0.36906301012078E+03
 0.36777538049832E+03
 0.36644822157322E+03
 0.36507967143329E+03
 0.36366779885592E+03
 0.36221063309635E+03
 0.36070612908751E+03
 0.35915221213690E+03
 0.35754667592718E+03
 0.35588753590427E+03
 0.35417255926429E+03
 0.35239959058757E+03
 0.35056649585292E+03
 0.34867117179182E+03
 0.34671162288639E+03
 0.34468593018241E+03
 0.34259236774697E+03
 0.34042937521693E+03
 0.33819570425791E+03
 0.33589042493159E+03
 0.33351305832926E+03
 0.33106366688471E+03
 0.32854298932359E+03
 0.32595259566825E+03
 0.32329506783261E+03
 0.32057416379034E+03
 0.31779510449908E+03
 0.31496477545106E+03
 0.31209204002634E+03
 0.30918795690343E+03
 0.30626605833393E+03
 0.30334254570383E+03
 0.30043646923690E+03
 0.29756964909534E+03
 0.29476655207405E+03
 0.29205394898482E+03
 0.28946035224821E+03
 0.28701524261986E+03
 0.28474817726413E+03
 0.28268777199578E+03
 0.28086075204770E+03
 0.27929095013301E+03
 0.27799848731298E+03
 0.27699917222878E+03
 0.27630400700704E+03
 0.27591903690772E+03
 0.27584541533874E+03
 0.27607959909552E+03
 0.27661384003431E+03
 0.27743677506107E+03
 0.27853410146384E+03
 0.27988933627369E+03
 0.28148451673637E+03
 0.28330079130573E+03
 0.28531902034230E+03
 0.28752022765873E+03
 0.28988603005337E+03
 0.29239881622979E+03
 0.29504194377626E+03
 0.29779990162944E+03
 0.30065834522384E+03
 0.30360409291450E+03
 0.30662508407969E+03
 0.30971038327489E+03
 0.31285005715948E+03
 0.31603512317786E+03
 0.31925746998249E+03
 0.32250976756951E+03
 0.32578540981037E+03
 0.32907842818111E+03
 0.33238342961622E+03
 0.33569553420691E+03
 0.33901032364713E+03
 0.34232380871685E+03
 0.34563235560988E+03
 0.34893266276215E+03
 0.35222173389523E+03
 0.35549682313752E+03
 0.35875546955981E+03
 0.36199539312889E+03
 0.36521453546199E+03
 0.36841103126655E+03
 0.37158314757611E+03
 0.37472936518478E+03
 0.37784824429725E+03
 0.38093853176930E+03
 0.38399905866646E+03
 0.38702879190249E+03
 0.39002679647242E+03
 0.39299223060069E+03
 0.39592435100547E+03
 0.39882250045844E+03
 0.40168610338870E+03
 0.40451465437976E+03
 0.40730772361750E+03
 0.41006494200343E+03
 0.41278600556705E+03
 0.41547066746686E+03
 0.41811873879679E+03
 0.42073007313625E+03
 0.42330457872026E+03
 0.42584220788979E+03
 0.42834295109913E+03
 0.43080684383480E+03
 0.43323395076733E+03
 0.43562438114452E+03
 0.43797826297691E+03
 0.44029576653000E+03
 0.44257707825529E+03
 0.44482242015764E+03
 0.44703203173533E+03
 0.44920617392358E+03
 0.45134513388546E+03
 0.45344920538064E+03
 0.45551872896353E+03
 0.45755401337656E+03
 0.45955542243516E+03
 0.46152330724658E+03
 0.46345805631770E+03
 0.46536004526883E+03
 0.46722966646502E+03
 0.46906732377851E+03
 0.47087341921421E+03
 0.47264837787215E+03
 0.47439262447709E+03
 0.47610657108763E+03
 0.47779065568816E+03
 0.47944531014957E+03
 0.48107096433645E+03
 0.48266805702023E+03
 0.48423703260637E+03
 0.48577832783620E+03
 0.48729237883011E+03
 0.48877962386747E+03
 0.49024049997450E+03
 0.49167544245581E+03
 0.49308488562604E+03
 0.49446926168241E+03
 0.49582900081055E+03
 0.49716452919412E+03
 0.49847627023209E+03
 0.49976464372565E+03
 0.50103006755573E+03
 0.50227294994609E+03
 0.50349370146271E+03
 0.50469272643093E+03
 0.50587042486773E+03
 0.50702719070462E+03
 0.50816341086937E+03
 0.50927947440240E+03
 0.51037576121347E+03
 0.51145263408967E+03
 0.51251049348286E+03
 0.51354966891507E+03
 0.51457053846540E+03
 0.51557345825570E+03
 0.51655875877784E+03
 0.51752681003046E+03
 0.51847791730516E+03
 0.51941244532219E+03
 0.52033069897138E+03
 0.52123299892533E+03
 0.52211967634589E+03
 0.52299103163628E+03
 0.52384736628108E+03
 0.52468898294438E+03
 0.52551618061382E+03
 0.52632924176260E+03
 0.52712845190272E+03
 0.52791408681131E+03
 0.52868641872447E+03
 0.52944572017840E+03
 0.53019225954026E+03
 0.53092628603306E+03
 0.53164804098530E+03
 0.53235779211963E+03
 0.53305577473963E+03
 0.53374222681900E+03
 0.53441738204306E+03
 0.53508146915565E+03
 0.53573471249215E+03
 0.53637733057031E+03
 0.53700953904341E+03
 0.53763154907718E+03
 0.53824356597348E+03
 0.53884579546853E+03
 0.53943843326743E+03
 0.54002167445096E+03
 0.54059570698319E+03
 0.54116071779795E+03
 0.54171688903515E+03
 0.54226439900144E+03
 0.54280342950787E+03
