 0.00000000000000E+00
 0.00000000000000E+00
 0.00000000000000E+00
 0.00000000000000E+00
 0.00000000000000E+00
 0.17625039494871E-31
 0.22585337141585E-28
 0.48372592721630E-26
 0.31435704670911E-24
 0.88650879103034E-23
 0.13622614473843E-21
 0.13276292867979E-20
 0.91152883014024E-20
 0.47527008991721E-19
 0.19883539648253E-18
 0.69560181265260E-18
 0.21001719517778E-17
 0.32440796333364E-14
 0.78255814897757E-14
 0.84349157961248E-13
 0.33586281401016E-12
 0.11635981623428E-11
 0.36176725408317E-11
 0.10233753379395E-10
 0.26647741969783E-10
 0.64500742186696E-10
 0.14634235119768E-09
 0.31345586036867E-09
 0.63775307906139E-09
 0.12391001708297E-08
 0.23096246796653E-08
 0.41467292148936E-08
 0.71967149917029E-08
 0.12110781791735E-07
 0.19815658126227E-07
 0.31600539948043E-07
 0.49222620823902E-07
 0.75032854121272E-07
 0.11212368111663E-06
 0.16450085867919E-06
 0.23728045543292E-06
 0.33691221838233E-06
 0.47143180405499E-06
 0.65074151478134E-06
 0.88691964495412E-06
 0.11945634817266E-05
 0.15911614784749E-05
 0.20974964152263E-05
 0.27380821370364E-05
 0.35416320816400E-05
 0.45415596467723E-05
 0.57765125219286E-05
 0.72909374711553E-05
 0.91356735459377E-05
 0.11368583072270E-04
 0.14055217846287E-04
 0.17269505768940E-04
 0.21094467438227E-04
 0.25622991871180E-04
 0.30958591446249E-04
 0.37216249042831E-04
 0.44523250608562E-04
 0.53020084102083E-04
 0.62861340690539E-04
 0.74231902309022E-04
 0.87290467256602E-04
 0.10225230212882E-03
 0.11933845005998E-03
 0.13878918280234E-03
 0.16086519678440E-03
 0.18584879923754E-03
 0.21404518098639E-03
 0.24578362870531E-03
 0.28141913500777E-03
 0.32133347472686E-03
 0.36593697414822E-03
 0.41567008273202E-03
 0.47100490610072E-03
 0.53244706102900E-03
 0.60053767094327E-03
 0.67585523884836E-03
 0.75901760457157E-03
 0.85068414244700E-03
 0.95155858152288E-03
 0.10623915993178E-02
 0.11839826662807E-02
 0.13171832704265E-02
 0.14629012626561E-02
 0.16221016523080E-02
 0.17958138256436E-02
 0.19851318806970E-02
 0.21912190818287E-02
 0.24153143523973E-02
 0.26587851592693E-02
 0.29229460780715E-02
 0.32093298254563E-02
 0.35195197887611E-02
 0.38552097807121E-02
 0.42181960460979E-02
 0.46103908170541E-02
 0.50338281514584E-02
 0.54906736069600E-02
 0.59832326125462E-02
 0.65139595375292E-02
 0.70854667011609E-02
 0.77005291500065E-02
 0.83621133529757E-02
 0.90733676043522E-02
 0.98376435919138E-02
 0.10658514584359E-01
 0.11539775299091E-01
 0.12485465429184E-01
 0.13499888816988E-01
 0.14587625206555E-01
 0.15753530734114E-01
 0.17002901342142E-01
 0.18341001228014E-01
 0.19773768364801E-01
 0.21307390485999E-01
 0.22948442590975E-01
 0.24703878013864E-01
 0.26581064658161E-01
 0.28587810855784E-01
 0.30732355807759E-01
 0.33023409156292E-01
 0.35470138087570E-01
 0.38082202912230E-01
 0.40869734019912E-01
 0.43843349720149E-01
 0.47014129348513E-01
 0.50393583023982E-01
 0.53993612704993E-01
 0.57826443018361E-01
 0.61904523037778E-01
 0.66240397928979E-01
 0.70846469404148E-01
 0.75734838101773E-01
 0.80917030979085E-01
 0.86403563549105E-01
 0.92203457880333E-01
 0.98323827769687E-01
 0.10476924991794E+00
 0.11154119001084E+00
 0.11863727234732E+00
 0.12605079938381E+00
 0.13377028439585E+00
 0.14177914640139E+00
 0.15005535766394E+00
 0.15857182745649E+00
 0.16729674312985E+00
 0.17619394127880E+00
 0.18522407294425E+00
 0.19434556002840E+00
 0.20351558866917E+00
 0.21269162511240E+00
 0.22183234929453E+00
 0.23089869462559E+00
 0.23985469175757E+00
 0.24866797537999E+00
 0.25731067049547E+00
 0.26575877024454E+00
 0.27399272928323E+00
 0.28199717299893E+00
 0.28976069127809E+00
 0.29727535155065E+00
 0.30453634810184E+00
 0.31154168587788E+00
 0.31829171347492E+00
 0.32478873138288E+00
 0.33103661011060E+00
 0.33704050387870E+00
 0.34280653754419E+00
 0.34834153952542E+00
 0.35365291775996E+00
 0.35874835082399E+00
 0.36363573627042E+00
 0.36832305824356E+00
 0.37281828648744E+00
 0.37712929682670E+00
 0.38126383100673E+00
 0.38522944456102E+00
 0.38903347659198E+00
 0.39268302908335E+00
 0.39618495768411E+00
 0.39954584518138E+00
 0.40277202764268E+00
 0.40586957127899E+00
 0.40884427272247E+00
 0.41170168608495E+00
 0.41444709707544E+00
 0.41708557403993E+00
 0.41962191928930E+00
 0.42206073182415E+00
 0.42440638287360E+00
 0.42666303471479E+00
 0.42883464866523E+00
 0.43092499864014E+00
 0.43293767206386E+00
 0.43487608223488E+00
 0.43674348177578E+00
 0.43854296074743E+00
 0.44027746267005E+00
 0.44194978541387E+00
 0.44356259374755E+00
 0.44511842246942E+00
 0.44661968735222E+00
 0.44806868416057E+00
 0.44946760283767E+00
 0.45081852580492E+00
 0.45212343832409E+00
 0.45338423230289E+00
 0.45460270903307E+00
 0.45578058700754E+00
 0.45691950297704E+00
 0.45802101945966E+00
 0.45908662463329E+00
 0.46011774041253E+00
 0.46111572221980E+00
 0.46208186418717E+00
 0.46301740240855E+00
 0.46392351647998E+00
 0.46480133374458E+00
 0.46565193029860E+00
 0.46647633679380E+00
 0.46727553575875E+00
 0.46805046870781E+00
 0.46880203512068E+00
 0.46953109613202E+00
 0.47023847483216E+00
 0.47092495982262E+00
 0.47159130690284E+00
 0.47223823837695E+00
 0.47286644705546E+00
 0.47347659639089E+00
 0.47406932213075E+00
 0.47464523420169E+00
 0.47520491728581E+00
 0.47574893199972E+00
 0.47627781648536E+00
 0.47679208693319E+00
 0.47729223882052E+00
 0.47777874795366E+00
 0.47825207100807E+00
 0.47871264685035E+00
 0.47916089723232E+00
 0.47959722737284E+00
 0.48002202666682E+00
 0.48043566968407E+00
 0.48083851662979E+00
 0.48123091342524E+00
 0.48161319401793E+00
 0.48198567880695E+00
 0.48234867656301E+00
 0.48270248447617E+00
 0.48304738869945E+00
 0.48338366515507E+00
 0.48371157939122E+00
 0.48403138696203E+00
 0.48434333501159E+00
 0.48464766146540E+00
 0.48494459500497E+00
 0.48523435702706E+00
 0.48551716116021E+00
 0.48579321262670E+00
 0.48606271084630E+00
 0.48632584612412E+00
 0.48658280513800E+00
 0.48683376547555E+00
 0.48707889944814E+00
 0.48731837474003E+00
 0.48755235204304E+00
 0.48778098644913E+00
 0.48800442827830E+00
 0.48822282361369E+00
 0.48843631279826E+00
 0.48864503141969E+00
 0.48884911086352E+00
 0.48904867843180E+00
 0.48924385702307E+00
 0.48943476613830E+00
 0.48962152067056E+00
 0.48980423223919E+00
 0.48998300859930E+00
 0.49015795443362E+00
 0.49032917091831E+00
 0.49049675612243E+00
 0.49066080521370E+00
 0.49082141023504E+00
 0.49097866022469E+00
 0.49113264174856E+00
 0.49128343871470E+00
 0.49143113242711E+00
 0.49157580175667E+00
 0.49171752295353E+00
 0.49185637044554E+00
 0.49199241593434E+00
 0.49212572924205E+00
 0.49225637814258E+00
 0.49238442840639E+00
 0.49250994388866E+00
