 0.00000000000000E+00
 0.00000000000000E+00
 0.00000000000000E+00
 0.00000000000000E+00
 0.00000000000000E+00
 0.17625039259552E-21
 0.22585336840038E-18
 0.48372592075787E-16
 0.31435704251199E-14
 0.88650877919395E-13
 0.13622614291906E-11
 0.13276292690169E-10
 0.91152881764502E-10
 0.47527008182048E-09
 0.19883538478067E-08
 0.69560145227479E-08
 0.21001625282661E-07
 0.56083649033196E-07
 0.13506128785858E-06
 0.29790193811286E-06
 0.60942071796330E-06
 0.11682202485464E-05
 0.21163239321496E-05
 0.36488953312081E-05
 0.60234172094866E-05
 0.95677579690439E-05
 0.14686658663764E-04
 0.21866310971142E-04
 0.31676841474965E-04
 0.44772656127500E-04
 0.61890717339960E-04
 0.83846920136439E-04
 0.11153080085303E-03
 0.14589885499350E-03
 0.18796675684529E-03
 0.23880077615471E-03
 0.29950866990884E-03
 0.37123031506205E-03
 0.45512830082993E-03
 0.55237867984675E-03
 0.66416204433589E-03
 0.79165504519343E-03
 0.93602246130580E-03
 0.10984098907244E-02
 0.12799371061947E-02
 0.14816921042881E-02
 0.17047258570189E-02
 0.19500477613528E-02
 0.22186217713523E-02
 0.25113631899164E-02
 0.28291360867312E-02
 0.31727513020940E-02
 0.35429650233882E-02
 0.39404778633095E-02
 0.43659344205453E-02
 0.48199232771163E-02
 0.53029773932438E-02
 0.58155748633375E-02
 0.63581400032275E-02
 0.69310447130078E-02
 0.75346101231164E-02
 0.81691084524499E-02
 0.88347650801907E-02
 0.95317607854617E-02
 0.10260237159301E-01
 0.11020287938974E-01
 0.11811977360637E-01
 0.12635333033138E-01
 0.13490351072456E-01
 0.14376998979571E-01
 0.15295218584855E-01
 0.16244928970594E-01
 0.17226029423988E-01
 0.18238402551821E-01
 0.19281917202952E-01
 0.20356431514664E-01
 0.21461796018329E-01
 0.22597856550409E-01
 0.23764457325597E-01
 0.24961444090124E-01
 0.26188666989213E-01
 0.27445983576795E-01
 0.28733261833773E-01
 0.30050383384175E-01
 0.31397246499458E-01
 0.32773768824383E-01
 0.34179890734168E-01
 0.35615578833669E-01
 0.37080828052807E-01
 0.38575666524436E-01
 0.40100156663919E-01
 0.41654400151866E-01
 0.43238540926077E-01
 0.44852790014799E-01
 0.46497349875585E-01
 0.48172529638538E-01
 0.49878676326422E-01
 0.51616204860169E-01
 0.53385589844238E-01
 0.55187377085958E-01
 0.57022186188273E-01
 0.58890716267416E-01
 0.60793750993226E-01
 0.62732163430570E-01
 0.64706921565342E-01
 0.66719090373262E-01
 0.68769850146633E-01
 0.70860486328111E-01
 0.72992405578661E-01
 0.75167144610297E-01
 0.77386368282521E-01
 0.79651882821524E-01
 0.81965646078391E-01
 0.84329773862163E-01
 0.86746537744483E-01
 0.89218448098693E-01
 0.91748018694842E-01
 0.94338116392137E-01
 0.96991749963548E-01
 0.99712135591313E-01
 0.10250269323220E+00
 0.10536705700713E+00
 0.10830909113837E+00
 0.11133287501748E+00
 0.11444272591735E+00
 0.11764317118481E+00
 0.12093897463463E+00
 0.12433510458271E+00
 0.12783673468946E+00
 0.13144921280969E+00
 0.13517803094745E+00
 0.13902877894816E+00
 0.14300709602358E+00
 0.14711858230034E+00
 0.15136870963256E+00
 0.15576266043611E+00
 0.16030521999880E+00
 0.16500058615066E+00
 0.16985212470008E+00
 0.17486207791175E+00
 0.18003135891643E+00
 0.18535921217243E+00
 0.19084292779921E+00
 0.19647754204862E+00
 0.20225562789478E+00
 0.20816717387955E+00
 0.21419952837134E+00
 0.22033736862461E+00
 0.22656301808316E+00
 0.23285675865723E+00
 0.23919714146268E+00
 0.24556166137972E+00
 0.25192729862806E+00
 0.25827102025397E+00
 0.26457056300411E+00
 0.27080484727664E+00
 0.27695443495803E+00
 0.28300187433359E+00
 0.28893187310920E+00
 0.29473166392222E+00
 0.30039060346018E+00
 0.30590041258275E+00
 0.31125496894667E+00
 0.31645015918772E+00
 0.32148360281997E+00
 0.32635445434469E+00
 0.33106321659758E+00
 0.33561150091361E+00
 0.34000182297199E+00
 0.34423740774940E+00
 0.34832204781014E+00
 0.35225994507762E+00
 0.35605557171249E+00
 0.35971365481662E+00
 0.36323895432524E+00
 0.36663629723943E+00
 0.36991049669701E+00
 0.37306630978666E+00
 0.37610840162695E+00
 0.37904132773157E+00
 0.38186951671473E+00
 0.38459725197317E+00
 0.38722867010714E+00
 0.38976775547373E+00
 0.39221833296410E+00
 0.39458408138729E+00
 0.39686852385047E+00
 0.39907503114639E+00
 0.40120683372850E+00
 0.40326701360109E+00
 0.40525852960622E+00
 0.40718419313569E+00
 0.40904670122536E+00
 0.41084862480465E+00
 0.41259241977127E+00
 0.41428043061866E+00
 0.41591489517385E+00
 0.41749795073331E+00
 0.41903163840342E+00
 0.42051790729656E+00
 0.42195861691827E+00
 0.42335554604551E+00
 0.42471039067497E+00
 0.42602477257177E+00
 0.42730024068462E+00
 0.42853827681951E+00
 0.42974029410741E+00
 0.43090764638162E+00
 0.43204162620092E+00
 0.43314347026003E+00
 0.43421436216619E+00
 0.43525543272632E+00
 0.43626776591568E+00
 0.43725239757842E+00
 0.43821032022961E+00
 0.43914248424414E+00
 0.44004979953093E+00
 0.44093313841433E+00
 0.44179333519067E+00
 0.44263119189350E+00
 0.44344747532710E+00
 0.44424292231182E+00
 0.44501823832879E+00
 0.44577410079189E+00
 0.44651115949675E+00
 0.44723003859290E+00
 0.44793133728487E+00
 0.44861563034589E+00
 0.44928347024621E+00
 0.44993538736913E+00
 0.45057189249998E+00
 0.45119347601334E+00
 0.45180060848325E+00
 0.45239374363745E+00
 0.45297331745947E+00
 0.45353974943816E+00
 0.45409344338806E+00
 0.45463478803078E+00
 0.45516415752037E+00
 0.45568191206864E+00
 0.45618839879810E+00
 0.45668395209293E+00
 0.45716889426186E+00
 0.45764353594014E+00
 0.45810817659744E+00
 0.45856310507230E+00
 0.45900859995145E+00
 0.45944492995393E+00
 0.45987235447806E+00
 0.46029112382709E+00
 0.46070147962681E+00
 0.46110365524448E+00
 0.46149787604147E+00
 0.46188435971448E+00
 0.46226331660490E+00
 0.46263494999830E+00
 0.46299945643633E+00
 0.46335702577134E+00
 0.46370784168612E+00
 0.46405208239046E+00
 0.46438991886131E+00
 0.46472151805153E+00
 0.46504704093257E+00
 0.46536664258783E+00
 0.46568047483923E+00
 0.46598868269613E+00
 0.46629140876481E+00
 0.46658878892147E+00
 0.46688095633693E+00
 0.46716804029012E+00
 0.46745016479528E+00
 0.46772745053359E+00
 0.46800001481943E+00
 0.46826797192496E+00
 0.46853143164721E+00
 0.46879050087216E+00
 0.46904528320165E+00
 0.46929587925717E+00
 0.46954238693470E+00
 0.46978490145364E+00
 0.47002351460531E+00
 0.47025831573315E+00
 0.47048939165778E+00
 0.47071682679843E+00
 0.47094070314008E+00
 0.47116110031590E+00
 0.47137809574873E+00
 0.47159176466618E+00
 0.47180218018351E+00
 0.47200941342385E+00
 0.47221353355098E+00
 0.47241460781879E+00
 0.47261270169089E+00
 0.47280787877277E+00
 0.47300020109590E+00
 0.47318972873109E+00
 0.47337652043507E+00
 0.47356063330942E+00
 0.47374212294685E+00
 0.47392104348935E+00
