                  NaN
                  NaN
                  NaN
                  NaN
                  NaN
 0.10000000133514E-09
 0.10000000133514E-09
 0.10000000133514E-09
 0.10000000133514E-09
 0.10000000133517E-09
 0.10000000133555E-09
 0.10000000133930E-09
 0.10000000137080E-09
 0.10000000170361E-09
 0.10000000588520E-09
 0.10000005180809E-09
 0.10000044870392E-09
 0.57843590587628E-07
 0.57940966015146E-07
 0.28314403892630E-06
 0.55111814237727E-06
 0.99604348049145E-06
 0.17094134247951E-05
 0.28046168635938E-05
 0.44240239457121E-05
 0.67414688368357E-05
 0.99643053296221E-05
 0.14335104846096E-04
 0.20133101956059E-04
 0.27675377741742E-04
 0.37317788174579E-04
 0.49455951490477E-04
 0.64526704162975E-04
 0.83008066048738E-04
 0.10542107795443E-03
 0.13233013919339E-03
 0.16434456083987E-03
 0.20211941502873E-03
 0.24635620529898E-03
 0.29780450383211E-03
 0.35726289609065E-03
 0.42557957588714E-03
 0.50365437106853E-03
 0.59243959862031E-03
 0.69294002077257E-03
 0.80621573015711E-03
 0.93338261511288E-03
 0.10756128423087E-02
 0.12341365132135E-02
 0.14102428895431E-02
 0.16052814384124E-02
 0.18206635099688E-02
 0.20578632368724E-02
 0.23184176799981E-02
 0.26039289593475E-02
 0.29160667168744E-02
 0.32565678652415E-02
 0.36272368482797E-02
 0.40299508752832E-02
 0.44666558546575E-02
 0.49393728984928E-02
 0.54501970279522E-02
 0.60013009537701E-02
 0.65949347770474E-02
 0.72349109632160E-02
 0.79208880693481E-02
 0.86566625558878E-02
 0.94448203103940E-02
 0.10288033428998E-01
 0.11189066439595E-01
 0.12150777591473E-01
 0.13176122922658E-01
 0.14268153307752E-01
 0.15430032000236E-01
 0.16665016831297E-01
 0.17976479516295E-01
 0.19367907624181E-01
 0.20842901850007E-01
 0.22405184925283E-01
 0.24058610903079E-01
 0.25807164569573E-01
 0.27654960968982E-01
 0.29606250323000E-01
 0.31665438984848E-01
 0.33837094578856E-01
 0.36125923528204E-01
 0.38536789970183E-01
 0.41074757467458E-01
 0.43745022360288E-01
 0.46553021306994E-01
 0.49504342273136E-01
 0.52604744608970E-01
 0.55860218699948E-01
 0.59278032835683E-01
 0.62862638105023E-01
 0.66621575606212E-01
 0.70561611654011E-01
 0.74689911649957E-01
 0.79013757427899E-01
 0.83540676518710E-01
 0.88278413858739E-01
 0.93234960533125E-01
 0.98418546557735E-01
 0.10383763577258E+00
 0.10950090855436E+00
 0.11541717830572E+00
 0.12159563144526E+00
 0.12804551696610E+00
 0.13477626218679E+00
 0.14179751857834E+00
 0.14911896701188E+00
 0.15675041175310E+00
 0.16470179231036E+00
 0.17298309408962E+00
 0.18160414402379E+00
 0.19057607147944E+00
 0.19990623763786E+00
 0.20960529127597E+00
 0.21968250386252E+00
 0.23014693702914E+00
 0.24100711147074E+00
 0.25227111217847E+00
 0.26394654922606E+00
 0.27604026037173E+00
 0.28855839365572E+00
 0.30150613699326E+00
 0.31488776076762E+00
 0.32870631473772E+00
 0.34296362330166E+00
 0.35766002963121E+00
 0.37279417868996E+00
 0.38836284914166E+00
 0.40436065500434E+00
 0.42077976874057E+00
 0.43760958318119E+00
 0.45483602556471E+00
 0.47244149692903E+00
 0.49040450623129E+00
 0.50869875017268E+00
 0.52729247519789E+00
 0.54614833971969E+00
 0.56522278385862E+00
 0.58446593382911E+00
 0.60382103272628E+00
 0.62322517645536E+00
 0.64260988849881E+00
 0.66190223423647E+00
 0.68102545927914E+00
 0.69990163795523E+00
 0.71845345651366E+00
 0.73660554721254E+00
 0.75428742379224E+00
 0.77143509689804E+00
 0.78799235186758E+00
 0.80391266018925E+00
 0.81915944830898E+00
 0.83370643499745E+00
 0.84753746710113E+00
 0.86064570413806E+00
 0.87303368450897E+00
 0.88471066399309E+00
 0.89569257841101E+00
 0.90600054981689E+00
 0.91565980570800E+00
 0.92469833280153E+00
 0.93314598298752E+00
 0.94103382755617E+00
 0.94839334351911E+00
 0.95525585287711E+00
 0.96165205366519E+00
 0.96761174320614E+00
 0.97316354679115E+00
 0.97833475221306E+00
 0.98315121771026E+00
 0.98763732951057E+00
 0.99181597405495E+00
 0.99570858770532E+00
 0.99933517636754E+00
 0.10027143642506E+01
 0.10058634853578E+01
 0.10087986280633E+01
 0.10115347278122E+01
 0.10140856279436E+01
 0.10164641690346E+01
 0.10186822277324E+01
 0.10207508276223E+01
 0.10226801746361E+01
 0.10244797113666E+01
 0.10261582093678E+01
 0.10277237738205E+01
 0.10291839494290E+01
 0.10305456998658E+01
 0.10318155128982E+01
 0.10329993999016E+01
 0.10341029409879E+01
 0.10351313192005E+01
 0.10360893626087E+01
 0.10369815499775E+01
 0.10378120465840E+01
 0.10385847408581E+01
 0.10393032472006E+01
 0.10399709340827E+01
 0.10405909417745E+01
 0.10411662004299E+01
 0.10416994424254E+01
 0.10421932217278E+01
 0.10426499220680E+01
 0.10430717732950E+01
 0.10434608576241E+01
 0.10438191254567E+01
 0.10441484018195E+01
 0.10444503959102E+01
 0.10447267082658E+01
 0.10449788394701E+01
 0.10452081987016E+01
 0.10454161032119E+01
 0.10456037950773E+01
 0.10457724358801E+01
 0.10459231214698E+01
 0.10460568773471E+01
 0.10461746707156E+01
 0.10462774090486E+01
 0.10463659468144E+01
 0.10464410919458E+01
 0.10465035997878E+01
 0.10465541853593E+01
 0.10465935202532E+01
 0.10466222404467E+01
 0.10466409426869E+01
 0.10466501925448E+01
 0.10466505229304E+01
 0.10466424349695E+01
 0.10466264059336E+01
 0.10466028831078E+01
 0.10465722899300E+01
 0.10465350276126E+01
 0.10464914748388E+01
 0.10464419893172E+01
 0.10463869103402E+01
 0.10463265587364E+01
 0.10462612378527E+01
 0.10461912352384E+01
 0.10461168224935E+01
 0.10460382574113E+01
 0.10459557844858E+01
 0.10458696351012E+01
 0.10457800283428E+01
 0.10456871724153E+01
 0.10455912645054E+01
 0.10454924905439E+01
 0.10453910293669E+01
 0.10452870484217E+01
 0.10451807074398E+01
 0.10450721578331E+01
 0.10449615432330E+01
 0.10448490006145E+01
 0.10447346593327E+01
 0.10446186418697E+01
 0.10445010661248E+01
 0.10443820421381E+01
 0.10442616760374E+01
 0.10441400670697E+01
 0.10440173109942E+01
 0.10438934985225E+01
 0.10437687150489E+01
 0.10436430415226E+01
 0.10435165563675E+01
 0.10433893334662E+01
 0.10432614413526E+01
 0.10431329472740E+01
 0.10430039152014E+01
 0.10428744045120E+01
 0.10427444718492E+01
 0.10426141715537E+01
 0.10424835556519E+01
 0.10423526724850E+01
 0.10422215687293E+01
 0.10420902889791E+01
 0.10419588745054E+01
 0.10418273652982E+01
 0.10416957991596E+01
 0.10415642123746E+01
 0.10414326386251E+01
 0.10413011104094E+01
 0.10411696581947E+01
 0.10410383110863E+01
 0.10409070969544E+01
 0.10407760419279E+01
 0.10406451704689E+01
 0.10405145062383E+01
 0.10403840716303E+01
 0.10402538877790E+01
 0.10401239746582E+01
 0.10399943508341E+01
 0.10398650345305E+01
 0.10397360425673E+01
 0.10396073907294E+01
 0.10394790941606E+01
 0.10393511671362E+01
 0.10392236231218E+01
