                  NaN
                  NaN
                  NaN
                  NaN
                  NaN
 0.32191396678450E+34
 0.19604097856333E+28
 0.42736729687283E+23
 0.10119373302781E+20
 0.12724300710816E+17
 0.53886389417128E+14
 0.56734387306793E+12
 0.12035363157557E+11
 0.44270971662726E+09
 0.25293718148426E+08
 0.20667086436452E+07
 0.22672327720915E+06
 0.18390038767042E+08
 0.31763165873379E+07
 0.31905119623260E+07
 0.14839165719328E+07
 0.72983941894787E+06
 0.38166300623451E+06
 0.21064248780127E+06
 0.12193369379168E+06
 0.73641343697746E+05
 0.46193608450876E+05
 0.29979290045658E+05
 0.20062529048550E+05
 0.13804144706894E+05
 0.97405666767073E+04
 0.70329104068586E+04
 0.51856657719344E+04
 0.38978616958091E+04
 0.29820878577861E+04
 0.23188685720971E+04
 0.18304010444888E+04
 0.14649992594032E+04
 0.11876889296189E+04
 0.97440064360911E+03
 0.80830300934940E+03
 0.67744956336674E+03
 0.57324459378929E+03
 0.48942181496710E+03
 0.42135651098869E+03
 0.36559768070615E+03
 0.31954178605782E+03
 0.28120453473006E+03
 0.24905934900917E+03
 0.22192117742696E+03
 0.19886220872147E+03
 0.17915021898978E+03
 0.16220286884051E+03
 0.14755359582062E+03
 0.13482610702753E+03
 0.12371497557213E+03
 0.11397067001299E+03
 0.10538809780341E+03
 0.97797855109492E+02
 0.91059121336860E+02
 0.85054353302988E+02
 0.79684896667134E+02
 0.74867595346312E+02
 0.70532013880445E+02
 0.66631859173917E+02
 0.63088578343285E+02
 0.59872139221801E+02
 0.56944786502147E+02
 0.54273894450612E+02
 0.51831193142309E+02
 0.49592095938356E+02
 0.47535154741947E+02
 0.45641580242749E+02
 0.43894907451609E+02
 0.42280603637761E+02
 0.40785850098828E+02
 0.39399301218715E+02
 0.38110874758235E+02
 0.36911597441517E+02
 0.35793468850599E+02
 0.34749329168234E+02
 0.33772748611767E+02
 0.32857940478289E+02
 0.31999701018083E+02
 0.31193336447454E+02
 0.30434577697848E+02
 0.29719546303476E+02
 0.29044735559784E+02
 0.28406916601543E+02
 0.27803173915672E+02
 0.27230811244056E+02
 0.26687338646486E+02
 0.26170479013380E+02
 0.25678565626963E+02
 0.25208805843461E+02
 0.24759792152524E+02
 0.24329807718731E+02
 0.23917302153580E+02
 0.23520787098228E+02
 0.23138866616092E+02
 0.22770220631795E+02
 0.22413603942517E+02
 0.22067836253834E+02
 0.21731794978012E+02
 0.21404406682839E+02
 0.21084631171887E+02
 0.20771495865765E+02
 0.20464046337179E+02
 0.20161363236772E+02
 0.19862567479908E+02
 0.19566798042511E+02
 0.19273226076528E+02
 0.18981056644374E+02
 0.18689521308013E+02
 0.18397866733454E+02
 0.18105468019074E+02
 0.17811457346287E+02
 0.17515263783158E+02
 0.17216262010097E+02
 0.16913870258266E+02
 0.16607538385871E+02
 0.16296765656827E+02
 0.15981103559909E+02
 0.15660154550805E+02
 0.15333582077732E+02
 0.15001116005005E+02
 0.14662557463321E+02
 0.14317783559490E+02
 0.13966755813558E+02
 0.13609524509821E+02
 0.13246233256612E+02
 0.12877127189521E+02
 0.12502554008531E+02
 0.12122971938006E+02
 0.11738951289323E+02
 0.11351176676811E+02
 0.10960449987368E+02
 0.10567692995699E+02
 0.10173939268902E+02
 0.97803331790639E+01
 0.93881166586605E+01
 0.89986184642896E+01
 0.86132370534630E+01
 0.82334118943301E+01
 0.78605999992608E+01
 0.74962382367200E+01
 0.71417089027033E+01
 0.67983030055517E+01
 0.64671831239582E+01
 0.61493507892527E+01
 0.58456242563724E+01
 0.55566178399599E+01
 0.52827351347987E+01
 0.50241743291369E+01
 0.47809310040782E+01
 0.45528195123574E+01
 0.43394953230669E+01
 0.41404809811018E+01
 0.39551946986411E+01
 0.37829717945741E+01
 0.36230999484352E+01
 0.34748345227391E+01
 0.33374199410439E+01
 0.32101051029699E+01
 0.30921572650208E+01
 0.29828709300451E+01
 0.28815741384861E+01
 0.27876331550029E+01
 0.27004549604823E+01
 0.26194883311753E+01
 0.25442232098132E+01
 0.24741898823771E+01
 0.24089575878243E+01
 0.23481306581913E+01
 0.22913490161552E+01
 0.22382835729105E+01
 0.21886344069219E+01
 0.21421283103575E+01
 0.20985165325068E+01
 0.20575725496397E+01
 0.20190899850995E+01
 0.19828808737820E+01
 0.19487738143378E+01
 0.19166124488965E+01
 0.18862540506814E+01
 0.18575681251012E+01
 0.18304353493015E+01
 0.18047464947891E+01
 0.17804014312371E+01
 0.17573083460232E+01
 0.17353828132298E+01
 0.17145473508419E+01
 0.16947305582518E+01
 0.16758666947622E+01
 0.16578951173133E+01
 0.16407598434864E+01
 0.16244091607563E+01
 0.16087952055363E+01
 0.15938736488425E+01
 0.15796034169420E+01
 0.15659464079762E+01
 0.15528672080435E+01
 0.15403329271564E+01
 0.15283129487696E+01
 0.15167787623816E+01
 0.15057037814522E+01
 0.14950632291571E+01
 0.14848339456894E+01
 0.14749943011554E+01
 0.14655240633140E+01
 0.14564042869856E+01
 0.14476172387610E+01
 0.14391462756482E+01
 0.14309757977080E+01
 0.14230911529424E+01
 0.14154785676169E+01
 0.14081251009392E+01
 0.14010185643937E+01
 0.13941475003574E+01
 0.13875010871992E+01
 0.13810691423329E+01
 0.13748420430870E+01
 0.13688107151182E+01
 0.13629665856793E+01
 0.13573015456860E+01
 0.13518079259004E+01
 0.13464784650658E+01
 0.13413062953012E+01
 0.13362849020851E+01
 0.13314081154584E+01
 0.13266700732577E+01
 0.13220652135286E+01
 0.13175882660696E+01
 0.13132342101642E+01
 0.13089982772872E+01
 0.13048759330801E+01
 0.13008628609732E+01
 0.12969549506398E+01
 0.12931482887590E+01
 0.12894391464595E+01
 0.12858239670742E+01
 0.12822993588474E+01
 0.12788620836947E+01
 0.12755090510696E+01
 0.12722373095037E+01
 0.12690440379947E+01
 0.12659265395877E+01
 0.12628822359855E+01
 0.12599086594955E+01
 0.12570034473246E+01
 0.12541643401363E+01
 0.12513891706844E+01
 0.12486758633746E+01
 0.12460224283012E+01
 0.12434269570754E+01
 0.12408876195969E+01
 0.12384026584369E+01
 0.12359703870790E+01
 0.12335891871272E+01
 0.12312574979859E+01
 0.12289738308278E+01
 0.12267367428986E+01
 0.12245448523150E+01
 0.12223968339870E+01
 0.12202914013693E+01
 0.12182273283408E+01
 0.12162034226178E+01
 0.12142185490831E+01
 0.12122716027119E+01
 0.12103615196383E+01
 0.12084872821981E+01
 0.12066479045482E+01
 0.12048424341648E+01
 0.12030699495421E+01
 0.12013295680371E+01
 0.11996204340236E+01
 0.11979417227633E+01
 0.11962926374107E+01
 0.11946724054271E+01
 0.11930802800419E+01
 0.11915155430888E+01
 0.11899774993802E+01
 0.11884654754029E+01
 0.11869788197378E+01
 0.11855169018222E+01
 0.11840791117848E+01
 0.11826648593408E+01
 0.11812735727316E+01
 0.11799046979492E+01
 0.11785576986630E+01
 0.11772320551625E+01
 0.11759272637558E+01
 0.11746428358873E+01
 0.11733782979577E+01
 0.11721331906199E+01
 0.11709070695271E+01
 0.11696995018044E+01
 0.11685100682055E+01
 0.11673383617938E+01
 0.11661839874634E+01
