-0.00000000000000E+00
-0.48481404995192E-04
-0.24254169554539E-02
-0.29359530841672E-01
-0.17450747057450E+00
-0.68340600516348E+00
-0.20468633716059E+01
-0.50819838229851E+01
-0.10956311368158E+02
-0.21072106004737E+02
-0.36685445520629E+02
-0.58201319332460E+02
-0.84137695330817E+02
-0.10982073848090E+03
-0.12591099227114E+03
-0.11560691201803E+03
-0.56405704108714E+02
 0.83722033271562E+02
 0.34815742764486E+03
 0.79121437075231E+03
 0.15034526876386E+04
 0.25255407072620E+04
 0.39527887697775E+04
 0.59289636645321E+04
 0.85551487425164E+04
 0.11966192656136E+05
 0.16307251496733E+05
 0.21735653156442E+05
 0.28416500564389E+05
 0.36524024001406E+05
 0.46241955717204E+05
 0.57758865411842E+05
 0.71258719163539E+05
 0.86935551507098E+05
 0.10498562639473E+06
 0.12560666577341E+06
 0.14899285313033E+06
 0.17534156054100E+06
 0.20485064188109E+06
 0.23771918892080E+06
 0.27414724262758E+06
 0.31434066191119E+06
 0.35850468357880E+06
 0.40685226590394E+06
 0.45960400854331E+06
 0.51698991732731E+06
 0.57925152689841E+06
 0.64664415637056E+06
 0.71943927572535E+06
 0.79792744280612E+06
 0.88242029999368E+06
 0.97325195224171E+06
 0.10707837439968E+07
 0.11754060695923E+07
 0.12875410659247E+07
 0.14076453346880E+07
 0.15362126501160E+07
 0.16737766814877E+07
 0.18209139874477E+07
 0.19782461953292E+07
 0.21464431930727E+07
 0.23262258978196E+07
 0.25183690471945E+07
 0.27237039544130E+07
 0.29431668411316E+07
 0.31776299629480E+07
 0.34281491672041E+07
 0.36958114456541E+07
 0.39817750151595E+07
 0.42872724835710E+07
 0.46136150835684E+07
 0.49621938670701E+07
 0.53344827772260E+07
 0.57320448509766E+07
 0.61565336662036E+07
 0.66096974793977E+07
 0.70933843533476E+07
 0.76095444571710E+07
 0.81602339503226E+07
 0.87476205490246E+07
 0.93739876486484E+07
 0.10041738598705E+08
 0.10753402402585E+08
 0.11511636065473E+08
 0.12319236375422E+08
 0.13179132666789E+08
 0.14094408763759E+08
 0.15068303382501E+08
 0.16104206888386E+08
 0.17205689267057E+08
 0.18376472280904E+08
 0.19620469922492E+08
 0.20941773507630E+08
 0.22344813403086E+08
 0.23833873234227E+08
 0.25413750604211E+08
 0.27089350800340E+08
 0.28865887810548E+08
 0.30748725945512E+08
 0.32743504446369E+08
 0.34856109577525E+08
 0.37092694317571E+08
 0.39459683674031E+08
 0.41963782436085E+08
 0.44611982600146E+08
 0.47411548310696E+08
 0.50370099157273E+08
 0.53495509448614E+08
 0.56795981076716E+08
 0.60280056082179E+08
 0.63956563556584E+08
 0.67834659542378E+08
 0.71923852719977E+08
 0.76233961057819E+08
 0.80775089345825E+08
 0.85557874233695E+08
 0.90592690611245E+08
 0.95890743392483E+08
 0.10146333908547E+09
 0.10732207466234E+09
 0.11347873191931E+09
 0.11994533248726E+09
 0.12673410971657E+09
 0.13385748509602E+09
 0.14132798086647E+09
 0.14915818388216E+09
 0.15736080122478E+09
 0.16594852911994E+09
 0.17493406638941E+09
 0.18433004641089E+09
 0.19414894360290E+09
 0.20440307049769E+09
 0.21510456224242E+09
 0.22626521056874E+09
 0.23789655080358E+09
 0.25000963750978E+09
 0.26261513485022E+09
 0.27572328327469E+09
 0.28934372373321E+09
 0.30348554358918E+09
 0.31815719614033E+09
 0.33336644276633E+09
 0.34912056960298E+09
 0.36542593130980E+09
 0.38228858329473E+09
 0.39971382443902E+09
 0.41770668426181E+09
 0.43627186541351E+09
 0.45541392361787E+09
 0.47513728752144E+09
 0.49544642969337E+09
 0.51634605359727E+09
 0.53784128256455E+09
 0.55993773910043E+09
 0.58264159332732E+09
 0.60595976544961E+09
 0.62989988137364E+09
 0.65447051897280E+09
 0.67968089179361E+09
 0.70554137928549E+09
 0.73206304447657E+09
 0.75925789306655E+09
 0.78713893525326E+09
 0.81571990791117E+09
 0.84501535129303E+09
 0.87504053248945E+09
 0.90581141479418E+09
 0.93734456118912E+09
 0.96965709336410E+09
 0.10027666470331E+10
 0.10366911842243E+10
 0.10714490896208E+10
 0.11070590543181E+10
 0.11435399384621E+10
 0.11809109596750E+10
 0.12191914184876E+10
 0.12584007973311E+10
 0.12985586786336E+10
 0.13396847447254E+10
 0.13817988123473E+10
 0.14249207053796E+10
 0.14690703951187E+10
 0.15142678807061E+10
 0.15605332393267E+10
 0.16078865918874E+10
 0.16563481198470E+10
 0.17059380972367E+10
 0.17566768320349E+10
 0.18085846971014E+10
 0.18616821482288E+10
 0.19159897058506E+10
 0.19715279348942E+10
 0.20283175266251E+10
 0.20863792098473E+10
 0.21457337681940E+10
 0.22064021331001E+10
 0.22684052792583E+10
 0.23317642257061E+10
 0.23965001440661E+10
 0.24626342472216E+10
 0.25301878405637E+10
 0.25991823198591E+10
 0.26696391602398E+10
 0.27415799223014E+10
 0.28150262762992E+10
 0.28899999465188E+10
 0.29665227521977E+10
 0.30446166027290E+10
 0.31243035480093E+10
 0.32056056149427E+10
 0.32885449781603E+10
 0.33731439240848E+10
 0.34594247947354E+10
 0.35474099954874E+10
 0.36371220487781E+10
 0.37285836032630E+10
 0.38218172578516E+10
 0.39168458330527E+10
 0.40136921695085E+10
 0.41123792015635E+10
 0.42129299813738E+10
 0.43153674583016E+10
 0.44197150219092E+10
 0.45259958254823E+10
 0.46342332295590E+10
 0.47444505554939E+10
 0.48566714785873E+10
 0.49709195501951E+10
 0.50872183401767E+10
 0.52055915961850E+10
 0.53260632550352E+10
 0.54486571751430E+10
 0.55733973124564E+10
 0.57003076852550E+10
 0.58294124563618E+10
 0.59607358711768E+10
 0.60943022280599E+10
 0.62301358907894E+10
 0.63682613058539E+10
 0.65087029858813E+10
 0.66514855361165E+10
 0.67966336391476E+10
 0.69441720603580E+10
 0.70941256378051E+10
 0.72465192794828E+10
 0.74013779630731E+10
 0.75587267597495E+10
 0.77185908161934E+10
 0.78809953564489E+10
 0.80459656595835E+10
 0.82135271393695E+10
 0.83837052273965E+10
 0.85565254506525E+10
 0.87320134042616E+10
 0.89101947737482E+10
 0.90910953705548E+10
 0.92747410045428E+10
 0.94611575545722E+10
 0.96503711402026E+10
 0.98424076894315E+10
 0.10037293397253E+11
 0.10235054519801E+11
 0.10435717381770E+11
 0.10639308256949E+11
 0.10845853726053E+11
 0.11055380278003E+11
 0.11267914675438E+11
 0.11483483260421E+11
 0.11702113117131E+11
 0.11923831227829E+11
 0.12148664261050E+11
 0.12376639164719E+11
 0.12607783077976E+11
 0.12842123523433E+11
 0.13079687557935E+11
 0.13320502454034E+11
 0.13564595576582E+11
 0.13811994392695E+11
 0.14062726544466E+11
 0.14316819867869E+11
 0.14574302015441E+11
 0.14835200984176E+11
 0.15099544248462E+11
 0.15367359993833E+11
 0.15638676302036E+11
 0.15913521309600E+11
 0.16191923262308E+11
 0.16473910469171E+11
 0.16759511326087E+11
 0.17048754315637E+11
 0.17341668001695E+11
 0.17638281049216E+11
 0.17938622156662E+11
 0.18242720144941E+11
 0.18550603986453E+11
 0.18862302506925E+11
 0.19177844843983E+11
 0.19497260144320E+11
 0.19820577638497E+11
 0.20147826464533E+11
