 0.18163555757303E+01
 0.18163555757279E+01
 0.18163555756727E+01
 0.18163555753170E+01
 0.18163555740895E+01
 0.18163555711060E+01
 0.18163555653294E+01
 0.18163555562510E+01
 0.18163555462548E+01
 0.18163555461219E+01
 0.18163555841609E+01
 0.18163557178700E+01
 0.18163560459150E+01
 0.18163567181567E+01
 0.18163579421532E+01
 0.18163599839632E+01
 0.18163631704927E+01
 0.18163678818644E+01
 0.18163745490181E+01
 0.18163836302951E+01
 0.18163956206358E+01
 0.18164110231062E+01
 0.18164303605964E+01
 0.18164541591233E+01
 0.18164829324917E+01
 0.18165171826932E+01
 0.18165573926573E+01
 0.18166040186188E+01
 0.18166574857660E+01
 0.18167181818915E+01
 0.18167864513218E+01
 0.18168625893910E+01
 0.18169468368424E+01
 0.18170393738758E+01
 0.18171403132066E+01
 0.18172496940281E+01
 0.18173674822858E+01
 0.18174935556401E+01
 0.18176277015318E+01
 0.18177696145263E+01
 0.18179188744835E+01
 0.18180749606323E+01
 0.18182372357264E+01
 0.18184049433384E+01
 0.18185772016777E+01
 0.18187529984440E+01
 0.18189311861706E+01
 0.18191104779365E+01
 0.18192894429295E+01
 0.18194665025230E+01
 0.18196399265000E+01
 0.18198078313927E+01
 0.18199681756515E+01
 0.18201187578788E+01
 0.18202572145079E+01
 0.18203810174579E+01
 0.18204874727837E+01
 0.18205737196017E+01
 0.18206367279820E+01
 0.18206733003158E+01
 0.18206800681962E+01
 0.18206534941842E+01
 0.18205898704768E+01
 0.18204853199562E+01
 0.18203353116342E+01
 0.18201365003340E+01
 0.18198841012021E+01
 0.18195735632027E+01
 0.18192001702631E+01
 0.18187590417729E+01
 0.18182451326611E+01
 0.18176532369335E+01
 0.18169779917830E+01
 0.18162138707737E+01
 0.18153551943480E+01
 0.18143961277757E+01
 0.18133306782078E+01
 0.18121527046367E+01
 0.18108559148737E+01
 0.18094338584779E+01
 0.18078799405150E+01
 0.18061874230769E+01
 0.18043494262029E+01
 0.18023589162929E+01
 0.18002087152454E+01
 0.17978915120001E+01
 0.17953998593862E+01
 0.17927261524326E+01
 0.17898626805296E+01
 0.17868015558281E+01
 0.17835348041156E+01
 0.17800543147317E+01
 0.17763518442295E+01
 0.17724181997935E+01
 0.17682463937160E+01
 0.17638271578197E+01
 0.17591518795214E+01
 0.17542117080382E+01
 0.17489978177566E+01
 0.17435013064851E+01
 0.17377132432411E+01
 0.17316246555655E+01
 0.17252265563225E+01
 0.17185099701998E+01
 0.17114659728430E+01
 0.17040858060547E+01
 0.16963606326151E+01
 0.16882819383055E+01
 0.16798413752222E+01
 0.16710307893160E+01
 0.16618424038860E+01
 0.16522688356405E+01
 0.16423030508521E+01
 0.16319384950990E+01
 0.16211693750392E+01
 0.16099893639401E+01
 0.15983960945357E+01
 0.15863850377052E+01
 0.15739536231003E+01
 0.15611002799250E+01
 0.15478247251571E+01
 0.15341279662857E+01
 0.15200123082815E+01
 0.15054816998974E+01
 0.14905415847513E+01
 0.14751993354983E+01
 0.14594640072667E+01
 0.14433467146792E+01
 0.14268605366125E+01
 0.14100207621534E+01
 0.13928448778973E+01
 0.13753527656949E+01
 0.13575666648503E+01
 0.13395112346549E+01
 0.13212136543628E+01
 0.13027038820944E+01
 0.12840141494399E+01
 0.12651792482079E+01
 0.12462364820193E+01
 0.12272259072618E+01
 0.12081894788286E+01
 0.11891712225860E+01
 0.11702169822984E+01
 0.11513736897609E+01
 0.11326893489441E+01
 0.11142116192582E+01
 0.10959877921756E+01
 0.10780637840731E+01
 0.10604835904112E+01
 0.10432882349258E+01
 0.10265153363481E+01
 0.10101985590461E+01
 0.99436681965906E+00
 0.97904506570181E+00
 0.96425276316275E+00
 0.95000458298582E+00
 0.93631050174405E+00
 0.92317593891116E+00
 0.91060179240170E+00
 0.89858519884286E+00
 0.88711967727005E+00
 0.87619568429050E+00
 0.86580107834053E+00
 0.85592101305458E+00
 0.84653913037111E+00
 0.83763785579766E+00
 0.82919836078430E+00
 0.82120113034745E+00
 0.81362634039150E+00
 0.80645421061916E+00
 0.79966493969982E+00
 0.79323923217857E+00
 0.78715819548449E+00
 0.78140396153095E+00
 0.77595905504733E+00
 0.77080691813993E+00
 0.76593187065027E+00
 0.76131909583735E+00
 0.75695464690482E+00
 0.75282544486939E+00
 0.74891916589409E+00
 0.74522434311492E+00
 0.74173026387278E+00
 0.73842690162766E+00
 0.73530495276471E+00
 0.73235561527374E+00
 0.72957082415917E+00
 0.72694293810539E+00
 0.72446482823308E+00
 0.72212990381546E+00
 0.71993188093358E+00
 0.71786497342985E+00
 0.71592365668219E+00
 0.71410283120421E+00
 0.71239761312806E+00
 0.71080344722577E+00
 0.70931603368607E+00
 0.70793128559876E+00
 0.70664533824344E+00
 0.70545452581248E+00
 0.70435536803678E+00
 0.70334455815605E+00
 0.70241893938562E+00
 0.70157550078737E+00
 0.70081136576246E+00
 0.70012378383640E+00
 0.69951011851283E+00
 0.69896785093597E+00
 0.69849454352808E+00
 0.69808787145794E+00
 0.69774558568523E+00
 0.69746552700524E+00
 0.69724560823926E+00
 0.69708382416555E+00
 0.69697822683400E+00
 0.69692695274794E+00
 0.69692817416338E+00
 0.69698015263796E+00
 0.69708117462631E+00
 0.69722960315110E+00
 0.69742386457867E+00
 0.69766234328001E+00
 0.69794362309912E+00
 0.69826620374218E+00
 0.69862870277250E+00
 0.69902970107780E+00
 0.69946790410724E+00
 0.69994201836658E+00
 0.70045077581089E+00
 0.70099296952048E+00
 0.70156739771012E+00
 0.70217289833395E+00
 0.70280837441853E+00
 0.70347271494121E+00
 0.70416486213931E+00
 0.70488379908812E+00
 0.70562851837327E+00
 0.70639802540335E+00
 0.70719137534269E+00
 0.70800764970647E+00
 0.70884595000306E+00
 0.70970540220874E+00
 0.71058515833839E+00
 0.71148439036513E+00
 0.71240229216415E+00
 0.71333807890739E+00
 0.71429099076330E+00
 0.71526028676536E+00
 0.71624524832379E+00
 0.71724517027078E+00
 0.71825938363764E+00
 0.71928722024987E+00
 0.72032803556255E+00
 0.72138120208921E+00
 0.72244611427516E+00
 0.72352219142900E+00
 0.72460884814028E+00
 0.72570552207890E+00
 0.72681171468045E+00
 0.72792681446351E+00
 0.72905039283263E+00
 0.73018191574425E+00
 0.73132089437751E+00
 0.73246689459854E+00
 0.73361940854967E+00
 0.73477806375139E+00
 0.73594236561059E+00
 0.73711193277445E+00
 0.73828637574522E+00
 0.73946527498935E+00
 0.74064826296640E+00
 0.74183497588943E+00
 0.74302505104558E+00
 0.74421814815105E+00
 0.74541393934115E+00
 0.74661209291054E+00
 0.74781229762880E+00
 0.74901424943771E+00
 0.75021764570977E+00
 0.75142219665341E+00
 0.75262764334895E+00
 0.75383375322837E+00
 0.75504020262084E+00
 0.75624676871301E+00
 0.75745321159249E+00
 0.75865929695553E+00
 0.75986480041071E+00
 0.76106950369479E+00
 0.76227319940809E+00
 0.76347568372329E+00
 0.76467676018169E+00
 0.76587624348779E+00
 0.76707394220550E+00
 0.76826968649846E+00
 0.76946330768047E+00
 0.77065464087810E+00
 0.77184352988715E+00
 0.77302982330644E+00
 0.77421337545280E+00
 0.77539402285919E+00
