 0.10928994653294E+01
 0.10928994649487E+01
 0.10928994610162E+01
 0.10928994450568E+01
 0.10928994030772E+01
 0.10928993161439E+01
 0.10928991608747E+01
 0.10928989107793E+01
 0.10928985410553E+01
 0.10928980397564E+01
 0.10928974260057E+01
 0.10928967725156E+01
 0.10928962275860E+01
 0.10928960319091E+01
 0.10928965272309E+01
 0.10928981562081E+01
 0.10929014535557E+01
 0.10929070316878E+01
 0.10929155614291E+01
 0.10929277535245E+01
 0.10929443358066E+01
 0.10929660357294E+01
 0.10929935607944E+01
 0.10930275854035E+01
 0.10930687385321E+01
 0.10931175941575E+01
 0.10931746642774E+01
 0.10932403941307E+01
 0.10933151600166E+01
 0.10933992676073E+01
 0.10934929524785E+01
 0.10935963816539E+01
 0.10937096556801E+01
 0.10938328120415E+01
 0.10939658288734E+01
 0.10941086290327E+01
 0.10942610840044E+01
 0.10944230192251E+01
 0.10945942184565E+01
 0.10947744279190E+01
 0.10949633638399E+01
 0.10951607136610E+01
 0.10953661423781E+01
 0.10955792963242E+01
 0.10957998075454E+01
 0.10960272977527E+01
 0.10962613820226E+01
 0.10965016722391E+01
 0.10967477803143E+01
 0.10969993210546E+01
 0.10972559150852E+01
 0.10975171909494E+01
 0.10977827875070E+01
 0.10980523557946E+01
 0.10983255607771E+01
 0.10986020828809E+01
 0.10988816193033E+01
 0.10991638851398E+01
 0.10994486143871E+01
 0.10997355606313E+01
 0.11000244978725E+01
 0.11003152209468E+01
 0.11006075459937E+01
 0.11009013107461E+01
 0.11011963911534E+01
 0.11014926393821E+01
 0.11017899725201E+01
 0.11020883161964E+01
 0.11023876179935E+01
 0.11026878474126E+01
 0.11029889958732E+01
 0.11032910763077E+01
 0.11035941226379E+01
 0.11038981903162E+01
 0.11042033558805E+01
 0.11045097163274E+01
 0.11048173898296E+01
 0.11051265142796E+01
 0.11054372478796E+01
 0.11057497699316E+01
 0.11060642788087E+01
 0.11063809923546E+01
 0.11067001476768E+01
 0.11070220026071E+01
 0.11073468333303E+01
 0.11076749360803E+01
 0.11080066252808E+01
 0.11083422361483E+01
 0.11086821220918E+01
 0.11090266558827E+01
 0.11093762273484E+01
 0.11097312497005E+01
 0.11100921555069E+01
 0.11104594268865E+01
 0.11108334750912E+01
 0.11112148174188E+01
 0.11116039620122E+01
 0.11120014377809E+01
 0.11124077944661E+01
 0.11128236000728E+01
 0.11132494408977E+01
 0.11136859226218E+01
 0.11141336699117E+01
 0.11145933244686E+01
 0.11150655451261E+01
 0.11155510016244E+01
 0.11160503902294E+01
 0.11165644071408E+01
 0.11170937639549E+01
 0.11176391821247E+01
 0.11182013903038E+01
 0.11187811124586E+01
 0.11193790717484E+01
 0.11199959958463E+01
 0.11206325867567E+01
 0.11212895913452E+01
 0.11219675679567E+01
 0.11226671961692E+01
 0.11233890635137E+01
 0.11241337016779E+01
 0.11249015920992E+01
 0.11256931208746E+01
 0.11265086051238E+01
 0.11273482292974E+01
 0.11282120915571E+01
 0.11291001163205E+01
 0.11300120900444E+01
 0.11309476111004E+01
 0.11319060767592E+01
 0.11328866527886E+01
 0.11338882557151E+01
 0.11349095043535E+01
 0.11359487252952E+01
 0.11370038871508E+01
 0.11380725988094E+01
 0.11391520401116E+01
 0.11402389662489E+01
 0.11413296662496E+01
 0.11424199469960E+01
 0.11435050391920E+01
 0.11445797052097E+01
 0.11456381642694E+01
 0.11466740952332E+01
 0.11476807098233E+01
 0.11486507604782E+01
 0.11495767046655E+01
 0.11504507306611E+01
 0.11512648979980E+01
 0.11520113286210E+01
 0.11526823650725E+01
 0.11532707492551E+01
 0.11537698347838E+01
 0.11541737563422E+01
 0.11544774969032E+01
 0.11546771610188E+01
 0.11547700035970E+01
 0.11547544874321E+01
 0.11546303031387E+01
 0.11543983777987E+01
 0.11540607234335E+01
 0.11536204609442E+01
 0.11530816242821E+01
 0.11524490404133E+01
 0.11517282218917E+01
 0.11509251723003E+01
 0.11500462463342E+01
 0.11490980332178E+01
 0.11480872211511E+01
 0.11470204777599E+01
 0.11459043463083E+01
 0.11447451891867E+01
 0.11435490949280E+01
 0.11423218636012E+01
 0.11410688840890E+01
 0.11397952389461E+01
 0.11385056117867E+01
 0.11372042934728E+01
 0.11358951991729E+01
 0.11345818752455E+01
 0.11332675073298E+01
 0.11319549557841E+01
 0.11306467542647E+01
 0.11293451451385E+01
 0.11280520967413E+01
 0.11267693282685E+01
 0.11254983340763E+01
 0.11242403851944E+01
 0.11229965810401E+01
 0.11217678427716E+01
 0.11205549344425E+01
 0.11193584862706E+01
 0.11181790101581E+01
 0.11170169021095E+01
 0.11158724589267E+01
 0.11147459041846E+01
 0.11136373751321E+01
 0.11125469393908E+01
 0.11114746180760E+01
 0.11104203766865E+01
 0.11093841334703E+01
 0.11083657714556E+01
 0.11073651381206E+01
 0.11063820557144E+01
 0.11054163210952E+01
 0.11044677109775E+01
 0.11035359833185E+01
 0.11026208863861E+01
 0.11017221519700E+01
 0.11008395060054E+01
 0.10999726661722E+01
 0.10991213448897E+01
 0.10982852512023E+01
 0.10974640906888E+01
 0.10966575688529E+01
 0.10958653905524E+01
 0.10950872598036E+01
 0.10943228856792E+01
 0.10935719751178E+01
 0.10928342420230E+01
 0.10921093998004E+01
 0.10913971643678E+01
 0.10906972691487E+01
 0.10900094282400E+01
 0.10893333794341E+01
 0.10886688558251E+01
 0.10880156053390E+01
 0.10873733678320E+01
 0.10867418937272E+01
 0.10861209425327E+01
 0.10855102742779E+01
 0.10849096559228E+01
 0.10843188597269E+01
 0.10837376605448E+01
 0.10831658433054E+01
 0.10826031946635E+01
 0.10820495045309E+01
 0.10815045708518E+01
 0.10809681972820E+01
 0.10804401903731E+01
 0.10799203613954E+01
 0.10794085266214E+01
 0.10789045068898E+01
 0.10784081272660E+01
 0.10779192175892E+01
 0.10774376121094E+01
 0.10769631494476E+01
 0.10764956718047E+01
 0.10760350256097E+01
 0.10755810609135E+01
 0.10751336329207E+01
 0.10746925972401E+01
 0.10742578165453E+01
 0.10738291560093E+01
 0.10734064844765E+01
 0.10729896734733E+01
 0.10725785962801E+01
 0.10721731329035E+01
 0.10717731660718E+01
 0.10713785731345E+01
 0.10709892531218E+01
 0.10706050863487E+01
 0.10702259696372E+01
 0.10698517992922E+01
 0.10694824708938E+01
 0.10691178902489E+01
 0.10687579535620E+01
 0.10684025727487E+01
 0.10680516554241E+01
 0.10677051079082E+01
 0.10673628447306E+01
 0.10670247818654E+01
 0.10666908365704E+01
 0.10663609286439E+01
 0.10660349749148E+01
 0.10657128990210E+01
 0.10653946276022E+01
 0.10650800873362E+01
 0.10647692068981E+01
 0.10644619172642E+01
 0.10641581494016E+01
 0.10638578349230E+01
 0.10635609020924E+01
 0.10632673013159E+01
 0.10629769648685E+01
 0.10626898320334E+01
 0.10624058440882E+01
 0.10621249430830E+01
 0.10618470728911E+01
 0.10615721781871E+01
 0.10613002053563E+01
 0.10610311020081E+01
 0.10607648161864E+01
 0.10605012994831E+01
 0.10602405020611E+01
 0.10599823753056E+01
 0.10597268740243E+01
 0.10594739518331E+01
 0.10592235640979E+01
 0.10589756671916E+01
 0.10587302239391E+01
