 0.19071606586272E+00
 0.19071606586285E+00
 0.19071606586575E+00
 0.19071606588442E+00
 0.19071606594887E+00
 0.19071606610550E+00
 0.19071606640876E+00
 0.19071606688534E+00
 0.19071606741006E+00
 0.19071606741688E+00
 0.19071606541960E+00
 0.19071605839959E+00
 0.19071604117699E+00
 0.19071600588422E+00
 0.19071594162467E+00
 0.19071583443093E+00
 0.19071566714828E+00
 0.19071541981407E+00
 0.19071506987113E+00
 0.19071459327275E+00
 0.19071396421194E+00
 0.19071315645776E+00
 0.19071214297676E+00
 0.19071089688963E+00
 0.19070939226901E+00
 0.19070760436160E+00
 0.19070551009821E+00
 0.19070308867977E+00
 0.19070032197423E+00
 0.19069719505891E+00
 0.19069369672799E+00
 0.19068981995792E+00
 0.19068556235498E+00
 0.19068092664520E+00
 0.19067592115672E+00
 0.19067056024282E+00
 0.19066486434257E+00
 0.19065886083827E+00
 0.19065258418475E+00
 0.19064607605792E+00
 0.19063938649428E+00
 0.19063257312491E+00
 0.19062570195495E+00
 0.19061884746089E+00
 0.19061209283059E+00
 0.19060553016842E+00
 0.19059926065048E+00
 0.19059339465727E+00
 0.19058805191625E+00
 0.19058336161276E+00
 0.19057946251591E+00
 0.19057650296044E+00
 0.19057464101947E+00
 0.19057404452465E+00
 0.19057489110893E+00
 0.19057736828994E+00
 0.19058167348758E+00
 0.19058801401277E+00
 0.19059660717085E+00
 0.19060768022154E+00
 0.19062150031567E+00
 0.19063826142614E+00
 0.19065824575883E+00
 0.19068172111432E+00
 0.19070896556979E+00
 0.19074026740366E+00
 0.19077592532396E+00
 0.19081624847135E+00
 0.19086155668884E+00
 0.19091218053102E+00
 0.19096846152652E+00
 0.19103075233142E+00
 0.19109941712167E+00
 0.19117483154484E+00
 0.19125738316044E+00
 0.19134747190373E+00
 0.19144551061622E+00
 0.19155192465509E+00
 0.19166715381765E+00
 0.19179165154456E+00
 0.19192588628732E+00
 0.19207034143267E+00
 0.19222551708425E+00
 0.19239192951310E+00
 0.19257011270449E+00
 0.19276061898306E+00
 0.19296402131328E+00
 0.19318091120847E+00
 0.19341195543692E+00
 0.19365769601534E+00
 0.19391883652796E+00
 0.19419606072550E+00
 0.19449008114212E+00
 0.19480163753534E+00
 0.19513149293784E+00
 0.19548045057393E+00
 0.19584933876495E+00
 0.19623902034928E+00
 0.19665038939365E+00
 0.19708437892920E+00
 0.19754195879695E+00
 0.19802413792145E+00
 0.19853196262460E+00
 0.19906651706032E+00
 0.19962893738972E+00
 0.20022039043124E+00
 0.20084209620817E+00
 0.20149529921629E+00
 0.20218131000860E+00
 0.20290155354756E+00
 0.20365725733579E+00
 0.20444991799439E+00
 0.20528099352731E+00
 0.20615198134573E+00
 0.20706440197000E+00
 0.20801980909468E+00
 0.20901977610455E+00
 0.21006587173185E+00
 0.21115969747695E+00
 0.21230282238909E+00
 0.21349680618056E+00
 0.21474317270920E+00
 0.21604339674934E+00
 0.21739888353988E+00
 0.21881093330413E+00
 0.22028072447899E+00
 0.22180929278276E+00
 0.22339746608828E+00
 0.22504594720405E+00
 0.22675488620791E+00
 0.22852433673182E+00
 0.23035390520537E+00
 0.23224279933944E+00
 0.23418965754925E+00
 0.23619261383081E+00
 0.23824912740832E+00
 0.24035607278069E+00
 0.24250960493192E+00
 0.24470520021293E+00
 0.24693775365054E+00
 0.24920140664309E+00
 0.25149003152144E+00
 0.25379683110996E+00
 0.25611481455703E+00
 0.25843679180842E+00
 0.26075548116455E+00
 0.26306372065017E+00
 0.26535442311172E+00
 0.26762083551346E+00
 0.26985653168963E+00
 0.27205553834502E+00
 0.27421234668115E+00
 0.27632198060585E+00
 0.27838010028200E+00
 0.28038283563443E+00
 0.28232700073329E+00
 0.28420999646215E+00
 0.28602992074312E+00
 0.28778527643648E+00
 0.28947519870327E+00
 0.29109931782464E+00
 0.29265772680057E+00
 0.29415091106336E+00
 0.29557969698144E+00
 0.29694520816510E+00
 0.29824878861345E+00
 0.29949198432225E+00
 0.30067643318380E+00
 0.30180391274279E+00
 0.30287625209696E+00
 0.30389529159325E+00
 0.30486288037363E+00
 0.30578084773903E+00
 0.30665099746761E+00
 0.30747507793885E+00
 0.30825477926610E+00
 0.30899174154360E+00
 0.30968756247040E+00
 0.31034371985651E+00
 0.31096168534141E+00
 0.31154284066207E+00
 0.31208851649895E+00
 0.31259996823322E+00
 0.31307840925833E+00
 0.31352499585981E+00
 0.31394082820457E+00
 0.31432696726054E+00
 0.31468443713306E+00
 0.31501420930304E+00
 0.31531722004274E+00
 0.31559437028513E+00
 0.31584653245714E+00
 0.31607454345535E+00
 0.31627920517832E+00
 0.31646131010999E+00
 0.31662160741627E+00
 0.31676083912357E+00
 0.31687971886373E+00
 0.31697892876434E+00
 0.31705914519567E+00
 0.31712102092726E+00
 0.31716518863983E+00
 0.31719226780547E+00
 0.31720286617177E+00
 0.31719755751407E+00
 0.31717692667871E+00
 0.31714152118151E+00
 0.31709188046836E+00
 0.31702854391800E+00
 0.31695202931314E+00
 0.31686282354425E+00
 0.31676142593703E+00
 0.31664832015205E+00
 0.31652396226580E+00
 0.31638881468194E+00
 0.31624330688669E+00
 0.31608787728470E+00
 0.31592295373853E+00
 0.31574893436297E+00
 0.31556621442761E+00
 0.31537518843604E+00
 0.31517622404560E+00
 0.31496969357186E+00
 0.31475595135507E+00
 0.31453534307476E+00
 0.31430820457787E+00
 0.31407486162043E+00
 0.31383563163794E+00
 0.31359081909954E+00
 0.31334072439896E+00
 0.31308563585107E+00
 0.31282583382373E+00
 0.31256158922911E+00
 0.31229316494361E+00
 0.31202081387729E+00
 0.31174478461313E+00
 0.31146531419206E+00
 0.31118263543403E+00
 0.31089696929202E+00
 0.31060852593413E+00
 0.31031751706353E+00
 0.31002414670878E+00
 0.30972860454507E+00
 0.30943108081053E+00
 0.30913174736005E+00
 0.30883078507403E+00
 0.30852836292743E+00
 0.30822463642735E+00
 0.30791975798770E+00
 0.30761388652798E+00
 0.30730715998133E+00
 0.30699971099177E+00
 0.30669167867024E+00
 0.30638319017991E+00
 0.30607436837184E+00
 0.30576532858454E+00
 0.30545618079982E+00
 0.30514702898421E+00
 0.30483798577513E+00
 0.30452914553961E+00
 0.30422060473693E+00
 0.30391245210406E+00
 0.30360477407536E+00
 0.30329765318839E+00
 0.30299116822873E+00
 0.30268539448716E+00
 0.30238040338713E+00
 0.30207626359512E+00
 0.30177303986556E+00
 0.30147079402458E+00
 0.30116958475093E+00
 0.30086946804368E+00
 0.30057049680373E+00
 0.30027272125656E+00
 0.29997618895304E+00
 0.29968094328007E+00
 0.29938702993422E+00
 0.29909448750798E+00
 0.29880335385417E+00
 0.29851366463997E+00
 0.29822545336834E+00
 0.29793875147939E+00
 0.29765358862221E+00
 0.29736999230238E+00
 0.29708798809597E+00
 0.29680759999688E+00
 0.29652885029942E+00
 0.29625175966238E+00
 0.29597634718249E+00
 0.29570263046102E+00
 0.29543062564929E+00
 0.29516034751632E+00
 0.29489180943997E+00
 0.29462502364047E+00
 0.29436000104846E+00
 0.29409675145164E+00
 0.29383528353310E+00
 0.29357560485325E+00
 0.29331772194814E+00
 0.29306164037116E+00
