 0.00000000000000E+00
-0.30300879194351E-05
-0.29943420262840E-04
-0.11468567140904E-03
-0.27921196280058E-03
-0.52731946709058E-03
-0.85250452926888E-03
-0.12407188768462E-02
-0.16699149028829E-02
-0.21072107839077E-02
-0.25056653405041E-02
-0.28067765847597E-02
-0.29458947574132E-02
-0.28587240499022E-02
-0.24871311140052E-02
-0.17640227724274E-02
-0.67534584479197E-03
 0.79754399804382E-03
 0.26715826595016E-02
 0.49452166307940E-02
 0.77308694552627E-02
 0.10781724017366E-01
 0.14126352456127E-01
 0.17872713591286E-01
 0.21905373372145E-01
 0.26192791591469E-01
 0.30696790674248E-01
 0.35381037066921E-01
 0.40205810672072E-01
 0.45134081815407E-01
 0.50133160207996E-01
 0.55170394762686E-01
 0.60207680417365E-01
 0.65218042890702E-01
 0.70177449449860E-01
 0.75064999124398E-01
 0.79860600037528E-01
 0.84549555631120E-01
 0.89120424092123E-01
 0.93565059217033E-01
 0.97878031393775E-01
 0.10205776441662E+00
 0.10610368894605E+00
 0.11001831739750E+00
 0.11380631601411E+00
 0.11747414089227E+00
 0.12102976743260E+00
 0.12448243072361E+00
 0.12784238112238E+00
 0.13112070220318E+00
 0.13432910777117E+00
 0.13747945111436E+00
 0.14058381007635E+00
 0.14365493456033E+00
 0.14670502841491E+00
 0.14974572495904E+00
 0.15278894897077E+00
 0.15584670084823E+00
 0.15893059262467E+00
 0.16205155763284E+00
 0.16521969999182E+00
 0.16844448648619E+00
 0.17173500451697E+00
 0.17510011146462E+00
 0.17854831588773E+00
 0.18208805039798E+00
 0.18572678362176E+00
 0.18947096128739E+00
 0.19332761490175E+00
 0.19730259114627E+00
 0.20140164043692E+00
 0.20563008839570E+00
 0.20999292040052E+00
 0.21449469164237E+00
 0.21913970044936E+00
 0.22393198139979E+00
 0.22887531473939E+00
 0.23397316426675E+00
 0.23922877241582E+00
 0.24464562520226E+00
 0.25022646918271E+00
 0.25597397235786E+00
 0.26189082468884E+00
 0.26797978545520E+00
 0.27424319439643E+00
 0.28068371205946E+00
 0.28730403400757E+00
 0.29410612309573E+00
 0.30109287268931E+00
 0.30826603552378E+00
 0.31562774515857E+00
 0.32318061779067E+00
 0.33092678964648E+00
 0.33886882760635E+00
 0.34700935102828E+00
 0.35535096179973E+00
 0.36389583408968E+00
 0.37264646497653E+00
 0.38160568426252E+00
 0.39077571976793E+00
 0.40015916422819E+00
 0.40975853171659E+00
 0.41957622527066E+00
 0.42961483482857E+00
 0.43987676913245E+00
 0.45036443522305E+00
 0.46107981531313E+00
 0.47202491968616E+00
 0.48320152719961E+00
 0.49461138941627E+00
 0.50625534678524E+00
 0.51813432187513E+00
 0.53024905743018E+00
 0.54259962806572E+00
 0.55518564931333E+00
 0.56800628927495E+00
 0.58106008283806E+00
 0.59434485507463E+00
 0.60785764072494E+00
 0.62159477081724E+00
 0.63555193460796E+00
 0.64972356203262E+00
 0.66410327199360E+00
 0.67868381002110E+00
 0.69345674478328E+00
 0.70841247893193E+00
 0.72353993820313E+00
 0.73882733350406E+00
 0.75426101955982E+00
 0.76982633366725E+00
 0.78550716926123E+00
 0.80128611000129E+00
 0.81714461177498E+00
 0.83306239401558E+00
 0.84901823726341E+00
 0.86498973186876E+00
 0.88095338071331E+00
 0.89688485127160E+00
 0.91275941421770E+00
 0.92855246522463E+00
 0.94423958288474E+00
 0.95979812042067E+00
 0.97520571026018E+00
 0.99044230424742E+00
 0.10054898768474E+01
 0.10203328354082E+01
 0.10349581668005E+01
 0.10493555737543E+01
 0.10635174726469E+01
 0.10774389713935E+01
 0.10911177426078E+01
 0.11045539480588E+01
 0.11177498576818E+01
 0.11307098563438E+01
 0.11434400836418E+01
 0.11559482481712E+01
 0.11682434047689E+01
 0.11803356741737E+01
 0.11922360492822E+01
 0.12039560842426E+01
 0.12155077681695E+01
 0.12269032615466E+01
 0.12381546973988E+01
 0.12492740500626E+01
 0.12602729846845E+01
 0.12711627556290E+01
 0.12819541137364E+01
 0.12926572134591E+01
 0.13032815734174E+01
 0.13138360754035E+01
 0.13243289289426E+01
 0.13347676764278E+01
 0.13451592387868E+01
 0.13555098718254E+01
 0.13658252771826E+01
 0.13761105663571E+01
 0.13863703155570E+01
 0.13966086044568E+01
 0.14068290700299E+01
 0.14170349122719E+01
 0.14272289212709E+01
 0.14374135623698E+01
 0.14475909447366E+01
 0.14577628871964E+01
 0.14679309380517E+01
 0.14780963958267E+01
 0.14882603284834E+01
 0.14984236124393E+01
 0.15085869279017E+01
 0.15187507953349E+01
 0.15289155654907E+01
 0.15390814821338E+01
 0.15492486314873E+01
 0.15594170157746E+01
 0.15695865212946E+01
 0.15797569443876E+01
 0.15899280179457E+01
 0.16000993816701E+01
 0.16102706345103E+01
 0.16204412808342E+01
 0.16306108027363E+01
 0.16407786509425E+01
 0.16509441724066E+01
 0.16611067434663E+01
 0.16712656935393E+01
 0.16814202987994E+01
 0.16915698357554E+01
 0.17017135618339E+01
 0.17118507064884E+01
 0.17219804838347E+01
 0.17321021091696E+01
 0.17422147817012E+01
 0.17523176920520E+01
 0.17624100196614E+01
 0.17724909670894E+01
 0.17825597104557E+01
 0.17926154343564E+01
 0.18026573357800E+01
 0.18126845946800E+01
 0.18226964106248E+01
 0.18326919926329E+01
 0.18426705482071E+01
 0.18526312972269E+01
 0.18625734621336E+01
 0.18724962758403E+01
 0.18823989878867E+01
 0.18922808549723E+01
 0.19021411498179E+01
 0.19119791477537E+01
 0.19217941482559E+01
 0.19315854540869E+01
 0.19413523937999E+01
 0.19510942980985E+01
 0.19608105160225E+01
 0.19705004175679E+01
 0.19801633677677E+01
 0.19897987667801E+01
 0.19994060186583E+01
 0.20089845491488E+01
 0.20185337857234E+01
 0.20280531917682E+01
 0.20375422341164E+01
 0.20470003864841E+01
 0.20564271615760E+01
 0.20658220544137E+01
 0.20751846247895E+01
 0.20845143679230E+01
 0.20938108984381E+01
 0.21030737370396E+01
 0.21123025127871E+01
 0.21214968023015E+01
 0.21306562368763E+01
 0.21397804436504E+01
 0.21488690703261E+01
 0.21579217731040E+01
 0.21669382321070E+01
 0.21759181262749E+01
 0.21848611646152E+01
 0.21937670524181E+01
 0.22026355278600E+01
 0.22114663218114E+01
 0.22202591956253E+01
 0.22290139099704E+01
 0.22377302430635E+01
 0.22464079882087E+01
 0.22550469422017E+01
 0.22636469250381E+01
 0.22722077571501E+01
 0.22807292762553E+01
 0.22892113305229E+01
 0.22976537758652E+01
 0.23060564791913E+01
 0.23144193242813E+01
 0.23227421929329E+01
 0.23310249910146E+01
 0.23392676190256E+01
 0.23474699996268E+01
 0.23556320570788E+01
 0.23637537264689E+01
 0.23718349502429E+01
 0.23798756891148E+01
 0.23878759006421E+01
 0.23958355543714E+01
 0.24037546296335E+01
 0.24116331077363E+01
 0.24194709810343E+01
 0.24272682484353E+01
 0.24350249186997E+01
 0.24427410070338E+01
 0.24504165303513E+01
 0.24580515152190E+01
 0.24656459990222E+01
 0.24732000194981E+01
 0.24807136187666E+01
 0.24881868494023E+01
 0.24956197644612E+01
 0.25030124316174E+01
 0.25103649189841E+01
 0.25176773016052E+01
 0.25249496540656E+01
