 0.00000000000000E+00
 0.53942440171011E-22
-0.11952463393770E-20
-0.60415532991533E-20
-0.59944216783847E-20
 0.15832844532771E-19
 0.27054913518488E-10
-0.12048074126539E-09
 0.79694279245796E-11
-0.44357700099389E-10
-0.41503122274360E-10
-0.29474633081649E-10
-0.12471180129140E-10
 0.23874689057286E-10
-0.64682573450152E-09
-0.57615332408568E-09
 0.14705421264576E-08
 0.77823372291387E-08
 0.54762413752845E-07
 0.13842325547481E-06
 0.33242156025495E-06
 0.73083401234978E-06
 0.14923509128072E-05
 0.28749082263065E-05
 0.52499316394810E-05
 0.91496055568900E-05
 0.15295889817815E-04
 0.24633595450104E-04
 0.38366604561630E-04
 0.57976826596417E-04
 0.85259614195438E-04
 0.12228269685226E-03
 0.17146185900071E-03
 0.23550576613578E-03
 0.31740882548052E-03
 0.42044295663995E-03
 0.54811043050138E-03
 0.70412754288275E-03
 0.89237954763450E-03
 0.11168946657530E-02
 0.13817949996922E-02
 0.16912177075959E-02
 0.20494659129129E-02
 0.24607150768089E-02
 0.29291445368997E-02
 0.34588779060308E-02
 0.40539570166503E-02
 0.47183229738591E-02
 0.54558008961837E-02
 0.62700579106627E-02
 0.71646632917121E-02
 0.81430794548418E-02
 0.92071660917363E-02
 0.10364702064822E-01
 0.11614636486892E-01
 0.12956975856465E-01
 0.14398379548404E-01
 0.15943785045960E-01
 0.17595889591584E-01
 0.19354330878164E-01
 0.21218139794972E-01
 0.23188397649630E-01
 0.25268839812429E-01
 0.27463918829750E-01
 0.29777176446993E-01
 0.32208128667193E-01
 0.34755022609241E-01
 0.37423888768075E-01
 0.40212698786979E-01
 0.43124656689212E-01
 0.46160615718209E-01
 0.49321591270574E-01
 0.52609035676820E-01
 0.56024138670935E-01
 0.59568167493339E-01
 0.63242236514245E-01
 0.67047530729088E-01
 0.70984522584059E-01
 0.75055091788071E-01
 0.79262451987397E-01
 0.83605114349093E-01
 0.88083410455218E-01
 0.92699244305519E-01
 0.97455613044431E-01
 0.10235482460496E+00
 0.10739723782507E+00
 0.11258695178487E+00
 0.11792012714925E+00
 0.12340023966389E+00
 0.12902541448246E+00
 0.13480164498696E+00
 0.14072806047952E+00
 0.14680910479576E+00
 0.15304768705393E+00
 0.15944401184760E+00
 0.16599900725842E+00
 0.17270991461620E+00
 0.17958650809245E+00
 0.18662579134387E+00
 0.19382945783253E+00
 0.20119778132066E+00
 0.20873316663535E+00
 0.21643577123313E+00
 0.22430840098765E+00
 0.23235074149262E+00
 0.24056445760132E+00
 0.24894591172933E+00
 0.25749481603587E+00
 0.26620999782192E+00
 0.27508897306936E+00
 0.28412942062304E+00
 0.29332610953918E+00
 0.30267754720647E+00
 0.31218128714246E+00
 0.32182907350553E+00
 0.33161328329177E+00
 0.34152391083006E+00
 0.35155281061162E+00
 0.36168850125096E+00
 0.37192069075247E+00
 0.38223422104145E+00
 0.39261116248300E+00
 0.40303511291926E+00
 0.41348673784992E+00
 0.42394339662328E+00
 0.43437894666272E+00
 0.44476326615482E+00
 0.45506658359976E+00
 0.46525422446277E+00
 0.47528777477191E+00
 0.48512926880493E+00
 0.49473463261999E+00
 0.50405450429577E+00
 0.51303760817421E+00
 0.52163159819147E+00
 0.52978198052561E+00
 0.53743209457159E+00
 0.54452780818345E+00
 0.55102062058732E+00
 0.55686930121339E+00
 0.56204454690592E+00
 0.56651661598678E+00
 0.57027665330980E+00
 0.57332371574622E+00
 0.57566646885763E+00
 0.57732494756971E+00
 0.57832727433489E+00
 0.57870890648931E+00
 0.57851067220115E+00
 0.57777748334788E+00
 0.57655587896870E+00
 0.57489409792077E+00
 0.57284047610302E+00
 0.57044355933931E+00
 0.56774993745210E+00
 0.56480419879212E+00
 0.56164881380132E+00
 0.55832307244828E+00
 0.55486321675938E+00
 0.55130241721644E+00
 0.54766947965533E+00
 0.54398972465209E+00
 0.54028502464289E+00
 0.53657381603681E+00
 0.53287138523623E+00
 0.52919019221198E+00
 0.52553944340465E+00
 0.52192628496967E+00
 0.51835606368289E+00
 0.51483273100879E+00
 0.51135849088318E+00
 0.50793478610950E+00
 0.50456223301951E+00
 0.50124079557665E+00
 0.49796975088171E+00
 0.49474833825497E+00
 0.49157552882363E+00
 0.48845024701331E+00
 0.48537109282537E+00
 0.48233679680095E+00
 0.47934628688175E+00
 0.47639818898238E+00
 0.47349142929224E+00
 0.47062481389133E+00
 0.46779756270719E+00
 0.46500850529851E+00
 0.46225691904242E+00
 0.45954210256403E+00
 0.45686320156968E+00
 0.45421971697980E+00
 0.45161074012180E+00
 0.44903604941925E+00
 0.44649488762309E+00
 0.44398686797031E+00
 0.44151137169156E+00
 0.43906806850916E+00
 0.43665641295718E+00
 0.43427620509768E+00
 0.43192677124488E+00
 0.42960782837000E+00
 0.42731930759762E+00
 0.42506038447261E+00
 0.42283091535026E+00
 0.42063047843953E+00
 0.41845875210091E+00
 0.41631545192514E+00
 0.41420012067784E+00
 0.41211246796601E+00
 0.41005214125653E+00
 0.40801858724317E+00
 0.40601188092992E+00
 0.40403121134705E+00
 0.40207648805879E+00
 0.40014722195344E+00
 0.39824312184748E+00
 0.39636377157041E+00
 0.39450876986148E+00
 0.39267790665346E+00
 0.39087078121024E+00
 0.38908678033431E+00
 0.38732589611665E+00
 0.38558766948992E+00
 0.38387158482070E+00
 0.38217737755347E+00
 0.38050459554253E+00
 0.37885307377220E+00
 0.37722222632078E+00
 0.37561190943042E+00
 0.37402166370852E+00
 0.37245120124729E+00
 0.37090004337961E+00
 0.36936814352070E+00
 0.36785477278867E+00
 0.36635985715551E+00
 0.36488281908701E+00
 0.36342348167124E+00
 0.36198133310229E+00
 0.36055641100793E+00
 0.35914807455629E+00
 0.35775629229551E+00
 0.35638046002127E+00
 0.35502056235446E+00
 0.35367605795455E+00
 0.35234674073334E+00
 0.35103239549696E+00
 0.34973249687952E+00
 0.34844715147058E+00
 0.34717548331760E+00
 0.34591796109165E+00
 0.34467373222228E+00
 0.34344266757111E+00
 0.34222478523460E+00
 0.34101933812685E+00
 0.33982665983125E+00
 0.33864603317089E+00
 0.33747742890007E+00
 0.33632044389258E+00
 0.33517497188441E+00
 0.33404078074098E+00
 0.33291762610179E+00
 0.33180538046898E+00
 0.33070366555353E+00
 0.32961246005883E+00
 0.32853149451624E+00
 0.32746045254569E+00
 0.32639934235593E+00
 0.32534777661915E+00
 0.32430574425169E+00
 0.32327297194650E+00
 0.32224927856008E+00
 0.32123453523320E+00
 0.32022857951129E+00
 0.31923111244471E+00
 0.31824204233117E+00
 0.31726131550331E+00
 0.31628861787483E+00
 0.31532370123404E+00
 0.31436659800344E+00
 0.31341721417619E+00
 0.31247548941864E+00
 0.31154098105142E+00
 0.31061376190878E+00
 0.30969371062813E+00
 0.30878062658748E+00
 0.30787439502735E+00
 0.30697493191819E+00
 0.30608213819546E+00
 0.30519583338648E+00
 0.30431584947757E+00
 0.30344222029454E+00
 0.30257479965474E+00
 0.30171338804283E+00
 0.30085798208122E+00
 0.30000839923753E+00
 0.29916458868086E+00
 0.29832670104533E+00
 0.29749425915555E+00
 0.29666734699372E+00
 0.29584595625422E+00
 0.29502970378955E+00
