 0.00000000000000E+00
-0.50365821855325E-22
-0.97315289166485E-21
-0.67770467442676E-20
-0.27186239342674E-19
-0.78399265006652E-19
-0.12785306573406E-10
-0.73796294967352E-11
 0.10612823082495E-12
-0.79478150051240E-11
-0.20959280951879E-10
 0.35905621622617E-12
-0.15211780754223E-10
 0.20644143969501E-10
 0.90383383596952E-09
 0.78201099963532E-08
-0.24826044750680E-08
 0.24162333856307E-07
 0.53199077845806E-07
 0.13456345930501E-06
 0.33181074254378E-06
 0.72919233410352E-06
 0.14893299380564E-05
 0.28729312052528E-05
 0.52462508056030E-05
 0.91450226463802E-05
 0.15291387712925E-04
 0.24627227921230E-04
 0.38360318742098E-04
 0.57973115470380E-04
 0.85260861007991E-04
 0.12227857133398E-03
 0.17145781153074E-03
 0.23550326565920E-03
 0.31740802861489E-03
 0.42044558270084E-03
 0.54811860337811E-03
 0.70414462566452E-03
 0.89240537221252E-03
 0.11169380279684E-02
 0.13818658888255E-02
 0.16913284779939E-02
 0.20496402872527E-02
 0.24609854675744E-02
 0.29295568681565E-02
 0.34594980479701E-02
 0.40548737947771E-02
 0.47196575425929E-02
 0.54577155418779E-02
 0.62728450197145E-02
 0.71684512184797E-02
 0.81482449605938E-02
 0.92206742938382E-02
 0.10377699520497E-01
 0.11618813607235E-01
 0.12964005499606E-01
 0.14424161096680E-01
 0.15991200659690E-01
 0.17655878712687E-01
 0.19414183063285E-01
 0.21272689046663E-01
 0.23244404420204E-01
 0.25340504108173E-01
 0.27564278383699E-01
 0.29915215682870E-01
 0.32372929517007E-01
 0.34944294878082E-01
 0.37658148546302E-01
 0.40487657704950E-01
 0.43449853800338E-01
 0.46543595331069E-01
 0.49771043401414E-01
 0.53132834199885E-01
 0.56632446641272E-01
 0.60271857793043E-01
 0.64053226856241E-01
 0.67978689071889E-01
 0.72051259330728E-01
 0.76283771314745E-01
 0.80648708414113E-01
 0.85161649707371E-01
 0.89837280202500E-01
 0.94685261305307E-01
 0.99695142728570E-01
 0.10488281673166E+00
 0.11023030054812E+00
 0.11573879412671E+00
 0.12141659480145E+00
 0.12725134974189E+00
 0.13327497502988E+00
 0.13948912257307E+00
 0.14589507115627E+00
 0.15250520227933E+00
 0.15931275254762E+00
 0.16630642932564E+00
 0.17347971002786E+00
 0.18087427299387E+00
 0.18848864497301E+00
 0.19628306062178E+00
 0.20429730387696E+00
 0.21252573250387E+00
 0.22097762425576E+00
 0.22966250351998E+00
 0.23856647669161E+00
 0.24768950792050E+00
 0.25703011224941E+00
 0.26658143959474E+00
 0.27634690736786E+00
 0.28632433674232E+00
 0.29649804914081E+00
 0.30687967809549E+00
 0.31748641991510E+00
 0.32828774804583E+00
 0.33925983727351E+00
 0.35040801737733E+00
 0.36170478827390E+00
 0.37313315261511E+00
 0.38467367348658E+00
 0.39631696821802E+00
 0.40803725597591E+00
 0.41976517804012E+00
 0.43149399984773E+00
 0.44318383045384E+00
 0.45475928918407E+00
 0.46614865779609E+00
 0.47727067619081E+00
 0.48805959109419E+00
 0.49841480000694E+00
 0.50824624780902E+00
 0.51744399836333E+00
 0.52587260020950E+00
 0.53338432889064E+00
 0.53980040946091E+00
 0.54498499040392E+00
 0.54874644468216E+00
 0.55091201161753E+00
 0.55136090144053E+00
 0.55002539758643E+00
 0.54690074035609E+00
 0.54202692869274E+00
 0.53550595951627E+00
 0.52746170017109E+00
 0.51810621671947E+00
 0.50764708051943E+00
 0.49632267070978E+00
 0.48437081204197E+00
 0.47201773593379E+00
 0.45946644307473E+00
 0.44690461852296E+00
 0.43448696341674E+00
 0.42234322416631E+00
 0.41056875835324E+00
 0.39925935745995E+00
 0.38848340411147E+00
 0.37828911245595E+00
 0.36871014223138E+00
 0.35976284307737E+00
 0.35145419127129E+00
 0.34377065823262E+00
 0.33669500063377E+00
 0.33019435784417E+00
 0.32423135680167E+00
 0.31876515306083E+00
 0.31375535492419E+00
 0.30915613035934E+00
 0.30492089510834E+00
 0.30100326477558E+00
 0.29736199459353E+00
 0.29396611772954E+00
 0.29078290428817E+00
 0.28778298256580E+00
 0.28494388941003E+00
 0.28224209766632E+00
 0.27966482086369E+00
 0.27719395993112E+00
 0.27481826739602E+00
 0.27252979225901E+00
 0.27032104934957E+00
 0.26818267949088E+00
 0.26611073357518E+00
 0.26410241253190E+00
 0.26215113230546E+00
 0.26025533129601E+00
 0.25841381944826E+00
 0.25662421708298E+00
 0.25488327302622E+00
 0.25319098614515E+00
 0.25154506444401E+00
 0.24994256151747E+00
 0.24838383590521E+00
 0.24686837877060E+00
 0.24539298581921E+00
 0.24396051870937E+00
 0.24256825735752E+00
 0.24121567156911E+00
 0.23990267426614E+00
 0.23862756479238E+00
 0.23738917158847E+00
 0.23618561967211E+00
 0.23501818723396E+00
 0.23388630991641E+00
 0.23278615105879E+00
 0.23172128743517E+00
 0.23068795395549E+00
 0.22968452845106E+00
 0.22871229502369E+00
 0.22777079727484E+00
 0.22685640506629E+00
 0.22597020801106E+00
 0.22511232480747E+00
 0.22428217818651E+00
 0.22347602806481E+00
 0.22269579964559E+00
 0.22194235306545E+00
 0.22121153183117E+00
 0.22050378028982E+00
 0.21981933597539E+00
 0.21915679242860E+00
 0.21851541980721E+00
 0.21789599093215E+00
 0.21729735285961E+00
 0.21671715759973E+00
 0.21615472461981E+00
 0.21561119380754E+00
 0.21508706492237E+00
 0.21458048767419E+00
 0.21409156080637E+00
 0.21361647940090E+00
 0.21316062934548E+00
 0.21271978762249E+00
 0.21229360234124E+00
 0.21188195825497E+00
 0.21148187290642E+00
 0.21109645357712E+00
 0.21072214667745E+00
 0.21036332074039E+00
 0.21001477877383E+00
 0.20968084124399E+00
 0.20935633887409E+00
 0.20904642411072E+00
 0.20874578790010E+00
 0.20845488892284E+00
 0.20817513441950E+00
 0.20790212232252E+00
 0.20764174792626E+00
 0.20738599320058E+00
 0.20714584672005E+00
 0.20690783423937E+00
 0.20668232385751E+00
 0.20646177157914E+00
 0.20625171563226E+00
 0.20604580375928E+00
 0.20585049756257E+00
 0.20565907471708E+00
 0.20547449002684E+00
 0.20529411629682E+00
 0.20512139888709E+00
 0.20495529070049E+00
 0.20479595547381E+00
 0.20464172701395E+00
 0.20449405849893E+00
 0.20435117441571E+00
 0.20421252950872E+00
 0.20408028291242E+00
 0.20395072142987E+00
 0.20382813638796E+00
 0.20370747917724E+00
 0.20359240515373E+00
 0.20347985171883E+00
 0.20337138626909E+00
 0.20326545272831E+00
 0.20316542738542E+00
 0.20306471300573E+00
 0.20296961703301E+00
 0.20287529927243E+00
 0.20278758217627E+00
 0.20270169827014E+00
 0.20261822575180E+00
 0.20253954311669E+00
 0.20246595358030E+00
 0.20239222841220E+00
 0.20232044596071E+00
 0.20225245381785E+00
 0.20218388572250E+00
 0.20211801584160E+00
 0.20205546413399E+00
 0.20199531485999E+00
 0.20193627659450E+00
 0.20187689862161E+00
 0.20182064547634E+00
 0.20176795562966E+00
 0.20171418926549E+00
 0.20166219802455E+00
 0.20161264041247E+00
 0.20156340404982E+00
 0.20152160719796E+00
 0.20147942439169E+00
 0.20143672731002E+00
 0.20139391475868E+00
 0.20135097116074E+00
