 0.00000000000000E+00
-0.37818341206850E-24
 0.10769725446317E-21
 0.83531041266554E-21
 0.28026803279948E-20
 0.96064449974110E-22
-0.20224220672403E-10
 0.51808285223167E-10
-0.30370012597801E-11
 0.41115154360670E-10
 0.29276309198825E-10
 0.28644101684878E-10
 0.50661464829854E-11
-0.40058035089541E-10
 0.19967037928108E-08
 0.11977565136787E-07
 0.87500453714734E-09
 0.45970635786570E-07
 0.49102279519787E-07
 0.14940953740574E-06
 0.33772177980495E-06
 0.72459895004644E-06
 0.14945337494829E-05
 0.28731162554143E-05
 0.52510426440454E-05
 0.91536375030795E-05
 0.15296785619677E-04
 0.24631997572588E-04
 0.38370928888135E-04
 0.57977490188130E-04
 0.85265756496734E-04
 0.12228261900612E-03
 0.17147181849031E-03
 0.23552133314575E-03
 0.31742731079089E-03
 0.42046676024790E-03
 0.54815197225407E-03
 0.70418762823691E-03
 0.89246666464677E-03
 0.11170242180194E-02
 0.13820041165955E-02
 0.16915373304576E-02
 0.20499744219578E-02
 0.24615002137475E-02
 0.29303529573251E-02
 0.34606990202052E-02
 0.40566631781948E-02
 0.47222783123832E-02
 0.54614923848245E-02
 0.62781224504245E-02
 0.71758712426099E-02
 0.81584738210311E-02
 0.92851639509935E-02
 0.10379188730587E-01
 0.11569828894251E-01
 0.13001278281630E-01
 0.14566476286737E-01
 0.16163014296465E-01
 0.17751018826287E-01
 0.19407413932749E-01
 0.21250156128455E-01
 0.23326851535563E-01
 0.25574866960093E-01
 0.27892260910571E-01
 0.30194062504283E-01
 0.32637450983357E-01
 0.35368297652210E-01
 0.38085500194233E-01
 0.41041277513851E-01
 0.44105916508810E-01
 0.47314322232311E-01
 0.50677763290180E-01
 0.54194661591675E-01
 0.57868741962966E-01
 0.61700711345169E-01
 0.65699080693548E-01
 0.69866886177357E-01
 0.74257508373433E-01
 0.78853738657631E-01
 0.83431314725126E-01
 0.88227371529533E-01
 0.93365629625070E-01
 0.98843742285248E-01
 0.10446917945634E+00
 0.11026210466142E+00
 0.11619905337497E+00
 0.12214129760979E+00
 0.12843755909290E+00
 0.13496787483951E+00
 0.14202386241814E+00
 0.14926002941248E+00
 0.15685938700260E+00
 0.16464006153019E+00
 0.17250199934152E+00
 0.18063795391390E+00
 0.18907440844630E+00
 0.19837080661067E+00
 0.20740843192037E+00
 0.21681590972897E+00
 0.22658241314695E+00
 0.23683592223637E+00
 0.24746247692846E+00
 0.25859943729448E+00
 0.26992692758937E+00
 0.28155259007028E+00
 0.29333974517373E+00
 0.30549011187599E+00
 0.31807047084558E+00
 0.33102996860352E+00
 0.34441376360422E+00
 0.35818563537423E+00
 0.37269788828420E+00
 0.38739081943773E+00
 0.40200315808376E+00
 0.41677156377782E+00
 0.43184101365522E+00
 0.44741198019240E+00
 0.46321248038230E+00
 0.47918881047998E+00
 0.49484173418512E+00
 0.51028622345624E+00
 0.52570686561625E+00
 0.54070127535807E+00
 0.55482660829915E+00
 0.56775744702734E+00
 0.57934359072103E+00
 0.58952319637174E+00
 0.59786504560532E+00
 0.60391111424170E+00
 0.60737075323373E+00
 0.60709218160005E+00
 0.60235105632350E+00
 0.59275265306795E+00
 0.57794784440973E+00
 0.55722520528479E+00
 0.53032508358137E+00
 0.49765461032516E+00
 0.46032270490161E+00
 0.41939908391057E+00
 0.37606279529922E+00
 0.33114469163705E+00
 0.28698249984959E+00
 0.24442524681926E+00
 0.20453079545148E+00
 0.16836392013258E+00
 0.13633508773166E+00
 0.10860227391435E+00
 0.85121241751963E-01
 0.65655759172432E-01
 0.49824582046465E-01
 0.37452273727464E-01
 0.28266410215265E-01
 0.21894465211387E-01
 0.17895923926892E-01
 0.15962423773993E-01
 0.15823813774867E-01
 0.17166763693364E-01
 0.19717567136943E-01
 0.23196251645333E-01
 0.27210514924364E-01
 0.31587776841067E-01
 0.36147964744411E-01
 0.40691820176762E-01
 0.45017980487823E-01
 0.48983198593051E-01
 0.52428568754969E-01
 0.55456618555028E-01
 0.58105445725489E-01
 0.60336727606318E-01
 0.62122093644466E-01
 0.63547097287736E-01
 0.64629890609760E-01
 0.65427053191522E-01
 0.65915402850412E-01
 0.66224659214016E-01
 0.66347079492030E-01
 0.66313108808959E-01
 0.66114830620427E-01
 0.65828415427704E-01
 0.65459848788316E-01
 0.65008975920323E-01
 0.64524066078434E-01
 0.63991086018878E-01
 0.63454430875870E-01
 0.62866988717530E-01
 0.62334998226342E-01
 0.61792824305482E-01
 0.61222979612502E-01
 0.60650298303750E-01
 0.60081658085510E-01
 0.59553028598090E-01
 0.58960029927886E-01
 0.58399960579599E-01
 0.57834975043100E-01
 0.57302647445250E-01
 0.56775720250979E-01
 0.56305827714850E-01
 0.55792432457573E-01
 0.55343479596079E-01
 0.54908862382345E-01
 0.54402282410501E-01
 0.53985999786437E-01
 0.53582749872787E-01
 0.53200446472794E-01
 0.52820933654460E-01
 0.52428210457378E-01
 0.52071305696394E-01
 0.51708478717044E-01
 0.51343344379339E-01
 0.51067067059065E-01
 0.50695582956650E-01
 0.50410342699142E-01
 0.50094613497214E-01
 0.49813922361363E-01
 0.49536013605993E-01
 0.49273593003492E-01
 0.49054110537819E-01
 0.48809755323828E-01
 0.48536467302692E-01
 0.48374167752803E-01
 0.48150109568141E-01
 0.47904998038410E-01
 0.47703597477529E-01
 0.47510628061319E-01
 0.47385600356648E-01
 0.47195376617999E-01
 0.47093843823616E-01
 0.46886043329844E-01
 0.46733156789545E-01
 0.46578526193752E-01
 0.46454516182921E-01
 0.46238748971735E-01
 0.46095574438565E-01
 0.45924297095728E-01
 0.45794794240813E-01
 0.45685632365128E-01
 0.45642225510465E-01
 0.45527968308540E-01
 0.45472284221023E-01
 0.45339001209723E-01
 0.45289389589847E-01
 0.45171486529541E-01
 0.45116383426274E-01
 0.45033520072639E-01
 0.44905656710405E-01
 0.44849683925774E-01
 0.44679178817354E-01
 0.44715540857546E-01
 0.44551488086241E-01
 0.44495746428806E-01
 0.44482009173848E-01
 0.44382158863707E-01
 0.44369608227922E-01
 0.44190768169984E-01
 0.44112169211526E-01
 0.44013577306137E-01
 0.43991878593865E-01
 0.43939555653641E-01
 0.43918719489933E-01
 0.43911739474960E-01
 0.43855151398900E-01
 0.43859132159332E-01
 0.43818032075552E-01
 0.43715029147259E-01
 0.43732222740306E-01
 0.43635037498110E-01
 0.43632684383722E-01
 0.43529589621168E-01
 0.43457671603989E-01
 0.43349112307319E-01
 0.43240228252886E-01
 0.43047830952004E-01
 0.42978690769077E-01
 0.42919373999253E-01
 0.42768607257083E-01
 0.42683161755547E-01
 0.42745844565095E-01
 0.42802840836914E-01
 0.42770720246469E-01
 0.42591618158077E-01
 0.42632317166292E-01
 0.42611057738525E-01
 0.42512148724374E-01
 0.42471302867205E-01
 0.42428662886898E-01
 0.42384488869628E-01
 0.42261045112362E-01
 0.42161997384465E-01
 0.42161140073126E-01
 0.42092000142521E-01
 0.41968142518128E-01
 0.41940712710536E-01
 0.41912478366009E-01
 0.41886691001176E-01
 0.41915069671833E-01
 0.41665925638865E-01
 0.41560154481340E-01
 0.41463165372790E-01
 0.41300687985173E-01
 0.41332379320440E-01
