 0.00000000000000E+00
 0.16341041386588E-23
 0.68558496133869E-22
 0.88529394679269E-21
 0.56557944922260E-20
 0.22061200936555E-19
 0.23558097572475E-11
 0.86667737163749E-11
 0.58989797183621E-13
 0.11350148562085E-10
 0.86869334759190E-11
 0.11024888998058E-10
 0.11313797421620E-10
-0.12915300202736E-10
-0.27516844155322E-08
-0.13332537199156E-07
 0.25506038378814E-07
 0.13883382381537E-07
 0.62888890053759E-07
 0.15735505984455E-06
 0.34105360089003E-06
 0.73995990286521E-06
 0.15141719544482E-05
 0.28986349489156E-05
 0.52889589818418E-05
 0.92058981764883E-05
 0.15363167264215E-04
 0.24727558810645E-04
 0.38475094310427E-04
 0.58096986690672E-04
 0.85378572092547E-04
 0.12246935599167E-03
 0.17168386837746E-03
 0.23576488145028E-03
 0.31771207626375E-03
 0.42078784850160E-03
 0.54850288583875E-03
 0.70456056526361E-03
 0.89293316958478E-03
 0.11175658396307E-02
 0.13826516282426E-02
 0.16923883984752E-02
 0.20510819558967E-02
 0.24630056917463E-02
 0.29324447068305E-02
 0.34636177359961E-02
 0.40607923999099E-02
 0.47281159040549E-02
 0.54696773461079E-02
 0.62886721095332E-02
 0.71908679320209E-02
 0.81808162442416E-02
 0.91240053793110E-02
 0.10238165065667E-01
 0.11839311725394E-01
 0.13492125876659E-01
 0.14770164850857E-01
 0.15959161806625E-01
 0.17390701014216E-01
 0.19297868375680E-01
 0.21615390042699E-01
 0.24049521097573E-01
 0.26325406712396E-01
 0.28406162907356E-01
 0.30422016908015E-01
 0.33167360578680E-01
 0.36364781680981E-01
 0.38877578097582E-01
 0.42163873494845E-01
 0.45438967969903E-01
 0.48888741659159E-01
 0.52506562290014E-01
 0.56352308894679E-01
 0.60387200219142E-01
 0.64628473015371E-01
 0.69081598835844E-01
 0.73756029706799E-01
 0.78707848721292E-01
 0.82967638749037E-01
 0.88717787967483E-01
 0.95305042480274E-01
 0.10199180778371E+00
 0.10820841613941E+00
 0.11456182680298E+00
 0.12047256366135E+00
 0.12703229953098E+00
 0.13438947776094E+00
 0.14246808568366E+00
 0.15222300294047E+00
 0.16168648486525E+00
 0.17124377482109E+00
 0.18095181444350E+00
 0.19026489978042E+00
 0.19994702935938E+00
 0.21114730632853E+00
 0.22472425280893E+00
 0.23648510606673E+00
 0.24749442304770E+00
 0.26242907108512E+00
 0.27736066909607E+00
 0.29336063488746E+00
 0.30931358560652E+00
 0.32489148752256E+00
 0.34108531222682E+00
 0.35802434373599E+00
 0.37568021592697E+00
 0.39507852959776E+00
 0.41564556791236E+00
 0.43723361640380E+00
 0.46102840437909E+00
 0.48604171453609E+00
 0.50833404086974E+00
 0.53109791556994E+00
 0.55627395602543E+00
 0.58164481197113E+00
 0.60826014548523E+00
 0.63576274680211E+00
 0.66382263391315E+00
 0.68987727111031E+00
 0.71301733501820E+00
 0.73874700829209E+00
 0.76103363291660E+00
 0.77784356784847E+00
 0.79093169476771E+00
 0.80043161002634E+00
 0.80707687398932E+00
 0.80679008717361E+00
 0.79760735140923E+00
 0.77479981700474E+00
 0.73281451442746E+00
 0.66851613009513E+00
 0.57926551636827E+00
 0.46596160850747E+00
 0.32360715468586E+00
 0.15996492852968E+00
-0.14167521608858E-01
-0.18907053386180E+00
-0.35496717953252E+00
-0.50494568289444E+00
-0.63124478758132E+00
-0.72858832095978E+00
-0.79196034054766E+00
-0.82392973382896E+00
-0.82500198533014E+00
-0.80127620412751E+00
-0.75922943062052E+00
-0.70488863970504E+00
-0.64256901727068E+00
-0.57757212661666E+00
-0.51260871195559E+00
-0.44900772876807E+00
-0.38550577217758E+00
-0.32517718263307E+00
-0.26881767091488E+00
-0.21644922793152E+00
-0.16858097010660E+00
-0.12521350794171E+00
-0.87527634997627E-01
-0.55062061504262E-01
-0.28398517810754E-01
-0.67618904906762E-02
 0.10131115879051E-01
 0.22638485507802E-01
 0.29979338494731E-01
 0.33154156236084E-01
 0.33311986999726E-01
 0.32211926749791E-01
 0.30783801332275E-01
 0.27882175266832E-01
 0.24198374799965E-01
 0.20556028316708E-01
 0.16777029954296E-01
 0.13695677476522E-01
 0.10212280809562E-01
 0.74591893777187E-02
 0.52473711831159E-02
 0.30441780548982E-02
 0.86350417962493E-03
-0.75415890526716E-03
-0.20860612313380E-02
-0.35991846784121E-02
-0.44880472607824E-02
-0.52020596204766E-02
-0.61298542840139E-02
-0.71450558465353E-02
-0.78521679312740E-02
-0.86234159833271E-02
-0.93227561762828E-02
-0.93745133125161E-02
-0.92238852885860E-02
-0.92051545969303E-02
-0.84720913424319E-02
-0.83412534301447E-02
-0.81959156630780E-02
-0.80945100971200E-02
-0.81478509667326E-02
-0.82823405651534E-02
-0.81419400932772E-02
-0.78243219672372E-02
-0.73939526407952E-02
-0.74477543864709E-02
-0.69712712876471E-02
-0.70129474059747E-02
-0.69472344785116E-02
-0.64202731727023E-02
-0.62205865160064E-02
-0.62597794826066E-02
-0.57057350245214E-02
-0.49795979801422E-02
-0.46060640656583E-02
-0.45298458868148E-02
-0.36455301845656E-02
-0.29568890609302E-02
-0.29249662171382E-02
-0.25399004850274E-02
-0.19465367493076E-02
-0.15181464455722E-02
-0.11478410031218E-02
-0.42916244588948E-03
-0.21415303568788E-05
-0.39746047161767E-03
 0.11487617754205E-03
 0.13503710358361E-02
 0.20885595923306E-02
 0.24629940456022E-02
 0.27656867666983E-02
 0.27990499763983E-02
 0.36558431599718E-02
 0.34771993777855E-02
 0.33879641499299E-02
 0.33925960012419E-02
 0.32199443369908E-02
 0.43998790136517E-02
 0.49717224835819E-02
 0.63501251703493E-02
 0.66158604669600E-02
 0.76807976259110E-02
 0.75836152435055E-02
 0.84378275493222E-02
 0.77387974560964E-02
 0.75071517760742E-02
 0.75416605136066E-02
 0.73976684326597E-02
 0.85130222997560E-02
 0.81518332998848E-02
 0.93936829197098E-02
 0.79709381032084E-02
 0.92412399233081E-02
 0.90786324786614E-02
 0.97722127322501E-02
 0.91817639938383E-02
 0.10100953364264E-01
 0.86906764879053E-02
 0.92050595365244E-02
 0.98221731535911E-02
 0.11732690238514E-01
 0.12938973156202E-01
 0.13715759803784E-01
 0.13975917772903E-01
 0.14236593134485E-01
 0.14015783653148E-01
 0.13714257549073E-01
 0.13983143718626E-01
 0.13461455155265E-01
 0.13882136229726E-01
 0.12922210332309E-01
 0.13213275319508E-01
 0.12467694995606E-01
 0.12806350283734E-01
 0.12817881183299E-01
 0.13987215006644E-01
 0.13190781615571E-01
 0.15532922722845E-01
 0.16426562132495E-01
 0.18840652795252E-01
 0.18769499736997E-01
 0.19463567214365E-01
 0.20782398544811E-01
 0.20531725726499E-01
 0.18745414239003E-01
 0.18939564520625E-01
 0.19004203783531E-01
 0.17657888261927E-01
 0.18297536340584E-01
 0.18794311049973E-01
 0.18590943710761E-01
 0.17596497687978E-01
 0.17474170299214E-01
 0.19293626283600E-01
 0.19362157265177E-01
 0.18067671275141E-01
 0.19347605668490E-01
 0.20506827849061E-01
 0.21208027209707E-01
 0.22468593541503E-01
 0.19098005635476E-01
 0.17200355382462E-01
 0.16817922530507E-01
 0.17246277789320E-01
 0.18616806491476E-01
