-0.49104138625769E+01
-0.49104136961578E+01
-0.49104121104128E+01
-0.49104061372920E+01
-0.49103913730731E+01
-0.49103623077625E+01
-0.49103126848766E+01
-0.49102370080243E+01
-0.49101349896371E+01
-0.49100196059644E+01
-0.49099268756190E+01
-0.49099239398299E+01
-0.49101126332852E+01
-0.49106275754244E+01
-0.49116295397961E+01
-0.49132958277812E+01
-0.49158093967995E+01
-0.49193484711601E+01
-0.49240773558172E+01
-0.49301399566763E+01
-0.49376541655020E+01
-0.49467097213721E+01
-0.49573661031192E+01
-0.49696533178215E+01
-0.49835733915572E+01
-0.49991022694963E+01
-0.50161925939772E+01
-0.50347767377590E+01
-0.50547697039448E+01
-0.50760724113766E+01
-0.50985746893572E+01
-0.51221580838419E+01
-0.51466983591629E+01
-0.51720679992684E+01
-0.51981382599516E+01
-0.52247810291649E+01
-0.52518702511848E+01
-0.52792834246579E+01
-0.53069026121555E+01
-0.53346151319284E+01
-0.53623150933153E+01
-0.53899028725839E+01
-0.54172860309210E+01
-0.54443793720349E+01
-0.54711051228900E+01
-0.54973929622072E+01
-0.55231799598131E+01
-0.55484104472395E+01
-0.55730358447999E+01
-0.55970144599060E+01
-0.56203111948731E+01
-0.56428972466786E+01
-0.56647498818752E+01
-0.56858520969291E+01
-0.57061923093634E+01
-0.57257640537426E+01
-0.57445656722951E+01
-0.57626000101228E+01
-0.57798741287135E+01
-0.57963990147783E+01
-0.58121928953400E+01
-0.58272674111909E+01
-0.58416467563198E+01
-0.58553550882814E+01
-0.58684192800226E+01
-0.58808686961713E+01
-0.58927350176346E+01
-0.59040520514966E+01
-0.59148555845148E+01
-0.59251832095267E+01
-0.59350741990156E+01
-0.59445693621050E+01
-0.59537109509221E+01
-0.59625425014420E+01
-0.59711087913288E+01
-0.59794557399193E+01
-0.59876303553633E+01
-0.59956805494039E+01
-0.60036552637657E+01
-0.60116040699410E+01
-0.60195777578605E+01
-0.60276277868298E+01
-0.60358063572441E+01
-0.60441664844936E+01
-0.60527616646298E+01
-0.60616463012974E+01
-0.60708753845509E+01
-0.60805044399967E+01
-0.60905954634753E+01
-0.61011952369964E+01
-0.61123659866032E+01
-0.61241660716967E+01
-0.61366547347368E+01
-0.61498899971350E+01
-0.61639316037874E+01
-0.61788404198424E+01
-0.61946763981244E+01
-0.62114999116291E+01
-0.62293711201559E+01
-0.62483501355528E+01
-0.62684966143380E+01
-0.62898694040704E+01
-0.63125259926467E+01
-0.63365218346004E+01
-0.63619116935779E+01
-0.63887455476106E+01
-0.64170711691081E+01
-0.64469310002882E+01
-0.64783617371518E+01
-0.65114015733307E+01
-0.65460577728852E+01
-0.65823483405809E+01
-0.66202721094983E+01
-0.66598134057251E+01
-0.67009383885958E+01
-0.67435928946837E+01
-0.67877003604125E+01
-0.68331517860246E+01
-0.68798103156789E+01
-0.69274972402894E+01
-0.69759925362473E+01
-0.70250264856218E+01
-0.70742743374729E+01
-0.71233504186067E+01
-0.71717993354848E+01
-0.72190962526649E+01
-0.72646390697769E+01
-0.73077488548582E+01
-0.73476746371491E+01
-0.73835849801202E+01
-0.74146039128346E+01
-0.74398174724768E+01
-0.74583085996312E+01
-0.74691840689901E+01
-0.74716304291441E+01
-0.74649518660475E+01
-0.74486258625898E+01
-0.74223420968180E+01
-0.73860418135411E+01
-0.73399428099671E+01
-0.72845402898973E+01
-0.72206136276770E+01
-0.71492101035268E+01
-0.70716006999221E+01
-0.69892436703158E+01
-0.69037104118618E+01
-0.68166061520823E+01
-0.67294801408898E+01
-0.66437434920889E+01
-0.65605937666031E+01
-0.64809635254522E+01
-0.64054915369193E+01
-0.63345206909205E+01
-0.62681102533646E+01
-0.62060783472826E+01
-0.61480505544002E+01
-0.60935112929213E+01
-0.60418642797312E+01
-0.59924723901945E+01
-0.59447104532855E+01
-0.58979933425899E+01
-0.58518027187069E+01
-0.58056995598945E+01
-0.57593302873876E+01
-0.57124271491335E+01
-0.56648020194046E+01
-0.56163407863201E+01
-0.55669861419038E+01
-0.55167374441441E+01
-0.54656314531288E+01
-0.54137349597909E+01
-0.53611360745065E+01
-0.53079371618124E+01
-0.52542472416790E+01
-0.52001786158506E+01
-0.51458398634768E+01
-0.50913384979410E+01
-0.50367748716562E+01
-0.49822390816420E+01
-0.49278167664646E+01
-0.48735830055248E+01
-0.48196048710553E+01
-0.47659396204846E+01
-0.47126398457992E+01
-0.46597475356218E+01
-0.46072993189071E+01
-0.45553256197417E+01
-0.45038508627699E+01
-0.44528966832345E+01
-0.44024784544589E+01
-0.43526081648797E+01
-0.43032964969918E+01
-0.42545455803523E+01
-0.42063627899765E+01
-0.41587479760959E+01
-0.41117029622491E+01
-0.40652255478796E+01
-0.40193113880846E+01
-0.39739604467139E+01
-0.39291671448398E+01
-0.38849275813468E+01
-0.38412345620865E+01
-0.37980850132155E+01
-0.37554717489487E+01
-0.37133889645083E+01
-0.36718325426871E+01
-0.36307931879979E+01
-0.35902665990244E+01
-0.35502475340322E+01
-0.35107301726236E+01
-0.34717057812352E+01
-0.34331709823776E+01
-0.33951201554951E+01
-0.33575468353413E+01
-0.33204460664110E+01
-0.32838107092233E+01
-0.32476370465002E+01
-0.32119203267342E+01
-0.31766546731468E+01
-0.31418346084721E+01
-0.31074559197577E+01
-0.30735132509800E+01
-0.30400009665250E+01
-0.30069156167132E+01
-0.29742520388625E+01
-0.29420056062879E+01
-0.29101717219133E+01
-0.28787454889240E+01
-0.28477230091610E+01
-0.28170995690754E+01
-0.27868707209038E+01
-0.27570320811752E+01
-0.27275792498955E+01
-0.26985078343984E+01
-0.26698141091223E+01
-0.26414921548730E+01
-0.26135389749418E+01
-0.25859501596783E+01
-0.25587214176994E+01
-0.25318484238417E+01
-0.25053269894021E+01
-0.24791529581844E+01
-0.24533220839214E+01
-0.24278302246165E+01
-0.24026732419118E+01
-0.23778468847447E+01
-0.23533473716483E+01
-0.23291701687869E+01
-0.23053114499316E+01
-0.22817671989324E+01
-0.22585332728621E+01
-0.22356056110348E+01
-0.22129803455787E+01
-0.21906534175343E+01
-0.21686209644570E+01
-0.21468790767444E+01
-0.21254237645599E+01
-0.21042510726610E+01
-0.20833573447005E+01
-0.20627386802126E+01
-0.20423913759510E+01
-0.20223116131487E+01
-0.20024956780838E+01
-0.19829398777173E+01
-0.19636405645542E+01
-0.19445941174968E+01
-0.19257969267690E+01
-0.19072454769590E+01
-0.18889362282690E+01
-0.18708656929700E+01
-0.18530304238382E+01
-0.18354270108719E+01
-0.18180520807432E+01
-0.18009022960496E+01
-0.17839743615336E+01
-0.17672650181628E+01
-0.17507710454503E+01
-0.17344892610481E+01
-0.17184165219904E+01
-0.17025497246268E+01
-0.16868858040681E+01
-0.16714217344606E+01
-0.16561545459667E+01
-0.16410812881461E+01
-0.16261990393264E+01
-0.16115049317088E+01
-0.15969961365845E+01
-0.15826698640076E+01
-0.15685233632742E+01
-0.15545539226208E+01
-0.15407588687476E+01
-0.15271355668911E+01
-0.15136814202470E+01
-0.15003938456758E+01
-0.14872703868122E+01
-0.14743084886694E+01
-0.14615057391736E+01
-0.14488597291285E+01
-0.14363680859295E+01
-0.14240284734009E+01
