 0.11128825829539+252
 0.33359894098696+121
 0.10362940912810E+78
 0.18264676755879E+56
 0.16191571578923E+43
 0.32191396678450E+34
 0.19604097856333E+28
 0.42736729687283E+23
 0.10119373302781E+20
 0.12724300710814E+17
 0.53886389416979E+14
 0.56734387305185E+12
 0.12035363154363E+11
 0.44270971520642E+09
 0.25293717047834E+08
 0.20667076148900E+07
 0.25561958027452E+09
 0.35844899902729E+08
 0.30658742834414E+08
 0.12249814014975E+08
 0.52618979669224E+07
 0.24376625193978E+07
 0.12061906883317E+07
 0.63233892865295E+06
 0.34883760378389E+06
 0.20134119853093E+06
 0.12098758951507E+06
 0.75372576109776E+05
 0.48502920761852E+05
 0.32138914413975E+05
 0.21867749991007E+05
 0.15241793481515E+05
 0.10859422263162E+05
 0.78940132915022E+04
 0.58450270863622E+04
 0.44017729393584E+04
 0.33670226761057E+04
 0.26129204348064E+04
 0.20549616810793E+04
 0.16362911516764E+04
 0.13180101703825E+04
 0.10730871591540E+04
 0.88246587340439E+03
 0.73252748641001E+03
 0.61341326017514E+03
 0.51790308275653E+03
 0.44064862714395E+03
 0.37764581645503E+03
 0.32586738031868E+03
 0.28300296127513E+03
 0.24727357687238E+03
 0.21729797081064E+03
 0.19199500380026E+03
 0.17051200328499E+03
 0.15217170350650E+03
 0.13643259061065E+03
 0.12285878489793E+03
 0.11109719347442E+03
 0.10086024286372E+03
 0.91912327161937E+02
 0.84084235297389E+02
 0.77164681507600E+02
 0.71045949881043E+02
 0.65616315650571E+02
 0.60781976267737E+02
 0.56463806357085E+02
 0.52594827193409E+02
 0.49118095933607E+02
 0.45985032615106E+02
 0.43154024434524E+02
 0.40589298150543E+02
 0.38260006445893E+02
 0.36139455005686E+02
 0.34204489948804E+02
 0.32434923907294E+02
 0.30813134420498E+02
 0.29323704484811E+02
 0.27953062056302E+02
 0.26689293170603E+02
 0.25521859181719E+02
 0.24441430632127E+02
 0.23439725679293E+02
 0.22509388417326E+02
 0.21643847125275E+02
 0.20837229946645E+02
 0.20084278616170E+02
 0.19380277081538E+02
 0.18720969759237E+02
 0.18103039867778E+02
 0.17522035149878E+02
 0.16975289862392E+02
 0.16459937586653E+02
 0.15973391364817E+02
 0.15513287799043E+02
 0.15077442109896E+02
 0.14663888540446E+02
 0.14270798435137E+02
 0.13896491549587E+02
 0.13539407608816E+02
 0.13198115166317E+02
 0.12871283364667E+02
 0.12557676110562E+02
 0.12256136086980E+02
 0.11965581830902E+02
 0.11685011909050E+02
 0.11413476839362E+02
 0.11150090431104E+02
 0.10894005102618E+02
 0.10644441833661E+02
 0.10400766489029E+02
 0.10162065420627E+02
 0.99277820097987E+01
 0.96972919417639E+01
 0.94700132102404E+01
 0.92453958520257E+01
 0.90229325433426E+01
 0.88021497584581E+01
 0.85826101483323E+01
 0.83639231528675E+01
 0.81457345618178E+01
 0.79277331541634E+01
 0.77096562877818E+01
 0.74912903769850E+01
 0.72724707316520E+01
 0.70530900657941E+01
 0.68330961347153E+01
 0.66125049022579E+01
 0.63913874632433E+01
 0.61699151481587E+01
 0.59482642661301E+01
 0.57267416214929E+01
 0.55057053614311E+01
 0.52856263300442E+01
 0.50670185660764E+01
 0.48504949635335E+01
 0.46367069338202E+01
 0.44263789584652E+01
 0.42202657578938E+01
 0.40191445769671E+01
 0.38237835078152E+01
 0.36349132468417E+01
 0.34532231015639E+01
 0.32792840574937E+01
 0.31136025308840E+01
 0.29565321376733E+01
 0.28083069349373E+01
 0.26690187756467E+01
 0.25386477183723E+01
 0.24170517142404E+01
 0.23039894302975E+01
 0.21991416356070E+01
 0.21021223698337E+01
 0.20125035994124E+01
 0.19298396925964E+01
 0.18536635410448E+01
 0.17835120977962E+01
 0.17189315460158E+01
 0.16594800117250E+01
 0.16047450205907E+01
 0.15543343591434E+01
 0.15078819214465E+01
 0.14650482792202E+01
 0.14255213123131E+01
 0.13890146761134E+01
 0.13552666589897E+01
 0.13240391216572E+01
 0.12951146888361E+01
 0.12682992110783E+01
 0.12434134739939E+01
 0.12202961314731E+01
 0.11988014758138E+01
 0.11787974222526E+01
 0.11601642982246E+01
 0.11427937383095E+01
 0.11265874673802E+01
 0.11114562069328E+01
 0.10973187718562E+01
 0.10841012536973E+01
 0.10717365474691E+01
 0.10601631115380E+01
 0.10493249498183E+01
 0.10391706075866E+01
 0.10296531587174E+01
 0.10207294941669E+01
 0.10123598852764E+01
 0.10045079059924E+01
 0.99713998303851E+00
 0.99022508811660E+00
 0.98373460671682E+00
 0.97764204505216E+00
 0.97192294916004E+00
 0.96655452459573E+00
 0.96151572713041E+00
 0.95678689234624E+00
 0.95234985923399E+00
 0.94818761828628E+00
 0.94428431914169E+00
 0.94062523721362E+00
 0.93719661385802E+00
 0.93398549221768E+00
 0.93097986988606E+00
 0.92816843993378E+00
 0.92554060116183E+00
 0.92308646092076E+00
 0.92079671554326E+00
 0.91866258560174E+00
 0.91667587065846E+00
 0.91482881378195E+00
 0.91311415086652E+00
 0.91152502427390E+00
 0.91005496858881E+00
 0.90869786025002E+00
 0.90744799027844E+00
 0.90629989538274E+00
 0.90524844255081E+00
 0.90428879217923E+00
 0.90341635013305E+00
 0.90262679203792E+00
 0.90191598749798E+00
 0.90128004938720E+00
 0.90071528874797E+00
 0.90021820741536E+00
 0.89978549491609E+00
 0.89941399875515E+00
 0.89910072921634E+00
 0.89884284934937E+00
 0.89863766639462E+00
 0.89848261935755E+00
 0.89837528016413E+00
 0.89831331890955E+00
 0.89829454045204E+00
 0.89831683944700E+00
 0.89837823015169E+00
 0.89847680230939E+00
 0.89861075291857E+00
 0.89877834920232E+00
 0.89897795163168E+00
 0.89920799344012E+00
 0.89946697634306E+00
 0.89975348026055E+00
 0.90006613499345E+00
 0.90040364653314E+00
 0.90076478099514E+00
 0.90114834221659E+00
 0.90155321042289E+00
 0.90197829488364E+00
 0.90242257584498E+00
 0.90288505802901E+00
 0.90336480089423E+00
 0.90386090781180E+00
 0.90437251907839E+00
 0.90489880830240E+00
 0.90543898707089E+00
 0.90599230421276E+00
 0.90655804164408E+00
 0.90713550905440E+00
 0.90772404433839E+00
 0.90832302002000E+00
 0.90893182722046E+00
 0.90954989416659E+00
 0.91017666152160E+00
 0.91081160419151E+00
 0.91145421238256E+00
 0.91210400195811E+00
 0.91276050776168E+00
 0.91342328438164E+00
 0.91409190548917E+00
 0.91476596069032E+00
 0.91544506087979E+00
 0.91612883109783E+00
 0.91681691238330E+00
 0.91750896115241E+00
 0.91820464756642E+00
 0.91890365598967E+00
 0.91960568451924E+00
 0.92031044402868E+00
 0.92101765732839E+00
 0.92172705891342E+00
 0.92243839450952E+00
 0.92315142089937E+00
 0.92386590449103E+00
 0.92458162200277E+00
 0.92529835949075E+00
 0.92601591245663E+00
 0.92673408537544E+00
 0.92745269049289E+00
 0.92817154838429E+00
 0.92889048738778E+00
 0.92960934335362E+00
 0.93032795885889E+00
 0.93104618371743E+00
 0.93176387414862E+00
 0.93248089252081E+00
 0.93319710737731E+00
 0.93391239325614E+00
 0.93462663001536E+00
 0.93533970292259E+00
 0.93605150260493E+00
 0.93676192450976E+00
 0.93747086878835E+00
