 0.10782480364319E+03
 0.10782480364315E+03
 0.10782480364289E+03
 0.10782480364512E+03
 0.10782480366679E+03
 0.10782480375331E+03
 0.10782480398373E+03
 0.10782480443864E+03
 0.10782480506234E+03
 0.10782480533054E+03
 0.10782480368292E+03
 0.10782479677399E+03
 0.10782477866466E+03
 0.10782474009214E+03
 0.10782466792369E+03
 0.10782454476872E+03
 0.10782434913104E+03
 0.10782405544590E+03
 0.10782363454154E+03
 0.10782305372219E+03
 0.10782227762188E+03
 0.10782126907250E+03
 0.10781998927762E+03
 0.10781839821021E+03
 0.10781645558165E+03
 0.10781412070480E+03
 0.10781135293365E+03
 0.10780811163815E+03
 0.10780435626999E+03
 0.10780004616087E+03
 0.10779514026171E+03
 0.10778959686293E+03
 0.10778337328345E+03
 0.10777642532210E+03
 0.10776870683423E+03
 0.10776016929498E+03
 0.10775076169003E+03
 0.10774042963490E+03
 0.10772911519763E+03
 0.10771675666344E+03
 0.10770328762785E+03
 0.10768863739582E+03
 0.10767273042091E+03
 0.10765548609419E+03
 0.10763681852534E+03
 0.10761663633582E+03
 0.10759484248937E+03
 0.10757133413837E+03
 0.10754600246024E+03
 0.10751873250940E+03
 0.10748940304337E+03
 0.10745788650325E+03
 0.10742404875014E+03
 0.10738774897771E+03
 0.10734883957400E+03
 0.10730716594839E+03
 0.10726256640215E+03
 0.10721487201338E+03
 0.10716390643392E+03
 0.10710948578120E+03
 0.10705139414234E+03
 0.10698947544942E+03
 0.10692350204849E+03
 0.10685325803513E+03
 0.10677851906162E+03
 0.10669905228051E+03
 0.10661461605083E+03
 0.10652495983049E+03
 0.10642982387043E+03
 0.10632893912574E+03
 0.10622202698533E+03
 0.10610879908897E+03
 0.10598895693850E+03
 0.10586219206310E+03
 0.10572818551803E+03
 0.10558660757831E+03
 0.10543711735621E+03
 0.10527936323913E+03
 0.10511298135073E+03
 0.10493759637426E+03
 0.10475282057399E+03
 0.10455825403921E+03
 0.10435348338439E+03
 0.10413808269134E+03
 0.10391161222034E+03
 0.10367361842611E+03
 0.10342363225365E+03
 0.10316117150615E+03
 0.10288569288478E+03
 0.10259676326884E+03
 0.10229381581981E+03
 0.10197630581165E+03
 0.10164366933719E+03
 0.10129532573577E+03
 0.10093068240479E+03
 0.10054911867730E+03
 0.10015000370175E+03
 0.99732686726694E+02
 0.99296501670493E+02
 0.98840761844745E+02
 0.98364762966907E+02
 0.97867782918694E+02
 0.97349084321300E+02
 0.96807915968891E+02
 0.96243501557428E+02
 0.95655060877264E+02
 0.95041790876737E+02
 0.94402893340981E+02
 0.93737540110762E+02
 0.93044835388342E+02
 0.92324078306593E+02
 0.91574373664101E+02
 0.90794891421921E+02
 0.89984802997587E+02
 0.89143295739080E+02
 0.88269565454205E+02
 0.87362829145641E+02
 0.86422343911024E+02
 0.85447378053740E+02
 0.84437262038821E+02
 0.83391370270532E+02
 0.82309140183505E+02
 0.81190081321738E+02
 0.80033789465811E+02
 0.78839971264972E+02
 0.77608454799917E+02
 0.76339204792864E+02
 0.75032365475706E+02
 0.73688206313441E+02
 0.72307437959842E+02
 0.70890869879064E+02
 0.69439684066645E+02
 0.67955386429860E+02
 0.66439968874687E+02
 0.64895846993522E+02
 0.63326000945124E+02
 0.61733919750831E+02
 0.60123684459600E+02
 0.58499922456808E+02
 0.56867739922191E+02
 0.55232769315627E+02
 0.53600779576002E+02
 0.51977935560747E+02
 0.50370294423627E+02
 0.48783824688249E+02
 0.47224219239804E+02
 0.45696697366530E+02
 0.44205958283068E+02
 0.42756031737585E+02
 0.41350239143306E+02
 0.39991182144881E+02
 0.38680752555628E+02
 0.37420180757117E+02
 0.36210021422512E+02
 0.35050351787425E+02
 0.33940742739764E+02
 0.32880361626252E+02
 0.31868032812378E+02
 0.30902361903598E+02
 0.29981742181151E+02
 0.29104427184186E+02
 0.28268580112834E+02
 0.27472321200707E+02
 0.26713756959407E+02
 0.25991006098398E+02
 0.25302226581931E+02
 0.24645630253784E+02
 0.24019483077010E+02
 0.23422136589062E+02
 0.22852012361080E+02
 0.22307614728524E+02
 0.21787527914278E+02
 0.21290416622645E+02
 0.20815021780500E+02
 0.20360161494246E+02
 0.19924724899525E+02
 0.19507670685726E+02
 0.19108017380485E+02
 0.18724850429511E+02
 0.18357307195148E+02
 0.18004581729771E+02
 0.17665915038130E+02
 0.17340596547970E+02
 0.17027958652478E+02
 0.16727373756727E+02
 0.16438252182509E+02
 0.16160038472296E+02
 0.15892210056548E+02
 0.15634274939676E+02
 0.15385769147302E+02
 0.15146254974828E+02
 0.14915319623977E+02
 0.14692572986265E+02
 0.14477647090535E+02
 0.14270192533212E+02
 0.14069880277322E+02
 0.13876397915255E+02
 0.13689449560086E+02
 0.13508755123036E+02
 0.13334048928611E+02
 0.13165078431335E+02
 0.13001604556241E+02
 0.12843399685296E+02
 0.12690247403222E+02
 0.12541942671593E+02
 0.12398289492174E+02
 0.12259102281151E+02
 0.12124204020136E+02
 0.11993425452202E+02
 0.11866605668815E+02
 0.11743592192102E+02
 0.11624238446463E+02
 0.11508404509522E+02
 0.11395957855691E+02
 0.11286771000081E+02
 0.11180722972710E+02
 0.11077697533322E+02
 0.10977583236888E+02
 0.10880274690757E+02
 0.10785670491259E+02
 0.10693673270650E+02
 0.10604190470124E+02
 0.10517132912524E+02
 0.10432415467352E+02
 0.10349956535057E+02
 0.10269677894178E+02
 0.10191504595346E+02
 0.10115364722572E+02
 0.10041189394853E+02
 0.99689123851571E+01
 0.98984702014312E+01
 0.98298018925256E+01
 0.97628489101331E+01
 0.96975550778534E+01
 0.96338664197106E+01
 0.95717309264327E+01
 0.95110987613966E+01
 0.94519218689149E+01
 0.93941541928044E+01
 0.93377515116446E+01
 0.92826708879581E+01
 0.92288712029061E+01
 0.91763130003362E+01
 0.91249581283768E+01
 0.90747700796383E+01
 0.90257131885847E+01
 0.89777536378652E+01
 0.89308584523198E+01
 0.88849962662170E+01
 0.88401362963752E+01
 0.87962491492732E+01
 0.87533066325664E+01
 0.87112812818826E+01
 0.86701466265141E+01
 0.86298771655158E+01
 0.85904482340144E+01
 0.85518361942224E+01
 0.85140182379203E+01
 0.84769719280187E+01
 0.84406759331815E+01
 0.84051094895650E+01
 0.83702526595847E+01
 0.83360861052386E+01
 0.83025911237605E+01
 0.82697496350371E+01
 0.82375441413809E+01
 0.82059577395632E+01
 0.81749740255989E+01
 0.81445771755771E+01
 0.81147518582591E+01
 0.80854832317801E+01
 0.80567569165622E+01
 0.80285589952192E+01
 0.80008759851091E+01
 0.79736948249868E+01
 0.79470029047844E+01
 0.79207878702633E+01
 0.78950378785941E+01
 0.78697414060896E+01
 0.78448872801979E+01
 0.78204646666073E+01
 0.77964630577467E+01
 0.77728722448549E+01
 0.77496823430037E+01
 0.77268837712914E+01
 0.77044672171052E+01
 0.76824236417050E+01
 0.76607442708058E+01
 0.76394205853255E+01
 0.76184443123432E+01
 0.75978074175109E+01
 0.75775020965620E+01
 0.75575207677402E+01
 0.75378560637156E+01
 0.75185008329430E+01
 0.74994481155414E+01
 0.74806911408894E+01
 0.74622233337668E+01
 0.74440383006719E+01
 0.74261298238839E+01
