 0.55746140268236E+01
 0.55746140262960E+01
 0.55746140206153E+01
 0.55746139968119E+01
 0.55746139327455E+01
 0.55746137978354E+01
 0.55746135533206E+01
 0.55746131507425E+01
 0.55746125261702E+01
 0.55746115872131E+01
 0.55746101923038E+01
 0.55746081254169E+01
 0.55746050716095E+01
 0.55746005983225E+01
 0.55745941452527E+01
 0.55745850256232E+01
 0.55745724263001E+01
 0.55745554227118E+01
 0.55745329875123E+01
 0.55745040241554E+01
 0.55744673584792E+01
 0.55744217695960E+01
 0.55743659800738E+01
 0.55742986796594E+01
 0.55742185372571E+01
 0.55741242090619E+01
 0.55740143502297E+01
 0.55738876318106E+01
 0.55737427561870E+01
 0.55735784766126E+01
 0.55733936194287E+01
 0.55731871063580E+01
 0.55729579770963E+01
 0.55727054151361E+01
 0.55724287726098E+01
 0.55721275934313E+01
 0.55718016254397E+01
 0.55714508546897E+01
 0.55710755174237E+01
 0.55706761111950E+01
 0.55702534337232E+01
 0.55698085643519E+01
 0.55693428888666E+01
 0.55688581039081E+01
 0.55683562237227E+01
 0.55678395848826E+01
 0.55673108485603E+01
 0.55667730013164E+01
 0.55662293555044E+01
 0.55656835480564E+01
 0.55651395396489E+01
 0.55646016094032E+01
 0.55640743541915E+01
 0.55635626841601E+01
 0.55630718186677E+01
 0.55626072834789E+01
 0.55621749061083E+01
 0.55617808104730E+01
 0.55614314150751E+01
 0.55611334271400E+01
 0.55608947097201E+01
 0.55607209844318E+01
 0.55606205300385E+01
 0.55606011873403E+01
 0.55606710750652E+01
 0.55608385842213E+01
 0.55611123814365E+01
 0.55615014059024E+01
 0.55620148741713E+01
 0.55626622775157E+01
 0.55634533867242E+01
 0.55643982537298E+01
 0.55655072199820E+01
 0.55667909132592E+01
 0.55682602565728E+01
 0.55699264792299E+01
 0.55718011292031E+01
 0.55738960594508E+01
 0.55762234795937E+01
 0.55787959308279E+01
 0.55816263202972E+01
 0.55847279166127E+01
 0.55881143972499E+01
 0.55917998277359E+01
 0.55957987038945E+01
 0.56001259630710E+01
 0.56047970448484E+01
 0.56098278281399E+01
 0.56152362148377E+01
 0.56210365159027E+01
 0.56272474754148E+01
 0.56338871759482E+01
 0.56409743925518E+01
 0.56485285468128E+01
 0.56565695770295E+01
 0.56651184139960E+01
 0.56741965366860E+01
 0.56838262313674E+01
 0.56940304845024E+01
 0.57048331852298E+01
 0.57162590491562E+01
 0.57283336657001E+01
 0.57410834328469E+01
 0.57545355481587E+01
 0.57687183845607E+01
 0.57836608661954E+01
 0.57993930768273E+01
 0.58159454266853E+01
 0.58333497859316E+01
 0.58516407231080E+01
 0.58708470248630E+01
 0.58910043229812E+01
 0.59121466871491E+01
 0.59343086988048E+01
 0.59575249588726E+01
 0.59818303054191E+01
 0.60072593784737E+01
 0.60338459189118E+01
 0.60616236948505E+01
 0.60906246857787E+01
 0.61208796317115E+01
 0.61524172525974E+01
 0.61852638287288E+01
 0.62194425999558E+01
 0.62549727818014E+01
 0.62918690924217E+01
 0.63301412255491E+01
 0.63697921465056E+01
 0.64108204478394E+01
 0.64532094318272E+01
 0.64969392454141E+01
 0.65419783238550E+01
 0.65882851371704E+01
 0.66358049373949E+01
 0.66844722321956E+01
 0.67342079023090E+01
 0.67849228384780E+01
 0.68365160430297E+01
 0.68888770605640E+01
 0.69418898356643E+01
 0.69954292669775E+01
 0.70493733790397E+01
 0.71035939584450E+01
 0.71579666146725E+01
 0.72123699395523E+01
 0.72666860870218E+01
 0.73208036169203E+01
 0.73746140593810E+01
 0.74280160125230E+01
 0.74809126871386E+01
 0.75332133463793E+01
 0.75848319323790E+01
 0.76356877918948E+01
 0.76857073693004E+01
 0.77348198315800E+01
 0.77829623187536E+01
 0.78300776221954E+01
 0.78761175696063E+01
 0.79210362514044E+01
 0.79647966738753E+01
 0.80073682617857E+01
 0.80487271001275E+01
 0.80888552515648E+01
 0.81277404942357E+01
 0.81653762298986E+01
 0.82017604204009E+01
 0.82368959081002E+01
 0.82707884037490E+01
 0.83034480719188E+01
 0.83348878601588E+01
 0.83651227510051E+01
 0.83941699296689E+01
 0.84220481907402E+01
 0.84487778810910E+01
 0.84743801328359E+01
 0.84988767324249E+01
 0.85222903192999E+01
 0.85446444695913E+01
 0.85659615426297E+01
 0.85862655825514E+01
 0.86055799230076E+01
 0.86239281827770E+01
 0.86413334135018E+01
 0.86578188642383E+01
 0.86734075234028E+01
 0.86881219705567E+01
 0.87019847312731E+01
 0.87150182424700E+01
 0.87272443694240E+01
 0.87386847553315E+01
 0.87493607392470E+01
 0.87592934788964E+01
 0.87685036944854E+01
 0.87770116433298E+01
 0.87848377131533E+01
 0.87920015066064E+01
 0.87985227284980E+01
 0.88044206139058E+01
 0.88097137739535E+01
 0.88144209130648E+01
 0.88185602548386E+01
 0.88221496440738E+01
 0.88252067136242E+01
 0.88277488938282E+01
 0.88297927884915E+01
 0.88313554048990E+01
 0.88324527929105E+01
 0.88331008529393E+01
 0.88333155151899E+01
 0.88331121723657E+01
 0.88325054176257E+01
 0.88315101834486E+01
 0.88301409895631E+01
 0.88284116366041E+01
 0.88263360714669E+01
 0.88239273743482E+01
 0.88211988363099E+01
 0.88181634553062E+01
 0.88148334222542E+01
 0.88112208313598E+01
 0.88073377239068E+01
 0.88031954117316E+01
 0.87988052938005E+01
 0.87941782675770E+01
 0.87893249683736E+01
 0.87842557398824E+01
 0.87789806255032E+01
 0.87735094150028E+01
 0.87678515233920E+01
 0.87620162227970E+01
 0.87560124321730E+01
 0.87498488269352E+01
 0.87435337982292E+01
 0.87370754905665E+01
 0.87304817532049E+01
 0.87237602867759E+01
 0.87169184551165E+01
 0.87099634776707E+01
 0.87029022277973E+01
 0.86957412681193E+01
 0.86884871724117E+01
 0.86811462652765E+01
 0.86737244801498E+01
 0.86662277246185E+01
 0.86586614110279E+01
 0.86510311477167E+01
 0.86433421900850E+01
 0.86355994429854E+01
 0.86278076828272E+01
 0.86199718264412E+01
 0.86120962337272E+01
 0.86041850940226E+01
 0.85962427308448E+01
 0.85882731413524E+01
 0.85802801844604E+01
 0.85722675078238E+01
 0.85642385890828E+01
 0.85561967291236E+01
 0.85481454298672E+01
 0.85400877048071E+01
 0.85320265996551E+01
 0.85239649380692E+01
 0.85159054665079E+01
 0.85078508119917E+01
 0.84998034864083E+01
 0.84917658941819E+01
 0.84837403219721E+01
 0.84757289706807E+01
 0.84677339221648E+01
 0.84597571678576E+01
 0.84518006028992E+01
 0.84438660396430E+01
 0.84359551957484E+01
 0.84280697065746E+01
 0.84202111253735E+01
 0.84123808858794E+01
 0.84045804676827E+01
 0.83968111568516E+01
 0.83890742085075E+01
 0.83813708103031E+01
 0.83737020836183E+01
 0.83660690863455E+01
 0.83584728208552E+01
 0.83509142240384E+01
 0.83433941733918E+01
 0.83359134972754E+01
 0.83284729716285E+01
 0.83210733219488E+01
 0.83137152254822E+01
 0.83063993132620E+01
 0.82991261714918E+01
 0.82918963436125E+01
 0.82847103304690E+01
 0.82775685961185E+01
 0.82704715647889E+01
 0.82634196253907E+01
 0.82564131328482E+01
 0.82494524070214E+01
 0.82425377358697E+01
 0.82356693767135E+01
