 0.10000000133514E-09
 0.10000000133514E-09
 0.10000000133514E-09
 0.10000000133514E-09
 0.10000000133514E-09
 0.10000000133514E-09
 0.10000000133514E-09
 0.10000000133514E-09
 0.10000000133514E-09
 0.10000000133514E-09
 0.10000000133514E-09
 0.10000000133514E-09
 0.10000000133514E-09
 0.10000000133514E-09
 0.10000000133514E-09
 0.10000000133514E-09
 0.11274568939408E-06
 0.11274568939408E-06
 0.55926318741804E-06
 0.10871173139143E-05
 0.19542376876528E-05
 0.33267798492370E-05
 0.54023425074262E-05
 0.84192991134331E-05
 0.12656525338347E-04
 0.18431533101605E-04
 0.26097555461025E-04
 0.36039919114697E-04
 0.48672071132724E-04
 0.64431298583165E-04
 0.83774248085192E-04
 0.10717305135504E-03
 0.13511290624896E-03
 0.16808675295220E-03
 0.20659465842516E-03
 0.25114030594109E-03
 0.30223055126800E-03
 0.36037387604850E-03
 0.42607895700049E-03
 0.49985544511666E-03
 0.58221371103396E-03
 0.67366424891375E-03
 0.77471984843664E-03
 0.88589591293518E-03
 0.10077093052762E-02
 0.11406824388706E-02
 0.12853431908098E-02
 0.14422250160002E-02
 0.16118690762713E-02
 0.17948255448730E-02
 0.19916546164266E-02
 0.22029287997967E-02
 0.24292332502462E-02
 0.26711662595905E-02
 0.29293408782822E-02
 0.32043883693634E-02
 0.34969579197467E-02
 0.38077153870488E-02
 0.41373489913406E-02
 0.44865681321649E-02
 0.48575436042006E-02
 0.52483457109802E-02
 0.56610286167313E-02
 0.60964042778808E-02
 0.65553134135830E-02
 0.70386232419377E-02
 0.75472336408088E-02
 0.80820760073630E-02
 0.86441174073129E-02
 0.92343595675071E-02
 0.98538396009527E-02
 0.10503634030355E-01
 0.11184858704881E-01
 0.11898676973457E-01
 0.12646286828112E-01
 0.13428933088698E-01
 0.14247915160999E-01
 0.15104565578191E-01
 0.16000287454804E-01
 0.16936526842709E-01
 0.17914784123697E-01
 0.18936613941923E-01
 0.20003639563989E-01
 0.21117534693942E-01
 0.22280037465372E-01
 0.23492953159004E-01
 0.24758162280404E-01
 0.26077599867919E-01
 0.27454093400395E-01
 0.28888253069189E-01
 0.30382928136877E-01
 0.31940329151034E-01
 0.33562786241219E-01
 0.35252703552063E-01
 0.37012502804011E-01
 0.38844782714833E-01
 0.40752156658537E-01
 0.42737326340179E-01
 0.44803034881112E-01
 0.46952137214572E-01
 0.49187547121076E-01
 0.51512247713200E-01
 0.53929255816272E-01
 0.56441629297082E-01
 0.59052533096310E-01
 0.61765100619464E-01
 0.64582531964404E-01
 0.67507925265585E-01
 0.70544517982073E-01
 0.73696362268653E-01
 0.76964867994704E-01
 0.80353874063558E-01
 0.83866304841705E-01
 0.87505015749082E-01
 0.91272662239253E-01
 0.95171795002780E-01
 0.99204727113577E-01
 0.10337347320965E+00
 0.10767991886149E+00
 0.11212553567027E+00
 0.11671145975737E+00
 0.12143847868061E+00
 0.12630697560863E+00
 0.13131683378352E+00
 0.13646744826540E+00
 0.14175760274232E+00
 0.14718563449302E+00
 0.15274898188420E+00
 0.15844546164860E+00
 0.16426948321343E+00
 0.17021671477259E+00
 0.17628090042983E+00
 0.18245614499042E+00
 0.18873400906765E+00
 0.19510610429805E+00
 0.20156150351376E+00
 0.20808897159093E+00
 0.21467554101014E+00
 0.22130738396213E+00
 0.22796974053524E+00
 0.23464614229750E+00
 0.24132253835958E+00
 0.24798081598162E+00
 0.25460771739585E+00
 0.26118822471811E+00
 0.26770927800058E+00
 0.27415876105521E+00
 0.28052740160141E+00
 0.28680730121747E+00
 0.29299256797968E+00
 0.29907940470702E+00
 0.30506506661347E+00
 0.31094815294939E+00
 0.31673066416829E+00
 0.32241333589340E+00
 0.32799865898450E+00
 0.33348984864701E+00
 0.33888978827520E+00
 0.34420289560569E+00
 0.34943311347295E+00
 0.35458445169863E+00
 0.35966083360733E+00
 0.36466613919243E+00
 0.36960405909881E+00
 0.37447807154938E+00
 0.37929145934819E+00
 0.38404693305364E+00
 0.38874815146768E+00
 0.39339722434396E+00
 0.39799649134379E+00
 0.40254817772082E+00
 0.40705426587530E+00
 0.41151653224812E+00
 0.41593663977834E+00
 0.42031607365951E+00
 0.42465617884579E+00
 0.42895811485539E+00
 0.43322298313882E+00
 0.43745181670301E+00
 0.44164545201357E+00
 0.44580470123692E+00
 0.44993024639440E+00
 0.45402277407334E+00
 0.45808287370622E+00
 0.46211103217127E+00
 0.46610774439037E+00
 0.47007346091552E+00
 0.47400855078770E+00
 0.47791337695045E+00
 0.48178825892172E+00
 0.48563353040997E+00
 0.48944942604248E+00
 0.49323622860843E+00
 0.49699413461518E+00
 0.50072341058960E+00
 0.50442423722059E+00
 0.50809679154114E+00
 0.51174127981709E+00
 0.51535789742944E+00
 0.51894676543547E+00
 0.52250808321232E+00
 0.52604199168697E+00
 0.52954863398301E+00
 0.53302817761609E+00
 0.53648077626879E+00
 0.53990655651071E+00
 0.54330567361069E+00
 0.54667825800269E+00
 0.55002446648005E+00
 0.55334444378206E+00
 0.55663832694468E+00
 0.55990624443508E+00
 0.56314837353577E+00
 0.56636483393933E+00
 0.56955577328259E+00
 0.57272134559473E+00
 0.57586169486397E+00
 0.57897698826366E+00
 0.58206735694830E+00
 0.58513295817508E+00
 0.58817394753224E+00
 0.59119047823990E+00
 0.59418271194073E+00
 0.59715080285868E+00
 0.60009490841387E+00
 0.60301518916889E+00
 0.60591180782983E+00
 0.60878492706493E+00
 0.61163471524050E+00
 0.61446132703900E+00
 0.61726493356624E+00
 0.62004569465890E+00
 0.62280378491639E+00
 0.62553936422705E+00
 0.62825260610362E+00
 0.63094367467710E+00
 0.63361274176959E+00
 0.63625997771700E+00
 0.63888554920186E+00
 0.64148962983840E+00
 0.64407238556648E+00
 0.64663398823119E+00
 0.64917461197692E+00
 0.65169441699558E+00
 0.65419358159725E+00
 0.65667227032211E+00
 0.65913065500713E+00
 0.66156890459399E+00
 0.66398718454385E+00
 0.66638566681961E+00
 0.66876452313874E+00
 0.67112391780322E+00
 0.67346401531823E+00
 0.67578498494420E+00
 0.67808699411951E+00
 0.68037020956018E+00
 0.68263479255846E+00
 0.68488090878761E+00
 0.68710871843380E+00
 0.68931838934302E+00
 0.69151007910291E+00
 0.69368395165662E+00
 0.69584016507940E+00
 0.69797887981767E+00
 0.70010025402431E+00
 0.70220444509089E+00
 0.70429160930513E+00
 0.70636190106407E+00
 0.70841547610693E+00
 0.71045248753377E+00
 0.71247308760527E+00
 0.71447742774863E+00
 0.71646565770801E+00
 0.71843792640257E+00
 0.72039438200631E+00
 0.72233517147186E+00
 0.72426044087291E+00
 0.72617033469781E+00
 0.72806499646930E+00
 0.72994456879109E+00
 0.73180919259636E+00
 0.73365900799862E+00
 0.73549415408197E+00
 0.73731476875275E+00
 0.73912098877972E+00
 0.74091294950569E+00
 0.74269078533355E+00
 0.74445462953295E+00
 0.74620461428702E+00
 0.74794087030442E+00
 0.74966352744881E+00
 0.75137271429503E+00
 0.75306855815935E+00
 0.75475118525601E+00
 0.75642072065778E+00
 0.75807728824713E+00
 0.75972101088118E+00
 0.76135201030942E+00
 0.76297040702998E+00
 0.76457632035820E+00
