 0.10000000133514E-09
 0.10000000133514E-09
 0.10000000133514E-09
 0.10000000133514E-09
 0.10000000133514E-09
 0.10000000133514E-09
 0.10000000133514E-09
 0.10000000133514E-09
 0.10000000133514E-09
 0.10000000133514E-09
 0.10000000133514E-09
 0.10000000133514E-09
 0.10000000133514E-09
 0.10000000133514E-09
 0.10000000133514E-09
 0.10000000133514E-09
 0.88615465580505E-03
 0.88615465580505E-03
 0.18093371942617E-02
 0.24449519313086E-02
 0.32065304079879E-02
 0.40988034561609E-02
 0.51244579525049E-02
 0.62843406823886E-02
 0.75778394377957E-02
 0.90030786530085E-02
 0.10557192873588E-01
 0.12236564326824E-01
 0.14037058476220E-01
 0.15954197583516E-01
 0.17983301575205E-01
 0.20119638625491E-01
 0.22358599420035E-01
 0.24695637924044E-01
 0.27126458192593E-01
 0.29647001905518E-01
 0.32253529334203E-01
 0.34942619016179E-01
 0.37711155669091E-01
 0.40556386039772E-01
 0.43475888589027E-01
 0.46467554523757E-01
 0.49529606221586E-01
 0.52660574164318E-01
 0.55859244027527E-01
 0.59124690834205E-01
 0.62456232975937E-01
 0.65853404532134E-01
 0.69315947769531E-01
 0.72843784811383E-01
 0.76437009003487E-01
 0.80095868989078E-01
 0.83820744458134E-01
 0.87612122238774E-01
 0.91470582512425E-01
 0.95396810907094E-01
 0.99391568400096E-01
 0.10345566086330E+00
 0.10758996851764E+00
 0.11179538399414E+00
 0.11608226685767E+00
 0.12043412515909E+00
 0.12486022797548E+00
 0.12936163286830E+00
 0.13393944036844E+00
 0.13859473747689E+00
 0.14332863596985E+00
 0.14814224605791E+00
 0.15303671543416E+00
 0.15801318508518E+00
 0.16307282541431E+00
 0.16821680289301E+00
 0.17344628898514E+00
 0.17876249736765E+00
 0.18416660853902E+00
 0.18965981224961E+00
 0.19524332282638E+00
 0.20091831602648E+00
 0.20668605674526E+00
 0.21254778369867E+00
 0.21850471886436E+00
 0.22455804145990E+00
 0.23070903280158E+00
 0.23695885831588E+00
 0.24330873020788E+00
 0.24975982411038E+00
 0.25631335475533E+00
 0.26297042034363E+00
 0.26973556122938E+00
 0.27660358293589E+00
 0.28357841871566E+00
 0.29066101090830E+00
 0.29785233569867E+00
 0.30515327255855E+00
 0.31256435306471E+00
 0.32008641039211E+00
 0.32771994635667E+00
 0.33546535107444E+00
 0.34332269602004E+00
 0.35129204698106E+00
 0.35937325081512E+00
 0.36756594963316E+00
 0.37586945377265E+00
 0.38428269761899E+00
 0.39280467491910E+00
 0.40143366792512E+00
 0.41016789631426E+00
 0.41900470254757E+00
 0.42794155392763E+00
 0.43697740014929E+00
 0.44610447933853E+00
 0.45532049178200E+00
 0.46462059761323E+00
 0.47399951004003E+00
 0.48345114683009E+00
 0.49296902195118E+00
 0.50254583988493E+00
 0.51217363640143E+00
 0.52184399557399E+00
 0.53154762263865E+00
 0.54127466773784E+00
 0.55101458089183E+00
 0.56075621712051E+00
 0.57048787034647E+00
 0.58019720492907E+00
 0.58987141498244E+00
 0.59949726049466E+00
 0.60906094403856E+00
 0.61854949169682E+00
 0.62794662510830E+00
 0.63723863230617E+00
 0.64641144084885E+00
 0.65545051693540E+00
 0.66434163716214E+00
 0.67307062711379E+00
 0.68162445011252E+00
 0.68999068988980E+00
 0.69815811744379E+00
 0.70611684422519E+00
 0.71385894275898E+00
 0.72137794926557E+00
 0.72867092558992E+00
 0.73573622170269E+00
 0.74257420720428E+00
 0.74918871664723E+00
 0.75558481104691E+00
 0.76177070320166E+00
 0.76775454649757E+00
 0.77354640080945E+00
 0.77915734531595E+00
 0.78459844035259E+00
 0.78988132252295E+00
 0.79501704509350E+00
 0.80001630705151E+00
 0.80488912551900E+00
 0.80964468065349E+00
 0.81429152195097E+00
 0.81883800789882E+00
 0.82329042359724E+00
 0.82765490022887E+00
 0.83193695661722E+00
 0.83614150184157E+00
 0.84027271034808E+00
 0.84433427755008E+00
 0.84832949648076E+00
 0.85226116062200E+00
 0.85613171778130E+00
 0.85994342161984E+00
 0.86369810401629E+00
 0.86739751122152E+00
 0.87104311059911E+00
 0.87463623150653E+00
 0.87817805082094E+00
 0.88166964682860E+00
 0.88511197423950E+00
 0.88850590087776E+00
 0.89185220584266E+00
 0.89515171999039E+00
 0.89840507356517E+00
 0.90161300239794E+00
 0.90477601371171E+00
 0.90789481725362E+00
 0.91096996574363E+00
 0.91400195823150E+00
 0.91699138906423E+00
 0.91993877704765E+00
 0.92284464880499E+00
 0.92570948175199E+00
 0.92853379594966E+00
 0.93131810767145E+00
 0.93406290401389E+00
 0.93676866066930E+00
 0.93943587395070E+00
 0.94206503681298E+00
 0.94465664864188E+00
 0.94721118927449E+00
 0.94972911739883E+00
 0.95221093147664E+00
 0.95465707172549E+00
 0.95706806807253E+00
 0.95944438616928E+00
 0.96178648007383E+00
 0.96409483357335E+00
 0.96636992518653E+00
 0.96861219279492E+00
 0.97082213486731E+00
 0.97300019289397E+00
 0.97514683803542E+00
 0.97726250834930E+00
 0.97934766384079E+00
 0.98140277587226E+00
 0.98342826184325E+00
 0.98542457001615E+00
 0.98739214137138E+00
 0.98933140777695E+00
 0.99124280388768E+00
 0.99312674505982E+00
 0.99498364662669E+00
 0.99681393018918E+00
 0.99861800901523E+00
 0.10003962849136E+01
 0.10021491578136E+01
 0.10038770222916E+01
 0.10055802692998E+01
 0.10072592827689E+01
 0.10089144439512E+01
 0.10105461259532E+01
 0.10121546994404E+01
 0.10137405305819E+01
 0.10153039733215E+01
 0.10168453834459E+01
 0.10183651069991E+01
 0.10198634914435E+01
 0.10213408719914E+01
 0.10227975817988E+01
 0.10242339489150E+01
 0.10256502950048E+01
 0.10270469385867E+01
 0.10284241926989E+01
 0.10297823640073E+01
 0.10311217521993E+01
 0.10324426578891E+01
 0.10337453771353E+01
 0.10350301915598E+01
 0.10362973856235E+01
 0.10375472327833E+01
 0.10387800132603E+01
 0.10399959909761E+01
 0.10411954338551E+01
 0.10423785998205E+01
 0.10435457459722E+01
 0.10446971212550E+01
 0.10458329743547E+01
 0.10469535484493E+01
 0.10480590806365E+01
 0.10491498043665E+01
 0.10502259516116E+01
 0.10512877473179E+01
 0.10523354160112E+01
 0.10533691735597E+01
 0.10543892363068E+01
 0.10553958149692E+01
 0.10563891165971E+01
 0.10573693455386E+01
 0.10583367019063E+01
 0.10592913822641E+01
 0.10602335798967E+01
 0.10611634845666E+01
 0.10620812828887E+01
 0.10629871583946E+01
 0.10638812912532E+01
 0.10647638585221E+01
 0.10656350340961E+01
 0.10664949888214E+01
 0.10673438906787E+01
 0.10681819048204E+01
 0.10690091934025E+01
 0.10698259158276E+01
 0.10706322288160E+01
 0.10714282862494E+01
 0.10722142394316E+01
 0.10729902370679E+01
 0.10737564252379E+01
 0.10745129475399E+01
 0.10752599451535E+01
 0.10759975568759E+01
 0.10767259190820E+01
 0.10774451658232E+01
 0.10781554288380E+01
 0.10788568376748E+01
 0.10795495196199E+01
 0.10802335998075E+01
 0.10809092013366E+01
 0.10815764452260E+01
 0.10822354504541E+01
 0.10828863340123E+01
 0.10835292108351E+01
 0.10841641939801E+01
 0.10847913946183E+01
 0.10854109221190E+01
