 0.11658001922606E+03
 0.11658001922612E+03
 0.11658001922715E+03
 0.11658001923165E+03
 0.11658001923962E+03
 0.11658001924072E+03
 0.11658001920886E+03
 0.11658001910859E+03
 0.11658001893168E+03
 0.11658001878852E+03
 0.11658001906830E+03
 0.11658002065698E+03
 0.11658002518209E+03
 0.11658003524677E+03
 0.11658005462041E+03
 0.11658008843549E+03
 0.11658014306959E+03
 0.11658022624138E+03
 0.11658034682773E+03
 0.11658051515364E+03
 0.11658074255584E+03
 0.11658104093430E+03
 0.11658142299641E+03
 0.11658190235127E+03
 0.11658249276671E+03
 0.11658320868544E+03
 0.11658406504536E+03
 0.11658507747910E+03
 0.11658626238885E+03
 0.11658763723344E+03
 0.11658922083927E+03
 0.11659103367932E+03
 0.11659309812316E+03
 0.11659543898557E+03
 0.11659808386148E+03
 0.11660106349550E+03
 0.11660441186107E+03
 0.11660816690819E+03
 0.11661237070308E+03
 0.11661706960817E+03
 0.11662231512530E+03
 0.11662816346845E+03
 0.11663467608876E+03
 0.11664191985123E+03
 0.11664996723702E+03
 0.11665889653146E+03
 0.11666879198111E+03
 0.11667974393789E+03
 0.11669184901259E+03
 0.11670521021637E+03
 0.11671993711968E+03
 0.11673614588677E+03
 0.11675395951074E+03
 0.11677350790773E+03
 0.11679492804629E+03
 0.11681836411665E+03
 0.11684396766088E+03
 0.11687189767585E+03
 0.11690232086271E+03
 0.11693541172443E+03
 0.11697137520545E+03
 0.11701036191518E+03
 0.11705258950736E+03
 0.11709826585665E+03
 0.11714760771455E+03
 0.11720084086920E+03
 0.11725820052207E+03
 0.11731993150693E+03
 0.11738628871802E+03
 0.11745753735031E+03
 0.11753395334438E+03
 0.11761582374997E+03
 0.11770344733006E+03
 0.11779713471660E+03
 0.11789720913955E+03
 0.11800400706508E+03
 0.11811787893648E+03
 0.11823918918580E+03
 0.11836831813796E+03
 0.11850566177646E+03
 0.11865163322907E+03
 0.11880666317563E+03
 0.11897120180410E+03
 0.11914571860793E+03
 0.11933070458326E+03
 0.11952667309918E+03
 0.11973416246987E+03
 0.11995373500033E+03
 0.12018602362985E+03
 0.12043157106309E+03
 0.12069106219794E+03
 0.12096517848686E+03
 0.12125463842313E+03
 0.12156019780660E+03
 0.12188264872136E+03
 0.12222283001813E+03
 0.12258162458860E+03
 0.12295996361018E+03
 0.12335882727417E+03
 0.12377925348119E+03
 0.12422233841375E+03
 0.12468924224176E+03
 0.12518118992811E+03
 0.12569947559442E+03
 0.12624547828418E+03
 0.12682064792151E+03
 0.12742652962565E+03
 0.12806474607220E+03
 0.12873703749370E+03
 0.12944531393158E+03
 0.13019138152511E+03
 0.13097737132222E+03
 0.13180547144993E+03
 0.13267800848677E+03
 0.13359744398057E+03
 0.13456639564433E+03
 0.13558764157943E+03
 0.13666411359385E+03
 0.13779894620122E+03
 0.13899544168466E+03
 0.14025710615586E+03
 0.14158765283434E+03
 0.14299101225821E+03
 0.14447133630389E+03
 0.14603299824774E+03
 0.14768059963291E+03
 0.14941897897079E+03
 0.15125317951178E+03
 0.15318855369695E+03
 0.15523031962310E+03
 0.15738407501116E+03
 0.15965540687186E+03
 0.16204994659075E+03
 0.16457309892418E+03
 0.16723008325816E+03
 0.17002560405183E+03
 0.17296384279056E+03
 0.17604811691493E+03
 0.17928075374576E+03
 0.18266295567735E+03
 0.18619437498001E+03
 0.18987358918445E+03
 0.19369718563748E+03
 0.19766047444167E+03
 0.20175716894195E+03
 0.20597952402481E+03
 0.21031865050590E+03
 0.21476448342989E+03
 0.21930622328939E+03
 0.22393250549589E+03
 0.22863165137855E+03
 0.23339187738709E+03
 0.23820148908125E+03
 0.24304931141157E+03
 0.24792436665574E+03
 0.25281638872606E+03
 0.25771581395525E+03
 0.26261394720793E+03
 0.26750267356211E+03
 0.27237480296842E+03
 0.27722395329637E+03
 0.28204453241689E+03
 0.28683167253101E+03
 0.29158118853309E+03
 0.29628953315322E+03
 0.30095369031177E+03
 0.30557114324468E+03
 0.31013984732364E+03
 0.31465807660054E+03
 0.31912446186875E+03
 0.32353787695164E+03
 0.32789743055493E+03
 0.33220241216113E+03
 0.33645228460316E+03
 0.34064661719446E+03
 0.34478508947663E+03
 0.34886746233914E+03
 0.35289362183143E+03
 0.35686343195914E+03
 0.36077688349132E+03
 0.36463396749760E+03
 0.36843474888219E+03
 0.37217929502018E+03
 0.37586772103871E+03
 0.37950017059528E+03
 0.38307680445173E+03
 0.38659782478584E+03
 0.39006345836115E+03
 0.39347395122924E+03
 0.39682957452551E+03
 0.40013062212267E+03
 0.40337741377204E+03
 0.40657028711598E+03
 0.40970959592558E+03
 0.41279574085228E+03
 0.41582911300471E+03
 0.41881014506187E+03
 0.42173928746153E+03
 0.42461698660302E+03
 0.42744373550813E+03
 0.43022003506636E+03
 0.43294639394843E+03
 0.43562334688912E+03
 0.43825145238393E+03
 0.44083124768851E+03
 0.44336333101470E+03
 0.44584827235971E+03
 0.44828666253276E+03
 0.45067912510278E+03
 0.45302628052960E+03
 0.45532872835998E+03
 0.45758711249242E+03
 0.45980208254100E+03
 0.46197426534414E+03
 0.46410432172233E+03
 0.46619288606020E+03
 0.46824062261419E+03
 0.47024820368521E+03
 0.47221626864889E+03
 0.47414547360828E+03
 0.47603648953573E+03
 0.47788996036033E+03
 0.47970655223296E+03
 0.48148691679863E+03
 0.48323170516556E+03
 0.48494156568081E+03
 0.48661714171173E+03
 0.48825907472677E+03
 0.48986799593565E+03
 0.49144453884814E+03
 0.49298932738797E+03
 0.49450298025417E+03
 0.49598610980706E+03
 0.49743932077021E+03
 0.49886320970503E+03
 0.50025837278537E+03
 0.50162539181295E+03
 0.50296484778081E+03
 0.50427730616401E+03
 0.50556331955894E+03
 0.50682344948058E+03
 0.50805824457925E+03
 0.50926823503167E+03
 0.51045395304964E+03
 0.51161590593749E+03
 0.51275461935478E+03
 0.51387059031075E+03
 0.51496431269155E+03
 0.51603626057223E+03
 0.51708692682202E+03
 0.51811677422458E+03
 0.51912625131322E+03
 0.52011581623571E+03
 0.52108591289302E+03
 0.52203697522846E+03
 0.52296942801286E+03
 0.52388368149920E+03
 0.52478013608930E+03
 0.52565920740857E+03
 0.52652128106283E+03
 0.52736674401237E+03
 0.52819596817697E+03
 0.52900932108806E+03
 0.52980716264321E+03
 0.53058984481812E+03
 0.53135771246203E+03
 0.53211110178412E+03
 0.53285034377801E+03
 0.53357575997155E+03
 0.53428766544456E+03
 0.53498636816329E+03
 0.53567216972232E+03
 0.53634536443327E+03
 0.53700624008669E+03
 0.53765507790130E+03
 0.53829214972398E+03
 0.53891772987734E+03
 0.53953207781336E+03
 0.54013544978365E+03
 0.54072809609758E+03
 0.54131026120865E+03
 0.54188218383374E+03
 0.54244409782524E+03
 0.54299623064395E+03
 0.54353880390888E+03
 0.54407203466779E+03
 0.54459613480493E+03
 0.54511131115231E+03
 0.54561776561631E+03
 0.54611569530454E+03
 0.54660529259222E+03
 0.54708674525423E+03
 0.54756023651464E+03
 0.54802594530688E+03
 0.54848404591742E+03
 0.54893470880567E+03
 0.54937810054176E+03
 0.54981438337133E+03
 0.55024371563851E+03
 0.55066625187697E+03
