 0.42158757014299E+03
 0.42158757014373E+03
 0.42158757016768E+03
 0.42158757036676E+03
 0.42158757120157E+03
 0.42158757347670E+03
 0.42158757696582E+03
 0.42158757220404E+03
 0.42158751563902E+03
 0.42158728322300E+03
 0.42158661107244E+03
 0.42158504127903E+03
 0.42158188925208E+03
 0.42157624002694E+03
 0.42156697172419E+03
 0.42155279855130E+03
 0.42153232475057E+03
 0.42150410033256E+03
 0.42146667372751E+03
 0.42141863566443E+03
 0.42135865695989E+03
 0.42128551305985E+03
 0.42119810561737E+03
 0.42109547320655E+03
 0.42097679498924E+03
 0.42084139314717E+03
 0.42068872991281E+03
 0.42051840179466E+03
 0.42033013380264E+03
 0.42012377017796E+03
 0.41989926564273E+03
 0.41965667614384E+03
 0.41939614969660E+03
 0.41911791625251E+03
 0.41882227837499E+03
 0.41850960181672E+03
 0.41818030714331E+03
 0.41783486011211E+03
 0.41747376365693E+03
 0.41709755059337E+03
 0.41670677277810E+03
 0.41630199787330E+03
 0.41588380044329E+03
 0.41545275655473E+03
 0.41500943782811E+03
 0.41455440621961E+03
 0.41408820936108E+03
 0.41361137641302E+03
 0.41312441437758E+03
 0.41262780473129E+03
 0.41212200094983E+03
 0.41160742648447E+03
 0.41108447216084E+03
 0.41055349493190E+03
 0.41001481664061E+03
 0.40946872305660E+03
 0.40891546321574E+03
 0.40835524897693E+03
 0.40778825478795E+03
 0.40721461761518E+03
 0.40663441698962E+03
 0.40604775062824E+03
 0.40545462714148E+03
 0.40485503478421E+03
 0.40424892531400E+03
 0.40363621448740E+03
 0.40301678235203E+03
 0.40239047362479E+03
 0.40175709790960E+03
 0.40111643009913E+03
 0.40046821051668E+03
 0.39981214514992E+03
 0.39914790559409E+03
 0.39847512944470E+03
 0.39779341971312E+03
 0.39710234490788E+03
 0.39640143851830E+03
 0.39569019947222E+03
 0.39496809032661E+03
 0.39423453934168E+03
 0.39348893479831E+03
 0.39273062804409E+03
 0.39195893160382E+03
 0.39117311797949E+03
 0.39037242032608E+03
 0.38955602742731E+03
 0.38872308543224E+03
 0.38787269544424E+03
 0.38700386147631E+03
 0.38611567402162E+03
 0.38520704587510E+03
 0.38427687438431E+03
 0.38332399768957E+03
 0.38234721318609E+03
 0.38134524581595E+03
 0.38031674745868E+03
 0.37926031904676E+03
 0.37817448968678E+03
 0.37705771937430E+03
 0.37590839292433E+03
 0.37472481870089E+03
 0.37350522778720E+03
 0.37224777257892E+03
 0.37095052732214E+03
 0.36961146888331E+03
 0.36822850606981E+03
 0.36679945252434E+03
 0.36532204398779E+03
 0.36379394003079E+03
 0.36221260798852E+03
 0.36057573339073E+03
 0.35888066814587E+03
 0.35712479652813E+03
 0.35530545800005E+03
 0.35341997957161E+03
 0.35146568044943E+03
 0.34943990130213E+03
 0.34734008690232E+03
 0.34516375049327E+03
 0.34290862602994E+03
 0.34057268162162E+03
 0.33815424002441E+03
 0.33565208489527E+03
 0.33306560504059E+03
 0.33039499929267E+03
 0.32764144298571E+03
 0.32480738877098E+03
 0.32189681913016E+03
 0.31891558652406E+03
 0.31587216288918E+03
 0.31277748835485E+03
 0.30964578164468E+03
 0.30649477819134E+03
 0.30334629644648E+03
 0.30022615625054E+03
 0.29716424120071E+03
 0.29419404158562E+03
 0.29135192889481E+03
 0.28867600532703E+03
 0.28620470805403E+03
 0.28397537566209E+03
 0.28202239471926E+03
 0.28037617903677E+03
 0.27906171200106E+03
 0.27809778391616E+03
 0.27749656770174E+03
 0.27726335740816E+03
 0.27739687220985E+03
 0.27788973832651E+03
 0.27872921115409E+03
 0.27989821351410E+03
 0.28137624859038E+03
 0.28314047690545E+03
 0.28516679525896E+03
 0.28743039649274E+03
 0.28990670455741E+03
 0.29257183974403E+03
 0.29540310742433E+03
 0.29837908461789E+03
 0.30147997516829E+03
 0.30468762329351E+03
 0.30798553924604E+03
 0.31135884315302E+03
 0.31479418621623E+03
 0.31827966190842E+03
 0.32180465646307E+03
 0.32535975176880E+03
 0.32893663126609E+03
 0.33252789158458E+03
 0.33612700182158E+03
 0.33972815510197E+03
 0.34332620526431E+03
 0.34691657317733E+03
 0.35049519761986E+03
 0.35405843974503E+03
 0.35760304684568E+03
 0.36112610544616E+03
 0.36462504735701E+03
 0.36809749461973E+03
 0.37154137733045E+03
 0.37495479820601E+03
 0.37833608088062E+03
 0.38168369228383E+03
 0.38499627300985E+03
 0.38827260499191E+03
 0.39151159152216E+03
 0.39471227132578E+03
 0.39787379513453E+03
 0.40099541113105E+03
 0.40407646490160E+03
 0.40711639123463E+03
 0.41011471167323E+03
 0.41307102131823E+03
 0.41598498217452E+03
 0.41885635079937E+03
 0.42168491751127E+03
 0.42447055474900E+03
 0.42721318923449E+03
 0.42991277789087E+03
 0.43256935570956E+03
 0.43518299510065E+03
 0.43775380327746E+03
 0.44028193861865E+03
 0.44276760654743E+03
 0.44521101300035E+03
 0.44761244487607E+03
 0.44997217974118E+03
 0.45229053330720E+03
 0.45456787032173E+03
 0.45680456748793E+03
 0.45900099478602E+03
 0.46115757975326E+03
 0.46327476786075E+03
 0.46535299351963E+03
 0.46739273557275E+03
 0.46939445684191E+03
 0.47135865926366E+03
 0.47328586174552E+03
 0.47517655856512E+03
 0.47703126849233E+03
 0.47885053235668E+03
 0.48063487103298E+03
 0.48238483390589E+03
 0.48410096195883E+03
 0.48578380135450E+03
 0.48743390084673E+03
 0.48905180928743E+03
 0.49063807834832E+03
 0.49219325399586E+03
 0.49371788867350E+03
 0.49521252924997E+03
 0.49667772114462E+03
 0.49811400697797E+03
 0.49952192512029E+03
 0.50090200896521E+03
 0.50225479446726E+03
 0.50358080610551E+03
 0.50488057018781E+03
 0.50615460011268E+03
 0.50740339881382E+03
 0.50862748038561E+03
 0.50982734815636E+03
 0.51100348914849E+03
 0.51215639430191E+03
 0.51328653158666E+03
 0.51439438894401E+03
 0.51548042741026E+03
 0.51654510644369E+03
 0.51758886727746E+03
 0.51861217121279E+03
 0.51961545091409E+03
 0.52059912613634E+03
 0.52156362739570E+03
 0.52250937211773E+03
 0.52343676891957E+03
 0.52434621830002E+03
 0.52523810726096E+03
 0.52611281392857E+03
 0.52697073249117E+03
 0.52781222804054E+03
 0.52863766784409E+03
 0.52944740494075E+03
 0.53024178872729E+03
 0.53102116168515E+03
 0.53178585906648E+03
 0.53253620965307E+03
 0.53327253422125E+03
 0.53399514892468E+03
 0.53470436103274E+03
 0.53540047191318E+03
 0.53608377634566E+03
 0.53675456323859E+03
 0.53741311469899E+03
 0.53805970677199E+03
 0.53869460937058E+03
 0.53931808346508E+03
 0.53993039287971E+03
 0.54053178697876E+03
 0.54112251228761E+03
 0.54170280974407E+03
 0.54227291476923E+03
 0.54283305737319E+03
 0.54338346301098E+03
 0.54392435104862E+03
 0.54445593529936E+03
 0.54497842527791E+03
 0.54549202560003E+03
 0.54599693608292E+03
 0.54649335186184E+03
 0.54698146350694E+03
 0.54746145708080E+03
 0.54793351426142E+03
 0.54839781238288E+03
 0.54885452468836E+03
 0.54930381996695E+03
 0.54974586336285E+03
 0.55018081630721E+03
 0.55060883607825E+03
 0.55103007621639E+03
 0.55144468660909E+03
