 0.00000000000000E+00
 0.00000000000000E+00
 0.00000000000000E+00
 0.00000000000000E+00
 0.00000000000000E+00
 0.17625039259552E-21
 0.22585336840038E-18
 0.48372592075786E-16
 0.31435704251199E-14
 0.88650877919395E-13
 0.13622614291906E-11
 0.13276292690169E-10
 0.91152881764503E-10
 0.47527008182049E-09
 0.19883538478069E-08
 0.69560145227530E-08
 0.21001625283694E-07
 0.56083649039008E-07
 0.13506128794107E-06
 0.29790193860503E-06
 0.60942072054504E-06
 0.11682202602165E-05
 0.21163239784398E-05
 0.36488954949745E-05
 0.60234177334733E-05
 0.95677595028938E-05
 0.14686662812360E-04
 0.21866321426781E-04
 0.31676866209056E-04
 0.44772711397919E-04
 0.61890834648855E-04
 0.83847157770852E-04
 0.11153126224800E-03
 0.14589971687821E-03
 0.18796831094925E-03
 0.23880348915276E-03
 0.29951326717960E-03
 0.37123789482928E-03
 0.45514048609004E-03
 0.55239781635598E-03
 0.66419145368902E-03
 0.79169934243420E-03
 0.93608794728618E-03
 0.10985050291143E-02
 0.12800730954812E-02
 0.14818835549666E-02
 0.17049915835208E-02
 0.19504116978008E-02
 0.22191140197096E-02
 0.25120212073862E-02
 0.28300060222261E-02
 0.31738894824257E-02
 0.35444395972930E-02
 0.39423706062109E-02
 0.43683427013832E-02
 0.48229621907319E-02
 0.53067820577195E-02
 0.58203028808437E-02
 0.63639740825001E-02
 0.69381954642395E-02
 0.75433215874012E-02
 0.81796542418862E-02
 0.88474580412555E-02
 0.95469544558450E-02
 0.10278326344809E-01
 0.11041720623474E-01
 0.11837251071709E-01
 0.12665001213817E-01
 0.13525027304999E-01
 0.14417361352930E-01
 0.15342014218247E-01
 0.16298978752994E-01
 0.17288233033298E-01
 0.18309743419907E-01
 0.19363467919556E-01
 0.20449359440961E-01
 0.21567369118554E-01
 0.22717449415933E-01
 0.23899557822785E-01
 0.25113659898674E-01
 0.26359732881475E-01
 0.27637768944683E-01
 0.28947779011502E-01
 0.30289795763257E-01
 0.31663877674683E-01
 0.33070112477418E-01
 0.34508621548274E-01
 0.35979562561468E-01
 0.37483154959369E-01
 0.39019607194379E-01
 0.40589229156591E-01
 0.42192367488487E-01
 0.43829428739915E-01
 0.45500882592632E-01
 0.47207263855919E-01
 0.48949188176060E-01
 0.50727345071226E-01
 0.52542510979284E-01
 0.54395552389205E-01
 0.56287435615306E-01
 0.58219232315200E-01
 0.60192127029506E-01
 0.62207423881607E-01
 0.64266553959784E-01
 0.66371093908137E-01
 0.68522759405268E-01
 0.70723431669257E-01
 0.72975145797086E-01
 0.75280132868078E-01
 0.77640871709783E-01
 0.80059862345451E-01
 0.82539994403424E-01
 0.85084330279024E-01
 0.87696179714435E-01
 0.90379104140367E-01
 0.93136944200322E-01
 0.95973826618186E-01
 0.98894164018324E-01
 0.10190270894524E+00
 0.10500451706264E+00
 0.10820498721748E+00
 0.11150985832139E+00
 0.11492521399467E+00
 0.11845747654582E+00
 0.12211337956648E+00
 0.12589995054639E+00
 0.12982447437619E+00
 0.13389440589208E+00
 0.13811740689229E+00
 0.14250072658083E+00
 0.14705169017159E+00
 0.15177706727293E+00
 0.15668299863008E+00
 0.16177438670701E+00
 0.16705475859657E+00
 0.17252559717137E+00
 0.17818606482936E+00
 0.18403240257522E+00
 0.19005761119567E+00
 0.19625118952658E+00
 0.20259868855559E+00
 0.20908254729739E+00
 0.21568114447654E+00
 0.22237040079661E+00
 0.22912377101894E+00
 0.23591315048986E+00
 0.24270991607870E+00
 0.24948558733464E+00
 0.25621280341791E+00
 0.26286603910243E+00
 0.26942208506037E+00
 0.27586048220266E+00
 0.28216366850385E+00
 0.28831736850591E+00
 0.29430999479147E+00
 0.30013288934930E+00
 0.30578003093812E+00
 0.31124776893801E+00
 0.31653439367606E+00
 0.32163999160868E+00
 0.32656612620087E+00
 0.33131555475096E+00
 0.33589195573349E+00
 0.34029973317616E+00
 0.34454382870743E+00
 0.34862953968067E+00
 0.35256237881897E+00
 0.35634805529820E+00
 0.35999221965832E+00
 0.36350053128827E+00
 0.36687855248845E+00
 0.37013171948572E+00
 0.37326530945738E+00
 0.37628443038423E+00
 0.37919399471129E+00
 0.38199872703278E+00
 0.38470314400410E+00
 0.38731158609865E+00
 0.38982818432875E+00
 0.39225689002828E+00
 0.39460146213814E+00
 0.39686549560734E+00
 0.39905241040629E+00
 0.40116546218640E+00
 0.40320775448119E+00
 0.40518224327279E+00
 0.40709174619544E+00
 0.40893894377365E+00
 0.41072639144583E+00
 0.41245652484899E+00
 0.41413166580446E+00
 0.41575402467242E+00
 0.41732571157044E+00
 0.41884873641012E+00
 0.42032502042787E+00
 0.42175639222717E+00
 0.42314459822477E+00
 0.42449130651480E+00
 0.42579811038170E+00
 0.42706652838178E+00
 0.42829801496144E+00
 0.42949395666372E+00
 0.43065568073919E+00
 0.43178445570198E+00
 0.43288149453272E+00
 0.43394795714253E+00
 0.43498495295580E+00
 0.43599354415512E+00
 0.43697474836856E+00
 0.43792953945898E+00
 0.43885884864402E+00
 0.43976356951321E+00
 0.44064455930062E+00
 0.44150263700072E+00
 0.44233858960346E+00
 0.44315317123427E+00
 0.44394710519894E+00
 0.44472108698556E+00
 0.44547578119729E+00
 0.44621182747534E+00
 0.44692984011290E+00
 0.44763040841977E+00
 0.44831409895110E+00
 0.44898145586504E+00
 0.44963300213841E+00
 0.45026924060537E+00
 0.45089065464564E+00
 0.45149770920378E+00
 0.45209085158424E+00
 0.45267051212871E+00
 0.45323710512013E+00
 0.45379102924095E+00
 0.45433266857746E+00
 0.45486239270429E+00
 0.45538055787378E+00
 0.45588750747905E+00
 0.45638357220162E+00
 0.45686907097327E+00
 0.45734431111637E+00
 0.45780958903768E+00
 0.45826519127537E+00
 0.45871139349278E+00
 0.45914846197729E+00
 0.45957665362178E+00
 0.45999621673562E+00
 0.46040739148119E+00
 0.46081040812539E+00
 0.46120549151898E+00
 0.46159285684501E+00
 0.46197271300155E+00
 0.46234526230794E+00
 0.46271069969549E+00
 0.46306921351847E+00
 0.46342098651670E+00
 0.46376619519103E+00
 0.46410501076455E+00
 0.46443759829444E+00
 0.46476411761495E+00
 0.46508472376171E+00
 0.46539956685238E+00
 0.46570879224523E+00
 0.46601254059095E+00
 0.46631094824685E+00
 0.46660414737249E+00
 0.46689226603283E+00
 0.46717542839734E+00
 0.46745375479745E+00
 0.46772736204484E+00
 0.46799636330034E+00
 0.46826086837021E+00
 0.46852098379867E+00
 0.46877681297909E+00
 0.46902845625308E+00
 0.46927601102347E+00
 0.46951957185613E+00
 0.46975923055088E+00
 0.46999507633793E+00
 0.47022719581328E+00
 0.47045567312976E+00
 0.47068059005011E+00
 0.47090202603336E+00
 0.47112005830887E+00
 0.47133476199174E+00
 0.47154621006290E+00
 0.47175447345913E+00
 0.47195962120515E+00
 0.47216172043888E+00
 0.47236083647279E+00
 0.47255703285280E+00
 0.47275037141578E+00
 0.47294091234292E+00
 0.47312871421302E+00
 0.47331383405763E+00
 0.47349632739883E+00
 0.47367624828148E+00
 0.47385364936974E+00
 0.47402858197608E+00
 0.47420109606793E+00
 0.47437124032918E+00
 0.47453906219987E+00
