                  NaN
                  NaN
                  NaN
                  NaN
                  NaN
 0.10000000133514E-09
 0.10000000133514E-09
 0.10000000133514E-09
 0.10000000133514E-09
 0.10000000133517E-09
 0.10000000133555E-09
 0.10000000133930E-09
 0.10000000137080E-09
 0.10000000170361E-09
 0.10000000588520E-09
 0.10000005180809E-09
 0.11278291358060E-06
 0.11284509644721E-06
 0.55975202414987E-06
 0.10885744392215E-05
 0.19581475069006E-05
 0.33363617332131E-05
 0.54240485375159E-05
 0.84652052879910E-05
 0.12747927938292E-04
 0.18604082865892E-04
 0.26408263402497E-04
 0.36576345973843E-04
 0.49563972637906E-04
 0.65864941068303E-04
 0.86009541747660E-04
 0.11056358224252E-03
 0.14012889248685E-03
 0.17534083958860E-03
 0.21687048897255E-03
 0.26542369246165E-03
 0.32174309782015E-03
 0.38660884272283E-03
 0.46083914466311E-03
 0.54529295533527E-03
 0.64087134020518E-03
 0.74851832986998E-03
 0.86922443517896E-03
 0.10040281308337E-02
 0.11540156602775E-02
 0.13203261680153E-02
 0.15041524187084E-02
 0.17067416594410E-02
 0.19293985117079E-02
 0.21734869305034E-02
 0.24404319196699E-02
 0.27317225032378E-02
 0.30489126756885E-02
 0.33936224742217E-02
 0.37675402340942E-02
 0.41724269408858E-02
 0.46101165293008E-02
 0.50825151245737E-02
 0.55916079305100E-02
 0.61394582115777E-02
 0.67298042712521E-02
 0.73619144582455E-02
 0.80395007409416E-02
 0.87649694057790E-02
 0.95408186332371E-02
 0.10369636477788E-01
 0.11254109246506E-01
 0.12197021323870E-01
 0.13201262034891E-01
 0.14269825390627E-01
 0.15405813796120E-01
 0.16612443352967E-01
 0.17893046317043E-01
 0.19251083225985E-01
 0.20690129945869E-01
 0.22213894307499E-01
 0.23826227882290E-01
 0.25531104617870E-01
 0.27332668627246E-01
 0.29235204765078E-01
 0.31243154648099E-01
 0.33361119157887E-01
 0.35593886294480E-01
 0.37946404848936E-01
 0.40423813599904E-01
 0.43031444627121E-01
 0.45774843235265E-01
 0.48659741221720E-01
 0.51693225124778E-01
 0.54879446480374E-01
 0.58225765946179E-01
 0.61738812818052E-01
 0.65425520064798E-01
 0.69293073642429E-01
 0.73348834151633E-01
 0.77600583296816E-01
 0.82056293013341E-01
 0.86724238018499E-01
 0.91612930053096E-01
 0.96731238404953E-01
 0.10208832014112E+00
 0.10769364224485E+00
 0.11355693621232E+00
 0.11968820539172E+00
 0.12609787465831E+00
 0.13279652936175E+00
 0.13979513607381E+00
 0.14710472394062E+00
 0.15473683149102E+00
 0.16270450286061E+00
 0.17101703448898E+00
 0.17968769088012E+00
 0.18872863050482E+00
 0.19815219545808E+00
 0.20797068563170E+00
 0.21819653228458E+00
 0.22884204865970E+00
 0.23991934006429E+00
 0.25144054392719E+00
 0.26341731976579E+00
 0.27586097884930E+00
 0.28878233275266E+00
 0.30219155634503E+00
 0.31609796357138E+00
 0.33050979750119E+00
 0.34543395127221E+00
 0.36087586310076E+00
 0.37683867938480E+00
 0.39332461909149E+00
 0.41032890423772E+00
 0.42784630179312E+00
 0.44586591945263E+00
 0.46437260348283E+00
 0.48334323761191E+00
 0.50274822647011E+00
 0.52254829238815E+00
 0.54269543472493E+00
 0.56313096381860E+00
 0.58378595394005E+00
 0.60458157717721E+00
 0.62542853706211E+00
 0.64623347395065E+00
 0.66689378858741E+00
 0.68730810482087E+00
 0.70737478017569E+00
 0.72699651531705E+00
 0.74608407444310E+00
 0.76455803686301E+00
 0.78235136852227E+00
 0.79941073023953E+00
 0.81569654248171E+00
 0.83118293595498E+00
 0.84585662078734E+00
 0.85971682213292E+00
 0.87277169204211E+00
 0.88503810714050E+00
 0.89653975853689E+00
 0.90730562776067E+00
 0.91736788704160E+00
 0.92676133574918E+00
 0.93552217653011E+00
 0.94368708871985E+00
 0.95129243485185E+00
 0.95837381885877E+00
 0.96496569647913E+00
 0.97110102038577E+00
 0.97681109587223E+00
 0.98212558437137E+00
 0.98707222518307E+00
 0.99167706742333E+00
 0.99596437404065E+00
 0.99995673395225E+00
 0.10036751218979E+01
 0.10071389976186E+01
 0.10103663757003E+01
 0.10133739366442E+01
 0.10161771044726E+01
 0.10187901874798E+01
 0.10212263625191E+01
 0.10234978709780E+01
 0.10256159747559E+01
 0.10275911664717E+01
 0.10294331134320E+01
 0.10311507601177E+01
 0.10327524260516E+01
 0.10342458004753E+01
 0.10356380182600E+01
 0.10369356917784E+01
 0.10381449676331E+01
 0.10392715565668E+01
 0.10403207545008E+01
 0.10412974912982E+01
 0.10422063507770E+01
 0.10430516067780E+01
 0.10438372320484E+01
 0.10445669317240E+01
 0.10452441558186E+01
 0.10458721261675E+01
 0.10464538382955E+01
 0.10469921158768E+01
 0.10474895747011E+01
 0.10479486637459E+01
 0.10483716797402E+01
 0.10487607671171E+01
 0.10491179273599E+01
 0.10494450507320E+01
 0.10497438939188E+01
 0.10500161135469E+01
 0.10502632542524E+01
 0.10504867715654E+01
 0.10506880354073E+01
 0.10508683250854E+01
 0.10510288421178E+01
 0.10511707229548E+01
 0.10512950321743E+01
 0.10514027715739E+01
 0.10514948829426E+01
 0.10515722508756E+01
 0.10516357151140E+01
 0.10516860631739E+01
 0.10517240366102E+01
 0.10517503354907E+01
 0.10517656191012E+01
 0.10517705109361E+01
 0.10517655988671E+01
 0.10517514380656E+01
 0.10517285521638E+01
 0.10516974364602E+01
 0.10516585584254E+01
 0.10516123609379E+01
 0.10515592616439E+01
 0.10514996565590E+01
 0.10514339193728E+01
 0.10513624047613E+01
 0.10512854470579E+01
 0.10512033642719E+01
 0.10511164562371E+01
 0.10510250075439E+01
 0.10509292883035E+01
 0.10508295532745E+01
 0.10507260448368E+01
 0.10506189926983E+01
 0.10505086144112E+01
 0.10503951168325E+01
 0.10502786946991E+01
 0.10501595338031E+01
 0.10500378108482E+01
 0.10499136924405E+01
 0.10497873381837E+01
 0.10496588978621E+01
 0.10495285141995E+01
 0.10493963230514E+01
 0.10492624539152E+01
 0.10491270288688E+01
 0.10489901636894E+01
 0.10488519684456E+01
 0.10487125486861E+01
 0.10485720034955E+01
 0.10484304282304E+01
 0.10482879115383E+01
 0.10481445396065E+01
 0.10480003929884E+01
 0.10478555489312E+01
 0.10477100804828E+01
 0.10475640571282E+01
 0.10474175448389E+01
 0.10472706063160E+01
 0.10471233012353E+01
 0.10469756859488E+01
 0.10468278142288E+01
 0.10466797370868E+01
 0.10465315029305E+01
 0.10463831577940E+01
 0.10462347453375E+01
 0.10460863069641E+01
 0.10459378819908E+01
 0.10457895076718E+01
 0.10456412194145E+01
 0.10454930507877E+01
 0.10453450335694E+01
 0.10451971979673E+01
 0.10450495725626E+01
 0.10449021844049E+01
 0.10447550591138E+01
 0.10446082209429E+01
 0.10444616928863E+01
 0.10443154966556E+01
 0.10441696527725E+01
 0.10440241806131E+01
 0.10438790985270E+01
 0.10437344237807E+01
 0.10435901726787E+01
 0.10434463606154E+01
 0.10433030020840E+01
 0.10431601107229E+01
 0.10430176993662E+01
 0.10428757800423E+01
 0.10427343640406E+01
 0.10425934619612E+01
 0.10424530837441E+01
