-0.00000000000000E+00
-0.48481404995192E-04
-0.24254169554539E-02
-0.29359530841672E-01
-0.17450747057450E+00
-0.68340600516348E+00
-0.20468633716059E+01
-0.50819838229851E+01
-0.10956311368158E+02
-0.21072107351443E+02
-0.36685445520629E+02
-0.58201316639049E+02
-0.84137698024229E+02
-0.10982074117431E+03
-0.12591099227114E+03
-0.11560690797791E+03
-0.56406346487330E+02
 0.83722384761749E+02
 0.34816326696075E+03
 0.79123505345837E+03
 0.15035068642620E+04
 0.25256834567189E+04
 0.39531318996148E+04
 0.59297369200478E+04
 0.85567862517983E+04
 0.11969476733989E+05
 0.16313531961088E+05
 0.21747165328666E+05
 0.28436804703391E+05
 0.36558604335840E+05
 0.46299022893522E+05
 0.57850348895188E+05
 0.71401548890823E+05
 0.87153214783824E+05
 0.10531002939780E+06
 0.12608036736013E+06
 0.14967161474214E+06
 0.17629731506738E+06
 0.20617483391926E+06
 0.23952654115063E+06
 0.27657991238237E+06
 0.31757272377778E+06
 0.36274738236454E+06
 0.41235919891913E+06
 0.46667700572900E+06
 0.52598527551686E+06
 0.59058663321644E+06
 0.66080450117722E+06
 0.73698585786009E+06
 0.81950435571822E+06
 0.90876338050839E+06
 0.10051969108785E+07
 0.11092751177528E+07
 0.12215064559399E+07
 0.13424407063029E+07
 0.14726720508611E+07
 0.16128421263413E+07
 0.17636430546885E+07
 0.19258205846516E+07
 0.21001773659048E+07
 0.22876219221745E+07
 0.24889971434256E+07
 0.27053324063196E+07
 0.29376887102794E+07
 0.31871996227574E+07
 0.34550743525797E+07
 0.37426012408330E+07
 0.40511509912742E+07
 0.43821802628722E+07
 0.47372350061351E+07
 0.51179540806609E+07
 0.55260729043761E+07
 0.59634294961740E+07
 0.64319612924671E+07
 0.69337169340268E+07
 0.74708578801432E+07
 0.80456629209835E+07
 0.86605300439887E+07
 0.93179854217782E+07
 0.10020685878293E+08
 0.10771423863995E+08
 0.11573132827947E+08
 0.12428900310632E+08
 0.13341949834278E+08
 0.14315677834933E+08
 0.15353638436849E+08
 0.16459570370193E+08
 0.17637379044921E+08
 0.18891278779039E+08
 0.20225344575351E+08
 0.21644164601379E+08
 0.23152424143216E+08
 0.24755033945344E+08
 0.26457156912185E+08
 0.28264132173173E+08
 0.30181608997948E+08
 0.32215433834929E+08
 0.34371731651425E+08
 0.36656887168463E+08
 0.39077564212135E+08
 0.41640711625158E+08
 0.44353572525306E+08
 0.47223682385177E+08
 0.50258868293490E+08
 0.53467317936315E+08
 0.56857473299671E+08
 0.60438152286433E+08
 0.64218410216994E+08
 0.68207743145740E+08
 0.72416098026164E+08
 0.76853136336082E+08
 0.81529443411358E+08
 0.86455701423110E+08
 0.91642902375759E+08
 0.97102300720785E+08
 0.10284544233926E+09
 0.10888411992192E+09
 0.11523024358372E+09
 0.12189607545575E+09
 0.12889392245016E+09
 0.13623622070522E+09
 0.14393551564617E+09
 0.15200438329696E+09
 0.16045539066897E+09
 0.16930099452504E+09
 0.17855346537437E+09
 0.18822491352957E+09
 0.19832729000525E+09
 0.20887215665878E+09
 0.21987012166446E+09
 0.23133178701578E+09
 0.24326699635652E+09
 0.25568506626502E+09
 0.26859418530887E+09
 0.28200196257511E+09
 0.29591476870037E+09
 0.31033821964185E+09
 0.32527677846257E+09
 0.34073409502945E+09
 0.35671274815243E+09
 0.37321458851748E+09
 0.39024133142908E+09
 0.40779352995039E+09
 0.42587203040337E+09
 0.44447742791255E+09
 0.46361049274982E+09
 0.48327253744619E+09
 0.50346525772808E+09
 0.52419111507224E+09
 0.54545343985093E+09
 0.56725637095532E+09
 0.58960516237498E+09
 0.61250599758591E+09
 0.63596620370067E+09
 0.65999430616304E+09
 0.68459977974704E+09
 0.70979330871958E+09
 0.73558668318097E+09
 0.76199256336036E+09
 0.78902465073027E+09
 0.81669753065970E+09
 0.84502657790784E+09
 0.87402791786427E+09
 0.90371831637802E+09
 0.93411508672454E+09
 0.96523597868746E+09
 0.99709918299780E+09
 0.10297231757680E+10
 0.10631267852056E+10
 0.10973289911782E+10
 0.11323489751476E+10
 0.11682060581114E+10
 0.12049196753670E+10
 0.12425093336869E+10
 0.12809946611587E+10
 0.13203953346156E+10
 0.13607310680786E+10
 0.14020215720831E+10
 0.14442868091045E+10
 0.14875465097337E+10
 0.15318206768505E+10
 0.15771292251867E+10
 0.16234921758319E+10
 0.16709296514165E+10
 0.17194617582778E+10
 0.17691086946283E+10
 0.18198907353799E+10
 0.18718282172249E+10
 0.19249415282629E+10
 0.19792511439100E+10
 0.20347776266397E+10
 0.20915416166835E+10
 0.21495638180724E+10
 0.22088649974883E+10
 0.22694660554057E+10
 0.23313879173167E+10
 0.23946516693835E+10
 0.24592784091232E+10
 0.25252894547493E+10
 0.25927059669409E+10
 0.26615494144767E+10
 0.27318412574647E+10
 0.28036030641677E+10
 0.28768564680374E+10
 0.29516233039347E+10
 0.30279252820808E+10
 0.31057843764876E+10
 0.31852225468508E+10
 0.32662619645138E+10
 0.33489247682115E+10
 0.34332331338354E+10
 0.35192094859031E+10
 0.36068762665406E+10
 0.36962559500796E+10
 0.37873710370885E+10
 0.38802443395936E+10
 0.39748985238777E+10
 0.40713565559599E+10
 0.41696412239606E+10
 0.42697755784222E+10
 0.43717826456411E+10
 0.44756856721836E+10
 0.45815078464962E+10
 0.46892724858815E+10
 0.47990029891130E+10
 0.49107228331951E+10
 0.50244555684482E+10
 0.51402247941371E+10
 0.52580542601957E+10
 0.53779677408716E+10
 0.54999890999437E+10
 0.56241422806793E+10
 0.57504512966617E+10
 0.58789402130105E+10
 0.60096332216617E+10
 0.61425545626791E+10
 0.62777285408906E+10
 0.64151795030061E+10
 0.65549319248754E+10
 0.66970103907736E+10
 0.68414396616387E+10
 0.69882442012195E+10
 0.71374488475606E+10
 0.72890783538817E+10
 0.74431578557689E+10
 0.75997124320804E+10
 0.77587666123806E+10
 0.79203461716742E+10
 0.80844760518510E+10
 0.82511813528345E+10
 0.84204877632523E+10
 0.85924207968185E+10
 0.87670056818880E+10
 0.89442680879942E+10
 0.91242336593487E+10
 0.93069283882579E+10
 0.94923780146727E+10
 0.96806084558528E+10
 0.98716455144736E+10
 0.10065515390458E+11
 0.10262244215615E+11
 0.10461858189178E+11
 0.10664383609214E+11
 0.10869846846646E+11
 0.11078274347626E+11
 0.11289692646991E+11
 0.11504128335874E+11
 0.11721608143009E+11
 0.11942158806430E+11
 0.12165807159789E+11
 0.12392580124145E+11
 0.12622504695997E+11
 0.12855607954824E+11
 0.13091917058444E+11
 0.13331459244314E+11
 0.13574261866385E+11
 0.13820352250331E+11
 0.14069757909020E+11
 0.14322506400778E+11
 0.14578625362399E+11
 0.14838142514475E+11
 0.15101085658498E+11
 0.15367482701701E+11
 0.15637361605099E+11
 0.15910750393001E+11
 0.16187677193102E+11
 0.16468170215131E+11
 0.16752257751025E+11
 0.17039968175139E+11
 0.17331329944544E+11
 0.17626371598987E+11
 0.17925121761273E+11
 0.18227609142405E+11
 0.18533862527388E+11
 0.18843910769314E+11
 0.19157782827116E+11
 0.19475507757732E+11
 0.19797114685644E+11
 0.20122632819593E+11
 0.20452091452516E+11
