             NaN
  -3.2444703e-02
  -7.0449871e-02
  -1.3063123e-01
  -2.0803887e-01
  -2.8139551e-01
  -1.8425915e-01
  -1.1744185e+00
   5.5583511e-01
  -1.4280841e+00
  -4.1446715e-01
   3.0705189e+01
  -7.4375233e-01
  -6.2561568e-01
  -3.0444583e+00
  -1.7049040e+00
  -1.0273903e+01
   5.7458781e-01
   1.1821425e+00
   1.1693744e+00
   1.0278558e+00
   1.0147664e+00
   1.0166800e+00
   1.0089469e+00
   1.0081407e+00
   1.0066567e+00
   1.0046941e+00
   1.0040740e+00
   1.0029920e+00
   1.0021367e+00
   1.0013806e+00
   1.0015602e+00
   1.0013184e+00
   1.0011109e+00
   1.0009579e+00
   1.0008141e+00
   1.0007011e+00
   1.0005907e+00
   1.0005914e+00
   1.0005621e+00
   1.0005686e+00
   1.0006267e+00
   1.0007034e+00
   1.0008209e+00
   1.0009858e+00
   1.0011908e+00
   1.0014596e+00
   1.0017922e+00
   1.0021917e+00
   1.0025231e+00
   1.0031271e+00
   1.0039973e+00
   9.8951607e-01
   9.8655439e-01
   1.0189777e+00
   1.0407374e+00
   1.0239878e+00
   9.9799647e-01
   9.8498077e-01
   9.9400878e-01
   1.0161099e+00
   1.0346370e+00
   1.0388667e+00
   1.0305426e+00
   1.0169413e+00
   1.0245400e+00
   1.0406500e+00
   1.0323816e+00
   1.0414007e+00
   1.0457795e+00
   1.0503860e+00
   1.0549621e+00
   1.0605929e+00
   1.0663004e+00
   1.0722827e+00
   1.0785030e+00
   1.0849875e+00
   1.0923869e+00
   1.0876185e+00
   1.1000522e+00
   1.1191075e+00
   1.1352949e+00
   1.1428222e+00
   1.1491214e+00
   1.1486397e+00
   1.1524263e+00
   1.1611446e+00
   1.1733823e+00
   1.1962388e+00
   1.2131796e+00
   1.2276497e+00
   1.2402874e+00
   1.2475961e+00
   1.2550598e+00
   1.2696280e+00
   1.2953921e+00
   1.3074557e+00
   1.3130469e+00
   1.3369930e+00
   1.3576325e+00
   1.3803535e+00
   1.3997507e+00
   1.4146475e+00
   1.4297286e+00
   1.4454562e+00
   1.4616195e+00
   1.4820181e+00
   1.5040717e+00
   1.5270571e+00
   1.5549121e+00
   1.5838185e+00
   1.6011206e+00
   1.6177817e+00
   1.6396693e+00
   1.6599073e+00
   1.6816480e+00
   1.7038495e+00
   1.7256773e+00
   1.7407210e+00
   1.7474319e+00
   1.7599054e+00
   1.7637178e+00
   1.7551262e+00
   1.7392315e+00
   1.7171166e+00
   1.6910255e+00
   1.6530565e+00
   1.6002883e+00
   1.5244575e+00
   1.4162200e+00
   1.2712511e+00
   1.0860190e+00
   8.6321092e-01
   5.9379095e-01
   2.9150973e-01
  -2.5716487e-02
  -3.4291611e-01
  -6.4536507e-01
  -9.2328579e-01
  -1.1646004e+00
  -1.3605606e+00
  -1.5014556e+00
  -1.5902719e+00
  -1.6251487e+00
  -1.6144260e+00
  -1.5674550e+00
  -1.4933520e+00
  -1.3985113e+00
  -1.2923834e+00
  -1.1798023e+00
  -1.0631347e+00
  -9.3895545e-01
  -8.1445100e-01
  -6.9196694e-01
  -5.7217937e-01
  -4.5721815e-01
  -3.4804458e-01
  -2.4904422e-01
  -1.6017092e-01
  -8.4344935e-02
  -2.0478516e-02
   3.1246564e-02
   7.1019323e-02
   9.5550046e-02
   1.0724082e-01
   1.0924796e-01
   1.0701521e-01
   1.0352299e-01
   9.4848262e-02
   8.3218011e-02
   7.1428922e-02
   5.8878364e-02
   4.8524574e-02
   3.6516144e-02
   2.6909639e-02
   1.9093968e-02
   1.1170074e-02
   3.1943653e-03
  -2.8121089e-03
  -7.8390721e-03
  -1.3627989e-02
  -1.7120076e-02
  -1.9988292e-02
  -2.3721078e-02
  -2.7842485e-02
  -3.0806917e-02
  -3.4058938e-02
  -3.7061972e-02
  -3.7506671e-02
  -3.7135610e-02
  -3.7287702e-02
  -3.4524586e-02
  -3.4190997e-02
  -3.3788080e-02
  -3.3557148e-02
  -3.3963152e-02
  -3.4708231e-02
  -3.4297858e-02
  -3.3127851e-02
  -3.1461193e-02
  -3.1843482e-02
  -2.9947105e-02
  -3.0264580e-02
  -3.0115289e-02
  -2.7952571e-02
  -2.7198304e-02
  -2.7482801e-02
  -2.5151307e-02
  -2.2036524e-02
  -2.0461181e-02
  -2.0197084e-02
  -1.6312847e-02
  -1.3277705e-02
  -1.3178946e-02
  -1.1481773e-02
  -8.8276797e-03
  -6.9063371e-03
  -5.2375333e-03
  -1.9639916e-03
  -9.8282228e-06
  -1.8291087e-03
   5.3007422e-04
   6.2472427e-03
   9.6866937e-03
   1.1451149e-02
   1.2888808e-02
   1.3074079e-02
   1.7114050e-02
   1.6312578e-02
   1.5926888e-02
   1.5980679e-02
   1.5196878e-02
   2.0804994e-02
   2.3551900e-02
   3.0135063e-02
   3.1449686e-02
   3.6572653e-02
   3.6167421e-02
   4.0303664e-02
   3.7019516e-02
   3.5963129e-02
   3.6178861e-02
   3.5535793e-02
   4.0947260e-02
   3.9259125e-02
   4.5295648e-02
   3.8479835e-02
   4.4663557e-02
   4.3925539e-02
   4.7331826e-02
   4.4517273e-02
   4.9022854e-02
   4.2218390e-02
   4.4758830e-02
   4.7802397e-02
   5.7150641e-02
   6.3079587e-02
   6.6920740e-02
   6.8243134e-02
   6.9568379e-02
   6.8538831e-02
   6.7111225e-02
   6.8473486e-02
   6.5961567e-02
   6.8066130e-02
   6.3397579e-02
   6.4863968e-02
   6.1238507e-02
   6.2936700e-02
   6.3026965e-02
   6.8812554e-02
   6.4926310e-02
   7.6492476e-02
   8.0931138e-02
   9.2868145e-02
   9.2557441e-02
   9.6020741e-02
   1.0256925e-01
   1.0137144e-01
   9.2585513e-02
   9.3578517e-02
   9.3931207e-02
   8.7306176e-02
   9.0499479e-02
   9.2986817e-02
   9.2009111e-02
   8.7113395e-02
   8.6533091e-02
   9.5571244e-02
   9.5937446e-02
   8.9546783e-02
   9.5915938e-02
   1.0168900e-01
   1.0519195e-01
   1.1147159e-01
   9.4769022e-02
   8.5370283e-02
   8.3489852e-02
   8.5634553e-02
   9.2459482e-02
