 0.66336429423085E+01
 0.66336429423085E+01
 0.66336429423101E+01
 0.66336429423279E+01
 0.66336429424236E+01
 0.66336429427592E+01
 0.66336429436584E+01
 0.66336429456602E+01
 0.66336429495344E+01
 0.66336429562060E+01
 0.66336429665033E+01
 0.66336429806934E+01
 0.66336429977989E+01
 0.66336430147374E+01
 0.66336430253492E+01
 0.66336430185535E+01
 0.66336429795096E+01
 0.66336428870920E+01
 0.66336427126881E+01
 0.66336424204737E+01
 0.66336419507167E+01
 0.66336412765715E+01
 0.66336403351416E+01
 0.66336390315325E+01
 0.66336372989427E+01
 0.66336350482074E+01
 0.66336321832190E+01
 0.66336285996329E+01
 0.66336241876865E+01
 0.66336188312027E+01
 0.66336124072085E+01
 0.66336047888859E+01
 0.66335958516077E+01
 0.66335854630798E+01
 0.66335734883098E+01
 0.66335597898707E+01
 0.66335442309874E+01
 0.66335266708237E+01
 0.66335069660228E+01
 0.66334849699277E+01
 0.66334605325136E+01
 0.66334334969626E+01
 0.66334037034026E+01
 0.66333709834513E+01
 0.66333351598084E+01
 0.66332960448588E+01
 0.66332534390155E+01
 0.66332071289752E+01
 0.66331568858989E+01
 0.66331024633555E+01
 0.66330435953045E+01
 0.66329799955284E+01
 0.66329113539405E+01
 0.66328373352050E+01
 0.66327575767308E+01
 0.66326716866434E+01
 0.66325792417709E+01
 0.66324797856457E+01
 0.66323728264319E+01
 0.66322578347666E+01
 0.66321342114608E+01
 0.66320014006125E+01
 0.66318587233276E+01
 0.66317054798568E+01
 0.66315409225902E+01
 0.66313642540313E+01
 0.66311746244944E+01
 0.66309711299737E+01
 0.66307528097746E+01
 0.66305186443128E+01
 0.66302675527288E+01
 0.66299983904810E+01
 0.66297099453603E+01
 0.66294009395900E+01
 0.66290700220520E+01
 0.66287157672220E+01
 0.66283366721941E+01
 0.66279311554491E+01
 0.66274975509274E+01
 0.66270341064023E+01
 0.66265389801987E+01
 0.66260102376504E+01
 0.66254458424647E+01
 0.66248436686665E+01
 0.66242014762405E+01
 0.66235169211733E+01
 0.66227875377000E+01
 0.66220107501273E+01
 0.66211837790311E+01
 0.66203039368682E+01
 0.66193681976537E+01
 0.66183734713509E+01
 0.66173165192288E+01
 0.66161939362522E+01
 0.66150022011623E+01
 0.66137375881565E+01
 0.66123962413891E+01
 0.66109741213259E+01
 0.66094670171201E+01
 0.66078705338496E+01
 0.66061800886184E+01
 0.66043909044505E+01
 0.66024980115560E+01
 0.66004962478188E+01
 0.65983802133018E+01
 0.65961443403520E+01
 0.65937828133923E+01
 0.65912896602639E+01
 0.65886586181355E+01
 0.65858831267991E+01
 0.65829568143235E+01
 0.65798726994752E+01
 0.65766237371559E+01
 0.65732026779265E+01
 0.65696020992588E+01
 0.65658143864212E+01
 0.65618317619064E+01
 0.65576463707634E+01
 0.65532501258800E+01
 0.65486349106098E+01
 0.65437925230795E+01
 0.65387146893388E+01
 0.65333931152568E+01
 0.65278195126469E+01
 0.65219856660334E+01
 0.65158834827784E+01
 0.65095049758967E+01
 0.65028422634635E+01
 0.64958877202104E+01
 0.64886343498416E+01
 0.64810751601375E+01
 0.64732036590249E+01
 0.64650137020405E+01
 0.64564998886658E+01
 0.64476572005608E+01
 0.64384814361676E+01
 0.64289688916540E+01
 0.64191166235438E+01
 0.64089222246790E+01
 0.63983839942849E+01
 0.63875007117983E+01
 0.63762712459426E+01
 0.63646952319622E+01
 0.63527721116912E+01
 0.63405014926336E+01
 0.63278828667802E+01
 0.63149153684914E+01
 0.63015978794029E+01
 0.62879287761232E+01
 0.62739058622075E+01
 0.62595264079771E+01
 0.62447869483244E+01
 0.62296834051276E+01
 0.62142109460143E+01
 0.61983639482897E+01
 0.61821361631574E+01
 0.61655205441368E+01
 0.61485093154291E+01
 0.61310941273687E+01
 0.61132659435696E+01
 0.60950151446994E+01
 0.60763315908073E+01
 0.60572046468874E+01
 0.60376232555384E+01
 0.60175759983207E+01
 0.59970511689092E+01
 0.59760367701653E+01
 0.59545206167360E+01
 0.59324902910546E+01
 0.59099332755320E+01
 0.58868369196234E+01
 0.58631884807578E+01
 0.58389751409811E+01
 0.58141840352001E+01
 0.57888022183117E+01
 0.57628167130644E+01
 0.57362145176806E+01
 0.57089826326813E+01
 0.56811078924285E+01
 0.56525772842162E+01
 0.56233776157590E+01
 0.55934957529065E+01
 0.55629184913632E+01
 0.55316325598659E+01
 0.54996246978966E+01
 0.54668815843440E+01
 0.54333898475121E+01
 0.53991360749594E+01
 0.53641068203405E+01
 0.53282885797229E+01
 0.52916677917581E+01
 0.52542308438147E+01
 0.52159640811844E+01
 0.51768538078392E+01
 0.51368862395125E+01
 0.50960475754382E+01
 0.50543239088848E+01
 0.50117013256323E+01
 0.49681657659071E+01
 0.49237032738325E+01
 0.48782996903344E+01
 0.48319408620569E+01
 0.47846125643141E+01
 0.47363005294267E+01
 0.46869903568821E+01
 0.46366677283701E+01
 0.45853181516054E+01
 0.45329271437444E+01
 0.44794800823579E+01
 0.44249623665226E+01
 0.43693593708097E+01
 0.43126563058166E+01
 0.42548383705277E+01
 0.41958907426872E+01
 0.41357985827355E+01
 0.40745468457006E+01
 0.40121205827312E+01
 0.39485046472941E+01
 0.38836840101835E+01
 0.38176434691216E+01
 0.37503678378212E+01
 0.36818417847225E+01
 0.36120500165973E+01
 0.35409771552342E+01
 0.34686077686898E+01
 0.33949263734264E+01
 0.33199174375527E+01
 0.32435653968978E+01
 0.31658545879214E+01
 0.30867693310480E+01
 0.30062938876544E+01
 0.29244124666934E+01
 0.28411092307429E+01
 0.27563683083915E+01
 0.26701737445904E+01
 0.25825095525490E+01
 0.24933597027640E+01
 0.24027081381098E+01
 0.23105387162907E+01
 0.22168352235023E+01
 0.21215813294279E+01
 0.20247608997523E+01
 0.19263575533055E+01
 0.18263549648609E+01
 0.17247365570139E+01
 0.16214857897731E+01
 0.15165864854169E+01
 0.14100216448319E+01
 0.13017748183598E+01
 0.11918294521163E+01
 0.10801686039553E+01
 0.96677544708949E+00
 0.85163334293147E+00
 0.73472536192810E+00
 0.61603459122643E+00
 0.49554388839834E+00
 0.37323627744899E+00
 0.24909466544490E+00
 0.12310203502330E+00
-0.47588931712676E-02
-0.13450535357141E+00
-0.26615462507746E+00
-0.39972405177308E+00
-0.53523102579071E+00
-0.67269298887908E+00
-0.81212744127578E+00
-0.95355192034639E+00
-0.10969840542076E+01
-0.12424414771092E+01
-0.13899418863628E+01
-0.15395030369270E+01
-0.16911427335140E+01
-0.18448788355638E+01
-0.20007292541825E+01
-0.21587119529982E+01
-0.23188449724699E+01
-0.24811463344083E+01
-0.26456341840802E+01
-0.28123266967352E+01
-0.29812420993722E+01
-0.31523986742563E+01
-0.33258147570099E+01
-0.35015087529922E+01
-0.36794991030315E+01
-0.38598042897014E+01
-0.40424428637607E+01
-0.42274334300702E+01
-0.44147946477082E+01
-0.46045452301115E+01
-0.47967039452666E+01
-0.49912896156893E+01
-0.51883211186712E+01
-0.53878173896733E+01
-0.55897974129635E+01
-0.57942802177130E+01
-0.60012849028975E+01
-0.62108306321280E+01
-0.64229366135645E+01
-0.66376221109349E+01
-0.68549064434969E+01
