 0.18163555757303E+01
 0.18163555757279E+01
 0.18163555756727E+01
 0.18163555753170E+01
 0.18163555740895E+01
 0.18163555711060E+01
 0.18163555653294E+01
 0.18163555562510E+01
 0.18163555462548E+01
 0.18163555461219E+01
 0.18163555841609E+01
 0.18163557178700E+01
 0.18163560459150E+01
 0.18163567181566E+01
 0.18163579421525E+01
 0.18163599839591E+01
 0.18163631703318E+01
 0.18163678815200E+01
 0.18163745472479E+01
 0.18163836255483E+01
 0.18163956086387E+01
 0.18164109952367E+01
 0.18164303004597E+01
 0.18164540374555E+01
 0.18164826998841E+01
 0.18165167596785E+01
 0.18165566567630E+01
 0.18166027880765E+01
 0.18166554996777E+01
 0.18167150767411E+01
 0.18167817338993E+01
 0.18168556062428E+01
 0.18169367404787E+01
 0.18170250861406E+01
 0.18171204861019E+01
 0.18172226684769E+01
 0.18173312452884E+01
 0.18174456962255E+01
 0.18175653660203E+01
 0.18176894615558E+01
 0.18178170299048E+01
 0.18179469730306E+01
 0.18180780326180E+01
 0.18182087882447E+01
 0.18183376526764E+01
 0.18184628678740E+01
 0.18185825019828E+01
 0.18186944467857E+01
 0.18187964150132E+01
 0.18188859383418E+01
 0.18189603651072E+01
 0.18190168608135E+01
 0.18190524053172E+01
 0.18190637927936E+01
 0.18190476315243E+01
 0.18190003430134E+01
 0.18189181625319E+01
 0.18187971404042E+01
 0.18186331412850E+01
 0.18184218464340E+01
 0.18181581843701E+01
 0.18178384899960E+01
 0.18174574273850E+01
 0.18170099506964E+01
 0.18164908362352E+01
 0.18158946872364E+01
 0.18152159332675E+01
 0.18144488343583E+01
 0.18135874805191E+01
 0.18126257967078E+01
 0.18115575435188E+01
 0.18103763204817E+01
 0.18090755655609E+01
 0.18076485632731E+01
 0.18060884448153E+01
 0.18043881880336E+01
 0.18025406170921E+01
 0.18005384202481E+01
 0.17983741250278E+01
 0.17960401255529E+01
 0.17935286700707E+01
 0.17908318767629E+01
 0.17879417165802E+01
 0.17848500377526E+01
 0.17815485583580E+01
 0.17780288718110E+01
 0.17742824261806E+01
 0.17703005844934E+01
 0.17660736127307E+01
 0.17615943629950E+01
 0.17568530608256E+01
 0.17518406569100E+01
 0.17465479688837E+01
 0.17409657461456E+01
 0.17350847696950E+01
 0.17288956020645E+01
 0.17223888807431E+01
 0.17155552059949E+01
 0.17083852416875E+01
 0.17008696284439E+01
 0.16929990748031E+01
 0.16847643721534E+01
 0.16761564811398E+01
 0.16671665813612E+01
 0.16577859017984E+01
 0.16480061345957E+01
 0.16378191362982E+01
 0.16272174547160E+01
 0.16161937369668E+01
 0.16047400341341E+01
 0.15928528255531E+01
 0.15805256579054E+01
 0.15677541167771E+01
 0.15545346442670E+01
 0.15408648434377E+01
 0.15267433746029E+01
 0.15121701993225E+01
 0.14971469473565E+01
 0.14816764158434E+01
 0.14657634730357E+01
 0.14494147101467E+01
 0.14326387651689E+01
 0.14154464209378E+01
 0.13978507710905E+01
 0.13798675256623E+01
 0.13615150295149E+01
 0.13428142948538E+01
 0.13237895510180E+01
 0.13044668382986E+01
 0.12848786931669E+01
 0.12650582409623E+01
 0.12450427802561E+01
 0.12248725928366E+01
 0.12045920905459E+01
 0.11842483965966E+01
 0.11638922875164E+01
 0.11435765222884E+01
 0.11233563472549E+01
 0.11032883636177E+01
 0.10834289788735E+01
 0.10638354374984E+01
 0.10445611755025E+01
 0.10256591116399E+01
 0.10071775467473E+01
 0.98916047639191E+00
 0.97164706187476E+00
 0.95467052608338E+00
 0.93825905091081E+00
 0.92243458606620E+00
 0.90721360216256E+00
 0.89260698784642E+00
 0.87862067211372E+00
 0.86525589064058E+00
 0.85250916447251E+00
 0.84037394891701E+00
 0.82883979751582E+00
 0.81789343482395E+00
 0.80751850893347E+00
 0.79769757256961E+00
 0.78841102926036E+00
 0.77963807344194E+00
 0.77135699394127E+00
 0.76354566012906E+00
 0.75618178207505E+00
 0.74924313160368E+00
 0.74270789006115E+00
 0.73655470321439E+00
 0.73076313666075E+00
 0.72531336341652E+00
 0.72018648359787E+00
 0.71536463909621E+00
 0.71083092710285E+00
 0.70656944297666E+00
 0.70256522434130E+00
 0.69880430547184E+00
 0.69527365831633E+00
 0.69196108206132E+00
 0.68885510962745E+00
 0.68594530943245E+00
 0.68322169599430E+00
 0.68067509726973E+00
 0.67829690547209E+00
 0.67607916448892E+00
 0.67401440020398E+00
 0.67209563062198E+00
 0.67031635225876E+00
 0.66867044532103E+00
 0.66715213664362E+00
 0.66575605358542E+00
 0.66447712491318E+00
 0.66331057005127E+00
 0.66225186179565E+00
 0.66129673054561E+00
 0.66044116784064E+00
 0.65968129592325E+00
 0.65901350550300E+00
 0.65843429686286E+00
 0.65794035977771E+00
 0.65752857103889E+00
 0.65719590164605E+00
 0.65693946740195E+00
 0.65675651268755E+00
 0.65664438049811E+00
 0.65660050441730E+00
 0.65662248034477E+00
 0.65670790452640E+00
 0.65685454306708E+00
 0.65706021907479E+00
 0.65732278260550E+00
 0.65764018772650E+00
 0.65801052755425E+00
 0.65843186322098E+00
 0.65890232725278E+00
 0.65942017726914E+00
 0.65998364830985E+00
 0.66059112304463E+00
 0.66124094648917E+00
 0.66193151223964E+00
 0.66266133679193E+00
 0.66342895055952E+00
 0.66423288520410E+00
 0.66507178373094E+00
 0.66594426604409E+00
 0.66684902308514E+00
 0.66778477857580E+00
 0.66875029266156E+00
 0.66974436238341E+00
 0.67076581397094E+00
 0.67181352278679E+00
 0.67288637421828E+00
 0.67398329789508E+00
 0.67510324991470E+00
 0.67624521908209E+00
 0.67740822036519E+00
 0.67859130427370E+00
 0.67979353166629E+00
 0.68101400442799E+00
 0.68225183470300E+00
 0.68350617804330E+00
 0.68477622890633E+00
 0.68606116853623E+00
 0.68736019812497E+00
 0.68867257872908E+00
 0.68999755733385E+00
 0.69133445933134E+00
 0.69268255877440E+00
 0.69404116968087E+00
 0.69540967025796E+00
 0.69678743492931E+00
 0.69817380419615E+00
 0.69956820978457E+00
 0.70097009728480E+00
 0.70237887301059E+00
 0.70379399538573E+00
 0.70521493432887E+00
 0.70664118989450E+00
 0.70807227751912E+00
 0.70950773544156E+00
 0.71094705519128E+00
 0.71238980993043E+00
 0.71383555610880E+00
 0.71528388061365E+00
 0.71673437635939E+00
 0.71818665005969E+00
 0.71964032128748E+00
 0.72109502188263E+00
 0.72255039727376E+00
 0.72400610259051E+00
 0.72546180710371E+00
 0.72691719046221E+00
 0.72837194390961E+00
 0.72982576817237E+00
 0.73127837568895E+00
 0.73272948876881E+00
 0.73417883978293E+00
 0.73562617874671E+00
 0.73707124145147E+00
 0.73851379623493E+00
 0.73995361268572E+00
 0.74139046894038E+00
 0.74282415178433E+00
 0.74425445628502E+00
 0.74568118483025E+00
 0.74710414851590E+00
 0.74852316633474E+00
 0.74993806395883E+00
 0.75134867424585E+00
 0.75275483704416E+00
 0.75415639894626E+00
 0.75555321306953E+00
 0.75694513894052E+00
 0.75833204225941E+00
 0.75971379508868E+00
 0.76109027465365E+00
 0.76246136405364E+00
 0.76382695191778E+00
 0.76518693221948E+00
 0.76654120420618E+00
 0.76788967210975E+00
 0.76923224500560E+00
