 0.00000000000000E+00
-0.41277693348252E-23
-0.48032224987057E-21
 0.79253171228644E-21
-0.38954518722303E-19
-0.59204164724787E-20
-0.91773757922792E-20
-0.21518436794202E-19
-0.64770368245921E-19
-0.83417757263922E-19
-0.48482883458611E-19
-0.16941499444324E-18
-0.12895111092747E-18
-0.15341704073548E-11
 0.14546969309129E-11
-0.49603046434237E-12
 0.78635799869435E-11
 0.64201961878184E-11
-0.41372846360423E-11
-0.97773957066451E-12
 0.93998423209398E-11
-0.17260325781782E-11
 0.19699143971324E-09
-0.12089281329878E-08
 0.14968491776054E-09
 0.71465245020664E-07
 0.20869653412686E-06
-0.51189158751532E-06
-0.44481456811224E-06
 0.72719540685589E-06
 0.60323202949343E-07
 0.12221431432424E-06
-0.28591580562385E-06
 0.55381754905346E-06
 0.64799391454814E-07
-0.53169950651612E-07
-0.44462480373610E-07
-0.82664771240644E-07
-0.23821550005149E-06
-0.25707888264539E-08
-0.37710323051272E-07
-0.23618988098496E-07
-0.14535440473694E-06
 0.17730811820950E-06
 0.62451815687874E-07
 0.30134830397071E-06
 0.17912453868195E-06
 0.25098059420920E-06
 0.48173382839993E-06
 0.77743549716988E-06
 0.10366501487362E-05
 0.12588438754456E-05
 0.17539661718820E-05
 0.23163809068092E-05
 0.31329352570408E-05
 0.40246234329212E-05
 0.50429533196031E-05
 0.63427136097764E-05
 0.79144543446320E-05
 0.99301357249007E-05
 0.12183081355417E-04
 0.14873675721908E-04
 0.18099603660080E-04
 0.21864125608552E-04
 0.26257407614533E-04
 0.31288084613998E-04
 0.37036778097591E-04
 0.43919772667341E-04
 0.51562460033137E-04
 0.60300073141642E-04
 0.70150428164004E-04
 0.81339766754031E-04
 0.93798290970440E-04
 0.10786464239239E-03
 0.12351944168681E-03
 0.14099485938752E-03
 0.16033853625479E-03
 0.18176683179749E-03
 0.20526939519983E-03
 0.23114842555513E-03
 0.25927185766023E-03
 0.29059549026504E-03
 0.32404175141695E-03
 0.36474692179039E-03
 0.40225428501872E-03
 0.44418168270714E-03
 0.49084990286862E-03
 0.54119326001092E-03
 0.59539549062510E-03
 0.65357836492994E-03
 0.71593987283509E-03
 0.78270868507160E-03
 0.85408472054270E-03
 0.93021638329417E-03
 0.10113186339901E-02
 0.10976017351881E-02
 0.11892636674991E-02
 0.12864829740333E-02
 0.13895104762313E-02
 0.14984851253675E-02
 0.16136743098518E-02
 0.17352542257841E-02
 0.18634704243244E-02
 0.19984942312409E-02
 0.21405541183245E-02
 0.22899196716510E-02
 0.24467208847216E-02
 0.26112427286587E-02
 0.27836556344199E-02
 0.29642439910039E-02
 0.31531864925158E-02
 0.33507132685049E-02
 0.35570304602027E-02
 0.37723804087123E-02
 0.39969630847477E-02
 0.42311464835041E-02
 0.44746511458797E-02
 0.47283438309493E-02
 0.49914265618734E-02
 0.52672486348528E-02
 0.55514643585744E-02
 0.58450873362562E-02
 0.61507045632917E-02
 0.64673217248644E-02
 0.67947865924385E-02
 0.71333691011080E-02
 0.74832218865365E-02
 0.78442379811818E-02
 0.82164601158133E-02
 0.85999232059530E-02
 0.89945293656166E-02
 0.94002107731691E-02
 0.98168370310599E-02
 0.10244233846506E-01
 0.10682135846567E-01
 0.11130401469318E-01
 0.11588522247189E-01
 0.12056235421625E-01
 0.12533097301721E-01
 0.13018629883153E-01
 0.13512278414134E-01
 0.14013519925720E-01
 0.14521584748604E-01
 0.15035976645931E-01
 0.15555907565375E-01
 0.16080464331943E-01
 0.16609048195578E-01
 0.17140954302211E-01
 0.17674763266721E-01
 0.18209830852571E-01
 0.18745734146469E-01
 0.19281937075888E-01
 0.19815965595296E-01
 0.20346843047869E-01
 0.20875276738441E-01
 0.21399358881346E-01
 0.21918148171860E-01
 0.22431526374999E-01
 0.22937510247799E-01
 0.23436074469111E-01
 0.23925892730483E-01
 0.24406401525801E-01
 0.24876653581282E-01
 0.25335913290306E-01
 0.25783677747481E-01
 0.26219190223182E-01
 0.26641896230387E-01
 0.27051020648583E-01
 0.27446243909256E-01
 0.27827102285586E-01
 0.28193311046364E-01
 0.28544338006489E-01
 0.28879983263380E-01
 0.29200121696292E-01
 0.29504631218912E-01
 0.29793703650427E-01
 0.30067085932826E-01
 0.30324842672791E-01
 0.30567364853888E-01
 0.30795171345751E-01
 0.31008146654941E-01
 0.31207008915668E-01
 0.31392170639200E-01
 0.31563562713327E-01
 0.31722139009124E-01
 0.31868572202626E-01
 0.32003236124061E-01
 0.32126719975734E-01
 0.32239130253283E-01
 0.32341850057676E-01
 0.32434514934831E-01
 0.32518010731951E-01
 0.32592848496128E-01
 0.32659496389019E-01
 0.32718373467033E-01
 0.32769883964710E-01
 0.32814426511032E-01
 0.32852390952259E-01
 0.32884195430240E-01
 0.32910092169759E-01
 0.32930466375487E-01
 0.32945495977821E-01
 0.32955504768169E-01
 0.32960948637319E-01
 0.32961978071503E-01
 0.32958863426040E-01
 0.32951760583165E-01
 0.32940883839420E-01
 0.32926244123568E-01
 0.32908342169531E-01
 0.32887602859821E-01
 0.32863905332406E-01
 0.32836898722081E-01
 0.32807355142946E-01
 0.32775688332661E-01
 0.32741366940766E-01
 0.32704830975019E-01
 0.32666279574923E-01
 0.32625718437770E-01
 0.32583266052998E-01
 0.32539166776921E-01
 0.32493299458068E-01
 0.32446021201413E-01
 0.32397091885974E-01
 0.32346921163477E-01
 0.32295462990621E-01
 0.32242776450781E-01
 0.32188945559378E-01
 0.32134090757475E-01
 0.32078205567687E-01
 0.32021419341532E-01
 0.31963775008056E-01
 0.31905307719151E-01
 0.31846068776806E-01
 0.31786145870413E-01
 0.31725552253784E-01
 0.31664352132677E-01
 0.31602635594526E-01
 0.31540413696416E-01
 0.31477630870602E-01
 0.31414399084474E-01
 0.31350864445086E-01
 0.31286874318575E-01
 0.31222469094270E-01
 0.31157864971985E-01
 0.31092944230790E-01
 0.31027761342148E-01
 0.30962319226337E-01
 0.30896703558411E-01
 0.30830921359068E-01
 0.30764953597269E-01
 0.30698834375456E-01
 0.30632571508059E-01
 0.30566243909448E-01
 0.30499778358803E-01
 0.30433271867932E-01
 0.30366665564645E-01
 0.30300206869687E-01
 0.30233505243433E-01
 0.30166849815814E-01
 0.30100213454822E-01
 0.30033581019479E-01
 0.29967032842556E-01
 0.29900448401744E-01
 0.29833900139543E-01
 0.29767403311171E-01
 0.29701006654543E-01
 0.29634657609645E-01
 0.29568437251583E-01
 0.29502265866928E-01
 0.29436236158390E-01
 0.29370237261414E-01
 0.29304347599527E-01
 0.29238567588572E-01
 0.29172939973569E-01
 0.29107447491501E-01
 0.29042097052220E-01
 0.28976847913061E-01
 0.28911705839806E-01
 0.28846770564110E-01
 0.28781965034823E-01
 0.28717295130135E-01
 0.28652791718387E-01
 0.28588472138858E-01
 0.28524231468288E-01
 0.28460242372126E-01
 0.28396345176277E-01
 0.28332582520358E-01
 0.28269189247767E-01
 0.28205760329084E-01
 0.28142541942405E-01
 0.28079569682245E-01
 0.28016754362644E-01
 0.27954089944182E-01
 0.27891601441441E-01
 0.27829301147757E-01
 0.27767179795025E-01
 0.27705297819738E-01
 0.27643575980821E-01
 0.27582037706262E-01
