 0.00000000000000E+00
 0.23018579244997E-24
 0.14316375850427E-22
 0.19038135695555E-21
 0.47722260143524E-20
 0.12184406845155E-19
 0.14853372154094E-19
 0.33458768003362E-19
 0.68464762272776E-19
 0.14327315223636E-18
 0.24461647266273E-18
 0.37783265416976E-18
 0.50625243425203E-18
 0.13626751866067E-11
 0.21090362764076E-11
-0.44807903876154E-11
 0.60806819770449E-11
-0.18198311514791E-11
-0.40107105593318E-11
 0.28999482376844E-11
 0.27860030558934E-10
-0.85184486779966E-11
 0.23843014911460E-10
 0.24399587852998E-08
 0.13170318299133E-07
 0.47901355176395E-06
 0.14533920203873E-05
 0.94580588036226E-06
-0.90428074410589E-06
 0.38859215408309E-05
-0.21774181665766E-05
 0.19147510317444E-05
 0.58948820661718E-06
 0.71470261889971E-06
-0.21351588383467E-05
-0.11429610581577E-05
 0.17908848494001E-05
-0.10056566786702E-05
-0.99584650318249E-06
-0.52848153389331E-06
 0.16370916806139E-05
-0.37676654771297E-07
-0.22792604031246E-05
-0.15201587720862E-05
 0.74991891851791E-06
-0.10187932442025E-05
-0.97989732628145E-06
-0.36377409922579E-06
-0.47098768333945E-06
 0.16965465446165E-05
 0.21844643307775E-05
 0.99900603259580E-06
 0.23903531554795E-05
 0.87535538857909E-05
 0.35880917855245E-05
 0.38751148994558E-05
 0.62419841394891E-05
 0.92285952277240E-05
 0.10949030573888E-04
 0.16956463754745E-04
 0.17789556839364E-04
 0.20479433237682E-04
 0.24426587035109E-04
 0.32417536817390E-04
 0.39663464244071E-04
 0.48904430523121E-04
 0.57274683891367E-04
 0.67557018870500E-04
 0.88369517684845E-04
 0.98078177867268E-04
 0.11465619140264E-03
 0.13516636061882E-03
 0.15864511700156E-03
 0.18335179990106E-03
 0.21044287583732E-03
 0.24725730438873E-03
 0.28078184885588E-03
 0.32409936660813E-03
 0.36830531038893E-03
 0.41348209676208E-03
 0.41345702949674E-03
 0.62585115738870E-03
 0.52621980679136E-03
 0.56614539311064E-03
 0.10188653130381E-02
 0.84892346196455E-03
 0.94463040196391E-03
 0.10523386566536E-02
 0.11721721417701E-02
 0.12988142072243E-02
 0.14306931059129E-02
 0.15805867408661E-02
 0.17432734497562E-02
 0.19125438079782E-02
 0.20975049099208E-02
 0.23013625479899E-02
 0.25137992261214E-02
 0.27456776833529E-02
 0.29924860491294E-02
 0.32500531417894E-02
 0.35329879621828E-02
 0.38317571490136E-02
 0.41519471966071E-02
 0.44912738582281E-02
 0.48546923787574E-02
 0.52368928614868E-02
 0.56414398361593E-02
 0.60707948493193E-02
 0.65260371216399E-02
 0.70091845000484E-02
 0.75143731863905E-02
 0.80563404618147E-02
 0.86204214030199E-02
 0.92217474946790E-02
 0.98474970868501E-02
 0.10608805327007E-01
 0.11077490481395E-01
 0.12126003394109E-01
 0.12646510222664E-01
 0.13296371415397E-01
 0.14786546487187E-01
 0.15204611704672E-01
 0.16091934240439E-01
 0.17061133350580E-01
 0.18038856917148E-01
 0.19077056035678E-01
 0.20146586959461E-01
 0.21258512912188E-01
 0.22408420901534E-01
 0.23591976385748E-01
 0.24822016201660E-01
 0.26090387420771E-01
 0.27397291598535E-01
 0.28732214650059E-01
 0.30122256967315E-01
 0.31510645118960E-01
 0.32956654099964E-01
 0.34421723489710E-01
 0.35912551913509E-01
 0.37418113250998E-01
 0.38943558682148E-01
 0.40496991969583E-01
 0.42036438317771E-01
 0.43612805402040E-01
 0.45172215400301E-01
 0.46726436846392E-01
 0.48155716668292E-01
 0.49914885838322E-01
 0.51550523978623E-01
 0.52936832645421E-01
 0.54190484424493E-01
 0.55602148743098E-01
 0.57249017230227E-01
 0.58570281420094E-01
 0.59882931422259E-01
 0.61080735948974E-01
 0.62395101550899E-01
 0.63424452637999E-01
 0.64507824514198E-01
 0.65568740337439E-01
 0.66337089096299E-01
 0.67170712493834E-01
 0.67958996718474E-01
 0.68635490674987E-01
 0.69093314440878E-01
 0.69552861276519E-01
 0.69835924006438E-01
 0.70109755091335E-01
 0.70135292331695E-01
 0.70175580939457E-01
 0.69936058785059E-01
 0.69857810940172E-01
 0.69532342601974E-01
 0.68992865328753E-01
 0.68367083143889E-01
 0.67725749458724E-01
 0.67117958025232E-01
 0.66448067107716E-01
 0.65463364749545E-01
 0.64650482804454E-01
 0.63798160516530E-01
 0.62645522006582E-01
 0.61622117660095E-01
 0.60830103008474E-01
 0.59750719748135E-01
 0.58774903733365E-01
 0.58056373005764E-01
 0.56970593239088E-01
 0.55958983310254E-01
 0.54977319836785E-01
 0.54164767621409E-01
 0.53323432489567E-01
 0.52499666666618E-01
 0.51668588967977E-01
 0.50924631332557E-01
 0.50129031075475E-01
 0.49518033795374E-01
 0.48754648547021E-01
 0.48145740308353E-01
 0.47396804343819E-01
 0.46815416878093E-01
 0.46341970867294E-01
 0.45791502530891E-01
 0.45155582606175E-01
 0.44543568433508E-01
 0.44046977446451E-01
 0.43587972868958E-01
 0.43286835146249E-01
 0.42818007648357E-01
 0.42253826433076E-01
 0.41636417696888E-01
 0.41376364341711E-01
 0.41302196182878E-01
 0.40766223436840E-01
 0.40343817290557E-01
 0.39900462341483E-01
 0.39601791658770E-01
 0.39235881815645E-01
 0.38967164325973E-01
 0.38655680845566E-01
 0.38375937004097E-01
 0.37964649984317E-01
 0.37892103615964E-01
 0.37527250855598E-01
 0.37232764473601E-01
 0.37053235919191E-01
 0.36770979554646E-01
 0.36452120922868E-01
 0.36259056090749E-01
 0.36111247243405E-01
 0.35864424424634E-01
 0.35693660269035E-01
 0.35480234722061E-01
 0.35301272350271E-01
 0.35129465208591E-01
 0.34919724211433E-01
 0.34640005093253E-01
 0.34503652721830E-01
 0.34351654245184E-01
 0.34279283938165E-01
 0.34039957526576E-01
 0.33849093432769E-01
 0.33794841328696E-01
 0.33720889824645E-01
 0.33501900009053E-01
 0.33309098804679E-01
 0.33229205337263E-01
 0.33195126998493E-01
 0.32911188071984E-01
 0.32797008091617E-01
 0.32722800435291E-01
 0.32601501101718E-01
 0.32466041364263E-01
 0.32362758408913E-01
 0.32338378406928E-01
 0.32211959145185E-01
 0.32066824682395E-01
 0.31874059460751E-01
 0.31854329412609E-01
 0.31959789082752E-01
 0.31747679493333E-01
 0.31505312093113E-01
 0.31563795758347E-01
 0.31489071631206E-01
 0.31469339627689E-01
 0.31381986091822E-01
 0.31192606284076E-01
 0.31103835949349E-01
 0.31012254759063E-01
 0.30988452594037E-01
 0.30950426680641E-01
 0.30980333115081E-01
 0.30846873981369E-01
 0.30800333820515E-01
 0.30667824128997E-01
 0.30563754151302E-01
 0.30660135075737E-01
 0.30635318370047E-01
 0.30583772093510E-01
 0.30635022422143E-01
 0.30437831935910E-01
 0.30350767801219E-01
 0.30386341714190E-01
 0.30312642994127E-01
 0.30144874729153E-01
 0.30124107842089E-01
 0.30188119957537E-01
 0.30106671503115E-01
 0.30037624525349E-01
 0.30049284622642E-01
 0.30054283056748E-01
 0.29843878990626E-01
 0.29817954689374E-01
 0.29869824148358E-01
 0.29842040025870E-01
 0.29888591219685E-01
 0.29715692797659E-01
 0.29763912576325E-01
 0.29623399825825E-01
 0.29639949609607E-01
