-0.90841336519736E+01
-0.90841334423414E+01
-0.90841313329113E+01
-0.90841230309396E+01
-0.90841018409921E+01
-0.90840591636450E+01
-0.90839851100669E+01
-0.90838710513415E+01
-0.90837173956335E+01
-0.90835480861360E+01
-0.90834286606321E+01
-0.90834816214391E+01
-0.90838936091737E+01
-0.90849123801219E+01
-0.90868346981423E+01
-0.90899883477005E+01
-0.90947118190182E+01
-0.91013345215850E+01
-0.91101597307888E+01
-0.91214512039686E+01
-0.91354237715959E+01
-0.91522380409232E+01
-0.91719981408256E+01
-0.91947517618456E+01
-0.92204938086687E+01
-0.92491703539465E+01
-0.92806830582829E+01
-0.93148952795395E+01
-0.93516379925100E+01
-0.93907157391778E+01
-0.94319119342193E+01
-0.94749948828652E+01
-0.95197216737217E+01
-0.95658439458113E+01
-0.96131099766760E+01
-0.96612698373669E+01
-0.97100770008109E+01
-0.97592914393598E+01
-0.98086812269443E+01
-0.98580246212438E+01
-0.99071108799318E+01
-0.99557412727516E+01
-0.10003729667658E+02
-0.10050902905678E+02
-0.10097100967992E+02
-0.10142176939976E+02
-0.10185996851742E+02
-0.10228439388629E+02
-0.10269395499102E+02
-0.10308767920163E+02
-0.10346470750982E+02
-0.10382428788345E+02
-0.10416577072101E+02
-0.10448860265101E+02
-0.10479231957518E+02
-0.10507654219586E+02
-0.10534097542136E+02
-0.10558540132105E+02
-0.10580964866948E+02
-0.10601363590378E+02
-0.10619733002719E+02
-0.10636075442018E+02
-0.10650398253767E+02
-0.10662713518754E+02
-0.10673037734895E+02
-0.10681391384770E+02
-0.10687798420616E+02
-0.10692286328495E+02
-0.10694885732659E+02
-0.10695629961896E+02
-0.10694555194022E+02
-0.10691699918728E+02
-0.10687104812105E+02
-0.10680812561345E+02
-0.10672867724299E+02
-0.10663316438714E+02
-0.10652206347594E+02
-0.10639586273216E+02
-0.10625505896792E+02
-0.10610017858073E+02
-0.10593173902762E+02
-0.10575027084135E+02
-0.10555631216821E+02
-0.10535040735271E+02
-0.10513317016613E+02
-0.10490503828169E+02
-0.10466662430032E+02
-0.10441848975146E+02
-0.10416119832981E+02
-0.10389531266639E+02
-0.10362139927027E+02
-0.10334002476179E+02
-0.10305175330180E+02
-0.10275714363200E+02
-0.10245677398314E+02
-0.10215119874123E+02
-0.10184097802221E+02
-0.10152666905625E+02
-0.10120882795368E+02
-0.10088800778689E+02
-0.10056475546226E+02
-0.10023961055858E+02
-0.99913117296457E+01
-0.99585814508756E+01
-0.99258234245789E+01
-0.98930903896796E+01
-0.98604347927450E+01
-0.98279085117163E+01
-0.97955628489329E+01
-0.97634485978994E+01
-0.97316159849630E+01
-0.97001145810334E+01
-0.96689934275975E+01
-0.96383007489996E+01
-0.96080836094589E+01
-0.95783888904829E+01
-0.95492625481961E+01
-0.95207489441114E+01
-0.94928919528465E+01
-0.94657329145834E+01
-0.94393212749123E+01
-0.94136829865811E+01
-0.93888623553191E+01
-0.93648949169540E+01
-0.93418152572068E+01
-0.93196538178088E+01
-0.92984394352751E+01
-0.92781996436572E+01
-0.92589567551615E+01
-0.92407299533203E+01
-0.92235347648750E+01
-0.92073822859386E+01
-0.91922787389469E+01
-0.91782254303447E+01
-0.91652178678696E+01
-0.91532442975086E+01
-0.91422875782768E+01
-0.91323229555476E+01
-0.91233178812895E+01
-0.91152312379450E+01
-0.91080134421198E+01
-0.91016054547235E+01
-0.90959384703437E+01
-0.90909329785074E+01
-0.90864987074440E+01
-0.90825352932357E+01
-0.90789300978614E+01
-0.90755592353231E+01
-0.90722860311310E+01
-0.90689639026362E+01
-0.90654335946443E+01
-0.90615233080077E+01
-0.90570546622692E+01
-0.90518241077183E+01
-0.90456348215394E+01
-0.90382722332867E+01
-0.90295152452696E+01
-0.90191350762632E+01
-0.90069010170578E+01
-0.89925749794324E+01
-0.89759225376925E+01
-0.89567114987488E+01
-0.89347155352534E+01
-0.89097215663045E+01
-0.88815326311194E+01
-0.88499723175535E+01
-0.88148917361770E+01
-0.87761736703607E+01
-0.87337466642880E+01
-0.86875844353454E+01
-0.86377150649494E+01
-0.85842263704468E+01
-0.85272708293802E+01
-0.84670681860756E+01
-0.84039040350848E+01
-0.83381313701060E+01
-0.82701611955493E+01
-0.82004549906759E+01
-0.81295126819739E+01
-0.80578635702742E+01
-0.79860329786635E+01
-0.79145511016852E+01
-0.78439094893539E+01
-0.77745688733711E+01
-0.77069387335041E+01
-0.76413616964721E+01
-0.75781206586581E+01
-0.75174318713022E+01
-0.74594490815800E+01
-0.74042686109410E+01
-0.73519374199653E+01
-0.73024606493425E+01
-0.72558091829716E+01
-0.72119299271210E+01
-0.71707530534348E+01
-0.71321981600210E+01
-0.70961783345288E+01
-0.70626059377998E+01
-0.70313934717200E+01
-0.70024576404120E+01
-0.69757169230210E+01
-0.69510948237987E+01
-0.69285178125915E+01
-0.69079151876150E+01
-0.68892188491227E+01
-0.68723612965462E+01
-0.68572758060028E+01
-0.68438961852567E+01
-0.68321537373198E+01
-0.68219798883043E+01
-0.68133042879293E+01
-0.68060562241359E+01
-0.68001609651350E+01
-0.67955404904677E+01
-0.67921185670086E+01
-0.67898161446395E+01
-0.67885532549251E+01
-0.67882485252513E+01
-0.67888193245442E+01
-0.67901825410780E+01
-0.67922575128293E+01
-0.67949606329691E+01
-0.67982111259138E+01
-0.68019281202217E+01
-0.68060327573425E+01
-0.68104471169412E+01
-0.68150950363210E+01
-0.68199027153731E+01
-0.68247982818418E+01
-0.68297121598784E+01
-0.68345769210100E+01
-0.68393287777043E+01
-0.68439058166786E+01
-0.68482491582635E+01
-0.68523029754183E+01
-0.68560139170661E+01
-0.68593325316853E+01
-0.68622120349469E+01
-0.68646074159524E+01
-0.68664781615311E+01
-0.68677857038463E+01
-0.68684951484244E+01
-0.68685745501072E+01
-0.68679936999871E+01
-0.68667260795376E+01
-0.68647478405130E+01
-0.68620372987925E+01
-0.68585756470262E+01
-0.68543464180105E+01
-0.68493354517989E+01
-0.68435315183743E+01
-0.68369248945174E+01
-0.68295078482000E+01
-0.68212753523222E+01
-0.68122241700533E+01
-0.68023522055680E+01
-0.67916604014895E+01
-0.67801497423235E+01
-0.67678245897637E+01
-0.67546895899245E+01
-0.67407513608477E+01
-0.67260171110540E+01
-0.67104962056325E+01
-0.66941986669836E+01
-0.66771356121013E+01
-0.66593192461380E+01
-0.66407625611665E+01
-0.66214797971528E+01
-0.66014854294014E+01
-0.65807950191419E+01
-0.65594244327794E+01
-0.65373905298932E+01
-0.65147102111542E+01
-0.64914010583387E+01
-0.64674810205808E+01
-0.64429686200319E+01
-0.64178818525600E+01
-0.63922397462725E+01
-0.63660614120969E+01
-0.63393659728539E+01
-0.63121725990744E+01
-0.62845002524577E+01
-0.62563684396709E+01
-0.62277962415698E+01
-0.61988027500511E+01
-0.61694073376513E+01
-0.61396288740800E+01
-0.61094857632684E+01
-0.60789970709367E+01
-0.60481810083932E+01
-0.60170556280358E+01
-0.59856390070812E+01
-0.59539488329082E+01
-0.59220025911491E+01
-0.58898172329980E+01
-0.58574097372102E+01
-0.58247965269676E+01
-0.57919936151513E+01
-0.57590169669613E+01
-0.57258823622558E+01
