 0.28753719721705E+03
 0.28753717235248E+03
 0.28753693970895E+03
 0.28753608120133E+03
 0.28753399983165E+03
 0.28752998221766E+03
 0.28752338812396E+03
 0.28751451760249E+03
 0.28750674396842E+03
 0.28750956273444E+03
 0.28754115437222E+03
 0.28762913433762E+03
 0.28780910193061E+03
 0.28812153266342E+03
 0.28860795586403E+03
 0.28930728866218E+03
 0.29025289396590E+03
 0.29147059993286E+03
 0.29297768431516E+03
 0.29478267661096E+03
 0.29688577335755E+03
 0.29927969157938E+03
 0.30195073665789E+03
 0.30487991742350E+03
 0.30804421575190E+03
 0.31141767239256E+03
 0.31497232024847E+03
 0.31867909642012E+03
 0.32250858124705E+03
 0.32643161223487E+03
 0.33041975671381E+03
 0.33444573171456E+03
 0.33848365329107E+03
 0.34250929132753E+03
 0.34650013614755E+03
 0.35043556724139E+03
 0.35429678308327E+03
 0.35806688005817E+03
 0.36173076666753E+03
 0.36527516117237E+03
 0.36868846962043E+03
 0.37196071007681E+03
 0.37508341310448E+03
 0.37804952200913E+03
 0.38085328718539E+03
 0.38349016024896E+03
 0.38595669256230E+03
 0.38825043466153E+03
 0.39036983921882E+03
 0.39231416385059E+03
 0.39408339681750E+03
 0.39567816482555E+03
 0.39709966643328E+03
 0.39834960127522E+03
 0.39943009448904E+03
 0.40034365054684E+03
 0.40109314883340E+03
 0.40168178181981E+03
 0.40211276776455E+03
 0.40238977696978E+03
 0.40251654249873E+03
 0.40249695788792E+03
 0.40233502104422E+03
 0.40203482577411E+03
 0.40160056122340E+03
 0.40103645287187E+03
 0.40034670636692E+03
 0.39953563150047E+03
 0.39860752930976E+03
 0.39756669109245E+03
 0.39641742464404E+03
 0.39516401524466E+03
 0.39381072633170E+03
 0.39236179894907E+03
 0.39082145054304E+03
 0.38919384047086E+03
 0.38748309545514E+03
 0.38569328014700E+03
 0.38382837721086E+03
 0.38189249463364E+03
 0.37988951503649E+03
 0.37782328376795E+03
 0.37569760297025E+03
 0.37351620935068E+03
 0.37128303264234E+03
 0.36900119835562E+03
 0.36667445754931E+03
 0.36430626738452E+03
 0.36190000556551E+03
 0.35945896281139E+03
 0.35698637314001E+03
 0.35448537775549E+03
 0.35195903919569E+03
 0.34941030235201E+03
 0.34684215968539E+03
 0.34425735715379E+03
 0.34165861622687E+03
 0.33904854940998E+03
 0.33642971938523E+03
 0.33380459306055E+03
 0.33117553775412E+03
 0.32854475645303E+03
 0.32591445020602E+03
 0.32328670973308E+03
 0.32066350672688E+03
 0.31804672133156E+03
 0.31543814033717E+03
 0.31283944647706E+03
 0.31025221728057E+03
 0.30767792660961E+03
 0.30511794078178E+03
 0.30257351169307E+03
 0.30004578759501E+03
 0.29753579088656E+03
 0.29504440772907E+03
 0.29257241168226E+03
 0.29012047660826E+03
 0.28768907555280E+03
 0.28527855913277E+03
 0.28288909717334E+03
 0.28052106233054E+03
 0.27817384325919E+03
 0.27584734647360E+03
 0.27354103920229E+03
 0.27125427068263E+03
 0.26898601285486E+03
 0.26673511594186E+03
 0.26450024917842E+03
 0.26227969486822E+03
 0.26007148403460E+03
 0.25787334905065E+03
 0.25568270076345E+03
 0.25349659175750E+03
 0.25131173199015E+03
 0.24912445544539E+03
 0.24693059720458E+03
 0.24472561792335E+03
 0.24250454962799E+03
 0.24026192457624E+03
 0.23799176962264E+03
 0.23568761422510E+03
 0.23334244795825E+03
 0.23094873451682E+03
 0.22849833478576E+03
 0.22598258537508E+03
 0.22339229547701E+03
 0.22071769732190E+03
 0.21794847630160E+03
 0.21507378623272E+03
 0.21208239431829E+03
 0.20896259510336E+03
 0.20570227212489E+03
 0.20228908419055E+03
 0.19871040008376E+03
 0.19495377222990E+03
 0.19100642925302E+03
 0.18685624534498E+03
 0.18249122430296E+03
 0.17790030007368E+03
 0.17307306113470E+03
 0.16800043772798E+03
 0.16267473986395E+03
 0.15709010306669E+03
 0.15124284252685E+03
 0.14513157257742E+03
 0.13875753646442E+03
 0.13212491290492E+03
 0.12524078752260E+03
 0.11811565027083E+03
 0.11076303663438E+03
 0.10319964576875E+03
 0.95444987974766E+02
 0.87521421059166E+02
 0.79453637509294E+02
 0.71268463922378E+02
 0.62994677042806E+02
 0.54662547145907E+02
 0.46303970919079E+02
 0.37952386260658E+02
 0.29642879845153E+02
 0.21412142252823E+02
 0.13299066500892E+02
 0.53445682693925E+01
-0.24081221316612E+01
-0.99135800213747E+01
-0.17124544369678E+02
-0.23992276272385E+02
-0.30467086575133E+02
-0.36499290938871E+02
-0.42039797099023E+02
-0.47041507673632E+02
-0.51459538577150E+02
-0.55252369301992E+02
-0.58382474375671E+02
-0.60816633105018E+02
-0.62526553196206E+02
-0.63488856540119E+02
-0.63685067832219E+02
-0.63101702203852E+02
-0.61729888795518E+02
-0.59565232332950E+02
-0.56607378326357E+02
-0.52859690479438E+02
-0.48328853537912E+02
-0.43024489245007E+02
-0.36958822852778E+02
-0.30146300490765E+02
-0.22603273598514E+02
-0.14347759909625E+02
-0.53990478805517E+01
 0.42224276051044E+01
 0.14495378128456E+02
 0.25397640023531E+02
 0.36906423772112E+02
 0.48998625530629E+02
 0.61650758806529E+02
 0.74839100714051E+02
 0.88539691364992E+02
 0.10272835176181E+03
 0.11738073956463E+03
 0.13247304169444E+03
 0.14798093951907E+03
 0.16388012682282E+03
 0.18014667219665E+03
 0.19675644478119E+03
 0.21368572506710E+03
 0.23091063853867E+03
 0.24840754608213E+03
 0.26615307690479E+03
 0.28412392087177E+03
 0.30229695800496E+03
 0.32064919838122E+03
 0.33915820315430E+03
 0.35780146230654E+03
 0.37655686574860E+03
 0.39540230445158E+03
 0.41431651484208E+03
 0.43327834793028E+03
 0.45226658744832E+03
 0.47126081851481E+03
 0.49024090797456E+03
 0.50918676357546E+03
 0.52807944193742E+03
 0.54689976096119E+03
 0.56562941250409E+03
 0.58425047783281E+03
 0.60274536709448E+03
 0.62109720585736E+03
 0.63928963594696E+03
 0.65730636398607E+03
 0.67513266295694E+03
 0.69275330803866E+03
 0.71015409477324E+03
 0.72732162207271E+03
 0.74424307938362E+03
 0.76090594148935E+03
 0.77729840677904E+03
 0.79340962676662E+03
 0.80922903555730E+03
 0.82474676138287E+03
 0.83995388977483E+03
 0.85484147838913E+03
 0.86940174813632E+03
 0.88362746625123E+03
 0.89751194958140E+03
 0.91104914869382E+03
 0.92423363446020E+03
 0.93706076811600E+03
 0.94952611411945E+03
 0.96162603175867E+03
 0.97335737314840E+03
 0.98471801599766E+03
 0.99570562503709E+03
 0.10063179840569E+04
 0.10165556592772E+04
 0.10264180489304E+04
 0.10359041392927E+04
 0.10450145855705E+04
 0.10537510049402E+04
 0.10621147880473E+04
 0.10701074791773E+04
 0.10777314199129E+04
 0.10849886442572E+04
 0.10918825889034E+04
 0.10984162396559E+04
 0.11045931756475E+04
 0.11104176123365E+04
 0.11158933232310E+04
 0.11210248061055E+04
 0.11258167975541E+04
 0.11302736000546E+04
 0.11344012364462E+04
 0.11382041665367E+04
 0.11416879174531E+04
 0.11448584342448E+04
 0.11477213232881E+04
 0.11502834470799E+04
 0.11525486565446E+04
 0.11545239622483E+04
 0.11562165601852E+04
