 0.64848558134328E+01
 0.64848558127789E+01
 0.64848558055455E+01
 0.64848557745466E+01
 0.64848556898687E+01
 0.64848555090410E+01
 0.64848551776718E+01
 0.64848546291150E+01
 0.64848537757027E+01
 0.64848524951977E+01
 0.64848506060569E+01
 0.64848478373379E+01
 0.64848438013376E+01
 0.64848379686521E+01
 0.64848296577910E+01
 0.64848180332409E+01
 0.64848021110934E+01
 0.64847807731823E+01
 0.64847527769262E+01
 0.64847167713958E+01
 0.64846713060854E+01
 0.64846148471556E+01
 0.64845457767447E+01
 0.64844623810500E+01
 0.64843628860503E+01
 0.64842454534267E+01
 0.64841081562580E+01
 0.64839490031858E+01
 0.64837659438685E+01
 0.64835568941215E+01
 0.64833196925844E+01
 0.64830522228544E+01
 0.64827522795549E+01
 0.64824178054009E+01
 0.64820466276389E+01
 0.64816367289264E+01
 0.64811861363402E+01
 0.64806929779180E+01
 0.64801554876977E+01
 0.64795720384741E+01
 0.64789411427700E+01
 0.64782614704522E+01
 0.64775318553720E+01
 0.64767513077359E+01
 0.64759190198014E+01
 0.64750343697600E+01
 0.64740969275468E+01
 0.64731064541051E+01
 0.64720629047090E+01
 0.64709664259371E+01
 0.64698173565624E+01
 0.64686162243500E+01
 0.64673637427041E+01
 0.64660608103413E+01
 0.64647085019683E+01
 0.64633080668185E+01
 0.64618609414701E+01
 0.64603687371345E+01
 0.64588331712509E+01
 0.64572561888371E+01
 0.64556398633805E+01
 0.64539864219150E+01
 0.64522982378004E+01
 0.64505778298839E+01
 0.64488278615779E+01
 0.64470511323981E+01
 0.64452505723020E+01
 0.64434292414987E+01
 0.64415903316003E+01
 0.64397371561289E+01
 0.64378731586441E+01
 0.64360019007802E+01
 0.64341270620798E+01
 0.64322524420816E+01
 0.64303819564438E+01
 0.64285196337808E+01
 0.64266696146490E+01
 0.64248361529518E+01
 0.64230236046398E+01
 0.64212364912360E+01
 0.64194793967534E+01
 0.64177570301465E+01
 0.64160742165250E+01
 0.64144358992212E+01
 0.64128482801761E+01
 0.64113144687844E+01
 0.64098407344467E+01
 0.64084325188947E+01
 0.64070953936974E+01
 0.64058350462411E+01
 0.64046573132988E+01
 0.64035681770620E+01
 0.64025737638653E+01
 0.64016803444187E+01
 0.64008944025365E+01
 0.64002224999395E+01
 0.63996714153614E+01
 0.63992481077998E+01
 0.63989597173108E+01
 0.63988135751200E+01
 0.63988172128510E+01
 0.63989783419001E+01
 0.63993049377060E+01
 0.63998051996493E+01
 0.64004875369163E+01
 0.64013605961846E+01
 0.64024333130808E+01
 0.64037148717984E+01
 0.64052147177171E+01
 0.64069425841085E+01
 0.64089084967420E+01
 0.64111227737038E+01
 0.64135960491298E+01
 0.64163392730532E+01
 0.64193636244068E+01
 0.64226807667465E+01
 0.64263025791618E+01
 0.64302412691851E+01
 0.64345094274797E+01
 0.64391198617529E+01
 0.64440874676446E+01
 0.64494227422017E+01
 0.64551409212279E+01
 0.64612560995313E+01
 0.64677826987563E+01
 0.64747352812707E+01
 0.64821287091351E+01
 0.64899781654934E+01
 0.64982988524665E+01
 0.65071061012879E+01
 0.65164154107803E+01
 0.65262422980512E+01
 0.65366022541273E+01
 0.65475107986423E+01
 0.65589832750537E+01
 0.65710348238743E+01
 0.65836805116628E+01
 0.65969350263045E+01
 0.66108127865803E+01
 0.66253278014397E+01
 0.66404936833408E+01
 0.66563236225981E+01
 0.66728302528515E+01
 0.66900257805120E+01
 0.67079217083494E+01
 0.67265292062651E+01
 0.67458587456041E+01
 0.67659204425277E+01
 0.67867237547236E+01
 0.68082778687731E+01
 0.68305914656500E+01
 0.68536728543222E+01
 0.68775317303313E+01
 0.69021727147406E+01
 0.69276052042053E+01
 0.69538369402780E+01
 0.69808755617657E+01
 0.70087287716382E+01
 0.70374048896132E+01
 0.70669120109549E+01
 0.70972586721077E+01
 0.71284539000302E+01
 0.71605067884163E+01
 0.71934269686458E+01
 0.72272244647997E+01
 0.72619096165259E+01
 0.72974924130038E+01
 0.73339830904030E+01
 0.73713916593921E+01
 0.74097280340158E+01
 0.74490011398792E+01
 0.74892193194802E+01
 0.75303893807227E+01
 0.75725166373115E+01
 0.76156043807252E+01
 0.76596536737110E+01
 0.77046631308116E+01
 0.77506283139121E+01
 0.77975410122834E+01
 0.78453913012847E+01
 0.78941630258280E+01
 0.79438389741517E+01
 0.79943952276236E+01
 0.80458059201715E+01
 0.80980411333705E+01
 0.81510663999554E+01
 0.82048444595506E+01
 0.82593339647099E+01
 0.83144914000903E+01
 0.83702686772481E+01
 0.84266192647686E+01
 0.84834913507267E+01
 0.85408324887617E+01
 0.85985898928382E+01
 0.86567098016144E+01
 0.87151386424620E+01
 0.87738235191474E+01
 0.88327116366546E+01
 0.88917517377514E+01
 0.89508943270129E+01
 0.90100893477325E+01
 0.90692906173380E+01
 0.91284530415300E+01
 0.91875333644827E+01
 0.92464902946103E+01
 0.93052843481551E+01
 0.93638780250783E+01
 0.94222360162976E+01
 0.94803243786985E+01
 0.95381111035384E+01
 0.95955659132785E+01
 0.96526605527336E+01
 0.97093677968598E+01
 0.97656615559060E+01
 0.98215177668104E+01
 0.98769135873348E+01
 0.99318274729135E+01
 0.99862389254214E+01
 0.10040128417091E+02
 0.10093476951208E+02
 0.10146268713350E+02
 0.10198486362274E+02
 0.10250114652318E+02
 0.10301138907597E+02
 0.10351545471201E+02
 0.10401321381823E+02
 0.10450454392669E+02
 0.10498933158810E+02
 0.10546746911219E+02
 0.10593885680118E+02
 0.10640340063914E+02
 0.10686101378313E+02
 0.10731161649885E+02
 0.10775513457126E+02
 0.10819149948614E+02
 0.10862064931284E+02
 0.10904252974661E+02
 0.10945708943791E+02
 0.10986428387073E+02
 0.11026407432676E+02
 0.11065642653542E+02
 0.11104131367767E+02
 0.11141871354320E+02
 0.11178860742464E+02
 0.11215098291645E+02
 0.11250583339914E+02
 0.11285315593416E+02
 0.11319295282792E+02
 0.11352523042531E+02
 0.11385000139615E+02
 0.11416728205352E+02
 0.11447709298557E+02
 0.11477945716619E+02
 0.11507440420369E+02
 0.11536196699319E+02
 0.11564218151666E+02
 0.11591508939146E+02
 0.11618073275150E+02
 0.11643916120167E+02
 0.11669042458092E+02
 0.11693457757630E+02
 0.11717167648534E+02
 0.11740178292773E+02
 0.11762495958479E+02
 0.11784127224990E+02
 0.11805078922311E+02
 0.11825358154612E+02
 0.11844972286107E+02
 0.11863928825056E+02
 0.11882235531324E+02
 0.11899900347776E+02
 0.11916931402638E+02
 0.11933336976879E+02
 0.11949125494461E+02
 0.11964305599757E+02
 0.11978885955398E+02
 0.11992875437420E+02
 0.12006282969036E+02
 0.12019117606584E+02
 0.12031388433592E+02
 0.12043104732096E+02
 0.12054275630349E+02
 0.12064910563126E+02
 0.12075018798377E+02
 0.12084609708964E+02
 0.12093692849862E+02
 0.12102277448921E+02
 0.12110373004735E+02
 0.12117988997760E+02
 0.12125134722702E+02
 0.12131819602126E+02
 0.12138053046702E+02
 0.12143844302239E+02
 0.12149202719722E+02
 0.12154137470014E+02
 0.12158657776042E+02
 0.12162772766275E+02
 0.12166491455872E+02
 0.12169822891772E+02
 0.12172775908780E+02
