 0.10906081480649E+00
 0.10906081480638E+00
 0.10906081480525E+00
 0.10906081480759E+00
 0.10906081486070E+00
 0.10906081506914E+00
 0.10906081562597E+00
 0.10906081676049E+00
 0.10906081824986E+00
 0.10906081841475E+00
 0.10906081234677E+00
 0.10906078952499E+00
 0.10906073137047E+00
 0.10906060888299E+00
 0.10906038112731E+00
 0.10905999446429E+00
 0.10905938254100E+00
 0.10905846729296E+00
 0.10905716022836E+00
 0.10905536430815E+00
 0.10905297612732E+00
 0.10904988778778E+00
 0.10904598913525E+00
 0.10904117047593E+00
 0.10903532290527E+00
 0.10902834018398E+00
 0.10902012069877E+00
 0.10901056783965E+00
 0.10899959047510E+00
 0.10898710261845E+00
 0.10897302574602E+00
 0.10895728443766E+00
 0.10893981207426E+00
 0.10892054148367E+00
 0.10889941625718E+00
 0.10887637965547E+00
 0.10885137988239E+00
 0.10882436785763E+00
 0.10879529732711E+00
 0.10876412393205E+00
 0.10873080544124E+00
 0.10869530139012E+00
 0.10865757287861E+00
 0.10861758253285E+00
 0.10857529433372E+00
 0.10853067354310E+00
 0.10848368672346E+00
 0.10843430157895E+00
 0.10838248700700E+00
 0.10832821297425E+00
 0.10827145034871E+00
 0.10821217094305E+00
 0.10815034716193E+00
 0.10808595197129E+00
 0.10801895874157E+00
 0.10794934082237E+00
 0.10787707081109E+00
 0.10780212039774E+00
 0.10772446267128E+00
 0.10764406662183E+00
 0.10756090065495E+00
 0.10747493107789E+00
 0.10738612162154E+00
 0.10729443295880E+00
 0.10719982223810E+00
 0.10710224271949E+00
 0.10700164347330E+00
 0.10689796887462E+00
 0.10679115786816E+00
 0.10668114398765E+00
 0.10656785431949E+00
 0.10645120964616E+00
 0.10633112384449E+00
 0.10620750344036E+00
 0.10608024728844E+00
 0.10594924629675E+00
 0.10581438312487E+00
 0.10567553178989E+00
 0.10553255788269E+00
 0.10538531521019E+00
 0.10523365042641E+00
 0.10507739986299E+00
 0.10491638971581E+00
 0.10475043589327E+00
 0.10457928465548E+00
 0.10440283752071E+00
 0.10422082836912E+00
 0.10403302899984E+00
 0.10383919982474E+00
 0.10363909067469E+00
 0.10343243909698E+00
 0.10321897018964E+00
 0.10299839754094E+00
 0.10277042329489E+00
 0.10253473373912E+00
 0.10229100744925E+00
 0.10203890799125E+00
 0.10177808590249E+00
 0.10150817952507E+00
 0.10122881426393E+00
 0.10093960296345E+00
 0.10064014652075E+00
 0.10033003085828E+00
 0.10000882902653E+00
 0.99676102625871E-01
 0.99331401062117E-01
 0.98974259230209E-01
 0.98604200531077E-01
 0.98220736988900E-01
 0.97823368588314E-01
 0.97411583947811E-01
 0.96984861367749E-01
 0.96542668046186E-01
 0.96084462770722E-01
 0.95609700678165E-01
 0.95117820585714E-01
 0.94608261375836E-01
 0.94080457193125E-01
 0.93533835859316E-01
 0.92967830887039E-01
 0.92381780119657E-01
 0.91775280610716E-01
 0.91147692139647E-01
 0.90498464355800E-01
 0.89827053758577E-01
 0.89132935758227E-01
 0.88415601686894E-01
 0.87674559922644E-01
 0.86909350891291E-01
 0.86119546118532E-01
 0.85304747600253E-01
 0.84464598900035E-01
 0.83598787918050E-01
 0.82707048487433E-01
 0.81789171450963E-01
 0.80845007710001E-01
 0.79874462985973E-01
 0.78877516983384E-01
 0.77854217098241E-01
 0.76804687582776E-01
 0.75729127449638E-01
 0.74627815282596E-01
 0.73501114003533E-01
 0.72349465365343E-01
 0.71173403042295E-01
 0.69973533950009E-01
 0.68750554748387E-01
 0.67505236177989E-01
 0.66238434919868E-01
 0.64951077689498E-01
 0.63644167275998E-01
 0.62318778207647E-01
 0.60975982923287E-01
 0.59617124684862E-01
 0.58243396710206E-01
 0.56856114785701E-01
 0.55456665386087E-01
 0.54046476597124E-01
 0.52627022141408E-01
 0.51199837116084E-01
 0.49766503410103E-01
 0.48328645787492E-01
 0.46887949996158E-01
 0.45446152717122E-01
 0.44005038767614E-01
 0.42566447658661E-01
 0.41132290077991E-01
 0.39704527160050E-01
 0.38285184008105E-01
 0.36876336570503E-01
 0.35480125142711E-01
 0.34098728395273E-01
 0.32734375747895E-01
 0.31389321987500E-01
 0.30065836623033E-01
 0.28766182903157E-01
 0.27492586281152E-01
 0.26247218159701E-01
 0.25032170411726E-01
 0.23849392561220E-01
 0.22700704279573E-01
 0.21587723632715E-01
 0.20511876092066E-01
 0.19474339051492E-01
 0.18476043962898E-01
 0.17517654725747E-01
 0.16599566103737E-01
 0.15721915708958E-01
 0.14884574585341E-01
 0.14087195998013E-01
 0.13329165586871E-01
 0.12609714112686E-01
 0.11927889714167E-01
 0.11282588722315E-01
 0.10672595157491E-01
 0.10096597208012E-01
 0.95532142673137E-02
 0.90410226501165E-02
 0.85585720660431E-02
 0.81044009251508E-02
 0.76770687762455E-02
 0.72751419793262E-02
 0.68972224362079E-02
 0.65419517082844E-02
 0.62080171696767E-02
 0.58941574139627E-02
 0.55991648945448E-02
 0.53218874221108E-02
 0.50612309470994E-02
 0.48161590745993E-02
 0.45856917031569E-02
 0.43689035864033E-02
 0.41649247272582E-02
 0.39729386332778E-02
 0.37921776162754E-02
 0.36219224835624E-02
 0.34614997302695E-02
 0.33102797239915E-02
 0.31676738796382E-02
 0.30331335895373E-02
 0.29061424608432E-02
 0.27862229187000E-02
 0.26729275958502E-02
 0.25658393717193E-02
 0.24645690728325E-02
 0.23687537437184E-02
 0.22780550204567E-02
 0.21921570726669E-02
 0.21107655201425E-02
 0.20336055577931E-02
 0.19604208876366E-02
 0.18909723304968E-02
 0.18250365204230E-02
 0.17624049572411E-02
 0.17028829577268E-02
 0.16462885786238E-02
 0.15924516949505E-02
 0.15412133861432E-02
 0.14924250039659E-02
 0.14459474520949E-02
 0.14016505720425E-02
 0.13594124372335E-02
 0.13191188380499E-02
 0.12806628422886E-02
 0.12439441677954E-02
 0.12088686838001E-02
 0.11753481688852E-02
 0.11432997782086E-02
 0.11126457310439E-02
 0.10833128981511E-02
 0.10552325891563E-02
 0.10283401970354E-02
 0.10025750049794E-02
 0.97787980097870E-03
 0.95420073908695E-03
 0.93148711229400E-03
 0.90969109042409E-03
 0.88876768331161E-03
 0.86867433034217E-03
 0.84937095104472E-03
 0.83081968616777E-03
 0.81298480057146E-03
 0.79583249431496E-03
 0.77933085347133E-03
 0.76344968798011E-03
 0.74816044750142E-03
 0.73343610617470E-03
 0.71925106611569E-03
 0.70558110293603E-03
 0.69240324950121E-03
 0.67969574165833E-03
 0.66743794301959E-03
 0.65561027106148E-03
 0.64419414535351E-03
 0.63317192239772E-03
 0.62252685835435E-03
 0.61224302307866E-03
 0.60230529604605E-03
 0.59269928792526E-03
 0.58341131705626E-03
 0.57442836164998E-03
 0.56573804055293E-03
 0.55732854332089E-03
 0.54918863504865E-03
 0.54130761882523E-03
 0.53367526813170E-03
 0.52628185860137E-03
 0.51911812214384E-03
 0.51217517957275E-03
 0.50544459051022E-03
 0.49891828593648E-03
 0.49258855532014E-03
 0.48644802723142E-03
 0.48048966968304E-03
 0.47470675915491E-03
 0.46909285851304E-03
 0.46364181403593E-03
 0.45834773090392E-03
 0.45320497998562E-03
 0.44820816262577E-03
