 0.10000000133514E-09
 0.10000000133514E-09
 0.10000000133514E-09
 0.10000000133514E-09
 0.10000000133514E-09
 0.10000000133514E-09
 0.10000000133514E-09
 0.10000000133514E-09
 0.10000000133514E-09
 0.10000000133514E-09
 0.10000000133514E-09
 0.10000000133514E-09
 0.10000000133514E-09
 0.10000000133514E-09
 0.10000000133514E-09
 0.10000000133514E-09
 0.10000000133514E-09
 0.10000000133514E-09
 0.10000000133514E-09
 0.10000000133514E-09
 0.10000000133514E-09
 0.10000000133514E-09
 0.10000000133514E-09
 0.10000000133514E-09
 0.10000000133514E-09
 0.10000000133514E-09
 0.10000000133514E-09
 0.10000000133514E-09
 0.10000000133514E-09
 0.11343141064613E-03
 0.11343141064613E-03
 0.19489527753992E-03
 0.19489527753992E-03
 0.31430485710459E-03
 0.39113775011504E-03
 0.48097143603470E-03
 0.58500179676914E-03
 0.70442445320890E-03
 0.84042949347166E-03
 0.99419719326765E-03
 0.11668950048170E-02
 0.13596748749534E-02
 0.15736719352716E-02
 0.18100035664226E-02
 0.20697691328857E-02
 0.23540504182039E-02
 0.26639107254860E-02
 0.30003965380335E-02
 0.33645383839828E-02
 0.37573519947787E-02
 0.41798382133104E-02
 0.46329851466586E-02
 0.51177688748741E-02
 0.56351548814052E-02
 0.61860982732198E-02
 0.67715455115875E-02
 0.73924349206428E-02
 0.80496936441489E-02
 0.87442500902014E-02
 0.94770215218389E-02
 0.10248916593357E-01
 0.11060845302472E-01
 0.11913716937659E-01
 0.12808433048911E-01
 0.13745893708403E-01
 0.14726998038463E-01
 0.15752639250370E-01
 0.16823720501249E-01
 0.17941138395304E-01
 0.19105795035089E-01
 0.20318597392595E-01
 0.21580446203078E-01
 0.22892246970385E-01
 0.24254929718431E-01
 0.25669415658274E-01
 0.27136637724753E-01
 0.28657522045402E-01
 0.30233034977481E-01
 0.31864137326303E-01
 0.33551807129047E-01
 0.35297032159882E-01
 0.37100818753277E-01
 0.38964184811486E-01
 0.40888165872173E-01
 0.42878023500145E-01
 0.44926973581381E-01
 0.47039827809549E-01
 0.49217734323856E-01
 0.51461854938937E-01
 0.53773362568293E-01
 0.56153447228520E-01
 0.58603365829460E-01
 0.61124392305111E-01
 0.63717827067446E-01
 0.66385016170975E-01
 0.69127262552752E-01
 0.71945972316261E-01
 0.74842592181235E-01
 0.77818579291239E-01
 0.80875418127744E-01
 0.84014623394629E-01
 0.87237735491804E-01
 0.90546351109414E-01
 0.93942100863989E-01
 0.97426605149558E-01
 0.10100149417120E+00
 0.10466848355627E+00
 0.10842928009037E+00
 0.11228558682770E+00
 0.11623912702125E+00
 0.12029163490840E+00
 0.12444483353129E+00
 0.12870046726927E+00
 0.13306024386788E+00
 0.13752573320784E+00
 0.14209869204574E+00
 0.14678066903935E+00
 0.15157317716161E+00
 0.15647770247312E+00
 0.16149556479222E+00
 0.16662981859474E+00
 0.17187828129363E+00
 0.17724355817718E+00
 0.18272644848611E+00
 0.18832762128697E+00
 0.19404749710857E+00
 0.19988630756465E+00
 0.20584409342508E+00
 0.21192054062514E+00
 0.21811502071313E+00
 0.22442665885027E+00
 0.23085419729775E+00
 0.23739601663460E+00
 0.24405014886123E+00
 0.25081417177973E+00
 0.25768525630933E+00
 0.26466022585436E+00
 0.27173539664657E+00
 0.27890668759603E+00
 0.28616956590899E+00
 0.29351910194428E+00
 0.30094997991396E+00
 0.30845646331797E+00
 0.31603250082905E+00
 0.32367162268304E+00
 0.33136718223158E+00
 0.33911219992289E+00
 0.34689955159625E+00
 0.35472191143803E+00
 0.36257184190331E+00
 0.37044187845984E+00
 0.37832451308837E+00
 0.38621309336648E+00
 0.39409864151801E+00
 0.40197468766143E+00
 0.40983416855219E+00
 0.41767018204019E+00
 0.42547607373585E+00
 0.43324549076239E+00
 0.44097234088955E+00
 0.44865080676858E+00
 0.45627544316895E+00
 0.46384108386187E+00
 0.47134286456232E+00
 0.47877626553281E+00
 0.48613714525539E+00
 0.49342153439781E+00
 0.50062590319987E+00
 0.50774687044353E+00
 0.51478144516624E+00
 0.52172682149643E+00
 0.52858052700434E+00
 0.53534026493306E+00
 0.54200396546941E+00
 0.54856983442953E+00
 0.55503623797216E+00
 0.56140188039760E+00
 0.56766564778641E+00
 0.57382659519403E+00
 0.57988414565517E+00
 0.58583794395556E+00
 0.59168787351763E+00
 0.59743408778435E+00
 0.60307703471698E+00
 0.60861735298518E+00
 0.61405605680796E+00
 0.61939434291577E+00
 0.62463360258036E+00
 0.62977553021513E+00
 0.63482168805265E+00
 0.63977448654417E+00
 0.64463584347120E+00
 0.64940790569412E+00
 0.65409302999609E+00
 0.65869348255317E+00
 0.66321162885056E+00
 0.66764988281229E+00
 0.67201055437693E+00
 0.67629598089075E+00
 0.68050853146945E+00
 0.68465020457176E+00
 0.68872326359723E+00
 0.69272980216877E+00
 0.69667183238053E+00
 0.70055128128512E+00
 0.70436999640716E+00
 0.70812974891763E+00
 0.71183224902729E+00
 0.71547912356104E+00
 0.71907189274475E+00
 0.72261202504964E+00
 0.72610094415049E+00
 0.72953999490540E+00
 0.73293042811105E+00
 0.73627345664628E+00
 0.73957024238309E+00
 0.74282190134982E+00
 0.74602948039438E+00
 0.74919398510112E+00
 0.75231628719368E+00
 0.75539749323964E+00
 0.75843839233793E+00
 0.76143982614294E+00
 0.76440260642762E+00
 0.76732751281548E+00
 0.77021530370040E+00
 0.77306668847853E+00
 0.77588237257851E+00
 0.77866301554550E+00
 0.78140927885181E+00
 0.78412178586216E+00
 0.78680113186202E+00
 0.78944791272225E+00
 0.79206269833934E+00
 0.79464603021189E+00
 0.79719844493803E+00
 0.79972047220377E+00
 0.80221261215178E+00
 0.80467535074461E+00
 0.80710916975881E+00
 0.80951453843334E+00
 0.81189190380120E+00
 0.81424171633649E+00
 0.81656440679063E+00
 0.81886038959315E+00
 0.82113008582967E+00
 0.82337389446988E+00
 0.82559220751852E+00
 0.82778541192091E+00
 0.82995388489232E+00
 0.83209799210652E+00
 0.83421810031178E+00
 0.83631455665296E+00
 0.83838770889116E+00
 0.84043789729016E+00
 0.84246545613387E+00
 0.84447070983425E+00
 0.84645397812734E+00
 0.84841557339909E+00
 0.85035580556070E+00
 0.85227497674065E+00
 0.85417338265191E+00
 0.85605131342733E+00
 0.85790905471431E+00
 0.85974689056127E+00
 0.86156509302423E+00
 0.86336393362089E+00
 0.86514367906065E+00
 0.86690458921430E+00
 0.86864692300795E+00
 0.87037093293471E+00
 0.87207686265483E+00
 0.87376496084498E+00
 0.87543546584185E+00
 0.87708861407809E+00
 0.87872463553846E+00
 0.88034375944763E+00
 0.88194620836478E+00
 0.88353220458962E+00
 0.88510196555385E+00
 0.88665570405669E+00
 0.88819362799982E+00
 0.88971594504966E+00
 0.89122285972780E+00
 0.89271457048476E+00
 0.89419127516107E+00
 0.89565316711122E+00
 0.89710043494289E+00
 0.89853326857459E+00
 0.89995185174621E+00
 0.90135636720016E+00
 0.90274699127984E+00
 0.90412390308933E+00
 0.90548727436593E+00
 0.90683727615666E+00
 0.90817407656104E+00
 0.90949784068565E+00
 0.91080873284905E+00
 0.91210691191596E+00
 0.91339253706651E+00
