 0.29882217011438E+03
 0.29882217008410E+03
 0.29882216974923E+03
 0.29882216832401E+03
 0.29882216449481E+03
 0.29882215644783E+03
 0.29882214194118E+03
 0.29882211821796E+03
 0.29882208093312E+03
 0.29882202215333E+03
 0.29882192678873E+03
 0.29882176794081E+03
 0.29882150229156E+03
 0.29882106571651E+03
 0.29882037073255E+03
 0.29881930535546E+03
 0.29881773334585E+03
 0.29881549623388E+03
 0.29881241553227E+03
 0.29880829605261E+03
 0.29880292929789E+03
 0.29879609677701E+03
 0.29878757303761E+03
 0.29877712883918E+03
 0.29876453325014E+03
 0.29874955603084E+03
 0.29873196920177E+03
 0.29871154867602E+03
 0.29868807516468E+03
 0.29866133488158E+03
 0.29863112072783E+03
 0.29859723194971E+03
 0.29855947578202E+03
 0.29851766555515E+03
 0.29847162406944E+03
 0.29842118087399E+03
 0.29836617438714E+03
 0.29830645145276E+03
 0.29824186772765E+03
 0.29817228791661E+03
 0.29809758613745E+03
 0.29801764623790E+03
 0.29793236182358E+03
 0.29784163677297E+03
 0.29774538526101E+03
 0.29764353183194E+03
 0.29753601168706E+03
 0.29742277042537E+03
 0.29730376425785E+03
 0.29717895968758E+03
 0.29704833330822E+03
 0.29691187170256E+03
 0.29676957078964E+03
 0.29662143575087E+03
 0.29646748036890E+03
 0.29630772635730E+03
 0.29614220292283E+03
 0.29597094594532E+03
 0.29579399798570E+03
 0.29561140627260E+03
 0.29542322295646E+03
 0.29522950415035E+03
 0.29503030891051E+03
 0.29482569850148E+03
 0.29461573567540E+03
 0.29440048374490E+03
 0.29418000586734E+03
 0.29395436429539E+03
 0.29372361936875E+03
 0.29348782905360E+03
 0.29324704782944E+03
 0.29300132627717E+03
 0.29275071017540E+03
 0.29249523990780E+03
 0.29223494976432E+03
 0.29196986732977E+03
 0.29170001292610E+03
 0.29142539902847E+03
 0.29114602993720E+03
 0.29086189990005E+03
 0.29057299468776E+03
 0.29027928990707E+03
 0.28998075069555E+03
 0.28967733142691E+03
 0.28936894484937E+03
 0.28905557658031E+03
 0.28873712057008E+03
 0.28841348304473E+03
 0.28808455729291E+03
 0.28775022385359E+03
 0.28741034933724E+03
 0.28706478565385E+03
 0.28671337086894E+03
 0.28635592888428E+03
 0.28599226590077E+03
 0.28562217521237E+03
 0.28524543271841E+03
 0.28486179743536E+03
 0.28447101205101E+03
 0.28407280163904E+03
 0.28366687383832E+03
 0.28325291798470E+03
 0.28283060369948E+03
 0.28239958108701E+03
 0.28195948108123E+03
 0.28150991450919E+03
 0.28105046985745E+03
 0.28058071444341E+03
 0.28010019373963E+03
 0.27960843008797E+03
 0.27910492222316E+03
 0.27858914501288E+03
 0.27806054748704E+03
 0.27751855467991E+03
 0.27696256863459E+03
 0.27639195886291E+03
 0.27580607194704E+03
 0.27520422696116E+03
 0.27458571273918E+03
 0.27394979549333E+03
 0.27329564545168E+03
 0.27262258240586E+03
 0.27192972795131E+03
 0.27121623457945E+03
 0.27048122215315E+03
 0.26972378450550E+03
 0.26894298796130E+03
 0.26813786995635E+03
 0.26730744548469E+03
 0.26645070665671E+03
 0.26556661950628E+03
 0.26465413129915E+03
 0.26371216963657E+03
 0.26273964380877E+03
 0.26173545091855E+03
 0.26069847714163E+03
 0.25962759197338E+03
 0.25852166492784E+03
 0.25737955840728E+03
 0.25620013619600E+03
 0.25498226020501E+03
 0.25372479758859E+03
 0.25242662456154E+03
 0.25108662350425E+03
 0.24970369729483E+03
 0.24827675378820E+03
 0.24680472426213E+03
 0.24528655258905E+03
 0.24372120989596E+03
 0.24210768510499E+03
 0.24044499284094E+03
 0.23873217657769E+03
 0.23696823276295E+03
 0.23515242285550E+03
 0.23328380981549E+03
 0.23136156559489E+03
 0.22938493637149E+03
 0.22735319885782E+03
 0.22526569465021E+03
 0.22312184669729E+03
 0.22092116278074E+03
 0.21866324077310E+03
 0.21634781105786E+03
 0.21397474753798E+03
 0.21154407667028E+03
 0.20905601390416E+03
 0.20651101401629E+03
 0.20390977271994E+03
 0.20125328518676E+03
 0.19854286070242E+03
 0.19578018488675E+03
 0.19296731893890E+03
 0.19010677170678E+03
 0.18720150062483E+03
 0.18425494138871E+03
 0.18127101835446E+03
 0.17825411951766E+03
 0.17520910578458E+03
 0.17214128600666E+03
 0.16905631286471E+03
 0.16596017291163E+03
 0.16285908073221E+03
 0.15975940316420E+03
 0.15666754494973E+03
 0.15358987748433E+03
 0.15053259005072E+03
 0.14750163782393E+03
 0.14450267307434E+03
 0.14154092316148E+03
 0.13862124633861E+03
 0.13574785490137E+03
 0.13292460047864E+03
 0.13015478337982E+03
 0.12744116610090E+03
 0.12478603884106E+03
 0.12219120225586E+03
 0.11965800999634E+03
 0.11718740919440E+03
 0.11477996989921E+03
 0.11243488490826E+03
 0.11015413265448E+03
 0.10793637604176E+03
 0.10578105140705E+03
 0.10368739873424E+03
 0.10165448999914E+03
 0.99681260760637E+02
 0.97766531121845E+02
 0.95909025137241E+02
 0.94107397748742E+02
 0.92360253950081E+02
 0.90666154415662E+02
 0.89023628230564E+02
 0.87431194791660E+02
 0.85887377914933E+02
 0.84390693463033E+02
 0.82939672648022E+02
 0.81532861452589E+02
 0.80168830270833E+02
 0.78846175960953E+02
 0.77563534662725E+02
 0.76319538384204E+02
 0.75112891169803E+02
 0.73942317006679E+02
 0.72806578201301E+02
 0.71704473352970E+02
 0.70634837037804E+02
 0.69596543969582E+02
 0.68588502736599E+02
 0.67609661474794E+02
 0.66659002398602E+02
 0.65735544758152E+02
 0.64838342901023E+02
 0.63966484225488E+02
 0.63119089812207E+02
 0.62295314168202E+02
 0.61494342048798E+02
 0.60715388317638E+02
 0.59957698106460E+02
 0.59220545380193E+02
 0.58503231201303E+02
 0.57805083317747E+02
 0.57125454907200E+02
 0.56463723300964E+02
 0.55819290838801E+02
 0.55191582403540E+02
 0.54580043379602E+02
 0.53984141996251E+02
 0.53403366122467E+02
 0.52837223242852E+02
 0.52285238890424E+02
 0.51746957202618E+02
 0.51221939163752E+02
 0.50709762923502E+02
 0.50210021857316E+02
 0.49722324734191E+02
 0.49246294955738E+02
 0.48781569186379E+02
 0.48327799784508E+02
 0.47884649250629E+02
 0.47451793722093E+02
 0.47028921196230E+02
 0.46615730881325E+02
 0.46211932664817E+02
 0.45817247284183E+02
 0.45431405212897E+02
 0.45054146773249E+02
 0.44685221464069E+02
 0.44324387336020E+02
 0.43971411344663E+02
 0.43626068317108E+02
 0.43288141076859E+02
 0.42957420027158E+02
 0.42633702647675E+02
 0.42316793296679E+02
 0.42006503268183E+02
 0.41702650273518E+02
 0.41405057634167E+02
 0.41113555245529E+02
 0.40827978298974E+02
 0.40548167411030E+02
 0.40273968867803E+02
 0.40005233520365E+02
 0.39741817280102E+02
 0.39483580574920E+02
 0.39230389000457E+02
 0.38982111733950E+02
 0.38738621727008E+02
 0.38499797807928E+02
 0.38265520443349E+02
 0.38035675032955E+02
 0.37810150651222E+02
 0.37588839485985E+02
 0.37371636345010E+02
 0.37158440675789E+02
 0.36949154170775E+02
 0.36743681665978E+02
 0.36541930824648E+02
 0.36343811572489E+02
 0.36149237772120E+02
 0.35958124557007E+02
