 0.00000000000000E+00
 0.00000000000000E+00
 0.00000000000000E+00
 0.00000000000000E+00
 0.11082470493891E-35
 0.23470971702686E-31
 0.28870619539213E-28
 0.59965350875198E-26
 0.38050265587444E-24
 0.10527481249286E-22
 0.15926374589911E-21
 0.15320734916998E-20
 0.10403753240573E-19
 0.53735518279859E-19
 0.22297909922702E-18
 0.77450960933307E-18
 0.23237272671726E-17
 0.61709824551417E-17
 0.14789691676555E-16
 0.32502605072029E-16
 0.66442560569099E-16
 0.12836531424162E-15
 0.24000396000021E-15
 0.45245240619316E-15
 0.91457677013365E-15
 0.20928514024735E-14
 0.54097620610692E-14
 0.14930697639510E-13
 0.41457136858994E-13
 0.17733859121503E-08
 0.24477534566760E-08
 0.60991019019534E-08
 0.81035331163144E-08
 0.18156531504963E-07
 0.29910915538105E-07
 0.47946171966266E-07
 0.74953471292907E-07
 0.11450503574093E-06
 0.17125492250728E-06
 0.25116450204768E-06
 0.36175245334039E-06
 0.51236850065658E-06
 0.71449035792185E-06
 0.98204271277027E-06
 0.13317372947719E-05
 0.17834330725327E-05
 0.23605139398608E-05
 0.30902852804930E-05
 0.40043864691674E-05
 0.51392189360366E-05
 0.65363866223102E-05
 0.82431521762772E-05
 0.10312903799004E-04
 0.12805634516659E-04
 0.15788429524506E-04
 0.19335966221694E-04
 0.23531020463040E-04
 0.28464967723429E-04
 0.34238342634597E-04
 0.40961325623684E-04
 0.48754274127365E-04
 0.57748300144521E-04
 0.68085809677407E-04
 0.79921008859423E-04
 0.93420478287956E-04
 0.10876372590918E-03
 0.12614369719135E-03
 0.14576744332458E-03
 0.16785655269089E-03
 0.19264779708152E-03
 0.22039369088007E-03
 0.25136292501554E-03
 0.28584102122858E-03
 0.32413114328149E-03
 0.36655426857896E-03
 0.41344999141131E-03
 0.46517681087955E-03
 0.52211340892827E-03
 0.58465855238664E-03
 0.65323203595453E-03
 0.72827511632356E-03
 0.81025129706732E-03
 0.89964677040752E-03
 0.99697116917445E-03
 0.11028684819215E-02
 0.12176976037747E-02
 0.13421353683926E-02
 0.14767930986066E-02
 0.16223089000125E-02
 0.17793481985965E-02
 0.19486046265913E-02
 0.21308024452931E-02
 0.23266958098376E-02
 0.25370698579752E-02
 0.27627424438744E-02
 0.30045612037070E-02
 0.32634104629077E-02
 0.35402097908648E-02
 0.38359137645845E-02
 0.41515135640765E-02
 0.44880381072061E-02
 0.48465549343359E-02
 0.52281730043820E-02
 0.56340427509757E-02
 0.60653546801396E-02
 0.65233414403141E-02
 0.70092837417143E-02
 0.75245059822503E-02
 0.80703775186969E-02
 0.86483154282268E-02
 0.92597850885169E-02
 0.99062998149798E-02
 0.10589424521646E-01
 0.11310772322171E-01
 0.12071996679797E-01
 0.12874819578053E-01
 0.13720999372197E-01
 0.14612345616754E-01
 0.15550720713483E-01
 0.16538026535512E-01
 0.17576404190105E-01
 0.18667507087634E-01
 0.19813537690301E-01
 0.21016568263972E-01
 0.22278711977235E-01
 0.23602107941843E-01
 0.24988925414257E-01
 0.26441362023302E-01
 0.27961621004393E-01
 0.29551911365954E-01
 0.31214453001326E-01
 0.32951453921717E-01
 0.34765107857005E-01
 0.36657590020378E-01
 0.38631035205698E-01
 0.40687536146116E-01
 0.42829148150827E-01
 0.45057852324687E-01
 0.47375566620745E-01
 0.49784126163555E-01
 0.52285284781959E-01
 0.54880705450823E-01
 0.57571945232274E-01
 0.60360465412036E-01
 0.63247599456695E-01
 0.66234592458196E-01
 0.69322559849992E-01
 0.72512517951262E-01
 0.75805359738621E-01
 0.79201871170451E-01
 0.82702735927462E-01
 0.86308525895584E-01
 0.90019913175862E-01
 0.93836877394099E-01
 0.97759889749184E-01
 0.10178914651290E+00
 0.10592471718805E+00
 0.11016659406605E+00
 0.11451467074902E+00
 0.11896871494535E+00
 0.12352836344578E+00
 0.12819312964122E+00
 0.13296233695986E+00
 0.13783510207921E+00
 0.14281032726511E+00
 0.14788665124346E+00
 0.15306234692566E+00
 0.15833534705033E+00
 0.16370311103385E+00
 0.16916262900960E+00
 0.17471029247072E+00
 0.18034189854880E+00
 0.18605251186448E+00
 0.19183645116100E+00
 0.19768723951934E+00
 0.20359755300292E+00
 0.20955926983940E+00
 0.21556342332473E+00
 0.22160023165089E+00
 0.22765927384968E+00
 0.23372949304168E+00
 0.23979936418283E+00
 0.24585703351477E+00
 0.25189051522433E+00
 0.25788781969210E+00
 0.26383723542226E+00
 0.26972742158641E+00
 0.27554755568186E+00
 0.28128756841125E+00
 0.28693804886957E+00
 0.29249080286968E+00
 0.29793830171701E+00
 0.30327407193157E+00
 0.30849268644740E+00
 0.31358964332230E+00
 0.31856141403318E+00
 0.32340537198394E+00
 0.32811970717429E+00
 0.33270338702849E+00
 0.33715750726849E+00
 0.34147952340655E+00
 0.34567166199992E+00
 0.34973524485270E+00
 0.35367200699337E+00
 0.35748403666251E+00
 0.36117371271423E+00
 0.36474365756280E+00
 0.36819669448471E+00
 0.37153579319177E+00
 0.37476402768362E+00
 0.37788456040030E+00
 0.38090061377371E+00
 0.38381542823967E+00
 0.38663223386311E+00
 0.38935426304726E+00
 0.39198471262655E+00
 0.39452673917320E+00
 0.39698344042509E+00
 0.39935785106975E+00
 0.40165291870481E+00
 0.40387157435054E+00
 0.40601660760774E+00
 0.40809074898348E+00
 0.41009664250077E+00
 0.41203684723029E+00
 0.41391383820129E+00
 0.41573000016265E+00
 0.41748763771237E+00
 0.41918896719071E+00
 0.42083612606682E+00
 0.42243116841302E+00
 0.42397606882760E+00
 0.42547272705232E+00
 0.42692296717878E+00
 0.42832853917945E+00
 0.42969112461324E+00
 0.43101233797149E+00
 0.43229372683610E+00
 0.43353677534960E+00
 0.43474290776195E+00
 0.43591348978598E+00
 0.43704983095757E+00
 0.43815318792881E+00
 0.43922476395933E+00
 0.44026571297524E+00
 0.44127714343020E+00
 0.44226011600113E+00
 0.44321564854976E+00
 0.44414471711894E+00
 0.44504825853347E+00
 0.44592717056038E+00
 0.44678231500007E+00
 0.44761451774130E+00
 0.44842457204291E+00
 0.44921323900262E+00
 0.44998124905371E+00
 0.45072930410647E+00
 0.45145807568760E+00
 0.45216821146936E+00
 0.45286033223681E+00
 0.45353503426182E+00
 0.45419289054165E+00
 0.45483445195732E+00
 0.45546024755725E+00
 0.45607078629708E+00
 0.45666655721319E+00
 0.45724803070193E+00
 0.45781565956145E+00
 0.45836987900031E+00
 0.45891110813871E+00
 0.45943975016477E+00
 0.45995619314711E+00
 0.46046081095072E+00
 0.46095396368032E+00
 0.46143599791603E+00
 0.46190724757772E+00
 0.46236803496046E+00
 0.46281867009088E+00
 0.46325945224766E+00
 0.46369067002624E+00
 0.46411260137369E+00
 0.46452551485071E+00
 0.46492966940504E+00
 0.46532531510476E+00
 0.46571269268507E+00
 0.46609203521067E+00
 0.46646356819920E+00
 0.46682750766761E+00
 0.46718406432623E+00
 0.46753344069847E+00
 0.46787583238733E+00
 0.46821142877920E+00
 0.46854041359800E+00
 0.46886296321573E+00
 0.46917924896307E+00
 0.46948943642482E+00
 0.46979368584673E+00
 0.47009215273823E+00
 0.47038498652230E+00
 0.47067233297260E+00
