 0.00000000000000E+00
 0.00000000000000E+00
 0.00000000000000E+00
 0.00000000000000E+00
 0.11082470345924E-25
 0.23470971389315E-21
 0.28870619153749E-18
 0.59965350074575E-16
 0.38050265079418E-14
 0.10527481108726E-12
 0.15926374377195E-11
 0.15320734711704E-10
 0.10403753097295E-09
 0.53735517320626E-09
 0.22297908367190E-08
 0.77450911639590E-08
 0.23237145269141E-07
 0.61707462600153E-07
 0.14786452021025E-06
 0.32468345063284E-06
 0.66152928718150E-06
 0.12634783741794E-05
 0.22812972068567E-05
 0.39214426205520E-05
 0.64554373294577E-05
 0.10228038179120E-04
 0.15663730594830E-04
 0.23271226677350E-04
 0.33645795921590E-04
 0.47469398344824E-04
 0.65508708509549E-04
 0.88611216298816E-04
 0.11769964634089E-03
 0.15376499667619E-03
 0.19785847298600E-03
 0.25108265740245E-03
 0.31458215531863E-03
 0.38953400782780E-03
 0.47713808166741E-03
 0.57860763318207E-03
 0.69516020056098E-03
 0.82800894897452E-03
 0.97835456692848E-03
 0.11473777645369E-02
 0.13362324320718E-02
 0.15460394720927E-02
 0.17778813013615E-02
 0.20327970377840E-02
 0.23117783203523E-02
 0.26157657706347E-02
 0.29456460424404E-02
 0.33022494194456E-02
 0.36863479618928E-02
 0.40986540996319E-02
 0.45398197022966E-02
 0.50104355621165E-02
 0.55110312300098E-02
 0.60420752216430E-02
 0.66039754448696E-02
 0.71970801117955E-02
 0.78216786723929E-02
 0.84780030885198E-02
 0.91662293255531E-02
 0.98864789909761E-02
 0.10638821126180E-01
 0.11423274169174E-01
 0.12239808008743E-01
 0.13088346147244E-01
 0.13968768004563E-01
 0.14880911198762E-01
 0.15824574017247E-01
 0.16799517801883E-01
 0.17805469474741E-01
 0.18842124029179E-01
 0.19909147064141E-01
 0.21006177309033E-01
 0.22132829135144E-01
 0.23288695066301E-01
 0.24473348199501E-01
 0.25686345075853E-01
 0.26927227494062E-01
 0.28195525248785E-01
 0.29490758431639E-01
 0.30812439675937E-01
 0.32160087538387E-01
 0.33533187000112E-01
 0.34931250690122E-01
 0.36353783653586E-01
 0.37800294189854E-01
 0.39270295564348E-01
 0.40763308211557E-01
 0.42278861748656E-01
 0.43816496219123E-01
 0.45375763740250E-01
 0.46956231603010E-01
 0.48557481496662E-01
 0.50179112918707E-01
 0.51820744270788E-01
 0.53482013821594E-01
 0.55162581517679E-01
 0.56862130016710E-01
 0.58580366202292E-01
 0.60317022976105E-01
 0.62071860159785E-01
 0.63844665231608E-01
 0.65635254719970E-01
 0.67443476348677E-01
 0.69269209211503E-01
 0.71112364941655E-01
 0.72972889237076E-01
 0.74850762895751E-01
 0.76746002687342E-01
 0.78658663286523E-01
 0.80588836784028E-01
 0.82536652610099E-01
 0.84502284400261E-01
 0.86485944379289E-01
 0.88487886918474E-01
 0.90508411013858E-01
 0.92547855624169E-01
 0.94606651938989E-01
 0.96685150839736E-01
 0.98783868049202E-01
 0.10090332376474E+00
 0.10304408778205E+00
 0.10520677521646E+00
 0.10739204800633E+00
 0.10960061640667E+00
 0.11183323451665E+00
 0.11409070087216E+00
 0.11637386122349E+00
 0.11868360314083E+00
 0.12102085686343E+00
 0.12338659438255E+00
 0.12578182458917E+00
 0.12820759215952E+00
 0.13066498221167E+00
 0.13315510644340E+00
 0.13567910865278E+00
 0.13823815728098E+00
 0.14083344767104E+00
 0.14346619549196E+00
 0.14613763272831E+00
 0.14884900940137E+00
 0.15160158012088E+00
 0.15439661669327E+00
 0.15723539075774E+00
 0.16011918219461E+00
 0.16304926462305E+00
 0.16602691248757E+00
 0.16905339235145E+00
 0.17212995826012E+00
 0.17525792156601E+00
 0.17843835470904E+00
 0.18167252529355E+00
 0.18496160509359E+00
 0.18830669889431E+00
 0.19170888352270E+00
 0.19516917159843E+00
 0.19868849153216E+00
 0.20226767977660E+00
 0.20590747108998E+00
 0.20960845077257E+00
 0.21337103724379E+00
 0.21719546622246E+00
 0.22108174617258E+00
 0.22502959784926E+00
 0.22903844319971E+00
 0.23310733431618E+00
 0.23723492715491E+00
 0.24141940432525E+00
 0.24565846406178E+00
 0.24994923129063E+00
 0.25428824470852E+00
 0.25867141382768E+00
 0.26309399791875E+00
 0.26755062580437E+00
 0.27203528053511E+00
 0.27654132438321E+00
 0.28106161595805E+00
 0.28558852665579E+00
 0.29011406810002E+00
 0.29462999021469E+00
 0.29912792662251E+00
 0.30359949435201E+00
 0.30803648419352E+00
 0.31243094231105E+00
 0.31677527094023E+00
 0.32106238983775E+00
 0.32528569163306E+00
 0.32943937869005E+00
 0.33351814850708E+00
 0.33751742523715E+00
 0.34143335270532E+00
 0.34526272387584E+00
 0.34900300328158E+00
 0.35265227760492E+00
 0.35620920640044E+00
 0.35967298380926E+00
 0.36304448926913E+00
 0.36632146615267E+00
 0.36950557259802E+00
 0.37259764230036E+00
 0.37559879897297E+00
 0.37851041570185E+00
 0.38133407082895E+00
 0.38407151643675E+00
 0.38672464903838E+00
 0.38929547220240E+00
 0.39178606869205E+00
 0.39419858855554E+00
 0.39653522962555E+00
 0.39879820825508E+00
 0.40098973954820E+00
 0.40311204783815E+00
 0.40516733743917E+00
 0.40715779073401E+00
 0.40908555521008E+00
 0.41095273935578E+00
 0.41276139699368E+00
 0.41451357387393E+00
 0.41621122265204E+00
 0.41785625963611E+00
 0.41945054395911E+00
 0.42099587941932E+00
 0.42249401457210E+00
 0.42394663812602E+00
 0.42535538572274E+00
 0.42672183392551E+00
 0.42804750628759E+00
 0.42933387043848E+00
 0.43058234048186E+00
 0.43179427952542E+00
 0.43297099940793E+00
 0.43411376141627E+00
 0.43522378008128E+00
 0.43630222378404E+00
 0.43735021508000E+00
 0.43836883269612E+00
 0.43935911382676E+00
 0.44032205505597E+00
 0.44125861414647E+00
 0.44216971183456E+00
 0.44305623145281E+00
 0.44391902192655E+00
 0.44475890029713E+00
 0.44557664982040E+00
 0.44637302365075E+00
 0.44714874529935E+00
 0.44790451062081E+00
 0.44864098767456E+00
 0.44935881887088E+00
 0.45005862104784E+00
 0.45074098775567E+00
 0.45140648945189E+00
 0.45205567459747E+00
 0.45268907132204E+00
 0.45330718540731E+00
 0.45391050595955E+00
 0.45449950233672E+00
 0.45507462615494E+00
 0.45563631218759E+00
 0.45618497913786E+00
 0.45672102973719E+00
 0.45724485204782E+00
 0.45775681959508E+00
 0.45825729222913E+00
 0.45874661692645E+00
 0.45922512767333E+00
 0.45969314662919E+00
 0.46015098420501E+00
 0.46059893963627E+00
 0.46103730162403E+00
 0.46146634868662E+00
 0.46188634927467E+00
 0.46229756240313E+00
 0.46270023853017E+00
 0.46309461883479E+00
 0.46348093650815E+00
 0.46385941676913E+00
 0.46423027677818E+00
 0.46459372674360E+00
 0.46494996959908E+00
 0.46529920159881E+00
 0.46564161185751E+00
 0.46597738384705E+00
 0.46630669532040E+00
 0.46662971658731E+00
 0.46694661428635E+00
 0.46725754861490E+00
 0.46756267451017E+00
 0.46786214221280E+00
 0.46815609776151E+00
 0.46844468134958E+00
 0.46872802944078E+00
 0.46900627407264E+00
 0.46927954319250E+00
 0.46954796119473E+00
 0.46981164758212E+00
 0.47007071925786E+00
