 0.26482300296472E+01
 0.26482300296430E+01
 0.26482300295409E+01
 0.26482300288623E+01
 0.26482300262642E+01
 0.26482300202198E+01
 0.26482300089857E+01
 0.26482299899724E+01
 0.26482299646144E+01
 0.26482299431219E+01
 0.26482299556176E+01
 0.26482300666411E+01
 0.26482303884973E+01
 0.26482310975183E+01
 0.26482324414483E+01
 0.26482347439683E+01
 0.26482384054081E+01
 0.26482438953330E+01
 0.26482517492597E+01
 0.26482625564100E+01
 0.26482769513585E+01
 0.26482955975408E+01
 0.26483191828754E+01
 0.26483484228640E+01
 0.26483840271203E+01
 0.26484266975989E+01
 0.26484771462772E+01
 0.26485360751667E+01
 0.26486041753512E+01
 0.26486821137231E+01
 0.26487705722454E+01
 0.26488701647470E+01
 0.26489815530312E+01
 0.26491052748112E+01
 0.26492419622285E+01
 0.26493921447628E+01
 0.26495563485248E+01
 0.26497350637566E+01
 0.26499287514083E+01
 0.26501378277497E+01
 0.26503626708708E+01
 0.26506036125317E+01
 0.26508609382154E+01
 0.26511348791439E+01
 0.26514256093956E+01
 0.26517332429523E+01
 0.26520578269214E+01
 0.26523993405000E+01
 0.26527576880339E+01
 0.26531326978711E+01
 0.26535241168624E+01
 0.26539316070602E+01
 0.26543547438369E+01
 0.26547930093516E+01
 0.26552457949237E+01
 0.26557123965782E+01
 0.26561919972946E+01
 0.26566836716945E+01
 0.26571864416926E+01
 0.26576991629990E+01
 0.26582206071950E+01
 0.26587494344861E+01
 0.26592841958787E+01
 0.26598233287632E+01
 0.26603651536195E+01
 0.26609078788444E+01
 0.26614495965404E+01
 0.26619882880479E+01
 0.26625218140843E+01
 0.26630479214092E+01
 0.26635642337931E+01
 0.26640682595115E+01
 0.26645573902110E+01
 0.26650288961567E+01
 0.26654799292510E+01
 0.26659075238242E+01
 0.26663085966201E+01
 0.26666799447038E+01
 0.26670182549706E+01
 0.26673200458093E+01
 0.26675817600637E+01
 0.26677997081063E+01
 0.26679700769755E+01
 0.26680889274827E+01
 0.26681512007105E+01
 0.26681545134783E+01
 0.26680937059231E+01
 0.26679643202010E+01
 0.26677617658688E+01
 0.26674813354418E+01
 0.26671181744007E+01
 0.26666672873141E+01
 0.26661235422169E+01
 0.26654816728798E+01
 0.26647362137353E+01
 0.26638816320761E+01
 0.26629122033918E+01
 0.26618220472554E+01
 0.26606051315603E+01
 0.26592552673338E+01
 0.26577661071043E+01
 0.26561311639063E+01
 0.26543437435548E+01
 0.26523969880248E+01
 0.26502838923058E+01
 0.26479972877467E+01
 0.26455298044167E+01
 0.26428739142737E+01
 0.26400219286839E+01
 0.26369659845359E+01
 0.26336980504915E+01
 0.26302099375056E+01
 0.26264932899389E+01
 0.26225395997670E+01
 0.26183402949271E+01
 0.26138865276276E+01
 0.26091694331034E+01
 0.26041800363850E+01
 0.25989092258941E+01
 0.25933479267513E+01
 0.25874854818094E+01
 0.25813152995762E+01
 0.25748269565491E+01
 0.25680113209419E+01
 0.25608592996158E+01
 0.25533620129817E+01
 0.25455106945193E+01
 0.25372966900177E+01
 0.25287117423288E+01
 0.25197479197705E+01
 0.25103976089946E+01
 0.25006536646405E+01
 0.24905094656586E+01
 0.24799588988649E+01
 0.24689965423061E+01
 0.24576177098080E+01
 0.24458183516211E+01
 0.24335953310997E+01
 0.24209463393284E+01
 0.24078700206803E+01
 0.23943659607226E+01
 0.23804347194003E+01
 0.23660779319262E+01
 0.23512982048852E+01
 0.23360993276637E+01
 0.23204859715922E+01
 0.23044639687412E+01
 0.22880400353121E+01
 0.22712219919276E+01
 0.22540184537834E+01
 0.22364389977089E+01
 0.22184940548365E+01
 0.22001936624312E+01
 0.21815520208089E+01
 0.21625804803516E+01
 0.21432921304108E+01
 0.21237007391960E+01
 0.21038205299187E+01
 0.20836659243703E+01
 0.20632520572855E+01
 0.20425943297512E+01
 0.20217084070566E+01
 0.20006104932143E+01
 0.19793170301645E+01
 0.19578447561660E+01
 0.19362107669866E+01
 0.19144328400632E+01
 0.18925290569527E+01
 0.18705179695503E+01
 0.18484184919218E+01
 0.18262502419266E+01
 0.18040331765710E+01
 0.17817879579334E+01
 0.17595357029133E+01
 0.17372980681129E+01
 0.17150970902050E+01
 0.16929550262059E+01
 0.16708944184338E+01
 0.16489380728079E+01
 0.16271079276719E+01
 0.16054267268052E+01
 0.15839155204144E+01
 0.15625958526596E+01
 0.15414875178964E+01
 0.15206093008403E+01
 0.14999790788060E+01
 0.14796130240794E+01
 0.14595260843257E+01
 0.14397313643080E+01
 0.14202410078355E+01
 0.14010642618367E+01
 0.13822099809201E+01
 0.13636852552263E+01
 0.13454955370298E+01
 0.13276450975221E+01
 0.13101368581000E+01
 0.12929725354974E+01
 0.12761529690330E+01
 0.12596779449367E+01
 0.12435462904476E+01
 0.12277566835543E+01
 0.12123065719368E+01
 0.11971930598214E+01
 0.11824128006682E+01
 0.11679620479559E+01
 0.11538367629204E+01
 0.11400326190697E+01
 0.11265449983921E+01
 0.11133692254446E+01
 0.11005004414595E+01
 0.10879336766199E+01
 0.10756638028580E+01
 0.10636857649921E+01
 0.10519945379600E+01
 0.10405849500617E+01
 0.10294518568959E+01
 0.10185901189874E+01
 0.10079946514586E+01
 0.99766043624459E+00
 0.98758259657786E+00
 0.97775588627400E+00
 0.96817559009086E+00
 0.95883683287685E+00
 0.94973484987208E+00
 0.94086491261520E+00
 0.93222237470261E+00
 0.92380266964508E+00
 0.91560127582555E+00
 0.90761376809155E+00
 0.89983577034400E+00
 0.89226300016059E+00
 0.88489123943836E+00
 0.87771632666970E+00
 0.87073418739537E+00
 0.86394082572713E+00
 0.85733230716127E+00
 0.85090474126932E+00
 0.84465435261703E+00
 0.83857741609541E+00
 0.83267027084955E+00
 0.82692933691839E+00
 0.82135107579047E+00
 0.81593202394398E+00
 0.81066880170315E+00
 0.80555808061864E+00
 0.80059658601097E+00
 0.79578111758822E+00
 0.79110853264951E+00
 0.78657575475252E+00
 0.78217974834682E+00
 0.77791754599761E+00
 0.77378623598639E+00
 0.76978298920013E+00
 0.76590499876412E+00
 0.76214952230931E+00
 0.75851388048077E+00
 0.75499543115800E+00
 0.75159160156288E+00
 0.74829984505066E+00
 0.74511769303585E+00
 0.74204270582455E+00
 0.73907251264238E+00
 0.73620476312905E+00
 0.73343717211237E+00
 0.73076749698728E+00
 0.72819354152754E+00
 0.72571314896930E+00
 0.72332420451595E+00
 0.72102464397509E+00
 0.71881243987583E+00
 0.71668560623725E+00
 0.71464219692558E+00
 0.71268030726743E+00
 0.71079807362112E+00
 0.70899365872690E+00
 0.70726527671999E+00
 0.70561117005948E+00
 0.70402961987799E+00
 0.70251894034786E+00
 0.70107748767182E+00
 0.69970363377640E+00
 0.69839581387778E+00
 0.69715246222339E+00
 0.69597207297513E+00
 0.69485315591195E+00
 0.69379423943347E+00
 0.69279392739096E+00
 0.69185080348564E+00
 0.69096350236622E+00
 0.69013069627438E+00
 0.68935106755379E+00
 0.68862332850627E+00
 0.68794623803520E+00
 0.68731855039362E+00
 0.68673907117469E+00
 0.68620661636164E+00
 0.68572003130111E+00
 0.68527819534108E+00
 0.68487998694842E+00
 0.68452433864655E+00
