 0.10963120135019E+01
 0.10963120131949E+01
 0.10963120098811E+01
 0.10963119959204E+01
 0.10963119580722E+01
 0.10963118780497E+01
 0.10963117329475E+01
 0.10963114964922E+01
 0.10963111453546E+01
 0.10963106725916E+01
 0.10963101104744E+01
 0.10963095590068E+01
 0.10963092132835E+01
 0.10963093853661E+01
 0.10963105142990E+01
 0.10963131649606E+01
 0.10963180168551E+01
 0.10963258436728E+01
 0.10963374897954E+01
 0.10963538431948E+01
 0.10963758088505E+01
 0.10964042846887E+01
 0.10964401398316E+01
 0.10964841951891E+01
 0.10965372112902E+01
 0.10965998763486E+01
 0.10966727973954E+01
 0.10967564955284E+01
 0.10968514037704E+01
 0.10969578664800E+01
 0.10970761400928E+01
 0.10972063958758E+01
 0.10973487225017E+01
 0.10975031319798E+01
 0.10976695616160E+01
 0.10978478821684E+01
 0.10980379016004E+01
 0.10982393709291E+01
 0.10984519898881E+01
 0.10986754130456E+01
 0.10989092549094E+01
 0.10991530952878E+01
 0.10994064850838E+01
 0.10996689505643E+01
 0.10999399984988E+01
 0.11002191207732E+01
 0.11005057980741E+01
 0.11007995043774E+01
 0.11010997098895E+01
 0.11014058848274E+01
 0.11017175024102E+01
 0.11020340408889E+01
 0.11023549869341E+01
 0.11026798368405E+01
 0.11030080986229E+01
 0.11033392941746E+01
 0.11036729611385E+01
 0.11040086542503E+01
 0.11043459403501E+01
 0.11046844104073E+01
 0.11050236715926E+01
 0.11053633504071E+01
 0.11057030931055E+01
 0.11060425659816E+01
 0.11063814546781E+01
 0.11067194659510E+01
 0.11070563275525E+01
 0.11073917851596E+01
 0.11077256052771E+01
 0.11080575734125E+01
 0.11083874951648E+01
 0.11087151947006E+01
 0.11090405150674E+01
 0.11093633171882E+01
 0.11096834798742E+01
 0.11100008997210E+01
 0.11103154900387E+01
 0.11106271800682E+01
 0.11109359141755E+01
 0.11112416572833E+01
 0.11115443840750E+01
 0.11118440865511E+01
 0.11121407701584E+01
 0.11124344538199E+01
 0.11127252009339E+01
 0.11130130012992E+01
 0.11132979390546E+01
 0.11135800849988E+01
 0.11138595218195E+01
 0.11141363424842E+01
 0.11144106520783E+01
 0.11146825673601E+01
 0.11149522135415E+01
 0.11152197236934E+01
 0.11154852509117E+01
 0.11157489489243E+01
 0.11160109836872E+01
 0.11162715311889E+01
 0.11165307756684E+01
 0.11167889105148E+01
 0.11170461354517E+01
 0.11173026602200E+01
 0.11175587040744E+01
 0.11178144944084E+01
 0.11180702655873E+01
 0.11183262590069E+01
 0.11185827247218E+01
 0.11188399195044E+01
 0.11190981066415E+01
 0.11193575562098E+01
 0.11196185447282E+01
 0.11198813544990E+01
 0.11201462741548E+01
 0.11204135958380E+01
 0.11206836139390E+01
 0.11209566312237E+01
 0.11212329510896E+01
 0.11215128780293E+01
 0.11217967216757E+01
 0.11220847808329E+01
 0.11223774111026E+01
 0.11226748311625E+01
 0.11229773812359E+01
 0.11232853491168E+01
 0.11235990208013E+01
 0.11239186679519E+01
 0.11242445493846E+01
 0.11245769172810E+01
 0.11249159974536E+01
 0.11252619956300E+01
 0.11256150955592E+01
 0.11259754513625E+01
 0.11263431867875E+01
 0.11267183899336E+01
 0.11271011079854E+01
 0.11274913407554E+01
 0.11278890496369E+01
 0.11282941362558E+01
 0.11287064477402E+01
 0.11291257674985E+01
 0.11295518172028E+01
 0.11299842465384E+01
 0.11304226313111E+01
 0.11308664692837E+01
 0.11313151728915E+01
 0.11317680774456E+01
 0.11322244236089E+01
 0.11326833656166E+01
 0.11331439560450E+01
 0.11336051634275E+01
 0.11340658538889E+01
 0.11345247897668E+01
 0.11349806620427E+01
 0.11354319533715E+01
 0.11358771665309E+01
 0.11363146627432E+01
 0.11367426636977E+01
 0.11371593229844E+01
 0.11375626786098E+01
 0.11379506484106E+01
 0.11383210688755E+01
 0.11386716764728E+01
 0.11390000979747E+01
 0.11393038752593E+01
 0.11395804794833E+01
 0.11398272960380E+01
 0.11400416514950E+01
 0.11402208128122E+01
 0.11403620468256E+01
 0.11404625963434E+01
 0.11405197274690E+01
 0.11405307689776E+01
 0.11404931258408E+01
 0.11404043416907E+01
 0.11402621112048E+01
 0.11400643522158E+01
 0.11398092448520E+01
 0.11394952559058E+01
 0.11391212141169E+01
 0.11386863280410E+01
 0.11381901989029E+01
 0.11376329065125E+01
 0.11370149426987E+01
 0.11363372929602E+01
 0.11356014032990E+01
 0.11348091213180E+01
 0.11339627265450E+01
 0.11330648767729E+01
 0.11321185395038E+01
 0.11311269929488E+01
 0.11300936885251E+01
 0.11290222916194E+01
 0.11279165566059E+01
 0.11267802898918E+01
 0.11256173048227E+01
 0.11244313800393E+01
 0.11232261891684E+01
 0.11220053045812E+01
 0.11207721333375E+01
 0.11195299119789E+01
 0.11182817093392E+01
 0.11170303650965E+01
 0.11157785187464E+01
 0.11145285994369E+01
 0.11132828264189E+01
 0.11120432102160E+01
 0.11108115621297E+01
 0.11095895007519E+01
 0.11083784597105E+01
 0.11071797063302E+01
 0.11059943456474E+01
 0.11048233304848E+01
 0.11036674712821E+01
 0.11025274580262E+01
 0.11014038629938E+01
 0.11002971496787E+01
 0.10992076860216E+01
 0.10981357560996E+01
 0.10970815627604E+01
 0.10960452480949E+01
 0.10950268691106E+01
 0.10940264519379E+01
 0.10930439618457E+01
 0.10920793249914E+01
 0.10911324262543E+01
 0.10902031207601E+01
 0.10892912347471E+01
 0.10883965672588E+01
 0.10875188981197E+01
 0.10866579892455E+01
 0.10858135874666E+01
 0.10849854268491E+01
 0.10841732324598E+01
 0.10833767199106E+01
 0.10825956000384E+01
 0.10818295783903E+01
 0.10810783564621E+01
 0.10803416347522E+01
 0.10796191124598E+01
 0.10789104899499E+01
 0.10782154696352E+01
 0.10775337520610E+01
 0.10768650416734E+01
 0.10762090485817E+01
 0.10755654842562E+01
 0.10749340615617E+01
 0.10743145014244E+01
 0.10737065276863E+01
 0.10731098697444E+01
 0.10725242597985E+01
 0.10719494361617E+01
 0.10713851430081E+01
 0.10708311293776E+01
 0.10702871497110E+01
 0.10697529634979E+01
 0.10692283360765E+01
 0.10687130349365E+01
 0.10682068414782E+01
 0.10677095326888E+01
 0.10672208952479E+01
 0.10667407214310E+01
 0.10662688075452E+01
 0.10658049547699E+01
 0.10653489702975E+01
 0.10649006657879E+01
 0.10644598578714E+01
 0.10640263676715E+01
 0.10636000209440E+01
 0.10631806477422E+01
 0.10627680833280E+01
 0.10623621661789E+01
 0.10619627407732E+01
 0.10615696539525E+01
 0.10611827569733E+01
 0.10608019064120E+01
 0.10604269615510E+01
 0.10600577848280E+01
 0.10596942438775E+01
 0.10593362088841E+01
 0.10589835534098E+01
 0.10586361555141E+01
 0.10582938944974E+01
 0.10579566553381E+01
 0.10576243232217E+01
 0.10572967903677E+01
 0.10569739491845E+01
 0.10566556926790E+01
 0.10563419232055E+01
 0.10560325396075E+01
 0.10557274458418E+01
 0.10554265495441E+01
 0.10551297596314E+01
 0.10548369839732E+01
 0.10545481403408E+01
 0.10542631427528E+01
 0.10539819104142E+01
 0.10537043628573E+01
 0.10534304201627E+01
 0.10531600106516E+01
 0.10528930581027E+01
