 0.22152489232229E+00
 0.22152489232247E+00
 0.22152489232673E+00
 0.22152489235512E+00
 0.22152489246382E+00
 0.22152489271671E+00
 0.22152489318627E+00
 0.22152489398168E+00
 0.22152489504218E+00
 0.22152489594202E+00
 0.22152489542167E+00
 0.22152489078281E+00
 0.22152487732882E+00
 0.22152484768503E+00
 0.22152479148952E+00
 0.22152469520339E+00
 0.22152454208213E+00
 0.22152431250788E+00
 0.22152398401500E+00
 0.22152353208941E+00
 0.22152293020301E+00
 0.22152215068863E+00
 0.22152116505680E+00
 0.22151994377814E+00
 0.22151845786660E+00
 0.22151667913120E+00
 0.22151457954212E+00
 0.22151213243210E+00
 0.22150931264370E+00
 0.22150609712226E+00
 0.22150246542866E+00
 0.22149840017212E+00
 0.22149388742538E+00
 0.22148891741046E+00
 0.22148348509885E+00
 0.22147759093044E+00
 0.22147124092617E+00
 0.22146444791539E+00
 0.22145723173927E+00
 0.22144962050242E+00
 0.22144165062193E+00
 0.22143336772662E+00
 0.22142482720934E+00
 0.22141609475863E+00
 0.22140724707761E+00
 0.22139837234127E+00
 0.22138957072627E+00
 0.22138095492535E+00
 0.22137265059407E+00
 0.22136479678336E+00
 0.22135754629793E+00
 0.22135106615239E+00
 0.22134553781789E+00
 0.22134115749433E+00
 0.22133813652075E+00
 0.22133670120533E+00
 0.22133709411461E+00
 0.22133957305959E+00
 0.22134441214132E+00
 0.22135190025581E+00
 0.22136234382460E+00
 0.22137606515267E+00
 0.22139340300767E+00
 0.22141475349080E+00
 0.22144041538458E+00
 0.22147081116250E+00
 0.22150634691125E+00
 0.22154744568392E+00
 0.22159454760824E+00
 0.22164811078657E+00
 0.22170861094989E+00
 0.22177654159659E+00
 0.22185241504954E+00
 0.22193676296136E+00
 0.22203013581428E+00
 0.22213310323677E+00
 0.22224625686247E+00
 0.22237020746992E+00
 0.22250559063144E+00
 0.22265306311666E+00
 0.22281330546314E+00
 0.22298702367227E+00
 0.22317494961777E+00
 0.22337784325195E+00
 0.22359649304201E+00
 0.22383171869381E+00
 0.22408437194425E+00
 0.22435533732687E+00
 0.22464553830589E+00
 0.22495593836549E+00
 0.22528753943470E+00
 0.22564138498713E+00
 0.22601865233092E+00
 0.22642033377565E+00
 0.22684769598236E+00
 0.22730199036323E+00
 0.22778452543024E+00
 0.22829668209231E+00
 0.22883990234820E+00
 0.22941570312540E+00
 0.23002567584197E+00
 0.23067149480194E+00
 0.23135492468149E+00
 0.23207782271955E+00
 0.23284213638870E+00
 0.23364992335466E+00
 0.23450334976295E+00
 0.23540470089483E+00
 0.23635638143969E+00
 0.23736091579678E+00
 0.23842096743198E+00
 0.23953936087125E+00
 0.24071905096538E+00
 0.24196328384348E+00
 0.24327510446139E+00
 0.24465805672903E+00
 0.24611577561266E+00
 0.24765205572537E+00
 0.24927088775827E+00
 0.25097643038935E+00
 0.25277305060689E+00
 0.25466529550617E+00
 0.25665790439287E+00
 0.25875579661625E+00
 0.26096404673917E+00
 0.26328791510322E+00
 0.26573277392271E+00
 0.26830407629068E+00
 0.27100738835849E+00
 0.27384828934407E+00
 0.27683226261612E+00
 0.27996463008882E+00
 0.28325050401885E+00
 0.28669480147657E+00
 0.29030145258682E+00
 0.29407409370126E+00
 0.29801540358822E+00
 0.30212683754351E+00
 0.30640861728804E+00
 0.31085935273766E+00
 0.31547601353494E+00
 0.32025360773235E+00
 0.32518490110274E+00
 0.33026102744390E+00
 0.33547093121110E+00
 0.34080172680051E+00
 0.34623884473010E+00
 0.35176699491480E+00
 0.35736903871547E+00
 0.36302805743423E+00
 0.36872702334430E+00
 0.37444936548062E+00
 0.38017925008118E+00
 0.38590199344982E+00
 0.39160411679891E+00
 0.39727355312088E+00
 0.40289949685358E+00
 0.40847274830338E+00
 0.41398517497356E+00
 0.41942986752417E+00
 0.42480102974289E+00
 0.43009384213903E+00
 0.43530414044234E+00
 0.44042891047804E+00
 0.44546498117146E+00
 0.45040980255425E+00
 0.45526143987324E+00
 0.46001801033485E+00
 0.46467800378252E+00
 0.46924004880314E+00
 0.47370289385601E+00
 0.47806519989086E+00
 0.48232604356076E+00
 0.48648425691711E+00
 0.49053893384054E+00
 0.49448900380770E+00
 0.49833364776588E+00
 0.50207187533196E+00
 0.50570282383390E+00
 0.50922572469117E+00
 0.51263985794994E+00
 0.51594447060048E+00
 0.51913900360150E+00
 0.52222287657350E+00
 0.52519569135291E+00
 0.52805707593245E+00
 0.53080678273877E+00
 0.53344468929318E+00
 0.53597078476250E+00
 0.53838516407464E+00
 0.54068805459640E+00
 0.54287981101502E+00
 0.54496092415234E+00
 0.54693200335817E+00
 0.54879381564705E+00
 0.55054719901767E+00
 0.55219321610556E+00
 0.55373295305776E+00
 0.55516769139474E+00
 0.55649869641978E+00
 0.55772765772982E+00
 0.55885605986208E+00
 0.55988564286392E+00
 0.56081816239203E+00
 0.56165553297390E+00
 0.56239973448220E+00
 0.56305278505403E+00
 0.56361682346655E+00
 0.56409402842516E+00
 0.56448663529804E+00
 0.56479691683333E+00
 0.56502719565970E+00
 0.56517984053414E+00
 0.56525722094463E+00
 0.56526175615896E+00
 0.56519581954710E+00
 0.56506189477031E+00
 0.56486232978447E+00
 0.56459958196093E+00
 0.56427606508273E+00
 0.56389413792530E+00
 0.56345617114523E+00
 0.56296452397367E+00
 0.56242151582954E+00
 0.56182938215138E+00
 0.56119040741884E+00
 0.56050677941245E+00
 0.55978066311616E+00
 0.55901417894294E+00
 0.55820940276780E+00
 0.55736834395796E+00
 0.55649297631280E+00
 0.55558522630547E+00
 0.55464696403485E+00
 0.55367999959424E+00
 0.55268609907797E+00
 0.55166696410920E+00
 0.55062424944903E+00
 0.54955955657414E+00
 0.54847442759720E+00
 0.54737035372805E+00
 0.54624875827736E+00
 0.54511106126448E+00
 0.54395857078290E+00
 0.54279256735216E+00
 0.54161428592494E+00
 0.54042490261138E+00
 0.53922556136753E+00
 0.53801732783898E+00
 0.53680125179293E+00
 0.53557833524677E+00
 0.53434950247196E+00
 0.53311567898149E+00
 0.53187772491875E+00
 0.53063646687766E+00
 0.52939268530236E+00
 0.52814712234475E+00
 0.52690049083850E+00
 0.52565346269707E+00
 0.52440668449207E+00
 0.52316074443630E+00
 0.52191623994653E+00
 0.52067370200728E+00
 0.51943365379372E+00
 0.51819656855750E+00
 0.51696290941147E+00
 0.51573310581995E+00
 0.51450756437841E+00
 0.51328666761830E+00
 0.51207077709191E+00
 0.51086022313629E+00
 0.50965532228155E+00
 0.50845637373607E+00
 0.50726364600583E+00
 0.50607739742079E+00
 0.50489787160767E+00
 0.50372526466921E+00
 0.50255982531077E+00
 0.50140170364581E+00
 0.50025109858259E+00
 0.49910816642353E+00
 0.49797305625493E+00
 0.49684588829897E+00
 0.49572680128731E+00
 0.49461590326530E+00
 0.49351329096020E+00
 0.49241904278278E+00
 0.49133325669519E+00
 0.49025599722109E+00
 0.48918732277537E+00
 0.48812728776374E+00
 0.48707593519868E+00
 0.48603329374330E+00
 0.48499940892511E+00
 0.48397429981916E+00
 0.48295798096406E+00
 0.48195046289773E+00
 0.48095175054451E+00
 0.47996184454376E+00
 0.47898073822658E+00
