 0.00000000000000E+00
-0.51597116685315E-23
-0.60040281233821E-21
 0.99066464035805E-21
-0.48693148402879E-19
-0.74005205905984E-20
 0.24848373765574E-10
-0.67961759819157E-10
 0.49645258250857E-10
-0.40593931152021E-11
 0.49283313500304E-11
-0.43699503880788E-10
-0.63088778716494E-11
-0.98432020002875E-11
-0.10798902858927E-07
-0.12135373425957E-06
-0.29521812959385E-05
-0.24261461813634E-05
 0.55792443321546E-06
 0.17827462847015E-06
 0.17623630316682E-05
 0.82425772404361E-06
 0.46799686458063E-06
 0.51516100373797E-06
 0.10300922693739E-05
 0.12292314117945E-05
 0.35457426949095E-05
 0.73223840458993E-05
 0.11493083888015E-04
 0.17362927490067E-04
 0.25983235403714E-04
 0.39137536500810E-04
 0.56873046476700E-04
 0.80575285882657E-04
 0.11266163149434E-03
 0.15426051330754E-03
 0.20711680646214E-03
 0.27420260214711E-03
 0.35762740338631E-03
 0.45910161747644E-03
 0.58288133255873E-03
 0.73069752515105E-03
 0.90637448622327E-03
 0.11123394336630E-02
 0.13517733004108E-02
 0.16288989566312E-02
 0.19460905579049E-02
 0.23074355537129E-02
 0.27163808226799E-02
 0.31757130164815E-02
 0.36889990599459E-02
 0.42600902209178E-02
 0.48922543180930E-02
 0.55882334649105E-02
 0.63507598824060E-02
 0.71859545638606E-02
 0.80944083598386E-02
 0.90780742544876E-02
 0.10140252819388E-01
 0.11285929764979E-01
 0.12519498864145E-01
 0.13840679087944E-01
 0.15254157406794E-01
 0.16758826190381E-01
 0.18355911149789E-01
 0.20049811588771E-01
 0.21844379459367E-01
 0.23742556312505E-01
 0.25746218908684E-01
 0.27854643275097E-01
 0.30070693807255E-01
 0.32397654046816E-01
 0.34836037479596E-01
 0.37387866926015E-01
 0.40054910790806E-01
 0.42838730430998E-01
 0.45741245838311E-01
 0.48763687944668E-01
 0.51908405459142E-01
 0.55173970167150E-01
 0.58565901448831E-01
 0.62084931627957E-01
 0.65731604846422E-01
 0.69506336465004E-01
 0.73410583780454E-01
 0.77447519781811E-01
 0.81618669458658E-01
 0.85925723075847E-01
 0.90370205793064E-01
 0.94955168349084E-01
 0.99678555237145E-01
 0.10454289338947E+00
 0.10954922003189E+00
 0.11469986646456E+00
 0.11999628081030E+00
 0.12543916593683E+00
 0.13103372214980E+00
 0.13677767965927E+00
 0.14267510924909E+00
 0.14872676512879E+00
 0.15493250849173E+00
 0.16129428935636E+00
 0.16781256978355E+00
 0.17448727391260E+00
 0.18131935187397E+00
 0.18831087090629E+00
 0.19546109595037E+00
 0.20276932177864E+00
 0.21023476849648E+00
 0.21785574005780E+00
 0.22563113220886E+00
 0.23355830336256E+00
 0.24163215837951E+00
 0.24985031996464E+00
 0.25820771375155E+00
 0.26669849698551E+00
 0.27531690985744E+00
 0.28405367940351E+00
 0.29290239367996E+00
 0.30185170779746E+00
 0.31088876089202E+00
 0.32000156820809E+00
 0.32917544158175E+00
 0.33839402147240E+00
 0.34763996512375E+00
 0.35689355278625E+00
 0.36613017460201E+00
 0.37532475946555E+00
 0.38444674866082E+00
 0.39346937704257E+00
 0.40235435901110E+00
 0.41106520360918E+00
 0.41956256160594E+00
 0.42780185734225E+00
 0.43573755366219E+00
 0.44331897325993E+00
 0.45049337456307E+00
 0.45720401789200E+00
 0.46339626278035E+00
 0.46901576170268E+00
 0.47401370225192E+00
 0.47834918566902E+00
 0.48199007228368E+00
 0.48491646464646E+00
 0.48712384396043E+00
 0.48862363966941E+00
 0.48944263154958E+00
 0.48962083414844E+00
 0.48921124543528E+00
 0.48827582111429E+00
 0.48688068657575E+00
 0.48509556647968E+00
 0.48298788428171E+00
 0.48062199153254E+00
 0.47805611524350E+00
 0.47534333887653E+00
 0.47252926103137E+00
 0.46965266026529E+00
 0.46674579358163E+00
 0.46383437868022E+00
 0.46093857104293E+00
 0.45807387555228E+00
 0.45525172728985E+00
 0.45248014789268E+00
 0.44976415170179E+00
 0.44710652003961E+00
 0.44450831937682E+00
 0.44196942070545E+00
 0.43948857830551E+00
 0.43706366326838E+00
 0.43469250811866E+00
 0.43237241573382E+00
 0.43010058885731E+00
 0.42787393588919E+00
 0.42568983145612E+00
 0.42354545370182E+00
 0.42143811566764E+00
 0.41936548996908E+00
 0.41732542254889E+00
 0.41531586774015E+00
 0.41333500528014E+00
 0.41138091635859E+00
 0.40945228546210E+00
 0.40754773663726E+00
 0.40566597227331E+00
 0.40380592144781E+00
 0.40196685997636E+00
 0.40014775025029E+00
 0.39834775087955E+00
 0.39656633672818E+00
 0.39480292940711E+00
 0.39305693368670E+00
 0.39132787674302E+00
 0.38961534349558E+00
 0.38791896226605E+00
 0.38623839022744E+00
 0.38457334269911E+00
 0.38292352870282E+00
 0.38128876493500E+00
 0.37966874739591E+00
 0.37806327197763E+00
 0.37647217781045E+00
 0.37489532917621E+00
 0.37333248098287E+00
 0.37178354304192E+00
 0.37024831163595E+00
 0.36872664624529E+00
 0.36721851505556E+00
 0.36572369288911E+00
 0.36424206997173E+00
 0.36277350350912E+00
 0.36131795874959E+00
 0.35987513935709E+00
 0.35844505883211E+00
 0.35702762673390E+00
 0.35562265624044E+00
 0.35423010764781E+00
 0.35284960323046E+00
 0.35148140254188E+00
 0.35012507546892E+00
 0.34878086366425E+00
 0.34744823355948E+00
 0.34612738830085E+00
 0.34481806349985E+00
 0.34352014539004E+00
 0.34223342251317E+00
 0.34095800704197E+00
 0.33969352851124E+00
 0.33844001598859E+00
 0.33719736534024E+00
 0.33596545703281E+00
 0.33474416702645E+00
 0.33353327736970E+00
 0.33233272325609E+00
 0.33114240152075E+00
 0.32996220705258E+00
 0.32879195741495E+00
 0.32763160194316E+00
 0.32648090420732E+00
 0.32533983166475E+00
 0.32420827887462E+00
 0.32308601609206E+00
 0.32197324941179E+00
 0.32086947684146E+00
 0.31977499392247E+00
 0.31868938327603E+00
 0.31761260263779E+00
 0.31654453148071E+00
 0.31548498964035E+00
 0.31443396124463E+00
 0.31339122719654E+00
 0.31235682384206E+00
 0.31133056314515E+00
 0.31031241692650E+00
 0.30930208651446E+00
 0.30829977929643E+00
 0.30730502579775E+00
 0.30631789660964E+00
 0.30533838411306E+00
 0.30436630447437E+00
 0.30340147753072E+00
 0.30244403594025E+00
 0.30149362229829E+00
 0.30055020750782E+00
 0.29961381096814E+00
 0.29868425137567E+00
 0.29776142428760E+00
 0.29684536945441E+00
 0.29593578842196E+00
 0.29503277000929E+00
 0.29413612962164E+00
 0.29324580071562E+00
 0.29236168331665E+00
 0.29148367319375E+00
 0.29061189193507E+00
 0.28974599807944E+00
 0.28888612110351E+00
 0.28803190776883E+00
 0.28718350357321E+00
 0.28634094096838E+00
 0.28550390594581E+00
 0.28467234810795E+00
 0.28384626815839E+00
 0.28302569072989E+00
 0.28221035292954E+00
 0.28140032597544E+00
 0.28059543052777E+00
 0.27979568818775E+00
 0.27900095365872E+00
 0.27821135617026E+00
 0.27742655019772E+00
 0.27664664200249E+00
 0.27587155996115E+00
 0.27510135864499E+00
 0.27433579004908E+00
 0.27357492026762E+00
 0.27281847631879E+00
 0.27206659149644E+00
 0.27131919525140E+00
 0.27057626213098E+00
