 0.00000000000000E+00
 0.56197703234857E-24
 0.34952089478582E-22
 0.46479823475475E-21
 0.11650942417852E-19
 0.29747087024304E-19
 0.58708722118894E-11
-0.30007015625864E-12
-0.16850512680076E-11
-0.61783073877582E-12
-0.10933015909929E-10
 0.57558120529474E-12
 0.21836515904907E-11
-0.54063126534067E-11
 0.30051196168325E-06
 0.20578916322321E-05
 0.97738409940242E-05
-0.63143519076109E-05
 0.17563089124323E-05
 0.41316846750832E-05
-0.17808257307910E-05
 0.56871068771121E-06
 0.63888808644394E-05
 0.88143167624941E-06
-0.38109813913929E-05
-0.86813342828060E-05
 0.44379485454316E-05
 0.82876531937021E-05
 0.95215251698806E-05
 0.20266652306948E-04
 0.24827915947431E-04
 0.37936301845747E-04
 0.64117701261970E-04
 0.83097255554168E-04
 0.12335293267463E-03
 0.15516740552633E-03
 0.20671971028369E-03
 0.27542326361185E-03
 0.35276750341724E-03
 0.46235538699192E-03
 0.58477840497930E-03
 0.73211386650762E-03
 0.89654688577890E-03
 0.11102233134562E-02
 0.13553870555146E-02
 0.16322912043402E-02
 0.19481039430710E-02
 0.23053126005137E-02
 0.27198746000933E-02
 0.31792725723508E-02
 0.36995215019966E-02
 0.42722168876330E-02
 0.49029851632230E-02
 0.56851898711096E-02
 0.62567836818681E-02
 0.71389036146428E-02
 0.82039886317895E-02
 0.93196431127009E-02
 0.10391440322254E-01
 0.11418152898849E-01
 0.12531188551102E-01
 0.13834680439898E-01
 0.15334423607610E-01
 0.17065673259610E-01
 0.18881166299770E-01
 0.20687917091032E-01
 0.22497135806087E-01
 0.24380318421261E-01
 0.26479086450991E-01
 0.28924819903669E-01
 0.31360860159182E-01
 0.33855104772652E-01
 0.36562301652939E-01
 0.39417493782407E-01
 0.42435099201252E-01
 0.45625655021468E-01
 0.48981273806578E-01
 0.52527064063421E-01
 0.56541631197949E-01
 0.60041496506993E-01
 0.63950531390077E-01
 0.68401297247391E-01
 0.73311802167509E-01
 0.78343754642313E-01
 0.83574710763459E-01
 0.88820369615036E-01
 0.94017086314059E-01
 0.99660818398420E-01
 0.10555731668487E+00
 0.11191454861222E+00
 0.11878325431167E+00
 0.12608388586104E+00
 0.13400069684077E+00
 0.14201189807320E+00
 0.15038663640922E+00
 0.15884812452756E+00
 0.16816346197552E+00
 0.17678514993868E+00
 0.18605432838124E+00
 0.19628597005819E+00
 0.20769292018856E+00
 0.21971035433862E+00
 0.23199248021614E+00
 0.24466158337120E+00
 0.25762294164486E+00
 0.27091475594884E+00
 0.28488309530689E+00
 0.29952624863967E+00
 0.31477095377893E+00
 0.33061580554685E+00
 0.34710695252858E+00
 0.36514506978317E+00
 0.38286655541544E+00
 0.40149374966131E+00
 0.42141850183199E+00
 0.44104603179076E+00
 0.46182673025819E+00
 0.48139601856730E+00
 0.50195737394455E+00
 0.52273071073195E+00
 0.54256722367908E+00
 0.56098619056158E+00
 0.57763348183528E+00
 0.59242974556728E+00
 0.60562949148344E+00
 0.61700094257107E+00
 0.62771581070121E+00
 0.63664477294122E+00
 0.64112618463925E+00
 0.64025321431198E+00
 0.62907165302179E+00
 0.59972702025804E+00
 0.54841017461257E+00
 0.46906718317218E+00
 0.35963197370105E+00
 0.22093308406645E+00
 0.57893632605219E-01
-0.12080723004142E+00
-0.30526715168842E+00
-0.48325636283837E+00
-0.64187985803642E+00
-0.77060916019504E+00
-0.86087060804169E+00
-0.90678338915250E+00
-0.90935165639528E+00
-0.87329251260871E+00
-0.80530190757153E+00
-0.71533629813590E+00
-0.61243708882222E+00
-0.50589932765023E+00
-0.40230234393163E+00
-0.30838780778727E+00
-0.22653477669970E+00
-0.15821412301245E+00
-0.10214714277716E+00
-0.58967726702338E-01
-0.26888095732405E-01
-0.39804286556903E-02
 0.11540104554167E-01
 0.21439449482830E-01
 0.26936547481291E-01
 0.29807893121555E-01
 0.30051441830258E-01
 0.28801426890705E-01
 0.26591828099676E-01
 0.23961731417122E-01
 0.20976964420982E-01
 0.18197606046847E-01
 0.15548572394944E-01
 0.13118083894834E-01
 0.10767589888316E-01
 0.85661439850425E-02
 0.63274122685179E-02
 0.44167050219955E-02
 0.27266394187635E-02
 0.14470816795577E-02
 0.63542825190221E-03
 0.88957508334043E-04
-0.57160152078319E-03
-0.11078767759214E-02
-0.14464363253518E-02
-0.14989261360479E-02
-0.15528934194513E-02
-0.14645584445229E-02
-0.13551623737701E-02
-0.12298002096225E-02
-0.14629055587980E-02
-0.12597319827057E-02
-0.98046431409708E-03
-0.11782645501479E-02
-0.79300423711054E-03
-0.53525608216243E-03
-0.24565447869096E-03
-0.11728024222594E-03
 0.19881872657318E-03
 0.41565528058566E-03
 0.73394710675840E-03
 0.11369547365250E-02
 0.12825538731942E-02
 0.16855531846922E-02
 0.20245478656608E-02
 0.21100159632912E-02
 0.25424959444547E-02
 0.28624858577922E-02
 0.30656752854413E-02
 0.32456090879619E-02
 0.35733732924463E-02
 0.38580261717024E-02
 0.40179731265818E-02
 0.43774354309920E-02
 0.45548553294245E-02
 0.49965335426038E-02
 0.51875096702757E-02
 0.54927374064428E-02
 0.58212273422228E-02
 0.59923842552665E-02
 0.62990131475877E-02
 0.67844040871608E-02
 0.69146350949597E-02
 0.73448556163746E-02
 0.73121501402731E-02
 0.74153415723194E-02
 0.76128337690714E-02
 0.79115467581988E-02
 0.87908939938807E-02
 0.87464791423651E-02
 0.92003795263136E-02
 0.95703313690506E-02
 0.96451403564398E-02
 0.94628793784598E-02
 0.97835634547386E-02
 0.96593906587302E-02
 0.98764907253993E-02
 0.10229637494353E-01
 0.10248251774381E-01
 0.10683716581857E-01
 0.10860746820128E-01
 0.11142993558524E-01
 0.12063705766894E-01
 0.12207545752311E-01
 0.12342502727737E-01
 0.12497256829790E-01
 0.12465812856216E-01
 0.13019332977343E-01
 0.12332706352684E-01
 0.12153691507078E-01
 0.12801340854818E-01
 0.13441471013755E-01
 0.13363247569792E-01
 0.13353662644348E-01
 0.13744093906680E-01
 0.13569502701843E-01
 0.13853307913324E-01
 0.13901816719064E-01
 0.14386802997606E-01
 0.14826146429867E-01
 0.14622490883671E-01
 0.14458939789533E-01
 0.14623999976193E-01
 0.14883712433196E-01
 0.15319205525725E-01
 0.15417041254619E-01
 0.16355543450758E-01
 0.16557004703592E-01
 0.16232180214035E-01
 0.15836987301658E-01
 0.15788566115420E-01
 0.15179078277715E-01
 0.15678918718918E-01
 0.16383313515854E-01
 0.16558711700233E-01
 0.17310301934528E-01
 0.17688066461732E-01
 0.17104888235278E-01
 0.16619009716537E-01
 0.15969173493788E-01
 0.16741677676501E-01
 0.17014677429726E-01
 0.17126279340007E-01
 0.17041386894022E-01
 0.16958417493440E-01
 0.17398300953664E-01
 0.18143755371899E-01
 0.17833046289459E-01
 0.17069805738341E-01
 0.17153080628417E-01
 0.17578224188987E-01
 0.18350025220801E-01
 0.17990708683744E-01
 0.17913638973859E-01
 0.17527128754666E-01
 0.17314301590706E-01
 0.17737203569367E-01
 0.17811624782870E-01
 0.17830773195370E-01
 0.17861002781217E-01
 0.18499846801162E-01
 0.19091905404477E-01
 0.18626136866365E-01
 0.18749292189162E-01
