 0.28753719721705E+03
 0.28753717235248E+03
 0.28753693970895E+03
 0.28753608120133E+03
 0.28753399983165E+03
 0.28752998221766E+03
 0.28752338812396E+03
 0.28751451760249E+03
 0.28750674396842E+03
 0.28750956273444E+03
 0.28754115437222E+03
 0.28762913433762E+03
 0.28780910193062E+03
 0.28812153266344E+03
 0.28860795586419E+03
 0.28930728866311E+03
 0.29025289397040E+03
 0.29147059997222E+03
 0.29297768460975E+03
 0.29478267773626E+03
 0.29688577637509E+03
 0.29927969899696E+03
 0.30195075358081E+03
 0.30487995340465E+03
 0.30804428774110E+03
 0.31141780936837E+03
 0.31497256864671E+03
 0.31867952910292E+03
 0.32250930709954E+03
 0.32643278547588E+03
 0.33042160592667E+03
 0.33444856119249E+03
 0.33848789000950E+03
 0.34251547570016E+03
 0.34650899582512E+03
 0.35044802645553E+03
 0.35431400767967E+03
 0.35809032208239E+03
 0.36176221173850E+03
 0.36531678048475E+03
 0.36874287528627E+03
 0.37203101412645E+03
 0.37517329033531E+03
 0.37816327361758E+03
 0.38099590911821E+03
 0.38366741240671E+03
 0.38617516865648E+03
 0.38851763453028E+03
 0.39069424055706E+03
 0.39270529397446E+03
 0.39455190354325E+03
 0.39623588635898E+03
 0.39775969987030E+03
 0.39912636646040E+03
 0.40033940661907E+03
 0.40140275650451E+03
 0.40232080481369E+03
 0.40309823565772E+03
 0.40374006553791E+03
 0.40425141043000E+03
 0.40463775823846E+03
 0.40490471715146E+03
 0.40505803920013E+03
 0.40510392194006E+03
 0.40504775104774E+03
 0.40489580315492E+03
 0.40465415568538E+03
 0.40432892224373E+03
 0.40392623114702E+03
 0.40345221399420E+03
 0.40291298666706E+03
 0.40231465571112E+03
 0.40166329411964E+03
 0.40096494254958E+03
 0.40022559230454E+03
 0.39945118202487E+03
 0.39864762628046E+03
 0.39782064809425E+03
 0.39697609793958E+03
 0.39611967292489E+03
 0.39525701330725E+03
 0.39439366122413E+03
 0.39353508857621E+03
 0.39268671128880E+03
 0.39185389916574E+03
 0.39104191276573E+03
 0.39025595055210E+03
 0.38950112467121E+03
 0.38878249689601E+03
 0.38810505311790E+03
 0.38747362933769E+03
 0.38689305235080E+03
 0.38636859657026E+03
 0.38590387157708E+03
 0.38550386726476E+03
 0.38517297046157E+03
 0.38491541314417E+03
 0.38473532709220E+03
 0.38463661360640E+03
 0.38462298557168E+03
 0.38469789649829E+03
 0.38486441960063E+03
 0.38512537406984E+03
 0.38548312120427E+03
 0.38593943569622E+03
 0.38649550989343E+03
 0.38715171837352E+03
 0.38790765909041E+03
 0.38876180960854E+03
 0.38971101718327E+03
 0.39075079452323E+03
 0.39187477507890E+03
 0.39307418516740E+03
 0.39433826443271E+03
 0.39565097413218E+03
 0.39699430390944E+03
 0.39834489090995E+03
 0.39967393653436E+03
 0.40094614732262E+03
 0.40211841925677E+03
 0.40313881583662E+03
 0.40394470777027E+03
 0.40446137908685E+03
 0.40460029485114E+03
 0.40425692932891E+03
 0.40330915824247E+03
 0.40161564225931E+03
 0.39901441857015E+03
 0.39532262445455E+03
 0.39033779526514E+03
 0.38384001138652E+03
 0.37559806974039E+03
 0.36537823216134E+03
 0.35295703829464E+03
 0.33813864914755E+03
 0.32077618236226E+03
 0.30079295297295E+03
 0.27820514206178E+03
 0.25313638704963E+03
 0.22582443537649E+03
 0.19661516937972E+03
 0.16594161313582E+03
 0.13429332960369E+03
 0.10217304806168E+03
 0.70055543913434E+02
 0.38343677612186E+02
 0.73346465196553E+01
-0.22800755808054E+02
-0.52010104765879E+02
-0.80338553093925E+02
-0.10787976321001E+03
-0.13471966773254E+03
-0.16088114681219E+03
-0.18628218106960E+03
-0.21071147973032E+03
-0.23382587175960E+03
-0.25516321783707E+03
-0.27417006069512E+03
-0.29023068408856E+03
-0.30270107858193E+03
-0.31093884486302E+03
-0.31432708636164E+03
-0.31229401335988E+03
-0.30432767580842E+03
-0.28998182910089E+03
-0.26888395879922E+03
-0.24073681074873E+03
-0.20531681513900E+03
-0.16247302610139E+03
-0.11212406941061E+03
-0.54255210037209E+02
 0.11089262095765E+02
 0.83804158951063E+02
 0.16373060034573E+03
 0.25066075907259E+03
 0.34434068975628E+03
 0.44447408608268E+03
 0.55072503035145E+03
 0.66272441881605E+03
 0.78007231639375E+03
 0.90234248210407E+03
 0.10290804190385E+04
 0.11598194637189E+04
 0.12940627272021E+04
 0.14313164064971E+04
 0.15710735390869E+04
 0.17128124390651E+04
 0.18560201507559E+04
 0.20001928328643E+04
 0.21447893296160E+04
 0.22893307672311E+04
 0.24333246204774E+04
 0.25762965827817E+04
 0.27177636887831E+04
 0.28573032376986E+04
 0.29944916524679E+04
 0.31289299220626E+04
 0.32602352780179E+04
 0.33880769068554E+04
 0.35121217780238E+04
 0.36320860581059E+04
 0.37477300648466E+04
 0.38587405087248E+04
 0.39649985683273E+04
 0.40662915581630E+04
 0.41624763347408E+04
 0.42534363877905E+04
 0.43390758770231E+04
 0.44193333026070E+04
 0.44941642637478E+04
 0.45635537903817E+04
 0.46275105629311E+04
 0.46860580251154E+04
 0.47392479336716E+04
 0.47871423882362E+04
 0.48298282066248E+04
 0.48674049055506E+04
 0.48999714729763E+04
 0.49276663434316E+04
 0.49506200699469E+04
 0.49689775944515E+04
 0.49828874467586E+04
 0.49925104097520E+04
 0.49980112188770E+04
 0.49995567963131E+04
 0.49973189054833E+04
 0.49914675598628E+04
 0.49821788043413E+04
 0.49696289819506E+04
 0.49539901052684E+04
 0.49354334044446E+04
 0.49141285963579E+04
 0.48902425564640E+04
 0.48639395206495E+04
 0.48353792553055E+04
 0.48047216075359E+04
 0.47721061659747E+04
 0.47376925146509E+04
 0.47016173471776E+04
 0.46640190867049E+04
 0.46250294546709E+04
 0.45847715140745E+04
 0.45433778259179E+04
 0.45009473050084E+04
 0.44576023714050E+04
 0.44134448976354E+04
 0.43685745525557E+04
 0.43230869279055E+04
 0.42770713967506E+04
 0.42306121265425E+04
 0.41837911031935E+04
 0.41366812129331E+04
 0.40893555220187E+04
 0.40418830568680E+04
 0.39943119114429E+04
 0.39467156437595E+04
 0.38991429235768E+04
 0.38516441291695E+04
 0.38042657071262E+04
 0.37570524930146E+04
 0.37100417914973E+04
 0.36632729611548E+04
 0.36167788865181E+04
 0.35705914556265E+04
 0.35247445301966E+04
 0.34792526212446E+04
 0.34341385955741E+04
 0.33894367594409E+04
 0.33451648523553E+04
 0.33013242207970E+04
 0.32579495200561E+04
 0.32150413781006E+04
 0.31726163215521E+04
 0.31306871972039E+04
 0.30892597981649E+04
 0.30483428275420E+04
 0.30079416964582E+04
 0.29680625679590E+04
 0.29287098456374E+04
 0.28898861054351E+04
 0.28515931635520E+04
 0.28138336803521E+04
 0.27766057090826E+04
 0.27399129284550E+04
 0.27037500286761E+04
 0.26681187867576E+04
 0.26330153925777E+04
 0.25984391839578E+04
 0.25643830321149E+04
 0.25308486105312E+04
 0.24978273938823E+04
 0.24653178032272E+04
 0.24333141400136E+04
 0.24018122895997E+04
 0.23708068400825E+04
 0.23402925915035E+04
 0.23102633342557E+04
 0.22807152334325E+04
 0.22516373997433E+04
 0.22230296617831E+04
