 0.10906081480649E+00
 0.10906081480638E+00
 0.10906081480525E+00
 0.10906081480759E+00
 0.10906081486070E+00
 0.10906081506914E+00
 0.10906081562597E+00
 0.10906081676049E+00
 0.10906081824986E+00
 0.10906081841475E+00
 0.10906081234677E+00
 0.10906078952499E+00
 0.10906073137047E+00
 0.10906060888299E+00
 0.10906038112731E+00
 0.10905999446425E+00
 0.10905938254078E+00
 0.10905846730158E+00
 0.10905716019556E+00
 0.10905536421045E+00
 0.10905297588739E+00
 0.10904988715574E+00
 0.10904598766327E+00
 0.10904116724578E+00
 0.10903531621874E+00
 0.10902832709294E+00
 0.10902009625467E+00
 0.10901052413291E+00
 0.10899951522436E+00
 0.10898697819547E+00
 0.10897282515472E+00
 0.10895697117197E+00
 0.10893933353584E+00
 0.10891983049787E+00
 0.10889838022759E+00
 0.10887489952238E+00
 0.10884930325165E+00
 0.10882150251035E+00
 0.10879140406376E+00
 0.10875890877006E+00
 0.10872391101362E+00
 0.10868629777163E+00
 0.10864594786483E+00
 0.10860273111974E+00
 0.10855650777513E+00
 0.10850712783006E+00
 0.10845443049444E+00
 0.10839824365928E+00
 0.10833838340329E+00
 0.10827465357213E+00
 0.10820684518978E+00
 0.10813473625243E+00
 0.10805809111178E+00
 0.10797666007596E+00
 0.10789017922833E+00
 0.10779837007824E+00
 0.10770093819555E+00
 0.10759757412454E+00
 0.10748795212447E+00
 0.10737173162163E+00
 0.10724855395974E+00
 0.10711804424337E+00
 0.10697981031181E+00
 0.10683338969115E+00
 0.10667845062176E+00
 0.10651450447677E+00
 0.10634108802838E+00
 0.10615772022020E+00
 0.10596390213700E+00
 0.10575911594861E+00
 0.10554282573259E+00
 0.10531447771329E+00
 0.10507349918109E+00
 0.10481929856717E+00
 0.10455126680125E+00
 0.10426877749320E+00
 0.10397118442570E+00
 0.10365782632204E+00
 0.10332802054962E+00
 0.10298106943206E+00
 0.10261625839283E+00
 0.10223285544657E+00
 0.10183011276335E+00
 0.10140726589850E+00
 0.10096353582077E+00
 0.10049812794701E+00
 0.10001023405807E+00
 0.99499034454941E-01
 0.98963693438720E-01
 0.98403362617637E-01
 0.97817186287400E-01
 0.97204302259036E-01
 0.96563731263305E-01
 0.95894781767010E-01
 0.95196479874265E-01
 0.94467939078882E-01
 0.93708276211440E-01
 0.92916600161713E-01
 0.92092033827485E-01
 0.91233705713159E-01
 0.90340759822104E-01
 0.89412355387963E-01
 0.88447668987504E-01
 0.87445902933125E-01
 0.86406301997718E-01
 0.85328140794336E-01
 0.84210740879013E-01
 0.83053473558054E-01
 0.81855773753710E-01
 0.80617160309070E-01
 0.79337223004041E-01
 0.78015627564316E-01
 0.76652159199495E-01
 0.75246581511923E-01
 0.73799151327774E-01
 0.72309930734303E-01
 0.70779222812820E-01
 0.69207517609931E-01
 0.67595478700813E-01
 0.65943985675825E-01
 0.64254116666121E-01
 0.62527189484273E-01
 0.60764761599097E-01
 0.58968655597638E-01
 0.57140983364998E-01
 0.55284129426046E-01
 0.53400803179079E-01
 0.51494053068019E-01
 0.49567229276635E-01
 0.47624035113152E-01
 0.45668563906101E-01
 0.43705294575647E-01
 0.41739062446035E-01
 0.39774977619654E-01
 0.37818775741008E-01
 0.35876343749506E-01
 0.33953924084771E-01
 0.32058094551718E-01
 0.30195589999920E-01
 0.28373274848869E-01
 0.26597948063475E-01
 0.24876268262764E-01
 0.23214602221048E-01
 0.21618664768420E-01
 0.20093522721327E-01
 0.18643400956510E-01
 0.17271527408675E-01
 0.15979980050648E-01
 0.14769842733197E-01
 0.13640981379642E-01
 0.12592230038882E-01
 0.11621472016479E-01
 0.10725797844667E-01
 0.99016542427934E-02
 0.91450311140932E-02
 0.84516261570980E-02
 0.78170072466049E-02
 0.72366985036708E-02
 0.67063466485862E-02
 0.62217544990690E-02
 0.57789416363502E-02
 0.53741794108442E-02
 0.50040173910662E-02
 0.46652629296661E-02
 0.43550186299785E-02
 0.40706411072603E-02
 0.38097243796836E-02
 0.35700967518773E-02
 0.33497929942453E-02
 0.31470410103512E-02
 0.29602454883034E-02
 0.27879660895741E-02
 0.26289048557986E-02
 0.24818945862911E-02
 0.23458793389855E-02
 0.22199088693822E-02
 0.21031222841127E-02
 0.19947437965110E-02
 0.18940706059708E-02
 0.18004654815467E-02
 0.17133507055151E-02
 0.16322029362012E-02
 0.15565454305652E-02
 0.14859455053701E-02
 0.14200083578429E-02
 0.13583745799481E-02
 0.13007161602826E-02
 0.12467330706716E-02
 0.11961512701358E-02
 0.11487199475529E-02
 0.11042091757317E-02
 0.10624080811251E-02
 0.10231230538879E-02
 0.98617634457319E-03
 0.95140420262633E-03
 0.91865629496269E-03
 0.88779358074853E-03
 0.85868835972258E-03
 0.83122248702739E-03
 0.80528725060045E-03
 0.78078122291954E-03
 0.75761154638660E-03
 0.73569178169994E-03
 0.71494209762936E-03
 0.69528828159916E-03
 0.67666151547009E-03
 0.65899805747477E-03
 0.64223848175613E-03
 0.62632767617753E-03
 0.61121432274437E-03
 0.59685067137564E-03
 0.58319225433888E-03
 0.57019750431005E-03
 0.55782781107179E-03
 0.54604699941811E-03
 0.53482146509002E-03
 0.52411957380569E-03
 0.51391200957782E-03
 0.50417113977043E-03
 0.49487115841568E-03
 0.48598796598900E-03
 0.47749893968261E-03
 0.46938282584146E-03
 0.46161970681979E-03
 0.45419099174360E-03
 0.44707906887939E-03
 0.44026748390970E-03
 0.43374074001094E-03
 0.42748427838859E-03
 0.42148438018977E-03
 0.41572815712143E-03
 0.41020345304027E-03
 0.40489882186177E-03
 0.39980345855400E-03
 0.39490718818599E-03
 0.39020039930171E-03
 0.38567403023729E-03
 0.38131951171653E-03
 0.37712875739648E-03
 0.37309411193277E-03
 0.36920833960493E-03
 0.36546461571864E-03
 0.36185641486907E-03
 0.35837763686435E-03
 0.35502246979962E-03
 0.35178540381897E-03
 0.34866122309493E-03
 0.34564496698363E-03
 0.34273195798416E-03
 0.33991772240000E-03
 0.33719801921263E-03
 0.33456885420971E-03
 0.33202638538971E-03
 0.32956698428598E-03
 0.32718719420013E-03
 0.32488373678442E-03
 0.32265348698172E-03
 0.32049346700821E-03
 0.31840084536930E-03
 0.31637291384226E-03
 0.31440711673595E-03
 0.31250098326214E-03
 0.31065218528174E-03
 0.30885848203629E-03
 0.30711776052456E-03
 0.30542798258571E-03
 0.30378721167285E-03
 0.30219359640966E-03
 0.30064536518135E-03
 0.29914082580439E-03
 0.29767836720410E-03
 0.29625644301044E-03
 0.29487357146474E-03
 0.29352834526655E-03
 0.29221940527187E-03
 0.29094545136776E-03
 0.28970526971163E-03
 0.28849762919241E-03
 0.28732142659310E-03
 0.28617555038934E-03
 0.28505895757952E-03
 0.28397064591783E-03
 0.28290965972386E-03
 0.28187506638472E-03
 0.28086598073368E-03
 0.27988156043594E-03
 0.27892098949914E-03
 0.27798347467627E-03
 0.27706826411456E-03
 0.27617463771466E-03
 0.27530189889053E-03
 0.27444938540196E-03
 0.27361645139753E-03
 0.27280247286664E-03
 0.27200685521572E-03
 0.27122902874875E-03
 0.27046844350228E-03
 0.26972456900621E-03
 0.26899689388208E-03
 0.26828492957274E-03
