 0.10000000133514E-09
 0.10000000133514E-09
 0.10000000133514E-09
 0.10000000133514E-09
 0.10000000133514E-09
 0.10000000133514E-09
 0.10000000133514E-09
 0.10000000133514E-09
 0.10000000133514E-09
 0.10000000133514E-09
 0.10000000133514E-09
 0.10000000133514E-09
 0.10000000133514E-09
 0.10000000133514E-09
 0.10000000133514E-09
 0.10000000133514E-09
 0.10000000133514E-09
 0.67453502753435E-03
 0.67453502753435E-03
 0.13610488146087E-02
 0.18352868017008E-02
 0.24060175369563E-02
 0.30783194899173E-02
 0.38558769293016E-02
 0.47410848620825E-02
 0.57351900711651E-02
 0.68384491449274E-02
 0.80502784894872E-02
 0.93694124312243E-02
 0.10794046259772E-01
 0.12321989927857E-01
 0.13950758285567E-01
 0.15677689482561E-01
 0.17500045151100E-01
 0.19415069828988E-01
 0.21420035773026E-01
 0.23512323205492E-01
 0.25689452764702E-01
 0.27949109685622E-01
 0.30289159849033E-01
 0.32707671068751E-01
 0.35202908892394E-01
 0.37773350699052E-01
 0.40417680834760E-01
 0.43134787669596E-01
 0.45923765722312E-01
 0.48783875499767E-01
 0.51714556057020E-01
 0.54715411968522E-01
 0.57786205569832E-01
 0.60926822096504E-01
 0.64137279984157E-01
 0.67417708672819E-01
 0.70768346437320E-01
 0.74189516032750E-01
 0.77681624213613E-01
 0.81245151290134E-01
 0.84880620301984E-01
 0.88588608008921E-01
 0.92369805889105E-01
 0.96224835355139E-01
 0.10015443634111E+00
 0.10415941419556E+00
 0.10824876720935E+00
 0.11240799366931E+00
 0.11664510894839E+00
 0.12096100663953E+00
 0.12535659651209E+00
 0.12983274753280E+00
 0.13439042699547E+00
 0.13903059402364E+00
 0.14375413771774E+00
 0.14856206199439E+00
 0.15345544650904E+00
 0.15843529067443E+00
 0.16350253297184E+00
 0.16865827816136E+00
 0.17390360814248E+00
 0.17923964003690E+00
 0.18466746377080E+00
 0.19018817004739E+00
 0.19580290181527E+00
 0.20151274067494E+00
 0.20731897069252E+00
 0.21322268669683E+00
 0.21922506008106E+00
 0.22532726181170E+00
 0.23153036420594E+00
 0.23783557635298E+00
 0.24424415484162E+00
 0.25075721517763E+00
 0.25737566998639E+00
 0.26410389429621E+00
 0.27093686012520E+00
 0.27787845297755E+00
 0.28492954083411E+00
 0.29209080709220E+00
 0.29936315967672E+00
 0.30674712996736E+00
 0.31424322699414E+00
 0.32185174471521E+00
 0.32957286573923E+00
 0.33740663699707E+00
 0.34535291954577E+00
 0.35341114900792E+00
 0.36158065025281E+00
 0.36986045157078E+00
 0.37824933756795E+00
 0.38674561138956E+00
 0.39534714401261E+00
 0.40405144311779E+00
 0.41285589660454E+00
 0.42175710493044E+00
 0.43075312383373E+00
 0.43983619324188E+00
 0.44900295787645E+00
 0.45824813846594E+00
 0.46756565290735E+00
 0.47694895658979E+00
 0.48639058430989E+00
 0.49588279052977E+00
 0.50541703847467E+00
 0.51498417711112E+00
 0.52457453557433E+00
 0.53417772838859E+00
 0.54378293132166E+00
 0.55337874597716E+00
 0.56295315845215E+00
 0.57249390399930E+00
 0.58198826639903E+00
 0.59142327448999E+00
 0.60078570093757E+00
 0.61006220789691E+00
 0.61923970013613E+00
 0.62830246488224E+00
 0.63723837533277E+00
 0.64603400337420E+00
 0.65467635072209E+00
 0.66315299536541E+00
 0.67145225418821E+00
 0.67956342991435E+00
 0.68747790573462E+00
 0.69518676005175E+00
 0.70268520016789E+00
 0.70996866940377E+00
 0.71703600398055E+00
 0.72388723791738E+00
 0.73052764618235E+00
 0.73695888413584E+00
 0.74318802425782E+00
 0.74922308501281E+00
 0.75507323752408E+00
 0.76074819605090E+00
 0.76625845735943E+00
 0.77161436653874E+00
 0.77682611847669E+00
 0.78190312744122E+00
 0.78685499017186E+00
 0.79168992008136E+00
 0.79641550591423E+00
 0.80103892278425E+00
 0.80556668571563E+00
 0.81000417932677E+00
 0.81435732236708E+00
 0.81863001919559E+00
 0.82282593998644E+00
 0.82694887520887E+00
 0.83100180897420E+00
 0.83498764932787E+00
 0.83890895684595E+00
 0.84276783101783E+00
 0.84656639425827E+00
 0.85030657457147E+00
 0.85398983730529E+00
 0.85761778050147E+00
 0.86119168506799E+00
 0.86471292803489E+00
 0.86818256354012E+00
 0.87160159681593E+00
 0.87497107592756E+00
 0.87829198680692E+00
 0.88156511622607E+00
 0.88479136631946E+00
 0.88797144089251E+00
 0.89110613619124E+00
 0.89419614644930E+00
 0.89724212600525E+00
 0.90024482052245E+00
 0.90320485006235E+00
 0.90612280923110E+00
 0.90899933066567E+00
 0.91183501504590E+00
 0.91463046800706E+00
 0.91738622016596E+00
 0.92010287882641E+00
 0.92278095321402E+00
 0.92542105317539E+00
 0.92802368019378E+00
 0.93058938107115E+00
 0.93311862808527E+00
 0.93561206231596E+00
 0.93807013132180E+00
 0.94049336570523E+00
 0.94288225851799E+00
 0.94523732119827E+00
 0.94755906797319E+00
 0.94984795159616E+00
 0.95210450075712E+00
 0.95432916640327E+00
 0.95652242261015E+00
 0.95868473978739E+00
 0.96081654911479E+00
 0.96291838702009E+00
 0.96499063978866E+00
 0.96703380579762E+00
 0.96904828496037E+00
 0.97103453460659E+00
 0.97299298336755E+00
 0.97492405957009E+00
 0.97682818998753E+00
 0.97870579013530E+00
 0.98055725458535E+00
 0.98238299946887E+00
 0.98418343134930E+00
 0.98595892695741E+00
 0.98770988040811E+00
 0.98943667704683E+00
 0.99113969816870E+00
 0.99281929872056E+00
 0.99447585156542E+00
 0.99610972488256E+00
 0.99772127487705E+00
 0.99931083167206E+00
 0.10008787508085E+01
 0.10024253731892E+01
 0.10039510282013E+01
 0.10054560472646E+01
 0.10069407475703E+01
 0.10084054387849E+01
 0.10098504431445E+01
 0.10112760668302E+01
 0.10126826145816E+01
 0.10140703786918E+01
 0.10154396608271E+01
 0.10167907436776E+01
 0.10181239051400E+01
 0.10194394296098E+01
 0.10207375820561E+01
 0.10220186322532E+01
 0.10232828500170E+01
 0.10245304930405E+01
 0.10257618147092E+01
 0.10269770642335E+01
 0.10281764922098E+01
 0.10293603406423E+01
 0.10305288466500E+01
 0.10316822450290E+01
 0.10328207652982E+01
 0.10339446341818E+01
 0.10350540767836E+01
 0.10361493084552E+01
 0.10372305435560E+01
 0.10382979945782E+01
 0.10393518712154E+01
 0.10403923737949E+01
 0.10414197041129E+01
 0.10424340596941E+01
 0.10434356325283E+01
 0.10444246145439E+01
 0.10454011933883E+01
 0.10463655511657E+01
 0.10473178683906E+01
 0.10482583226188E+01
 0.10491870855332E+01
 0.10501043349701E+01
 0.10510102376484E+01
 0.10519049592452E+01
 0.10527886607620E+01
 0.10536615047707E+01
 0.10545236467622E+01
 0.10553752410143E+01
 0.10562164399472E+01
 0.10570473949066E+01
 0.10578682509465E+01
 0.10586791547988E+01
 0.10594802458928E+01
 0.10602716669820E+01
 0.10610535523793E+01
 0.10618260388974E+01
 0.10625892596964E+01
 0.10633433448907E+01
 0.10640884213949E+01
 0.10648246181559E+01
 0.10655520573025E+01
 0.10662708619354E+01
 0.10669811521885E+01
 0.10676830458719E+01
 0.10683766596534E+01
 0.10690621074007E+01
 0.10697395013418E+01
