 0.00000000000000E+00
 0.00000000000000E+00
 0.00000000000000E+00
 0.00000000000000E+00
 0.11082470493891E-35
 0.23470971702686E-31
 0.28870619539213E-28
 0.59965350875198E-26
 0.38050265587444E-24
 0.10527481249287E-22
 0.15926374589911E-21
 0.15320734916998E-20
 0.10403753240573E-19
 0.53735518279859E-19
 0.22297909922703E-18
 0.77450960933314E-18
 0.23237272671738E-17
 0.42930095239076E-14
 0.10304176010649E-13
 0.10851956902843E-12
 0.42678624498149E-12
 0.14624764442010E-11
 0.45017455803252E-11
 0.12619299961618E-10
 0.32587005360066E-10
 0.78276107409472E-10
 0.17635231203979E-09
 0.37529549638105E-09
 0.75901458444905E-09
 0.14665534793791E-08
 0.27195956858511E-08
 0.48596219936473E-08
 0.83967318175435E-08
 0.14072234482874E-07
 0.22937110210122E-07
 0.36448419002908E-07
 0.56585926078628E-07
 0.85990922884146E-07
 0.12812898178620E-06
 0.18747873121446E-06
 0.26974843052248E-06
 0.38212108776269E-06
 0.53353072223817E-06
 0.73497018184940E-06
 0.99983172743779E-06
 0.13442820381334E-05
 0.17876688237507E-05
 0.23529655814913E-05
 0.30672505874292E-05
 0.39622222643389E-05
 0.50747469719529E-05
 0.64474487499098E-05
 0.81293281351567E-05
 0.10176423369016E-04
 0.12652499991510E-04
 0.15629784541498E-04
 0.19189729682271E-04
 0.23423800909701E-04
 0.28434319586227E-04
 0.34335364766515E-04
 0.41253603002166E-04
 0.49329306683437E-04
 0.58717329303593E-04
 0.69602790574723E-04
 0.82146674783947E-04
 0.96565773433314E-04
 0.11308385207458E-03
 0.13194475884443E-03
 0.15341357152698E-03
 0.17777804715616E-03
 0.20534987658797E-03
 0.23646585407925E-03
 0.27148974881605E-03
 0.31081379748607E-03
 0.35485996099525E-03
 0.40408161095464E-03
 0.45896590702104E-03
 0.52003509042314E-03
 0.58784899965952E-03
 0.66300650874838E-03
 0.74614818200513E-03
 0.83795881866809E-03
 0.93916941270422E-03
 0.10505611918193E-02
 0.11729666290811E-02
 0.13072741918836E-02
 0.14544306658221E-02
 0.16154443196562E-02
 0.17913910713783E-02
 0.19834171884975E-02
 0.21927426626374E-02
 0.24206655418808E-02
 0.26686254072961E-02
 0.29379991311459E-02
 0.32304028118499E-02
 0.35475091890830E-02
 0.38910984183203E-02
 0.42630728588232E-02
 0.46654550721606E-02
 0.51004024042877E-02
 0.55702131396008E-02
 0.60773388453424E-02
 0.66243953832053E-02
 0.72141743367745E-02
 0.78496461073245E-02
 0.85339870568068E-02
 0.92705863649397E-02
 0.10063063803250E-01
 0.10915279726534E-01
 0.11831350669234E-01
 0.12815676519897E-01
 0.13872968627358E-01
 0.15008245950212E-01
 0.16227001174244E-01
 0.17534737582042E-01
 0.18937674167561E-01
 0.20442359845171E-01
 0.22055776489406E-01
 0.23785391154182E-01
 0.25639156933077E-01
 0.27625584556451E-01
 0.29753744022954E-01
 0.32033318947216E-01
 0.34474623935153E-01
 0.37088627004630E-01
 0.39887014143760E-01
 0.42882155687352E-01
 0.46087112011734E-01
 0.49515719204602E-01
 0.53182479218549E-01
 0.57102447240619E-01
 0.61291097898408E-01
 0.65764263587103E-01
 0.70538167174762E-01
 0.75628107411350E-01
 0.81049020806952E-01
 0.86814523153808E-01
 0.92935945919633E-01
 0.99421847596794E-01
 0.10627685689384E+00
 0.11350095257667E+00
 0.12108819001570E+00
 0.12902590368916E+00
 0.13729485004087E+00
 0.14586836239406E+00
 0.15471233482690E+00
 0.16378625544315E+00
 0.17304421477594E+00
 0.18243591681396E+00
 0.19190910866222E+00
 0.20141099235770E+00
 0.21089025132421E+00
 0.22029857528556E+00
 0.22959215455947E+00
 0.23873255099776E+00
 0.24768716980026E+00
 0.25642930491893E+00
 0.26493856603893E+00
 0.27319946101043E+00
 0.28120151172616E+00
 0.28893849343591E+00
 0.29640774623597E+00
 0.30360938637439E+00
 0.31054611942874E+00
 0.31722213845646E+00
 0.32364303939335E+00
 0.32981555665025E+00
 0.33574704176254E+00
 0.34144537131843E+00
 0.34691868313453E+00
 0.35217516239998E+00
 0.35722316033287E+00
 0.36207084921667E+00
 0.36672623504164E+00
 0.37119720800115E+00
 0.37549139078590E+00
 0.37961621931351E+00
 0.38357882289394E+00
 0.38738607833908E+00
 0.39104462558798E+00
 0.39456084050504E+00
 0.39794080442476E+00
 0.40119038191089E+00
 0.40431515174266E+00
 0.40732048034297E+00
 0.41021148142520E+00
 0.41299304259696E+00
 0.41566985827428E+00
 0.41824639031177E+00
 0.42072689769480E+00
 0.42311545993415E+00
 0.42541596942910E+00
 0.42763214378502E+00
 0.42976752045837E+00
 0.43182549445762E+00
 0.43380928925973E+00
 0.43572200151695E+00
 0.43756657031606E+00
 0.43934581195546E+00
 0.44106436551927E+00
 0.44272086143567E+00
 0.44431972872338E+00
 0.44586331039490E+00
 0.44735383838649E+00
 0.44879344870404E+00
 0.45018418354673E+00
 0.45152798481398E+00
 0.45282671990378E+00
 0.45408216570574E+00
 0.45529602279070E+00
 0.45646991609039E+00
 0.45760539821125E+00
 0.45870396236559E+00
 0.45976702587688E+00
 0.46079595031381E+00
 0.46179203617302E+00
 0.46275652806608E+00
 0.46369061951326E+00
 0.46459545042567E+00
 0.46547211266295E+00
 0.46632165444732E+00
 0.46714507355234E+00
 0.46794333187505E+00
 0.46871734880269E+00
 0.46946800457860E+00
 0.47019614397597E+00
 0.47090257589981E+00
 0.47158807653559E+00
 0.47225339018749E+00
 0.47289923139967E+00
 0.47352628449006E+00
 0.47413520707689E+00
 0.47472662914602E+00
 0.47530115709594E+00
 0.47585937134680E+00
 0.47640183050318E+00
 0.47692907132266E+00
 0.47744160696072E+00
 0.47793993391768E+00
 0.47842452780564E+00
 0.47889584648835E+00
 0.47935432794797E+00
 0.47980039468288E+00
 0.48023445600091E+00
 0.48065690140308E+00
 0.48106810642198E+00
 0.48146843488099E+00
 0.48185823392860E+00
 0.48223783920027E+00
 0.48260757414437E+00
 0.48296775037614E+00
 0.48331866660142E+00
 0.48366061258708E+00
 0.48399386658248E+00
 0.48431869656150E+00
 0.48463536213051E+00
 0.48494411078965E+00
 0.48524518406050E+00
 0.48553881334715E+00
 0.48582522512049E+00
 0.48610463103815E+00
 0.48637724103668E+00
 0.48664325574914E+00
 0.48690287153767E+00
 0.48715627292123E+00
 0.48740364207211E+00
 0.48764515312487E+00
 0.48788097491708E+00
 0.48811127211246E+00
 0.48833620151311E+00
 0.48855591512248E+00
 0.48877055989710E+00
 0.48898027803113E+00
 0.48918520778446E+00
 0.48938548278259E+00
 0.48958123213463E+00
 0.48977258033515E+00
 0.48995964599550E+00
 0.49014254815187E+00
 0.49032139979599E+00
 0.49049630930348E+00
 0.49066738322112E+00
 0.49083472419513E+00
 0.49099843096907E+00
 0.49115860050715E+00
 0.49131532566015E+00
 0.49146869710393E+00
 0.49161880158004E+00
 0.49176572451964E+00
 0.49190954807614E+00
 0.49205035204951E+00
 0.49218821368599E+00
 0.49232320819075E+00
 0.49245540791141E+00
 0.49258488373510E+00
 0.49271170401419E+00
 0.49283593503782E+00
 0.49295764159139E+00
 0.49307688614660E+00
 0.49319372935158E+00
