 0.10963120135019E+01
 0.10963120131949E+01
 0.10963120098811E+01
 0.10963119959204E+01
 0.10963119580722E+01
 0.10963118780497E+01
 0.10963117329475E+01
 0.10963114964922E+01
 0.10963111453546E+01
 0.10963106725916E+01
 0.10963101104744E+01
 0.10963095590068E+01
 0.10963092132835E+01
 0.10963093853661E+01
 0.10963105142990E+01
 0.10963131649606E+01
 0.10963180168551E+01
 0.10963258435724E+01
 0.10963374898843E+01
 0.10963538432702E+01
 0.10963758088431E+01
 0.10964042847864E+01
 0.10964401399427E+01
 0.10964841953764E+01
 0.10965372117237E+01
 0.10965998771484E+01
 0.10966727989921E+01
 0.10967564984437E+01
 0.10968514093312E+01
 0.10969578763100E+01
 0.10970761570000E+01
 0.10972064239606E+01
 0.10973487682038E+01
 0.10975032036332E+01
 0.10976696720201E+01
 0.10978480482259E+01
 0.10980381463380E+01
 0.10982397250509E+01
 0.10984524935348E+01
 0.10986761175950E+01
 0.10989102258702E+01
 0.10991544150465E+01
 0.10994082554228E+01
 0.10996712967643E+01
 0.10999430727796E+01
 0.11002231062859E+01
 0.11005109137254E+01
 0.11008060093062E+01
 0.11011079089765E+01
 0.11014161339567E+01
 0.11017302146031E+01
 0.11020496922875E+01
 0.11023741231941E+01
 0.11027030807215E+01
 0.11030361566012E+01
 0.11033729634718E+01
 0.11037131382226E+01
 0.11040563411273E+01
 0.11044022589125E+01
 0.11047506013371E+01
 0.11051011097297E+01
 0.11054535519307E+01
 0.11058077248524E+01
 0.11061634732584E+01
 0.11065206189178E+01
 0.11068790628540E+01
 0.11072387207264E+01
 0.11075995379049E+01
 0.11079614894252E+01
 0.11083245805568E+01
 0.11086888459747E+01
 0.11090543499189E+01
 0.11094211861546E+01
 0.11097894775705E+01
 0.11101593756034E+01
 0.11105310601496E+01
 0.11109047407730E+01
 0.11112806500357E+01
 0.11116590554575E+01
 0.11120402487084E+01
 0.11124245477808E+01
 0.11128122997203E+01
 0.11132038807642E+01
 0.11135996852298E+01
 0.11140001426412E+01
 0.11144057072171E+01
 0.11148168592664E+01
 0.11152341051585E+01
 0.11156579797958E+01
 0.11160890450625E+01
 0.11165278873911E+01
 0.11169751205102E+01
 0.11174314367968E+01
 0.11178974159615E+01
 0.11183737970106E+01
 0.11188613037554E+01
 0.11193606860642E+01
 0.11198727258892E+01
 0.11203982292433E+01
 0.11209380300925E+01
 0.11214929856561E+01
 0.11220639807158E+01
 0.11226519288094E+01
 0.11232577679591E+01
 0.11238824518411E+01
 0.11245269587292E+01
 0.11251922828187E+01
 0.11258794351484E+01
 0.11265894483658E+01
 0.11273233387716E+01
 0.11280821310540E+01
 0.11288668643366E+01
 0.11296785472181E+01
 0.11305182515051E+01
 0.11313867995648E+01
 0.11322851591392E+01
 0.11332142062118E+01
 0.11341747209681E+01
 0.11351673996986E+01
 0.11361928166491E+01
 0.11372514173683E+01
 0.11383434742707E+01
 0.11394690723475E+01
 0.11406280639873E+01
 0.11418200166935E+01
 0.11430442005244E+01
 0.11442995114811E+01
 0.11455844071872E+01
 0.11468968831227E+01
 0.11482344004646E+01
 0.11495937472505E+01
 0.11509710060627E+01
 0.11523614875099E+01
 0.11537596995692E+01
 0.11551589886054E+01
 0.11565518068611E+01
 0.11579294777802E+01
 0.11592820941181E+01
 0.11605986174499E+01
 0.11618668251867E+01
 0.11630735368768E+01
 0.11642046125331E+01
 0.11652452942170E+01
 0.11661806965277E+01
 0.11669960725986E+01
 0.11676774147781E+01
 0.11682119784522E+01
 0.11685890073095E+01
 0.11687997453525E+01
 0.11688382924250E+01
 0.11687016057451E+01
 0.11683895774059E+01
 0.11679049189510E+01
 0.11672529288425E+01
 0.11664411005999E+01
 0.11654787559027E+01
 0.11643765943043E+01
 0.11631461971772E+01
 0.11617997918319E+01
 0.11603498045867E+01
 0.11588086075689E+01
 0.11571882878429E+01
 0.11555004541030E+01
 0.11537561534252E+01
 0.11519656889495E+01
 0.11501386462075E+01
 0.11482838525153E+01
 0.11464093445392E+01
 0.11445223983284E+01
 0.11426295525162E+01
 0.11407366764068E+01
 0.11388488625686E+01
 0.11369707073312E+01
 0.11351061872722E+01
 0.11332587588213E+01
 0.11314313905981E+01
 0.11296266216730E+01
 0.11278465951201E+01
 0.11260931042767E+01
 0.11243676223364E+01
 0.11226713377832E+01
 0.11210051897756E+01
 0.11193698971285E+01
 0.11177659805577E+01
 0.11161937915486E+01
 0.11146535232160E+01
 0.11131452436807E+01
 0.11116689002222E+01
 0.11102243458629E+01
 0.11088113428738E+01
 0.11074295841320E+01
 0.11060786996579E+01
 0.11047582639232E+01
 0.11034678096546E+01
 0.11022068332253E+01
 0.11009748007818E+01
 0.10997711528328E+01
 0.10985953130481E+01
 0.10974466915021E+01
 0.10963246834275E+01
 0.10952286874180E+01
 0.10941580890429E+01
 0.10931122782163E+01
 0.10920906419351E+01
 0.10910925747895E+01
 0.10901174743934E+01
 0.10891647450922E+01
 0.10882337984523E+01
 0.10873240572067E+01
 0.10864349527885E+01
 0.10855659256846E+01
 0.10847164295524E+01
 0.10838859249878E+01
 0.10830738902628E+01
 0.10822798109794E+01
 0.10815031877129E+01
 0.10807435328496E+01
 0.10800003690370E+01
 0.10792732342481E+01
 0.10785616775259E+01
 0.10778652596046E+01
 0.10771835535484E+01
 0.10765161455057E+01
 0.10758626335625E+01
 0.10752226228693E+01
 0.10745957366066E+01
 0.10739816055579E+01
 0.10733798715926E+01
 0.10727901879178E+01
 0.10722122179004E+01
 0.10716456349230E+01
 0.10710901222467E+01
 0.10705453743451E+01
 0.10700110931452E+01
 0.10694869906365E+01
 0.10689727877750E+01
 0.10684682134080E+01
 0.10679730063137E+01
 0.10674869116728E+01
 0.10670096838771E+01
 0.10665410846348E+01
 0.10660808825721E+01
 0.10656288566709E+01
 0.10651847857238E+01
 0.10647484621028E+01
 0.10643196827544E+01
 0.10638982481373E+01
 0.10634839696782E+01
 0.10630766613266E+01
 0.10626761450836E+01
 0.10622822462556E+01
 0.10618947952450E+01
 0.10615136312947E+01
 0.10611385955180E+01
 0.10607695343773E+01
 0.10604062986018E+01
 0.10600487449589E+01
 0.10596967335408E+01
 0.10593501290769E+01
 0.10590087988336E+01
 0.10586726166305E+01
 0.10583414600275E+01
 0.10580152082294E+01
 0.10576937447630E+01
 0.10573769569149E+01
 0.10570647354299E+01
 0.10567569736509E+01
 0.10564535691362E+01
 0.10561544210028E+01
 0.10558594320096E+01
 0.10555685084233E+01
 0.10552815584175E+01
 0.10549984927699E+01
 0.10547192261494E+01
 0.10544436722883E+01
 0.10541717506696E+01
 0.10539033792773E+01
 0.10536384884012E+01
 0.10533769947732E+01
 0.10531188298153E+01
 0.10528639237861E+01
 0.10526122062363E+01
 0.10523636068154E+01
 0.10521180662109E+01
 0.10518755176601E+01
 0.10516359011807E+01
 0.10513991524561E+01
 0.10511652185520E+01
 0.10509340405325E+01
 0.10507055624009E+01
 0.10504797307030E+01
 0.10502564936963E+01
 0.10500357965778E+01
 0.10498175944172E+01
 0.10496018367199E+01
 0.10493884760573E+01
 0.10491774660220E+01
 0.10489687625506E+01
 0.10487623209617E+01
 0.10485580992679E+01
