 0.00000000000000E+00
-0.28617497016887E-05
-0.31456385972956E-04
-0.12474914048869E-03
-0.30956778758921E-03
-0.59055644597438E-03
-0.95670906993151E-03
-0.13902856132326E-02
-0.18715981085870E-02
-0.23793404470225E-02
-0.28887042364909E-02
-0.33694380890822E-02
-0.37852155488081E-02
-0.40946310789180E-02
-0.10270042314641E-01
-0.88658044935821E-02
-0.11625455055841E-01
-0.12999228359128E-01
-0.16252228986069E-01
-0.18045005928441E-01
-0.21103443093109E-01
-0.23042480165371E-01
-0.25946399479959E-01
-0.27850194232668E-01
-0.30377161241967E-01
-0.31965594995794E-01
-0.33889289806983E-01
-0.34966823740231E-01
-0.36170396453208E-01
-0.36628795948939E-01
-0.37086387978144E-01
-0.36923218746765E-01
-0.36443359373661E-01
-0.35902060649096E-01
-0.34869990087705E-01
-0.33576498365991E-01
-0.32050108013608E-01
-0.30459859835928E-01
-0.28533424466919E-01
-0.26434387563585E-01
-0.24187731663325E-01
-0.21813770198642E-01
-0.19421653761835E-01
-0.16848458179297E-01
-0.14201963013694E-01
-0.11495238140497E-01
-0.87447339149213E-02
-0.59632104605385E-02
-0.31621444751141E-02
-0.40125932034986E-03
 0.24105706890723E-02
 0.52155247932021E-02
 0.80061395343178E-02
 0.10776589894458E-01
 0.13521894509564E-01
 0.16238003472532E-01
 0.18921639808865E-01
 0.21570230929109E-01
 0.24157197045305E-01
 0.26731156196005E-01
 0.29266155565021E-01
 0.31761569009991E-01
 0.34217432642666E-01
 0.36634151755267E-01
 0.39012455618084E-01
 0.41353357788398E-01
 0.43658138027594E-01
 0.45928261301147E-01
 0.48165391129932E-01
 0.50371364017992E-01
 0.52548150285487E-01
 0.54697811758928E-01
 0.56822613053610E-01
 0.58914695030353E-01
 0.60996779802610E-01
 0.63061038544748E-01
 0.65109867405052E-01
 0.67145726229330E-01
 0.69171139062773E-01
 0.71188650753372E-01
 0.73200850357441E-01
 0.75210277331105E-01
 0.77219642330307E-01
 0.79231545604540E-01
 0.81248442549290E-01
 0.83273039866108E-01
 0.85307992992006E-01
 0.87356121770554E-01
 0.89419565198282E-01
 0.91496725076582E-01
 0.93599877800063E-01
 0.95726481862882E-01
 0.97879440647511E-01
 0.10006147107813E+00
 0.10227530885547E+00
 0.10452373024353E+00
 0.10680954393504E+00
 0.10913554569702E+00
 0.11150458451547E+00
 0.11391941238804E+00
 0.11638324263648E+00
 0.11889875011783E+00
 0.12146838476386E+00
 0.12409464812659E+00
 0.12678375090880E+00
 0.12953694116945E+00
 0.13235737668869E+00
 0.13524835139537E+00
 0.13821319978361E+00
 0.14125531201256E+00
 0.14437836072145E+00
 0.14758546852081E+00
 0.15088079127760E+00
 0.15426702060833E+00
 0.15774783921585E+00
 0.16132925343110E+00
 0.16501369749976E+00
 0.16880528077054E+00
 0.17270817520816E+00
 0.17672641435560E+00
 0.18086439483743E+00
 0.18512647986215E+00
 0.18951650841969E+00
 0.19403898079933E+00
 0.19869971376189E+00
 0.20350251411474E+00
 0.20845205859410E+00
 0.21355296570181E+00
 0.21881020318423E+00
 0.22422845117925E+00
 0.22981216711152E+00
 0.23556614108733E+00
 0.24149613818963E+00
 0.24760618291668E+00
 0.25390108820274E+00
 0.26038554636542E+00
 0.26706397700978E+00
 0.27394067351956E+00
 0.28101987413849E+00
 0.28830631764559E+00
 0.29580360792653E+00
 0.30351545344491E+00
 0.31144528878345E+00
 0.31959622733024E+00
 0.32797123271755E+00
 0.33657312696475E+00
 0.34540425551329E+00
 0.35446638861852E+00
 0.36376096698060E+00
 0.37328910525011E+00
 0.38305164748346E+00
 0.39304918944037E+00
 0.40328133787516E+00
 0.41374758198579E+00
 0.42444694924213E+00
 0.43537809710490E+00
 0.44653926963937E+00
 0.45792818870068E+00
 0.46954209435861E+00
 0.48137796042924E+00
 0.49343232523090E+00
 0.50570140829067E+00
 0.51818097031027E+00
 0.53086640514193E+00
 0.54375282163420E+00
 0.55683504090050E+00
 0.57010753923187E+00
 0.58356451327604E+00
 0.59719990763564E+00
 0.61100742975731E+00
 0.62498050462023E+00
 0.63911233309028E+00
 0.65339593546541E+00
 0.66782418266485E+00
 0.68238964573864E+00
 0.69708480421599E+00
 0.71190198405786E+00
 0.72683338914516E+00
 0.74187106482653E+00
 0.75700703220399E+00
 0.77223320668651E+00
 0.78754145429235E+00
 0.80292363859230E+00
 0.81837164079366E+00
 0.83387738388101E+00
 0.84943284012178E+00
 0.86503009880329E+00
 0.88066139860753E+00
 0.89631917991540E+00
 0.91199608767128E+00
 0.92768499476387E+00
 0.94337903414490E+00
 0.95907164639270E+00
 0.97475657791827E+00
 0.99042791026423E+00
 0.10060800593002E+01
 0.10217077852248E+01
 0.10373061981585E+01
 0.10528707546336E+01
 0.10683972512224E+01
 0.10838818098930E+01
 0.10993208742146E+01
 0.11147111838987E+01
 0.11300497622962E+01
 0.11453339042146E+01
 0.11605611620774E+01
 0.11757293303807E+01
 0.11908364380619E+01
 0.12058806960858E+01
 0.12208605034410E+01
 0.12357744280657E+01
 0.12506211965159E+01
 0.12653996875184E+01
 0.12801089058227E+01
 0.12947479624154E+01
 0.13093160775175E+01
 0.13238125772737E+01
 0.13382368787638E+01
 0.13525884723554E+01
 0.13668669182347E+01
 0.13810718407853E+01
 0.13952029289393E+01
 0.14092599233273E+01
 0.14232426198599E+01
 0.14371508426646E+01
 0.14509844604652E+01
 0.14647433856312E+01
 0.14784275606390E+01
 0.14920369559563E+01
 0.15055715634733E+01
 0.15190314003408E+01
 0.15324165068024E+01
 0.15457269577285E+01
 0.15589628415552E+01
 0.15721242411755E+01
 0.15852112678446E+01
 0.15982240536517E+01
 0.16111627608303E+01
 0.16240275352749E+01
 0.16368185283677E+01
 0.16495359234288E+01
 0.16621798933269E+01
 0.16747506491460E+01
 0.16872483935619E+01
 0.16996733429036E+01
 0.17120256804670E+01
 0.17243056460470E+01
 0.17365134785443E+01
 0.17486494132022E+01
 0.17607136948180E+01
 0.17727065635478E+01
 0.17846282725753E+01
 0.17964790745229E+01
 0.18082592320078E+01
 0.18199690146064E+01
 0.18316086967700E+01
 0.18431785402904E+01
 0.18546788202773E+01
 0.18661098153120E+01
 0.18774718110332E+01
 0.18887650956094E+01
 0.18999899529502E+01
 0.19111466799085E+01
 0.19222355664563E+01
 0.19332569062833E+01
 0.19442109978982E+01
 0.19550981430274E+01
 0.19659186440444E+01
 0.19766728050871E+01
 0.19873609348998E+01
 0.19979833449040E+01
 0.20085403392946E+01
 0.20190322304492E+01
 0.20294593313234E+01
 0.20398219601296E+01
 0.20501204320123E+01
 0.20603550611636E+01
 0.20705261676755E+01
 0.20806340719282E+01
 0.20906790930497E+01
 0.21006615541200E+01
 0.21105817776947E+01
 0.21204400877239E+01
 0.21302368069214E+01
 0.21399722579897E+01
 0.21496467698021E+01
 0.21592606663214E+01
 0.21688142755570E+01
 0.21783079244215E+01
 0.21877419405423E+01
 0.21971166507615E+01
 0.22064323813330E+01
 0.22156894588551E+01
 0.22248882170495E+01
 0.22340289828606E+01
 0.22431120823432E+01
 0.22521378462868E+01
 0.22611066037691E+01
 0.22700186824825E+01
 0.22788744101860E+01
