 0.00000000000000E+00
-0.17747907132718E-22
-0.47306404698364E-21
-0.34368017622739E-20
-0.12811708379780E-19
-0.37205718779663E-19
-0.74134841650031E-19
-0.16732736451171E-18
-0.27452272877351E-18
-0.36615673679017E-18
-0.61271012601899E-18
 0.52255880942982E-12
-0.11634714278740E-17
-0.18147663439034E-13
 0.65979714245835E-11
-0.25494628493339E-11
-0.82213186001203E-11
-0.70828012007355E-11
 0.66472342364070E-12
-0.22708405324771E-11
-0.48838374995544E-11
 0.54381324460192E-11
-0.12266876832455E-12
-0.41124261246720E-11
 0.10929523915424E-09
-0.51321421858489E-09
 0.23718390626630E-08
 0.17352146927314E-08
-0.15317446389619E-07
 0.15870277734372E-07
 0.49174400881470E-09
-0.74312126144595E-08
 0.58421426642799E-08
 0.41454700714940E-08
-0.23944369647091E-09
-0.21233327987793E-08
-0.45232859167805E-09
-0.26151078134100E-09
 0.30523814378227E-09
 0.15934317784812E-08
 0.41165234156099E-08
 0.86409093594553E-08
 0.15856281900555E-07
 0.27972638167230E-07
 0.46813540131992E-07
 0.75163276426410E-07
 0.11669483798367E-06
 0.17612030414966E-06
 0.25938595203159E-06
 0.37185281340691E-06
 0.52616420193769E-06
 0.73179285714166E-06
 0.10019280162359E-05
 0.13522871529557E-05
 0.18013171253552E-05
 0.23705192671755E-05
 0.30847296684276E-05
 0.39724258090971E-05
 0.50577588786736E-05
 0.63924081966308E-05
 0.80106917014913E-05
 0.99585398903516E-05
 0.12287079502698E-04
 0.15052847055692E-04
 0.18318067407727E-04
 0.22150931999408E-04
 0.26625786580619E-04
 0.31823718098339E-04
 0.37832340331076E-04
 0.44746412428440E-04
 0.52667341249398E-04
 0.61705656338811E-04
 0.68340931231759E-04
 0.83546553992401E-04
 0.96692975186337E-04
 0.11144652397227E-03
 0.12798632369699E-03
 0.14647063878905E-03
 0.16706840278690E-03
 0.19012132564815E-03
 0.21501786184181E-03
 0.24400584836478E-03
 0.27486677832771E-03
 0.30752207268108E-03
 0.34587170608139E-03
 0.38670673003527E-03
 0.43149588867970E-03
 0.47294136655278E-03
 0.53633907443832E-03
 0.59642053711464E-03
 0.65438956913376E-03
 0.72254717352556E-03
 0.79635001570537E-03
 0.87612439247471E-03
 0.96223441549115E-03
 0.10550653283252E-02
 0.11550145795897E-02
 0.12624859357499E-02
 0.13779424704842E-02
 0.15064778407499E-02
 0.16327565329138E-02
 0.17788122422492E-02
 0.19173998078410E-02
 0.20912671149492E-02
 0.22648665398849E-02
 0.24501082510612E-02
 0.26475890268117E-02
 0.28579660691824E-02
 0.30819323287903E-02
 0.33242075184542E-02
 0.35699954540942E-02
 0.38491036542319E-02
 0.41202037328556E-02
 0.44221086062330E-02
 0.47562098741700E-02
 0.50939203909981E-02
 0.54551997034648E-02
 0.58383944877724E-02
 0.62405898010094E-02
 0.66714410921060E-02
 0.71268963658022E-02
 0.75956439436866E-02
 0.80993722169346E-02
 0.86511312321793E-02
 0.92021795643058E-02
 0.97949281162919E-02
 0.10417866645735E-01
 0.11082604380754E-01
 0.11772972731930E-01
 0.12493198931312E-01
 0.13261311112455E-01
 0.14083567716529E-01
 0.14915504705969E-01
 0.15805766870545E-01
 0.16738398505502E-01
 0.17707720614278E-01
 0.18721027551192E-01
 0.19789647383388E-01
 0.20914244565671E-01
 0.22072785446362E-01
 0.23285399243355E-01
 0.24544886701735E-01
 0.25853720028120E-01
 0.27220435399962E-01
 0.28647226839669E-01
 0.30117322312494E-01
 0.31639187786738E-01
 0.33208337266631E-01
 0.34836326944139E-01
 0.36522602392748E-01
 0.38262141596129E-01
 0.40035403469968E-01
 0.41868134555982E-01
 0.43752457309678E-01
 0.45687584415970E-01
 0.47667669938897E-01
 0.49687411618429E-01
 0.51752675367495E-01
 0.53863199651650E-01
 0.56013212527859E-01
 0.58201956971883E-01
 0.60420994429132E-01
 0.62677502683941E-01
 0.64962851886389E-01
 0.67277219948767E-01
 0.69613132443000E-01
 0.71971709590192E-01
 0.74348995117262E-01
 0.76739297121366E-01
 0.79137443265004E-01
 0.81542090836808E-01
 0.83949394707429E-01
 0.86352674769899E-01
 0.88743873594724E-01
 0.91122671344729E-01
 0.93481454236890E-01
 0.95814797127218E-01
 0.98116634961025E-01
 0.10038565031592E+00
 0.10261217878107E+00
 0.10479113130982E+00
 0.10691971029673E+00
 0.10899253537572E+00
 0.11100435894078E+00
 0.11295104316700E+00
 0.11483079766962E+00
 0.11664208398419E+00
 0.11838359602797E+00
 0.12005266869490E+00
 0.12164947011841E+00
 0.12317373970661E+00
 0.12462768854597E+00
 0.12601212645558E+00
 0.12732889836978E+00
 0.12858021681380E+00
 0.12976878617624E+00
 0.13089757479898E+00
 0.13196989195588E+00
 0.13298879183545E+00
 0.13395697446037E+00
 0.13487712970053E+00
 0.13575134803762E+00
 0.13658293174140E+00
 0.13737527490225E+00
 0.13813152995835E+00
 0.13885473613889E+00
 0.13954665151811E+00
 0.14020731038591E+00
 0.14084010924339E+00
 0.14144689195629E+00
 0.14203001394650E+00
 0.14259117002596E+00
 0.14313101721434E+00
 0.14365029954122E+00
 0.14415159302520E+00
 0.14463642443165E+00
 0.14510547555352E+00
 0.14555897371765E+00
 0.14599833677181E+00
 0.14642445651877E+00
 0.14683865005291E+00
 0.14724147051023E+00
 0.14763362776636E+00
 0.14801475683829E+00
 0.14838633418007E+00
 0.14874928727099E+00
 0.14910368532521E+00
 0.14944999594196E+00
 0.14978841364321E+00
 0.15011911451227E+00
 0.15044340525753E+00
 0.15076275119802E+00
 0.15107565497735E+00
 0.15138073677524E+00
 0.15168091286445E+00
 0.15197684770579E+00
 0.15226994071189E+00
 0.15255552964629E+00
 0.15283544373519E+00
 0.15311226434529E+00
 0.15338634414792E+00
 0.15365779722758E+00
 0.15392392383167E+00
 0.15418566858876E+00
 0.15444326361204E+00
 0.15469892879792E+00
 0.15495303219467E+00
 0.15520406378889E+00
 0.15545199999058E+00
 0.15569572910224E+00
 0.15593751124584E+00
 0.15617685299791E+00
 0.15641440573315E+00
 0.15664967389624E+00
 0.15688270206295E+00
 0.15711246082422E+00
 0.15734092706538E+00
 0.15756737581223E+00
 0.15779259565498E+00
 0.15801608450066E+00
 0.15823752346621E+00
 0.15845710027464E+00
 0.15867428955441E+00
 0.15888979788003E+00
 0.15910443324123E+00
 0.15931761725365E+00
 0.15952928728643E+00
 0.15973965836108E+00
 0.15994882608391E+00
 0.16015632122672E+00
 0.16036220238718E+00
 0.16056690153679E+00
 0.16077040531248E+00
 0.16097278957907E+00
 0.16117351621578E+00
 0.16137299331981E+00
 0.16157164286750E+00
 0.16176913750396E+00
 0.16196546873816E+00
 0.16216065315230E+00
 0.16235451846476E+00
 0.16254726129109E+00
 0.16273858242722E+00
 0.16292903078674E+00
 0.16311856113785E+00
 0.16330699471856E+00
 0.16349483290057E+00
 0.16368141902551E+00
 0.16386694754207E+00
 0.16405113235035E+00
 0.16423436359967E+00
 0.16441687792424E+00
 0.16459858022934E+00
 0.16477874606601E+00
 0.16495814430466E+00
 0.16513704284728E+00
 0.16531478811505E+00
 0.16549143807332E+00
 0.16566700933120E+00
 0.16584140845321E+00
