 0.00000000000000E+00
 0.23195645239190E-24
 0.14609124960825E-22
 0.18584846750422E-21
 0.10347075654219E-20
 0.45498122386075E-20
 0.11971663233573E-19
 0.35895649372393E-19
 0.75195196530099E-19
 0.12501588229696E-18
 0.24446175003613E-18
-0.11995748100299E-12
 0.65107281275444E-18
-0.16394070660151E-11
-0.24984639401432E-11
 0.32985355434229E-11
 0.10014295688990E-10
 0.61013287997076E-11
 0.30092505197300E-12
 0.26923363473546E-11
 0.10795006312806E-10
-0.65526834972523E-11
 0.36402351368709E-11
 0.96346559686128E-11
-0.30041924545679E-09
 0.16459054787563E-08
-0.38195089449288E-08
-0.49307826756260E-08
 0.30826084450194E-07
-0.63921903095659E-07
-0.23283723210665E-08
 0.18956920872149E-07
-0.20909119164969E-07
-0.83851701680168E-08
 0.92980013665473E-08
 0.85681325653942E-08
-0.66895874442911E-11
-0.27321815357129E-09
 0.28406770903197E-09
 0.15620054328179E-08
 0.40806625726869E-08
 0.86001025424959E-08
 0.15819619349326E-07
 0.27932014459493E-07
 0.46753089640235E-07
 0.75107424776766E-07
 0.11663056034474E-06
 0.17602483494294E-06
 0.25926567390820E-06
 0.37189185243861E-06
 0.52621508798082E-06
 0.73180401940827E-06
 0.10018949822064E-05
 0.13522062794122E-05
 0.18011686731166E-05
 0.23702658142680E-05
 0.30843542786249E-05
 0.39718859184073E-05
 0.50581413722288E-05
 0.63927716387628E-05
 0.80110738515356E-05
 0.99589646079822E-05
 0.12287593320707E-04
 0.15053504184395E-04
 0.18319023391582E-04
 0.22152349555924E-04
 0.26627986486895E-04
 0.31827056975678E-04
 0.37837392908533E-04
 0.44753941799440E-04
 0.52679483827643E-04
 0.61721552867720E-04
 0.22207568178198E-03
 0.84698471291847E-04
 0.96732294922711E-04
 0.11151358334765E-03
 0.12807455227926E-03
 0.14658661910829E-03
 0.16721988761740E-03
 0.18460040058794E-03
 0.22511466673947E-03
 0.23580425366516E-03
 0.26472202312288E-03
 0.32501824999879E-03
 0.33523120465803E-03
 0.38766032282966E-03
 0.43253736670568E-03
 0.73753360896584E-03
 0.24834479585134E-03
 0.69672826956543E-03
 0.65729089678734E-03
 0.72552108535358E-03
 0.79996221084386E-03
 0.88049418080971E-03
 0.96751661785974E-03
 0.10614054394646E-02
 0.11625978302737E-02
 0.12718250626745E-02
 0.13887408325992E-02
 0.12974785523267E-02
 0.17935431149789E-02
 0.15148825608589E-02
 0.22761701749465E-02
 0.21168495152643E-02
 0.22951138364030E-02
 0.24837092645867E-02
 0.26866444988464E-02
 0.29033572924088E-02
 0.31351496471901E-02
 0.31476741387913E-02
 0.38810036918234E-02
 0.35382842278089E-02
 0.43476323271222E-02
 0.48758406911160E-02
 0.49561442653943E-02
 0.52434419828257E-02
 0.56255288665448E-02
 0.59941355017630E-02
 0.65611164088707E-02
 0.69030888636395E-02
 0.70390643241638E-02
 0.79624064318395E-02
 0.87139034769469E-02
 0.85412703655745E-02
 0.95931793637565E-02
 0.10236278548803E-01
 0.11114553758041E-01
 0.11356102524186E-01
 0.12123674917019E-01
 0.13392788578242E-01
 0.14255723177779E-01
 0.14287627565680E-01
 0.15987524896087E-01
 0.16735195051919E-01
 0.17460137008475E-01
 0.18721690168752E-01
 0.20235865786707E-01
 0.21318845312775E-01
 0.22077374059764E-01
 0.23426514277045E-01
 0.24600575716899E-01
 0.26136711571984E-01
 0.27905785969126E-01
 0.29453349188678E-01
 0.30429963960902E-01
 0.32050911665547E-01
 0.33538429037221E-01
 0.35764922836867E-01
 0.37556143025872E-01
 0.38978108988283E-01
 0.40270874827220E-01
 0.42899618194881E-01
 0.44852653200202E-01
 0.46710815515976E-01
 0.48386632079901E-01
 0.50338060502366E-01
 0.52754919665638E-01
 0.54890909135777E-01
 0.56911290869708E-01
 0.59037746596402E-01
 0.61104677703353E-01
 0.63557519836903E-01
 0.65520771801955E-01
 0.67712262635429E-01
 0.69747532528251E-01
 0.72061800702470E-01
 0.74094516079959E-01
 0.75985286816281E-01
 0.77902147032876E-01
 0.79915842454753E-01
 0.81633913463706E-01
 0.83069463411763E-01
 0.84358771143978E-01
 0.85698902570422E-01
 0.86640771541062E-01
 0.87472877088529E-01
 0.88142681371588E-01
 0.88645939104722E-01
 0.88542878099833E-01
 0.88304142962680E-01
 0.87933389708218E-01
 0.87169194360835E-01
 0.86087511746542E-01
 0.84815313589865E-01
 0.83438839967046E-01
 0.81902426956364E-01
 0.80158477932295E-01
 0.78175771063728E-01
 0.76171277160353E-01
 0.74058757062390E-01
 0.71999513362976E-01
 0.69882509645865E-01
 0.67766393547168E-01
 0.65749997084521E-01
 0.63793799210391E-01
 0.61948820417803E-01
 0.60220198733492E-01
 0.58522786779000E-01
 0.56836050691186E-01
 0.55192742831609E-01
 0.53651059548623E-01
 0.52334391587513E-01
 0.51185546398859E-01
 0.50133175616011E-01
 0.49103430168993E-01
 0.47990004333766E-01
 0.46879014642605E-01
 0.46012594398090E-01
 0.45192626983822E-01
 0.44454301478163E-01
 0.43706925450688E-01
 0.42937022681947E-01
 0.42226463894263E-01
 0.41698169640598E-01
 0.41165571875317E-01
 0.40576207946850E-01
 0.39996546435146E-01
 0.39518541678148E-01
 0.39045050076594E-01
 0.38641341881598E-01
 0.38213210317935E-01
 0.37792513967464E-01
 0.37320624373155E-01
 0.36957627749151E-01
 0.36658074147152E-01
 0.36313967222662E-01
 0.35994706315431E-01
 0.35618683771036E-01
 0.35283534628026E-01
 0.35134428665856E-01
 0.34964087037677E-01
 0.34519681934075E-01
 0.34070746456458E-01
 0.33983869208189E-01
 0.33938090357448E-01
 0.33769213457962E-01
 0.33103333089461E-01
 0.32926574580306E-01
 0.32999354422213E-01
 0.33010920992918E-01
 0.32739544478730E-01
 0.32174865824009E-01
 0.31964591944049E-01
 0.31941405387352E-01
 0.32012981209971E-01
 0.31968615594867E-01
 0.31634346861344E-01
 0.31314301372768E-01
 0.31056292956866E-01
 0.31138998734078E-01
 0.31087138347197E-01
 0.31063500579118E-01
 0.30887256333607E-01
 0.30732535610273E-01
 0.30551724423710E-01
 0.30583918906697E-01
 0.30469059697547E-01
 0.30454481313385E-01
 0.30300733546050E-01
 0.30112696832136E-01
 0.29960159124779E-01
 0.29801594672996E-01
 0.29851711176831E-01
 0.29927644251403E-01
 0.29889124904282E-01
 0.29837149406134E-01
 0.29780900601490E-01
 0.29666422132933E-01
 0.29477342091681E-01
 0.29391333129301E-01
 0.29355511278625E-01
 0.29307607158737E-01
 0.29251779782777E-01
 0.29169156780040E-01
 0.29176398930036E-01
 0.29199891327662E-01
 0.29126340771108E-01
 0.29054924343528E-01
 0.28973869671074E-01
 0.28907386549475E-01
 0.28893550250697E-01
 0.28862538334685E-01
 0.28946007803223E-01
 0.28937987570910E-01
 0.28968292116224E-01
 0.28981084391114E-01
 0.28873117057012E-01
 0.28807929928951E-01
 0.28740873727588E-01
 0.28761288869103E-01
 0.28793593273015E-01
 0.28706853506872E-01
 0.28649263847069E-01
 0.28716430562283E-01
 0.28679705657331E-01
 0.28606175476180E-01
 0.28543032350939E-01
 0.28482644244237E-01
 0.28417905351945E-01
 0.28474977001637E-01
