 0.27276187932143E+03
 0.27276185701543E+03
 0.27276164773519E+03
 0.27276087374862E+03
 0.27275899453934E+03
 0.27275535187171E+03
 0.27274919951120E+03
 0.27273984691575E+03
 0.27272719536171E+03
 0.27271289503427E+03
 0.27270195062517E+03
 0.27270419104287E+03
 0.27273498469040E+03
 0.27281489974218E+03
 0.27297229208120E+03
 0.27322584541102E+03
 0.27361009136542E+03
 0.27414532701043E+03
 0.27485709745112E+03
 0.27575718095068E+03
 0.27686232278890E+03
 0.27817318474586E+03
 0.27969688429469E+03
 0.28142280556641E+03
 0.28334983519242E+03
 0.28545834032937E+03
 0.28774131222316E+03
 0.29017316685087E+03
 0.29274334180803E+03
 0.29542325378038E+03
 0.29820065528686E+03
 0.30104636924722E+03
 0.30394345741360E+03
 0.30687710730126E+03
 0.30981877041980E+03
 0.31275406607278E+03
 0.31566582817979E+03
 0.31854325374130E+03
 0.32136131238638E+03
 0.32411084299772E+03
 0.32677952167004E+03
 0.32935612794850E+03
 0.33183623729141E+03
 0.33420033498784E+03
 0.33644571788897E+03
 0.33856577258644E+03
 0.34055491059059E+03
 0.34240845040400E+03
 0.34412259881016E+03
 0.34570010216562E+03
 0.34712766420162E+03
 0.34840908661656E+03
 0.34954361160153E+03
 0.35053098962515E+03
 0.35137149694220E+03
 0.35206590895726E+03
 0.35261544262609E+03
 0.35302171165308E+03
 0.35329201328378E+03
 0.35341814825770E+03
 0.35340777285365E+03
 0.35326374900254E+03
 0.35298909827695E+03
 0.35258702578504E+03
 0.35206089376661E+03
 0.35141419717401E+03
 0.35065054153296E+03
 0.34977361740248E+03
 0.34878718571712E+03
 0.34769506043859E+03
 0.34650109028506E+03
 0.34520913861953E+03
 0.34382308493225E+03
 0.34235138649597E+03
 0.34078879518230E+03
 0.33914362243079E+03
 0.33741965867962E+03
 0.33562070202325E+03
 0.33375045215770E+03
 0.33181255312383E+03
 0.32981058736327E+03
 0.32774806852016E+03
 0.32562844094335E+03
 0.32345514637319E+03
 0.32123134580075E+03
 0.31896031012890E+03
 0.31664516268440E+03
 0.31428892916824E+03
 0.31189456064290E+03
 0.30946840540090E+03
 0.30700627937175E+03
 0.30451430009215E+03
 0.30199506671762E+03
 0.29945106538466E+03
 0.29688469115057E+03
 0.29429821769733E+03
 0.29169382954620E+03
 0.28907369569323E+03
 0.28643986561145E+03
 0.28379420963884E+03
 0.28113856123721E+03
 0.27847465817227E+03
 0.27580415365588E+03
 0.27313124045090E+03
 0.27045201745467E+03
 0.26777063861308E+03
 0.26508828570818E+03
 0.26240616607015E+03
 0.25972535945289E+03
 0.25704681971363E+03
 0.25437147956684E+03
 0.25170021217845E+03
 0.24903366910835E+03
 0.24637246850417E+03
 0.24371922610291E+03
 0.24107021791878E+03
 0.23842782979485E+03
 0.23579230265279E+03
 0.23316379249712E+03
 0.23054229206651E+03
 0.22792760379020E+03
 0.22531960516982E+03
 0.22271795484955E+03
 0.22012379783583E+03
 0.21753341689739E+03
 0.21494767830177E+03
 0.21236575603475E+03
 0.20978667852122E+03
 0.20720934506917E+03
 0.20463250380158E+03
 0.20205474729776E+03
 0.19947573233286E+03
 0.19689128142841E+03
 0.19430071441688E+03
 0.19170196470639E+03
 0.18909278888895E+03
 0.18647075706075E+03
 0.18383326650332E+03
 0.18117848741830E+03
 0.17850156942183E+03
 0.17580028744253E+03
 0.17307130156593E+03
 0.17031109807233E+03
 0.16751600588330E+03
 0.16468288880048E+03
 0.16180634754825E+03
 0.15888299833211E+03
 0.15590867595347E+03
 0.15287903643655E+03
 0.14978971822049E+03
 0.14663673393735E+03
 0.14341498637341E+03
 0.14012050541346E+03
 0.13674928127583E+03
 0.13329724094225E+03
 0.12976106566581E+03
 0.12613679502019E+03
 0.12242186829525E+03
 0.11861389098783E+03
 0.11471151533367E+03
 0.11071328160384E+03
 0.10661951247578E+03
 0.10243120221804E+03
 0.98150565705369E+02
 0.93781062226863E+02
 0.89327511926352E+02
 0.84796250256033E+02
 0.80195161347838E+02
 0.75533612663362E+02
 0.70822748351612E+02
 0.66075112798542E+02
 0.61304684890956E+02
 0.56527177647349E+02
 0.51759043636844E+02
 0.47018006950201E+02
 0.42322296982606E+02
 0.37691164604179E+02
 0.33143578924977E+02
 0.28698478718078E+02
 0.24374894007236E+02
 0.20190757599752E+02
 0.16163091719321E+02
 0.12308276708871E+02
 0.86408782289082E+01
 0.51741271716806E+01
 0.19194819401480E+01
-0.11128377672176E+01
-0.39148575148954E+01
-0.64803461058556E+01
-0.88045344517612E+01
-0.10884707381862E+02
-0.12719820582151E+02
-0.14310123214693E+02
-0.15657692404594E+02
-0.16765883127795E+02
-0.17639397991353E+02
-0.18283827962510E+02
-0.18706011337529E+02
-0.18913559539795E+02
-0.18914850566647E+02
-0.18718690630993E+02
-0.18334492805385E+02
-0.17771944123392E+02
-0.17040964350008E+02
-0.16151500505935E+02
-0.15113615902116E+02
-0.13937253289349E+02
-0.12632223713869E+02
-0.11208225897781E+02
-0.96745842917343E+01
-0.80404281064175E+01
-0.63145620377238E+01
-0.45054510611306E+01
-0.26212257091455E+01
-0.66966339549206E+00
 0.13418385047175E+01
 0.34062333505761E+01
 0.55168197377940E+01
 0.76672552346009E+01
 0.98515408447216E+01
 0.12064041066088E+02
 0.14299396624092E+02
 0.16552587298993E+02
 0.18818775211071E+02
 0.21093789060631E+02
 0.23373337177727E+02
 0.25653551738614E+02
 0.27930694486203E+02
 0.30201454750143E+02
 0.32462656853292E+02
 0.34711343249009E+02
 0.36944773354412E+02
 0.39160417148978E+02
 0.41355892964124E+02
 0.43528843397936E+02
 0.45677203657131E+02
 0.47799567312988E+02
 0.49893981532022E+02
 0.51958874357224E+02
 0.53992802199695E+02
 0.55994450633051E+02
 0.57962608002620E+02
 0.59896329386735E+02
 0.61794508902045E+02
 0.63656015680290E+02
 0.65480769858819E+02
 0.67267803548041E+02
 0.69016434176771E+02
 0.70726270585344E+02
 0.72396868168606E+02
 0.74027841124001E+02
 0.75618957663176E+02
 0.77170083012496E+02
 0.78680257115914E+02
 0.80150803184773E+02
 0.81580980367600E+02
 0.82970833123612E+02
 0.84320427334121E+02
 0.85629879403275E+02
 0.86899335276952E+02
 0.88129034848234E+02
 0.89318554980206E+02
 0.90469492550621E+02
 0.91581384314877E+02
 0.92654770510655E+02
 0.93689493175005E+02
 0.94686542291198E+02
 0.95646129754725E+02
 0.96568632528818E+02
 0.97453761717155E+02
 0.98303523966925E+02
 0.99117688156773E+02
 0.99896775793073E+02
 0.10064105943145E+03
 0.10135134067224E+03
 0.10202807453349E+03
 0.10267092018913E+03
 0.10328221565363E+03
 0.10386164558430E+03
 0.10440978259691E+03
 0.10492729772948E+03
 0.10541454369403E+03
 0.10587227021405E+03
 0.10630112399207E+03
 0.10670026791682E+03
 0.10707287537852E+03
 0.10741826524517E+03
 0.10773706268386E+03
 0.10802983229669E+03
 0.10829720513932E+03
 0.10853969940657E+03
 0.10875792529119E+03
 0.10895138558305E+03
 0.10912279902521E+03
 0.10927166692151E+03
 0.10939860397599E+03
 0.10950410161132E+03
 0.10958847329347E+03
 0.10965272507557E+03
 0.10969716197679E+03
