 0.80954940884255E-01
 0.80954940884255E-01
 0.80954940884255E-01
 0.80954940884255E-01
 0.80954940884255E-01
 0.80954940884255E-01
 0.80954940884255E-01
 0.80954940884255E-01
 0.80954940884255E-01
 0.80954940884255E-01
 0.80954940884255E-01
 0.80954940884255E-01
 0.80954940884255E-01
 0.80954940884255E-01
 0.80954720087662E-01
 0.80954720087662E-01
 0.80954476047098E-01
 0.80954211003766E-01
 0.80953648245285E-01
 0.80953011513661E-01
 0.80951955516293E-01
 0.80950708620597E-01
 0.80948864349214E-01
 0.80946693366005E-01
 0.80943743969750E-01
 0.80940325813339E-01
 0.80935960514965E-01
 0.80930978426004E-01
 0.80924898409586E-01
 0.80918052943939E-01
 0.80909981117793E-01
 0.80901002389455E-01
 0.80890888138739E-01
 0.80879354134979E-01
 0.80866754968539E-01
 0.80852867833151E-01
 0.80837645358703E-01
 0.80820829443736E-01
 0.80802810007739E-01
 0.80783369682011E-01
 0.80762480797684E-01
 0.80740125214901E-01
 0.80716065230181E-01
 0.80690717186665E-01
 0.80663872785869E-01
 0.80635521464649E-01
 0.80605659641038E-01
 0.80574285568212E-01
 0.80541399104352E-01
 0.80506776540128E-01
 0.80470856666489E-01
 0.80433434044254E-01
 0.80394508920097E-01
 0.80354084947531E-01
 0.80312165874512E-01
 0.80268755200782E-01
 0.80223855984657E-01
 0.80177470633106E-01
 0.80129383171369E-01
 0.80080020427089E-01
 0.80029175167879E-01
 0.79976843047801E-01
 0.79923020329557E-01
 0.79867701551900E-01
 0.79810879344799E-01
 0.79752544277436E-01
 0.79692684698539E-01
 0.79631286609040E-01
 0.79568333503059E-01
 0.79503806225726E-01
 0.79437682834914E-01
 0.79369938479467E-01
 0.79300545234418E-01
 0.79229252533646E-01
 0.79156458654309E-01
 0.79081913996757E-01
 0.79005575628341E-01
 0.78927398295630E-01
 0.78847332986547E-01
 0.78765326719343E-01
 0.78681322402405E-01
 0.78595258691182E-01
 0.78507069851216E-01
 0.78416673681829E-01
 0.78324016669158E-01
 0.78229009243693E-01
 0.78131566525935E-01
 0.78031598624037E-01
 0.77929010230636E-01
 0.77823484444976E-01
 0.77715341364524E-01
 0.77604259462346E-01
 0.77490119516536E-01
 0.77372797106314E-01
 0.77252161547526E-01
 0.77128075462662E-01
 0.77000394806621E-01
 0.76868968157893E-01
 0.76733636990131E-01
 0.76594235488823E-01
 0.76450589989647E-01
 0.76302518918502E-01
 0.76149832337094E-01
 0.75992116482281E-01
 0.75829588820904E-01
 0.75661825021196E-01
 0.75488599095227E-01
 0.75309676826557E-01
 0.75124813699427E-01
 0.74933755737577E-01
 0.74736239084118E-01
 0.74531988543147E-01
 0.74320719795678E-01
 0.74102136001320E-01
 0.73875720158654E-01
 0.73641570300835E-01
 0.73399155068064E-01
 0.73148134441396E-01
 0.72888159352990E-01
 0.72618842807232E-01
 0.72339864498810E-01
 0.72050820933140E-01
 0.71751322339494E-01
 0.71440767177845E-01
 0.71119147911944E-01
 0.70785854668549E-01
 0.70440467095504E-01
 0.70082560582800E-01
 0.69711706970641E-01
 0.69327474662470E-01
 0.68929432328893E-01
 0.68516954957255E-01
 0.68089998045249E-01
 0.67647954133558E-01
 0.67190410844882E-01
 0.66716963991436E-01
 0.66227226545755E-01
 0.65720825082209E-01
 0.65197219464539E-01
 0.64656438788812E-01
 0.64097998033295E-01
 0.63521614141410E-01
 0.62927035847192E-01
 0.62314042875740E-01
 0.61682277211190E-01
 0.61031925191320E-01
 0.60362712655265E-01
 0.59674569473260E-01
 0.58967467000608E-01
 0.58241420515311E-01
 0.57496291304938E-01
 0.56732571303242E-01
 0.55950222761502E-01
 0.55149445651424E-01
 0.54330484816326E-01
 0.53493490984636E-01
 0.52639098116183E-01
 0.51767562714426E-01
 0.50879333338467E-01
 0.49974778925368E-01
 0.49054713340617E-01
 0.48119632927714E-01
 0.47170210212885E-01
 0.46207185623190E-01
 0.45231237547986E-01
 0.44243482307289E-01
 0.43244742000773E-01
 0.42236027006519E-01
 0.41218315327652E-01
 0.40192994339398E-01
 0.39161204169624E-01
 0.38124174039062E-01
 0.37083503315187E-01
 0.36040584686170E-01
 0.34996985916252E-01
 0.33954255601379E-01
 0.32914271688189E-01
 0.31878713927934E-01
 0.30849314892694E-01
 0.29828073127228E-01
 0.28816777637875E-01
 0.27817225028521E-01
 0.26831395963435E-01
 0.25861034917720E-01
 0.24907887663560E-01
 0.23973559596322E-01
 0.23059729908280E-01
 0.22167776120453E-01
 0.21298950745338E-01
 0.20454460415620E-01
 0.19635236773219E-01
 0.18842023883483E-01
 0.18075514266343E-01
 0.17336089943481E-01
 0.16623999840765E-01
 0.15939286405284E-01
 0.15281942038781E-01
 0.14651703287775E-01
 0.14048210227433E-01
 0.13470951305192E-01
 0.12919417268429E-01
 0.12392910109245E-01
 0.11890696684867E-01
 0.11411964050444E-01
 0.10955931030640E-01
 0.10521714343449E-01
 0.10108437053404E-01
 0.97152146195815E-02
 0.93411631593099E-02
 0.89854063724111E-02
 0.86470821727060E-02
 0.83253473052754E-02
 0.80193809597497E-02
 0.77283883965788E-02
 0.74516030539765E-02
 0.71882878888577E-02
 0.69377367697345E-02
 0.66992741640164E-02
 0.64722563128083E-02
 0.62560720382773E-02
 0.60501357494704E-02
 0.58538970931785E-02
 0.56668326948956E-02
 0.54884674089312E-02
 0.53182926883101E-02
 0.51558866859821E-02
 0.50008319096695E-02
 0.48527342891175E-02
 0.47112223689230E-02
 0.45759457755842E-02
 0.44465744109471E-02
 0.43227972587275E-02
 0.42043210470469E-02
 0.40908696004334E-02
 0.39821828148183E-02
 0.38780350877482E-02
 0.37781558753415E-02
 0.36823473232000E-02
 0.35904042916858E-02
 0.35021334367185E-02
 0.34173523298526E-02
 0.33358890833829E-02
 0.32575813279105E-02
 0.31822759722809E-02
 0.31098481918947E-02
 0.30401217462178E-02
 0.29729878429497E-02
 0.29083247027861E-02
 0.28460172456466E-02
 0.27859565291178E-02
 0.27280399216095E-02
 0.26721699046251E-02
 0.26182543193864E-02
 0.25662254911043E-02
 0.25159611583295E-02
 0.24674029346781E-02
 0.24204766495107E-02
 0.23751118888281E-02
 0.23312418505654E-02
 0.22888031563386E-02
 0.22477355896932E-02
 0.22080016428645E-02
 0.21695071453489E-02
 0.21322207888669E-02
 0.20960933911701E-02
 0.20610782572527E-02
 0.20271309490524E-02
 0.19942091615517E-02
 0.19622726147842E-02
 0.19313025321021E-02
 0.19012225884482E-02
 0.18720181721013E-02
 0.18436559415136E-02
 0.18161041631278E-02
 0.17893325554805E-02
 0.17633122127226E-02
 0.17380355145429E-02
 0.17134357329935E-02
 0.16895079372068E-02
 0.16662279573966E-02
 0.16435730643065E-02
 0.16215210371597E-02
 0.16000507715810E-02
 0.15791420602134E-02
 0.15587954590322E-02
 0.15389522766826E-02
 0.15196148921122E-02
 0.15007663959992E-02
 0.14823904611593E-02
 0.14644712566958E-02
 0.14469941000246E-02
 0.14299444005836E-02
 0.14133281820032E-02
 0.13970920966227E-02
 0.13812434248823E-02
 0.13657700390884E-02
 0.13506601450699E-02
 0.13359024013945E-02
 0.13214857339172E-02
 0.13074000000385E-02
