 0.10897140158723E+00
 0.10897140158705E+00
 0.10897140158260E+00
 0.10897140155276E+00
 0.10897140144682E+00
 0.10897140118392E+00
 0.10897140065987E+00
 0.10897139975882E+00
 0.10897139839079E+00
 0.10897139660982E+00
 0.10897139488136E+00
 0.10897139453686E+00
 0.10897139839052E+00
 0.10897141143690E+00
 0.10897128160418E+00
 0.10897133990689E+00
 0.10897126461309E+00
 0.10897123595328E+00
 0.10897107593192E+00
 0.10897097229953E+00
 0.10897070367791E+00
 0.10897046634179E+00
 0.10896999872552E+00
 0.10896953044970E+00
 0.10896876884488E+00
 0.10896797191766E+00
 0.10896682738301E+00
 0.10896560650961E+00
 0.10896399245568E+00
 0.10896225457886E+00
 0.10896008785844E+00
 0.10895774802369E+00
 0.10895509240564E+00
 0.10895193640899E+00
 0.10894855308407E+00
 0.10894479704071E+00
 0.10894064668900E+00
 0.10893592668814E+00
 0.10893092420792E+00
 0.10892548789027E+00
 0.10891960006841E+00
 0.10891324741967E+00
 0.10890625743485E+00
 0.10889892226616E+00
 0.10889108538149E+00
 0.10888272932606E+00
 0.10887383914292E+00
 0.10886439890739E+00
 0.10885439152200E+00
 0.10884363927223E+00
 0.10883243146764E+00
 0.10882059852089E+00
 0.10880811431198E+00
 0.10879495278049E+00
 0.10878108564073E+00
 0.10876648195940E+00
 0.10875110803853E+00
 0.10873492722285E+00
 0.10871774735731E+00
 0.10869982409335E+00
 0.10868096594876E+00
 0.10866112101390E+00
 0.10864023501993E+00
 0.10861824963995E+00
 0.10859510228805E+00
 0.10857072594716E+00
 0.10854504896793E+00
 0.10851799495644E+00
 0.10848948253977E+00
 0.10845942518369E+00
 0.10842773102559E+00
 0.10839430276455E+00
 0.10835903733535E+00
 0.10832167458554E+00
 0.10828239802816E+00
 0.10824094053091E+00
 0.10819717395408E+00
 0.10815096368751E+00
 0.10810216895210E+00
 0.10805064203403E+00
 0.10799622808818E+00
 0.10793876494539E+00
 0.10787808287766E+00
 0.10781397412076E+00
 0.10774630808053E+00
 0.10767486588261E+00
 0.10759944541830E+00
 0.10751983616051E+00
 0.10743581837863E+00
 0.10734701554656E+00
 0.10725348173078E+00
 0.10715482608684E+00
 0.10705079037251E+00
 0.10694110696176E+00
 0.10682549809166E+00
 0.10670367531835E+00
 0.10657533939391E+00
 0.10644017838520E+00
 0.10629786953530E+00
 0.10614807903433E+00
 0.10599046008311E+00
 0.10582465374464E+00
 0.10565028767259E+00
 0.10546682821999E+00
 0.10527417103207E+00
 0.10507175847738E+00
 0.10485916461417E+00
 0.10463594990573E+00
 0.10440165939031E+00
 0.10415582500998E+00
 0.10389796377140E+00
 0.10362757591826E+00
 0.10334415105202E+00
 0.10304715897265E+00
 0.10273591021095E+00
 0.10241014357854E+00
 0.10206914621312E+00
 0.10171233381436E+00
 0.10133911169000E+00
 0.10094881736874E+00
 0.10054093872586E+00
 0.10011479924295E+00
 0.99669763985177E-01
 0.99205042987367E-01
 0.98720283155147E-01
 0.98214692053822E-01
 0.97687621457931E-01
 0.97138427400518E-01
 0.96566471736136E-01
 0.95971123111553E-01
 0.95351764472907E-01
 0.94707646545318E-01
 0.94038480843526E-01
 0.93343570960855E-01
 0.92622392604432E-01
 0.91874450718042E-01
 0.91099296772123E-01
 0.90296521077671E-01
 0.89465613218203E-01
 0.88606554144728E-01
 0.87718952625677E-01
 0.86802615756843E-01
 0.85857418793792E-01
 0.84883302568820E-01
 0.83880133484786E-01
 0.82848276443621E-01
 0.81787753058805E-01
 0.80698797138921E-01
 0.79581719192633E-01
 0.78436906773428E-01
 0.77264617500912E-01
 0.76065791503844E-01
 0.74840849817748E-01
 0.73590481532938E-01
 0.72315448567474E-01
 0.71016455704444E-01
 0.69694673837266E-01
 0.68350955594617E-01
 0.66986352535301E-01
 0.65601856429716E-01
 0.64198907662622E-01
 0.62778666686792E-01
 0.61342471867911E-01
 0.59891750020897E-01
 0.58427879820197E-01
 0.56952688636347E-01
 0.55467726824387E-01
 0.53974737881500E-01
 0.52475451275269E-01
 0.50972019684325E-01
 0.49466352907673E-01
 0.47960452948198E-01
 0.46456709792314E-01
 0.44957295924624E-01
 0.43464562760787E-01
 0.41980828735590E-01
 0.40508745177378E-01
 0.39050732675665E-01
 0.37609235962564E-01
 0.36186952120192E-01
 0.34786308134257E-01
 0.33409688002531E-01
 0.32059622649567E-01
 0.30738325098944E-01
 0.29447938525177E-01
 0.28190386531916E-01
 0.26967594536820E-01
 0.25781089917769E-01
 0.24632190300719E-01
 0.23522077651877E-01
 0.22451579325295E-01
 0.21421249297370E-01
 0.20431525432533E-01
 0.19482456998315E-01
 0.18573904804810E-01
 0.17705469356912E-01
 0.16876666643959E-01
 0.16086716395480E-01
 0.15334720181742E-01
 0.14619609312390E-01
 0.13940317855348E-01
 0.13295580709437E-01
 0.12684105446164E-01
 0.12104528486952E-01
 0.11555535546354E-01
 0.11035720923116E-01
 0.10543712147444E-01
 0.10078146678372E-01
 0.96376877000173E-02
 0.92210288171152E-02
 0.88269028738023E-02
 0.84540855634294E-02
 0.81013990091998E-02
 0.77677144750901E-02
 0.74519543208864E-02
 0.71530915512009E-02
 0.68701511753451E-02
 0.66022080925056E-02
 0.63483874654586E-02
 0.61078646349464E-02
 0.58798560796264E-02
 0.56636294302658E-02
 0.54584931118903E-02
 0.52638160363068E-02
 0.50789486749513E-02
 0.49033368623677E-02
 0.47364419921764E-02
 0.45777586496425E-02
 0.44268128256295E-02
 0.42831598540025E-02
 0.41463829289506E-02
 0.40160912938704E-02
 0.38919182919429E-02
 0.37735202877196E-02
 0.36605752135199E-02
 0.35527986271461E-02
 0.34498709107536E-02
 0.33515442039647E-02
 0.32575689605970E-02
 0.31677109847829E-02
 0.30817502195438E-02
 0.29994802223369E-02
 0.29207067820702E-02
 0.28452472719784E-02
 0.27729478865672E-02
 0.27036118520254E-02
 0.26371053062345E-02
 0.25732853403159E-02
 0.25120175076167E-02
 0.24531749382358E-02
 0.23966385060901E-02
 0.23422955151699E-02
 0.22900398018838E-02
 0.22397883091845E-02
 0.21914119282295E-02
 0.21448387827603E-02
 0.20999846176318E-02
 0.20567697231519E-02
 0.20151187276890E-02
 0.19749603731097E-02
 0.19362271579310E-02
 0.18988721231993E-02
 0.18628004975100E-02
 0.18279724844251E-02
 0.17943336767452E-02
 0.17618325881962E-02
 0.17304203425399E-02
 0.17000505754753E-02
 0.16706792641797E-02
 0.16422812573922E-02
 0.16147830221761E-02
 0.15881640345153E-02
 0.15623883127371E-02
 0.15374216988921E-02
 0.15132316821445E-02
 0.14897873244550E-02
 0.14670760274709E-02
 0.14450356456410E-02
 0.14236565558603E-02
 0.14029131999785E-02
 0.13827815078299E-02
 0.13632381361291E-02
 0.13442609295106E-02
 0.13258287347996E-02
 0.13079380588556E-02
 0.12905358957040E-02
 0.12736207100369E-02
 0.12571749675472E-02
 0.12411818012399E-02
 0.12256249416902E-02
 0.12104892213057E-02
 0.11957597222977E-02
 0.11814388976324E-02
 0.11674797007319E-02
 0.11538859053234E-02
 0.11406451820232E-02
 0.11277455868724E-02
 0.11151756785233E-02
 0.11029243259031E-02
 0.10909812748585E-02
