 0.10000000133514E-09
 0.10000000133514E-09
 0.10000000133514E-09
 0.10000000133514E-09
 0.10000000133514E-09
 0.10000000133514E-09
 0.10000000133514E-09
 0.10000000133514E-09
 0.10000000133514E-09
 0.10000000133514E-09
 0.10000000133514E-09
 0.10000000133514E-09
 0.10000000133514E-09
 0.10000000133514E-09
 0.10000000133514E-09
 0.10000000133514E-09
 0.10000000133514E-09
 0.10000000133514E-09
 0.10000000133514E-09
 0.10000000133514E-09
 0.10000000133514E-09
 0.10000000133514E-09
 0.10000000133514E-09
 0.10000000133514E-09
 0.10000000133514E-09
 0.10000000133514E-09
 0.10000000133514E-09
 0.10000000133514E-09
 0.15004431249648E-04
 0.15004431249648E-04
 0.29891732983137E-04
 0.40850130303798E-04
 0.54783393551184E-04
 0.72220765333510E-04
 0.93732690864649E-04
 0.11992754892559E-03
 0.15144869899822E-03
 0.18897097165775E-03
 0.23319800745202E-03
 0.28485812013210E-03
 0.34470183707672E-03
 0.41349896510560E-03
 0.49203555415402E-03
 0.58111304094041E-03
 0.68154450165905E-03
 0.79415328953596E-03
 0.91977193488343E-03
 0.10592403876816E-02
 0.12134052824591E-02
 0.13831181333444E-02
 0.15692372366631E-02
 0.17726228689113E-02
 0.19941394718240E-02
 0.22346547006704E-02
 0.24950392827824E-02
 0.27761669676937E-02
 0.30789142394259E-02
 0.34041608076728E-02
 0.37527880505091E-02
 0.41256778562264E-02
 0.45237207721728E-02
 0.49478053268018E-02
 0.53988245147583E-02
 0.58776752827802E-02
 0.63852594389197E-02
 0.69224810296854E-02
 0.74902492805699E-02
 0.80894779342393E-02
 0.87210856098025E-02
 0.93859976382556E-02
 0.10085147941286E-01
 0.10819477600342E-01
 0.11589935486637E-01
 0.12397476310508E-01
 0.13243064177481E-01
 0.14127672651299E-01
 0.15052301374149E-01
 0.16017946118072E-01
 0.17025622290479E-01
 0.18076358574076E-01
 0.19171198695788E-01
 0.20311201487114E-01
 0.21497451521764E-01
 0.22733256008043E-01
 0.24015616699515E-01
 0.25347616073940E-01
 0.26730425531573E-01
 0.28165236728433E-01
 0.29653283091957E-01
 0.31195802525447E-01
 0.32794076902941E-01
 0.34449414241482E-01
 0.36163161953172E-01
 0.37936699163313E-01
 0.39771426502900E-01
 0.41668799570966E-01
 0.43630300868692E-01
 0.45657448914923E-01
 0.47751816244755E-01
 0.49915008929825E-01
 0.52148674023303E-01
 0.54454497536063E-01
 0.56834224333979E-01
 0.59289601340049E-01
 0.61822490805933E-01
 0.64434716323104E-01
 0.67128216251554E-01
 0.69904912952740E-01
 0.72766810297083E-01
 0.75715911786125E-01
 0.78754272145911E-01
 0.81883997853896E-01
 0.85107172416668E-01
 0.88425999972778E-01
 0.91842572402383E-01
 0.95359067012019E-01
 0.98977629304721E-01
 0.10270044809971E+00
 0.10652962994057E+00
 0.11046850224123E+00
 0.11451685019595E+00
 0.11867776061153E+00
 0.12295316526903E+00
 0.12734488370117E+00
 0.13185464801696E+00
 0.13648407992296E+00
 0.14123462237543E+00
 0.14610752349987E+00
 0.15110382214546E+00
 0.15622437515674E+00
 0.16146976042527E+00
 0.16684024634910E+00
 0.17233585515189E+00
 0.17795621377076E+00
 0.18370059684293E+00
 0.18956797591339E+00
 0.19555679868849E+00
 0.20166516168306E+00
 0.20789070240705E+00
 0.21423065622010E+00
 0.22068174142640E+00
 0.22724029172064E+00
 0.23390214000876E+00
 0.24066271386864E+00
 0.24751700591932E+00
 0.25445967213375E+00
 0.26148495116784E+00
 0.26858674364751E+00
 0.27575869179454E+00
 0.28299418047495E+00
 0.29028716360199E+00
 0.29762913349107E+00
 0.30501375490289E+00
 0.31243387565477E+00
 0.31988235450072E+00
 0.32735200670955E+00
 0.33483581391036E+00
 0.34232684425136E+00
 0.34981830173300E+00
 0.35730360709785E+00
 0.36477641094668E+00
 0.37223043771829E+00
 0.37965977354988E+00
 0.38705872312236E+00
 0.39442185209550E+00
 0.40174397398671E+00
 0.40902021368484E+00
 0.41624600594984E+00
 0.42341699174895E+00
 0.43052911779347E+00
 0.43757854967999E+00
 0.44456173293436E+00
 0.45147533778107E+00
 0.45831629297563E+00
 0.46508172578147E+00
 0.47176899347299E+00
 0.47837569308762E+00
 0.48489961140001E+00
 0.49133874565573E+00
 0.49769133590528E+00
 0.50395584790044E+00
 0.51013092340963E+00
 0.51621548316794E+00
 0.52220865507776E+00
 0.52810979832382E+00
 0.53391846819114E+00
 0.53963450622492E+00
 0.54525792014848E+00
 0.55078875453098E+00
 0.55622816360670E+00
 0.56157653622109E+00
 0.56683480732799E+00
 0.57200413590362E+00
 0.57708583937484E+00
 0.58208138603288E+00
 0.58699237007598E+00
 0.59182052012922E+00
 0.59656764351230E+00
 0.60123562015651E+00
 0.60582651546090E+00
 0.61034202669558E+00
 0.61478425600509E+00
 0.61915517011598E+00
 0.62345672770597E+00
 0.62769084937853E+00
 0.63185942297319E+00
 0.63596429203389E+00
 0.64000724282368E+00
 0.64399000939226E+00
 0.64791426348999E+00
 0.65178161559140E+00
 0.65559361170998E+00
 0.65935174089134E+00
 0.66305742360055E+00
 0.66671201746549E+00
 0.67031682879997E+00
 0.67387309457399E+00
 0.67738200668865E+00
 0.68084470501605E+00
 0.68426213618817E+00
 0.68763562257896E+00
 0.69096600235308E+00
 0.69425421891284E+00
 0.69750118546593E+00
 0.70070777854914E+00
 0.70387482387800E+00
 0.70700311822311E+00
 0.71009343108641E+00
 0.71314650228499E+00
 0.71616304831776E+00
 0.71914374774136E+00
 0.72208925816774E+00
 0.72500021639932E+00
 0.72787724023173E+00
 0.73072091755726E+00
 0.73353182607371E+00
 0.73631051995912E+00
 0.73905753991552E+00
 0.74177340772119E+00
 0.74445863155963E+00
 0.74711370543906E+00
 0.74973910612357E+00
 0.75233530132650E+00
 0.75490274543090E+00
 0.75744188100368E+00
 0.75995313731987E+00
 0.76243693877323E+00
 0.76489369365443E+00
 0.76732380533563E+00
 0.76972766402575E+00
 0.77210565300089E+00
 0.77445814718707E+00
 0.77678551423711E+00
 0.77908811092994E+00
 0.78136629106574E+00
 0.78362039811628E+00
 0.78585076919729E+00
 0.78805773504174E+00
 0.79024162175011E+00
 0.79240274269542E+00
 0.79454141576690E+00
 0.79665794368640E+00
 0.79875262634872E+00
 0.80082576186003E+00
 0.80287763771421E+00
 0.80490853802981E+00
 0.80691874275009E+00
 0.80890852839210E+00
 0.81087816459676E+00
 0.81282791658322E+00
 0.81475804383188E+00
 0.81666880390709E+00
 0.81856044894484E+00
 0.82043322756980E+00
 0.82228738145225E+00
 0.82412315259986E+00
 0.82594077639074E+00
 0.82774048639896E+00
 0.82952250990143E+00
 0.83128707171126E+00
 0.83303439325450E+00
 0.83476469319521E+00
 0.83647818507737E+00
 0.83817508089344E+00
 0.83985558796153E+00
 0.84151991113101E+00
 0.84316825136561E+00
 0.84480080780320E+00
 0.84641777526733E+00
 0.84801934729046E+00
 0.84960571157511E+00
 0.85117705611240E+00
 0.85273356491221E+00
 0.85427541871940E+00
 0.85580279555390E+00
 0.85731587132126E+00
 0.85881481922275E+00
 0.86029980999594E+00
 0.86177101165700E+00
 0.86322859020272E+00
