 0.10000000133514E-09
 0.10000000133514E-09
 0.10000000133514E-09
 0.10000000133514E-09
 0.10000000133514E-09
 0.10000000133514E-09
 0.10000000133514E-09
 0.10000000133514E-09
 0.10000000133514E-09
 0.10000000133514E-09
 0.10000000133514E-09
 0.10000000133514E-09
 0.10000000133514E-09
 0.10000000133514E-09
 0.10000000133514E-09
 0.10000000133514E-09
 0.10000000133514E-09
 0.10000000133514E-09
 0.10000000133514E-09
 0.10000000133514E-09
 0.10000000133514E-09
 0.10000000133514E-09
 0.10000000133514E-09
 0.10000000133514E-09
 0.10000000133514E-09
 0.10000000133514E-09
 0.10000000133514E-09
 0.10000000133514E-09
 0.14943416241284E-03
 0.14943416241284E-03
 0.25661049614754E-03
 0.32784938855477E-03
 0.41271573824145E-03
 0.51261392266662E-03
 0.62894419632095E-03
 0.76309056361414E-03
 0.91641534495356E-03
 0.10902521644924E-02
 0.12859054064158E-02
 0.15046418230941E-02
 0.17476923612059E-02
 0.20162508802442E-02
 0.23114722746749E-02
 0.26344804137058E-02
 0.29863614142912E-02
 0.33681679702896E-02
 0.37809234406463E-02
 0.42256223309623E-02
 0.47032342560543E-02
 0.52147029688087E-02
 0.57609587440265E-02
 0.63429048649975E-02
 0.69614300972591E-02
 0.76174085445296E-02
 0.83117020588084E-02
 0.90451624424272E-02
 0.98186325396924E-02
 0.10632949420877E-01
 0.11488940995447E-01
 0.12387423984291E-01
 0.13329229175975E-01
 0.14315170028684E-01
 0.15346062843126E-01
 0.16422725271366E-01
 0.17545978925926E-01
 0.18716642329952E-01
 0.19935538890783E-01
 0.21203494967006E-01
 0.22521340583522E-01
 0.23889913891473E-01
 0.25310064950168E-01
 0.26782651504359E-01
 0.28308539875209E-01
 0.29888600120574E-01
 0.31523713384427E-01
 0.33214771207480E-01
 0.34962712393979E-01
 0.36768453563513E-01
 0.38632941810865E-01
 0.40557138517625E-01
 0.42542022373652E-01
 0.44588588981592E-01
 0.46697870857519E-01
 0.48875087229744E-01
 0.51113489468147E-01
 0.53417861582010E-01
 0.55789332986369E-01
 0.58229051920080E-01
 0.60738223073883E-01
 0.63318036393600E-01
 0.65969741309632E-01
 0.68694607851284E-01
 0.71493952487442E-01
 0.74369120961386E-01
 0.77321466231043E-01
 0.80352409762770E-01
 0.83463387657741E-01
 0.86655863882403E-01
 0.89931361188899E-01
 0.93291423921570E-01
 0.96737625898767E-01
 0.10027156621612E+00
 0.10389490088238E+00
 0.10760924488931E+00
 0.11141635738348E+00
 0.11531788940562E+00
 0.11931562719680E+00
 0.12341128043630E+00
 0.12760663588214E+00
 0.13190342468625E+00
 0.13630340435681E+00
 0.14080835858477E+00
 0.14541997222011E+00
 0.15014005671546E+00
 0.15497019204077E+00
 0.15991201977878E+00
 0.16496708016993E+00
 0.17013690529762E+00
 0.17542284590741E+00
 0.18082797226430E+00
 0.18635009654374E+00
 0.19199183016018E+00
 0.19775401802650E+00
 0.20363728618078E+00
 0.20964208707663E+00
 0.21576866052418E+00
 0.22201695040335E+00
 0.22838658860841E+00
 0.23487688363526E+00
 0.24148686451591E+00
 0.24821516594880E+00
 0.25505999294653E+00
 0.26201922105418E+00
 0.26909021238041E+00
 0.27626989187812E+00
 0.28355482225916E+00
 0.29094093980732E+00
 0.29842379783752E+00
 0.30599844680670E+00
 0.31365952335499E+00
 0.32140113003627E+00
 0.32921702001430E+00
 0.33710047298400E+00
 0.34504442775434E+00
 0.35304147733954E+00
 0.36108398437662E+00
 0.36916401463330E+00
 0.37727344471506E+00
 0.38540405749312E+00
 0.39354755915361E+00
 0.40169647941434E+00
 0.40984088957879E+00
 0.41797345540962E+00
 0.42608618143325E+00
 0.43417128975249E+00
 0.44222118896484E+00
 0.45022867036537E+00
 0.45818683003277E+00
 0.46608911283444E+00
 0.47392934796150E+00
 0.48170179949571E+00
 0.48940098932261E+00
 0.49702195368996E+00
 0.50456011910081E+00
 0.51201130685684E+00
 0.51937175433036E+00
 0.52663809137624E+00
 0.53380734340701E+00
 0.54087688981433E+00
 0.54784447897128E+00
 0.55470816604040E+00
 0.56146635463435E+00
 0.56811773989822E+00
 0.57466130787099E+00
 0.58109631838773E+00
 0.58742228061579E+00
 0.59363897475070E+00
 0.59974638732831E+00
 0.60574473373867E+00
 0.61163446257843E+00
 0.61741623442016E+00
 0.62309087909601E+00
 0.62865945573368E+00
 0.63412315964203E+00
 0.63948339090540E+00
 0.64474165652760E+00
 0.64989967083773E+00
 0.65495924487114E+00
 0.65992215269429E+00
 0.66479087036305E+00
 0.66956732804328E+00
 0.67425374985270E+00
 0.67885245142783E+00
 0.68336577269922E+00
 0.68779608184952E+00
 0.69214574282323E+00
 0.69641713093929E+00
 0.70061259137717E+00
 0.70473443699848E+00
 0.70878501262160E+00
 0.71276638025395E+00
 0.71668075932645E+00
 0.72053022572926E+00
 0.72431678650091E+00
 0.72804236416622E+00
 0.73170881416844E+00
 0.73531789785676E+00
 0.73887130209412E+00
 0.74237063901356E+00
 0.74581744177182E+00
 0.74921317127841E+00
 0.75255921636558E+00
 0.75585690188718E+00
 0.75910748410137E+00
 0.76231215739671E+00
 0.76547206377757E+00
 0.76858828292941E+00
 0.77166184956733E+00
 0.77469375394456E+00
 0.77768487847812E+00
 0.78063623892761E+00
 0.78354863117770E+00
 0.78642287503204E+00
 0.78925976383029E+00
 0.79206005959139E+00
 0.79482448316241E+00
 0.79755373266936E+00
 0.80024848233596E+00
 0.80290938314769E+00
 0.80553706560682E+00
 0.80813213175772E+00
 0.81069516604084E+00
 0.81322673580266E+00
 0.81572739179837E+00
 0.81819766322270E+00
 0.82063806876501E+00
 0.82304910945910E+00
 0.82543127413169E+00
 0.82778503694695E+00
 0.83011086086845E+00
 0.83240919666989E+00
 0.83468048173918E+00
 0.83692514475641E+00
 0.83914360408113E+00
 0.84133626757235E+00
 0.84350353292900E+00
 0.84564579194132E+00
 0.84776342403841E+00
 0.84985680333190E+00
 0.85192629361193E+00
 0.85397225194352E+00
 0.85599502825670E+00
 0.85799496540165E+00
 0.85997239817022E+00
 0.86192765674078E+00
 0.86386106320659E+00
 0.86577293388183E+00
 0.86766357897768E+00
 0.86953330377260E+00
 0.87138240445994E+00
 0.87321117731315E+00
 0.87501990841191E+00
 0.87680887993596E+00
 0.87857837069754E+00
 0.88032865205995E+00
 0.88205999126543E+00
 0.88377265157243E+00
 0.88546689211173E+00
 0.88714296660555E+00
 0.88880112429081E+00
 0.89044160981127E+00
 0.89206466448092E+00
 0.89367052523766E+00
 0.89525942517952E+00
 0.89683159226560E+00
 0.89838725240820E+00
 0.89992662689483E+00
 0.90144993402748E+00
 0.90295738732030E+00
 0.90444919739011E+00
 0.90592557150206E+00
 0.90738671377653E+00
 0.90883282436438E+00
 0.91026410109964E+00
 0.91168073777030E+00
 0.91308292559960E+00
 0.91447085227104E+00
 0.91584470300922E+00
 0.91720465969730E+00
 0.91855090160436E+00
 0.91988360517669E+00
 0.92120294421571E+00
 0.92250908981081E+00
 0.92380220996249E+00
 0.92508246983214E+00
 0.92635003285447E+00
 0.92760505952005E+00
 0.92884770795617E+00
 0.93007813380199E+00
 0.93129649055096E+00
