 0.00000000000000E+00
 0.00000000000000E+00
 0.00000000000000E+00
 0.00000000000000E+00
 0.10949492519083E-35
 0.23236046460822E-31
 0.28622751237671E-28
 0.59514626907551E-26
 0.37795927267510E-24
 0.10464120580945E-22
 0.15839178708214E-21
 0.15243758702578E-20
 0.10355401854040E-19
 0.53502755623536E-19
 0.22207315756810E-18
 0.77153040567535E-18
 0.23152034764221E-17
 0.61491943986450E-17
 0.14738989486499E-16
 0.32393149171316E-16
 0.66219710352339E-16
 0.12792523001008E-15
 0.23912047014856E-15
 0.45050043454413E-15
 0.90951233192465E-15
 0.20776312177169E-14
 0.53609448197966E-14
 0.14774721117382E-13
 0.50316625740755E-09
 0.71000712738779E-09
 0.19519354060847E-08
 0.36087020514801E-08
 0.64293825151767E-08
 0.11075630369751E-07
 0.18502362940401E-07
 0.30052655040335E-07
 0.47571728407159E-07
 0.73541490451088E-07
 0.11123589960028E-06
 0.16489898502292E-06
 0.23994431709418E-06
 0.34317690666059E-06
 0.48303756038753E-06
 0.66986553593461E-06
 0.91618813537474E-06
 0.12370237938587E-05
 0.16502084086168E-05
 0.21767382240296E-05
 0.28411313061526E-05
 0.36718104655821E-05
 0.47014746518429E-05
 0.59675344749024E-05
 0.75125153492200E-05
 0.93844946200507E-05
 0.11637547190344E-04
 0.14332202350949E-04
 0.17535909339650E-04
 0.21323516093677E-04
 0.25777793296113E-04
 0.30989729202131E-04
 0.37059346618234E-04
 0.44095968889874E-04
 0.52218811023374E-04
 0.61557492983405E-04
 0.72252569870570E-04
 0.84456027423509E-04
 0.98331837772209E-04
 0.11405648241219E-03
 0.13181948801075E-03
 0.15182398832740E-03
 0.17428729861099E-03
 0.19944144385240E-03
 0.22753371829398E-03
 0.25882765514746E-03
 0.29360188497299E-03
 0.33215323093591E-03
 0.37479605314315E-03
 0.42186254868580E-03
 0.47370386199057E-03
 0.53069054602738E-03
 0.59321321652600E-03
 0.66168317371813E-03
 0.73653337504045E-03
 0.81829444324424E-03
 0.90730720773223E-03
 0.10041366105086E-02
 0.11093088455859E-02
 0.12233751367013E-02
 0.13469133946022E-02
 0.14805298026314E-02
 0.16248522947308E-02
 0.17805437729871E-02
 0.19482951928993E-02
 0.21288282029485E-02
 0.23228955470817E-02
 0.25312838708405E-02
 0.27548133160129E-02
 0.29943391169623E-02
 0.32507538361722E-02
 0.35249873945803E-02
 0.38180087680731E-02
 0.41308271442190E-02
 0.44644947104374E-02
 0.48201105915065E-02
 0.51988047255956E-02
 0.56017659124265E-02
 0.60302302828974E-02
 0.64854786618113E-02
 0.69688461458293E-02
 0.74817168032235E-02
 0.80255296944361E-02
 0.86017811096838E-02
 0.92120187173398E-02
 0.98578576238668E-02
 0.10540971365030E-01
 0.11263063833581E-01
 0.12025931296137E-01
 0.12831424853451E-01
 0.13681449333138E-01
 0.14578123656633E-01
 0.15523200833534E-01
 0.16518898895124E-01
 0.17567364016281E-01
 0.18670814217967E-01
 0.19831468547350E-01
 0.21051652651222E-01
 0.22333717501662E-01
 0.23680052653026E-01
 0.25093082104609E-01
 0.26575266121525E-01
 0.28129083626994E-01
 0.29757048649874E-01
 0.31461616082291E-01
 0.33245299114806E-01
 0.35110573823343E-01
 0.37059904985644E-01
 0.39095699184895E-01
 0.41220327048992E-01
 0.43436125857560E-01
 0.45745278247724E-01
 0.48149958496476E-01
 0.50652230172163E-01
 0.53254039702822E-01
 0.55957223348116E-01
 0.58763523499011E-01
 0.61674460898105E-01
 0.64691502961663E-01
 0.67815939978791E-01
 0.71048918691088E-01
 0.74391430744922E-01
 0.77844541223119E-01
 0.81408481815552E-01
 0.85083992452267E-01
 0.88871432310047E-01
 0.92771010759169E-01
 0.96782787672920E-01
 0.10090658192606E+00
 0.10514213694684E+00
 0.10948899200557E+00
 0.11394654942670E+00
 0.11851392678952E+00
 0.12319009560925E+00
 0.12797381791120E+00
 0.13286360264543E+00
 0.13785773932911E+00
 0.14295412950062E+00
 0.14815047814578E+00
 0.15344413489582E+00
 0.15883209146491E+00
 0.16431085222252E+00
 0.16987657089284E+00
 0.17552493593431E+00
 0.18125103738669E+00
 0.18704952928620E+00
 0.19291445557639E+00
 0.19883931402978E+00
 0.20481693794681E+00
 0.21083962936180E+00
 0.21689911071821E+00
 0.22298647644474E+00
 0.22909238102404E+00
 0.23520700491770E+00
 0.24132008697228E+00
 0.24742111480186E+00
 0.25349937571140E+00
 0.25954406905637E+00
 0.26554441030696E+00
 0.27148981896986E+00
 0.27736994418118E+00
 0.28317511860393E+00
 0.28889593795944E+00
 0.29452375954097E+00
 0.30005065457411E+00
 0.30546953758403E+00
 0.31077415776212E+00
 0.31595916191151E+00
 0.32102007126913E+00
 0.32595331581905E+00
 0.33075617927097E+00
 0.33542795316884E+00
 0.33996519346929E+00
 0.34436862639185E+00
 0.34863849416325E+00
 0.35277563196800E+00
 0.35678137395374E+00
 0.36065752725583E+00
 0.36440627404553E+00
 0.36803012583293E+00
 0.37153186114175E+00
 0.37491447686298E+00
 0.37818113635515E+00
 0.38133512874806E+00
 0.38437983360288E+00
 0.38731868302065E+00
 0.39015513385816E+00
 0.39289264510616E+00
 0.39553465290556E+00
 0.39808456024025E+00
 0.40054571358527E+00
 0.40292138145220E+00
 0.40521480008959E+00
 0.40742907902654E+00
 0.40956725746949E+00
 0.41163227976410E+00
 0.41362700227285E+00
 0.41555417707364E+00
 0.41741646230591E+00
 0.41921642042437E+00
 0.42095651580650E+00
 0.42263911938011E+00
 0.42426650740949E+00
 0.42584086454806E+00
 0.42736428867386E+00
 0.42883878979325E+00
 0.43026629335062E+00
 0.43164864450741E+00
 0.43298761127484E+00
 0.43428488616983E+00
 0.43554208850109E+00
 0.43676076743889E+00
 0.43794240653565E+00
 0.43908842390878E+00
 0.44020017841665E+00
 0.44127896901680E+00
 0.44232603902409E+00
 0.44334257708982E+00
 0.44432972145525E+00
 0.44528856164962E+00
 0.44622013995937E+00
 0.44712545417053E+00
 0.44800545919622E+00
 0.44886106970645E+00
 0.44969316135236E+00
 0.45050257245267E+00
 0.45129010755931E+00
 0.45205653618778E+00
 0.45280259578338E+00
 0.45352899344023E+00
 0.45423640708030E+00
 0.45492548663364E+00
 0.45559685580466E+00
 0.45625111248871E+00
 0.45688883108382E+00
 0.45751056194984E+00
 0.45811683388940E+00
 0.45870815460392E+00
 0.45928501174048E+00
 0.45984787375022E+00
 0.46039719071001E+00
 0.46093339518485E+00
 0.46145690323318E+00
 0.46196811449842E+00
 0.46246741359383E+00
 0.46295517056396E+00
 0.46343174147704E+00
 0.46389746890436E+00
 0.46435268272238E+00
 0.46479770053782E+00
 0.46523282826511E+00
 0.46565836059816E+00
 0.46607458159000E+00
 0.46648176492639E+00
 0.46688017445521E+00
 0.46727006460231E+00
 0.46765168084787E+00
 0.46802525972513E+00
 0.46839102975291E+00
 0.46874921132630E+00
 0.46910001726361E+00
 0.46944365303469E+00
 0.46978031706774E+00
 0.47011020098705E+00
 0.47043349013517E+00
 0.47075036324051E+00
 0.47106099335689E+00
 0.47136554767756E+00
 0.47166418790674E+00
 0.47195707043655E+00
 0.47224434652890E+00
 0.47252616253474E+00
