                  NaN
                  NaN
                  NaN
                  NaN
 0.83408831098647E+42
 0.18521473945404E+34
 0.12206109599345E+28
 0.28232711263750E+23
 0.70001929074352E+19
 0.91326023141272E+16
 0.39859761862287E+14
 0.43034413276598E+12
 0.93253706835893E+10
 0.34933952164946E+09
 0.20277198475153E+08
 0.16799436745533E+07
 0.18656438013544E+06
 0.26449227522652E+05
 0.46062538154455E+04
 0.95600041361584E+03
 0.23103551369233E+03
 0.64060402025474E+02
 0.20344254437378E+02
 0.75474939761638E+01
 0.34165071869671E+01
 0.19628367886609E+01
 0.14106425974831E+01
 0.11861040405529E+01
 0.13372184841844E+05
 0.67228453903494E+04
 0.70366450581871E+04
 0.52597995058455E+04
 0.40015761161630E+04
 0.30938324426445E+04
 0.24276826484483E+04
 0.19310740484459E+04
 0.15554572310451E+04
 0.12675220860819E+04
 0.10440628374466E+04
 0.86863337675307E+03
 0.72943168382368E+03
 0.61787247604959E+03
 0.52763036723126E+03
 0.45400088388516E+03
 0.39343441864487E+03
 0.34323261128225E+03
 0.30132342103911E+03
 0.26610117916699E+03
 0.23631115894432E+03
 0.21096399157288E+03
 0.18927711365222E+03
 0.17062230948956E+03
 0.15449476292711E+03
 0.14048556271883E+03
 0.12826145021819E+03
 0.11754924020576E+03
 0.10812373787134E+03
 0.99798342110363E+02
 0.92417283028601E+02
 0.85851091015421E+02
 0.79990151916922E+02
 0.74742081180580E+02
 0.70028569593346E+02
 0.65782951333191E+02
 0.61948256561540E+02
 0.58475592218605E+02
 0.55322872185915E+02
 0.52453736437571E+02
 0.49836668607900E+02
 0.47444271381113E+02
 0.45252659582548E+02
 0.43240937918831E+02
 0.41390775031761E+02
 0.39685920805625E+02
 0.38112382997276E+02
 0.36657462694491E+02
 0.35310043588497E+02
 0.34060208417960E+02
 0.32899140046969E+02
 0.31818965756567E+02
 0.30812642190248E+02
 0.29873853154175E+02
 0.28996935337949E+02
 0.28179366362274E+02
 0.27411487396670E+02
 0.26691609078602E+02
 0.26015967216840E+02
 0.25381142538043E+02
 0.24784039740916E+02
 0.24221765246819E+02
 0.23691855040633E+02
 0.23191894484132E+02
 0.22719728706976E+02
 0.22273379866215E+02
 0.21851023380425E+02
 0.21450989615664E+02
 0.21071733292274E+02
 0.20711825223041E+02
 0.20369948494427E+02
 0.20044878409258E+02
 0.19735476198120E+02
 0.19440680123859E+02
 0.19159504265547E+02
 0.18890978366256E+02
 0.18634318335262E+02
 0.18388661861247E+02
 0.18153249439517E+02
 0.17927349528799E+02
 0.17710279325530E+02
 0.17501382348525E+02
 0.17300037789424E+02
 0.17105656508827E+02
 0.16917665794115E+02
 0.16735532832337E+02
 0.16558697345255E+02
 0.16386708126113E+02
 0.16219048336033E+02
 0.16055248441931E+02
 0.15894843609109E+02
 0.15737526285764E+02
 0.15582587867380E+02
 0.15429732418255E+02
 0.15278541602417E+02
 0.15128584405121E+02
 0.14979500187324E+02
 0.14830879648153E+02
 0.14682339379370E+02
 0.14533503924320E+02
 0.14384007366226E+02
 0.14233497758339E+02
 0.14081633057172E+02
 0.13928067007355E+02
 0.13772517618805E+02
 0.13614669555435E+02
 0.13454241277017E+02
 0.13290974935161E+02
 0.13124628909969E+02
 0.12954989166567E+02
 0.12781854936876E+02
 0.12605091201044E+02
 0.12424555453513E+02
 0.12240151528322E+02
 0.12051815373833E+02
 0.11859519044077E+02
 0.11663261274517E+02
 0.11463106299255E+02
 0.11259127099169E+02
 0.11051442064816E+02
 0.10840206704008E+02
 0.10625611447513E+02
 0.10407882738762E+02
 0.10187269326408E+02
 0.99640586831589E+01
 0.97385616204418E+01
 0.95111116315404E+01
 0.92820577051566E+01
 0.90517805724090E+01
 0.88206601124184E+01
 0.85890905452770E+01
 0.83574691870242E+01
 0.81262085957915E+01
 0.78957102227532E+01
 0.76663765327670E+01
 0.74386057909386E+01
 0.72127855190835E+01
 0.69893022467822E+01
 0.67685219589609E+01
 0.65507994454431E+01
 0.63364728283103E+01
 0.61258696790276E+01
 0.59192930860069E+01
 0.57170275592392E+01
 0.55193423307995E+01
 0.53264801556367E+01
 0.51386642352971E+01
 0.49560933567973E+01
 0.47789462434294E+01
 0.46073742409099E+01
 0.44415040072353E+01
 0.42814397747961E+01
 0.41272572484000E+01
 0.39790065948876E+01
 0.38367141610621E+01
 0.37003786871421E+01
 0.35699739635462E+01
 0.34454490962847E+01
 0.33267305986152E+01
 0.32137215134674E+01
 0.31063049837934E+01
 0.30043427399473E+01
 0.29076824359952E+01
 0.28161558336163E+01
 0.27295830303720E+01
 0.26477735342967E+01
 0.25705298997610E+01
 0.24976494188070E+01
 0.24289270127613E+01
 0.23641565124981E+01
 0.23031330790654E+01
 0.22456382354393E+01
 0.21915071746757E+01
 0.21405313396946E+01
 0.20925249521901E+01
 0.20473093055761E+01
 0.20047136128162E+01
 0.19645748914940E+01
 0.19267385318431E+01
 0.18910582116828E+01
 0.18573959054827E+01
 0.18256216944452E+01
 0.17956136083065E+01
 0.17672573317107E+01
 0.17404458758670E+01
 0.17150792823603E+01
 0.16910642609359E+01
 0.16683138101101E+01
 0.16467468795351E+01
 0.16262879516326E+01
 0.16068667686964E+01
 0.15884180549472E+01
 0.15708807449767E+01
 0.15541983805994E+01
 0.15383183066050E+01
 0.15231915629415E+01
 0.15087725382039E+01
 0.14950188369986E+01
 0.14818909689890E+01
 0.14693521464625E+01
 0.14573681099604E+01
 0.14459069159628E+01
 0.14349387859673E+01
 0.14244359418354E+01
 0.14143724400685E+01
 0.14047240615268E+01
 0.13954681810519E+01
 0.13865836409068E+01
 0.13780506413661E+01
 0.13698506502505E+01
 0.13619663157914E+01
 0.13543813809168E+01
 0.13470805931111E+01
 0.13400496505687E+01
 0.13332751124324E+01
 0.13267443602144E+01
 0.13204455289082E+01
 0.13143674655354E+01
 0.13084996678737E+01
 0.13028322442037E+01
 0.12973558768719E+01
 0.12920617802026E+01
 0.12869416674743E+01
 0.12819877142613E+01
 0.12771925316357E+01
 0.12725491396569E+01
 0.12680509285240E+01
 0.12636916532641E+01
 0.12594654022374E+01
 0.12553665745934E+01
 0.12513898622732E+01
 0.12475302339512E+01
 0.12437829134106E+01
 0.12401433710354E+01
 0.12366073008439E+01
 0.12331706164735E+01
 0.12298294315456E+01
 0.12265800498539E+01
 0.12234189542516E+01
 0.12203427961515E+01
 0.12173483869432E+01
 0.12144326881771E+01
 0.12115928024272E+01
 0.12088259681070E+01
 0.12061295492065E+01
 0.12035010290117E+01
 0.12009380047057E+01
 0.11984381804992E+01
 0.11959993623453E+01
 0.11936194520255E+01
 0.11912964428275E+01
 0.11890284143357E+01
 0.11868135275581E+01
 0.11846500215689E+01
 0.11825362096362E+01
 0.11804704748153E+01
 0.11784512664097E+01
 0.11764770985955E+01
 0.11745465442349E+01
 0.11726582340884E+01
 0.11708108534715E+01
 0.11690031390996E+01
 0.11672338785634E+01
 0.11655019054638E+01
 0.11638060978111E+01
 0.11621453785476E+01
 0.11605187097385E+01
 0.11589250933267E+01
 0.11573635681327E+01
 0.11558332086034E+01
 0.11543331233900E+01
 0.11528624535843E+01
