                  NaN
                  NaN
                  NaN
                  NaN
 0.10000000133514E-09
 0.10000000133514E-09
 0.10000000133514E-09
 0.10000000133514E-09
 0.10000000133514E-09
 0.10000000133517E-09
 0.10000000133562E-09
 0.10000000133995E-09
 0.10000000137693E-09
 0.10000000178191E-09
 0.10000000693301E-09
 0.10000006317558E-09
 0.10000054429163E-09
 0.10000380075448E-09
 0.10002175988216E-09
 0.10010481051248E-09
 0.10043491548533E-09
 0.10158616633142E-09
 0.10517021238869E-09
 0.11527437204854E-09
 0.14138477161318E-09
 0.20386599782661E-09
 0.34353685335096E-09
 0.63737817802058E-09
 0.15016072257798E-04
 0.15021502509414E-04
 0.29931409292781E-04
 0.40919349088074E-04
 0.54900217790770E-04
 0.72412075748134E-04
 0.94037460714577E-04
 0.12040096161391E-03
 0.15216721977160E-03
 0.19003848525730E-03
 0.23475311438312E-03
 0.28708269929227E-03
 0.34783094202935E-03
 0.41783212825380E-03
 0.49794956300413E-03
 0.58907617645065E-03
 0.69213236254916E-03
 0.80806611676091E-03
 0.93785349094031E-03
 0.10824983583881E-02
 0.12430331878861E-02
 0.14205187803422E-02
 0.16160473210014E-02
 0.18307393232740E-02
 0.20657468971927E-02
 0.23222540984345E-02
 0.26014779726305E-02
 0.29046696203281E-02
 0.32331149397614E-02
 0.35881360996754E-02
 0.39710912738534E-02
 0.43833724233287E-02
 0.48264170988313E-02
 0.53016963080041E-02
 0.58107222423247E-02
 0.63550482504254E-02
 0.69362702427180E-02
 0.75560242601018E-02
 0.82159898883018E-02
 0.89178897858093E-02
 0.96634902330396E-02
 0.10454603235022E-01
 0.11293088645319E-01
 0.12180852657535E-01
 0.13119848467410E-01
 0.14112077331568E-01
 0.15159579658985E-01
 0.16264453259971E-01
 0.17428860002599E-01
 0.18654995080399E-01
 0.19945112947554E-01
 0.21301519972821E-01
 0.22726576147612E-01
 0.24222694863450E-01
 0.25792354713953E-01
 0.27440616851728E-01
 0.29165365467321E-01
 0.30971463607140E-01
 0.32861629382082E-01
 0.34838637978339E-01
 0.36905346269201E-01
 0.39064661167431E-01
 0.41319536594542E-01
 0.43673023104439E-01
 0.46128236893232E-01
 0.48688361085774E-01
 0.51356632324816E-01
 0.54136380437437E-01
 0.57030993501278E-01
 0.60043927641698E-01
 0.63178727774531E-01
 0.66439001363031E-01
 0.69828425646001E-01
 0.73350743394194E-01
 0.77009785830049E-01
 0.80809427987952E-01
 0.84753615383982E-01
 0.88846334444458E-01
 0.93091693108074E-01
 0.97493779278072E-01
 0.10205678048716E+00
 0.10678487526447E+00
 0.11168229421348E+00
 0.11675331712097E+00
 0.12200216831011E+00
 0.12743319815604E+00
 0.13305062003983E+00
 0.13885857647444E+00
 0.14486124827527E+00
 0.15106276666720E+00
 0.15746708366872E+00
 0.16407969155619E+00
 0.17090128444379E+00
 0.17793683680165E+00
 0.18518967351369E+00
 0.19266290170187E+00
 0.20035919347759E+00
 0.20828109132784E+00
 0.21643067374065E+00
 0.22480957523612E+00
 0.23341895301313E+00
 0.24225950912061E+00
 0.25133134811441E+00
 0.26063399394428E+00
 0.27016617930329E+00
 0.27992605382590E+00
 0.28991095843457E+00
 0.30011755032296E+00
 0.31054150207494E+00
 0.32117773135538E+00
 0.33202033467680E+00
 0.34306235662478E+00
 0.35429609849303E+00
 0.36571300498183E+00
 0.37730359548361E+00
 0.38905760515111E+00
 0.40096404617925E+00
 0.41301104382016E+00
 0.42518621182667E+00
 0.43747648910120E+00
 0.44986833319079E+00
 0.46234775330682E+00
 0.47490144480843E+00
 0.48751273853391E+00
 0.50016786946779E+00
 0.51285195876680E+00
 0.52555015440017E+00
 0.53824764545915E+00
 0.55092968635652E+00
 0.56358188727411E+00
 0.57619005162102E+00
 0.58874037634445E+00
 0.60121925625516E+00
 0.61361345355261E+00
 0.62591020360533E+00
 0.63809709238223E+00
 0.65016216217811E+00
 0.66209369528580E+00
 0.67388055635753E+00
 0.68551198707401E+00
 0.69697759901717E+00
 0.70826727624322E+00
 0.71937136367737E+00
 0.73028058054190E+00
 0.74098586844079E+00
 0.75147865455440E+00
 0.76175065733798E+00
 0.77179401283048E+00
 0.78160118672893E+00
 0.79116513911124E+00
 0.80047930864629E+00
 0.80953759537021E+00
 0.81833456657655E+00
 0.82686540111037E+00
 0.83512595025753E+00
 0.84311286689295E+00
 0.85082363615673E+00
 0.85825659980016E+00
 0.86541102348150E+00
 0.87228714136043E+00
 0.87888604653118E+00
 0.88521023702750E+00
 0.89126268345015E+00
 0.89704745392419E+00
 0.90256947330176E+00
 0.90783448477150E+00
 0.91284893217885E+00
 0.91761989172507E+00
 0.92215496215666E+00
 0.92646218815659E+00
 0.93054994427427E+00
 0.93442759246293E+00
 0.93810240891665E+00
 0.94158395259826E+00
 0.94488103620078E+00
 0.94800239976816E+00
 0.95095663513812E+00
 0.95375216411271E+00
 0.95639717341753E+00
 0.95889959596018E+00
 0.96126708281611E+00
 0.96350698636718E+00
 0.96562634722534E+00
 0.96763188821384E+00
 0.96953001394692E+00
 0.97132680899385E+00
 0.97302804337630E+00
 0.97463918094258E+00
 0.97616538479274E+00
 0.97761153197385E+00
 0.97898222078862E+00
 0.98028177647374E+00
 0.98151429065425E+00
 0.98268359184298E+00
 0.98379328780099E+00
 0.98484676896192E+00
 0.98584722325161E+00
 0.98679764145399E+00
 0.98770083418972E+00
 0.98855944139765E+00
 0.98937594175033E+00
 0.99015266346687E+00
 0.99089179240840E+00
 0.99159538171403E+00
 0.99226536091738E+00
 0.99290354248287E+00
 0.99351162953127E+00
 0.99409122334478E+00
 0.99464382988934E+00
 0.99517086553106E+00
 0.99567366266455E+00
 0.99615347521169E+00
 0.99661148395523E+00
 0.99704880059342E+00
 0.99746647302206E+00
 0.99786548865903E+00
 0.99824677851377E+00
 0.99861122056987E+00
 0.99895964341297E+00
 0.99929282923294E+00
 0.99961151654712E+00
 0.99991640306992E+00
 0.10002081480744E+01
 0.10004873749752E+01
 0.10007546732575E+01
 0.10010106007392E+01
 0.10012556855946E+01
 0.10014904277269E+01
 0.10017153007031E+01
 0.10019307533094E+01
 0.10021372109511E+01
 0.10023350772146E+01
 0.10025247347979E+01
 0.10027065470823E+01
 0.10028808591144E+01
 0.10030479982938E+01
 0.10032082759762E+01
 0.10033619880024E+01
 0.10035094156870E+01
 0.10036508265052E+01
 0.10037864750363E+01
 0.10039166035496E+01
 0.10040414428462E+01
 0.10041612125310E+01
 0.10042761219589E+01
 0.10043863706136E+01
 0.10044921488185E+01
 0.10045936378392E+01
 0.10046910107895E+01
 0.10047844327353E+01
 0.10048740613589E+01
 0.10049600471830E+01
 0.10050425339851E+01
 0.10051216590696E+01
 0.10051975537570E+01
 0.10052703435197E+01
 0.10053401483836E+01
 0.10054070831140E+01
 0.10054712575681E+01
 0.10055327767950E+01
 0.10055917414558E+01
 0.10056482477774E+01
 0.10057023882699E+01
 0.10057542512072E+01
 0.10058039213418E+01
 0.10058514798635E+01
 0.10058970046205E+01
 0.10059405703172E+01
 0.10059822485655E+01
 0.10060221080783E+01
 0.10060602148108E+01
 0.10060966320548E+01
