 0.13460747472231E+01
 0.13460747472208E+01
 0.13460747471658E+01
 0.13460747467973E+01
 0.13460747454887E+01
 0.13460747422411E+01
 0.13460747357677E+01
 0.13460747246375E+01
 0.13460747077388E+01
 0.13460746857394E+01
 0.13460746643885E+01
 0.13460746601330E+01
 0.13460747077356E+01
 0.13460748688915E+01
 0.13460769364180E+01
 0.13460776566072E+01
 0.13460807843373E+01
 0.13460848373683E+01
 0.13460922181264E+01
 0.13461015255885E+01
 0.13461157668512E+01
 0.13461335694110E+01
 0.13461584619077E+01
 0.13461887807694E+01
 0.13462284236024E+01
 0.13462754297401E+01
 0.13463339001563E+01
 0.13464016947384E+01
 0.13464829069563E+01
 0.13465753390575E+01
 0.13466828981187E+01
 0.13468034363675E+01
 0.13469390052779E+01
 0.13470920678614E+01
 0.13472601086374E+01
 0.13474450561919E+01
 0.13476474507093E+01
 0.13478694469967E+01
 0.13481081189811E+01
 0.13483652429830E+01
 0.13486410891868E+01
 0.13489358250285E+01
 0.13492513184863E+01
 0.13495842652414E+01
 0.13499362430881E+01
 0.13503072510518E+01
 0.13506972044862E+01
 0.13511059780385E+01
 0.13515334068255E+01
 0.13519810871819E+01
 0.13524452948065E+01
 0.13529274214627E+01
 0.13534271901595E+01
 0.13539442686894E+01
 0.13544782967340E+01
 0.13550288862377E+01
 0.13555956230692E+01
 0.13561780680314E+01
 0.13567775397048E+01
 0.13573900645083E+01
 0.13580168197508E+01
 0.13586572921984E+01
 0.13593109290910E+01
 0.13599771563399E+01
 0.13606553790605E+01
 0.13613449819165E+01
 0.13620453292361E+01
 0.13627557656982E+01
 0.13634756160326E+01
 0.13642041850896E+01
 0.13649407580396E+01
 0.13656846010103E+01
 0.13664349597475E+01
 0.13671929384862E+01
 0.13679540478314E+01
 0.13687192818241E+01
 0.13694878253032E+01
 0.13702588204216E+01
 0.13710313951970E+01
 0.13718046573848E+01
 0.13725776943077E+01
 0.13733495727713E+01
 0.13741193383234E+01
 0.13748858381600E+01
 0.13756483983151E+01
 0.13764058489759E+01
 0.13771571491862E+01
 0.13779012356078E+01
 0.13786370192649E+01
 0.13793653202775E+01
 0.13800812020848E+01
 0.13807853696333E+01
 0.13814766455440E+01
 0.13821538184127E+01
 0.13828156513904E+01
 0.13834608821532E+01
 0.13840882200873E+01
 0.13846963337217E+01
 0.13852838690413E+01
 0.13858494488116E+01
 0.13863916563294E+01
 0.13869090463143E+01
 0.13874001351035E+01
 0.13878653879127E+01
 0.13882993785013E+01
 0.13887024063713E+01
 0.13890728649222E+01
 0.13894090947531E+01
 0.13897093949280E+01
 0.13899720357637E+01
 0.13901952392127E+01
 0.13903771782270E+01
 0.13905160140554E+01
 0.13906098330393E+01
 0.13906586628234E+01
 0.13906567059907E+01
 0.13906038307725E+01
 0.13904979886513E+01
 0.13903370943863E+01
 0.13901187827615E+01
 0.13898414024194E+01
 0.13895025475956E+01
 0.13891000295937E+01
 0.13886335058582E+01
 0.13880971025887E+01
 0.13874903752128E+01
 0.13868110971707E+01
 0.13860570531773E+01
 0.13852260392477E+01
 0.13843158658065E+01
 0.13833243833772E+01
 0.13822512486785E+01
 0.13810909611281E+01
 0.13798432215195E+01
 0.13785061207359E+01
 0.13770778108224E+01
 0.13755565727818E+01
 0.13739407709006E+01
 0.13722305023585E+01
 0.13704211955463E+01
 0.13685131410830E+01
 0.13665051955954E+01
 0.13643963621977E+01
 0.13621857714815E+01
 0.13598741369031E+01
 0.13574580219109E+01
 0.13549383296589E+01
 0.13523146937002E+01
 0.13495868695159E+01
 0.13467546993090E+01
 0.13438191533282E+01
 0.13407781413126E+01
 0.13376327407448E+01
 0.13343829781730E+01
 0.13310289575355E+01
 0.13275719044928E+01
 0.13240096493188E+01
 0.13203433194580E+01
 0.13165729214588E+01
 0.13126992823257E+01
 0.13087204733386E+01
 0.13046372731292E+01
 0.13004494063322E+01
 0.12961566304709E+01
 0.12917594783519E+01
 0.12872560130052E+01
 0.12826467278588E+01
 0.12779312285497E+01
 0.12731100448461E+01
 0.12681816948970E+01
 0.12631468811177E+01
 0.12580063478636E+01
 0.12527594655084E+01
 0.12474075078442E+01
 0.12419516030551E+01
 0.12363937300950E+01
 0.12307349699588E+01
 0.12249782962997E+01
 0.12191271052010E+01
 0.12131843705036E+01
 0.12071546850726E+01
 0.12010431654587E+01
 0.11948548146081E+01
 0.11885960943458E+01
 0.11822736204266E+01
 0.11758949028262E+01
 0.11694670598521E+01
 0.11629984793099E+01
 0.11564978291764E+01
 0.11499730217236E+01
 0.11434330833187E+01
 0.11368868562017E+01
 0.11303426907514E+01
 0.11238091785305E+01
 0.11172945730704E+01
 0.11108069023116E+01
 0.11043535305350E+01
 0.10979417259222E+01
 0.10915782105678E+01
 0.10852692568754E+01
 0.10790206373637E+01
 0.10728376621984E+01
 0.10667251703011E+01
 0.10606875760778E+01
 0.10547287596132E+01
 0.10488519800945E+01
 0.10430605732360E+01
 0.10373570809294E+01
 0.10317438562683E+01
 0.10262227922632E+01
 0.10207955351302E+01
 0.10154634099255E+01
 0.10102274788867E+01
 0.10050885225345E+01
 0.10000471397775E+01
 0.99510365497307E+00
 0.99025826481567E+00
 0.98551095698812E+00
 0.98086156645178E+00
 0.97630983108504E+00
 0.97185523153611E+00
 0.96749726551661E+00
 0.96323526840787E+00
 0.95906846923080E+00
 0.95499608100080E+00
 0.95101718889574E+00
 0.94713081297895E+00
 0.94333593741334E+00
 0.93963147543840E+00
 0.93601630440116E+00
 0.93248927055905E+00
 0.92904919048935E+00
 0.92569483833223E+00
 0.92242497470949E+00
 0.91923836341674E+00
 0.91613369831808E+00
 0.91310973516723E+00
 0.91016515005222E+00
 0.90729864827215E+00
 0.90450893491686E+00
 0.90179470013171E+00
 0.89915466232923E+00
 0.89658752555032E+00
 0.89409193192604E+00
 0.89166663948241E+00
 0.88931038876617E+00
 0.88702189364421E+00
 0.88479987734888E+00
 0.88264310817484E+00
 0.88055032897897E+00
 0.87852032043438E+00
 0.87655186562643E+00
 0.87464375974771E+00
 0.87279481750478E+00
 0.87100387896470E+00
 0.86926977050069E+00
 0.86759135563498E+00
 0.86596750781569E+00
 0.86439711401040E+00
 0.86287908492271E+00
 0.86141233284264E+00
 0.85999579272771E+00
 0.85862842236014E+00
 0.85730919329258E+00
 0.85603708513365E+00
 0.85481110772794E+00
 0.85363027156623E+00
 0.85249361413653E+00
 0.85140018343649E+00
 0.85034904169292E+00
 0.84933927883433E+00
 0.84836998816768E+00
 0.84744028294912E+00
 0.84654929497229E+00
 0.84569616615404E+00
 0.84488005794203E+00
 0.84410014363649E+00
 0.84335561457936E+00
 0.84264567481938E+00
 0.84196954789457E+00
 0.84132645993035E+00
 0.84071566442146E+00
 0.84013642153510E+00
 0.83958800680696E+00
 0.83906971326933E+00
 0.83858084182177E+00
 0.83812070850831E+00
 0.83768864421444E+00
 0.83728399079769E+00
 0.83690610934594E+00
 0.83655435864255E+00
 0.83622812314215E+00
 0.83592679511836E+00
 0.83564977824599E+00
 0.83539648735106E+00
 0.83516635259073E+00
 0.83495880957833E+00
 0.83477331679264E+00
 0.83460933220498E+00
 0.83446632616364E+00
