 0.00000000000000E+00
 0.23195645239190E-24
 0.14609124960825E-22
 0.18584846750422E-21
 0.10347075654219E-20
 0.45498122386075E-20
 0.11971663233573E-19
 0.35895649372393E-19
 0.75195196530099E-19
 0.12501588229696E-18
 0.24446175003613E-18
 0.36019427473677E-18
 0.65107281275444E-18
 0.83178884062925E-18
 0.27973850890210E-17
-0.13701526588387E-11
-0.49096611006504E-11
-0.28204577925060E-11
 0.25405633529031E-12
 0.11502288573465E-10
 0.50556413690821E-11
-0.23532934825124E-11
-0.45935051137053E-11
 0.84200431664396E-12
 0.74526053302827E-11
 0.11223354394469E-10
-0.33934976521758E-11
-0.13217827500115E-07
 0.32960250345338E-07
-0.14763057645866E-06
-0.10983918429059E-07
 0.33045663383015E-07
-0.30848586218810E-07
-0.63074845349848E-08
 0.36211959540510E-07
 0.20014892686460E-07
 0.84668825744484E-09
 0.27725698968396E-11
 0.43068574260557E-10
 0.24980917853390E-09
 0.72233535553281E-09
 0.16154144643572E-08
 0.30748794135694E-08
 0.57386994777952E-08
 0.10061653391874E-07
 0.16928614627157E-07
 0.27471761839854E-07
 0.43266104382710E-07
 0.66403616843305E-07
 0.98982325798337E-07
 0.14541422565460E-06
 0.20966810131814E-06
 0.29716822943657E-06
 0.41460354217807E-06
 0.57017919392618E-06
 0.77369760581008E-06
 0.10369236062636E-05
 0.13737304504410E-05
 0.17975445333904E-05
 0.23324479315771E-05
 0.29979418006068E-05
 0.38190685265521E-05
 0.48243930313305E-05
 0.60462304950113E-05
 0.75209612502090E-05
 0.92893356297844E-05
 0.11396792498172E-04
 0.13893695481110E-04
 0.16835735577341E-04
 0.20284036031559E-04
 0.24305454408709E-04
 0.28973580469424E-04
 0.34367742659896E-04
 0.40557520240467E-04
 0.47667912276118E-04
 0.55784387287683E-04
 0.65015904762578E-04
 0.75478280601065E-04
 0.87295989416945E-04
 0.10060201779325E-03
 0.11553801209564E-03
 0.13225525114550E-03
 0.14212574016459E-03
 0.19903521809111E-03
 0.16994383252582E-03
 0.22057995153526E-03
 0.24855065521744E-03
 0.27968443950122E-03
 0.31394589592390E-03
 0.57414802603151E-03
 0.39381080782748E-03
 0.43787616389100E-03
 0.48714059244566E-03
 0.54085937384014E-03
 0.59933446569566E-03
 0.66289383830073E-03
 0.73187766397737E-03
 0.80663423087307E-03
 0.88755076642953E-03
 0.97502023049186E-03
 0.10694596148005E-02
 0.11713062412963E-02
 0.15728468515518E-02
 0.14002022067738E-02
 0.15259374438363E-02
 0.16622349939763E-02
 0.18085249762298E-02
 0.19653288705372E-02
 0.21333166659143E-02
 0.23213074795067E-02
 0.25055063370996E-02
 0.27088704380238E-02
 0.29464212912410E-02
 0.36328067279736E-02
 0.39944279441185E-02
 0.36820489646859E-02
 0.39643973789039E-02
 0.42674408042282E-02
 0.45748458107034E-02
 0.49559682626718E-02
 0.52831663888468E-02
 0.56660998374243E-02
 0.63450260062105E-02
 0.58505641193989E-02
 0.69809916302033E-02
 0.74695098295120E-02
 0.79856256786521E-02
 0.85317739810828E-02
 0.91086575575219E-02
 0.97184623387836E-02
 0.10762636082215E-01
 0.10406346905235E-01
 0.11755803177742E-01
 0.12509487409774E-01
 0.13301289157606E-01
 0.14133196693029E-01
 0.15006644853063E-01
 0.16335214774195E-01
 0.16313334523725E-01
 0.17880861719765E-01
 0.18927852521285E-01
 0.20018418003042E-01
 0.21155004263332E-01
 0.22520287149008E-01
 0.23340495875586E-01
 0.25215116116865E-01
 0.26154702825751E-01
 0.27517493246851E-01
 0.28686641888880E-01
 0.30637618028332E-01
 0.31437100980037E-01
 0.33967478424702E-01
 0.34992580670571E-01
 0.36319274534603E-01
 0.38537322463808E-01
 0.39609144581814E-01
 0.41870564159909E-01
 0.43431054109790E-01
 0.45139486437132E-01
 0.47056924169143E-01
 0.48571834218320E-01
 0.50976233584805E-01
 0.52323620707293E-01
 0.54545829403096E-01
 0.56062645551955E-01
 0.58249289569804E-01
 0.59937856574899E-01
 0.62065949982802E-01
 0.63674549189380E-01
 0.65664690008482E-01
 0.67507465042404E-01
 0.69309340857267E-01
 0.70757054293211E-01
 0.72723678794099E-01
 0.74313185075573E-01
 0.75737470863255E-01
 0.77058360596355E-01
 0.78627095027453E-01
 0.79723469651523E-01
 0.80756534563015E-01
 0.81751594058750E-01
 0.82389959790459E-01
 0.82962258139938E-01
 0.83459130425542E-01
 0.83686621867663E-01
 0.83669288364026E-01
 0.83618490927821E-01
 0.83243077897810E-01
 0.82637425680569E-01
 0.82044968047081E-01
 0.81218076991739E-01
 0.80406916987644E-01
 0.79101342969151E-01
 0.77884941142094E-01
 0.76661363098210E-01
 0.75233277304040E-01
 0.73745183132813E-01
 0.72244277406840E-01
 0.70699931899778E-01
 0.69158921083280E-01
 0.67581823790851E-01
 0.66040107011448E-01
 0.64544089417694E-01
 0.62937824450055E-01
 0.61638423291352E-01
 0.60170362784935E-01
 0.58613710045424E-01
 0.57440362037562E-01
 0.56133647402546E-01
 0.54952020465782E-01
 0.53744083038390E-01
 0.52646867469210E-01
 0.51508153098757E-01
 0.50545699896046E-01
 0.49554994919380E-01
 0.48629271654895E-01
 0.47715743099411E-01
 0.46901889595207E-01
 0.46119384592723E-01
 0.45354546049463E-01
 0.44642516516973E-01
 0.43943013579045E-01
 0.43275192125576E-01
 0.42684417757352E-01
 0.42072389166303E-01
 0.41513964387342E-01
 0.40957872947023E-01
 0.40510146085903E-01
 0.40000052034787E-01
 0.39502851723650E-01
 0.39118822645702E-01
 0.38684203738602E-01
 0.38175783577477E-01
 0.38014345719864E-01
 0.37419354844980E-01
 0.37187095535022E-01
 0.36791944081617E-01
 0.36475344094116E-01
 0.36263707988837E-01
 0.35845352767444E-01
 0.35583038995184E-01
 0.35331128786097E-01
 0.35051122115418E-01
 0.34746063803074E-01
 0.34609063696914E-01
 0.34432203361187E-01
 0.34202876541379E-01
 0.33946679086624E-01
 0.33618362335314E-01
 0.33631829979198E-01
 0.33356937814509E-01
 0.33238025491002E-01
 0.33069660235485E-01
 0.32799378054115E-01
 0.32592192723037E-01
 0.32664577555551E-01
 0.32358975243443E-01
 0.32222936668624E-01
 0.32113045240327E-01
 0.32055565997146E-01
 0.31824589501109E-01
 0.31674810825920E-01
 0.31547441194010E-01
 0.31528586330810E-01
 0.31391120406119E-01
 0.31255848742391E-01
 0.31169123291773E-01
 0.31076677793260E-01
 0.31075365912171E-01
 0.30900933118852E-01
 0.30818870310752E-01
 0.30764940754730E-01
 0.30642975786013E-01
 0.30521592483850E-01
 0.30504411858480E-01
 0.30421595726073E-01
 0.30350433662357E-01
 0.30303384789268E-01
 0.30231675234126E-01
 0.30174817850640E-01
 0.30110316829857E-01
 0.30079658189138E-01
 0.30125533419041E-01
 0.30024153408307E-01
 0.29902770336901E-01
 0.29878170888585E-01
 0.29831807255564E-01
 0.29807555239009E-01
 0.29716131546036E-01
 0.29723429609761E-01
 0.29739062216622E-01
 0.29651980681000E-01
 0.29521668022444E-01
 0.29513935980329E-01
 0.29533449941124E-01
 0.29480950841023E-01
 0.29470866804516E-01
 0.29488428607158E-01
 0.29450017034369E-01
 0.29449124402810E-01
