 0.64888479906181E+01
 0.64888479899769E+01
 0.64888479829047E+01
 0.64888479526946E+01
 0.64888478702820E+01
 0.64888476951796E+01
 0.64888473761743E+01
 0.64888468510915E+01
 0.64888460449813E+01
 0.64888448648541E+01
 0.64888431885039E+01
 0.64888408462883E+01
 0.64888375972675E+01
 0.64888331031242E+01
 0.64888229121046E+01
 0.64888144085300E+01
 0.64887984353803E+01
 0.64887781161721E+01
 0.64887473810202E+01
 0.64887090616110E+01
 0.64886555549586E+01
 0.64885895083980E+01
 0.64885019611078E+01
 0.64883961088477E+01
 0.64882619726123E+01
 0.64881032989772E+01
 0.64879094741609E+01
 0.64876845247403E+01
 0.64874177088757E+01
 0.64871130856870E+01
 0.64867602627176E+01
 0.64863630765062E+01
 0.64859154766204E+01
 0.64854104838104E+01
 0.64848527346588E+01
 0.64842366614141E+01
 0.64835597526676E+01
 0.64828158881276E+01
 0.64820110341327E+01
 0.64811400834143E+01
 0.64802015889879E+01
 0.64791944416843E+01
 0.64781135717413E+01
 0.64769663440360E+01
 0.64757485820792E+01
 0.64744599747086E+01
 0.64731005011269E+01
 0.64716703315358E+01
 0.64701698183149E+01
 0.64685951561058E+01
 0.64669554177491E+01
 0.64652474428084E+01
 0.64634721463394E+01
 0.64616306340759E+01
 0.64597241308536E+01
 0.64577539729726E+01
 0.64557215980116E+01
 0.64536285362516E+01
 0.64514720582161E+01
 0.64492623503943E+01
 0.64469970684743E+01
 0.64446779933216E+01
 0.64423070070357E+01
 0.64398860441510E+01
 0.64374170862149E+01
 0.64349021571405E+01
 0.64323433195083E+01
 0.64297426695345E+01
 0.64271023349809E+01
 0.64244244723497E+01
 0.64217112639549E+01
 0.64189649141322E+01
 0.64161876509244E+01
 0.64133770578474E+01
 0.64105445753263E+01
 0.64076880032423E+01
 0.64048095986276E+01
 0.64019116867647E+01
 0.63989965952893E+01
 0.63960666663778E+01
 0.63931242564732E+01
 0.63901717358203E+01
 0.63872114898363E+01
 0.63842459192798E+01
 0.63812774374598E+01
 0.63783089629188E+01
 0.63753420397196E+01
 0.63723795516669E+01
 0.63694239801311E+01
 0.63664778227099E+01
 0.63635386226496E+01
 0.63606187052922E+01
 0.63577158339245E+01
 0.63548325679791E+01
 0.63519715114417E+01
 0.63491352910337E+01
 0.63463265601019E+01
 0.63435480238617E+01
 0.63408024034608E+01
 0.63380924371536E+01
 0.63354209135208E+01
 0.63327906487830E+01
 0.63302045070614E+01
 0.63276604135861E+01
 0.63251710506558E+01
 0.63227346495272E+01
 0.63203541968972E+01
 0.63180327653816E+01
 0.63157734717122E+01
 0.63135794838945E+01
 0.63114539867919E+01
 0.63094002983913E+01
 0.63074216982658E+01
 0.63055215719272E+01
 0.63037033263767E+01
 0.63019653439745E+01
 0.63003211056970E+01
 0.62987692855808E+01
 0.62973134916259E+01
 0.62959573764643E+01
 0.62947045811603E+01
 0.62935588550770E+01
 0.62925246042618E+01
 0.62916043223215E+01
 0.62907974837868E+01
 0.62901174298841E+01
 0.62895632493387E+01
 0.62891386693743E+01
 0.62888473797214E+01
 0.62886930456633E+01
 0.62886792736111E+01
 0.62888095882000E+01
 0.62890827589015E+01
 0.62895111884567E+01
 0.62900936119588E+01
 0.62908330690637E+01
 0.62917324518807E+01
 0.62927944392399E+01
 0.62940215702767E+01
 0.62954118085274E+01
 0.62969757285138E+01
 0.62987110612378E+01
 0.63006194821441E+01
 0.63027024123951E+01
 0.63049610886286E+01
 0.63073965429688E+01
 0.63100054897668E+01
 0.63127966830823E+01
 0.63157666854121E+01
 0.63189159027876E+01
 0.63222446691207E+01
 0.63257532906437E+01
 0.63294383975917E+01
 0.63333076081356E+01
 0.63373585410766E+01
 0.63415906734086E+01
 0.63460054753076E+01
 0.63506008029735E+01
 0.63553847888366E+01
 0.63603561810483E+01
 0.63655176575527E+01
 0.63708720933314E+01
 0.63764202275684E+01
 0.63821722952479E+01
 0.63881304442350E+01
 0.63943006040951E+01
 0.64006868017752E+01
 0.64073018210707E+01
 0.64141516280156E+01
 0.64212457671833E+01
 0.64285923382586E+01
 0.64362069842632E+01
 0.64440996266130E+01
 0.64522832866898E+01
 0.64607696794308E+01
 0.64695770389164E+01
 0.64787182432782E+01
 0.64882084187632E+01
 0.64980610059331E+01
 0.65082944250352E+01
 0.65189217025129E+01
 0.65299553575442E+01
 0.65414111529595E+01
 0.65532992408170E+01
 0.65656284428566E+01
 0.65784092526506E+01
 0.65916459346630E+01
 0.66053417324415E+01
 0.66194961459070E+01
 0.66341079406470E+01
 0.66491714444737E+01
 0.66646766452402E+01
 0.66806133227532E+01
 0.66969659869109E+01
 0.67137169745375E+01
 0.67308455549020E+01
 0.67483304760765E+01
 0.67661465809635E+01
 0.67842672027923E+01
 0.68026660330091E+01
 0.68213137291915E+01
 0.68401813370515E+01
 0.68592394008216E+01
 0.68784580776546E+01
 0.68978089418856E+01
 0.69172628503626E+01
 0.69367918102776E+01
 0.69563684770413E+01
 0.69759669082104E+01
 0.69955621364236E+01
 0.70151302291654E+01
 0.70346485216191E+01
 0.70540957005285E+01
 0.70734517409376E+01
 0.70926978994539E+01
 0.71118167573809E+01
 0.71307920252220E+01
 0.71496087966244E+01
 0.71682531465926E+01
 0.71867125335806E+01
 0.72049747274727E+01
 0.72230298187300E+01
 0.72408678260918E+01
 0.72584800549995E+01
 0.72758586360338E+01
 0.72929965468247E+01
 0.73098875495219E+01
 0.73265260823568E+01
 0.73429071456675E+01
 0.73590266342295E+01
 0.73748807780885E+01
 0.73904665644335E+01
 0.74057815162303E+01
 0.74208232131270E+01
 0.74355901650509E+01
 0.74500811051234E+01
 0.74642951471874E+01
 0.74782318461347E+01
 0.74918909235068E+01
 0.75052725303650E+01
 0.75183773884886E+01
 0.75312059202557E+01
 0.75437590200942E+01
 0.75560380749829E+01
 0.75680441644423E+01
 0.75797791342489E+01
 0.75912446116153E+01
 0.76024425843333E+01
 0.76133751114278E+01
 0.76240444744019E+01
 0.76344529581934E+01
 0.76446031067179E+01
 0.76544975397312E+01
 0.76641387495836E+01
 0.76735296374785E+01
 0.76826730537795E+01
 0.76915719344082E+01
 0.77002292550387E+01
 0.77086480826592E+01
 0.77168315183011E+01
 0.77247827865565E+01
 0.77325049620612E+01
 0.77400013219744E+01
 0.77472751345720E+01
 0.77543297374062E+01
 0.77611683981164E+01
 0.77677944653558E+01
 0.77742112279418E+01
 0.77804220720229E+01
 0.77864303959329E+01
 0.77922394580800E+01
 0.77978526596376E+01
 0.78032733458374E+01
 0.78085048467827E+01
 0.78135505125700E+01
 0.78184136602191E+01
 0.78230975846540E+01
 0.78276056159629E+01
 0.78319409458153E+01
 0.78361068623092E+01
 0.78401065930112E+01
 0.78439433388126E+01
 0.78476202620687E+01
 0.78511405223465E+01
 0.78545072586328E+01
 0.78577235610500E+01
 0.78607924442380E+01
 0.78637169672830E+01
 0.78665001282335E+01
 0.78691448865003E+01
 0.78716541710329E+01
 0.78740308709653E+01
 0.78762778330292E+01
 0.78783979259024E+01
 0.78803938809093E+01
 0.78822684767897E+01
 0.78840244147092E+01
 0.78856643729066E+01
 0.78871909789320E+01
 0.78886068586197E+01
