 0.10897140158723E+00
 0.10897140158705E+00
 0.10897140158260E+00
 0.10897140155276E+00
 0.10897140144682E+00
 0.10897140118392E+00
 0.10897140065987E+00
 0.10897139975882E+00
 0.10897139839079E+00
 0.10897139660982E+00
 0.10897139488136E+00
 0.10897139453686E+00
 0.10897139839052E+00
 0.10897141143690E+00
 0.10897128160418E+00
 0.10897133990689E+00
 0.10897126461309E+00
 0.10897123595328E+00
 0.10897107593192E+00
 0.10897097229953E+00
 0.10897070367792E+00
 0.10897046634179E+00
 0.10896999872552E+00
 0.10896953044970E+00
 0.10896876884488E+00
 0.10896797191766E+00
 0.10896682738302E+00
 0.10896560650963E+00
 0.10896399270561E+00
 0.10896225494196E+00
 0.10896008786291E+00
 0.10895774844371E+00
 0.10895509367402E+00
 0.10895193643073E+00
 0.10894855487596E+00
 0.10894479710239E+00
 0.10894064677983E+00
 0.10893592684652E+00
 0.10893092447754E+00
 0.10892548833729E+00
 0.10891960079154E+00
 0.10891324856303E+00
 0.10890625920534E+00
 0.10889892495306E+00
 0.10889108938458E+00
 0.10888273518816E+00
 0.10887384759007E+00
 0.10886441089703E+00
 0.10885440830023E+00
 0.10884366244658E+00
 0.10883246307052E+00
 0.10882064111242E+00
 0.10880817107836E+00
 0.10879502764945E+00
 0.10878118341093E+00
 0.10876660844430E+00
 0.10875127022524E+00
 0.10873513344636E+00
 0.10871800752867E+00
 0.10870014979968E+00
 0.10868137077285E+00
 0.10866162074194E+00
 0.10864084789486E+00
 0.10861899663099E+00
 0.10859600737582E+00
 0.10857181642379E+00
 0.10854635575217E+00
 0.10851955292355E+00
 0.10849133086512E+00
 0.10846160770035E+00
 0.10843029659527E+00
 0.10839730566153E+00
 0.10836253764218E+00
 0.10832573894633E+00
 0.10828709907885E+00
 0.10824635826973E+00
 0.10820339588630E+00
 0.10815808527494E+00
 0.10811029407236E+00
 0.10805988345170E+00
 0.10800670793269E+00
 0.10795061520132E+00
 0.10789144588626E+00
 0.10782903329921E+00
 0.10776320348075E+00
 0.10769373611601E+00
 0.10762051220731E+00
 0.10754330158939E+00
 0.10746189804579E+00
 0.10737608713927E+00
 0.10728549606260E+00
 0.10719018798591E+00
 0.10708977616077E+00
 0.10698400879215E+00
 0.10687262522272E+00
 0.10675535478441E+00
 0.10663191670281E+00
 0.10650201808674E+00
 0.10636535595212E+00
 0.10622161688420E+00
 0.10607047525795E+00
 0.10591159392031E+00
 0.10574462313424E+00
 0.10556905561425E+00
 0.10538480517872E+00
 0.10519134147129E+00
 0.10498826418929E+00
 0.10477515957061E+00
 0.10455160015634E+00
 0.10431714443757E+00
 0.10407133940574E+00
 0.10381371272865E+00
 0.10354378348752E+00
 0.10326105256865E+00
 0.10296500977545E+00
 0.10265498269898E+00
 0.10233072526291E+00
 0.10199154306899E+00
 0.10163687211255E+00
 0.10126613676631E+00
 0.10087875397776E+00
 0.10047412523308E+00
 0.10005157281608E+00
 0.99610622223518E-01
 0.99150446295055E-01
 0.98670710323987E-01
 0.98170649366713E-01
 0.97649641841827E-01
 0.97107070708514E-01
 0.96542323248471E-01
 0.95954795604114E-01
 0.95343897526168E-01
 0.94708911333598E-01
 0.94049567567994E-01
 0.93365199061410E-01
 0.92655305145725E-01
 0.91919417121590E-01
 0.91157108273700E-01
 0.90367986856453E-01
 0.89551569204160E-01
 0.88707838921477E-01
 0.87836421666160E-01
 0.86937132860039E-01
 0.86009852790488E-01
 0.85054521710540E-01
 0.84071144761433E-01
 0.83059652719807E-01
 0.82020467655711E-01
 0.80953665441507E-01
 0.79859529597245E-01
 0.78738415278652E-01
 0.77590746118571E-01
 0.76416872249740E-01
 0.75217634938264E-01
 0.73993460866408E-01
 0.72745182370732E-01
 0.71473499355958E-01
 0.70179109452647E-01
 0.68863170333480E-01
 0.67526520189519E-01
 0.66170174583477E-01
 0.64795234602557E-01
 0.63402737421056E-01
 0.61994159978082E-01
 0.60570690442901E-01
 0.59133701169060E-01
 0.57684532362085E-01
 0.56224944359690E-01
 0.54756438214029E-01
 0.53280704118470E-01
 0.51799417010236E-01
 0.50314656484909E-01
 0.48828277302727E-01
 0.47342320831086E-01
 0.45858809495780E-01
 0.44380144820777E-01
 0.42908511541616E-01
 0.41446251380117E-01
 0.39995667306337E-01
 0.38559376380242E-01
 0.37139743434361E-01
 0.35739141077429E-01
 0.34360161946899E-01
 0.33005112118784E-01
 0.31676226919457E-01
 0.30375849850642E-01
 0.29105990558114E-01
 0.27868567108983E-01
 0.26665246687986E-01
 0.25497707806986E-01
 0.24367145682206E-01
 0.23274598892137E-01
 0.22220993534535E-01
 0.21206847862559E-01
 0.20232486963743E-01
 0.19297948808062E-01
 0.18403176226710E-01
 0.17547768369685E-01
 0.16731135898533E-01
 0.15952618283837E-01
 0.15211313419086E-01
 0.14506208782764E-01
 0.13836191719524E-01
 0.13200036815386E-01
 0.12596541327827E-01
 0.12024372309592E-01
 0.11482198032290E-01
 0.10968676392534E-01
 0.10482441702110E-01
 0.10022212593088E-01
 0.95866601112963E-02
 0.91745097507244E-02
 0.87845233829215E-02
 0.84155045198771E-02
 0.80663015829033E-02
 0.77358105598275E-02
 0.74229766774564E-02
 0.71267946085930E-02
 0.68463090951561E-02
 0.65806333694313E-02
 0.63288724215874E-02
 0.60902301931037E-02
 0.58639446362861E-02
 0.56492944821884E-02
 0.54456004172437E-02
 0.52522236664254E-02
 0.50685633917976E-02
 0.48940554040615E-02
 0.47281700374883E-02
 0.45704095533751E-02
 0.44203073992220E-02
 0.42774254784934E-02
 0.41413718697914E-02
 0.40117234403886E-02
 0.38881377412320E-02
 0.37702759111049E-02
 0.36578200342383E-02
 0.35504716530316E-02
 0.34479511033540E-02
 0.33499954560227E-02
 0.32563578383059E-02
 0.31668070357332E-02
 0.30811256806739E-02
 0.29991271562358E-02
 0.29205834665375E-02
 0.28453321166892E-02
 0.27732034752247E-02
 0.27040378919983E-02
 0.26376849247727E-02
 0.25740032770076E-02
 0.25128596689615E-02
 0.24541284482158E-02
 0.23977087990406E-02
 0.23434538320340E-02
 0.22912760814487E-02
 0.22410762512081E-02
 0.21927605410834E-02
 0.21462403496041E-02
 0.21014320092002E-02
 0.20582564008415E-02
 0.20166560954019E-02
 0.19765251302875E-02
 0.19378142687195E-02
 0.19004599721443E-02
 0.18644023715364E-02
 0.18295844420961E-02
 0.17959521829729E-02
 0.17634544179151E-02
 0.17320425529256E-02
 0.17016873115129E-02
 0.16723108952896E-02
 0.16438888485300E-02
 0.16163815894218E-02
 0.15897518072012E-02
 0.15639636339785E-02
 0.15389830697842E-02
 0.15147777541291E-02
 0.14913335838652E-02
 0.14685875015217E-02
 0.14465284995711E-02
 0.14251300008768E-02
 0.14043664704588E-02
 0.13842139379279E-02
 0.13646491451861E-02
 0.13456499904495E-02
 0.13272120044962E-02
 0.13092815689768E-02
 0.12918562480424E-02
 0.12749177397426E-02
 0.12584484659830E-02
 0.12424314712846E-02
 0.12268509405690E-02
 0.12116913336760E-02
 0.11969544538756E-02
 0.11825928194649E-02
 0.11686095931017E-02
 0.11549919435963E-02
 0.11417274377604E-02
 0.11288041600825E-02
 0.11162106727503E-02
