 0.13593618031613E+03
 0.13593618031623E+03
 0.13593618031797E+03
 0.13593618032639E+03
 0.13593618034457E+03
 0.13593618036091E+03
 0.13593618033820E+03
 0.13593618020980E+03
 0.13593617988772E+03
 0.13593617929480E+03
 0.13593617844023E+03
 0.13593617755237E+03
 0.13593617726890E+03
 0.13593617886613E+03
 0.13593609034098E+03
 0.13593610330322E+03
 0.13593602408446E+03
 0.13593595382145E+03
 0.13593578199673E+03
 0.13593561304551E+03
 0.13593531006820E+03
 0.13593498218227E+03
 0.13593446873656E+03
 0.13593389893154E+03
 0.13593309435113E+03
 0.13593220208204E+03
 0.13593103269488E+03
 0.13592974233030E+03
 0.13592814013815E+03
 0.13592638310171E+03
 0.13592428764545E+03
 0.13592200318709E+03
 0.13591944504337E+03
 0.13591650475674E+03
 0.13591334296872E+03
 0.13590987831353E+03
 0.13590609755485E+03
 0.13590189988952E+03
 0.13589746212293E+03
 0.13589269916566E+03
 0.13588760725013E+03
 0.13588218649596E+03
 0.13587634170695E+03
 0.13587026115918E+03
 0.13586386264159E+03
 0.13585714997802E+03
 0.13585013026150E+03
 0.13584281196145E+03
 0.13583520489756E+03
 0.13582722164013E+03
 0.13581906595304E+03
 0.13581066051064E+03
 0.13580201918998E+03
 0.13579315862900E+03
 0.13578409682833E+03
 0.13577485324445E+03
 0.13576544877253E+03
 0.13575590577181E+03
 0.13574615106905E+03
 0.13573639996699E+03
 0.13572658747569E+03
 0.13571674110947E+03
 0.13570689098314E+03
 0.13569706888274E+03
 0.13568730829701E+03
 0.13567764445598E+03
 0.13566811438528E+03
 0.13565875691783E+03
 0.13564961277177E+03
 0.13564072460221E+03
 0.13563213704598E+03
 0.13562389673840E+03
 0.13561605245141E+03
 0.13560855410950E+03
 0.13560165364658E+03
 0.13559530917930E+03
 0.13558957745752E+03
 0.13558451886458E+03
 0.13558019593026E+03
 0.13557667372876E+03
 0.13557401995871E+03
 0.13557230502026E+03
 0.13557160212475E+03
 0.13557198741385E+03
 0.13557353993844E+03
 0.13557635951121E+03
 0.13558049920899E+03
 0.13558606276831E+03
 0.13559314241820E+03
 0.13560183388313E+03
 0.13561213158382E+03
 0.13562434555526E+03
 0.13563848180218E+03
 0.13565465138214E+03
 0.13567297009004E+03
 0.13569355820974E+03
 0.13571654068348E+03
 0.13574204819483E+03
 0.13577021616275E+03
 0.13580118498392E+03
 0.13583510113630E+03
 0.13587211685151E+03
 0.13591239083282E+03
 0.13595598429602E+03
 0.13600327214269E+03
 0.13605433451220E+03
 0.13610935695127E+03
 0.13616853353760E+03
 0.13623206650191E+03
 0.13630016669789E+03
 0.13637305261517E+03
 0.13645095493776E+03
 0.13653411111951E+03
 0.13662277059744E+03
 0.13671719231478E+03
 0.13681754005813E+03
 0.13692430297988E+03
 0.13703767264626E+03
 0.13715795456039E+03
 0.13728546703761E+03
 0.13742053958932E+03
 0.13756351805595E+03
 0.13771479394498E+03
 0.13787467724087E+03
 0.13804348161792E+03
 0.13822180828018E+03
 0.13840997673626E+03
 0.13860841811601E+03
 0.13881757851054E+03
 0.13903792038072E+03
 0.13926992190200E+03
 0.13951407638819E+03
 0.13977079451713E+03
 0.14004079065970E+03
 0.14032451075504E+03
 0.14062250918201E+03
 0.14093535591900E+03
 0.14126363346414E+03
 0.14160794227699E+03
 0.14196880359051E+03
 0.14234702491673E+03
 0.14274316175698E+03
 0.14315787351062E+03
 0.14359183297021E+03
 0.14404573084090E+03
 0.14452027523124E+03
 0.14501610344264E+03
 0.14553413266839E+03
 0.14607504528296E+03
 0.14663962982227E+03
 0.14722869944673E+03
 0.14784309543928E+03
 0.14848360999879E+03
 0.14915130226143E+03
 0.14984707989823E+03
 0.15057183776627E+03
 0.15132663648072E+03
 0.15211246852512E+03
 0.15293058899630E+03
 0.15378209125897E+03
 0.15466820391621E+03
 0.15559019586276E+03
 0.15654933353460E+03
 0.15754713961982E+03
 0.15858499877783E+03
 0.15966442591760E+03
 0.16078692895233E+03
 0.16195424456358E+03
 0.16316799502253E+03
 0.16442990940992E+03
 0.16574169902123E+03
 0.16710525066061E+03
 0.16852232434707E+03
 0.16999473536222E+03
 0.17152424398587E+03
 0.17311270456483E+03
 0.17476179306559E+03
 0.17647315393569E+03
 0.17824828886031E+03
 0.18008867897060E+03
 0.18199554454037E+03
 0.18396992332954E+03
 0.18601272333298E+03
 0.18812452211849E+03
 0.19030564185003E+03
 0.19255618527800E+03
 0.19487586581868E+03
 0.19726410821093E+03
 0.19972000280463E+03
 0.20224230064205E+03
 0.20482955132656E+03
 0.20747984012558E+03
 0.21019106482005E+03
 0.21296082512969E+03
 0.21578649415241E+03
 0.21866524300850E+03
 0.22159410691932E+03
 0.22456995214102E+03
 0.22758955541365E+03
 0.23064940391916E+03
 0.23374668100514E+03
 0.23687782524558E+03
 0.24003954634403E+03
 0.24322859215738E+03
 0.24644179965106E+03
 0.24967606237885E+03
 0.25292837998286E+03
 0.25619584611969E+03
 0.25947569250061E+03
 0.26276524315933E+03
 0.26606195614903E+03
 0.26936340656761E+03
 0.27266729528863E+03
 0.27597144386085E+03
 0.27927379441125E+03
 0.28257240606992E+03
 0.28586544640320E+03
 0.28915119762547E+03
 0.29242803957746E+03
 0.29569446014350E+03
 0.29894900144498E+03
 0.30219040778548E+03
 0.30541739507381E+03
 0.30862880433753E+03
 0.31182355609632E+03
 0.31500064108381E+03
 0.31815912542967E+03
 0.32129813606351E+03
 0.32441685760208E+03
 0.32751454919959E+03
 0.33059051111659E+03
 0.33364410821988E+03
 0.33667474974217E+03
 0.33968188582263E+03
 0.34266502507458E+03
 0.34562370870376E+03
 0.34855751827887E+03
 0.35146607967358E+03
 0.35434904146306E+03
 0.35720610032956E+03
 0.36003699401980E+03
 0.36284146076276E+03
 0.36561927862751E+03
 0.36837026588176E+03
 0.37109424884613E+03
 0.37379110001580E+03
 0.37646069639371E+03
 0.37910294332965E+03
 0.38171776760833E+03
 0.38430511831452E+03
 0.38686495509097E+03
 0.38939726573554E+03
 0.39190204771508E+03
 0.39437931257474E+03
 0.39682909447071E+03
 0.39925143780548E+03
 0.40164640184587E+03
 0.40401405827218E+03
 0.40635448958254E+03
 0.40866779062245E+03
 0.41095406848837E+03
 0.41321343813733E+03
 0.41544602514129E+03
 0.41765196497255E+03
 0.41983140519816E+03
 0.42198449388698E+03
 0.42411139207965E+03
 0.42621226378144E+03
 0.42828728434753E+03
 0.43033663398300E+03
 0.43236049744707E+03
 0.43435906620541E+03
 0.43633253580161E+03
 0.43828110639296E+03
 0.44020498406750E+03
 0.44210437828814E+03
 0.44397950207930E+03
 0.44583057160096E+03
 0.44765780617775E+03
 0.44946142865122E+03
 0.45124166430800E+03
 0.45299873998417E+03
 0.45473288451536E+03
 0.45644432907024E+03
 0.45813330907552E+03
 0.45980005631247E+03
 0.46144480720313E+03
 0.46306779802159E+03
 0.46466926649814E+03
 0.46624944989646E+03
 0.46780858658381E+03
 0.46934691500148E+03
 0.47086467333964E+03
 0.47236210106000E+03
 0.47383943668631E+03
 0.47529692001588E+03
 0.47673478665944E+03
 0.47815327468693E+03
 0.47955262032464E+03
 0.48093306124828E+03
