                  NaN
                  NaN
                  NaN
                  NaN
 0.10000000133514E-09
 0.10000000133514E-09
 0.10000000133514E-09
 0.10000000133514E-09
 0.10000000133514E-09
 0.10000000133517E-09
 0.10000000133562E-09
 0.10000000133995E-09
 0.10000000137693E-09
 0.10000000178191E-09
 0.10000000693301E-09
 0.10000006317558E-09
 0.10000054429163E-09
 0.10000380075448E-09
 0.10002175988216E-09
 0.10010481051248E-09
 0.10043491548533E-09
 0.10158616633142E-09
 0.10517021238869E-09
 0.11527437204854E-09
 0.14138477161318E-09
 0.20386599782660E-09
 0.34353685335096E-09
 0.63737817802054E-09
 0.12229433948536E-08
 0.23344107124369E-08
 0.87580274191385E-04
 0.87589836716880E-04
 0.87603375195301E-04
 0.19243527722433E-03
 0.19247588999291E-03
 0.30262204587958E-03
 0.37273513036184E-03
 0.45422097943835E-03
 0.54812138761481E-03
 0.65548903746817E-03
 0.77738638549028E-03
 0.91488343904397E-03
 0.10690555266110E-02
 0.12409858351938E-02
 0.14317616676036E-02
 0.16424758718011E-02
 0.18742285844980E-02
 0.21281274821346E-02
 0.24052899360243E-02
 0.27068429331186E-02
 0.30339296920261E-02
 0.33877036544415E-02
 0.37693353417576E-02
 0.41800130982864E-02
 0.46209451544541E-02
 0.50933616250548E-02
 0.55985159003936E-02
 0.61376872200263E-02
 0.67121798510722E-02
 0.73233210175572E-02
 0.79724784095477E-02
 0.86610411747007E-02
 0.93904325137564E-02
 0.10162109395647E-01
 0.10977564648355E-01
 0.11838323001718E-01
 0.12745946314177E-01
 0.13702032647067E-01
 0.14708216913297E-01
 0.15766173901136E-01
 0.16877620984195E-01
 0.18044315534842E-01
 0.19268055563956E-01
 0.20550679111507E-01
 0.21894058366085E-01
 0.23300114685090E-01
 0.24770834163612E-01
 0.26308221984665E-01
 0.27914338573701E-01
 0.29591288306844E-01
 0.31341221542736E-01
 0.33166333547330E-01
 0.35068879454121E-01
 0.37051165564443E-01
 0.39115535780617E-01
 0.41268327968484E-01
 0.43504591622043E-01
 0.45830328738321E-01
 0.48248114525949E-01
 0.50760555184420E-01
 0.53370294590258E-01
 0.56080060095638E-01
 0.58892629584233E-01
 0.61810832586396E-01
 0.64837531950922E-01
 0.67975666492745E-01
 0.71228220310592E-01
 0.74598216659020E-01
 0.78088751944186E-01
 0.81702963579937E-01
 0.85444031538575E-01
 0.89315178563035E-01
 0.93319688416755E-01
 0.97460872531150E-01
 0.10174203332813E+00
 0.10616655825895E+00
 0.11073787543574E+00
 0.11545938938678E+00
 0.12033452748753E+00
 0.12536671940707E+00
 0.13055936514025E+00
 0.13591591203278E+00
 0.14143969878966E+00
 0.14713415257440E+00
 0.15300251389392E+00
 0.15904797013787E+00
 0.16527361644523E+00
 0.17168249036737E+00
 0.17827744642326E+00
 0.18506121754108E+00
 0.19203629827461E+00
 0.19920505106165E+00
 0.20657176352875E+00
 0.21413404337231E+00
 0.22189536902916E+00
 0.22985684664857E+00
 0.23801932432734E+00
 0.24638313267328E+00
 0.25494812680710E+00
 0.26371370876150E+00
 0.27267876201351E+00
 0.28184157991513E+00
 0.29119985716303E+00
 0.30075055075591E+00
 0.31049006266962E+00
 0.32041406971783E+00
 0.33051755331246E+00
 0.34079466290417E+00
 0.35123894079729E+00
 0.36184313671300E+00
 0.37259920967179E+00
 0.38349850224742E+00
 0.39453168809300E+00
 0.40568871526065E+00
 0.41695899613936E+00
 0.42833141380979E+00
 0.43979439813768E+00
 0.45133582791547E+00
 0.46294339263827E+00
 0.47460449978063E+00
 0.48630634417550E+00
 0.49803607726010E+00
 0.50978082409982E+00
 0.52152770954115E+00
 0.53326505850361E+00
 0.54497850246199E+00
 0.55665676458220E+00
 0.56828800538574E+00
 0.57986063497132E+00
 0.59136357701918E+00
 0.60278622360516E+00
 0.61411833475992E+00
 0.62535007464649E+00
 0.63647211012512E+00
 0.64747554712009E+00
 0.65835197148982E+00
 0.66909338371438E+00
 0.67969207290430E+00
 0.69014086397956E+00
 0.70043291033405E+00
 0.71056167694907E+00
 0.72052085440212E+00
 0.73030450703047E+00
 0.73990690260718E+00
 0.74932259054501E+00
 0.75854626429505E+00
 0.76757288738450E+00
 0.77639764829605E+00
 0.78501595795551E+00
 0.79342340357880E+00
 0.80161592032720E+00
 0.80958974554565E+00
 0.81734137603044E+00
 0.82486777429152E+00
 0.83216634045535E+00
 0.83923488422668E+00
 0.84607182926542E+00
 0.85267613626635E+00
 0.85904745847408E+00
 0.86518584758581E+00
 0.87109267389941E+00
 0.87676943266938E+00
 0.88221848180312E+00
 0.88744289898980E+00
 0.89244641847010E+00
 0.89723339860958E+00
 0.90180874286825E+00
 0.90617787598273E+00
 0.91034667243868E+00
 0.91432199864461E+00
 0.91810912552608E+00
 0.92171543667481E+00
 0.92514784914034E+00
 0.92841337227728E+00
 0.93151904007221E+00
 0.93447187236853E+00
 0.93727881645284E+00
 0.93994670452571E+00
 0.94248222812422E+00
 0.94489189225517E+00
 0.94718201198240E+00
 0.94935868296125E+00
 0.95142777212694E+00
 0.95339490753062E+00
 0.95526547506540E+00
 0.95704461626238E+00
 0.95873722813484E+00
 0.96034796613063E+00
 0.96188125016270E+00
 0.96334127012408E+00
 0.96473197170912E+00
 0.96605715821058E+00
 0.96732034622429E+00
 0.96852488442875E+00
 0.96967393393363E+00
 0.97077047445368E+00
 0.97181731846545E+00
 0.97281711427840E+00
 0.97377235713937E+00
 0.97468539963482E+00
 0.97555845817352E+00
 0.97639362079318E+00
 0.97719285267526E+00
 0.97795800748181E+00
 0.97869083131678E+00
 0.97939296898138E+00
 0.98006597099718E+00
 0.98071129933617E+00
 0.98133033201473E+00
 0.98192436985994E+00
 0.98249463929548E+00
 0.98304229776695E+00
 0.98356843755494E+00
 0.98407409041960E+00
 0.98456023131088E+00
 0.98502778134998E+00
 0.98547761098175E+00
 0.98591054324139E+00
 0.98632735699111E+00
 0.98672878900505E+00
 0.98711553686035E+00
 0.98748826101062E+00
 0.98784758715825E+00
 0.98819410838711E+00
 0.98852838701350E+00
 0.98885095618254E+00
 0.98916232191727E+00
 0.98946296452387E+00
 0.98975333968176E+00
 0.99003388063230E+00
 0.99030499889373E+00
 0.99056708559616E+00
 0.99082051277161E+00
 0.99106563447629E+00
 0.99130278729183E+00
 0.99153229176518E+00
 0.99175445334912E+00
 0.99196956282873E+00
 0.99217789732521E+00
 0.99237972119065E+00
 0.99257528646174E+00
 0.99276483359399E+00
 0.99294859193829E+00
 0.99312678055918E+00
 0.99329960866064E+00
 0.99346727609309E+00
 0.99362997384719E+00
 0.99378788442101E+00
 0.99394118238649E+00
 0.99409003474541E+00
 0.99423460135867E+00
 0.99437503502097E+00
 0.99451148213875E+00
 0.99464408296546E+00
 0.99477297191611E+00
 0.99489827769031E+00
 0.99502012367647E+00
 0.99513862821435E+00
 0.99525390482490E+00
 0.99536606238395E+00
 0.99547520539550E+00
 0.99558143415869E+00
 0.99568484503104E+00
 0.99578553057265E+00
 0.99588357958970E+00
 0.99597907754726E+00
 0.99607210653204E+00
 0.99616274550475E+00
 0.99625107038681E+00
 0.99633715426296E+00
