 0.22138715949488E+00
 0.22138715949506E+00
 0.22138715949934E+00
 0.22138715952808E+00
 0.22138715963038E+00
 0.22138715988443E+00
 0.22138716038533E+00
 0.22138716119999E+00
 0.22138716221996E+00
 0.22138716282478E+00
 0.22138716132671E+00
 0.22138715426794E+00
 0.22138713570893E+00
 0.22138694551239E+00
 0.22138672224725E+00
 0.22138642110578E+00
 0.22138581939451E+00
 0.22138490056881E+00
 0.22138375672059E+00
 0.22138208744849E+00
 0.22137987739779E+00
 0.22137718263113E+00
 0.22137368424073E+00
 0.22136951572517E+00
 0.22136435975279E+00
 0.22135837293235E+00
 0.22135124048699E+00
 0.22134312844006E+00
 0.22133386692724E+00
 0.22132324316696E+00
 0.22131146859338E+00
 0.22129837813650E+00
 0.22128378346246E+00
 0.22126791334020E+00
 0.22125061512410E+00
 0.22123186507338E+00
 0.22121150017191E+00
 0.22118977317197E+00
 0.22116655191492E+00
 0.22114182870254E+00
 0.22111560294875E+00
 0.22108774143606E+00
 0.22105851425749E+00
 0.22102780774288E+00
 0.22099563339435E+00
 0.22096200774589E+00
 0.22092695005347E+00
 0.22089048206542E+00
 0.22085262789561E+00
 0.22081327473853E+00
 0.22077272217247E+00
 0.22073086976671E+00
 0.22068774786370E+00
 0.22064339003831E+00
 0.22059783146051E+00
 0.22055110880049E+00
 0.22050326015922E+00
 0.22045432510748E+00
 0.22040434432022E+00
 0.22035335986938E+00
 0.22030141508331E+00
 0.22024841504476E+00
 0.22019467999893E+00
 0.22014012291890E+00
 0.22008479071769E+00
 0.22002873257735E+00
 0.21997199881627E+00
 0.21991464088604E+00
 0.21985671135429E+00
 0.21979826393845E+00
 0.21973935346723E+00
 0.21968003588268E+00
 0.21962036826483E+00
 0.21956040883517E+00
 0.21950021695584E+00
 0.21943985312070E+00
 0.21937937902316E+00
 0.21931885749667E+00
 0.21925835255374E+00
 0.21919792905587E+00
 0.21913751134830E+00
 0.21907744859844E+00
 0.21901767143149E+00
 0.21895824927662E+00
 0.21889925356458E+00
 0.21884077528461E+00
 0.21878285538017E+00
 0.21872558516330E+00
 0.21866904157882E+00
 0.21861330304365E+00
 0.21855844975302E+00
 0.21850456341466E+00
 0.21845172717971E+00
 0.21840002600727E+00
 0.21834954650117E+00
 0.21830037716413E+00
 0.21825260828698E+00
 0.21820618895306E+00
 0.21816149497979E+00
 0.21811848492962E+00
 0.21807725609233E+00
 0.21803790907474E+00
 0.21800054669144E+00
 0.21796527430009E+00
 0.21793219953837E+00
 0.21790143154376E+00
 0.21787308477009E+00
 0.21784727430310E+00
 0.21782411775830E+00
 0.21780373653700E+00
 0.21778611332483E+00
 0.21777165283939E+00
 0.21776034836398E+00
 0.21775233134094E+00
 0.21774774004300E+00
 0.21774671181138E+00
 0.21774938827547E+00
 0.21775591439292E+00
 0.21776643855183E+00
 0.21778111186176E+00
 0.21779995170660E+00
 0.21782340224301E+00
 0.21785144844305E+00
 0.21788427115178E+00
 0.21792203225952E+00
 0.21796489551189E+00
 0.21801302567726E+00
 0.21806658841988E+00
 0.21812574957817E+00
 0.21819054439474E+00
 0.21826139275331E+00
 0.21833833285905E+00
 0.21842152583912E+00
 0.21851112990113E+00
 0.21860729952326E+00
 0.21871018533629E+00
 0.21881981409024E+00
 0.21893656071659E+00
 0.21906044417188E+00
 0.21919159221210E+00
 0.21933012536193E+00
 0.21947615553747E+00
 0.21962978860205E+00
 0.21979100907362E+00
 0.21996012464479E+00
 0.22013710887630E+00
 0.22032203566223E+00
 0.22051497230827E+00
 0.22071597768821E+00
 0.22092500385932E+00
 0.22114229785981E+00
 0.22136781057177E+00
 0.22160158544189E+00
 0.22184366290980E+00
 0.22209401868566E+00
 0.22235283037045E+00
 0.22262008308393E+00
 0.22289582183807E+00
 0.22318011482307E+00
 0.22347294686441E+00
 0.22377454589012E+00
 0.22408492399051E+00
 0.22440417380166E+00
 0.22473240591398E+00
 0.22506966844868E+00
 0.22541622989804E+00
 0.22577216384846E+00
 0.22613762599140E+00
 0.22651272942553E+00
 0.22689776374629E+00
 0.22729285481153E+00
 0.22769818882809E+00
 0.22811391015091E+00
 0.22854030965646E+00
 0.22897752966337E+00
 0.22942574939373E+00
 0.22988509485804E+00
 0.23035580141813E+00
 0.23083795458089E+00
 0.23133161850331E+00
 0.23183692683308E+00
 0.23235387597796E+00
 0.23288243938648E+00
 0.23342252350180E+00
 0.23397406734799E+00
 0.23453685487568E+00
 0.23511062825394E+00
 0.23569512701820E+00
 0.23628996323543E+00
 0.23689469921850E+00
 0.23750886470678E+00
 0.23813194184703E+00
 0.23876333297142E+00
 0.23940240265657E+00
 0.24004847333255E+00
 0.24070087395982E+00
 0.24135887077013E+00
 0.24202172464014E+00
 0.24268867760124E+00
 0.24335900623585E+00
 0.24403193746394E+00
 0.24470673774341E+00
 0.24538267249006E+00
 0.24605904660977E+00
 0.24673516264751E+00
 0.24741034670030E+00
 0.24808398783269E+00
 0.24875544028132E+00
 0.24942413725893E+00
 0.25008952644070E+00
 0.25075108159213E+00
 0.25140830961319E+00
 0.25206074723296E+00
 0.25270796149639E+00
 0.25334954912086E+00
 0.25398513300912E+00
 0.25461436261397E+00
 0.25523691649289E+00
 0.25585249199286E+00
 0.25646080947819E+00
 0.25706163536743E+00
 0.25765473458891E+00
 0.25823989520871E+00
 0.25881692942130E+00
 0.25938566848103E+00
 0.25994596077199E+00
 0.26049767157187E+00
 0.26104068319219E+00
 0.26157489073248E+00
 0.26210020750869E+00
 0.26261655770685E+00
 0.26312388054933E+00
 0.26362212074728E+00
 0.26411124113979E+00
 0.26459121284648E+00
 0.26506201878812E+00
 0.26552364852451E+00
 0.26597610344939E+00
 0.26641939010153E+00
 0.26685352860580E+00
 0.26727853975088E+00
 0.26769445714426E+00
 0.26810131053413E+00
 0.26849914647256E+00
 0.26888801625306E+00
 0.26926797048335E+00
 0.26963907177253E+00
 0.27000138542974E+00
 0.27035497538646E+00
 0.27069991814750E+00
 0.27103628380787E+00
 0.27136415829610E+00
 0.27168362050989E+00
 0.27199475853341E+00
 0.27229766084294E+00
 0.27259241722945E+00
 0.27287912120931E+00
 0.27315786753341E+00
 0.27342875499493E+00
 0.27369188360377E+00
 0.27394735076189E+00
 0.27419526170541E+00
 0.27443571730511E+00
 0.27466882251232E+00
 0.27489468265542E+00
 0.27511340361873E+00
 0.27532509198056E+00
 0.27552985665424E+00
 0.27572780283096E+00
 0.27591903896446E+00
 0.27610367347182E+00
 0.27628181420073E+00
 0.27645356925666E+00
 0.27661904662539E+00
 0.27677835455724E+00
 0.27693160090209E+00
 0.27707889142107E+00
 0.27722033382220E+00
 0.27735603471873E+00
 0.27748609941508E+00
 0.27761063286237E+00
 0.27772974038541E+00
 0.27784352484074E+00
 0.27795208985504E+00
 0.27805553707666E+00
 0.27815396808995E+00
 0.27824748352964E+00
 0.27833618157070E+00
 0.27842016231500E+00
 0.27849952241293E+00
 0.27857435894914E+00
 0.27864476690644E+00
 0.27871084087940E+00
 0.27877267390940E+00
 0.27883035804579E+00
 0.27888398358682E+00
 0.27893364092401E+00
 0.27897941841372E+00
 0.27902140347750E+00
 0.27905968230719E+00
