 0.00000000000000E+00
-0.27775805928155E-05
-0.30325818189573E-04
-0.12065641756973E-03
-0.30049206825292E-03
-0.57498516083284E-03
-0.93262429502096E-03
-0.13492193077420E-02
-0.17863085922618E-02
-0.21883790541873E-02
-0.24829149653398E-02
-0.25846137534364E-02
-0.24028824355454E-02
-0.87298073936208E-02
-0.11297477357891E-01
-0.12222467546779E-01
-0.16037748473908E-01
-0.20249767586462E-01
-0.22170514479069E-01
-0.25170394282605E-01
-0.27873108714107E-01
-0.29069062663865E-01
-0.30635234524731E-01
-0.31002944157000E-01
-0.31484139232440E-01
-0.30863944258741E-01
-0.30226285593298E-01
-0.28696078386868E-01
-0.26703756688471E-01
-0.24614373913925E-01
-0.21868432428386E-01
-0.18754433766903E-01
-0.15555161243877E-01
-0.11900195861704E-01
-0.80281198626447E-02
-0.39831444525176E-02
 0.69537497871952E-04
 0.43547917571591E-02
 0.87137121432136E-02
 0.13114789486849E-01
 0.17531973107287E-01
 0.21867002555374E-01
 0.26251378696654E-01
 0.30591191632840E-01
 0.34869724833092E-01
 0.39073663493794E-01
 0.43191876791236E-01
 0.47215277746665E-01
 0.51136349126719E-01
 0.54911764617243E-01
 0.58613583386600E-01
 0.62200380781128E-01
 0.65669901021398E-01
 0.69021344472177E-01
 0.72254828658511E-01
 0.75371256379168E-01
 0.78372210408980E-01
 0.81259969351830E-01
 0.84037096477495E-01
 0.86706703383130E-01
 0.89272255130144E-01
 0.91721980669920E-01
 0.94091468578753E-01
 0.96368924327921E-01
 0.98558548193400E-01
 0.10066478696368E+00
 0.10269213135134E+00
 0.10464513426722E+00
 0.10652835690032E+00
 0.10834639941452E+00
 0.11010382720897E+00
 0.11180515454859E+00
 0.11345486970957E+00
 0.11505740858456E+00
 0.11661714690418E+00
 0.11813839675863E+00
 0.11962539321476E+00
 0.12108231207015E+00
 0.12251325021707E+00
 0.12392225216237E+00
 0.12530803147866E+00
 0.12668502410024E+00
 0.12805169563672E+00
 0.12941177695717E+00
 0.13076888007712E+00
 0.13212681942818E+00
 0.13348885437512E+00
 0.13485861651947E+00
 0.13623955621974E+00
 0.13763504273145E+00
 0.13904843821306E+00
 0.14048306482354E+00
 0.14194220735071E+00
 0.14342912350007E+00
 0.14494704778210E+00
 0.14649919667198E+00
 0.14808861756747E+00
 0.14971668946893E+00
 0.15139082540480E+00
 0.15311199480564E+00
 0.15488336390072E+00
 0.15670815626977E+00
 0.15858961402036E+00
 0.16053098591922E+00
 0.16253556372189E+00
 0.16460668812347E+00
 0.16674765971381E+00
 0.16896181080621E+00
 0.17125261022986E+00
 0.17362343908131E+00
 0.17607670411073E+00
 0.17861847544632E+00
 0.18125105334124E+00
 0.18397813002666E+00
 0.18680349439520E+00
 0.18973095881990E+00
 0.19276439852315E+00
 0.19590774894495E+00
 0.19916505339866E+00
 0.20254037501598E+00
 0.20603710796129E+00
 0.20966121417544E+00
 0.21341607519216E+00
 0.21730608921454E+00
 0.22133569911499E+00
 0.22550940921723E+00
 0.22983177454585E+00
 0.23430745152908E+00
 0.23894094607167E+00
 0.24373642917966E+00
 0.24869982349851E+00
 0.25383520506372E+00
 0.25914727081019E+00
 0.26464069804197E+00
 0.27032016295461E+00
 0.27619009554557E+00
 0.28225480318570E+00
 0.28851942078267E+00
 0.29498783744000E+00
 0.30166419764651E+00
 0.30855248144842E+00
 0.31565649060138E+00
 0.32297983962976E+00
 0.33052541246375E+00
 0.33829702479667E+00
 0.34629710955081E+00
 0.35452813996146E+00
 0.36299214555414E+00
 0.37169104870616E+00
 0.38062580245577E+00
 0.38979802708650E+00
 0.39920803568192E+00
 0.40885599459865E+00
 0.41874172437501E+00
 0.42886428219516E+00
 0.43922299549948E+00
 0.44981620708965E+00
 0.46064183295823E+00
 0.47169765701118E+00
 0.48298075510819E+00
 0.49448812770602E+00
 0.50621621311827E+00
 0.51816092355399E+00
 0.53031825442428E+00
 0.54268323928455E+00
 0.55525125499944E+00
 0.56801690265368E+00
 0.58097469822276E+00
 0.59411876056030E+00
 0.60744315130542E+00
 0.62094157574729E+00
 0.63460747878725E+00
 0.64843409668378E+00
 0.66241457297862E+00
 0.67654187098180E+00
 0.69080868736473E+00
 0.70520758719507E+00
 0.71973114440994E+00
 0.73437169354729E+00
 0.74912149996911E+00
 0.76397280522361E+00
 0.77891776801451E+00
 0.79394848091515E+00
 0.80905708853053E+00
 0.82423575741596E+00
 0.83947669470733E+00
 0.85477216531214E+00
 0.87011458059743E+00
 0.88549641599434E+00
 0.90091043724038E+00
 0.91634952571278E+00
 0.93180679383630E+00
 0.94727564848904E+00
 0.96274969957033E+00
 0.97822288488921E+00
 0.99368944819338E+00
 0.10091439269488E+01
 0.10245811778397E+01
 0.10399963835599E+01
 0.10553850326433E+01
 0.10707429317161E+01
 0.10860661818498E+01
 0.11013512010631E+01
 0.11165946478050E+01
 0.11317934753847E+01
 0.11469448752336E+01
 0.11620462428151E+01
 0.11770952822985E+01
 0.11920898537151E+01
 0.12070279979877E+01
 0.12219079500271E+01
 0.12367281044922E+01
 0.12514870068819E+01
 0.12661833312871E+01
 0.12808158827514E+01
 0.12953836000257E+01
 0.13098854908629E+01
 0.13243207010418E+01
 0.13386884373199E+01
 0.13529879965766E+01
 0.13672187522761E+01
 0.13813801320794E+01
 0.13954716547944E+01
 0.14094928599511E+01
 0.14234433569465E+01
 0.14373228136902E+01
 0.14511309179441E+01
 0.14648674284196E+01
 0.14785321057601E+01
 0.14921247653594E+01
 0.15056452587772E+01
 0.15190934408414E+01
 0.15324692489447E+01
 0.15457725792789E+01
 0.15590033799299E+01
 0.15721616388396E+01
 0.15852473192645E+01
 0.15982604777148E+01
 0.16112011223675E+01
 0.16240692780773E+01
 0.16368650144623E+01
 0.16495884021554E+01
 0.16622395601576E+01
 0.16748185283039E+01
 0.16873254982980E+01
 0.16997605501107E+01
 0.17121238255228E+01
 0.17244154887082E+01
 0.17366356979473E+01
 0.17487846105546E+01
 0.17608623919419E+01
 0.17728692333486E+01
 0.17848053295807E+01
 0.17966708897015E+01
 0.18084661269000E+01
 0.18201912369232E+01
 0.18318464409405E+01
 0.18434319697700E+01
 0.18549480598903E+01
 0.18663949352152E+01
 0.18777728668829E+01
 0.18890821038442E+01
 0.19003228832131E+01
 0.19114954691614E+01
 0.19226001259695E+01
 0.19336371207340E+01
 0.19446067274453E+01
 0.19555092337877E+01
 0.19663449125321E+01
 0.19771140434620E+01
 0.19878169173883E+01
 0.19984538246690E+01
 0.20090250573691E+01
 0.20195309159349E+01
 0.20299717003757E+01
 0.20403477091863E+01
 0.20506592497150E+01
 0.20609066262297E+01
 0.20710901482976E+01
 0.20812101301074E+01
 0.20912668849565E+01
 0.21012607274484E+01
 0.21111919734271E+01
 0.21210609395404E+01
 0.21308679499049E+01
 0.21406133228943E+01
 0.21502973827828E+01
 0.21599204553544E+01
 0.21694828594381E+01
 0.21789849229731E+01
 0.21884269752094E+01
 0.21978093495680E+01
 0.22071323645440E+01
 0.22163963538189E+01
 0.22256016468334E+01
 0.22347485737264E+01
 0.22438374677239E+01
 0.22528686570020E+01
 0.22618424724041E+01
 0.22707592449450E+01
