 0.00000000000000E+00
-0.41277693348252E-23
-0.36291014434665E-21
-0.16811278745470E-21
-0.26559899128843E-20
-0.14573332855332E-19
-0.30686850305434E-19
 0.18828632194926E-19
-0.84201478719697E-19
-0.10309175661862E-18
-0.56760448927154E-19
-0.91083330345827E-19
-0.93131357892064E-19
-0.44510272592554E-18
-0.81330855999038E-18
-0.97140371813824E-18
-0.52282461952971E-18
-0.15544888379021E-17
-0.19679162381209E-17
-0.26190027940975E-17
-0.34153434059563E-17
-0.36705090306226E-17
-0.33116093267381E-17
-0.35267465509904E-17
-0.34038977853131E-17
-0.66022968794866E-17
-0.12282380941449E-17
-0.46988164056470E-17
-0.19164019347645E-17
 0.98492412769478E-18
-0.14336508247165E-17
-0.42299098612602E-17
-0.34532776828767E-17
 0.25967778270652E-12
 0.39765416009061E-12
-0.15716858024739E-13
 0.16791852743673E-12
-0.17158937233512E-13
-0.17746180649637E-12
-0.18171648694215E-13
 0.18275732407664E-12
 0.27968325464983E-12
 0.23157659491782E-13
-0.33650159696309E-12
-0.13719588517160E-13
 0.90652722264181E-13
-0.33278958319074E-12
 0.19705431119001E-12
 0.25851545344896E-12
-0.40993244176944E-13
 0.26562014202647E-12
-0.57473012675645E-12
-0.24379125795353E-12
 0.27692199977257E-12
-0.14194276238866E-12
-0.17460816447185E-12
-0.14944553900547E-13
-0.17634413406141E-12
 0.10417096716252E-13
-0.81976011148864E-13
-0.26792885691458E-13
-0.18273259311805E-12
 0.14510666963844E-12
-0.33465472902342E-13
-0.20734099606090E-13
 0.24969798817402E-13
 0.19874769222378E-12
 0.10991110293306E-12
 0.11439270019956E-13
 0.12529164643417E-12
 0.13425309341846E-13
 0.17987301241133E-12
 0.16520366530141E-12
 0.91851636748574E-13
-0.93231744136797E-13
-0.12658624138901E-12
-0.49321488256630E-13
 0.18947190074913E-12
 0.67314395610306E-13
 0.53506630006918E-13
-0.83466135794962E-13
-0.66162119879316E-13
-0.66232964143794E-13
-0.12550364589246E-12
-0.18715443747725E-13
-0.28504079968989E-13
 0.94284586418651E-13
-0.26603244009164E-13
-0.41021808037445E-13
 0.31295994003687E-13
 0.33494412364841E-13
-0.75710277356633E-13
-0.27160620068758E-14
-0.60453638123193E-13
 0.12670998866157E-12
-0.21389455511765E-13
-0.33899955621539E-13
-0.40181318879683E-13
-0.87201377398568E-13
 0.48653045678076E-13
-0.19720220335724E-13
 0.25730534582547E-14
-0.16215621827311E-13
-0.76065795937108E-14
-0.70042464713974E-14
 0.16285972361885E-13
 0.18031562937108E-13
 0.28520671136519E-13
-0.32070076359317E-13
-0.10958686292502E-13
-0.33845429619691E-13
-0.28225790148721E-13
-0.62828518862043E-14
-0.18992948139636E-14
-0.51077923146814E-14
 0.40284090325255E-15
-0.38983808845879E-13
 0.11551393316481E-13
 0.10396869163738E-13
 0.25001075287919E-13
 0.13072119764951E-13
-0.13258635021820E-13
-0.30592204785506E-13
-0.33176735885121E-13
 0.18082825335330E-15
-0.16063377631683E-13
 0.15611172262746E-13
-0.13187875247442E-13
-0.10713997972353E-13
 0.17496826187890E-13
-0.47277503284324E-14
-0.27540113759753E-14
 0.28030534083587E-13
-0.13552241716188E-13
-0.12974260888617E-13
 0.41357518703278E-13
-0.74170018063861E-14
-0.49233573208418E-15
 0.26127060486219E-13
 0.28691499240318E-13
 0.26750093600398E-13
-0.13531365366184E-13
 0.24688399339592E-13
 0.75964069646672E-14
 0.11024061687043E-13
-0.49593925338697E-14
-0.94995221877453E-14
-0.14099848862048E-13
-0.24017612507800E-13
-0.91188702528243E-14
 0.21179550632146E-13
-0.19786780964739E-13
-0.10130129004179E-13
 0.78807376699127E-14
-0.12029880277063E-13
 0.22438462928828E-13
-0.15352747121529E-15
 0.21771172145324E-13
 0.10037707058015E-13
-0.10314841773676E-13
 0.26100502010294E-14
-0.22865583943904E-13
 0.10316682881617E-13
-0.30770468633186E-14
 0.23336794927618E-13
 0.13969910945046E-13
-0.14111657227804E-13
-0.46111051660749E-14
 0.17856345151870E-13
 0.67237735946885E-14
-0.13947057961785E-13
-0.41515204542699E-15
 0.11765538813340E-13
-0.51027297615846E-14
 0.19215557834334E-14
 0.27002837569612E-13
 0.72905102912854E-14
 0.21018036127901E-13
 0.11961415856274E-13
 0.21235273709099E-13
 0.73833139780529E-14
 0.30047786687086E-13
 0.34745597600368E-13
 0.19761565032004E-13
 0.19768134723471E-14
 0.16233792331182E-13
-0.16120119195400E-13
 0.10729827798821E-13
-0.11921532467301E-13
-0.30167280413271E-13
 0.59876929418133E-14
-0.69586381930920E-13
-0.14824558433784E-13
 0.59760267423088E-13
 0.15526915550304E-14
 0.71767009343559E-13
-0.93178047886977E-13
-0.60973608820002E-13
 0.71438200590314E-13
 0.22167832752643E-13
 0.24114823333836E-13
-0.11287187115071E-12
 0.33138857978739E-12
-0.29997650979500E-12
 0.93374411847858E-13
 0.16119414021192E-12
-0.10174491900051E-12
 0.19258753279754E-12
-0.10478715190442E-12
-0.37365865726997E-12
 0.30179625981964E-12
 0.47465856519437E-12
-0.15006138428109E-11
 0.48646757445835E-12
-0.98267618366132E-12
 0.34845016471843E-12
-0.11522046889913E-11
-0.67199203435618E-12
-0.17649485458178E-12
-0.73135281554522E-12
-0.32867740581994E-12
 0.41608386397367E-13
 0.18963911635704E-11
 0.11658515313035E-11
-0.67575237541473E-12
-0.82007173019538E-12
-0.11266297297404E-11
 0.17148504514317E-11
 0.11344319584072E-12
 0.11643726398962E-11
-0.20928582883035E-11
 0.12891585592213E-11
 0.13713967728320E-11
-0.42960503577799E-12
-0.22655088761969E-11
 0.34022891282352E-11
-0.59997228479461E-12
 0.84590870563310E-11
-0.32486916570756E-11
 0.16430244039465E-11
 0.95213036423075E-11
-0.50354789097309E-11
 0.21918461255666E-11
 0.24721337578386E-13
-0.16057768124923E-10
-0.70384172176236E-11
 0.60798250875937E-12
-0.56686445409226E-12
 0.22437242018272E-11
-0.16423937358773E-11
 0.35906105936786E-12
-0.99949553250053E-11
-0.20371239078573E-11
-0.99261015485390E-11
 0.14577066305345E-10
 0.96535435681666E-12
 0.24252817932411E-10
-0.32754573824089E-11
 0.59816049438132E-11
-0.65373887774772E-11
 0.19620811672017E-10
 0.36877157319586E-11
 0.16257250914435E-11
-0.10396758902046E-11
 0.21621374879436E-10
-0.97187034528259E-11
-0.16586829320981E-10
 0.39459979484084E-10
-0.10448559676698E-10
-0.28273440640422E-10
 0.18360608509806E-10
 0.71261427023467E-11
 0.29408111779690E-10
-0.61293342999787E-11
 0.46349484685178E-10
-0.12058769038270E-10
-0.28244678714876E-10
 0.25182779505891E-10
-0.28537916275838E-10
-0.28306225766031E-10
 0.24923823756551E-10
-0.32968022039279E-10
-0.11371225860115E-11
-0.22404602587201E-10
 0.34501426531384E-10
 0.49775100039122E-10
 0.37261612140923E-10
-0.31879405133225E-10
-0.33811479395878E-10
 0.94693896523096E-11
 0.65518886101411E-10
 0.95678314702323E-10
-0.28414594737517E-10
 0.11151869617418E-11
 0.20436246446136E-10
 0.12180900973939E-10
 0.26194738498292E-11
 0.39888993668957E-10
 0.22320879922537E-10
 0.16420382133855E-10
