 0.00000000000000E+00
-0.17555778232769E-22
-0.42217123615291E-21
-0.30648402119741E-20
-0.13582929154484E-19
-0.35544358834155E-19
-0.77925097852243E-19
-0.14263649532156E-18
-0.28229517296302E-18
-0.34223315357485E-18
-0.48950211154778E-18
-0.65265213859320E-18
-0.70690425894392E-18
-0.31185457132228E-17
-0.23189152369751E-11
-0.82214812136082E-12
 0.17459330169999E-10
-0.21405710739364E-11
 0.16242441135168E-10
-0.55342286486591E-11
 0.23264392208378E-11
 0.18471944120677E-11
-0.14702307006592E-11
 0.41642388194871E-11
-0.21921375699614E-11
-0.10425911600800E-10
 0.16043895910364E-11
 0.23273167056043E-08
-0.18522952732926E-08
 0.49524993584035E-07
 0.12259942650372E-07
-0.23609880049386E-07
 0.35025432395534E-07
-0.26227471548646E-07
-0.18051149059304E-07
-0.32670955910624E-08
-0.68858849417032E-10
 0.59958880035557E-10
 0.18988093480589E-09
 0.46586357762387E-09
 0.99676434650790E-09
 0.19210333401392E-08
 0.35489776407731E-08
 0.62563579853615E-08
 0.10595224507966E-07
 0.17351245364163E-07
 0.27585492057587E-07
 0.42747930238556E-07
 0.64738901238336E-07
 0.95677300887078E-07
 0.13931728439060E-06
 0.19938278832452E-06
 0.28083745094787E-06
 0.38979386791226E-06
 0.53368431422974E-06
 0.72147207373408E-06
 0.96383756125411E-06
 0.12734395755209E-05
 0.16650994705826E-05
 0.21560744236319E-05
 0.27662879957703E-05
 0.35153423590824E-05
 0.44352319632182E-05
 0.55527847650350E-05
 0.69012548150280E-05
 0.85179185747210E-05
 0.10444429662702E-04
 0.12726962662437E-04
 0.15416455101402E-04
 0.18569592290399E-04
 0.22247444008743E-04
 0.26517585805981E-04
 0.31453368631959E-04
 0.37134415035753E-04
 0.43646921022065E-04
 0.51083908834742E-04
 0.59545102225715E-04
 0.69138870164010E-04
 0.79980063671274E-04
 0.92191253698904E-04
 0.10588151967585E-03
 0.12123544280406E-03
 0.13852966099957E-03
 0.15708818249957E-03
 0.17953035953355E-03
 0.20218971378721E-03
 0.22819080494513E-03
 0.25686265084660E-03
 0.28842442810750E-03
 0.32309760870684E-03
 0.36111536554168E-03
 0.40272293986016E-03
 0.44817830940912E-03
 0.49775220583534E-03
 0.55172990775404E-03
 0.61041100007251E-03
 0.68171597250531E-03
 0.74313073560409E-03
 0.81784555560504E-03
 0.89864838422337E-03
 0.98588927938340E-03
 0.10799755513082E-02
 0.11813256724126E-02
 0.12903799375629E-02
 0.14076060355358E-02
 0.15334884787004E-02
 0.16685313796420E-02
 0.18132562494126E-02
 0.19682442283362E-02
 0.21362844170177E-02
 0.23112968120407E-02
 0.25006786988400E-02
 0.27027691477922E-02
 0.29187476819422E-02
 0.31484301369612E-02
 0.33932162461326E-02
 0.36538178365286E-02
 0.39311003895207E-02
 0.42259854012027E-02
 0.45407192870793E-02
 0.48719447243323E-02
 0.52247417352690E-02
 0.55991634880935E-02
 0.59960546282241E-02
 0.64165331322165E-02
 0.68617284380131E-02
 0.73328095467121E-02
 0.78263900751301E-02
 0.83591000800646E-02
 0.89135122363689E-02
 0.95004292644553E-02
 0.10119558169058E-01
 0.10772111385338E-01
 0.11459419536849E-01
 0.12179356087670E-01
 0.12948517212435E-01
 0.13742720177506E-01
 0.14581892910046E-01
 0.15462107674274E-01
 0.16384507697757E-01
 0.17351246568285E-01
 0.18360977132482E-01
 0.19413462383266E-01
 0.20516323156632E-01
 0.21664274441673E-01
 0.22859551841393E-01
 0.24101269814152E-01
 0.25396019972452E-01
 0.26729946840467E-01
 0.28121705356825E-01
 0.29558356361136E-01
 0.31043262972495E-01
 0.32576409928073E-01
 0.34156394135687E-01
 0.35782847979130E-01
 0.37455070477538E-01
 0.39169224136837E-01
 0.40932611536782E-01
 0.42735229937412E-01
 0.44578878034725E-01
 0.46460031095122E-01
 0.48381422927142E-01
 0.50340725026700E-01
 0.52325035372281E-01
 0.54349629074321E-01
 0.56400428745874E-01
 0.58479673771566E-01
 0.60580667265767E-01
 0.62705607989613E-01
 0.64850295698152E-01
 0.67010051211389E-01
 0.69182482156187E-01
 0.71364040452461E-01
 0.73554240068473E-01
 0.75745554444689E-01
 0.77933552570556E-01
 0.80120226440869E-01
 0.82296517241172E-01
 0.84458594199184E-01
 0.86604421395632E-01
 0.88729536876900E-01
 0.90827610137738E-01
 0.92896224555457E-01
 0.94931768785497E-01
 0.96929928782102E-01
 0.98886321206996E-01
 0.10079971724225E+00
 0.10266512329175E+00
 0.10448053542524E+00
 0.10624370761596E+00
 0.10795339466610E+00
 0.10960828258769E+00
 0.11120700936569E+00
 0.11274905700903E+00
 0.11423557521606E+00
 0.11566589323198E+00
 0.11704122825924E+00
 0.11836294417666E+00
 0.11963182136930E+00
 0.12084990997738E+00
 0.12201874155154E+00
 0.12314129763719E+00
 0.12421749625402E+00
 0.12525137642774E+00
 0.12624485368330E+00
 0.12719701579452E+00
 0.12811431767980E+00
 0.12899664550659E+00
 0.12984577352138E+00
 0.13066428279834E+00
 0.13145325518981E+00
 0.13221510357382E+00
 0.13295080804877E+00
 0.13366202200121E+00
 0.13435082838575E+00
 0.13501726122240E+00
 0.13566421695389E+00
 0.13629172613869E+00
 0.13690092871057E+00
 0.13749339951922E+00
 0.13806943044091E+00
 0.13863114156635E+00
 0.13917821856857E+00
 0.13971110560322E+00
 0.14023214531463E+00
 0.14073987562672E+00
 0.14123768313006E+00
 0.14172372206756E+00
 0.14219896005964E+00
 0.14266522589291E+00
 0.14312083223456E+00
 0.14356938101591E+00
 0.14400804223219E+00
 0.14443847312075E+00
 0.14486187630857E+00
 0.14527650216345E+00
 0.14568545762665E+00
 0.14608765335824E+00
 0.14648178033968E+00
 0.14687103174552E+00
 0.14725201471040E+00
 0.14763070379268E+00
 0.14800098188151E+00
 0.14836897579143E+00
 0.14872804394873E+00
 0.14908363298477E+00
 0.14943474086454E+00
 0.14978013781785E+00
 0.15012256242164E+00
 0.15045917097468E+00
 0.15079123314404E+00
 0.15112016205870E+00
 0.15144487119716E+00
 0.15176634858559E+00
 0.15208330278839E+00
 0.15239602755835E+00
 0.15270623313299E+00
 0.15301317696433E+00
 0.15331477577219E+00
 0.15361477105242E+00
 0.15391231652110E+00
 0.15420504116474E+00
 0.15449518336824E+00
 0.15478240096587E+00
 0.15506670904050E+00
 0.15534827363552E+00
 0.15562700105510E+00
 0.15590280174662E+00
 0.15617583044485E+00
 0.15644652939097E+00
 0.15671465975370E+00
 0.15698000668842E+00
 0.15724282204696E+00
 0.15750346989285E+00
 0.15776180637847E+00
 0.15801761451354E+00
 0.15827104871370E+00
 0.15852222216440E+00
 0.15877140174229E+00
 0.15901848513133E+00
 0.15926326211219E+00
 0.15950576943999E+00
 0.15974625335439E+00
 0.15998482972971E+00
 0.16022102314675E+00
 0.16045526364457E+00
 0.16068791954788E+00
 0.16091844110399E+00
 0.16114689035077E+00
 0.16137328309159E+00
 0.16159835723970E+00
 0.16182073455691E+00
 0.16204216294736E+00
 0.16226187881910E+00
 0.16247986638321E+00
 0.16269557912363E+00
 0.16290947906443E+00
 0.16312188377863E+00
 0.16333261623528E+00
 0.16354164129218E+00
