 0.00000000000000E+00
 0.16369382275589E-24
 0.17018009441814E-22
 0.95025416883194E-22
 0.61949489168075E-21
 0.36389029206450E-20
 0.56121488444946E-20
 0.17376076230070E-20
 0.27398798461327E-19
 0.57416599716752E-19
 0.63075843516585E-19
 0.59632679004065E-19
 0.10711566457279E-18
 0.52909612490866E-18
 0.86386799854538E-18
 0.12232757665969E-17
 0.12741863367482E-17
 0.28193900848048E-17
 0.25162785063678E-17
 0.49820685766856E-17
 0.31533944850953E-17
 0.86925984765435E-17
 0.10574955174925E-16
 0.10907945175663E-16
 0.89615345329699E-17
 0.18804750002779E-16
 0.10681591703407E-16
 0.17461553574009E-16
 0.11780260673936E-16
 0.12336550761317E-16
 0.11978525930721E-16
 0.15433582003863E-16
 0.79518052946158E-17
-0.20318591438640E-11
-0.27295909034532E-11
 0.21704486621889E-12
-0.19975168751176E-11
 0.13453446714548E-12
 0.14603687285563E-11
-0.67499732495019E-12
-0.17569377669988E-11
-0.30857320701576E-11
 0.45864254051652E-12
 0.14218277968960E-11
-0.98017072769928E-12
 0.95071118081656E-12
 0.36332561841021E-11
-0.22155595224363E-11
-0.12943810504762E-11
 0.13733681391227E-11
-0.23338744466532E-11
 0.54923695069889E-11
 0.20509229861186E-11
-0.22649866855285E-11
 0.13246773808827E-11
 0.29527018505123E-12
-0.18029096084572E-11
 0.26951105731340E-11
 0.17211960097781E-11
 0.94290790793883E-12
 0.11734521131993E-11
 0.27368395498473E-11
-0.41109393617725E-11
 0.55182258002079E-12
-0.30361986729105E-11
 0.64975311314366E-12
-0.44434029807036E-11
-0.13683718608199E-11
 0.10736999007139E-11
-0.19601584995765E-11
-0.51424299059780E-12
-0.43523857200828E-11
-0.39515059414120E-11
-0.83336463621921E-12
 0.31247713673738E-11
 0.38808723989511E-11
 0.14024505119658E-11
-0.54604428817791E-11
-0.14021462982348E-11
-0.58810639751881E-12
 0.34209064245543E-11
 0.22237686269991E-11
 0.14728665866180E-11
 0.35183272213170E-11
 0.18478704011480E-11
 0.13804489189478E-11
-0.16329758647770E-11
-0.32537707020320E-12
 0.18587351922708E-11
 0.16317144473635E-11
-0.65465046234918E-12
 0.18198368784497E-11
 0.93537189252467E-12
 0.67432371267191E-12
-0.51976937815534E-11
-0.66454647167289E-12
 0.10522761761158E-11
 0.20954676677329E-11
 0.33360149739104E-11
-0.20043544396457E-11
 0.10542862768898E-11
-0.25528694591055E-12
 0.97398435427779E-12
-0.17798453082124E-12
 0.10984652469055E-11
-0.61224441642981E-12
-0.46839003182656E-12
-0.34420507805030E-12
-0.69081571263054E-12
 0.69096518950197E-12
 0.25839850409084E-11
 0.74876839253597E-12
-0.41039683237681E-12
-0.31529313874773E-12
-0.64328861246763E-12
 0.83120972984365E-12
 0.10923577820889E-11
-0.74996606105225E-13
-0.13319698653996E-11
-0.54297063036682E-12
-0.49538868604220E-12
 0.90101756743060E-12
 0.20778555394438E-11
 0.21162956874209E-11
 0.99671181261400E-12
 0.15384082355267E-11
-0.12140736274150E-11
-0.61920737835986E-12
 0.68919892432157E-12
-0.13171342776063E-11
 0.12513490580736E-11
 0.70472319297503E-12
-0.17562615322521E-11
 0.73832107740334E-12
 0.81746388177391E-12
-0.30134148635708E-11
 0.15111414620565E-11
-0.56577714377101E-14
-0.13270140886506E-11
-0.27024287539860E-11
-0.11171151670671E-11
 0.17982616444108E-11
-0.24200329881818E-11
-0.75838017469436E-13
-0.57307929212904E-12
 0.20265913837599E-12
 0.17167474993161E-11
 0.15988844210051E-11
 0.19945663717739E-11
 0.34556786210919E-12
-0.13807726231790E-11
 0.14416005490525E-11
 0.14050060366832E-11
 0.40256728037460E-12
 0.10663251840792E-11
-0.21678590603305E-11
 0.43130105692959E-12
-0.19419837737387E-11
-0.48123082341881E-12
 0.44754992704943E-12
 0.48847875997268E-12
 0.20589008535146E-11
-0.68938892391307E-12
-0.12068956594905E-12
-0.25230534476375E-11
-0.17997715314047E-11
 0.10895233683491E-11
 0.11151478000520E-11
-0.19727809446187E-11
-0.84507136674314E-12
 0.16823935740744E-11
-0.10517200738392E-12
-0.24807006628249E-11
 0.16557178002817E-11
-0.53075144482230E-12
-0.28152055347884E-11
-0.74496771950147E-12
-0.15916228285282E-11
-0.12575744450822E-11
-0.42745320449996E-11
-0.97298242502407E-12
-0.28770579243601E-11
-0.43432026385308E-11
-0.24803082162512E-11
-0.18617956382637E-11
-0.39146563813066E-11
 0.38594527744539E-11
-0.36607203852442E-11
 0.35503606271794E-11
 0.20275534681944E-11
 0.18126534860777E-11
 0.13952082734781E-10
-0.11310456553745E-11
-0.11369652653080E-10
 0.81493612841208E-12
-0.52214287491252E-11
 0.19156488264155E-10
 0.20560034134879E-10
-0.20358885159579E-10
-0.10033635883635E-10
 0.92104614825590E-11
-0.73971087482583E-12
-0.62236421115265E-10
 0.58877440705905E-10
-0.11859233742600E-10
-0.29009176883472E-10
 0.20005487923470E-10
-0.29718492944706E-10
 0.72308660411688E-11
 0.30985222994888E-10
-0.58019846781558E-10
-0.38810953421179E-10
 0.27245545507325E-09
-0.19404095638407E-09
 0.13549474779444E-09
-0.71350359705270E-10
 0.34446733227854E-09
 0.15884556587080E-09
-0.79425713911238E-10
 0.10878381905927E-09
 0.39467251721188E-10
 0.58021433075957E-10
-0.66318415205427E-09
-0.23455766294446E-09
 0.80243849979517E-10
 0.21960910141826E-09
 0.43487190030130E-09
-0.18654288868112E-09
 0.16704607486167E-09
-0.54355518102490E-10
 0.52500356891331E-09
-0.49787058961544E-09
 0.18852245165194E-09
 0.34768805496327E-09
 0.84429156639550E-09
-0.89961898502418E-09
 0.70402443820542E-09
-0.14104777588450E-08
-0.30458874194928E-09
 0.27524561336214E-09
-0.21144555157482E-08
 0.17650911318822E-08
-0.36104260448823E-09
-0.14553718308740E-09
 0.27917989536033E-08
 0.11507901799581E-08
 0.25398262463921E-09
 0.46960176082168E-10
 0.28129668339589E-09
-0.51146379825594E-09
-0.28651695073764E-09
 0.28716691916487E-08
-0.71249733163842E-09
 0.36091178545904E-08
-0.27122295913519E-08
-0.14301520659508E-08
-0.47939171700241E-08
 0.18495935949685E-08
-0.42951215707041E-09
-0.61100491421367E-09
-0.33971211140638E-08
 0.15571892483457E-08
-0.96037256270762E-09
 0.19350030404301E-08
-0.37001186763114E-08
 0.14482524772817E-08
 0.18602149343823E-08
-0.11390070256263E-07
 0.42713459127018E-08
 0.92547892555183E-08
-0.72918213340150E-09
-0.76752807621577E-08
-0.11810021330981E-07
 0.40751144317389E-08
-0.93090076573259E-08
 0.80522461178226E-08
 0.14297057491933E-07
-0.53078439273016E-08
 0.55184420221482E-08
 0.11350988781987E-07
-0.10250134123265E-07
 0.11684932022034E-07
-0.92603496110130E-08
 0.18272617642944E-08
 0.21282494555569E-09
-0.14976640443882E-07
-0.22718536059364E-07
 0.17781530538914E-07
 0.14569631037819E-07
-0.33772134016197E-08
-0.26040274249656E-07
-0.29564705185233E-07
-0.40292717700923E-10
-0.14356534111799E-08
 0.63457599674728E-08
-0.81011612913132E-08
 0.58995662685550E-08
-0.11665579214146E-07
-0.90545150037165E-08
-0.90191503099006E-08
