 0.00000000000000E+00
 0.23018579244997E-24
 0.12975396054411E-22
 0.15895332342638E-21
 0.11096513376838E-20
 0.42452020674786E-20
 0.12938679649855E-19
 0.30712441381121E-19
 0.76742422796151E-19
 0.11356640792817E-18
 0.19943746569403E-18
 0.30480357441213E-18
 0.37968932568902E-18
 0.20336742040980E-17
 0.17480991393504E-11
 0.72451842067626E-12
-0.96008858120400E-11
 0.60365247153668E-12
-0.19880105454591E-10
 0.79971790289934E-11
-0.83855884922112E-12
 0.15006912452275E-11
 0.49131106676039E-11
-0.61717290207366E-11
 0.58033127113552E-11
 0.23000312664566E-10
-0.27460643512980E-11
-0.97522862885522E-08
 0.25341200300834E-07
-0.10285182577798E-06
-0.50584414366029E-07
 0.88448953030200E-07
-0.12223340920433E-06
 0.59397133913845E-07
 0.56002389321156E-07
 0.11473867151457E-07
 0.26645704620927E-09
 0.48903378220155E-10
 0.19107777245200E-09
 0.46736501137230E-09
 0.98841625702512E-09
 0.18961483570616E-08
 0.35620711432178E-08
 0.62707033625789E-08
 0.10617993741882E-07
 0.17351206911294E-07
 0.27605953300827E-07
 0.42781115970441E-07
 0.64765079357625E-07
 0.95734767640324E-07
 0.13937501382146E-06
 0.19947353557354E-06
 0.28095365636578E-06
 0.38991373862936E-06
 0.53381036813783E-06
 0.72161235101916E-06
 0.96396284759811E-06
 0.12735976351732E-05
 0.16652660704638E-05
 0.21561985722145E-05
 0.27664029071355E-05
 0.35158181012292E-05
 0.44357467332393E-05
 0.55533313298813E-05
 0.69018443399158E-05
 0.85185579906543E-05
 0.10445151680776E-04
 0.12727757692012E-04
 0.15417389706006E-04
 0.18570754507797E-04
 0.22248902869447E-04
 0.26519510073746E-04
 0.31455967909002E-04
 0.37137966729778E-04
 0.43651817686175E-04
 0.51090012468139E-04
 0.59554452416464E-04
 0.69151710206653E-04
 0.79997616423369E-04
 0.92215035185335E-04
 0.10591718276208E-03
 0.12128228743284E-03
 0.13430326636999E-03
 0.17046623715220E-03
 0.16700191671347E-03
 0.20249275129244E-03
 0.22836066878796E-03
 0.25707858920493E-03
 0.28869897241327E-03
 0.32344495068910E-03
 0.36155262447109E-03
 0.40327135547307E-03
 0.44886153234481E-03
 0.49860046421816E-03
 0.55277822893389E-03
 0.61170164303797E-03
 0.34247036381198E-03
 0.74383800284649E-03
 0.82019971200692E-03
 0.90150695999217E-03
 0.98932793485050E-03
 0.10841168668754E-02
 0.11862975843182E-02
 0.12963192706514E-02
 0.14147265232913E-02
 0.15418823321926E-02
 0.16784601876397E-02
 0.18250166535166E-02
 0.19820521882132E-02
 0.21319093049602E-02
 0.23301942669733E-02
 0.25228747224268E-02
 0.27295816292244E-02
 0.29269292385496E-02
 0.31686787848270E-02
 0.34327043458819E-02
 0.36991471135859E-02
 0.39823230238651E-02
 0.42809754056690E-02
 0.45988859558529E-02
 0.49445957915710E-02
 0.53136712672072E-02
 0.56995680710344E-02
 0.61091142145892E-02
 0.65443104240736E-02
 0.70051526378801E-02
 0.74936950216632E-02
 0.83701268364639E-02
 0.82084497023351E-02
 0.91329851540442E-02
 0.97465201758433E-02
 0.10389433707582E-01
 0.11068428193784E-01
 0.11783702028389E-01
 0.12813669487304E-01
 0.12887954869390E-01
 0.14157766706712E-01
 0.15029123517395E-01
 0.15941544471694E-01
 0.16896152896345E-01
 0.17774279635090E-01
 0.18923858057056E-01
 0.19911884580407E-01
 0.21144905645532E-01
 0.22312606996101E-01
 0.23527795571919E-01
 0.24909856103654E-01
 0.25939756345325E-01
 0.27507381695541E-01
 0.28819475954986E-01
 0.30246222128831E-01
 0.31675568325774E-01
 0.33171756410794E-01
 0.34494220681846E-01
 0.36242570440034E-01
 0.37836878094747E-01
 0.39703402769694E-01
 0.41114968843993E-01
 0.42659272887009E-01
 0.44483298526998E-01
 0.46376361120879E-01
 0.48039104236401E-01
 0.49523570324672E-01
 0.51681925660873E-01
 0.53332119891187E-01
 0.55133092103409E-01
 0.56709558998658E-01
 0.58573284937768E-01
 0.60365850817520E-01
 0.62006471938601E-01
 0.63585375312379E-01
 0.65192508154753E-01
 0.66917733951325E-01
 0.68275184223435E-01
 0.69654695366269E-01
 0.71186974281992E-01
 0.72295613119184E-01
 0.73349692918136E-01
 0.74445340065576E-01
 0.75340331894172E-01
 0.75936829851751E-01
 0.76520310740632E-01
 0.76973496416084E-01
 0.77222338184732E-01
 0.77263768889749E-01
 0.77270792930434E-01
 0.76951585939702E-01
 0.76419861405887E-01
 0.75893037172162E-01
 0.75189688733233E-01
 0.74343952929876E-01
 0.73365737625480E-01
 0.72245981777247E-01
 0.71128990093795E-01
 0.69853838177925E-01
 0.68563196429668E-01
 0.67233362125642E-01
 0.65834845669362E-01
 0.64468198166424E-01
 0.63089717308266E-01
 0.61761688081396E-01
 0.60324500659259E-01
 0.59089249987747E-01
 0.57818613246482E-01
 0.56385370303110E-01
 0.55327642315907E-01
 0.54144320654082E-01
 0.53019015972321E-01
 0.51977255553227E-01
 0.50920189321930E-01
 0.49976344710449E-01
 0.49029156625215E-01
 0.48148570310974E-01
 0.47330722051514E-01
 0.46488044446967E-01
 0.45778518493704E-01
 0.45034111825911E-01
 0.44352420702770E-01
 0.43735343398311E-01
 0.43115981648245E-01
 0.42583182093178E-01
 0.42008939137468E-01
 0.41424091415806E-01
 0.41026826909763E-01
 0.40462094188639E-01
 0.40172070115316E-01
 0.39652180290076E-01
 0.39214436669968E-01
 0.38903685075884E-01
 0.38446832716353E-01
 0.38242929437644E-01
 0.37816552877457E-01
 0.37493195887117E-01
 0.37225340959748E-01
 0.36875575599384E-01
 0.36738040729080E-01
 0.36503805542115E-01
 0.36051221269769E-01
 0.36014010418773E-01
 0.35576122652128E-01
 0.35648206337632E-01
 0.35024737089537E-01
 0.35118953896379E-01
 0.34666072494202E-01
 0.34721185604024E-01
 0.34501456376883E-01
 0.34206249101923E-01
 0.34273543238548E-01
 0.33905555379153E-01
 0.33793800813373E-01
 0.33841494918003E-01
 0.33607875171325E-01
 0.33552260564845E-01
 0.33339237297539E-01
 0.33180681370371E-01
 0.33237012771521E-01
 0.33010586188405E-01
 0.32616434569230E-01
 0.32823242084471E-01
 0.32768253827907E-01
 0.32446676036924E-01
 0.32441521545000E-01
 0.32354428551077E-01
 0.32248748975871E-01
 0.32124290715952E-01
 0.31979554925769E-01
 0.31909105375247E-01
 0.31874019355369E-01
 0.31860512832117E-01
 0.31771622475006E-01
 0.31648855145793E-01
 0.31594364351325E-01
 0.31581178090041E-01
 0.31536783401499E-01
 0.31440156373000E-01
 0.31382235680756E-01
 0.31345413182218E-01
 0.31332510085634E-01
 0.31252791019518E-01
 0.31158772414629E-01
 0.31089232479481E-01
 0.31057438564462E-01
 0.31011519984284E-01
 0.30901570156215E-01
 0.30881819146515E-01
 0.30916061539583E-01
 0.30833671861691E-01
 0.30720709513979E-01
 0.30694518827043E-01
 0.30765268436452E-01
 0.30689858427350E-01
 0.30787673060864E-01
 0.30704897080689E-01
 0.30580985405114E-01
 0.30411703331979E-01
 0.30442659818911E-01
 0.30490840483007E-01
 0.30442905097173E-01
 0.30366693046798E-01
 0.30293503021817E-01
