 0.44212983838527+250
 0.66492843043272+120
 0.35360346065150E+77
 0.81543072400208E+55
 0.84939359806072E+42
 0.18804262420073E+34
 0.12365675806029E+28
 0.28555382355645E+23
 0.70712583694740E+19
 0.92159845381897E+16
 0.40190283732834E+14
 0.43360997598916E+12
 0.93905120458910E+10
 0.35159035498368E+09
 0.20398168342814E+08
 0.16892042223781E+07
 0.18751117835371E+06
 0.26571193981950E+05
 0.46247399229150E+04
 0.95862498258757E+03
 0.23080657581595E+03
 0.63242940345115E+02
 0.19391078252914E+02
 0.65601189543782E+01
 0.24199325880533E+01
 0.96369160133201E+00
 0.41078235948604E+00
 0.18606209338497E+00
 0.88989964119201E-01
 0.44698179816831E-01
 0.20579767557633E+05
 0.11245987981664E+05
 0.63733470066625E+04
 0.82071959219010E+04
 0.49563352354867E+04
 0.48401359838484E+04
 0.37973870174465E+04
 0.30177152996621E+04
 0.24267226042946E+04
 0.19730418704559E+04
 0.16206494731723E+04
 0.13439104906565E+04
 0.11243634531041E+04
 0.94851332038517E+03
 0.80639879347943E+03
 0.69058210157098E+03
 0.59545208029795E+03
 0.51673395350361E+03
 0.45114144168560E+03
 0.39612448747460E+03
 0.34969464381210E+03
 0.31028032172092E+03
 0.27663569553925E+03
 0.24776515273125E+03
 0.22286782086032E+03
 0.20129538553322E+03
 0.18251995147596E+03
 0.16610906920443E+03
 0.15170665536788E+03
 0.13901798841690E+03
 0.12779792398737E+03
 0.11784111882201E+03
 0.10897654228627E+03
 0.10105868467468E+03
 0.93964742322407E+02
 0.87590332163687E+02
 0.81846401021150E+02
 0.76656677066263E+02
 0.71955598057741E+02
 0.67686648882269E+02
 0.63800922503863E+02
 0.60255975155745E+02
 0.57014855341494E+02
 0.54045305344803E+02
 0.51319079668492E+02
 0.48811382658179E+02
 0.46500401050592E+02
 0.44366872141301E+02
 0.42393757644338E+02
 0.40565953298661E+02
 0.38869915038398E+02
 0.37293910245911E+02
 0.35827158384865E+02
 0.34460110510879E+02
 0.33184194902582E+02
 0.31994860685731E+02
 0.30879022420505E+02
 0.29833486160476E+02
 0.28852609052963E+02
 0.27931284173122E+02
 0.27064897542069E+02
 0.26249256108522E+02
 0.25480535133818E+02
 0.24755257669398E+02
 0.24070244617036E+02
 0.23422597633307E+02
 0.22809659877800E+02
 0.22228938404004E+02
 0.21678309930021E+02
 0.21155656649468E+02
 0.20659081431357E+02
 0.20186832605384E+02
 0.19737291753373E+02
 0.19308962123050E+02
 0.18900453910304E+02
 0.18510479034985E+02
 0.18137828628863E+02
 0.17781390409295E+02
 0.17440116972219E+02
 0.17113030828789E+02
 0.16799182460253E+02
 0.16497782030509E+02
 0.16207983273762E+02
 0.15929023422900E+02
 0.15660189715787E+02
 0.15400794946792E+02
 0.15150195400503E+02
 0.14907776644572E+02
 0.14672956652846E+02
 0.14445179979479E+02
 0.14223894954482E+02
 0.14008775596734E+02
 0.13799043686568E+02
 0.13594365559704E+02
 0.13394292028711E+02
 0.13198393512864E+02
 0.13006256006715E+02
 0.12817482749505E+02
 0.12631692489116E+02
 0.12448499751794E+02
 0.12267587843355E+02
 0.12088603729850E+02
 0.11911227103904E+02
 0.11735152713888E+02
 0.11560090844819E+02
 0.11385769924633E+02
 0.11211924452503E+02
 0.11038345646598E+02
 0.10864804125633E+02
 0.10691105747499E+02
 0.10517077247326E+02
 0.10342566710170E+02
 0.10167447434807E+02
 0.99916047544463E+01
 0.98149779513632E+01
 0.96375021865069E+01
 0.94591466853404E+01
 0.92799048092754E+01
 0.90997940837672E+01
 0.89188485824336E+01
 0.87371465813529E+01
 0.85547672907011E+01
 0.83718149004269E+01
 0.81884150721490E+01
 0.80047131756567E+01
 0.78208574895389E+01
 0.76370234137424E+01
 0.74533926357300E+01
 0.72701573514541E+01
 0.70875122733071E+01
 0.69056712103569E+01
 0.67248386316530E+01
 0.65452264774065E+01
 0.63670459821979E+01
 0.61905062696844E+01
 0.60158216110612E+01
 0.58431951628699E+01
 0.56728282577383E+01
 0.55049146817189E+01
 0.53396478962296E+01
 0.51772081721614E+01
 0.50177702004099E+01
 0.48614983388198E+01
 0.47085522071698E+01
 0.45590770452035E+01
 0.44132096470608E+01
 0.42710745713564E+01
 0.41327877529959E+01
 0.39984502081168E+01
 0.38681503650934E+01
 0.37419655994841E+01
 0.36199569839413E+01
 0.35021723730944E+01
 0.33886436821773E+01
 0.32793893768074E+01
 0.31744110290196E+01
 0.30736946389473E+01
 0.29772120153627E+01
 0.28849188133392E+01
 0.27967564842104E+01
 0.27126516426532E+01
 0.26325198823850E+01
 0.25562636550545E+01
 0.24837755892600E+01
 0.24149389187787E+01
 0.23496299957381E+01
 0.22877186296600E+01
 0.22290704329104E+01
 0.21735478699936E+01
 0.21209956967689E+01
 0.20713073253982E+01
 0.20243282127582E+01
 0.19799217818666E+01
 0.19379544856575E+01
 0.18982960025502E+01
 0.18608202019671E+01
 0.18254054100312E+01
 0.17919348215570E+01
 0.17602968548755E+01
 0.17303849962572E+01
 0.17020980889331E+01
 0.16753402209809E+01
 0.16500206835008E+01
 0.16260538600399E+01
 0.16033590616039E+01
 0.15818603561295E+01
 0.15614863941792E+01
 0.15421701857534E+01
 0.15238488382427E+01
 0.15064633957692E+01
 0.14899587757774E+01
 0.14742832140236E+01
 0.14593882905625E+01
 0.14452287042472E+01
 0.14317620402833E+01
 0.14189485951709E+01
 0.14067512107904E+01
 0.13951350907221E+01
 0.13840676842770E+01
 0.13735184828136E+01
 0.13634589104593E+01
 0.13538622099342E+01
 0.13447032477766E+01
 0.13359585197292E+01
 0.13276059484763E+01
 0.13196248150968E+01
 0.13119956782594E+01
 0.13047002519956E+01
 0.12977213821675E+01
 0.12910429336713E+01
 0.12846497255091E+01
 0.12785274767791E+01
 0.12726627202355E+01
 0.12670428131763E+01
 0.12616557901211E+01
 0.12564904085112E+01
 0.12515360475535E+01
 0.12467826757184E+01
 0.12422208294675E+01
 0.12378415664704E+01
 0.12336364387715E+01
 0.12295974516421E+01
 0.12257170345610E+01
 0.12219880301684E+01
 0.12184036547871E+01
 0.12149574893484E+01
 0.12116434414227E+01
 0.12084557357033E+01
 0.12053888926823E+01
 0.12024377116048E+01
 0.11995972456648E+01
 0.11968628039211E+01
 0.11942299265866E+01
 0.11916943724545E+01
 0.11892521086204E+01
 0.11868992921657E+01
 0.11846322681428E+01
 0.11824475517464E+01
 0.11803418287611E+01
 0.11783119358822E+01
 0.11763548575227E+01
 0.11744677175747E+01
 0.11726477724715E+01
 0.11708924012817E+01
 0.11691991015156E+01
 0.11675654831801E+01
 0.11659892638975E+01
 0.11644682606322E+01
 0.11630003852288E+01
 0.11615836405024E+01
 0.11602161158418E+01
 0.11588959811866E+01
 0.11576214881651E+01
 0.11563909571794E+01
 0.11552027836833E+01
 0.11540554277452E+01
 0.11529474131857E+01
 0.11518773243267E+01
 0.11508438045821E+01
 0.11498455516952E+01
 0.11488813155913E+01
 0.11479498948869E+01
 0.11470501382667E+01
 0.11461809417448E+01
 0.11453412417496E+01
 0.11445300153063E+01
 0.11437462824545E+01
 0.11429890990067E+01
 0.11422575578694E+01
 0.11415507864476E+01
