 0.92107344900929E+02
 0.92107344900884E+02
 0.92107344900415E+02
 0.92107344901441E+02
 0.92107344920141E+02
 0.92107345003060E+02
 0.92107345228963E+02
 0.92107345644618E+02
 0.92107346015824E+02
 0.92107345258921E+02
 0.92107340521744E+02
 0.92107326039114E+02
 0.92107291983881E+02
 0.92107297485692E+02
 0.92107248256569E+02
 0.92107132272775E+02
 0.92107017384661E+02
 0.92106864107892E+02
 0.92106574357834E+02
 0.92106237804165E+02
 0.92105801656805E+02
 0.92105176476297E+02
 0.92104455646447E+02
 0.92103511854172E+02
 0.92102439668806E+02
 0.92101104064904E+02
 0.92099603970016E+02
 0.92097806213427E+02
 0.92095745763691E+02
 0.92093482527197E+02
 0.92090873842828E+02
 0.92087964645686E+02
 0.92084815880721E+02
 0.92081289102559E+02
 0.92077436303616E+02
 0.92073249746301E+02
 0.92068793897055E+02
 0.92063933961728E+02
 0.92058725661465E+02
 0.92053167080725E+02
 0.92047255489202E+02
 0.92041054854593E+02
 0.92034435615681E+02
 0.92027456258574E+02
 0.92020116136548E+02
 0.92012413540695E+02
 0.92004346586639E+02
 0.91995913110301E+02
 0.91987110549291E+02
 0.91978003058375E+02
 0.91968455792474E+02
 0.91958527507654E+02
 0.91948213763235E+02
 0.91937508449474E+02
 0.91926404441715E+02
 0.91914893516679E+02
 0.91902966263676E+02
 0.91890611936862E+02
 0.91877818570050E+02
 0.91864572686437E+02
 0.91850859284875E+02
 0.91836729019993E+02
 0.91822031229514E+02
 0.91806810477090E+02
 0.91791045460190E+02
 0.91774712429642E+02
 0.91757785662879E+02
 0.91740237383845E+02
 0.91722037703929E+02
 0.91703154514531E+02
 0.91683553448766E+02
 0.91663197808044E+02
 0.91642048472789E+02
 0.91620063830169E+02
 0.91597199704341E+02
 0.91573409286823E+02
 0.91548643024868E+02
 0.91522848589593E+02
 0.91495970776690E+02
 0.91467951608269E+02
 0.91438798558526E+02
 0.91408311182501E+02
 0.91376488744093E+02
 0.91343260713910E+02
 0.91308552833715E+02
 0.91272270485601E+02
 0.91234362758587E+02
 0.91194730104128E+02
 0.91153283495328E+02
 0.91109929974656E+02
 0.91064572270162E+02
 0.91017108903350E+02
 0.90967434180797E+02
 0.90915437792919E+02
 0.90861004849852E+02
 0.90804015527672E+02
 0.90744345083459E+02
 0.90681933267259E+02
 0.90616507923681E+02
 0.90547995259302E+02
 0.90476249469297E+02
 0.90401118350131E+02
 0.90322443586972E+02
 0.90240060554397E+02
 0.90153798192821E+02
 0.90063479382707E+02
 0.89968918830739E+02
 0.89869924884093E+02
 0.89766298963753E+02
 0.89657834451644E+02
 0.89544385718766E+02
 0.89425595916425E+02
 0.89301301345026E+02
 0.89171264545882E+02
 0.89035237289099E+02
 0.88892965861113E+02
 0.88744186577486E+02
 0.88588627469278E+02
 0.88426007322372E+02
 0.88256036601590E+02
 0.88078482846960E+02
 0.87892883547020E+02
 0.87699040416182E+02
 0.87496605832188E+02
 0.87285250451426E+02
 0.87064637373875E+02
 0.86834423402003E+02
 0.86594259156199E+02
 0.86343790103036E+02
 0.86082719782565E+02
 0.85810564835542E+02
 0.85527020457084E+02
 0.85231721113853E+02
 0.84924301732957E+02
 0.84604399230046E+02
 0.84271653024797E+02
 0.83925761968957E+02
 0.83566265956787E+02
 0.83192876575917E+02
 0.82805259501964E+02
 0.82403091192846E+02
 0.81986061296422E+02
 0.81553870542526E+02
 0.81106287049154E+02
 0.80642943539208E+02
 0.80163637608822E+02
 0.79668136130448E+02
 0.79156223239927E+02
 0.78627702997579E+02
 0.78082443665672E+02
 0.77520200179088E+02
 0.76940876301470E+02
 0.76344353407195E+02
 0.75730533594947E+02
 0.75099342560744E+02
 0.74450710417863E+02
 0.73784601194951E+02
 0.73101001505372E+02
 0.72399904870624E+02
 0.71681369452659E+02
 0.70945380929008E+02
 0.70192034568825E+02
 0.69421435348899E+02
 0.68633704227808E+02
 0.67829030972174E+02
 0.67007554848746E+02
 0.66169539793648E+02
 0.65315262095615E+02
 0.64445065254610E+02
 0.63559289532372E+02
 0.62658394439244E+02
 0.61742888294254E+02
 0.60813365036023E+02
 0.59870447268869E+02
 0.58914888672378E+02
 0.57947520651244E+02
 0.56969279242697E+02
 0.55981156054009E+02
 0.54984286072404E+02
 0.53979899156874E+02
 0.52969291769524E+02
 0.51953882938033E+02
 0.50935176919758E+02
 0.49914754285793E+02
 0.48894239668191E+02
 0.47875340136325E+02
 0.46859787455949E+02
 0.45849316644707E+02
 0.44845674091833E+02
 0.43850589828924E+02
 0.42865699358353E+02
 0.41892615589132E+02
 0.40932855197061E+02
 0.39987835182341E+02
 0.39058854094436E+02
 0.38147077197944E+02
 0.37253541724483E+02
 0.36379144746193E+02
 0.35524641575797E+02
 0.34690405167532E+02
 0.33877380862217E+02
 0.33085688231030E+02
 0.32315551320363E+02
 0.31567077171948E+02
 0.30840270772716E+02
 0.30135042576473E+02
 0.29451213501795E+02
 0.28788537973833E+02
 0.28146700420406E+02
 0.27525332379649E+02
 0.26924020458198E+02
 0.26342313277372E+02
 0.25779729726542E+02
 0.25235765847429E+02
 0.24709900641992E+02
 0.24201601854053E+02
 0.23710330647070E+02
 0.23235544856171E+02
 0.22776704255578E+02
 0.22333276290639E+02
 0.21904720851716E+02
 0.21490520935722E+02
 0.21090164664875E+02
 0.20703151778513E+02
 0.20328994307293E+02
 0.19967217884674E+02
 0.19617362126318E+02
 0.19278980582061E+02
 0.18951641854153E+02
 0.18634928930061E+02
 0.18328439746040E+02
 0.18031786646599E+02
 0.17744596324700E+02
 0.17466509909611E+02
 0.17197182171654E+02
 0.16936281175630E+02
 0.16683488666707E+02
 0.16438498239252E+02
 0.16201016770513E+02
 0.15970762655821E+02
 0.15747466038684E+02
 0.15530867686667E+02
 0.15320719724582E+02
 0.15116784463793E+02
 0.14918832964705E+02
 0.14726647100502E+02
 0.14540017120154E+02
 0.14358741867036E+02
 0.14182628972909E+02
 0.14011493725776E+02
 0.13845159518237E+02
 0.13683456160297E+02
 0.13526221242431E+02
 0.13373298418129E+02
 0.13224537962272E+02
 0.13079796487207E+02
 0.12938936178327E+02
 0.12801824822153E+02
 0.12668335440761E+02
 0.12538346124880E+02
 0.12411740102235E+02
 0.12288404683054E+02
 0.12168232313927E+02
 0.12051119217026E+02
 0.11936965740902E+02
 0.11825676184949E+02
 0.11717158481252E+02
 0.11611323875645E+02
 0.11508087557147E+02
 0.11407367571746E+02
 0.11309085085766E+02
 0.11213164291791E+02
 0.11119532187297E+02
 0.11028118469367E+02
 0.10938855446184E+02
 0.10851677841106E+02
 0.10766523070693E+02
 0.10683330482047E+02
 0.10602041718596E+02
 0.10522600539798E+02
 0.10444952698595E+02
 0.10369045857480E+02
 0.10294829580580E+02
 0.10222255052241E+02
 0.10151275478007E+02
 0.10081845377938E+02
 0.10013920912803E+02
 0.99474598405528E+01
 0.98824212518619E+01
 0.98187656819912E+01
 0.97564549453641E+01
 0.96954521245468E+01
 0.96357215235128E+01
 0.95772288654160E+01
 0.95199407211038E+01
 0.94638248398195E+01
 0.94088499888614E+01
 0.93549860126598E+01
 0.93022036854935E+01
 0.92504747175376E+01
