 0.10893712363211E+00
 0.10893712363193E+00
 0.10893712362771E+00
 0.10893712359943E+00
 0.10893712349875E+00
 0.10893712324873E+00
 0.10893712275576E+00
 0.10893712195399E+00
 0.10893712095019E+00
 0.10893712035517E+00
 0.10893712183016E+00
 0.10893712877837E+00
 0.10893714704520E+00
 0.10893699927914E+00
 0.10893688372338E+00
 0.10893678064253E+00
 0.10893645820293E+00
 0.10893594494827E+00
 0.10893540870703E+00
 0.10893453802978E+00
 0.10893337505132E+00
 0.10893205081012E+00
 0.10893023503842E+00
 0.10892815271560E+00
 0.10892547259100E+00
 0.10892244273865E+00
 0.10891872932458E+00
 0.10891458421866E+00
 0.10890984327714E+00
 0.10890428569955E+00
 0.10889820469033E+00
 0.10889143090687E+00
 0.10888376101853E+00
 0.10887549062391E+00
 0.10886646118359E+00
 0.10885664480844E+00
 0.10884586384254E+00
 0.10883442593082E+00
 0.10882217259420E+00
 0.10880909228806E+00
 0.10879517837596E+00
 0.10878026237760E+00
 0.10876465455106E+00
 0.10874820159305E+00
 0.10873089709824E+00
 0.10871273708140E+00
 0.10869371724801E+00
 0.10867383266498E+00
 0.10865307747769E+00
 0.10863128137518E+00
 0.10860875492998E+00
 0.10858533429478E+00
 0.10856100559624E+00
 0.10853575466971E+00
 0.10850956502144E+00
 0.10848241758941E+00
 0.10845429053590E+00
 0.10842515890292E+00
 0.10839499487526E+00
 0.10836376711709E+00
 0.10833144073060E+00
 0.10829781825076E+00
 0.10826317029619E+00
 0.10822729730744E+00
 0.10819014713584E+00
 0.10815166447448E+00
 0.10811178945292E+00
 0.10807045743585E+00
 0.10802759889201E+00
 0.10798313915100E+00
 0.10793699832387E+00
 0.10788909114125E+00
 0.10783932675674E+00
 0.10778760859064E+00
 0.10773383418128E+00
 0.10767789503829E+00
 0.10761967639909E+00
 0.10755905717329E+00
 0.10749590973312E+00
 0.10743010017086E+00
 0.10736133114930E+00
 0.10728976214216E+00
 0.10721508614455E+00
 0.10713713930440E+00
 0.10705575111744E+00
 0.10697070392097E+00
 0.10688188251424E+00
 0.10678905887661E+00
 0.10669202980136E+00
 0.10659058361828E+00
 0.10648449925743E+00
 0.10637354656555E+00
 0.10625748637046E+00
 0.10613606962945E+00
 0.10600903760459E+00
 0.10587612114061E+00
 0.10573704080880E+00
 0.10559135514440E+00
 0.10543906254184E+00
 0.10527970244722E+00
 0.10511295131677E+00
 0.10493847370978E+00
 0.10475592204319E+00
 0.10456493633030E+00
 0.10436514411745E+00
 0.10415616155317E+00
 0.10393758882872E+00
 0.10370901455519E+00
 0.10347001483075E+00
 0.10322015095958E+00
 0.10295881901263E+00
 0.10268585213269E+00
 0.10240062460222E+00
 0.10210264472419E+00
 0.10179140250512E+00
 0.10146638157837E+00
 0.10112704951215E+00
 0.10077286222267E+00
 0.10040326243381E+00
 0.10001768245341E+00
 0.99615394652269E-01
 0.99196044285222E-01
 0.98759012456544E-01
 0.98303640979279E-01
 0.97829325592493E-01
 0.97335458351596E-01
 0.96821431349509E-01
 0.96286637989772E-01
 0.95730476315307E-01
 0.95152200286857E-01
 0.94551525554092E-01
 0.93927737012643E-01
 0.93280283103622E-01
 0.92608635129509E-01
 0.91912291336492E-01
 0.91190779102239E-01
 0.90443510506434E-01
 0.89670373464310E-01
 0.88870871618966E-01
 0.88044693525650E-01
 0.87191579461463E-01
 0.86311326906404E-01
 0.85403786640481E-01
 0.84468727323248E-01
 0.83506414478481E-01
 0.82516751724402E-01
 0.81499851422610E-01
 0.80455893109833E-01
 0.79385128455768E-01
 0.78287736921300E-01
 0.77164388682537E-01
 0.76015406906046E-01
 0.74841321321483E-01
 0.73642732003445E-01
 0.72420106650597E-01
 0.71174560950987E-01
 0.69906700632830E-01
 0.68617397368473E-01
 0.67307560361879E-01
 0.65978055879006E-01
 0.64630186519600E-01
 0.63264936129096E-01
 0.61883499221101E-01
 0.60487113368033E-01
 0.59076980220503E-01
 0.57654719258573E-01
 0.56221681385147E-01
 0.54779397797769E-01
 0.53329360190393E-01
 0.51873478799236E-01
 0.50413415612413E-01
 0.48951025921963E-01
 0.47488139384290E-01
 0.46026968456308E-01
 0.44569503485340E-01
 0.43117912230780E-01
 0.41674331460448E-01
 0.40241227118765E-01
 0.38820845898314E-01
 0.37415468961852E-01
 0.36027628543639E-01
 0.34659611082159E-01
 0.33313758702720E-01
 0.31992273606348E-01
 0.30697493897118E-01
 0.29431445330091E-01
 0.28196015984078E-01
 0.26993123337813E-01
 0.25824315135235E-01
 0.24691011915714E-01
 0.23594299716898E-01
 0.22535255419232E-01
 0.21514531232582E-01
 0.20532597075057E-01
 0.19589634557312E-01
 0.18685732468268E-01
 0.17820626845740E-01
 0.16993900342403E-01
 0.16204914597489E-01
 0.15452975036379E-01
 0.14737154649689E-01
 0.14056427772766E-01
 0.13409649436455E-01
 0.12795687215102E-01
 0.12213266069632E-01
 0.11661103450429E-01
 0.11137891577067E-01
 0.10642298782691E-01
 0.10173062943848E-01
 0.97288699590272E-02
 0.93084543016113E-02
 0.89105815310902E-02
 0.85340545652583E-02
 0.81777179671594E-02
 0.78404608432465E-02
 0.75212191700160E-02
 0.72189769661510E-02
 0.69327862251207E-02
 0.66616877194100E-02
 0.64048326364684E-02
 0.61613906361519E-02
 0.59305853522549E-02
 0.57116814588223E-02
 0.55039859892802E-02
 0.53068463464886E-02
 0.51196487221087E-02
 0.49418160958870E-02
 0.47728061262966E-02
 0.46121097255265E-02
 0.44592488392027E-02
 0.43137749461976E-02
 0.41752858377044E-02
 0.40433487685332E-02
 0.39176124930231E-02
 0.37977295109370E-02
 0.36833737083862E-02
 0.35742393452491E-02
 0.34700391486243E-02
 0.33705038974463E-02
 0.32753807045194E-02
 0.31844322250883E-02
 0.30974536025887E-02
 0.30141986578457E-02
 0.29344893040527E-02
 0.28581402365536E-02
 0.27849777003625E-02
 0.27148380016844E-02
 0.26475670762232E-02
 0.25830199567986E-02
 0.25210603648425E-02
 0.24615597554006E-02
 0.24044142154192E-02
 0.23494744049411E-02
 0.22966502814200E-02
 0.22458402228161E-02
 0.21969483568889E-02
 0.21498840702156E-02
 0.21045617733830E-02
 0.20609005512132E-02
 0.20188412541185E-02
 0.19782765125271E-02
 0.19391554623487E-02
 0.19014134586318E-02
 0.18649889789779E-02
 0.18298241081888E-02
 0.17958636294151E-02
 0.17630552803848E-02
 0.17313666346245E-02
 0.17007159563980E-02
 0.16710760955475E-02
 0.16424046873591E-02
 0.16146613161510E-02
 0.15878079376139E-02
 0.15618079980829E-02
 0.15366268551757E-02
 0.15122485935990E-02
 0.14886074289753E-02
 0.14656907857402E-02
 0.14434702717199E-02
 0.14219187639291E-02
 0.14010102695729E-02
 0.13807203887595E-02
 0.13610254682934E-02
 0.13419199787520E-02
 0.13233483262532E-02
 0.13053071867227E-02
 0.12877770895071E-02
 0.12707393626394E-02
 0.12541761285603E-02
 0.12380703063426E-02
 0.12224054115163E-02
 0.12071660627042E-02
 0.11923536573991E-02
 0.11779206148357E-02
 0.11638698562478E-02
 0.11501883380493E-02
 0.11368634442751E-02
 0.11238830955343E-02
 0.11112356984154E-02
 0.10989101320574E-02
