 0.10000000133514E-09
 0.10000000133514E-09
 0.10000000133514E-09
 0.10000000133514E-09
 0.10000000133514E-09
 0.10000000133514E-09
 0.10000000133514E-09
 0.10000000133514E-09
 0.10000000133514E-09
 0.10000000133514E-09
 0.10000000133514E-09
 0.10000000133514E-09
 0.10000000133514E-09
 0.10000000133514E-09
 0.10000000133514E-09
 0.10000000133514E-09
 0.10000000133514E-09
 0.10000000133514E-09
 0.10000000133514E-09
 0.10000000133514E-09
 0.10000000133514E-09
 0.10000000133514E-09
 0.10000000133514E-09
 0.10000000133514E-09
 0.10000000133514E-09
 0.10000000133514E-09
 0.10000000133514E-09
 0.10000000133514E-09
 0.10000000133514E-09
 0.10000000133514E-09
 0.87698927510023E-04
 0.87698927510023E-04
 0.87698927510023E-04
 0.19276727665239E-03
 0.19276727665239E-03
 0.30317092479871E-03
 0.37340400100609E-03
 0.45500605545018E-03
 0.54900214670724E-03
 0.65642340942554E-03
 0.77830320931293E-03
 0.91567262317240E-03
 0.10695606965248E-02
 0.12409884912691E-02
 0.14309696775796E-02
 0.16405093561614E-02
 0.18706035139823E-02
 0.21222374854755E-02
 0.23963866576675E-02
 0.26940155372950E-02
 0.30160831529236E-02
 0.33635355878949E-02
 0.37373104955560E-02
 0.41383370063101E-02
 0.45675373437814E-02
 0.50258270111112E-02
 0.55141174019933E-02
 0.60333119494552E-02
 0.65843094179936E-02
 0.71680048751393E-02
 0.77852904294799E-02
 0.84370523910006E-02
 0.91241858984679E-02
 0.98475758996434E-02
 0.10608108376641E-01
 0.11406669595107E-01
 0.12244148950885E-01
 0.13121437452900E-01
 0.14039426927247E-01
 0.14999017287210E-01
 0.16001111120528E-01
 0.17046617252067E-01
 0.18136450208289E-01
 0.19271533070681E-01
 0.20452796424148E-01
 0.21681180794181E-01
 0.22957643352987E-01
 0.24283147334875E-01
 0.25658669763602E-01
 0.27085204311180E-01
 0.28563755572985E-01
 0.30095346173301E-01
 0.31681027673421E-01
 0.33321865676672E-01
 0.35018933696909E-01
 0.36776968976707E-01
 0.38590291929979E-01
 0.40463296585237E-01
 0.42397158512733E-01
 0.44393077349013E-01
 0.46452305772315E-01
 0.48576123287522E-01
 0.50765820752689E-01
 0.53022735859942E-01
 0.55348226469398E-01
 0.57743701981872E-01
 0.60210599895441E-01
 0.62750377925802E-01
 0.65364577911534E-01
 0.68054726471797E-01
 0.70822405447755E-01
 0.73669229731230E-01
 0.76596853149965E-01
 0.79606971571505E-01
 0.82701308740948E-01
 0.85881633353888E-01
 0.89149698255785E-01
 0.92507354421563E-01
 0.95956433437278E-01
 0.99498801835144E-01
 0.10313633389790E+00
 0.10687096602845E+00
 0.11070457057564E+00
 0.11463904789662E+00
 0.11867635392877E+00
 0.12281832443546E+00
 0.12706683452812E+00
 0.13142369533806E+00
 0.13589069572295E+00
 0.14046955729258E+00
 0.14516193897140E+00
 0.14997101333894E+00
 0.15489512838530E+00
 0.15993709109362E+00
 0.16509805163698E+00
 0.17037901715438E+00
 0.17578078797321E+00
 0.18130396717789E+00
 0.18694892000121E+00
 0.19271570015607E+00
 0.19860413244934E+00
 0.20461369772499E+00
 0.21074355309677E+00
 0.21699247720735E+00
 0.22335884309254E+00
 0.22984064112317E+00
 0.23643545889547E+00
 0.24314047614743E+00
 0.24995234869759E+00
 0.25686735104910E+00
 0.26388129836178E+00
 0.27098953243677E+00
 0.27818704291538E+00
 0.28546832593936E+00
 0.29282756499365E+00
 0.30025855670698E+00
 0.30775477604043E+00
 0.31530941877065E+00
 0.32291543528127E+00
 0.33056556436864E+00
 0.33825246639320E+00
 0.34596869262100E+00
 0.35370667871274E+00
 0.36145895971658E+00
 0.36921889387727E+00
 0.37697752865126E+00
 0.38472849584430E+00
 0.39246471794472E+00
 0.40017952392013E+00
 0.40786629079735E+00
 0.41551881729928E+00
 0.42313118192841E+00
 0.43069764770018E+00
 0.43821290664533E+00
 0.44567190047723E+00
 0.45306998264676E+00
 0.46040272370392E+00
 0.46766610689576E+00
 0.47485644195703E+00
 0.48197030487643E+00
 0.48900460091671E+00
 0.49595649862177E+00
 0.50282344276445E+00
 0.50960316095009E+00
 0.51629363654476E+00
 0.52289306915160E+00
 0.52939990328723E+00
 0.53581283511702E+00
 0.54213072747130E+00
 0.54835267694692E+00
 0.55447801413113E+00
 0.56050626396020E+00
 0.56643710951327E+00
 0.57227049527731E+00
 0.57800656558289E+00
 0.58364557363576E+00
 0.58918803850083E+00
 0.59463462641631E+00
 0.59998622201653E+00
 0.60524360892955E+00
 0.61040852683240E+00
 0.61548207428397E+00
 0.62046576846014E+00
 0.62536122812986E+00
 0.63017021740646E+00
 0.63489458613719E+00
 0.63953627281409E+00
 0.64409724739125E+00
 0.64857954447790E+00
 0.65298530990040E+00
 0.65731640190497E+00
 0.66157497552861E+00
 0.66576306729895E+00
 0.66988267776912E+00
 0.67393576917483E+00
 0.67792425790814E+00
 0.68184999988414E+00
 0.68571480027079E+00
 0.68952039772853E+00
 0.69326846573282E+00
 0.69696061406002E+00
 0.70059838527019E+00
 0.70418325752769E+00
 0.70771664381651E+00
 0.71119989411046E+00
 0.71463429591934E+00
 0.71802108463703E+00
 0.72136143845742E+00
 0.72465648115745E+00
 0.72790716554591E+00
 0.73111476534386E+00
 0.73428012608298E+00
 0.73740418708448E+00
 0.74048784827849E+00
 0.74353197124839E+00
 0.74653737584310E+00
 0.74950485175185E+00
 0.75243515946482E+00
 0.75532903880476E+00
 0.75818718893159E+00
 0.76101028320809E+00
 0.76379897579124E+00
 0.76655389970573E+00
 0.76927566426771E+00
 0.77196485771020E+00
 0.77462205114572E+00
 0.77724779625547E+00
 0.77984263018443E+00
 0.78240707356908E+00
 0.78494162955244E+00
 0.78744678849631E+00
 0.78992302885347E+00
 0.79237081471344E+00
 0.79479059807304E+00
 0.79718282019076E+00
 0.79954791233300E+00
 0.80188629315923E+00
 0.80419837151923E+00
 0.80648454911311E+00
 0.80874521396025E+00
 0.81098074964085E+00
 0.81319152974137E+00
 0.81537791939225E+00
 0.81754027809014E+00
 0.81967895487375E+00
 0.82179429327951E+00
 0.82388662846893E+00
 0.82595629078707E+00
 0.82800360376690E+00
 0.83002888311167E+00
 0.83203243908921E+00
 0.83401457980465E+00
 0.83597559954846E+00
 0.83791579396483E+00
 0.83983545329138E+00
 0.84173485734691E+00
 0.84361428515167E+00
 0.84547400917987E+00
 0.84731429954311E+00
 0.84913541750006E+00
 0.85093762222060E+00
 0.85272116793051E+00
 0.85448630559231E+00
 0.85623328082304E+00
 0.85796233459663E+00
 0.85967370430529E+00
 0.86136762428645E+00
 0.86304432445879E+00
 0.86470403034372E+00
 0.86634696414886E+00
 0.86797334484183E+00
 0.86958338625290E+00
 0.87117730205896E+00
 0.87275529910121E+00
 0.87431758259405E+00
 0.87586435464126E+00
 0.87739581402018E+00
 0.87891215511252E+00
 0.88041357057923E+00
 0.88190024990818E+00
 0.88337237934373E+00
 0.88483014229002E+00
 0.88627371925987E+00
 0.88770328807502E+00
 0.88911902407304E+00
 0.89052109883778E+00
 0.89190968370001E+00
 0.89328494476905E+00
 0.89464704709472E+00
 0.89599615308177E+00
