 0.00000000000000E+00
 0.00000000000000E+00
 0.00000000000000E+00
 0.00000000000000E+00
 0.12774283012371E-77
 0.12263531579641E-64
 0.22997107971625E-55
 0.20723735424446E-48
 0.53180810272331E-43
 0.11302835383698E-38
 0.39248078580565E-35
 0.35022819882354E-32
 0.10989200506894E-29
 0.15168567885581E-27
 0.10854585684779E-25
 0.45548782316728E-24
 0.12315704618548E-22
 0.23087845299394E-21
 0.31795747288030E-20
 0.33692007939747E-19
 0.28518569786490E-18
 0.19883000741747E-17
 0.11711083304381E-16
 0.59515822102324E-16
 0.26564100011798E-15
 0.10570435914926E-14
 0.37982393696334E-14
 0.12459859763895E-13
 0.37669379045072E-13
 0.10581938940033E-12
 0.27818308920687E-12
 0.68864436939916E-12
 0.16141358229687E-11
 0.35996292010702E-11
 0.76702400799343E-11
 0.15676350957596E-10
 0.30834801619957E-10
 0.58547501668649E-10
 0.10760460575561E-09
 0.19189852571465E-09
 0.33280480899466E-09
 0.56241232356158E-09
 0.92778654877125E-09
 0.14965336236479E-08
 0.23638550460454E-08
 0.36613823913843E-08
 0.55680405708179E-08
 0.83232026679769E-08
 0.12242391098245E-07
 0.17735874255609E-07
 0.25329783898812E-07
 0.35691325376308E-07
 0.49656536164727E-07
 0.68261906830073E-07
 0.92779509005526E-07
 0.12475573552598E-06
 0.16605364903611E-06
 0.21889888996320E-06
 0.28592904429526E-06
 0.37024634270060E-06
 0.47547350633689E-06
 0.60581576404784E-06
 0.76611033103140E-06
 0.96190708892197E-06
 0.11995241895500E-05
 0.14861183188866E-05
 0.18297541076567E-05
 0.22394747242811E-05
 0.27253733620600E-05
 0.32986653335597E-05
 0.39717604737788E-05
 0.47583356060867E-05
 0.56734068380686E-05
 0.67334014835760E-05
 0.79562294467502E-05
 0.93613539467738E-05
 0.10969861520822E-04
 0.12804531215818E-04
 0.14889903054744E-04
 0.17252345693762E-04
 0.19920210516384E-04
 0.22923565977059E-04
 0.26294742728629E-04
 0.30068094510840E-04
 0.34280137939286E-04
 0.38969662114679E-04
 0.44177648475720E-04
 0.49947550299334E-04
 0.56325236906797E-04
 0.63359100782156E-04
 0.71100139636767E-04
 0.79602041468993E-04
 0.88921275009806E-04
 0.99117188386348E-04
 0.11025211351900E-03
 0.12239148125056E-03
 0.13560394404261E-03
 0.14996202714733E-03
 0.16554027066215E-03
 0.18241831667237E-03
 0.20067918844285E-03
 0.22040994565870E-03
 0.24170190195839E-03
 0.26465085810388E-03
 0.28935736276182E-03
 0.31592698959357E-03
 0.34447066819810E-03
 0.37510502197548E-03
 0.40795273426316E-03
 0.44314298647051E-03
 0.48081327448026E-03
 0.52110457821260E-03
 0.56416971958654E-03
 0.61016888238492E-03
 0.65927157572510E-03
 0.71165722964266E-03
 0.76751612615913E-03
 0.82705018605381E-03
 0.89047397469070E-03
 0.95801569528169E-03
 0.10299207712048E-02
 0.11064452587422E-02
 0.11878646667087E-02
 0.12744755915239E-02
 0.13665935514045E-02
 0.14645561905322E-02
 0.15687250791623E-02
 0.16794877591324E-02
 0.17972598887564E-02
 0.19224913406770E-02
 0.20556538149297E-02
 0.21972654834728E-02
 0.23478795820988E-02
 0.25080909434022E-02
 0.26785392899381E-02
 0.28599129039402E-02
 0.30529575059104E-02
 0.32584605588388E-02
 0.34772841761540E-02
 0.37103513833695E-02
 0.39586553128698E-02
 0.42232642188992E-02
 0.45053276805652E-02
 0.48060881700857E-02
 0.51268622222877E-02
 0.54690846139066E-02
 0.58342903891041E-02
 0.62241289509467E-02
 0.66403713237085E-02
 0.70849262378882E-02
 0.75598184277567E-02
 0.80672428855152E-02
 0.86095449399886E-02
 0.91892366025472E-02
 0.98090324968218E-02
 0.10471763552033E-01
 0.11180529150481E-01
 0.11938612559360E-01
 0.12749522838508E-01
 0.13617003877462E-01
 0.14545008923738E-01
 0.15537774068133E-01
 0.16599768750017E-01
 0.17735731831239E-01
 0.18950665888626E-01
 0.20249806071716E-01
 0.21638667724471E-01
 0.23123005019407E-01
 0.24708814648446E-01
 0.26402256780214E-01
 0.28209704298904E-01
 0.30137646054798E-01
 0.32192668040072E-01
 0.34381335035890E-01
 0.36710197739267E-01
 0.39185642666708E-01
 0.41813830389321E-01
 0.44600529284541E-01
 0.47551059685111E-01
 0.50670136358999E-01
 0.53961688892756E-01
 0.57428801892524E-01
 0.61073507611012E-01
 0.64896721229430E-01
 0.68898047781602E-01
 0.73075752822736E-01
 0.77426689243472E-01
 0.81946193326869E-01
 0.86628169144657E-01
 0.91465011795455E-01
 0.96447954762704E-01
 0.10156672556962E+00
 0.10681004578015E+00
 0.11216564136295E+00
 0.11762049371557E+00
 0.12316096781317E+00
 0.12877309602563E+00
 0.13444272024110E+00
 0.14015573014251E+00
 0.14589967450216E+00
 0.15165815896818E+00
 0.15741952676568E+00
 0.16317139166094E+00
 0.16890206688275E+00
 0.17460069226330E+00
 0.18025724532220E+00
 0.18586258777781E+00
 0.19140847266747E+00
 0.19688751776374E+00
 0.20229322521554E+00
 0.20761992307931E+00
 0.21286273925127E+00
 0.21801755463778E+00
 0.22308095361681E+00
 0.22805017592616E+00
 0.23292306361986E+00
 0.23769800884270E+00
 0.24237390267593E+00
 0.24695009468414E+00
 0.25142629001755E+00
 0.25580266467554E+00
 0.26007959657460E+00
 0.26425778405496E+00
 0.26833816150758E+00
 0.27232187335091E+00
 0.27621023974855E+00
 0.28000473088698E+00
 0.28370694545796E+00
 0.28731858216206E+00
 0.29084142301152E+00
 0.29427731455923E+00
 0.29762815046409E+00
 0.30089587306614E+00
 0.30408243205760E+00
 0.30718979649874E+00
 0.31021993973718E+00
 0.31317482717726E+00
 0.31605641989063E+00
 0.31886665371143E+00
 0.32160744285074E+00
 0.32428067638496E+00
 0.32688821226096E+00
 0.32943188004597E+00
 0.33191346213284E+00
 0.33433471712271E+00
 0.33669735411130E+00
 0.33900304515856E+00
 0.34125342332723E+00
 0.34345007858489E+00
 0.34559455764952E+00
 0.34768836597960E+00
 0.34973296829814E+00
 0.35172978956918E+00
 0.35368021216318E+00
 0.35558557832438E+00
 0.35744718883404E+00
 0.35926630703181E+00
 0.36104415801121E+00
 0.36278192923671E+00
 0.36448077076236E+00
 0.36614179949822E+00
 0.36776609645577E+00
 0.36935470572622E+00
 0.37090864147398E+00
 0.37242888533127E+00
 0.37391638713428E+00
 0.37537206718752E+00
 0.37679681696532E+00
 0.37819149872403E+00
 0.37955694681032E+00
 0.38089396974888E+00
 0.38220334995499E+00
 0.38348584507396E+00
 0.38474218877322E+00
 0.38597309107949E+00
 0.38717923948611E+00
 0.38836129960309E+00
 0.38951991614507E+00
 0.39065571341453E+00
 0.39176929612191E+00
 0.39286124999970E+00
 0.39393214216746E+00
 0.39498252217795E+00
 0.39601292264859E+00
 0.39702385890680E+00
 0.39801583109125E+00
 0.39898932385473E+00
 0.39994480649315E+00
 0.40088273406851E+00
 0.40180354791660E+00
 0.40270767593748E+00
 0.40359553352779E+00
 0.40446752282139E+00
 0.40532403334408E+00
 0.40616544401321E+00
 0.40699212232437E+00
 0.40780442478272E+00
 0.40860269696008E+00
 0.40938727457474E+00
 0.41015848348702E+00
