                  NaN
                  NaN
                  NaN
                  NaN
 0.10000000133514E-09
 0.10000000133514E-09
 0.10000000133514E-09
 0.10000000133514E-09
 0.10000000133514E-09
 0.10000000133517E-09
 0.10000000133562E-09
 0.10000000133993E-09
 0.10000000137675E-09
 0.10000000177956E-09
 0.10000000690179E-09
 0.10000006284285E-09
 0.10000054156470E-09
 0.10000378321366E-09
 0.10002166829027E-09
 0.10010441434386E-09
 0.10043346231338E-09
 0.10158158473694E-09
 0.10515770518905E-09
 0.11524485837210E-09
 0.14132566119939E-09
 0.20377175250000E-09
 0.34344639591545E-09
 0.63747441050084E-09
 0.12237699621080E-08
 0.23373476060334E-08
 0.87720363273758E-04
 0.87729959228119E-04
 0.87743551434847E-04
 0.19287938838855E-03
 0.19292021925964E-03
 0.30346117322849E-03
 0.37385358075025E-03
 0.45568682695424E-03
 0.55001168310430E-03
 0.65789185788131E-03
 0.78040134714047E-03
 0.91862119304417E-03
 0.10736410616542E-02
 0.12465547161599E-02
 0.14384620278185E-02
 0.16504692680414E-02
 0.18836900437739E-02
 0.21392452310893E-02
 0.24182651480466E-02
 0.27218901243194E-02
 0.30512770875117E-02
 0.34075937593448E-02
 0.37920242768537E-02
 0.42057703842371E-02
 0.46500542328720E-02
 0.51261196624500E-02
 0.56352358642030E-02
 0.61786944025358E-02
 0.67578133920826E-02
 0.73739392443057E-02
 0.80284480908935E-02
 0.87227440943158E-02
 0.94582724951685E-02
 0.10236504032713E-01
 0.11058944546651E-01
 0.11927134972084E-01
 0.12842654453078E-01
 0.13807118875194E-01
 0.14822180043748E-01
 0.15889533186550E-01
 0.17010911220977E-01
 0.18188088276383E-01
 0.19422878889972E-01
 0.20717140697129E-01
 0.22072772970926E-01
 0.23491718777363E-01
 0.24975971654265E-01
 0.26527563894771E-01
 0.28148574174774E-01
 0.29841130029881E-01
 0.31607406684089E-01
 0.33449612289068E-01
 0.35370030625687E-01
 0.37370983927470E-01
 0.39454830185568E-01
 0.41627968672189E-01
 0.43885423075289E-01
 0.46233254919622E-01
 0.48674033913903E-01
 0.51210378424168E-01
 0.53844986650610E-01
 0.56580606602582E-01
 0.59420017435006E-01
 0.62366067746119E-01
 0.65421644327302E-01
 0.68589706027229E-01
 0.71873255807598E-01
 0.75275348032381E-01
 0.78799088564358E-01
 0.82447623888666E-01
 0.86224151028366E-01
 0.90131906622370E-01
 0.94174171302572E-01
 0.98354270574915E-01
 0.10267555556163E+00
 0.10714141943534E+00
 0.11175522346880E+00
 0.11652042619382E+00
 0.12144044174960E+00
 0.12651869954075E+00
 0.13175864113001E+00
 0.13716364662282E+00
 0.14273707569043E+00
 0.14848224213558E+00
 0.15440247362834E+00
 0.16050089285443E+00
 0.16678060318037E+00
 0.17324455616925E+00
 0.17989559456988E+00
 0.18673638925557E+00
 0.19376948328938E+00
 0.20099902130503E+00
 0.20842328483703E+00
 0.21604581923426E+00
 0.22386801630163E+00
 0.23189094888797E+00
 0.24011528349446E+00
 0.24854128272527E+00
 0.25716874678675E+00
 0.26599697395657E+00
 0.27502462197974E+00
 0.28424990316549E+00
 0.29367037910619E+00
 0.30328294450466E+00
 0.31308379159676E+00
 0.32306843747133E+00
 0.33323176345501E+00
 0.34356776416368E+00
 0.35406977817347E+00
 0.36473042917487E+00
 0.37554160022939E+00
 0.38649442954406E+00
 0.39757947232823E+00
 0.40878661224563E+00
 0.42010504211133E+00
 0.43152357482387E+00
 0.44303049202349E+00
 0.45461368425269E+00
 0.46626071026307E+00
 0.47795892225589E+00
 0.48969540234147E+00
 0.50145730719087E+00
 0.51323165652124E+00
 0.52500563556862E+00
 0.53676750312865E+00
 0.54850283138135E+00
 0.56020039326577E+00
 0.57184821322078E+00
 0.58343489896244E+00
 0.59494928278580E+00
 0.60638062528298E+00
 0.61771878393272E+00
 0.62895385602779E+00
 0.64007653827530E+00
 0.65107791091225E+00
 0.66194946504103E+00
 0.67268311040131E+00
 0.68327120937904E+00
 0.69370654271213E+00
 0.70398208335473E+00
 0.71409126431374E+00
 0.72402774747824E+00
 0.73378550434729E+00
 0.74335868444478E+00
 0.75274177125487E+00
 0.76192941269146E+00
 0.77091652371023E+00
 0.77969820468464E+00
 0.78826982100427E+00
 0.79662702195801E+00
 0.80476571467685E+00
 0.81268219072471E+00
 0.82037305339518E+00
 0.82783540710936E+00
 0.83506678140635E+00
 0.84206521376422E+00
 0.84882937631339E+00
 0.85535850202812E+00
 0.86165254445660E+00
 0.86771197326809E+00
 0.87353848406632E+00
 0.87913394133643E+00
 0.88450113559577E+00
 0.88964350905526E+00
 0.89456518605971E+00
 0.89927086612566E+00
 0.90376581881542E+00
 0.90805577061033E+00
 0.91214687490027E+00
 0.91604625592826E+00
 0.91975936192643E+00
 0.92329376572776E+00
 0.92665652701221E+00
 0.92985475179761E+00
 0.93289555752391E+00
 0.93578600721762E+00
 0.93853306857680E+00
 0.94114357795185E+00
 0.94362419903615E+00
 0.94598140939440E+00
 0.94822147213603E+00
 0.95035042347361E+00
 0.95237406186129E+00
 0.95429794071418E+00
 0.95612736607094E+00
 0.95786739579738E+00
 0.95952284318783E+00
 0.96109827956715E+00
 0.96259804184632E+00
 0.96402620871190E+00
 0.96538672114280E+00
 0.96668322054050E+00
 0.96791917614599E+00
 0.96909786157562E+00
 0.97022236516416E+00
 0.97129559768232E+00
 0.97232030314345E+00
 0.97329906802194E+00
 0.97423432971796E+00
 0.97512838261192E+00
 0.97598338779769E+00
 0.97680138116684E+00
 0.97758428249656E+00
 0.97833389783064E+00
 0.97905192958813E+00
 0.97973998232235E+00
 0.98039956775005E+00
 0.98103211214574E+00
 0.98163895939157E+00
 0.98222137691531E+00
 0.98278056084304E+00
 0.98331764008470E+00
 0.98383368079474E+00
 0.98432968853725E+00
 0.98480661482609E+00
 0.98526535781288E+00
 0.98570676670857E+00
 0.98613164481551E+00
 0.98654075211092E+00
 0.98693480730665E+00
 0.98731449122548E+00
 0.98768044862956E+00
 0.98803329051588E+00
 0.98837359599482E+00
 0.98870191396596E+00
 0.98901876505048E+00
 0.98932464330415E+00
 0.98962001784651E+00
 0.98990533412434E+00
 0.99018101513255E+00
 0.99044746311038E+00
 0.99070506061367E+00
 0.99095417072145E+00
 0.99119513953491E+00
 0.99142829641403E+00
 0.99165395457854E+00
 0.99187241265642E+00
 0.99208395511439E+00
 0.99228885316501E+00
 0.99248736513511E+00
 0.99267973760996E+00
 0.99286620581304E+00
 0.99304699432335E+00
 0.99322231751404E+00
 0.99339238008606E+00
 0.99355737763935E+00
 0.99371749715494E+00
 0.99387291737678E+00
 0.99402380921246E+00
 0.99417033618439E+00
 0.99431265479507E+00
 0.99445091476615E+00
 0.99458525962676E+00
 0.99471582670555E+00
 0.99484274761645E+00
 0.99496614854830E+00
 0.99508615046720E+00
 0.99520286929601E+00
 0.99531641629911E+00
 0.99542689823746E+00
 0.99553441756492E+00
 0.99563907266655E+00
 0.99574095798372E+00
 0.99584016421334E+00
 0.99593677856011E+00
 0.99603088478552E+00
 0.99612256350074E+00
 0.99621189209934E+00
 0.99629894509138E+00
 0.99638379415325E+00
