 0.10893621746190E+00
 0.10893621746179E+00
 0.10893621746068E+00
 0.10893621746311E+00
 0.10893621750734E+00
 0.10893621770348E+00
 0.10893621823783E+00
 0.10893621922103E+00
 0.10893622009909E+00
 0.10893621830870E+00
 0.10893620710329E+00
 0.10893617284581E+00
 0.10893609229096E+00
 0.10893610530504E+00
 0.10893598885764E+00
 0.10893571450787E+00
 0.10893544275017E+00
 0.10893508018803E+00
 0.10893439481248E+00
 0.10893359873026E+00
 0.10893256707399E+00
 0.10893108829013E+00
 0.10892938327254E+00
 0.10892715089012E+00
 0.10892461484313E+00
 0.10892145577185E+00
 0.10891790768869E+00
 0.10891365564054E+00
 0.10890878237348E+00
 0.10890342961152E+00
 0.10889725999684E+00
 0.10889037986681E+00
 0.10888293341379E+00
 0.10887459330701E+00
 0.10886548259307E+00
 0.10885558307285E+00
 0.10884504728027E+00
 0.10883355661320E+00
 0.10882124295717E+00
 0.10880810192358E+00
 0.10879412720832E+00
 0.10877947017362E+00
 0.10876382473340E+00
 0.10874732932524E+00
 0.10872998261445E+00
 0.10871178076693E+00
 0.10869271954543E+00
 0.10867279406364E+00
 0.10865199850649E+00
 0.10863048466403E+00
 0.10860793426587E+00
 0.10858448639358E+00
 0.10856013085271E+00
 0.10853485352407E+00
 0.10850863791095E+00
 0.10848146494355E+00
 0.10845331277193E+00
 0.10842415642003E+00
 0.10839396805986E+00
 0.10836271632988E+00
 0.10833036630670E+00
 0.10829703795160E+00
 0.10826237644268E+00
 0.10822648749030E+00
 0.10818932149134E+00
 0.10815082313300E+00
 0.10811093251631E+00
 0.10806958497539E+00
 0.10802671094719E+00
 0.10798223572806E+00
 0.10793607939435E+00
 0.10788815664116E+00
 0.10783837658515E+00
 0.10778664260850E+00
 0.10773285221041E+00
 0.10767689686027E+00
 0.10761866175382E+00
 0.10755802575878E+00
 0.10749486120384E+00
 0.10742903414240E+00
 0.10736056458957E+00
 0.10728898455370E+00
 0.10721429544157E+00
 0.10713633507870E+00
 0.10705493293485E+00
 0.10696987118521E+00
 0.10688103494646E+00
 0.10678819582460E+00
 0.10669115068185E+00
 0.10658968780801E+00
 0.10648358608824E+00
 0.10637261532814E+00
 0.10625653631233E+00
 0.10613509995189E+00
 0.10600804746190E+00
 0.10587510963721E+00
 0.10573600699895E+00
 0.10559061156192E+00
 0.10543830316520E+00
 0.10527892540144E+00
 0.10511215578468E+00
 0.10493765882997E+00
 0.10475508690849E+00
 0.10456407998557E+00
 0.10436426555186E+00
 0.10415525972366E+00
 0.10393666260667E+00
 0.10370806277570E+00
 0.10346903625915E+00
 0.10321914429597E+00
 0.10295809243112E+00
 0.10268510470708E+00
 0.10239985458326E+00
 0.10210185098857E+00
 0.10179058386703E+00
 0.10146553680273E+00
 0.10112617728774E+00
 0.10077196117304E+00
 0.10040233110949E+00
 0.10001671932713E+00
 0.99614696268286E-01
 0.99195321686358E-01
 0.98758264045102E-01
 0.98302865348349E-01
 0.97828521338311E-01
 0.97334623995246E-01
 0.96820565336589E-01
 0.96285738683413E-01
 0.95729542000623E-01
 0.95151518754729E-01
 0.94550816989920E-01
 0.93926999642190E-01
 0.93279515418408E-01
 0.92607835546435E-01
 0.91911458196982E-01
 0.91189910667674E-01
 0.90442873150071E-01
 0.89669708512174E-01
 0.88870177377451E-01
 0.88043968466109E-01
 0.87190821982160E-01
 0.86310535341188E-01
 0.85402959245902E-01
 0.84468115526064E-01
 0.83505774341782E-01
 0.82516081599081E-01
 0.81499149775662E-01
 0.80455158324410E-01
 0.79384358851724E-01
 0.78287163425159E-01
 0.77163787352751E-01
 0.76014776182819E-01
 0.74840659686617E-01
 0.73642037895479E-01
 0.72419585487809E-01
 0.71174013587878E-01
 0.69906125615247E-01
 0.68616793349958E-01
 0.67306925913250E-01
 0.65977575467179E-01
 0.64629681299233E-01
 0.63264404785848E-01
 0.61882940535717E-01
 0.60486526043086E-01
 0.59076531591870E-01
 0.57654247158578E-01
 0.56221184691774E-01
 0.54778875439194E-01
 0.53328958247385E-01
 0.51873055779740E-01
 0.50412970599897E-01
 0.48950558112884E-01
 0.47487776471177E-01
 0.46026586763896E-01
 0.44569102351741E-01
 0.43117491096586E-01
 0.41674002589223E-01
 0.40240881903545E-01
 0.38820483973194E-01
 0.37415185460280E-01
 0.36027331603906E-01
 0.34659300021555E-01
 0.33313433980023E-01
 0.31992018305954E-01
 0.30697227902858E-01
 0.29431168793202E-01
 0.28195798181629E-01
 0.26992897082683E-01
 0.25824081126629E-01
 0.24690770530556E-01
 0.23594109566489E-01
 0.22535059950059E-01
 0.21514330839193E-01
 0.20532392198620E-01
 0.19589473338964E-01
 0.18685567870264E-01
 0.17820459579696E-01
 0.16993730795858E-01
 0.16204781299926E-01
 0.15452633666312E-01
 0.14736807745907E-01
 0.14056076449695E-01
 0.13409324595326E-01
 0.12795359973843E-01
 0.12212937353142E-01
 0.11660774134994E-01
 0.11137562461385E-01
 0.10641993371481E-01
 0.10172758767769E-01
 0.97285677665681E-02
 0.93081546076973E-02
 0.89102847897206E-02
 0.85337611704996E-02
 0.81774282588987E-02
 0.78401751098984E-02
 0.75209376529246E-02
 0.72186998636262E-02
 0.69324937408098E-02
 0.66614002646373E-02
 0.64045503161934E-02
 0.61611135153951E-02
 0.59303134734187E-02
 0.57114148403162E-02
 0.55037246301840E-02
 0.53065902287867E-02
 0.51193978129162E-02
 0.49415703499867E-02
 0.47725654872796E-02
 0.46118741282704E-02
 0.44590182111632E-02
 0.43135492084659E-02
 0.41750461915743E-02
 0.40431142372462E-02
 0.39173829946772E-02
 0.37975049456818E-02
 0.36831539744177E-02
 0.35740243399055E-02
 0.34698287683957E-02
 0.33702980387857E-02
 0.32751792641540E-02
 0.31842351003051E-02
 0.30972424581429E-02
 0.30139920326145E-02
 0.29342871134939E-02
 0.28579423729508E-02
 0.27847840581498E-02
 0.27146484770350E-02
 0.26473815671046E-02
 0.25828384780619E-02
 0.25208826998702E-02
 0.24613858083509E-02
 0.24042264722563E-02
 0.23492905834342E-02
 0.22964703155091E-02
 0.22456640147123E-02
 0.21967758114357E-02
 0.21497150944209E-02
 0.21043962765129E-02
 0.20607384447842E-02
 0.20186650943511E-02
 0.19781039517103E-02
 0.19389864529317E-02
 0.19012479102715E-02
 0.18648269207657E-02
 0.18296653325375E-02
 0.17957080523692E-02
 0.17629028204440E-02
 0.17311999966574E-02
 0.17005526382638E-02
 0.16709160705179E-02
 0.16422478714409E-02
 0.16145077541947E-02
 0.15876574189324E-02
 0.15616604448148E-02
 0.15364821919765E-02
 0.15120896782793E-02
 0.14884515929750E-02
 0.14655380242791E-02
 0.14433205068031E-02
 0.14217719193159E-02
 0.14008664026794E-02
 0.13805792917878E-02
 0.13608870706699E-02
 0.13417672578420E-02
 0.13231984745039E-02
 0.13051602232725E-02
 0.12876329417178E-02
 0.12705979594093E-02
 0.12540374007546E-02
 0.12379341866669E-02
 0.12222719668285E-02
 0.12070350931100E-02
 0.11922085852773E-02
 0.11777781582362E-02
 0.11637300603739E-02
 0.11500511370791E-02
 0.11367287734831E-02
 0.11237508920354E-02
 0.11111059009918E-02
 0.10987826811881E-02
