 0.65713351819439E+01
 0.65713351819439E+01
 0.65713351819455E+01
 0.65713351819643E+01
 0.65713351820678E+01
 0.65713351824354E+01
 0.65713351834207E+01
 0.65713351855887E+01
 0.65713351896735E+01
 0.65713351963767E+01
 0.65713352059190E+01
 0.65713352172906E+01
 0.65713352272059E+01
 0.65713354031231E+01
 0.65713355591459E+01
 0.65713357102265E+01
 0.65713360653626E+01
 0.65713365839102E+01
 0.65713370874822E+01
 0.65713378380016E+01
 0.65713387570595E+01
 0.65713396730080E+01
 0.65713408359993E+01
 0.65713419657810E+01
 0.65713432930366E+01
 0.65713444838580E+01
 0.65713457761238E+01
 0.65713468146880E+01
 0.65713476383240E+01
 0.65713483312040E+01
 0.65713485015666E+01
 0.65713481516876E+01
 0.65713473482206E+01
 0.65713456700709E+01
 0.65713431272837E+01
 0.65713395942221E+01
 0.65713350959923E+01
 0.65713291932891E+01
 0.65713218869194E+01
 0.65713130393348E+01
 0.65713025085892E+01
 0.65712903059664E+01
 0.65712759912482E+01
 0.65712595623039E+01
 0.65712408788198E+01
 0.65712197986418E+01
 0.65711961799557E+01
 0.65711698811257E+01
 0.65711407616732E+01
 0.65711088358926E+01
 0.65710736609956E+01
 0.65710352422645E+01
 0.65709934407400E+01
 0.65709481151110E+01
 0.65708991230604E+01
 0.65708463209711E+01
 0.65707895635242E+01
 0.65707287024330E+01
 0.65706635882796E+01
 0.65705940676647E+01
 0.65705199834836E+01
 0.65704413256811E+01
 0.65703576297611E+01
 0.65702688696600E+01
 0.65701748687542E+01
 0.65700754422156E+01
 0.65699703980666E+01
 0.65698595359086E+01
 0.65697426465385E+01
 0.65696195103991E+01
 0.65694898975231E+01
 0.65693535667800E+01
 0.65692102643772E+01
 0.65690597231666E+01
 0.65689016616602E+01
 0.65687357829478E+01
 0.65685617738161E+01
 0.65683793031559E+01
 0.65681880211543E+01
 0.65679875573439E+01
 0.65677776690078E+01
 0.65675576495884E+01
 0.65673272049154E+01
 0.65670858718981E+01
 0.65668331592954E+01
 0.65665685426386E+01
 0.65662914787556E+01
 0.65660013798984E+01
 0.65656976274638E+01
 0.65653795676341E+01
 0.65650465063850E+01
 0.65646977086346E+01
 0.65643323959598E+01
 0.65639497438223E+01
 0.65635488789384E+01
 0.65631288764489E+01
 0.65626887569353E+01
 0.65622276222855E+01
 0.65617440947295E+01
 0.65612371504780E+01
 0.65607055611258E+01
 0.65601480233979E+01
 0.65595631577529E+01
 0.65589495053704E+01
 0.65583055213502E+01
 0.65576295696261E+01
 0.65569199258233E+01
 0.65561747672095E+01
 0.65553921580707E+01
 0.65545700588741E+01
 0.65537064399969E+01
 0.65527987571369E+01
 0.65518447341486E+01
 0.65508418244630E+01
 0.65497873358811E+01
 0.65486784292952E+01
 0.65475121090583E+01
 0.65462852154668E+01
 0.65449944105034E+01
 0.65436361763469E+01
 0.65422069290614E+01
 0.65407025068888E+01
 0.65391189250649E+01
 0.65374518475635E+01
 0.65356967141871E+01
 0.65338487286352E+01
 0.65319028501921E+01
 0.65298537835259E+01
 0.65276959698763E+01
 0.65254236949912E+01
 0.65230306181611E+01
 0.65205104513675E+01
 0.65178564983576E+01
 0.65150617591269E+01
 0.65121189239128E+01
 0.65090203672944E+01
 0.65057582468850E+01
 0.65023240895211E+01
 0.64987094008891E+01
 0.64949052597283E+01
 0.64909024145875E+01
 0.64866912897442E+01
 0.64822619880366E+01
 0.64776043807925E+01
 0.64727077573828E+01
 0.64675613640782E+01
 0.64621540634365E+01
 0.64564744394360E+01
 0.64505107850132E+01
 0.64442512140619E+01
 0.64376833454354E+01
 0.64307948002311E+01
 0.64235728945812E+01
 0.64160047207958E+01
 0.64080772914219E+01
 0.63997771836394E+01
 0.63910910230406E+01
 0.63820052667463E+01
 0.63725061850078E+01
 0.63625799995863E+01
 0.63522127323910E+01
 0.63413903703492E+01
 0.63300989232215E+01
 0.63183241491296E+01
 0.63060520175269E+01
 0.62932682126353E+01
 0.62799585940415E+01
 0.62661089583085E+01
 0.62517051444064E+01
 0.62367329521800E+01
 0.62211782818768E+01
 0.62050271203502E+01
 0.61882655214141E+01
 0.61708795758086E+01
 0.61528554960325E+01
 0.61341796655096E+01
 0.61148385822379E+01
 0.60948188264959E+01
 0.60741072055340E+01
 0.60526906692733E+01
 0.60305563232205E+01
 0.60076914689233E+01
 0.59840836132262E+01
 0.59597204133724E+01
 0.59345897021879E+01
 0.59086795023754E+01
 0.58819780032184E+01
 0.58544735293408E+01
 0.58261546036162E+01
 0.57970097404661E+01
 0.57670276582707E+01
 0.57361970883082E+01
 0.57045068194691E+01
 0.56719456740269E+01
 0.56385024662991E+01
 0.56041659582128E+01
 0.55689248813139E+01
 0.55327678955229E+01
 0.54956835517952E+01
 0.54576603162587E+01
 0.54186865197115E+01
 0.53787503697419E+01
 0.53378399195631E+01
 0.52959430998745E+01
 0.52530476772221E+01
 0.52091412801381E+01
 0.51642114180460E+01
 0.51182453493217E+01
 0.50712302438084E+01
 0.50231531309059E+01
 0.49740008856044E+01
 0.49237602369842E+01
 0.48724177838312E+01
 0.48199600043543E+01
 0.47663732385817E+01
 0.47116436919097E+01
 0.46557574846986E+01
 0.45987005781326E+01
 0.45404588579106E+01
 0.44810180878519E+01
 0.44203639321224E+01
 0.43584819602148E+01
 0.42953576173841E+01
 0.42309763052119E+01
 0.41653233014422E+01
 0.40983837896211E+01
 0.40301428915129E+01
 0.39605856095703E+01
 0.38896969190880E+01
 0.38174616762736E+01
 0.37438646650022E+01
 0.36688906212330E+01
 0.35925241215929E+01
 0.35147497882860E+01
 0.34355521113577E+01
 0.33549154957345E+01
 0.32728243340485E+01
 0.31892628336791E+01
 0.31042152537956E+01
 0.30176657794680E+01
 0.29295984963253E+01
 0.28399974196822E+01
 0.27488464549347E+01
 0.26561296293773E+01
 0.25618306226258E+01
 0.24659332793911E+01
 0.23684213223529E+01
 0.22692783494252E+01
 0.21684879416340E+01
 0.20660336540430E+01
 0.19618989775775E+01
 0.18560672944446E+01
 0.17485219499250E+01
 0.16392462071386E+01
 0.15282232739297E+01
 0.14154363743763E+01
 0.13008686078955E+01
 0.11845030227429E+01
 0.10663226188921E+01
 0.94631034317454E+00
 0.82444903472671E+00
 0.70072147836387E+00
 0.57511051075489E+00
 0.44759881749054E+00
 0.31816904666157E+00
 0.18680379373067E+00
 0.53485588790803E-01
-0.81803130359085E-01
-0.21907992074180E+00
-0.35836240847116E+00
-0.49966829708230E+00
-0.64301533537901E+00
-0.78842133109020E+00
-0.93590416292218E+00
-0.10854817536269E+01
-0.12371720699396E+01
-0.13909931578591E+01
-0.15469631018190E+01
-0.17051000532659E+01
-0.18654222234444E+01
-0.20279478850017E+01
-0.21926953513185E+01
-0.23596829921988E+01
-0.25289292382817E+01
-0.27004525904969E+01
-0.28742715875952E+01
-0.30504048438979E+01
-0.32288710181738E+01
-0.34096888030081E+01
-0.35928769811967E+01
-0.37784543884799E+01
-0.39664399560612E+01
-0.41568525681602E+01
-0.43497112515763E+01
-0.45450350463481E+01
-0.47428430999183E+01
-0.49431545759612E+01
-0.51459886904658E+01
-0.53513647309774E+01
-0.55593020420894E+01
