 0.13343248026524E+01
 0.13343248026502E+01
 0.13343248025986E+01
 0.13343248022521E+01
 0.13343248010190E+01
 0.13343247979566E+01
 0.13343247919184E+01
 0.13343247820978E+01
 0.13343247698027E+01
 0.13343247625145E+01
 0.13343247805812E+01
 0.13343248656868E+01
 0.13343250894295E+01
 0.13343273821410E+01
 0.13343300734810E+01
 0.13343337036157E+01
 0.13343409569850E+01
 0.13343520330800E+01
 0.13343658218926E+01
 0.13343859448936E+01
 0.13344125876194E+01
 0.13344450747721E+01
 0.13344872518703E+01
 0.13345375106843E+01
 0.13345996789428E+01
 0.13346718709611E+01
 0.13347578847029E+01
 0.13348557220425E+01
 0.13349674359409E+01
 0.13350955989245E+01
 0.13352376660589E+01
 0.13353956374278E+01
 0.13355717942291E+01
 0.13357633851312E+01
 0.13359722635188E+01
 0.13361987283299E+01
 0.13364447626812E+01
 0.13367073278543E+01
 0.13369880362723E+01
 0.13372869981471E+01
 0.13376042388891E+01
 0.13379413903683E+01
 0.13382952047758E+01
 0.13386670787165E+01
 0.13390568952922E+01
 0.13394644774410E+01
 0.13398896158010E+01
 0.13403320713782E+01
 0.13407915769404E+01
 0.13412695290168E+01
 0.13417623155642E+01
 0.13422711823195E+01
 0.13427957872269E+01
 0.13433357488590E+01
 0.13438906661920E+01
 0.13444601196175E+01
 0.13450436716579E+01
 0.13456408665301E+01
 0.13462512340194E+01
 0.13468742862507E+01
 0.13475095191148E+01
 0.13481581199479E+01
 0.13488161937946E+01
 0.13494848278635E+01
 0.13501634695182E+01
 0.13508515368943E+01
 0.13515484326138E+01
 0.13522535437432E+01
 0.13529662418722E+01
 0.13536858826201E+01
 0.13544118059609E+01
 0.13551433360905E+01
 0.13558797810537E+01
 0.13566204325867E+01
 0.13573645660306E+01
 0.13581114403563E+01
 0.13588602972201E+01
 0.13596103616612E+01
 0.13603608415122E+01
 0.13611109315290E+01
 0.13618615701336E+01
 0.13626084143334E+01
 0.13633523176108E+01
 0.13640924068268E+01
 0.13648277811018E+01
 0.13655572926419E+01
 0.13662804151661E+01
 0.13669959914093E+01
 0.13677030403415E+01
 0.13684005595287E+01
 0.13690875217130E+01
 0.13697628779489E+01
 0.13704255585599E+01
 0.13710744686450E+01
 0.13717084901617E+01
 0.13723264788250E+01
 0.13729272656537E+01
 0.13735114576370E+01
 0.13740742881800E+01
 0.13746162400258E+01
 0.13751360484460E+01
 0.13756324060043E+01
 0.13761039763568E+01
 0.13765493903357E+01
 0.13769672494239E+01
 0.13773561364816E+01
 0.13777145669413E+01
 0.13780410486450E+01
 0.13783340590347E+01
 0.13785920290966E+01
 0.13788151488190E+01
 0.13789982675248E+01
 0.13791414457513E+01
 0.13792429992857E+01
 0.13793011637071E+01
 0.13793141906237E+01
 0.13792802832301E+01
 0.13791976105244E+01
 0.13790643064983E+01
 0.13788784798230E+01
 0.13786399422842E+01
 0.13783431139552E+01
 0.13779882411639E+01
 0.13775731043318E+01
 0.13770957393120E+01
 0.13765541750559E+01
 0.13759464455602E+01
 0.13752705930396E+01
 0.13745246784878E+01
 0.13737084298155E+01
 0.13728167538727E+01
 0.13718493921873E+01
 0.13708045637607E+01
 0.13696805525673E+01
 0.13684757191205E+01
 0.13671885031120E+01
 0.13658189230029E+01
 0.13643626818489E+01
 0.13628199647850E+01
 0.13611896313862E+01
 0.13594706670842E+01
 0.13576622000900E+01
 0.13557634697707E+01
 0.13537752475619E+01
 0.13516943568536E+01
 0.13495217792307E+01
 0.13472572944756E+01
 0.13449007963202E+01
 0.13424523175311E+01
 0.13399132210254E+01
 0.13372813218455E+01
 0.13345580689715E+01
 0.13317438145875E+01
 0.13288389833978E+01
 0.13258448000888E+01
 0.13227601128022E+01
 0.13195861056900E+01
 0.13163232720756E+01
 0.13129718710125E+01
 0.13095331707296E+01
 0.13060056234012E+01
 0.13023902553045E+01
 0.12986871858560E+01
 0.12948963716139E+01
 0.12910185255083E+01
 0.12870518789956E+01
 0.12829969563755E+01
 0.12788533915977E+01
 0.12746213540966E+01
 0.12702990844041E+01
 0.12658867355740E+01
 0.12613838423006E+01
 0.12567904667496E+01
 0.12521051227175E+01
 0.12473280361546E+01
 0.12424590893606E+01
 0.12374988049884E+01
 0.12324465889805E+01
 0.12273035231748E+01
 0.12220709575789E+01
 0.12167495482346E+01
 0.12113414365443E+01
 0.12058490162764E+01
 0.12002753771540E+01
 0.11946232614322E+01
 0.11888969765359E+01
 0.11831011939757E+01
 0.11772405407470E+01
 0.11713208296398E+01
 0.11653482540669E+01
 0.11593291821716E+01
 0.11532703021143E+01
 0.11471788984239E+01
 0.11410624294976E+01
 0.11349285433681E+01
 0.11287846132281E+01
 0.11226383774982E+01
 0.11164973902353E+01
 0.11103691438762E+01
 0.11042605792387E+01
 0.10981788601543E+01
 0.10921305622773E+01
 0.10861220516011E+01
 0.10801591326984E+01
 0.10742474323708E+01
 0.10683921812297E+01
 0.10625978855862E+01
 0.10568691975313E+01
 0.10512099383484E+01
 0.10456236725504E+01
 0.10401136244444E+01
 0.10346826320284E+01
 0.10293331897794E+01
 0.10240674590036E+01
 0.10188872870739E+01
 0.10137942487524E+01
 0.10087896519497E+01
 0.10038745322931E+01
 0.99904974288673E+00
 0.99431593044303E+00
 0.98967336627749E+00
 0.98512232335057E+00
 0.98066289115808E+00
 0.97629497549785E+00
 0.97201834449585E+00
 0.96783264824708E+00
 0.96373742345243E+00
 0.95973209904673E+00
 0.95581603039923E+00
 0.95198846353528E+00
 0.94824859166557E+00
 0.94459552607955E+00
 0.94102836956571E+00
 0.93754612508506E+00
 0.93414776964678E+00
 0.93083223111671E+00
 0.92759842278932E+00
 0.92444521122724E+00
 0.92137146205980E+00
 0.91837598067644E+00
 0.91545760433613E+00
 0.91261511728154E+00
 0.90984736676923E+00
 0.90715311654600E+00
 0.90453113754399E+00
 0.90198023656805E+00
 0.89949917351982E+00
 0.89708672511252E+00
 0.89474170886055E+00
 0.89246289007960E+00
 0.89024910803216E+00
 0.88809912858975E+00
 0.88601179325524E+00
 0.88398591374318E+00
 0.88202032715611E+00
 0.88011388738432E+00
 0.87826545297574E+00
 0.87647390037706E+00
 0.87473810486830E+00
 0.87305695854803E+00
 0.87142939442577E+00
 0.86985431914874E+00
 0.86833068601615E+00
 0.86685744643135E+00
 0.86543356944000E+00
 0.86405804036686E+00
 0.86272985941117E+00
 0.86144803163222E+00
 0.86021160143014E+00
 0.85901961030276E+00
 0.85787111688879E+00
 0.85676519884439E+00
 0.85570094735959E+00
 0.85467746912313E+00
 0.85369388285477E+00
 0.85274932279057E+00
 0.85184294913386E+00
 0.85097392209453E+00
 0.85014142033265E+00
 0.84934464173535E+00
 0.84858279702708E+00
 0.84785510474032E+00
 0.84716080770657E+00
 0.84649915367514E+00
 0.84586941116280E+00
 0.84527085737271E+00
 0.84470278325398E+00
 0.84416450246018E+00
 0.84365532322945E+00
 0.84317458233277E+00
 0.84272162026948E+00
 0.84229579631206E+00
 0.84189647758938E+00
 0.84152304617861E+00
 0.84117489525424E+00
 0.84085143370112E+00
 0.84055207418851E+00
 0.84027624598612E+00
 0.84002338803692E+00
 0.83979295059093E+00
