 0.10864048919610E+01
 0.10864048916606E+01
 0.10864048884169E+01
 0.10864048747528E+01
 0.10864048377964E+01
 0.10864047597424E+01
 0.10864046185569E+01
 0.10864043903351E+01
 0.10864040572155E+01
 0.10864036247737E+01
 0.10864031487992E+01
 0.10864027662252E+01
 0.10864027225743E+01
 0.10864037487628E+01
 0.10864059883781E+01
 0.10864101339600E+01
 0.10864173976171E+01
 0.10864285720174E+01
 0.10864442314346E+01
 0.10864659013707E+01
 0.10864944153424E+01
 0.10865303982302E+01
 0.10865753246790E+01
 0.10866295100847E+01
 0.10866942852190E+01
 0.10867697415173E+01
 0.10868570407122E+01
 0.10869560696765E+01
 0.10870674577798E+01
 0.10871918678863E+01
 0.10873288156466E+01
 0.10874786839921E+01
 0.10876418644324E+01
 0.10878176125950E+01
 0.10880060941355E+01
 0.10882071191565E+01
 0.10884208019889E+01
 0.10886461214944E+01
 0.10888830475723E+01
 0.10891311913313E+01
 0.10893901222215E+01
 0.10896597646412E+01
 0.10899388992873E+01
 0.10902273714719E+01
 0.10905246708693E+01
 0.10908302707756E+01
 0.10911436375414E+01
 0.10914642340004E+01
 0.10917915227587E+01
 0.10921253881533E+01
 0.10924644849778E+01
 0.10928086806348E+01
 0.10931574656455E+01
 0.10935103365059E+01
 0.10938668017916E+01
 0.10942263835568E+01
 0.10945886184241E+01
 0.10949530583639E+01
 0.10953192715724E+01
 0.10956868428760E+01
 0.10960553742597E+01
 0.10964249402148E+01
 0.10967942844052E+01
 0.10971634963647E+01
 0.10975322524547E+01
 0.10979002430713E+01
 0.10982671762203E+01
 0.10986327772601E+01
 0.10989967887125E+01
 0.10993589698784E+01
 0.10997190965954E+01
 0.11000769608907E+01
 0.11004323705267E+01
 0.11007851486461E+01
 0.11011351333413E+01
 0.11014821771230E+01
 0.11018261467259E+01
 0.11021669223446E+01
 0.11025043973433E+01
 0.11028384763951E+01
 0.11031695729637E+01
 0.11034966427422E+01
 0.11038201059951E+01
 0.11041399180582E+01
 0.11044560421328E+01
 0.11047684692550E+01
 0.11050771510499E+01
 0.11053820946172E+01
 0.11056833019148E+01
 0.11059807834665E+01
 0.11062745583736E+01
 0.11065646538706E+01
 0.11068511047267E+01
 0.11071339531424E+01
 0.11074132485982E+01
 0.11076890478615E+01
 0.11079614141643E+01
 0.11082309084526E+01
 0.11084966328685E+01
 0.11087591507529E+01
 0.11090185512025E+01
 0.11092749265993E+01
 0.11095283758549E+01
 0.11097790023936E+01
 0.11100269153337E+01
 0.11102722229704E+01
 0.11105150496636E+01
 0.11107555191518E+01
 0.11109937550838E+01
 0.11112298908010E+01
 0.11114645419337E+01
 0.11116968948243E+01
 0.11119275636150E+01
 0.11121566918947E+01
 0.11123844301018E+01
 0.11126109247198E+01
 0.11128363321456E+01
 0.11130608082387E+01
 0.11132845106229E+01
 0.11135075969237E+01
 0.11137306813463E+01
 0.11139530464059E+01
 0.11141752493568E+01
 0.11143974708955E+01
 0.11146198660310E+01
 0.11148425878379E+01
 0.11150657863385E+01
 0.11152896071818E+01
 0.11155141906606E+01
 0.11157401090709E+01
 0.11159666285310E+01
 0.11161942878152E+01
 0.11164231953685E+01
 0.11166534475712E+01
 0.11168851278542E+01
 0.11171183057441E+01
 0.11173534361125E+01
 0.11175897708020E+01
 0.11178277142693E+01
 0.11180672679732E+01
 0.11183084108178E+01
 0.11185510987877E+01
 0.11187952666998E+01
 0.11190411954436E+01
 0.11192880409588E+01
 0.11195360201905E+01
 0.11197849589425E+01
 0.11200346718691E+01
 0.11202849373840E+01
 0.11205358410436E+01
 0.11207864433912E+01
 0.11210367524350E+01
 0.11212864536675E+01
 0.11215351629825E+01
 0.11217828132018E+01
 0.11220283588045E+01
 0.11222716400114E+01
 0.11225121723492E+01
 0.11227494385933E+01
 0.11229831528542E+01
 0.11232121851450E+01
 0.11234361819639E+01
 0.11236544547985E+01
 0.11238662908549E+01
 0.11240711628190E+01
 0.11242677975487E+01
 0.11244555488669E+01
 0.11246334968821E+01
 0.11248008704242E+01
 0.11249562225173E+01
 0.11250986396836E+01
 0.11252269436562E+01
 0.11253400750592E+01
 0.11254363807377E+01
 0.11255146658470E+01
 0.11255735026448E+01
 0.11256115704092E+01
 0.11256270602573E+01
 0.11256185752224E+01
 0.11255846920592E+01
 0.11255236200399E+01
 0.11254339808537E+01
 0.11253143165251E+01
 0.11251633828073E+01
 0.11249797215680E+01
 0.11247623330558E+01
 0.11245103850209E+01
 0.11242229778196E+01
 0.11238997030250E+01
 0.11235403007937E+01
 0.11231448554876E+01
 0.11227134758065E+01
 0.11222467862686E+01
 0.11217455657431E+01
 0.11212109214664E+01
 0.11206439956242E+01
 0.11200463192507E+01
 0.11194195381484E+01
 0.11187654913227E+01
 0.11180859961285E+01
 0.11173830989271E+01
 0.11166588470147E+01
 0.11159153504640E+01
 0.11151546163010E+01
 0.11143787318511E+01
 0.11135897007727E+01
 0.11127894890738E+01
 0.11119799750966E+01
 0.11111628934209E+01
 0.11103399652913E+01
 0.11095127765562E+01
 0.11086828133179E+01
 0.11078514565992E+01
 0.11070199820570E+01
 0.11061895614558E+01
 0.11053612635142E+01
 0.11045360644445E+01
 0.11037148261366E+01
 0.11028983789504E+01
 0.11020874176619E+01
 0.11012825605313E+01
 0.11004843723589E+01
 0.10996933445587E+01
 0.10989099042717E+01
 0.10981344197882E+01
 0.10973672050208E+01
 0.10966085291869E+01
 0.10958586160143E+01
 0.10951176460645E+01
 0.10943857648022E+01
 0.10936630833006E+01
 0.10929496711570E+01
 0.10922456119412E+01
 0.10915509211703E+01
 0.10908656080111E+01
 0.10901896598590E+01
 0.10895230505359E+01
 0.10888657377069E+01
 0.10882176620264E+01
 0.10875787574075E+01
 0.10869489446969E+01
 0.10863281251092E+01
 0.10857162215782E+01
 0.10851131236127E+01
 0.10845187200725E+01
 0.10839328967008E+01
 0.10833555382955E+01
 0.10827865223883E+01
 0.10822257240534E+01
 0.10816730191263E+01
 0.10811282794495E+01
 0.10805913666225E+01
 0.10800621719920E+01
 0.10795405533723E+01
 0.10790263798367E+01
 0.10785195253956E+01
 0.10780198603196E+01
 0.10775272555419E+01
 0.10770415845986E+01
 0.10765627126765E+01
 0.10760905317354E+01
 0.10756249065395E+01
 0.10751657193049E+01
 0.10747128484001E+01
 0.10742661750039E+01
 0.10738255826255E+01
 0.10733909562320E+01
 0.10729621728376E+01
 0.10725391383100E+01
 0.10721217358375E+01
 0.10717098575105E+01
 0.10713033979565E+01
 0.10709022535820E+01
 0.10705063224679E+01
 0.10701155050107E+01
 0.10697296972045E+01
 0.10693488171755E+01
 0.10689727642107E+01
 0.10686014465220E+01
 0.10682347740477E+01
 0.10678726583978E+01
 0.10675150131210E+01
 0.10671617545125E+01
 0.10668127934925E+01
 0.10664680621539E+01
 0.10661274748006E+01
 0.10657909541335E+01
 0.10654584229378E+01
 0.10651298095592E+01
 0.10648050406227E+01
 0.10644840450434E+01
 0.10641667534004E+01
 0.10638530922127E+01
 0.10635430068506E+01
 0.10632364269719E+01
 0.10629332882322E+01
 0.10626335291091E+01
 0.10623370887245E+01
 0.10620439079502E+01
 0.10617539287149E+01
