 0.00000000000000E+00
-0.28617497016887E-05
-0.31456385972956E-04
-0.12474914048869E-03
-0.30956778758921E-03
-0.59055644597438E-03
-0.95670910186074E-03
-0.13902856110351E-02
-0.18715978591252E-02
-0.23793405231190E-02
-0.28887042467154E-02
-0.33694380618102E-02
-0.37852156076101E-02
-0.40946310926725E-02
-0.10270042311597E-01
-0.88658034229088E-02
-0.11625455078392E-01
-0.12999226715436E-01
-0.16252229743729E-01
-0.18045009755737E-01
-0.21103469354682E-01
-0.23042539031039E-01
-0.25946552179392E-01
-0.27850474220086E-01
-0.30377717166881E-01
-0.31966491022117E-01
-0.33890794058905E-01
-0.34969014522859E-01
-0.36173663895866E-01
-0.36633142893741E-01
-0.37092224631063E-01
-0.36930361093446E-01
-0.36451667193494E-01
-0.35911690508025E-01
-0.34879983307291E-01
-0.33585882237719E-01
-0.32057479673213E-01
-0.30464094723408E-01
-0.28531354503312E-01
-0.26422768553561E-01
-0.24162553587884E-01
-0.21772585006246E-01
-0.19355085396682E-01
-0.16750979132460E-01
-0.14065710995961E-01
-0.11311227777173E-01
-0.85024742884150E-02
-0.56473139636819E-02
-0.28207270391952E-02
 0.85063997188783E-04
 0.30083616700360E-02
 0.59393516978709E-02
 0.88770917043852E-02
 0.11808777297646E-01
 0.14742651011892E-01
 0.17658883391692E-01
 0.20545102715434E-01
 0.23446768841922E-01
 0.26338322396980E-01
 0.29215891815128E-01
 0.32081370453208E-01
 0.34938599337811E-01
 0.37786209700414E-01
 0.40622843640210E-01
 0.43450421279086E-01
 0.46270139878964E-01
 0.49090344590638E-01
 0.51915661420534E-01
 0.54745894172060E-01
 0.57580901118456E-01
 0.60424674696391E-01
 0.63280416533311E-01
 0.66148546609479E-01
 0.69034766139540E-01
 0.71940676721197E-01
 0.74872104699314E-01
 0.77833276624913E-01
 0.80827577229137E-01
 0.83857258217839E-01
 0.86923978000965E-01
 0.90031291067941E-01
 0.93185186121068E-01
 0.96387249335391E-01
 0.99643348507380E-01
 0.10295559445476E+00
 0.10632897039817E+00
 0.10976650062427E+00
 0.11327234601131E+00
 0.11685015262960E+00
 0.12050350403577E+00
 0.12423582022378E+00
 0.12805385726661E+00
 0.13196009365480E+00
 0.13595908296240E+00
 0.14005502422747E+00
 0.14425311217934E+00
 0.14855759234223E+00
 0.15297267585858E+00
 0.15750331259766E+00
 0.16215569185979E+00
 0.16693404001851E+00
 0.17184382802252E+00
 0.17689023685471E+00
 0.18207916388565E+00
 0.18741629839290E+00
 0.19290737626625E+00
 0.19855842111778E+00
 0.20437636357632E+00
 0.21036714006523E+00
 0.21653732622342E+00
 0.22289366462911E+00
 0.22944314951384E+00
 0.23619291233770E+00
 0.24315029706728E+00
 0.25032266009249E+00
 0.25771722566571E+00
 0.26534208447150E+00
 0.27320493347899E+00
 0.28131355817632E+00
 0.28967576444692E+00
 0.29829945125561E+00
 0.30719257198256E+00
 0.31636293687939E+00
 0.32581853565495E+00
 0.33556680201044E+00
 0.34561532437287E+00
 0.35597137727128E+00
 0.36664192799868E+00
 0.37763353106849E+00
 0.38895233183256E+00
 0.40060390072118E+00
 0.41259327481679E+00
 0.42492462061304E+00
 0.43760145537991E+00
 0.45062615093175E+00
 0.46399974497575E+00
 0.47772211570146E+00
 0.49179150579711E+00
 0.50620440223266E+00
 0.52095532145907E+00
 0.53603654403289E+00
 0.55143816023519E+00
 0.56714762854922E+00
 0.58314971192807E+00
 0.59942639604964E+00
 0.61595683889857E+00
 0.63271755097156E+00
 0.64968253667357E+00
 0.66682371050427E+00
 0.68411138399743E+00
 0.70151499898940E+00
 0.71900361085814E+00
 0.73654664864448E+00
 0.75411456773540E+00
 0.77167946523549E+00
 0.78921536420057E+00
 0.80669891536876E+00
 0.82410930660562E+00
 0.84142846681383E+00
 0.85864123668692E+00
 0.87573497572691E+00
 0.89269977576854E+00
 0.90952795268568E+00
 0.92621393822851E+00
 0.94275403356282E+00
 0.95914612432836E+00
 0.97538946892156E+00
 0.99148443073466E+00
 0.10074322859983E+01
 0.10232351040780E+01
 0.10388954686292E+01
 0.10544164441733E+01
 0.10698014160803E+01
 0.10850539937837E+01
 0.11001779650536E+01
 0.11151771444808E+01
 0.11300553946937E+01
 0.11448165426162E+01
 0.11594643772260E+01
 0.11740025553081E+01
 0.11884346926536E+01
 0.12027642285347E+01
 0.12169945095897E+01
 0.12311287164491E+01
 0.12451698942943E+01
 0.12591209504927E+01
 0.12729846201204E+01
 0.12867635167455E+01
 0.13004600988619E+01
 0.13140767010479E+01
 0.13276154988021E+01
 0.13410785461688E+01
 0.13544677824099E+01
 0.13677850016747E+01
 0.13810318990565E+01
 0.13942100563237E+01
 0.14073209440454E+01
 0.14203659368487E+01
 0.14333463051744E+01
 0.14462632105333E+01
 0.14591177989181E+01
 0.14719110670557E+01
 0.14846439457709E+01
 0.14973173157388E+01
 0.15099319633165E+01
 0.15224886321510E+01
 0.15349879827330E+01
 0.15474306525009E+01
 0.15598171929340E+01
 0.15721481210400E+01
 0.15844239010168E+01
 0.15966449782138E+01
 0.16088117073865E+01
 0.16209244495308E+01
 0.16329835195545E+01
 0.16449892015446E+01
 0.16569417312688E+01
 0.16688413333617E+01
 0.16806882095356E+01
 0.16924825354954E+01
 0.17042244524058E+01
 0.17159140733265E+01
 0.17275515482813E+01
 0.17391369489336E+01
 0.17506703705594E+01
 0.17621518449051E+01
 0.17735814732200E+01
 0.17849592724334E+01
 0.17962852829257E+01
 0.18075595172474E+01
 0.18187820116894E+01
 0.18299527653199E+01
 0.18410717909956E+01
 0.18521390779958E+01
 0.18631546382695E+01
 0.18741184569818E+01
 0.18850305286969E+01
 0.18958908292918E+01
 0.19066993644984E+01
 0.19174561092621E+01
 0.19281610576813E+01
 0.19388141942025E+01
 0.19494155025024E+01
 0.19599649752179E+01
 0.19704626081237E+01
 0.19809083851942E+01
 0.19913023074589E+01
 0.20016443709422E+01
 0.20119345816534E+01
 0.20221729497620E+01
 0.20323594714567E+01
 0.20424941541774E+01
 0.20525770369701E+01
 0.20626081152354E+01
 0.20725874238593E+01
 0.20825149872860E+01
 0.20923908304498E+01
 0.21022150024837E+01
 0.21119875371919E+01
 0.21217084746006E+01
 0.21313778760042E+01
 0.21409957950785E+01
 0.21505622701224E+01
 0.21600773955465E+01
 0.21695412213628E+01
 0.21789538095026E+01
 0.21883152680157E+01
 0.21976256648931E+01
 0.22068850672359E+01
 0.22160935971952E+01
 0.22252513357835E+01
 0.22343583735895E+01
 0.22434148365147E+01
 0.22524208215052E+01
 0.22613764433845E+01
 0.22702818318775E+01
 0.22791370904049E+01
 0.22879423441256E+01
 0.22966977434070E+01
 0.23054034215391E+01
 0.23140594940868E+01
 0.23226661242002E+01
 0.23312234319541E+01
 0.23397315877070E+01
 0.23481907328519E+01
 0.23566010379881E+01
 0.23649626401970E+01
 0.23732757224260E+01
 0.23815404428984E+01
 0.23897569655553E+01
 0.23979254680891E+01
 0.24060461207205E+01
 0.24141191104639E+01
 0.24221446053673E+01
 0.24301227981347E+01
 0.24380538712473E+01
 0.24459380105623E+01
 0.24537754039746E+01
 0.24615662491653E+01
 0.24693107365126E+01
