 0.00000000000000E+00
-0.21576976068405E-22
-0.80943193959670E-21
-0.36024168740293E-21
-0.43036873588403E-20
-0.99622392565748E-20
 0.11386036235983E-10
 0.24050760634607E-10
 0.95249104483198E-10
-0.44220576580848E-10
 0.13158791527470E-10
-0.45985367590695E-10
 0.26210183716008E-12
 0.21623241714503E-10
-0.66451896952455E-10
 0.99011215432429E-09
 0.18912299935200E-09
 0.13027125448440E-08
-0.97406032903703E-09
-0.52003940420559E-08
-0.27636147311871E-07
-0.60407910581095E-07
-0.15490479871956E-06
-0.28478940248230E-06
-0.56267022400278E-06
-0.90885334718954E-06
-0.15218736439349E-05
-0.22174229347215E-05
-0.32863426427590E-05
-0.43821406476382E-05
-0.58692876507595E-05
-0.71879604562774E-05
-0.83772592837426E-05
-0.96976416489790E-05
-0.10081492637802E-04
-0.94969141619641E-05
-0.75149410145711E-05
-0.43606412631953E-05
 0.19173405484958E-05
 0.11435920364052E-04
 0.24962047676716E-04
 0.53009716221899E-04
 0.66620567692722E-04
 0.97275824016447E-04
 0.13603385235679E-03
 0.18379279139104E-03
 0.23620871326833E-03
 0.32831588450869E-03
 0.39791711656453E-03
 0.48731264109428E-03
 0.59817936355222E-03
 0.72114314602842E-03
 0.87201845647295E-03
 0.10332684669671E-02
 0.12316727707542E-02
 0.13913633544872E-02
 0.16340930956836E-02
 0.18973649598744E-02
 0.21926236636410E-02
 0.24911532810500E-02
 0.28231137617161E-02
 0.31983061479630E-02
 0.35934941794844E-02
 0.39978648429410E-02
 0.44415805756000E-02
 0.49347975466862E-02
 0.54813960357987E-02
 0.60545522825928E-02
 0.66473133789618E-02
 0.72968516323734E-02
 0.79756425963372E-02
 0.86922519745508E-02
 0.94398689506553E-02
 0.10237371340678E-01
 0.11084925700343E-01
 0.11989551883735E-01
 0.12947044748882E-01
 0.13947719379660E-01
 0.14981277462424E-01
 0.16062281931895E-01
 0.17199065388663E-01
 0.18390809569798E-01
 0.19647541312799E-01
 0.20959886848790E-01
 0.22333201160125E-01
 0.23762406906017E-01
 0.25253466787620E-01
 0.26803170208305E-01
 0.28418676017012E-01
 0.30104134743861E-01
 0.31864264558907E-01
 0.33696142095544E-01
 0.35604807266016E-01
 0.37590626379613E-01
 0.39650872037673E-01
 0.41796370768039E-01
 0.44026349192093E-01
 0.46346103363059E-01
 0.48765189509718E-01
 0.51277595273580E-01
 0.53887151925261E-01
 0.56600674444693E-01
 0.59422650199567E-01
 0.62355416607595E-01
 0.65405187193279E-01
 0.68577928419586E-01
 0.71875965224745E-01
 0.75304218992024E-01
 0.78868277628042E-01
 0.82574942744670E-01
 0.86428745691800E-01
 0.90438312773722E-01
 0.94607006764985E-01
 0.98941686459870E-01
 0.10344906703185E+00
 0.10813580852171E+00
 0.11301006863034E+00
 0.11807824895785E+00
 0.12334657993398E+00
 0.12882250448422E+00
 0.13451443073874E+00
 0.14042927191111E+00
 0.14657465629274E+00
 0.15295557941154E+00
 0.15958240722799E+00
 0.16646075950638E+00
 0.17359686407875E+00
 0.18099624921375E+00
 0.18866428832039E+00
 0.19660558190463E+00
 0.20482249483600E+00
 0.21331757603589E+00
 0.22209143235462E+00
 0.23114115822004E+00
 0.24046130183132E+00
 0.25004147259473E+00
 0.25986749654266E+00
 0.26991870590581E+00
 0.28016838835531E+00
 0.29058330298277E+00
 0.30112152825837E+00
 0.31173532119206E+00
 0.32236583039693E+00
 0.33294693603904E+00
 0.34340501918376E+00
 0.35365954682976E+00
 0.36362679908011E+00
 0.37322171491825E+00
 0.38236246056119E+00
 0.39097449166216E+00
 0.39899223909046E+00
 0.40636395611604E+00
 0.41305285916271E+00
 0.41903680743909E+00
 0.42431022553380E+00
 0.42888195635067E+00
 0.43277255652921E+00
 0.43601337573186E+00
 0.43864266090267E+00
 0.44070523412343E+00
 0.44224825204282E+00
 0.44332041349599E+00
 0.44396996191562E+00
 0.44424234536836E+00
 0.44418162377906E+00
 0.44382789015390E+00
 0.44321807452802E+00
 0.44238557860871E+00
 0.44136020592015E+00
 0.44016853570629E+00
 0.43883432006935E+00
 0.43737821186931E+00
 0.43581843501443E+00
 0.43417099379453E+00
 0.43244956518245E+00
 0.43066604107406E+00
 0.42883100415157E+00
 0.42695335045981E+00
 0.42504115829752E+00
 0.42310118643927E+00
 0.42113942139105E+00
 0.41916104027170E+00
 0.41717053480801E+00
 0.41517192147807E+00
 0.41316860566463E+00
 0.41116350310583E+00
 0.40915938045265E+00
 0.40715861354177E+00
 0.40516294287014E+00
 0.40317439707475E+00
 0.40119425902213E+00
 0.39922410338446E+00
 0.39726499528584E+00
 0.39531805260058E+00
 0.39338423030838E+00
 0.39146431053369E+00
 0.38955902374412E+00
 0.38766878408630E+00
 0.38579431702789E+00
 0.38393605668460E+00
 0.38209437012876E+00
 0.38026961122255E+00
 0.37846193732778E+00
 0.37667173149949E+00
 0.37489906299417E+00
 0.37314425920007E+00
 0.37140711019961E+00
 0.36968800041107E+00
 0.36798695423824E+00
 0.36630377364018E+00
 0.36463854104769E+00
 0.36299139193201E+00
 0.36136219204187E+00
 0.35975068806865E+00
 0.35815703451485E+00
 0.35658103668113E+00
 0.35502274322254E+00
 0.35348176957529E+00
 0.35195809419259E+00
 0.35045150792791E+00
 0.34896208471021E+00
 0.34748926643941E+00
 0.34603321113252E+00
 0.34459363608673E+00
 0.34317039553171E+00
 0.34176320660852E+00
 0.34037181373323E+00
 0.33899619437219E+00
 0.33763607701397E+00
 0.33629114971490E+00
 0.33496124232788E+00
 0.33364616363071E+00
 0.33234583182075E+00
 0.33105994372686E+00
 0.32978826559561E+00
 0.32853060689851E+00
 0.32728676174300E+00
 0.32605637293962E+00
 0.32483939337512E+00
 0.32363549512817E+00
 0.32244456823254E+00
 0.32126622079636E+00
 0.32010046070117E+00
 0.31894685529466E+00
 0.31780533791303E+00
 0.31667565331098E+00
 0.31555767819803E+00
 0.31445131764523E+00
 0.31335599343603E+00
 0.31227180032232E+00
 0.31119849592439E+00
 0.31013554212126E+00
 0.30908328990531E+00
 0.30804119030726E+00
 0.30700898916442E+00
 0.30598704623374E+00
 0.30497457288280E+00
 0.30397182420919E+00
 0.30297848581575E+00
 0.30199421708880E+00
 0.30101907705702E+00
 0.30005283236818E+00
 0.29909520458814E+00
 0.29814621341942E+00
 0.29720555351157E+00
 0.29627312933431E+00
 0.29534879486760E+00
 0.29443226905170E+00
 0.29352360493124E+00
 0.29262258102852E+00
 0.29172901476551E+00
 0.29084295412758E+00
 0.28996406875290E+00
 0.28909229147936E+00
 0.28822753192662E+00
 0.28736946668697E+00
 0.28651826017374E+00
 0.28567388153575E+00
 0.28483581917589E+00
 0.28400411129262E+00
 0.28317867905007E+00
 0.28235942143094E+00
 0.28154631847094E+00
 0.28073900989730E+00
 0.27993786954822E+00
 0.27914213307281E+00
 0.27835220355352E+00
 0.27756773182551E+00
 0.27678879351275E+00
 0.27601522242892E+00
 0.27524691441519E+00
 0.27448387848429E+00
 0.27372580870293E+00
 0.27297290827829E+00
 0.27222486364588E+00
 0.27148170840028E+00
 0.27074329053972E+00
 0.27000964136536E+00
 0.26928059918110E+00
 0.26855621768957E+00
