 0.00000000000000E+00
 0.70247129043571E-24
 0.43613260288248E-22
 0.18329097055061E-21
 0.16821269448267E-20
 0.57792373104427E-20
-0.49742615759561E-12
-0.10638457919906E-10
-0.45965750373341E-10
 0.20166248102832E-10
-0.11749564772658E-11
 0.37507337667314E-10
-0.73235797314010E-11
-0.23586197670874E-10
 0.15555104423516E-09
-0.29645208280109E-08
 0.17200891477435E-09
-0.31664981358343E-08
-0.30371159606130E-08
-0.76832015670890E-08
-0.28213277566190E-07
-0.62961303751965E-07
-0.15850675440214E-06
-0.29342104549667E-06
-0.57436330509297E-06
-0.93108937618622E-06
-0.15485742792652E-05
-0.22617441893792E-05
-0.33349509143372E-05
-0.44555934024564E-05
-0.59444832957199E-05
-0.72940534810508E-05
-0.85237015732909E-05
-0.98361203061594E-05
-0.10262388907608E-04
-0.97299056736595E-05
-0.78093284716839E-05
-0.46165950636024E-05
 0.16085841120254E-05
 0.11065836013732E-04
 0.24526954147607E-04
-0.11026260126681E-05
 0.65109822007124E-04
 0.96845438943139E-04
 0.13560944624586E-03
 0.18337251141665E-03
 0.32133087250413E-03
-0.18866776291693E-03
 0.34343993667291E-03
 0.48688644114050E-03
 0.59893575884353E-03
 0.85354717385303E-03
 0.81181961309782E-03
 0.11718182631084E-02
 0.79142685495410E-03
 0.16281764942966E-02
 0.16409131370743E-02
 0.22450721402661E-02
 0.20256975042841E-02
 0.25734044920999E-02
 0.30643588880072E-02
 0.30439936670514E-02
 0.32436950367079E-02
 0.40119407281964E-02
 0.47997494108399E-02
 0.52594354664643E-02
 0.54410514607441E-02
 0.60571840894374E-02
 0.70930672578342E-02
 0.73168671013209E-02
 0.79267214797352E-02
 0.85844114420788E-02
 0.98246947686345E-02
 0.11013308659570E-01
 0.12056840027822E-01
 0.12733146463528E-01
 0.13212388570221E-01
 0.13910785789436E-01
 0.15374639412201E-01
 0.17016562854269E-01
 0.18438185431231E-01
 0.20112481383933E-01
 0.21217246123476E-01
 0.22538719634659E-01
 0.23836170541185E-01
 0.25454062245367E-01
 0.27276566055955E-01
 0.29336052407069E-01
 0.31542505994541E-01
 0.33659312316540E-01
 0.35688334078822E-01
 0.37952909585152E-01
 0.40153056898014E-01
 0.42613648581757E-01
 0.45579916034742E-01
 0.48521001348490E-01
 0.51669835761297E-01
 0.54996001265186E-01
 0.58034962881980E-01
 0.61474036850386E-01
 0.65344591978819E-01
 0.69461825630827E-01
 0.73702200969826E-01
 0.78297161070264E-01
 0.83075407565360E-01
 0.87966492645135E-01
 0.93350336732967E-01
 0.99107350758254E-01
 0.10529173768507E+00
 0.11177665627469E+00
 0.11872942199909E+00
 0.12596042644516E+00
 0.13372393673367E+00
 0.14211013410184E+00
 0.15100119750821E+00
 0.16055019650126E+00
 0.17063630672226E+00
 0.18140987433495E+00
 0.19298737469534E+00
 0.20542562694644E+00
 0.21867117399752E+00
 0.23285900095049E+00
 0.24803643434575E+00
 0.26450473184486E+00
 0.28190643135890E+00
 0.30047078516427E+00
 0.32031012981870E+00
 0.34148571034175E+00
 0.36391607791841E+00
 0.38765154661634E+00
 0.41271498373371E+00
 0.43897549469125E+00
 0.46607662759630E+00
 0.49386622693444E+00
 0.52194645699837E+00
 0.54996173656362E+00
 0.57734479113755E+00
 0.60345703233116E+00
 0.62743651044259E+00
 0.64814575099351E+00
 0.66435916720248E+00
 0.67443532402768E+00
 0.67702597869641E+00
 0.67080867668408E+00
 0.65478213438072E+00
 0.62869136480437E+00
 0.59281544024591E+00
 0.54828389342319E+00
 0.49679915523023E+00
 0.44045080770664E+00
 0.38175125073986E+00
 0.32308548168080E+00
 0.26661624206893E+00
 0.21431224196926E+00
 0.16743094976387E+00
 0.12681332060038E+00
 0.92835506208000E-01
 0.65447171902060E-01
 0.44345339791222E-01
 0.28824842962060E-01
 0.18138500729615E-01
 0.11419441746000E-01
 0.78331288261375E-02
 0.67670562322795E-02
 0.74966782567111E-02
 0.95314308758679E-02
 0.12430677765773E-01
 0.15859493404117E-01
 0.19594204884283E-01
 0.23430972685805E-01
 0.27176527108446E-01
 0.30752575017192E-01
 0.34090202946611E-01
 0.37100655726461E-01
 0.39814104655196E-01
 0.42270371569563E-01
 0.44430507456358E-01
 0.46334574489511E-01
 0.47980473967876E-01
 0.49403035294873E-01
 0.50611420810264E-01
 0.51625617739492E-01
 0.52469478231158E-01
 0.53149748802293E-01
 0.53701810614357E-01
 0.54145487273175E-01
 0.54453328769849E-01
 0.54638198705960E-01
 0.54789467724004E-01
 0.54822160349241E-01
 0.54838082911951E-01
 0.54788127407440E-01
 0.54710520653347E-01
 0.54591895738033E-01
 0.54412196870427E-01
 0.54202600479423E-01
 0.53964355625618E-01
 0.53740907091038E-01
 0.53486120674235E-01
 0.53207422372801E-01
 0.52924168631044E-01
 0.52611904606080E-01
 0.52331050788349E-01
 0.52021442113566E-01
 0.51725705718391E-01
 0.51397957946989E-01
 0.51132152860543E-01
 0.50826148189603E-01
 0.50498635271499E-01
 0.50217426195542E-01
 0.49951058595493E-01
 0.49645757350328E-01
 0.49352776346627E-01
 0.49100601557309E-01
 0.48838865497011E-01
 0.48579449994123E-01
 0.48296458192808E-01
 0.48035344993057E-01
 0.47778734997934E-01
 0.47557431402766E-01
 0.47295102140664E-01
 0.47104416448227E-01
 0.46865513489096E-01
 0.46645653127925E-01
 0.46414731355857E-01
 0.46191293343858E-01
 0.46012253402917E-01
 0.45819934345061E-01
 0.45611446305972E-01
 0.45435652411926E-01
 0.45296254671753E-01
 0.45168126600362E-01
 0.44993928952622E-01
 0.44825860387314E-01
 0.44670922320985E-01
 0.44510625206089E-01
 0.44335099205618E-01
 0.44194552991145E-01
 0.44059134637622E-01
 0.43920140588553E-01
 0.43758760248123E-01
 0.43648915625187E-01
 0.43466443805765E-01
 0.43390236321808E-01
 0.43261187820066E-01
 0.43167159740566E-01
 0.43033505842891E-01
 0.42882904960351E-01
 0.42777544430937E-01
 0.42637860508885E-01
 0.42510196295258E-01
 0.42465075200248E-01
 0.42361723870032E-01
 0.42281805842543E-01
 0.42289183611361E-01
 0.42156252303221E-01
 0.42126520878108E-01
 0.42017643316450E-01
 0.41892237252003E-01
 0.41810044636744E-01
 0.41706721309280E-01
 0.41615969931497E-01
 0.41544937535968E-01
 0.41421245040505E-01
 0.41309558066536E-01
 0.41211874114464E-01
 0.41128182469551E-01
 0.41101570499019E-01
 0.41051990929578E-01
 0.40985855500557E-01
 0.40946169497498E-01
 0.40849243967948E-01
 0.40767214512841E-01
 0.40710771202387E-01
 0.40646934275327E-01
 0.40644321253461E-01
 0.40576444000087E-01
 0.40420691060408E-01
 0.40333751221065E-01
 0.40252723928887E-01
 0.40191981197648E-01
 0.40132289953444E-01
 0.40037628236763E-01
 0.39976397806580E-01
 0.39824264444457E-01
 0.39800444390350E-01
 0.39686530305306E-01
 0.39629095450678E-01
 0.39571608483211E-01
 0.39471899250026E-01
 0.39431128959205E-01
 0.39310999905377E-01
 0.39278536589352E-01
 0.39173818782236E-01
 0.39115115737255E-01
 0.39031718016491E-01
 0.38999203852490E-01
 0.38914697947776E-01
 0.38880288728568E-01
 0.38784925895323E-01
