 0.27276187932143E+03
 0.27276185701543E+03
 0.27276164773519E+03
 0.27276087374862E+03
 0.27275899453934E+03
 0.27275535187171E+03
 0.27274919951120E+03
 0.27273984691575E+03
 0.27272719536171E+03
 0.27271289503427E+03
 0.27270195062517E+03
 0.27270419104287E+03
 0.27273498469040E+03
 0.27281489974220E+03
 0.27297229208140E+03
 0.27322584541221E+03
 0.27361009137117E+03
 0.27414532713836E+03
 0.27485709776621E+03
 0.27575718224520E+03
 0.27686232628689E+03
 0.27817319327211E+03
 0.27969690363145E+03
 0.28142284622122E+03
 0.28334991608112E+03
 0.28545849211353E+03
 0.28774158497634E+03
 0.29017363492169E+03
 0.29274411588675E+03
 0.29542449100088E+03
 0.29820257490184E+03
 0.30104926252013E+03
 0.30394771054064E+03
 0.30688323038322E+03
 0.30982739061615E+03
 0.31276597403011E+03
 0.31568199547261E+03
 0.31856488726478E+03
 0.32138980153220E+03
 0.32414785492928E+03
 0.32682700774507E+03
 0.32941634901382E+03
 0.33191186769728E+03
 0.33429427333716E+03
 0.33656130504329E+03
 0.33870675693431E+03
 0.34072546707116E+03
 0.34261319959810E+03
 0.34437227854598E+03
 0.34598927515411E+03
 0.34746768326174E+03
 0.34880658922968E+03
 0.35000566184959E+03
 0.35106516516346E+03
 0.35198588944019E+03
 0.35276912465010E+03
 0.35342212337459E+03
 0.35393620653599E+03
 0.35431905723523E+03
 0.35457350155377E+03
 0.35470257586932E+03
 0.35470954527740E+03
 0.35459787004796E+03
 0.35437117468731E+03
 0.35403337461782E+03
 0.35359315576287E+03
 0.35304458115942E+03
 0.35239655076203E+03
 0.35165315512888E+03
 0.35081847135703E+03
 0.34989658044747E+03
 0.34889155530882E+03
 0.34780743884639E+03
 0.34664823839732E+03
 0.34542244713491E+03
 0.34412502251063E+03
 0.34276414234272E+03
 0.34134360821651E+03
 0.33986707702489E+03
 0.33833811396236E+03
 0.33676017825212E+03
 0.33513662482825E+03
 0.33347465362555E+03
 0.33176959665908E+03
 0.33002827380682E+03
 0.32825357654208E+03
 0.32644824896938E+03
 0.32461486304429E+03
 0.32275587339894E+03
 0.32087358379098E+03
 0.31897366665806E+03
 0.31705115326580E+03
 0.31511116634308E+03
 0.31315559709981E+03
 0.31118559689504E+03
 0.30920252452976E+03
 0.30721041656398E+03
 0.30520411021126E+03
 0.30318702717524E+03
 0.30115941334997E+03
 0.29912144575674E+03
 0.29707270753928E+03
 0.29501522991618E+03
 0.29294278369830E+03
 0.29085646361773E+03
 0.28875445580634E+03
 0.28663671128798E+03
 0.28449594064931E+03
 0.28233073536715E+03
 0.28013698524346E+03
 0.27790979580008E+03
 0.27564551407731E+03
 0.27333347334923E+03
 0.27096797932548E+03
 0.26854033867178E+03
 0.26604210662471E+03
 0.26345838986438E+03
 0.26077779522306E+03
 0.25798708014070E+03
 0.25506667827980E+03
 0.25199925373194E+03
 0.24876504099294E+03
 0.24533828013067E+03
 0.24169424184959E+03
 0.23780529240264E+03
 0.23363817560757E+03
 0.22916083941116E+03
 0.22433535888619E+03
 0.21912464357439E+03
 0.21348765759605E+03
 0.20738531231672E+03
 0.20077721687555E+03
 0.19362735687353E+03
 0.18590315151714E+03
 0.17758073088218E+03
 0.16864604317670E+03
 0.15909959683856E+03
 0.14895837636740E+03
 0.13825902924508E+03
 0.12705844765260E+03
 0.11543431219016E+03
 0.10348285040240E+03
 0.91314589531911E+02
 0.79050429355976E+02
 0.66815599054775E+02
 0.54734665668484E+02
 0.42925348089048E+02
 0.31496935699769E+02
 0.20546242575349E+02
 0.10156471710484E+02
 0.39614952744554E+00
-0.86791640614381E+01
-0.17026647821123E+02
-0.24615709187868E+02
-0.31424675566984E+02
-0.37440392264176E+02
-0.42657492337584E+02
-0.47076336717040E+02
-0.50703033261390E+02
-0.53549453027264E+02
-0.55631569257016E+02
-0.56970496513878E+02
-0.57590925730689E+02
-0.57521447070356E+02
-0.56793791596791E+02
-0.55441979666146E+02
-0.53502229318501E+02
-0.51012106286079E+02
-0.48010024234146E+02
-0.44534934698784E+02
-0.40625725408944E+02
-0.36320863301353E+02
-0.31658244077555E+02
-0.26674661860742E+02
-0.21405867848901E+02
-0.15886271479978E+02
-0.10148865359085E+02
-0.42252439661570E+01
 0.18550599627231E+01
 0.80636389707197E+01
 0.14373778650023E+02
 0.20760411971314E+02
 0.27200104917087E+02
 0.33670699956238E+02
 0.40152370117901E+02
 0.46625955501947E+02
 0.53073948874220E+02
 0.59480311991207E+02
 0.65829934114911E+02
 0.72109804645149E+02
 0.78307465629502E+02
 0.84411747579541E+02
 0.90412653145314E+02
 0.96300300031672E+02
 0.10206813541516E+03
 0.10770851951687E+03
 0.11321434349967E+03
 0.11858047829868E+03
 0.12380330563293E+03
 0.12887811126086E+03
 0.13380172899775E+03
 0.13857067774823E+03
 0.14318458365583E+03
 0.14764108885483E+03
 0.15193912894484E+03
 0.15607733231499E+03
 0.16005749056733E+03
 0.16387924479482E+03
 0.16754265939281E+03
 0.17104804958697E+03
 0.17439877641578E+03
 0.17759539423476E+03
 0.18064036361281E+03
 0.18353259080449E+03
 0.18627890862381E+03
 0.18887927332545E+03
 0.19133689726899E+03
 0.19365299354863E+03
 0.19583310488550E+03
 0.19787878807696E+03
 0.19979315036283E+03
 0.20157811946451E+03
 0.20323895622623E+03
 0.20477822068901E+03
 0.20619896979533E+03
 0.20750298197262E+03
 0.20869636045710E+03
 0.20978118390743E+03
 0.21076059873014E+03
 0.21163627250910E+03
 0.21241511444401E+03
 0.21309776631564E+03
 0.21368833904800E+03
 0.21418795560073E+03
 0.21460324128310E+03
 0.21493557806248E+03
 0.21518794321803E+03
 0.21536329437516E+03
 0.21546288979434E+03
 0.21549314313707E+03
 0.21545505668924E+03
 0.21535138159582E+03
 0.21518293624113E+03
 0.21495613478077E+03
 0.21467165052783E+03
 0.21433198214484E+03
 0.21393757280696E+03
 0.21349476432701E+03
 0.21300389291132E+03
 0.21246714805588E+03
 0.21188672823542E+03
 0.21126269430290E+03
 0.21060122973670E+03
 0.20990222316446E+03
 0.20916759976115E+03
 0.20839920546578E+03
 0.20759680984543E+03
 0.20676624853927E+03
 0.20590703353721E+03
 0.20502092481485E+03
 0.20410943641730E+03
 0.20317204822979E+03
 0.20221432518989E+03
 0.20123568086824E+03
 0.20023712266374E+03
 0.19922043077962E+03
 0.19818423929765E+03
 0.19713441727079E+03
 0.19606993160533E+03
 0.19499162226295E+03
 0.19390068157081E+03
 0.19279824204484E+03
 0.19168307942252E+03
 0.19056046684975E+03
 0.18942900219661E+03
 0.18828965646018E+03
 0.18714324093798E+03
 0.18599053155108E+03
 0.18483019320106E+03
 0.18366722648602E+03
 0.18250020367726E+03
 0.18132969206810E+03
 0.18015636579191E+03
 0.17898082706040E+03
 0.17780152060549E+03
 0.17662328056432E+03
 0.17544448974900E+03
 0.17426562943582E+03
 0.17308717080684E+03
 0.17190956350878E+03
 0.17073108653613E+03
 0.16955647069822E+03
 0.16838400225960E+03
 0.16721388859167E+03
 0.16604663885455E+03
 0.16488246136059E+03
 0.16372170640789E+03
 0.16256254228883E+03
 0.16140951611426E+03
 0.16026078270252E+03
