 0.40370578283780+250
 0.63537844174379+120
 0.34304799886712E+77
 0.79710560889471E+55
 0.83408831098647E+42
 0.18521473945404E+34
 0.12206109599345E+28
 0.28232711263750E+23
 0.70001929074350E+19
 0.91326023141252E+16
 0.39859761862160E+14
 0.43034413275186E+12
 0.93253706806581E+10
 0.34933952027565E+09
 0.20277197385091E+08
 0.16799426486305E+07
 0.18656337149672E+06
 0.18282788269020E+08
 0.31834596815819E+07
 0.31692044710024E+07
 0.14721765556432E+07
 0.72306107701139E+06
 0.37744122320898E+06
 0.20785340144984E+06
 0.11999692936883E+06
 0.72241923318211E+05
 0.45147990131463E+05
 0.29176579390067E+05
 0.19431678827965E+05
 0.13298532113447E+05
 0.93283300000678E+04
 0.66918323785316E+04
 0.48996985388651E+04
 0.36552510028448E+04
 0.27741054981052E+04
 0.21388730328514E+04
 0.16732761526083E+04
 0.13267453174457E+04
 0.10651675292729E+04
 0.86509845741924E+03
 0.71019380766179E+03
 0.58888586544693E+03
 0.49287128914016E+03
 0.41612404990109E+03
 0.35420460435526E+03
 0.30381104713945E+03
 0.26246221344706E+03
 0.22827358465190E+03
 0.19979966971109E+03
 0.17592555962864E+03
 0.15577875729328E+03
 0.13867423176565E+03
 0.12406934912670E+03
 0.11153122919661E+03
 0.10071219380057E+03
 0.91331215204640E+02
 0.83159381598089E+02
 0.76010234944294E+02
 0.69729685788037E+02
 0.64190335545832E+02
 0.59286358267277E+02
 0.54929374764410E+02
 0.51045182263704E+02
 0.47571248426163E+02
 0.44466445833122E+02
 0.41661702002730E+02
 0.39131059747296E+02
 0.36841419406344E+02
 0.34764469976849E+02
 0.32875802447992E+02
 0.31154293684004E+02
 0.29581589422912E+02
 0.28141679967152E+02
 0.26820576659463E+02
 0.25605947878898E+02
 0.24487243269791E+02
 0.23454868627024E+02
 0.22500438297178E+02
 0.21616528297080E+02
 0.20796542164111E+02
 0.20034611799810E+02
 0.19325507528430E+02
 0.18664484078153E+02
 0.18047445326674E+02
 0.17470558753398E+02
 0.16930430322186E+02
 0.16424004780347E+02
 0.15948474015307E+02
 0.15501345066608E+02
 0.15080326710380E+02
 0.14683279589065E+02
 0.14308400936359E+02
 0.13953905504766E+02
 0.13618510660582E+02
 0.13300150518826E+02
 0.12997759906450E+02
 0.12710054409399E+02
 0.12435951405755E+02
 0.12174341374685E+02
 0.11924224339808E+02
 0.11684664389605E+02
 0.11454788465459E+02
 0.11233757321891E+02
 0.11020852136690E+02
 0.10815304037352E+02
 0.10616422121587E+02
 0.10423535049631E+02
 0.10236060484013E+02
 0.10053378407940E+02
 0.98749241053026E+01
 0.97001514509844E+01
 0.95285204745504E+01
 0.93595683548522E+01
 0.91927959790949E+01
 0.90278177615632E+01
 0.88640383194152E+01
 0.87011374809408E+01
 0.85386996684779E+01
 0.83763367581150E+01
 0.82137174683144E+01
 0.80505050616814E+01
 0.78863840236142E+01
 0.77211029540024E+01
 0.75544100035073E+01
 0.73860852558122E+01
 0.72159790190121E+01
 0.70439434134763E+01
 0.68699053836703E+01
 0.66938033564841E+01
 0.65156675018359E+01
 0.63355299377053E+01
 0.61535258684177E+01
 0.59698048847920E+01
 0.57846041088619E+01
 0.55981921232759E+01
 0.54109159583741E+01
 0.52231847905013E+01
 0.50354571592031E+01
 0.48482365174539E+01
 0.46620736322354E+01
 0.44775656673922E+01
 0.42953373590463E+01
 0.41160239490083E+01
 0.39402713079146E+01
 0.37687052517212E+01
 0.36019322151697E+01
 0.34405088257303E+01
 0.32849387097328E+01
 0.31356565632760E+01
 0.29930010798405E+01
 0.28572382379844E+01
 0.27285328677201E+01
 0.26069618739347E+01
 0.24925112115621E+01
 0.23850892839639E+01
 0.22845339963349E+01
 0.21906232002932E+01
 0.21030899817847E+01
 0.20216314297980E+01
 0.19459253501278E+01
 0.18756316646237E+01
 0.18104085614452E+01
 0.17499174952028E+01
 0.16938271273903E+01
 0.16418182876079E+01
 0.15935876678290E+01
 0.15488483973748E+01
 0.15073399772986E+01
 0.14687953711513E+01
 0.14329904915265E+01
 0.13997105291583E+01
 0.13687577763355E+01
 0.13399491563664E+01
 0.13131202840555E+01
 0.12881166008709E+01
 0.12647977538754E+01
 0.12430355228922E+01
 0.12227137353323E+01
 0.12037220690850E+01
 0.11859635054390E+01
 0.11693477924629E+01
 0.11537923319721E+01
 0.11392213603471E+01
 0.11255667079502E+01
 0.11127617296978E+01
 0.11007491726584E+01
 0.10894750989607E+01
 0.10788897431422E+01
 0.10689488030527E+01
 0.10596071443639E+01
 0.10508272647054E+01
 0.10425730846156E+01
 0.10348113480698E+01
 0.10275125526078E+01
 0.10206452460780E+01
 0.10141843566725E+01
 0.10081052788000E+01
 0.10023865720751E+01
 0.99700397773435E+00
 0.99191828865366E+00
 0.98715331149739E+00
 0.98267040978210E+00
 0.97845353700407E+00
 0.97448767754343E+00
 0.97075875166245E+00
 0.96725368199919E+00
 0.96396015242484E+00
 0.96086660258433E+00
 0.95796224995308E+00
 0.95523698426123E+00
 0.95268121652191E+00
 0.95028605351768E+00
 0.94804304055024E+00
 0.94594429886462E+00
 0.94398234223402E+00
 0.94215014659345E+00
 0.94044111437173E+00
 0.93884899411272E+00
 0.93736788437193E+00
 0.93599220638771E+00
 0.93471672753034E+00
 0.93353647284341E+00
 0.93244673688271E+00
 0.93144307460417E+00
 0.93052125276788E+00
 0.92967731245234E+00
 0.92890746175491E+00
 0.92820811256781E+00
 0.92757588657569E+00
 0.92700754422272E+00
 0.92650000879370E+00
 0.92605040293925E+00
 0.92565593352019E+00
 0.92531400045892E+00
 0.92502211023238E+00
 0.92477787319358E+00
 0.92457904018365E+00
 0.92442345971099E+00
 0.92430909035315E+00
 0.92423398342721E+00
 0.92419628303568E+00
 0.92419421852161E+00
 0.92422610626540E+00
 0.92429033403646E+00
 0.92438537912233E+00
 0.92450977043060E+00
 0.92466211426122E+00
 0.92484108076995E+00
 0.92504539413587E+00
 0.92527384046660E+00
 0.92552525958266E+00
 0.92579854861257E+00
 0.92609263963478E+00
 0.92640652453731E+00
 0.92673923537503E+00
 0.92708984758275E+00
 0.92745747526335E+00
 0.92784127262023E+00
 0.92824042392811E+00
 0.92865416113971E+00
 0.92908174094517E+00
 0.92952245023405E+00
 0.92997561783638E+00
 0.93044057989203E+00
 0.93091672240749E+00
 0.93140344078978E+00
 0.93190017020768E+00
 0.93240635480954E+00
 0.93292147946354E+00
 0.93344503818405E+00
 0.93397654682082E+00
 0.93451554237739E+00
 0.93506159159112E+00
 0.93561426394484E+00
 0.93617314969154E+00
 0.93673786201801E+00
 0.93730803056907E+00
 0.93788329398465E+00
 0.93846330980266E+00
 0.93904774959500E+00
 0.93963629602942E+00
 0.94022864485295E+00
 0.94082451080770E+00
 0.94142361017365E+00
 0.94202567758540E+00
 0.94263046170803E+00
 0.94323771631083E+00
 0.94384720377142E+00
 0.94445869769982E+00
 0.94507198517949E+00
 0.94568685536928E+00
 0.94630311361505E+00
 0.94692056741627E+00
 0.94753903331362E+00
 0.94815833724513E+00
 0.94877831098347E+00
 0.94939879365056E+00
 0.95001962999062E+00
 0.95064067694736E+00
 0.95126179050715E+00
