 0.92121790860073E+02
 0.92121790860027E+02
 0.92121790859548E+02
 0.92121790860743E+02
 0.92121790880881E+02
 0.92121790969858E+02
 0.92121791222144E+02
 0.92121791777010E+02
 0.92121792791779E+02
 0.92121794348156E+02
 0.92121796236996E+02
 0.92121797586021E+02
 0.92121796341470E+02
 0.92121788662424E+02
 0.92121837897863E+02
 0.92121795686394E+02
 0.92121796030566E+02
 0.92121752572052E+02
 0.92121732896541E+02
 0.92121643379151E+02
 0.92121566660703E+02
 0.92121401765524E+02
 0.92121245608551E+02
 0.92120979839639E+02
 0.92120712651595E+02
 0.92120311322972E+02
 0.92119891609009E+02
 0.92119314042543E+02
 0.92118695720369E+02
 0.92117897054255E+02
 0.92117030968991E+02
 0.92115963540075E+02
 0.92114735015723E+02
 0.92113404223898E+02
 0.92111828052782E+02
 0.92110046773784E+02
 0.92108045183300E+02
 0.92105875215351E+02
 0.92103381712996E+02
 0.92100602348143E+02
 0.92097513322442E+02
 0.92094086449150E+02
 0.92090362853004E+02
 0.92086170594522E+02
 0.92081536972901E+02
 0.92076422817498E+02
 0.92070784150687E+02
 0.92064573252672E+02
 0.92057809852339E+02
 0.92050300619506E+02
 0.92042051523812E+02
 0.92032999773449E+02
 0.92023077256377E+02
 0.92012211424406E+02
 0.92000325276378E+02
 0.91987337171962E+02
 0.91973232400945E+02
 0.91957780369701E+02
 0.91940952322853E+02
 0.91922648172455E+02
 0.91902762074236E+02
 0.91881183074406E+02
 0.91857795066305E+02
 0.91832476669062E+02
 0.91805085440388E+02
 0.91775588371440E+02
 0.91743695914140E+02
 0.91709331985144E+02
 0.91672347880500E+02
 0.91632588424511E+02
 0.91589892323292E+02
 0.91544092082715E+02
 0.91495013943322E+02
 0.91442477622252E+02
 0.91386365327777E+02
 0.91326347139144E+02
 0.91262288091316E+02
 0.91193979673584E+02
 0.91121205613229E+02
 0.91043741591994E+02
 0.90961355029922E+02
 0.90873804633180E+02
 0.90780906207083E+02
 0.90682271725721E+02
 0.90577695233199E+02
 0.90466897749374E+02
 0.90349589305901E+02
 0.90225470601774E+02
 0.90094229037311E+02
 0.89955540912771E+02
 0.89809134959425E+02
 0.89654536600075E+02
 0.89491445364798E+02
 0.89319457078965E+02
 0.89138229887267E+02
 0.88947335046907E+02
 0.88746409296207E+02
 0.88534899975023E+02
 0.88312407823691E+02
 0.88078460833185E+02
 0.87832567535707E+02
 0.87574218589535E+02
 0.87302938974898E+02
 0.87018073002046E+02
 0.86719108844743E+02
 0.86405457114225E+02
 0.86076554085981E+02
 0.85731680682801E+02
 0.85370232524097E+02
 0.84991538014754E+02
 0.84594906576943E+02
 0.84179669757185E+02
 0.83745016254084E+02
 0.83290239549514E+02
 0.82814534207734E+02
 0.82317232333475E+02
 0.81797435199107E+02
 0.81254372903355E+02
 0.80687262880190E+02
 0.80095230825049E+02
 0.79477480482898E+02
 0.78833222213549E+02
 0.78161592585398E+02
 0.77461814859962E+02
 0.76733135305914E+02
 0.75974748462543E+02
 0.75185970079828E+02
 0.74366083604072E+02
 0.73514502503272E+02
 0.72630627984795E+02
 0.71714017555499E+02
 0.70764254945740E+02
 0.69781109647020E+02
 0.68764437857683E+02
 0.67714295685133E+02
 0.66630913025043E+02
 0.65514793489388E+02
 0.64366668892475E+02
 0.63187589939241E+02
 0.61978938765815E+02
 0.60742464690623E+02
 0.59480317097713E+02
 0.58195061175132E+02
 0.56889673551457E+02
 0.55567527350364E+02
 0.54232403254771E+02
 0.52888393259477E+02
 0.51539874719228E+02
 0.50191410022310E+02
 0.48847622794696E+02
 0.47513157245790E+02
 0.46192504143153E+02
 0.44889949608841E+02
 0.43609418350535E+02
 0.42354453397130E+02
 0.41128130026457E+02
 0.39933034508198E+02
 0.38771253112834E+02
 0.37644398488062E+02
 0.36553566389622E+02
 0.35499484341694E+02
 0.34482475732414E+02
 0.33502538527605E+02
 0.32559381323732E+02
 0.31652476874047E+02
 0.30781109836524E+02
 0.29944415672430E+02
 0.29141539232882E+02
 0.28371164236897E+02
 0.27632293632050E+02
 0.26923768909711E+02
 0.26244418618401E+02
 0.25593069505528E+02
 0.24968546838109E+02
 0.24369707204286E+02
 0.23795426249404E+02
 0.23244615008690E+02
 0.22716241198869E+02
 0.22209233088666E+02
 0.21722636546908E+02
 0.21255510377511E+02
 0.20806954216398E+02
 0.20376107841278E+02
 0.19962178375118E+02
 0.19564326156143E+02
 0.19181833587315E+02
 0.18813991984656E+02
 0.18460126620243E+02
 0.18119627513869E+02
 0.17791822676811E+02
 0.17476164712177E+02
 0.17172104456196E+02
 0.16879119648227E+02
 0.16596748134662E+02
 0.16324452641220E+02
 0.16061819644436E+02
 0.15808425313848E+02
 0.15563901358431E+02
 0.15327794127322E+02
 0.15099270294753E+02
 0.14879002434495E+02
 0.14666149603701E+02
 0.14460398186691E+02
 0.14261451681310E+02
 0.14069027782009E+02
 0.13882857618521E+02
 0.13702684445339E+02
 0.13528265335115E+02
 0.13359368105266E+02
 0.13195772072081E+02
 0.13037265822600E+02
 0.12883649051806E+02
 0.12734730393802E+02
 0.12590327550790E+02
 0.12450265627899E+02
 0.12314378857886E+02
 0.12182508438222E+02
 0.12054503308389E+02
 0.11930217571491E+02
 0.11809513816868E+02
 0.11692259691319E+02
 0.11578328740188E+02
 0.11467599593960E+02
 0.11359957074058E+02
 0.11255290599494E+02
 0.11153494012199E+02
 0.11054465474932E+02
 0.10958108253870E+02
 0.10864329121011E+02
 0.10773039165945E+02
 0.10684152223917E+02
 0.10597586353998E+02
 0.10513263280973E+02
 0.10431107414862E+02
 0.10351045992065E+02
 0.10273009778078E+02
 0.10196931884032E+02
 0.10122748077696E+02
 0.10050396880551E+02
 0.99798189414054E+01
 0.99109574524697E+01
 0.98437576532417E+01
 0.97781670057573E+01
 0.97141347022513E+01
 0.96516121470223E+01
 0.95905524534674E+01
 0.95309105712130E+01
 0.94726428984107E+01
 0.94157076766984E+01
 0.93600645938584E+01
 0.93056748270576E+01
 0.92525009593551E+01
 0.92005068739179E+01
 0.91496578006569E+01
 0.90999201824658E+01
 0.90512616683644E+01
 0.90036511296495E+01
 0.89570583361239E+01
 0.89114542429436E+01
 0.88668108989302E+01
 0.88231008849908E+01
 0.87802983940478E+01
 0.87383778431401E+01
 0.86973149352117E+01
 0.86570860417509E+01
 0.86176684715680E+01
 0.85790399698853E+01
 0.85411792400198E+01
 0.85040658490550E+01
 0.84676795867561E+01
 0.84320012300330E+01
 0.83970121584218E+01
 0.83626943385623E+01
 0.83290300445775E+01
 0.82960025217512E+01
 0.82635953309007E+01
 0.82317925553171E+01
 0.82005789070281E+01
 0.81699393596692E+01
 0.81398594288989E+01
 0.81103249536986E+01
 0.80813228177113E+01
 0.80528395267281E+01
 0.80248623939661E+01
 0.79973789844705E+01
 0.79703773957059E+01
 0.79438459344292E+01
 0.79177732952765E+01
 0.78921485034418E+01
 0.78669609107369E+01
 0.78422001141873E+01
 0.78178562178366E+01
 0.77939194354014E+01
 0.77703802203485E+01
 0.77472295047300E+01
 0.77244582787470E+01
 0.77020578854383E+01
 0.76800198161563E+01
 0.76583360349043E+01
 0.76369984036138E+01
