 0.10897140158723E+00
 0.10897140158705E+00
 0.10897140158260E+00
 0.10897140155276E+00
 0.10897140144682E+00
 0.10897140118392E+00
 0.10897140065987E+00
 0.10897139975882E+00
 0.10897139839079E+00
 0.10897139660982E+00
 0.10897139488136E+00
 0.10897139453686E+00
 0.10897139839052E+00
 0.10897141143689E+00
 0.10897128160417E+00
 0.10897133990685E+00
 0.10897126461288E+00
 0.10897123594622E+00
 0.10897107591450E+00
 0.10897097222062E+00
 0.10897070345546E+00
 0.10897046577545E+00
 0.10896999739016E+00
 0.10896952752652E+00
 0.10896876281352E+00
 0.10896796016631E+00
 0.10896680553154E+00
 0.10896556766768E+00
 0.10896392620321E+00
 0.10896214511251E+00
 0.10895991287698E+00
 0.10895747607469E+00
 0.10895468056087E+00
 0.10895132687993E+00
 0.10894767070505E+00
 0.10894354463993E+00
 0.10893890099829E+00
 0.10893353271068E+00
 0.10892769248650E+00
 0.10892118683606E+00
 0.10891395066337E+00
 0.10890591698811E+00
 0.10889685074290E+00
 0.10888698105796E+00
 0.10887607545859E+00
 0.10886403497610E+00
 0.10885075564544E+00
 0.10883612487337E+00
 0.10881986299735E+00
 0.10880214507444E+00
 0.10878268498907E+00
 0.10876133020933E+00
 0.10873792030911E+00
 0.10871228457622E+00
 0.10868424193936E+00
 0.10865360054675E+00
 0.10862000025039E+00
 0.10858353416268E+00
 0.10854382933458E+00
 0.10850064802858E+00
 0.10845374256213E+00
 0.10840285363800E+00
 0.10834771026650E+00
 0.10828802954623E+00
 0.10822347968202E+00
 0.10815366322982E+00
 0.10807853590419E+00
 0.10799761733661E+00
 0.10791056174644E+00
 0.10781701151684E+00
 0.10771659586865E+00
 0.10760893080108E+00
 0.10749361910085E+00
 0.10737024991855E+00
 0.10723824068504E+00
 0.10709745918184E+00
 0.10694730257394E+00
 0.10678730096551E+00
 0.10661697073046E+00
 0.10643581255631E+00
 0.10624331126655E+00
 0.10603893513778E+00
 0.10582197732691E+00
 0.10559218256847E+00
 0.10534881839539E+00
 0.10509128354134E+00
 0.10481895845399E+00
 0.10453120863243E+00
 0.10422737612758E+00
 0.10390678535563E+00
 0.10356857465785E+00
 0.10321235390811E+00
 0.10283723078023E+00
 0.10244238436155E+00
 0.10202714992888E+00
 0.10159067760880E+00
 0.10113198083969E+00
 0.10065054390807E+00
 0.10014534934060E+00
 0.99615517406283E-01
 0.99060146309114E-01
 0.98478317145747E-01
 0.97868916111306E-01
 0.97231324830312E-01
 0.96564421844689E-01
 0.95867224136088E-01
 0.95138571509059E-01
 0.94377788788908E-01
 0.93583723009130E-01
 0.92755369958939E-01
 0.91891733021498E-01
 0.90991647559327E-01
 0.90054481571408E-01
 0.89079124486074E-01
 0.88064568782429E-01
 0.87009911604594E-01
 0.85914589906480E-01
 0.84777659011476E-01
 0.83598233723042E-01
 0.82376022138046E-01
 0.81110317454461E-01
 0.79800522203411E-01
 0.78446646649236E-01
 0.77048357759421E-01
 0.75605472989228E-01
 0.74118454692608E-01
 0.72587328023001E-01
 0.71012940047829E-01
 0.69395796689866E-01
 0.67737196210378E-01
 0.66038200035816E-01
 0.64300673855467E-01
 0.62526329837807E-01
 0.60717733925860E-01
 0.58877325644710E-01
 0.57008483587465E-01
 0.55114557389282E-01
 0.53199715945386E-01
 0.51268600413457E-01
 0.49325993285186E-01
 0.47377498051100E-01
 0.45429140069606E-01
 0.43487051311374E-01
 0.41557973254838E-01
 0.39648742546378E-01
 0.37766403861285E-01
 0.35917695735051E-01
 0.34109412493487E-01
 0.32347903117443E-01
 0.30639016788076E-01
 0.28987817673402E-01
 0.27398736626065E-01
 0.25875356106361E-01
 0.24420155541610E-01
 0.23034868457080E-01
 0.21720308793412E-01
 0.20476342360345E-01
 0.19302213844667E-01
 0.18196529400570E-01
 0.17157223164864E-01
 0.16181989718435E-01
 0.15268076699443E-01
 0.14412628034803E-01
 0.13612576303066E-01
 0.12864798644314E-01
 0.12166240127849E-01
 0.11513828528208E-01
 0.10904574872261E-01
 0.10335656805345E-01
 0.98043235527770E-02
 0.93079806781557E-02
 0.88441821285259E-02
 0.84106297837469E-02
 0.80051652059054E-02
 0.76257820215541E-02
 0.72706082015449E-02
 0.69379070890686E-02
 0.66260804903188E-02
 0.63336037447004E-02
 0.60591099893855E-02
 0.58013202373398E-02
 0.55590526542165E-02
 0.53312153453725E-02
 0.51168139778899E-02
 0.49148871797245E-02
 0.47245886507630E-02
 0.45451233480173E-02
 0.43757561884132E-02
 0.42158222901112E-02
 0.40646639669498E-02
 0.39217149433863E-02
 0.37864376311460E-02
 0.36583339543044E-02
 0.35369569288627E-02
 0.34218504190763E-02
 0.33126324700947E-02
 0.32089355017092E-02
 0.31104319465080E-02
 0.30167761206578E-02
 0.29276884812153E-02
 0.28428932878527E-02
 0.27621502401864E-02
 0.26851930809094E-02
 0.26118149842865E-02
 0.25418096605551E-02
 0.24749983758905E-02
 0.24111728347171E-02
 0.23501798892316E-02
 0.22918624829707E-02
 0.22360877594915E-02
 0.21826900440055E-02
 0.21315551736996E-02
 0.20825627146978E-02
 0.20356134853337E-02
 0.19905735004310E-02
 0.19473576259833E-02
 0.19058724912501E-02
 0.18660442629992E-02
 0.18277621574818E-02
 0.17909629868917E-02
 0.17555739166193E-02
 0.17215398252223E-02
 0.16887678410493E-02
 0.16572112272695E-02
 0.16268123596447E-02
 0.15975308050143E-02
 0.15692870259072E-02
 0.15420468776204E-02
 0.15157645570755E-02
 0.14904107077657E-02
 0.14659159888752E-02
 0.14422558085028E-02
 0.14193938148998E-02
 0.13973090729105E-02
 0.13759400924586E-02
 0.13552700641976E-02
 0.13352693502919E-02
 0.13159096625813E-02
 0.12971782218794E-02
 0.12790216850963E-02
 0.12614299929865E-02
 0.12443802564947E-02
 0.12278646389085E-02
 0.12118340178662E-02
 0.11962829409927E-02
 0.11811925447192E-02
 0.11665594231603E-02
 0.11523374148982E-02
 0.11385248171629E-02
 0.11251061782372E-02
 0.11120666762179E-02
 0.10994063857755E-02
 0.10870828695575E-02
 0.10750979754697E-02
 0.10634393333344E-02
 0.10520951591885E-02
 0.10410684508326E-02
 0.10303196002553E-02
 0.10198527660711E-02
 0.10096582162588E-02
 0.99972642986096E-03
 0.99006268197522E-03
 0.98062946654265E-03
 0.97143291943243E-03
 0.96246519440333E-03
 0.95371868110883E-03
 0.94520061391992E-03
 0.93687449671385E-03
 0.92874836036706E-03
 0.92081581311844E-03
 0.91307065067483E-03
 0.90550690820853E-03
 0.89813340298791E-03
 0.89091523413789E-03
 0.88386176464969E-03
 0.87696804132625E-03
 0.87022914896684E-03
 0.86364038357326E-03
 0.85721180305725E-03
 0.85090956758095E-03
 0.84474408145962E-03
 0.83871155723962E-03
 0.83280801397508E-03
 0.82702969569863E-03
 0.82138779480919E-03
 0.81584898971114E-03
 0.81042469096655E-03
 0.80511183993549E-03
 0.79990729060316E-03
 0.79480800489051E-03
 0.78982622107282E-03
 0.78492864995700E-03
 0.78012762155964E-03
 0.77542071241094E-03
 0.77080539817587E-03
 0.76627919651276E-03
 0.76183972688479E-03
 0.75749999123528E-03
 0.75322707696280E-03
 0.74903392513854E-03
