 0.44023161947786E+03
 0.44023161947869E+03
 0.44023161950705E+03
 0.44023161975101E+03
 0.44023162079890E+03
 0.44023162381506E+03
 0.44023163045281E+03
 0.44023164151152E+03
 0.44023165083699E+03
 0.44023162877153E+03
 0.44023149173205E+03
 0.44023106107179E+03
 0.44023002024568E+03
 0.44022788061091E+03
 0.44022379062868E+03
 0.44021722674309E+03
 0.44020678450211E+03
 0.44019145559992E+03
 0.44016973775935E+03
 0.44014045904576E+03
 0.44010198169444E+03
 0.44005313495089E+03
 0.43999230035516E+03
 0.43991846766737E+03
 0.43983015626515E+03
 0.43972659661820E+03
 0.43960652002296E+03
 0.43946942260017E+03
 0.43931428633678E+03
 0.43914086348102E+03
 0.43894839782181E+03
 0.43873686927123E+03
 0.43850592801470E+03
 0.43825527665057E+03
 0.43798522158626E+03
 0.43769568574207E+03
 0.43738680413533E+03
 0.43705860164417E+03
 0.43671168527236E+03
 0.43634621255356E+03
 0.43596253267267E+03
 0.43556103272815E+03
 0.43514193990165E+03
 0.43470604363006E+03
 0.43425362340204E+03
 0.43378513555098E+03
 0.43330103828937E+03
 0.43280179152507E+03
 0.43228766570993E+03
 0.43175946727852E+03
 0.43121746368341E+03
 0.43066207697637E+03
 0.43009371626808E+03
 0.42951277342620E+03
 0.42891962163384E+03
 0.42831461332766E+03
 0.42769789317272E+03
 0.42707013181055E+03
 0.42643143865016E+03
 0.42578207182258E+03
 0.42512226632788E+03
 0.42445223171925E+03
 0.42377215174721E+03
 0.42308218397829E+03
 0.42238243042065E+03
 0.42167286662629E+03
 0.42095390098295E+03
 0.42022541177699E+03
 0.41948742130784E+03
 0.41873992588450E+03
 0.41798289455363E+03
 0.41721626891280E+03
 0.41643996312819E+03
 0.41565386364699E+03
 0.41485765794865E+03
 0.41405151178037E+03
 0.41323506443961E+03
 0.41240808675830E+03
 0.41157032298928E+03
 0.41072148771542E+03
 0.40986126574104E+03
 0.40898931108598E+03
 0.40810509117230E+03
 0.40720850378856E+03
 0.40629895843314E+03
 0.40537597987617E+03
 0.40443905863391E+03
 0.40348765446524E+03
 0.40252118663428E+03
 0.40153903842203E+03
 0.40054041478369E+03
 0.39952489942159E+03
 0.39849162757880E+03
 0.39743975978722E+03
 0.39636857462514E+03
 0.39527716093245E+03
 0.39416448606323E+03
 0.39302982508482E+03
 0.39187205584923E+03
 0.39069011915746E+03
 0.38948288837513E+03
 0.38824919800965E+03
 0.38698772315209E+03
 0.38569737285552E+03
 0.38437672347374E+03
 0.38302436695248E+03
 0.38163875499448E+03
 0.38021853522529E+03
 0.37876205369134E+03
 0.37726766765441E+03
 0.37573367967443E+03
 0.37415826741612E+03
 0.37253977078123E+03
 0.37087627221986E+03
 0.36916578991241E+03
 0.36740650875080E+03
 0.36559651973539E+03
 0.36373381369867E+03
 0.36181639427997E+03
 0.35984242961739E+03
 0.35780998913446E+03
 0.35571724908536E+03
 0.35356257126777E+03
 0.35134437824696E+03
 0.34906132870926E+03
 0.34671237387691E+03
 0.34429673867455E+03
 0.34181412546652E+03
 0.33926474938070E+03
 0.33664947481676E+03
 0.33396995871579E+03
 0.33122882263992E+03
 0.32842988259359E+03
 0.32557831496595E+03
 0.32268091559679E+03
 0.31974636358239E+03
 0.31678549792230E+03
 0.31381144932544E+03
 0.31083985273623E+03
 0.30788890990592E+03
 0.30497935264354E+03
 0.30213424659015E+03
 0.29937862400028E+03
 0.29673896729021E+03
 0.29424243732664E+03
 0.29191623278045E+03
 0.28978656876191E+03
 0.28787779287857E+03
 0.28621155998046E+03
 0.28480603938744E+03
 0.28367545376134E+03
 0.28282955526037E+03
 0.28227369845527E+03
 0.28200884618454E+03
 0.28203190811758E+03
 0.28233622971484E+03
 0.28291219438263E+03
 0.28374780690769E+03
 0.28482929516908E+03
 0.28614176372501E+03
 0.28766951960612E+03
 0.28939665305001E+03
 0.29130724926909E+03
 0.29338575372755E+03
 0.29561711343045E+03
 0.29798690166260E+03
 0.30048142746365E+03
 0.30308821299011E+03
 0.30579433534074E+03
 0.30858890874252E+03
 0.31146143781765E+03
 0.31440215754544E+03
 0.31740204418300E+03
 0.32045277431659E+03
 0.32354663958890E+03
 0.32667655970662E+03
 0.32983597859682E+03
 0.33301893966919E+03
 0.33621980932623E+03
 0.33943354912437E+03
 0.34265548479549E+03
 0.34588131486403E+03
 0.34910708867680E+03
 0.35232922762976E+03
 0.35554430613930E+03
 0.35874933026486E+03
 0.36194149748129E+03
 0.36511824723589E+03
 0.36827727581227E+03
 0.37141636222742E+03
 0.37453360061427E+03
 0.37762720277229E+03
 0.38069555890012E+03
 0.38373723013164E+03
 0.38675081621069E+03
 0.38973516011665E+03
 0.39268917518676E+03
 0.39561194221599E+03
 0.39850252088846E+03
 0.40135945324850E+03
 0.40418356671675E+03
 0.40697350053628E+03
 0.40972877722351E+03
 0.41244895175359E+03
 0.41513365878395E+03
 0.41778259465168E+03
 0.42039554822542E+03
 0.42297232420154E+03
 0.42551279666210E+03
 0.42801687541293E+03
 0.43048455708544E+03
 0.43291583604052E+03
 0.43531076368115E+03
 0.43766941426412E+03
 0.43999193697329E+03
 0.44227846819494E+03
 0.44452919426152E+03
 0.44674430496262E+03
 0.44892407932387E+03
 0.45106874259833E+03
 0.45317857574062E+03
 0.45525387897245E+03
 0.45729498846524E+03
 0.45930221594512E+03
 0.46127590717858E+03
 0.46321642627226E+03
 0.46512416302912E+03
 0.46699948198417E+03
 0.46884278074510E+03
 0.47065444598643E+03
 0.47243491465078E+03
 0.47418459479580E+03
 0.47590389293316E+03
 0.47759323376375E+03
 0.47925306655576E+03
 0.48088380607844E+03
 0.48248589099744E+03
 0.48405976186988E+03
 0.48560584535054E+03
 0.48712459338035E+03
 0.48861643396979E+03
 0.49008180592889E+03
 0.49152113645792E+03
 0.49293487686250E+03
 0.49432344971458E+03
 0.49568728583752E+03
 0.49702680402941E+03
 0.49834244513983E+03
 0.49963462170111E+03
 0.50090375109446E+03
 0.50215024671666E+03
 0.50337451240143E+03
 0.50457696553124E+03
 0.50575800118123E+03
 0.50691801658429E+03
 0.50805740321561E+03
 0.50917653714880E+03
 0.51027581671596E+03
 0.51135561245017E+03
 0.51241628707769E+03
 0.51345822620353E+03
 0.51448176361883E+03
 0.51548728335368E+03
 0.51647512217650E+03
 0.51744562449259E+03
 0.51839912712952E+03
 0.51933596158462E+03
 0.52025647135208E+03
 0.52116096358249E+03
 0.52204976371890E+03
 0.52292318211528E+03
 0.52378152324601E+03
 0.52462508002180E+03
 0.52545416903286E+03
 0.52626906432810E+03
 0.52707005402461E+03
 0.52785741926938E+03
 0.52863142965539E+03
 0.52939235306736E+03
 0.53014046737342E+03
 0.53087603389294E+03
 0.53159927912366E+03
 0.53231047466921E+03
 0.53300985922420E+03
 0.53369766723330E+03
 0.53437414251954E+03
 0.53503951012978E+03
 0.53569399532613E+03
 0.53633781923040E+03
 0.53697119822337E+03
 0.53759434010836E+03
 0.53820746051441E+03
 0.53881075705357E+03
 0.53940443347649E+03
 0.53998867810311E+03
 0.54056368638834E+03
 0.54112964394956E+03
 0.54168672995563E+03
 0.54223513101951E+03
 0.54277502623821E+03
