 0.00000000000000E+00
 0.00000000000000E+00
 0.00000000000000E+00
 0.00000000000000E+00
 0.10949492519083E-35
 0.23236046460822E-31
 0.28622751237671E-28
 0.59514626907551E-26
 0.37795927267510E-24
 0.10464120580945E-22
 0.15839178708214E-21
 0.15243758702578E-20
 0.10355401854040E-19
 0.53502755623535E-19
 0.22207315756810E-18
 0.77153040567540E-18
 0.23152034764229E-17
 0.42556712522117E-14
 0.10215635404395E-13
 0.10767033741634E-12
 0.42355246032673E-12
 0.14515448006184E-11
 0.44681639126724E-11
 0.12524320285306E-10
 0.32337087794994E-10
 0.77659009076840E-10
 0.17491204067659E-09
 0.37209988125150E-09
 0.75224308410855E-09
 0.14527900608309E-08
 0.26926786418697E-08
 0.48087966991067E-08
 0.83038216824922E-08
 0.13907380356153E-07
 0.22652518467119E-07
 0.35969487385561E-07
 0.55798750317958E-07
 0.84725124128287E-07
 0.12613433854376E-06
 0.18439428413879E-06
 0.26506157859896E-06
 0.37511503097402E-06
 0.52321717727011E-06
 0.72000223805837E-06
 0.97839936529519E-06
 0.13139746836718E-05
 0.17453154446139E-05
 0.22944345639174E-05
 0.29872148409649E-05
 0.38538626408792E-05
 0.49294224864415E-05
 0.62542925035266E-05
 0.78747797585533E-05
 0.98436843848125E-05
 0.12220910857118E-04
 0.15074110671353E-04
 0.18479389985839E-04
 0.22521822957057E-04
 0.27296461996517E-04
 0.32908839468054E-04
 0.39475847240419E-04
 0.47126536639226E-04
 0.56002921898292E-04
 0.66260872495318E-04
 0.78086721971265E-04
 0.91638963472417E-04
 0.10713311659749E-03
 0.12478991422794E-03
 0.14484861710609E-03
 0.16756827934359E-03
 0.19322888739761E-03
 0.22213247812619E-03
 0.25460427926548E-03
 0.29099406379823E-03
 0.33167826947021E-03
 0.37705935258836E-03
 0.42756988480024E-03
 0.48367255970130E-03
 0.54586230215461E-03
 0.61466807985699E-03
 0.69065491659383E-03
 0.77442609011565E-03
 0.86662648967184E-03
 0.96793882929623E-03
 0.10790953404850E-02
 0.12008751230238E-02
 0.13341085354234E-02
 0.14796772056078E-02
 0.16385229909150E-02
 0.18116471924102E-02
 0.20001177424913E-02
 0.22050643206885E-02
 0.24276973752097E-02
 0.26693507520011E-02
 0.29313088232050E-02
 0.32150686193921E-02
 0.35221879326413E-02
 0.38543124975036E-02
 0.42132094292986E-02
 0.46007566061415E-02
 0.50189550562906E-02
 0.54699390246155E-02
 0.59559955094690E-02
 0.64795362390560E-02
 0.70431501241521E-02
 0.76495970520319E-02
 0.83018349358810E-02
 0.90029842886072E-02
 0.97564027045812E-02
 0.10565668195165E-01
 0.11434593928867E-01
 0.12367264176771E-01
 0.13367989578859E-01
 0.14441408980462E-01
 0.15592568528013E-01
 0.16826542982430E-01
 0.18148987742089E-01
 0.19565880540539E-01
 0.21083591775959E-01
 0.22708812679079E-01
 0.24448743492171E-01
 0.26311012091527E-01
 0.28303632749821E-01
 0.30435175265132E-01
 0.32714687956215E-01
 0.35151653498142E-01
 0.37756169021561E-01
 0.40538715947907E-01
 0.43510364174540E-01
 0.46682599970138E-01
 0.50067369341424E-01
 0.53676977385540E-01
 0.57524042067197E-01
 0.61621270796369E-01
 0.65981504647032E-01
 0.70617200567883E-01
 0.75540505818666E-01
 0.80762615874182E-01
 0.86293475812678E-01
 0.92141516214600E-01
 0.98312811164940E-01
 0.10481064934787E+00
 0.11163508968756E+00
 0.11878211866692E+00
 0.12624337133711E+00
 0.13400551428879E+00
 0.14205029368037E+00
 0.15035415961283E+00
 0.15888868236758E+00
 0.16762100096698E+00
 0.17651441622373E+00
 0.18552939546685E+00
 0.19462449226385E+00
 0.20375789866060E+00
 0.21288816741132E+00
 0.22197554341927E+00
 0.23098282991527E+00
 0.23987603380294E+00
 0.24862477801926E+00
 0.25720320961791E+00
 0.26558909549204E+00
 0.27376445604713E+00
 0.28171513792238E+00
 0.28943060557751E+00
 0.29690357586901E+00
 0.30412960750854E+00
 0.31110675149486E+00
 0.31783428979631E+00
 0.32431595714755E+00
 0.33055428794595E+00
 0.33655388401899E+00
 0.34232024661101E+00
 0.34785956827675E+00
 0.35317867162945E+00
 0.35828463315109E+00
 0.36318481909217E+00
 0.36788669686558E+00
 0.37239761476264E+00
 0.37672543928575E+00
 0.38087737743064E+00
 0.38486070736744E+00
 0.38868253073446E+00
 0.39234975074163E+00
 0.39586886532548E+00
 0.39924673547600E+00
 0.40248939949835E+00
 0.40560284425208E+00
 0.40859282777567E+00
 0.41146465063476E+00
 0.41422401373335E+00
 0.41687574818897E+00
 0.41942467531177E+00
 0.42187539188257E+00
 0.42423207072314E+00
 0.42649932876374E+00
 0.42868093313010E+00
 0.43078067998933E+00
 0.43280195735218E+00
 0.43474866341916E+00
 0.43662706817867E+00
 0.43843377695721E+00
 0.44017504727919E+00
 0.44185371044805E+00
 0.44347245349080E+00
 0.44503383478806E+00
 0.44654029262171E+00
 0.44799415038054E+00
 0.44939761325905E+00
 0.45075278807364E+00
 0.45206167684670E+00
 0.45332619128087E+00
 0.45454814910835E+00
 0.45572928370419E+00
 0.45687124640576E+00
 0.45797561526940E+00
 0.45904389137614E+00
 0.46007750775153E+00
 0.46107783114708E+00
 0.46204616792502E+00
 0.46298376257114E+00
 0.46389180463033E+00
 0.46477142886764E+00
 0.46562372155144E+00
 0.46644971881390E+00
 0.46725041149879E+00
 0.46802674598977E+00
 0.46877962948808E+00
 0.46950992804636E+00
 0.47021846982056E+00
 0.47090604794745E+00
 0.47157342367937E+00
 0.47222132295162E+00
 0.47285044265875E+00
 0.47346144940052E+00
 0.47405498274660E+00
 0.47463165618647E+00
 0.47519205680680E+00
 0.47573674825482E+00
 0.47626627088191E+00
 0.47678114345404E+00
 0.47728186367656E+00
 0.47776890943851E+00
 0.47824273942044E+00
 0.47870379461032E+00
 0.47915249785420E+00
 0.47958925617711E+00
 0.48001446048009E+00
 0.48042848670341E+00
 0.48083169624629E+00
 0.48122443688890E+00
 0.48160704281652E+00
 0.48197983573693E+00
 0.48234312571126E+00
 0.48269721069642E+00
 0.48304237776216E+00
 0.48337890340656E+00
 0.48370705410010E+00
 0.48402708631603E+00
 0.48433924764555E+00
 0.48464377635981E+00
 0.48494090235398E+00
 0.48523084758244E+00
 0.48551382522095E+00
 0.48579004228318E+00
 0.48605969733450E+00
 0.48632298252783E+00
 0.48658008367414E+00
 0.48683117971401E+00
 0.48707644293361E+00
 0.48731604098783E+00
 0.48755013519080E+00
 0.48777888136810E+00
 0.48800242966545E+00
 0.48822092625765E+00
 0.48843451202694E+00
 0.48864332295763E+00
 0.48884749052350E+00
 0.48904714210682E+00
 0.48924240107681E+00
 0.48943338655881E+00
 0.48962021423034E+00
 0.48980299561157E+00
 0.48998183859933E+00
 0.49015684816357E+00
 0.49032812587754E+00
 0.49049576935789E+00
 0.49065987395835E+00
 0.49082053206604E+00
 0.49097783305778E+00
 0.49113186332568E+00
 0.49128270721265E+00
 0.49143044548577E+00
 0.49157515737698E+00
 0.49171691953233E+00
 0.49185580600316E+00
 0.49199188891356E+00
 0.49212523814643E+00
 0.49225592176612E+00
 0.49238400493651E+00
 0.49250955187648E+00
