 0.10897039088326E+00
 0.10897039088315E+00
 0.10897039088202E+00
 0.10897039088485E+00
 0.10897039093249E+00
 0.10897039114299E+00
 0.10897039173984E+00
 0.10897039305254E+00
 0.10897039545327E+00
 0.10897039913533E+00
 0.10897040360393E+00
 0.10897040679544E+00
 0.10897040385109E+00
 0.10897038568409E+00
 0.10897050216481E+00
 0.10897040230132E+00
 0.10897040311556E+00
 0.10897030030188E+00
 0.10897025375378E+00
 0.10897004197470E+00
 0.10896986047535E+00
 0.10896947036934E+00
 0.10896910093666E+00
 0.10896847218794E+00
 0.10896784008370E+00
 0.10896689063777E+00
 0.10896589770102E+00
 0.10896453133269E+00
 0.10896306855671E+00
 0.10896117915234E+00
 0.10895913027300E+00
 0.10895660510580E+00
 0.10895369887881E+00
 0.10895055076913E+00
 0.10894682225115E+00
 0.10894260861618E+00
 0.10893787392920E+00
 0.10893274106790E+00
 0.10892684306478E+00
 0.10892026908529E+00
 0.10891296290358E+00
 0.10890485792948E+00
 0.10889605151146E+00
 0.10888613711890E+00
 0.10887517945908E+00
 0.10886308606570E+00
 0.10884975314385E+00
 0.10883506809649E+00
 0.10881907783939E+00
 0.10880132563639E+00
 0.10878182602964E+00
 0.10876043108028E+00
 0.10873698038192E+00
 0.10871130317055E+00
 0.10868321830744E+00
 0.10865253386490E+00
 0.10861921620044E+00
 0.10858272196208E+00
 0.10854298485806E+00
 0.10849977039707E+00
 0.10845283085067E+00
 0.10840190683465E+00
 0.10834672726656E+00
 0.10828700914606E+00
 0.10822242040839E+00
 0.10815288762934E+00
 0.10807773339509E+00
 0.10799678440001E+00
 0.10790969710114E+00
 0.10781611380051E+00
 0.10771566361507E+00
 0.10760796243344E+00
 0.10749261292708E+00
 0.10736920412358E+00
 0.10723747357421E+00
 0.10709666295326E+00
 0.10694647400155E+00
 0.10678643833721E+00
 0.10661607222443E+00
 0.10643487622088E+00
 0.10624233501188E+00
 0.10603791672461E+00
 0.10582122676654E+00
 0.10559139976970E+00
 0.10534800024122E+00
 0.10509042790258E+00
 0.10481806304933E+00
 0.10453027101789E+00
 0.10422639366222E+00
 0.10390575520470E+00
 0.10356780955717E+00
 0.10321155109101E+00
 0.10283638683109E+00
 0.10244149638416E+00
 0.10202621507511E+00
 0.10158969253573E+00
 0.10113124303618E+00
 0.10064976528172E+00
 0.10014452622848E+00
 0.99614646474166E-01
 0.99059223905051E-01
 0.98477339322806E-01
 0.97868175631005E-01
 0.97230537795407E-01
 0.96563584133802E-01
 0.95866331521399E-01
 0.95137888739662E-01
 0.94377059065331E-01
 0.93582941784352E-01
 0.92754532575796E-01
 0.91890834336987E-01
 0.90990950094425E-01
 0.90053730211248E-01
 0.89078313658317E-01
 0.88063692518384E-01
 0.87009221889527E-01
 0.85913841295277E-01
 0.84776845038649E-01
 0.83597584925356E-01
 0.82375313252858E-01
 0.81109541547587E-01
 0.79799895179948E-01
 0.78445956736706E-01
 0.77047597359619E-01
 0.75604849298580E-01
 0.74117763543822E-01
 0.72586754655623E-01
 0.71012301047837E-01
 0.69395260380458E-01
 0.67736595201117E-01
 0.66037689642654E-01
 0.64300098982101E-01
 0.62525835974743E-01
 0.60717175238728E-01
 0.58876840398959E-01
 0.57007932811742E-01
 0.55114074294321E-01
 0.53199289563783E-01
 0.51268114632022E-01
 0.49325561302515E-01
 0.47377112077846E-01
 0.45428700594107E-01
 0.43486656969444E-01
 0.41557618110052E-01
 0.39648422111082E-01
 0.37766041399623E-01
 0.35917368578553E-01
 0.34109117381620E-01
 0.32347636740225E-01
 0.30638720944925E-01
 0.28987552281476E-01
 0.27398499397562E-01
 0.25875097818217E-01
 0.24419926527659E-01
 0.23034666413376E-01
 0.21720093590503E-01
 0.20476154198701E-01
 0.19302050180717E-01
 0.18196358666219E-01
 0.17157076040851E-01
 0.16181838175876E-01
 0.15267946974668E-01
 0.14412495845065E-01
 0.13612442322898E-01
 0.12864685240415E-01
 0.12166126104385E-01
 0.11513714336361E-01
 0.10904574872261E-01
 0.10335656805345E-01
 0.98043235527770E-02
 0.93079806781557E-02
 0.88441821285259E-02
 0.84106297837469E-02
 0.80051652059054E-02
 0.76257820215541E-02
 0.72706082015449E-02
 0.69379070890686E-02
 0.66260804903188E-02
 0.63336037447004E-02
 0.60591099893855E-02
 0.58013202373398E-02
 0.55590526542165E-02
 0.53312153453725E-02
 0.51168139778899E-02
 0.49148871797245E-02
 0.47245886507630E-02
 0.45451233480173E-02
 0.43757561884132E-02
 0.42158222901112E-02
 0.40646639669498E-02
 0.39217149433863E-02
 0.37864376311460E-02
 0.36583339543044E-02
 0.35369569288627E-02
 0.34218504190763E-02
 0.33126324700947E-02
 0.32089355017092E-02
 0.31104319465080E-02
 0.30167761206578E-02
 0.29274917755407E-02
 0.28427023869193E-02
 0.27619511052585E-02
 0.26849998670241E-02
 0.26116275072064E-02
 0.25416277231814E-02
 0.24748079569819E-02
 0.24109881606002E-02
 0.23500006901908E-02
 0.22916885649675E-02
 0.22359051456179E-02
 0.21825128319034E-02
 0.21313831934444E-02
 0.20823957773893E-02
 0.20354377379818E-02
 0.19904029148498E-02
 0.19471920421069E-02
 0.19057117260404E-02
 0.18658743970418E-02
 0.18275972355111E-02
 0.17908029524842E-02
 0.17554184956633E-02
 0.17213751015367E-02
 0.16886078569526E-02
 0.16570558455601E-02
 0.16266615061342E-02
 0.15973704328488E-02
 0.15691312071008E-02
 0.15418954874856E-02
 0.15156174315336E-02
 0.14902538140388E-02
 0.14657634858567E-02
 0.14421076898589E-02
 0.14192498122863E-02
 0.13971550334436E-02
 0.13757902933138E-02
 0.13551244072893E-02
 0.13351276833257E-02
 0.13157719450527E-02
 0.12970304990824E-02
 0.12788779187981E-02
 0.12612901029963E-02
 0.12442441019458E-02
 0.12277181195247E-02
 0.12116913491385E-02
 0.11961440579090E-02
 0.11810574254493E-02
 0.11664135433530E-02
 0.11521952898073E-02
 0.11383863983632E-02
 0.11249713341083E-02
 0.11119352798345E-02
 0.10992640928610E-02
 0.10869442583507E-02
 0.10749628802751E-02
 0.10633076307783E-02
 0.10519667309354E-02
 0.10409289376784E-02
 0.10301834531770E-02
 0.10197199769701E-02
 0.10095286705082E-02
 0.99960001650186E-03
 0.98992505271210E-03
 0.98049504533707E-03
 0.97130171905881E-03
 0.96233710743621E-03
 0.95359360372901E-03
 0.94506384089912E-03
 0.93674079925661E-03
 0.92861777684687E-03
 0.92068824186391E-03
 0.91294599330146E-03
 0.90538506987687E-03
 0.89799974059453E-03
 0.89078443914593E-03
 0.88373390093547E-03
 0.87684301696837E-03
 0.87010687360574E-03
 0.86352077026506E-03
 0.85708013748023E-03
 0.85078059222597E-03
 0.84461788812473E-03
 0.83858806189241E-03
 0.83268713337551E-03
 0.82691134940831E-03
 0.82125706507905E-03
 0.81572079866208E-03
 0.81029916232706E-03
 0.80498889629697E-03
 0.79978685455976E-03
 0.79469000168757E-03
 0.78969539415687E-03
 0.78480023096386E-03
 0.78000177140840E-03
 0.77529735967277E-03
 0.77068447061612E-03
 0.76616062400899E-03
 0.76172344176055E-03
 0.75737060571397E-03
 0.75309992020735E-03
 0.74890919727805E-03
