 0.10930123522451E+01
 0.10930123519207E+01
 0.10930123484239E+01
 0.10930123337184E+01
 0.10930122940021E+01
 0.10930122101953E+01
 0.10930120583507E+01
 0.10930118099669E+01
 0.10930114331741E+01
 0.10930108966883E+01
 0.10930101785718E+01
 0.10930092805017E+01
 0.10930082460668E+01
 0.10930071799019E+01
 0.10930066118204E+01
 0.10930061164039E+01
 0.10930067876155E+01
 0.10930087235523E+01
 0.10930128877040E+01
 0.10930195168760E+01
 0.10930297911616E+01
 0.10930440096145E+01
 0.10930634831252E+01
 0.10930884376290E+01
 0.10931202208527E+01
 0.10931589266353E+01
 0.10932058583708E+01
 0.10932609618401E+01
 0.10933254261009E+01
 0.10933990541370E+01
 0.10934828689509E+01
 0.10935765459314E+01
 0.10936805907970E+01
 0.10937955441048E+01
 0.10939208111742E+01
 0.10940567046403E+01
 0.10942031898340E+01
 0.10943605505248E+01
 0.10945279009206E+01
 0.10947053669963E+01
 0.10948927134652E+01
 0.10950896593690E+01
 0.10952963026402E+01
 0.10955115271167E+01
 0.10957353396541E+01
 0.10959673739023E+01
 0.10962072475356E+01
 0.10964545699068E+01
 0.10967093710101E+01
 0.10969704405363E+01
 0.10972377743888E+01
 0.10975109934225E+01
 0.10977897208063E+01
 0.10980735900515E+01
 0.10983622469288E+01
 0.10986553510952E+01
 0.10989530293763E+01
 0.10992540961328E+01
 0.10995586814393E+01
 0.10998665169430E+01
 0.11001773486135E+01
 0.11004909417014E+01
 0.11008070810972E+01
 0.11011255715982E+01
 0.11014462550400E+01
 0.11017694213120E+01
 0.11020940230932E+01
 0.11024203935836E+01
 0.11027484410223E+01
 0.11030780899422E+01
 0.11034092842480E+01
 0.11037419870490E+01
 0.11040761803119E+01
 0.11044118647080E+01
 0.11047495519061E+01
 0.11050883186600E+01
 0.11054286856405E+01
 0.11057707297606E+01
 0.11061145414820E+01
 0.11064602287362E+01
 0.11068079165057E+01
 0.11071577470565E+01
 0.11075103765241E+01
 0.11078650123972E+01
 0.11082223184600E+01
 0.11085825064677E+01
 0.11089458037619E+01
 0.11093124529626E+01
 0.11096827163782E+01
 0.11100568724370E+01
 0.11104357336346E+01
 0.11108186084952E+01
 0.11112063120013E+01
 0.11115992325241E+01
 0.11119976827214E+01
 0.11124020749765E+01
 0.11128133214024E+01
 0.11132308730986E+01
 0.11136556465912E+01
 0.11140881088975E+01
 0.11145287562339E+01
 0.11149780988658E+01
 0.11154371670383E+01
 0.11159055456415E+01
 0.11163842674954E+01
 0.11168739408635E+01
 0.11173756554945E+01
 0.11178891399301E+01
 0.11184154902543E+01
 0.11189553881407E+01
 0.11195095371787E+01
 0.11200791350445E+01
 0.11206639903200E+01
 0.11212652940876E+01
 0.11218838510804E+01
 0.11225208149986E+01
 0.11231760826991E+01
 0.11238508661830E+01
 0.11245463685916E+01
 0.11252624787515E+01
 0.11260003361036E+01
 0.11267610504061E+01
 0.11275444704914E+01
 0.11283515793179E+01
 0.11291833019942E+01
 0.11300392927529E+01
 0.11309206384843E+01
 0.11318268133834E+01
 0.11327585265703E+01
 0.11337149442358E+01
 0.11346963340938E+01
 0.11357013932748E+01
 0.11367297234346E+01
 0.11377793369642E+01
 0.11388490094337E+01
 0.11399358046663E+01
 0.11410372843312E+01
 0.11421495340515E+01
 0.11432678974654E+01
 0.11443877064266E+01
 0.11455026115837E+01
 0.11466054198853E+01
 0.11476886965790E+01
 0.11487434845633E+01
 0.11497603894677E+01
 0.11507290757565E+01
 0.11516394566106E+01
 0.11524807176854E+01
 0.11532423867264E+01
 0.11539144381675E+01
 0.11544880081697E+01
 0.11549551125201E+01
 0.11553090811415E+01
 0.11555453976753E+01
 0.11556609298133E+01
 0.11556544266381E+01
 0.11555267069033E+01
 0.11552799481177E+01
 0.11549178457572E+01
 0.11544455334743E+01
 0.11538688792479E+01
 0.11531947850027E+01
 0.11524304081160E+01
 0.11515834152343E+01
 0.11506615740789E+01
 0.11496724654271E+01
 0.11486236611102E+01
 0.11475224730520E+01
 0.11463757242146E+01
 0.11451900022678E+01
 0.11439714212633E+01
 0.11427256580932E+01
 0.11414579668285E+01
 0.11401730887651E+01
 0.11388754156061E+01
 0.11375689082663E+01
 0.11362571286539E+01
 0.11349432530042E+01
 0.11336301895909E+01
 0.11323204595342E+01
 0.11310163066284E+01
 0.11297197088767E+01
 0.11284324000737E+01
 0.11271558674482E+01
 0.11258914626507E+01
 0.11246402865474E+01
 0.11234032952021E+01
 0.11221812950793E+01
 0.11209749394766E+01
 0.11197848248432E+01
 0.11186113755226E+01
 0.11174549414841E+01
 0.11163157873281E+01
 0.11151940809300E+01
 0.11140899911175E+01
 0.11130035573021E+01
 0.11119347839528E+01
 0.11108836298874E+01
 0.11098500536800E+01
 0.11088339223827E+01
 0.11078351066195E+01
 0.11068534213775E+01
 0.11058887105245E+01
 0.11049407508199E+01
 0.11040093210666E+01
 0.11030941679019E+01
 0.11021950749515E+01
 0.11013117714174E+01
 0.11004439911975E+01
 0.10995914515704E+01
 0.10987539088787E+01
 0.10979310693594E+01
 0.10971226573503E+01
 0.10963283772821E+01
 0.10955479796269E+01
 0.10947811701509E+01
 0.10940276733457E+01
 0.10932871975385E+01
 0.10925595056470E+01
 0.10918443062811E+01
 0.10911413325794E+01
 0.10904503190145E+01
 0.10897710266703E+01
 0.10891031844264E+01
 0.10884465448875E+01
 0.10878008573042E+01
 0.10871658973455E+01
 0.10865414145086E+01
 0.10859271806087E+01
 0.10853229585125E+01
 0.10847285461553E+01
 0.10841437158824E+01
 0.10835682514191E+01
 0.10830019392904E+01
 0.10824445949251E+01
 0.10818960063400E+01
 0.10813559809936E+01
 0.10808243303381E+01
 0.10803008601714E+01
 0.10797854065342E+01
 0.10792777833267E+01
 0.10787778193438E+01
 0.10782853383935E+01
 0.10778001928447E+01
 0.10773222140804E+01
 0.10768512465775E+01
 0.10763871301140E+01
 0.10759297319825E+01
 0.10754788995114E+01
 0.10750344913175E+01
 0.10745963700444E+01
 0.10741643950977E+01
 0.10737384485329E+01
 0.10733183962330E+01
 0.10729041143835E+01
 0.10724954818301E+01
 0.10720923715505E+01
 0.10716946828475E+01
 0.10713022976823E+01
 0.10709151015899E+01
 0.10705329958841E+01
 0.10701558624982E+01
 0.10697836179133E+01
 0.10694161536054E+01
 0.10690533712775E+01
 0.10686951818723E+01
 0.10683414800671E+01
 0.10679921950518E+01
 0.10676472319713E+01
 0.10673065004467E+01
 0.10669699207908E+01
 0.10666374126344E+01
 0.10663088922064E+01
 0.10659842904530E+01
 0.10656635233241E+01
 0.10653465206296E+01
 0.10650332110685E+01
 0.10647235240738E+01
 0.10644173866474E+01
 0.10641147406793E+01
 0.10638155189675E+01
 0.10635196456089E+01
 0.10632270718996E+01
 0.10629377332339E+01
 0.10626515644236E+01
 0.10623685175874E+01
 0.10620885310069E+01
 0.10618115490413E+01
 0.10615375176936E+01
 0.10612663842003E+01
 0.10609980921227E+01
 0.10607326005289E+01
 0.10604698545446E+01
 0.10602098073791E+01
 0.10599524105049E+01
 0.10596976192558E+01
 0.10594453879450E+01
 0.10591956681078E+01
 0.10589484256825E+01
 0.10587036197336E+01
