 0.00000000000000E+00
-0.34235931968977E-22
-0.89936882177411E-21
-0.65821937945226E-20
-0.29450276811817E-19
-0.13595274550875E-10
-0.33689612487903E-11
 0.18775184695545E-10
-0.19745220910395E-10
 0.21772162507448E-10
-0.11969617727479E-10
-0.76163005355703E-12
-0.80942994155360E-11
 0.28206253121581E-08
 0.21919812696423E-07
-0.63512738869505E-07
-0.13745562662116E-07
 0.37004149686677E-07
 0.74459989954820E-07
 0.19754103149665E-06
 0.46077571891336E-06
 0.10321521084076E-05
 0.21125218666178E-05
 0.40592227098385E-05
 0.73875273486906E-05
 0.12844592879892E-04
 0.21490603502409E-04
 0.34616584849294E-04
 0.53873458159797E-04
 0.81387628161432E-04
 0.11961339190597E-03
 0.17145953631623E-03
 0.24028116346651E-03
 0.32981865701103E-03
 0.44422214791852E-03
 0.58801097533972E-03
 0.76600826922301E-03
 0.98332829147841E-03
 0.12453216299734E-02
 0.15574900893702E-02
 0.19254989473171E-02
 0.23551602734866E-02
 0.28521916724064E-02
 0.34224082853629E-02
 0.40715741419952E-02
 0.48053539763093E-02
 0.56293361894045E-02
 0.65481477468969E-02
 0.75695733624850E-02
 0.86858207638854E-02
 0.99437920454522E-02
 0.11293122390749E-01
 0.12755411173784E-01
 0.14348107688186E-01
 0.16084285211687E-01
 0.17964604679684E-01
 0.19980371738243E-01
 0.22127880189606E-01
 0.24409235814357E-01
 0.26828468763192E-01
 0.29401103783736E-01
 0.32139998002074E-01
 0.35048980271339E-01
 0.38123785185586E-01
 0.41360058046566E-01
 0.44752436875908E-01
 0.48313835912122E-01
 0.52061801275606E-01
 0.55982224113651E-01
 0.60081814571162E-01
 0.64365001933208E-01
 0.68834949211439E-01
 0.73494309557668E-01
 0.78335009005374E-01
 0.83402711166537E-01
 0.88656212595971E-01
 0.94104548554222E-01
 0.99748595496418E-01
 0.10561099396673E+00
 0.11169852272478E+00
 0.11802069322778E+00
 0.12456275780500E+00
 0.13133375629574E+00
 0.13833856090071E+00
 0.14557278522822E+00
 0.15304818417553E+00
 0.16075189622219E+00
 0.16872659493215E+00
 0.17696415644225E+00
 0.18546999692457E+00
 0.19424467896254E+00
 0.20334305015832E+00
 0.21272968964294E+00
 0.22238559984038E+00
 0.23232383528274E+00
 0.24257594264749E+00
 0.25316067870372E+00
 0.26407623065089E+00
 0.27533075601773E+00
 0.28693689423983E+00
 0.29889121868663E+00
 0.31120595254564E+00
 0.32388775559666E+00
 0.33691923843108E+00
 0.35034829122963E+00
 0.36416008841151E+00
 0.37834950136861E+00
 0.39292925865688E+00
 0.40790935753120E+00
 0.42328865795999E+00
 0.43909387348973E+00
 0.45530807590718E+00
 0.47195243736125E+00
 0.48896739527009E+00
 0.50634299127843E+00
 0.52410962203565E+00
 0.54222999544924E+00
 0.56067424954844E+00
 0.57937451067206E+00
 0.59822330558133E+00
 0.61709675412402E+00
 0.63589729896130E+00
 0.65447050311759E+00
 0.67272326339273E+00
 0.69050467831846E+00
 0.70766810955945E+00
 0.72405181881159E+00
 0.73932228225300E+00
 0.75304205498716E+00
 0.76468446273687E+00
 0.77360042307486E+00
 0.77916212135616E+00
 0.78078535443914E+00
 0.77809351982801E+00
 0.77087532518748E+00
 0.75917905798913E+00
 0.74333640181502E+00
 0.72384652806968E+00
 0.70142559459987E+00
 0.67687595513920E+00
 0.65103653159307E+00
 0.62473366320772E+00
 0.59870509351620E+00
 0.57359296181206E+00
 0.54990053431310E+00
 0.52793706837891E+00
 0.50789372926684E+00
 0.48984701069237E+00
 0.47375990734265E+00
 0.45954314099775E+00
 0.44706248794612E+00
 0.43613531384787E+00
 0.42657021288668E+00
 0.41818809910673E+00
 0.41080410857246E+00
 0.40426460555966E+00
 0.39841553283201E+00
 0.39313896952850E+00
 0.38832706587938E+00
 0.38387995301570E+00
 0.37972653345551E+00
 0.37580347003155E+00
 0.37206562459953E+00
 0.36847004687985E+00
 0.36498114353212E+00
 0.36158090014918E+00
 0.35824021908720E+00
 0.35494984816473E+00
 0.35169359648474E+00
 0.34846645200239E+00
 0.34526407445029E+00
 0.34208417446136E+00
 0.33893043991827E+00
 0.33579323684434E+00
 0.33268001365450E+00
 0.32959239437484E+00
 0.32652623218332E+00
 0.32348794816546E+00
 0.32047723370712E+00
 0.31749637569007E+00
 0.31454847893823E+00
 0.31163274947683E+00
 0.30875272505663E+00
 0.30590830541170E+00
 0.30310296363944E+00
 0.30033599126937E+00
 0.29761204556676E+00
 0.29492980514067E+00
 0.29228957996201E+00
 0.28969447334867E+00
 0.28714579436204E+00
 0.28464214690819E+00
 0.28218616276291E+00
 0.27977702238173E+00
 0.27741580156634E+00
 0.27510169051718E+00
 0.27283647178948E+00
 0.27061867886094E+00
 0.26844904859968E+00
 0.26632843229879E+00
 0.26425718143569E+00
 0.26223437233726E+00
 0.26025939839693E+00
 0.25833352037904E+00
 0.25645548929847E+00
 0.25462573585832E+00
 0.25284323717032E+00
 0.25110696193964E+00
 0.24941797870075E+00
 0.24777404586641E+00
 0.24617622571539E+00
 0.24462125203099E+00
 0.24311314056106E+00
 0.24164598041562E+00
 0.24022131690232E+00
 0.23883907474052E+00
 0.23749850860368E+00
 0.23619760803546E+00
 0.23493544806041E+00
 0.23371281379286E+00
 0.23252881961051E+00
 0.23138252035425E+00
 0.23027180290670E+00
 0.22919700415022E+00
 0.22815546616717E+00
 0.22714836858866E+00
 0.22617404231551E+00
 0.22523086599172E+00
 0.22431932828580E+00
 0.22343842955611E+00
 0.22258736954810E+00
 0.22176517329473E+00
 0.22097091502287E+00
 0.22020529384376E+00
 0.21946569333882E+00
 0.21875133676703E+00
 0.21806336871485E+00
 0.21740004414771E+00
 0.21675970585646E+00
 0.21614402401379E+00
 0.21554774436014E+00
 0.21497402358495E+00
 0.21441781321352E+00
 0.21388541431290E+00
 0.21337313104821E+00
 0.21287221974817E+00
 0.21239603769911E+00
 0.21194135241724E+00
 0.21149605741986E+00
 0.21106684116028E+00
 0.21065596332427E+00
 0.21026463481228E+00
 0.20988570043800E+00
 0.20951636357377E+00
 0.20916216257968E+00
 0.20882300461225E+00
 0.20849689989806E+00
 0.20818522939056E+00
 0.20788452847463E+00
 0.20759219136951E+00
 0.20731012431231E+00
 0.20703938675340E+00
 0.20678348777045E+00
 0.20653447970373E+00
 0.20629685058428E+00
 0.20606476563007E+00
 0.20584214930493E+00
 0.20562929052583E+00
 0.20542311983376E+00
 0.20522505006873E+00
 0.20503722236852E+00
 0.20485515623976E+00
 0.20468003137836E+00
 0.20451060227407E+00
 0.20434961350753E+00
 0.20419199722730E+00
 0.20403978895392E+00
 0.20389522483421E+00
 0.20375435352612E+00
 0.20362360038560E+00
 0.20349273452503E+00
 0.20336862796787E+00
 0.20325168968651E+00
 0.20313867168688E+00
 0.20302619437529E+00
 0.20292032831797E+00
 0.20281811878155E+00
 0.20272077857278E+00
 0.20262613735584E+00
 0.20253567682554E+00
 0.20245013460920E+00
 0.20236438986708E+00
 0.20227937984311E+00
 0.20220100328594E+00
 0.20212571118568E+00
 0.20205220133595E+00
 0.20198278356348E+00
 0.20191611889206E+00
 0.20185153734743E+00
 0.20178701328748E+00
