 0.00000000000000E+00
 0.96360945190084E-24
 0.74980345727395E-22
 0.50759980973976E-21
 0.25300925096063E-20
-0.96380583423038E-11
 0.20726543598217E-11
-0.31889566807057E-11
 0.16183547792097E-10
-0.70581655858252E-11
-0.42786601609751E-11
-0.37346644112024E-10
 0.50456785752147E-11
 0.66727974595996E-08
-0.13377751559091E-08
 0.91234437879001E-08
-0.20689211458356E-07
 0.82316147967586E-07
 0.61442500000119E-07
 0.18345570148278E-06
 0.49045036065764E-06
 0.10151116847551E-05
 0.20417282269681E-05
 0.39789067709215E-05
 0.75097926672631E-05
 0.12842322876143E-04
 0.21533609379861E-04
 0.34553012259627E-04
 0.53874909116169E-04
 0.81407192666005E-04
 0.11964526943468E-03
 0.17149006620083E-03
 0.24031873323663E-03
 0.32989670982779E-03
 0.44429463998513E-03
 0.58805918098225E-03
 0.76607830355660E-03
 0.98342961898036E-03
 0.12452405565274E-02
 0.15578837626606E-02
 0.19258171308565E-02
 0.23556248923226E-02
 0.28530651155923E-02
 0.34236952826257E-02
 0.40734724061362E-02
 0.48081717150396E-02
 0.56334842476275E-02
 0.65510907908484E-02
 0.75780793194692E-02
 0.86460180484828E-02
 0.10017121264108E-01
 0.11299286191589E-01
 0.12715376795267E-01
 0.14346716200749E-01
 0.16191791222995E-01
 0.18152931830316E-01
 0.20148835159095E-01
 0.22271463330706E-01
 0.24462923686219E-01
 0.26884426426196E-01
 0.29578020414365E-01
 0.32482398232570E-01
 0.35505914801900E-01
 0.38614335491516E-01
 0.41865774616309E-01
 0.45349830004816E-01
 0.49125518047021E-01
 0.52982951402728E-01
 0.57073741444212E-01
 0.61364210792290E-01
 0.65881387411796E-01
 0.70608671111816E-01
 0.75561711088814E-01
 0.80657986477322E-01
 0.86274504784544E-01
 0.91902054853494E-01
 0.97762379945038E-01
 0.10382841262840E+00
 0.11033215059539E+00
 0.11717093758923E+00
 0.12440212276559E+00
 0.13182557583326E+00
 0.13951915030060E+00
 0.14736586804667E+00
 0.15561664884235E+00
 0.16419342837840E+00
 0.17315993213521E+00
 0.18265707551301E+00
 0.19257835700453E+00
 0.20302771538714E+00
 0.21367739993032E+00
 0.22506793685940E+00
 0.23668340801355E+00
 0.24864099081119E+00
 0.26111104642756E+00
 0.27429716563098E+00
 0.28816629974348E+00
 0.30259500465246E+00
 0.31770832044402E+00
 0.33351064083064E+00
 0.34987659882461E+00
 0.36693010547269E+00
 0.38449036712965E+00
 0.40273691138210E+00
 0.42205707244145E+00
 0.44221041429572E+00
 0.46311148995298E+00
 0.48493028099656E+00
 0.50769966352940E+00
 0.53142924891968E+00
 0.55662565577824E+00
 0.58258921599197E+00
 0.60980934447903E+00
 0.63738220949180E+00
 0.66590490099484E+00
 0.69597239836990E+00
 0.72710568082115E+00
 0.75901623988580E+00
 0.79095492715509E+00
 0.82245243645738E+00
 0.85310458283191E+00
 0.88252890456265E+00
 0.91006551051457E+00
 0.93599868738909E+00
 0.95919420646513E+00
 0.97913410130409E+00
 0.99504630412958E+00
 0.10035664193069E+01
 0.10017999443402E+01
 0.98594408040723E+00
 0.95269003791620E+00
 0.90005897903993E+00
 0.82820227673049E+00
 0.73885634043333E+00
 0.63599768670512E+00
 0.52492095048812E+00
 0.41190150739142E+00
 0.30300886072662E+00
 0.20383537973110E+00
 0.11828998747395E+00
 0.48978577947283E-01
-0.28035994209535E-02
-0.37477133607463E-01
-0.55946262339224E-01
-0.61614969681855E-01
-0.57270423516060E-01
-0.45704336785803E-01
-0.29278050697110E-01
-0.99903762719974E-02
 0.10588212285205E-01
 0.31238043025270E-01
 0.50831998323507E-01
 0.68933459842255E-01
 0.85097042349835E-01
 0.99168606121160E-01
 0.11118449958970E+00
 0.12120018793686E+00
 0.12948368790283E+00
 0.13610982677081E+00
 0.14131196814463E+00
 0.14533957429984E+00
 0.14825163811049E+00
 0.15032198819505E+00
 0.15159980656468E+00
 0.15207329616912E+00
 0.15194645866973E+00
 0.15118024535036E+00
 0.15009372517210E+00
 0.14869996931701E+00
 0.14702735138829E+00
 0.14519763879888E+00
 0.14312479029741E+00
 0.14088389995724E+00
 0.13849516010146E+00
 0.13606602441696E+00
 0.13362002201801E+00
 0.13104569932037E+00
 0.12845993273247E+00
 0.12581113528191E+00
 0.12319296715632E+00
 0.12052123871574E+00
 0.11787270360489E+00
 0.11526623113497E+00
 0.11262343993232E+00
 0.10998683432638E+00
 0.10739946968585E+00
 0.10482168662367E+00
 0.10227878102743E+00
 0.99751284085324E-01
 0.97257213526466E-01
 0.94849245566371E-01
 0.92464622615722E-01
 0.90159778957577E-01
 0.87884294079033E-01
 0.85655108723458E-01
 0.83445055982501E-01
 0.81302956433898E-01
 0.79216280119007E-01
 0.77186898124926E-01
 0.75212374588685E-01
 0.73308358379716E-01
 0.71479471280650E-01
 0.69713332944236E-01
 0.68002574484387E-01
 0.66352839443998E-01
 0.64773908169219E-01
 0.63276202214335E-01
 0.61824877349867E-01
 0.60412271220201E-01
 0.59059014725009E-01
 0.57770085902397E-01
 0.56564910296629E-01
 0.55378177888543E-01
 0.54259895362437E-01
 0.53194197975318E-01
 0.52165677245542E-01
 0.51205369509131E-01
 0.50263756543294E-01
 0.49379964990374E-01
 0.48564586007966E-01
 0.47790411592462E-01
 0.47095858323410E-01
 0.46403546702029E-01
 0.45739869897493E-01
 0.45125308879549E-01
 0.44508654689717E-01
 0.43923403350647E-01
 0.43377101801401E-01
 0.42871504277147E-01
 0.42407454891325E-01
 0.41985882188683E-01
 0.41620808848259E-01
 0.41268272821124E-01
 0.40947143510889E-01
 0.40643707089607E-01
 0.40407939535347E-01
 0.40152479327203E-01
 0.39923417047860E-01
 0.39690960792048E-01
 0.39514381761770E-01
 0.39226730798792E-01
 0.39076379890735E-01
 0.38875899109113E-01
 0.38684092411946E-01
 0.38619140278230E-01
 0.38459971525850E-01
 0.38313966696154E-01
 0.38200538161447E-01
 0.38282285814384E-01
 0.38189612768779E-01
 0.37985765198833E-01
 0.37953561513523E-01
 0.37892290606748E-01
 0.37925975447777E-01
 0.37924363160843E-01
 0.37794217146755E-01
 0.37728426253574E-01
 0.37710488948466E-01
 0.37759644754476E-01
 0.37756593258766E-01
 0.37658888478039E-01
 0.37649409980854E-01
 0.37621481742304E-01
 0.37700232797023E-01
 0.37765879245432E-01
 0.37789306105982E-01
 0.37749481293889E-01
 0.37735854660526E-01
 0.37715358735326E-01
 0.37724686506801E-01
 0.37721178900986E-01
 0.37788439974960E-01
 0.37869625532436E-01
 0.37812946771377E-01
 0.37869762727940E-01
 0.37879897884587E-01
 0.37816050313701E-01
 0.37740132354184E-01
 0.37771051678886E-01
 0.37777823410642E-01
 0.37832008426459E-01
 0.37853139652570E-01
 0.37850368887521E-01
 0.37877623415419E-01
 0.37908561178874E-01
 0.37910842009774E-01
 0.37897225640726E-01
 0.37984974831907E-01
 0.38013824937670E-01
 0.37943897984765E-01
 0.37970452389570E-01
 0.37976771177138E-01
 0.37926407091441E-01
 0.38017180414265E-01
 0.37933341611813E-01
 0.37880546522225E-01
 0.37879584455021E-01
 0.37911983911245E-01
 0.37939155089573E-01
 0.37963946598713E-01
