-0.94991753966165E+01
-0.94991751772199E+01
-0.94991729749334E+01
-0.94991643287349E+01
-0.94991423087767E+01
-0.94990980036709E+01
-0.94990207613087E+01
-0.94988986438007E+01
-0.94987203760520E+01
-0.94984805366932E+01
-0.94981886632804E+01
-0.94978807906757E+01
-0.94976302255492E+01
-0.94975544299205E+01
-0.94978161353515E+01
-0.94986185409663E+01
-0.95001957558073E+01
-0.95028002491411E+01
-0.95066891881446E+01
-0.95121112879203E+01
-0.95192952208561E+01
-0.95284402392541E+01
-0.95397093741896E+01
-0.95532251606012E+01
-0.95690674460220E+01
-0.95872731918158E+01
-0.96078386073662E+01
-0.96307216890215E+01
-0.96558454401009E+01
-0.96831023012459E+01
-0.97123588294042E+01
-0.97434602251899E+01
-0.97762349550577E+01
-0.98104990594403E+01
-0.98460603128489E+01
-0.98827219860570E+01
-0.99202861828060E+01
-0.99585568463463E+01
-0.99973424525574E+01
-0.10036457808907E+02
-0.10075726082240E+02
-0.10114980359816E+02
-0.10154064614106E+02
-0.10192834718645E+02
-0.10231158924043E+02
-0.10268918234884E+02
-0.10306006597304E+02
-0.10342330582420E+02
-0.10377810577741E+02
-0.10412378595572E+02
-0.10445979254213E+02
-0.10478569043057E+02
-0.10510115912807E+02
-0.10540598788075E+02
-0.10570007021902E+02
-0.10598339907722E+02
-0.10625606227443E+02
-0.10651823536180E+02
-0.10677017815405E+02
-0.10701231690061E+02
-0.10724490466513E+02
-0.10746849694403E+02
-0.10768364473980E+02
-0.10789095699711E+02
-0.10809110124379E+02
-0.10828479761902E+02
-0.10847281780147E+02
-0.10865598172887E+02
-0.10883515540201E+02
-0.10901124645402E+02
-0.10918520548341E+02
-0.10935801979768E+02
-0.10953071573425E+02
-0.10970435816188E+02
-0.10988004638998E+02
-0.11005891633893E+02
-0.11024213825592E+02
-0.11043092139778E+02
-0.11062650991557E+02
-0.11083018091541E+02
-0.11104325396503E+02
-0.11126708047662E+02
-0.11150306192117E+02
-0.11175263812093E+02
-0.11201729527765E+02
-0.11229856760292E+02
-0.11259816841309E+02
-0.11291748587340E+02
-0.11325833289853E+02
-0.11362246361435E+02
-0.11401169217854E+02
-0.11442789828292E+02
-0.11487304785854E+02
-0.11534918024548E+02
-0.11585841662242E+02
-0.11640295483225E+02
-0.11698510499855E+02
-0.11760726012875E+02
-0.11827191701221E+02
-0.11898167968839E+02
-0.11973926932562E+02
-0.12054751962237E+02
-0.12140936658040E+02
-0.12232787058230E+02
-0.12330620160432E+02
-0.12434764997591E+02
-0.12545582291206E+02
-0.12663378240939E+02
-0.12788530925357E+02
-0.12921399805962E+02
-0.13062347627258E+02
-0.13211736330734E+02
-0.13369918786355E+02
-0.13537237428496E+02
-0.13714008441639E+02
-0.13900512423422E+02
-0.14096987649765E+02
-0.14303604464126E+02
-0.14520452032543E+02
-0.14747508510760E+02
-0.14984615525761E+02
-0.15231450285847E+02
-0.15487476158075E+02
-0.15751953735410E+02
-0.16023792785989E+02
-0.16301658688131E+02
-0.16583840119099E+02
-0.16868319293796E+02
-0.17152740073569E+02
-0.17434448766688E+02
-0.17710608494820E+02
-0.17978274066104E+02
-0.18234522982461E+02
-0.18476601935323E+02
-0.18702102843466E+02
-0.18909129796154E+02
-0.19096538357883E+02
-0.19264217776382E+02
-0.19413435676384E+02
-0.19547102022476E+02
-0.19669868539380E+02
-0.19788111230297E+02
-0.19909449499612E+02
-0.20042205597361E+02
-0.20194560821863E+02
-0.20373704505148E+02
-0.20585103483510E+02
-0.20832037349151E+02
-0.21115389816661E+02
-0.21433774543906E+02
-0.21783842878821E+02
-0.22160763949687E+02
-0.22558729032993E+02
-0.22971465077780E+02
-0.23392611635003E+02
-0.23816094791500E+02
-0.24236333173307E+02
-0.24648413428039E+02
-0.25048114089422E+02
-0.25431852075158E+02
-0.25796795444024E+02
-0.26140765416136E+02
-0.26462117471178E+02
-0.26759740800706E+02
-0.27032913607103E+02
-0.27281265841106E+02
-0.27504757003550E+02
-0.27703524310998E+02
-0.27877909045386E+02
-0.28028401526465E+02
-0.28155575545326E+02
-0.28260081895676E+02
-0.28342639004478E+02
-0.28403978584615E+02
-0.28444861149214E+02
-0.28466060620626E+02
-0.28468332010196E+02
-0.28452450610355E+02
-0.28419147148386E+02
-0.28369166292272E+02
-0.28303220319784E+02
-0.28222024422413E+02
-0.28126252853104E+02
-0.28016587131497E+02
-0.27893668338512E+02
-0.27758144470811E+02
-0.27610632790919E+02
-0.27451778295222E+02
-0.27282136977936E+02
-0.27102314190986E+02
-0.26912899348549E+02
-0.26714452029434E+02
-0.26507532097513E+02
-0.26292674311407E+02
-0.26070424777938E+02
-0.25841303600840E+02
-0.25605837656709E+02
-0.25364534694971E+02
-0.25117847228338E+02
-0.24866298943371E+02
-0.24610357801542E+02
-0.24350477746626E+02
-0.24087105640004E+02
-0.23820671780614E+02
-0.23551594899024E+02
-0.23280288192820E+02
-0.23007119080682E+02
-0.22732485781882E+02
-0.22456745751746E+02
-0.22180234973635E+02
-0.21903277859099E+02
-0.21626204483595E+02
-0.21349306766028E+02
-0.21072863979036E+02
-0.20797142114634E+02
-0.20522393713700E+02
-0.20248857466698E+02
-0.19976751053236E+02
-0.19706277343597E+02
-0.19437632592815E+02
-0.19170992147322E+02
-0.18906519637920E+02
-0.18644364191431E+02
-0.18384666591243E+02
-0.18127549446703E+02
-0.17873127482601E+02
-0.17621502408792E+02
-0.17372766155229E+02
-0.17126999342127E+02
-0.16884273241925E+02
-0.16644649690429E+02
-0.16408182798819E+02
-0.16174915665376E+02
-0.15944888391617E+02
-0.15718127155080E+02
-0.15494659780355E+02
-0.15274499342057E+02
-0.15057652385686E+02
-0.14844131475730E+02
-0.14633930631696E+02
-0.14427045176077E+02
-0.14223466990033E+02
-0.14023185096332E+02
-0.13826178658922E+02
-0.13632430997639E+02
-0.13441910356825E+02
-0.13254597738379E+02
-0.13070460819115E+02
-0.12889470123428E+02
-0.12711590586251E+02
-0.12536781031589E+02
-0.12365015788882E+02
-0.12196247792173E+02
-0.12030441158141E+02
-0.11867554287166E+02
-0.11707546007335E+02
-0.11550372019245E+02
-0.11395989966036E+02
-0.11244358868070E+02
-0.11095430394223E+02
-0.10949161957556E+02
-0.10805509328200E+02
-0.10664427940220E+02
-0.10525872128437E+02
-0.10389799042946E+02
-0.10256163413211E+02
-0.10124923187610E+02
-0.99960280634937E+01
-0.98694410249871E+01
-0.97451142414547E+01
-0.96230076993679E+01
-0.95030768336904E+01
-0.93852816281205E+01
-0.92695798595196E+01
-0.91559299792093E+01
-0.90442917397835E+01
-0.89346252149454E+01
-0.88268912094161E+01
-0.87210505714421E+01
-0.86170658498205E+01
-0.85148994880545E+01
-0.84145137904892E+01
-0.83158727834631E+01
-0.82189412696810E+01
-0.81236839319874E+01
-0.80300670269093E+01
-0.79380567456307E+01
-0.78476198242591E+01
-0.77587238294050E+01
-0.76713373131336E+01
-0.75854284201800E+01
-0.75009665996664E+01
-0.74179221986643E+01
-0.73362655276601E+01
-0.72559691457100E+01
-0.71770041293029E+01
-0.70993429574851E+01
-0.70229587277881E+01
-0.69478251400679E+01
-0.68739163943275E+01
