 0.30369300714823E+03
 0.30369298121885E+03
 0.30369273905959E+03
 0.30369184695522E+03
 0.30368968678491E+03
 0.30368550640340E+03
 0.30367845360428E+03
 0.30366774884860E+03
 0.30365332607726E+03
 0.30363720883366E+03
 0.30362540639970E+03
 0.30362963637045E+03
 0.30366814626059E+03
 0.30376529572711E+03
 0.30395001829550E+03
 0.30425357890797E+03
 0.30470711618084E+03
 0.30533937246166E+03
 0.30617487102345E+03
 0.30723266032446E+03
 0.30852561881749E+03
 0.31006025650527E+03
 0.31183691841386E+03
 0.31385028261933E+03
 0.31609001637449E+03
 0.31854155632533E+03
 0.32118697659493E+03
 0.32400577345636E+03
 0.32697558543386E+03
 0.33007289978793E+03
 0.33327367113500E+03
 0.33655383356837E+03
 0.33988974614264E+03
 0.34325853781017E+03
 0.34663839484891E+03
 0.35000878948820E+03
 0.35335062387025E+03
 0.35664634032386E+03
 0.35988000873721E+03
 0.36303729020474E+03
 0.36610547692824E+03
 0.36907347458311E+03
 0.37193173292545E+03
 0.37467220151004E+03
 0.37728824480703E+03
 0.37977456207483E+03
 0.38212710385226E+03
 0.38434295674929E+03
 0.38642036603073E+03
 0.38835847525498E+03
 0.39015735950904E+03
 0.39181791121779E+03
 0.39334176193694E+03
 0.39473120681297E+03
 0.39598913195977E+03
 0.39711895008585E+03
 0.39812454944866E+03
 0.39901020808790E+03
 0.39978056516531E+03
 0.40044096283357E+03
 0.40099588116694E+03
 0.40145109017214E+03
 0.40181224156363E+03
 0.40208511220009E+03
 0.40227562080045E+03
 0.40238977541274E+03
 0.40243366602134E+03
 0.40241344629012E+03
 0.40233532002959E+03
 0.40220548867646E+03
 0.40203021458038E+03
 0.40181566281354E+03
 0.40156808105745E+03
 0.40129367616023E+03
 0.40099861712154E+03
 0.40068905855453E+03
 0.40037111142946E+03
 0.40005086394513E+03
 0.39973434157913E+03
 0.39942755566121E+03
 0.39913645967031E+03
 0.39886691064001E+03
 0.39862481149207E+03
 0.39841597085222E+03
 0.39824615779852E+03
 0.39812113182312E+03
 0.39804704172582E+03
 0.39802846645870E+03
 0.39807145543728E+03
 0.39818149038025E+03
 0.39836393132334E+03
 0.39862405171727E+03
 0.39896704964887E+03
 0.39939795003216E+03
 0.39992161426338E+03
 0.40054263933133E+03
 0.40126545964036E+03
 0.40209410725055E+03
 0.40303221854114E+03
 0.40408293274852E+03
 0.40524879621155E+03
 0.40653158720508E+03
 0.40793208232604E+03
 0.40944992691889E+03
 0.41108329175312E+03
 0.41282869072976E+03
 0.41468127896575E+03
 0.41663103842517E+03
 0.41866732959297E+03
 0.42077460620555E+03
 0.42293249528545E+03
 0.42511491899491E+03
 0.42728866246129E+03
 0.42941204229742E+03
 0.43143298641207E+03
 0.43328677513871E+03
 0.43489412131570E+03
 0.43615785315673E+03
 0.43695978300072E+03
 0.43715745882927E+03
 0.43658009129991E+03
 0.43502501669147E+03
 0.43225458983341E+03
 0.42799405977034E+03
 0.42193146997799E+03
 0.41372201297622E+03
 0.40299650344713E+03
 0.38937798737445E+03
 0.37250614569939E+03
 0.35207311762612E+03
 0.32786407704389E+03
 0.29980396492457E+03
 0.26799694214000E+03
 0.23275101650589E+03
 0.19458053070712E+03
 0.15418418707323E+03
 0.11240119782801E+03
 0.70152436293071E+02
 0.28370993255262E+02
-0.12077193160970E+02
-0.50470738966768E+02
-0.86305714242325E+02
-0.11933725222274E+03
-0.14958630558510E+03
-0.17728789345373E+03
-0.20279827784830E+03
-0.22648177361271E+03
-0.24860143901389E+03
-0.26923532528972E+03
-0.28822815000939E+03
-0.30518242493932E+03
-0.31948096986247E+03
-0.33032685065517E+03
-0.33680135338149E+03
-0.33791373901762E+03
-0.33265432416989E+03
-0.32003677702008E+03
-0.29913296878169E+03
-0.26909697302003E+03
-0.22918457678754E+03
-0.17876458822630E+03
-0.11732646715233E+03
-0.44482579279131E+02
 0.40031680749622E+02
 0.13636429347439E+03
 0.24453853793218E+03
 0.36447189156122E+03
 0.49597085155402E+03
 0.63874220090598E+03
 0.79239821543032E+03
 0.95645980262267E+03
 0.11303645679596E+04
 0.13134827071449E+04
 0.15051115414906E+04
 0.17044891919919E+04
 0.19108033539963E+04
 0.21231918298716E+04
 0.23407726062373E+04
 0.25626109998881E+04
 0.27877802803980E+04
 0.30153225575974E+04
 0.32442978995947E+04
 0.34737418806065E+04
 0.37027397045118E+04
 0.39303561607920E+04
 0.41557101920486E+04
 0.43779498479188E+04
 0.45963032699257E+04
 0.48099149679463E+04
 0.50181182734033E+04
 0.52202445391517E+04
 0.54156733282317E+04
 0.56038587725650E+04
 0.57842838985434E+04
 0.59565285818868E+04
 0.61202029184149E+04
 0.62750365539855E+04
 0.64207624663640E+04
 0.65570946286732E+04
 0.66840081591522E+04
 0.68013786817255E+04
 0.69091622952999E+04
 0.70074052716748E+04
 0.70961313216691E+04
 0.71754668686723E+04
 0.72455525913613E+04
 0.73065186541815E+04
 0.73586268713767E+04
 0.74020914369621E+04
 0.74371640933331E+04
 0.74640892080378E+04
 0.74832231304730E+04
 0.74948426915400E+04
 0.74992705083148E+04
 0.74968324388745E+04
 0.74878612397834E+04
 0.74726981521041E+04
 0.74516786146673E+04
 0.74251354774826E+04
 0.73934060943315E+04
 0.73568184553176E+04
 0.73156972995542E+04
 0.72703588454584E+04
 0.72211115620810E+04
 0.71682562834895E+04
 0.71120827557668E+04
 0.70528719719184E+04
 0.69908927933485E+04
 0.69264034203650E+04
 0.68596512391124E+04
 0.67908722069396E+04
 0.67202878500271E+04
 0.66481162188210E+04
 0.65745655191796E+04
 0.64998077884803E+04
 0.64240468920961E+04
 0.63474264526021E+04
 0.62701253868318E+04
 0.61922827473205E+04
 0.61140409352614E+04
 0.60355320941504E+04
 0.59568697146761E+04
 0.58781724893581E+04
 0.57995416715555E+04
 0.57210727554680E+04
 0.56428568234356E+04
 0.55649733214522E+04
 0.54874960221054E+04
 0.54104923642611E+04
 0.53340422570193E+04
 0.52581576957408E+04
 0.51829314177761E+04
 0.51083977330889E+04
 0.50345960446322E+04
 0.49615609054280E+04
 0.48893305069159E+04
 0.48179292402698E+04
 0.47473829193918E+04
 0.46777200472525E+04
 0.46089425307714E+04
 0.45410824028459E+04
 0.44741463753850E+04
 0.44081465876518E+04
 0.43430898471750E+04
 0.42789835140856E+04
 0.42158312331013E+04
 0.41536424825012E+04
 0.40923948377774E+04
 0.40321177128578E+04
 0.39727843887674E+04
 0.39144072934771E+04
 0.38569742587189E+04
 0.38004838659020E+04
 0.37449273566013E+04
 0.36902967006810E+04
 0.36365841693553E+04
 0.35837808096209E+04
 0.35318780860626E+04
 0.34808645687498E+04
 0.34307308952126E+04
 0.33814653325008E+04
 0.33330578160922E+04
 0.32854956173013E+04
 0.32387661844898E+04
 0.31928588350277E+04
 0.31477618085589E+04
 0.31034622277381E+04
 0.30599468227266E+04
 0.30172040202760E+04
 0.29752227287614E+04
 0.29339879596669E+04
 0.28934855881012E+04
 0.28537040723279E+04
 0.28146279142677E+04
 0.27762527214417E+04
 0.27385614955131E+04
 0.27015429065520E+04
 0.26651826624400E+04
 0.26294691381344E+04
 0.25943906582085E+04
