 0.92173030465821E+02
 0.92173030465775E+02
 0.92173030465283E+02
 0.92173030466360E+02
 0.92173030486036E+02
 0.92173030574413E+02
 0.92173030827464E+02
 0.92173031386471E+02
 0.92173032412735E+02
 0.92173033984396E+02
 0.92173035874873E+02
 0.92173037156646E+02
 0.92173035663113E+02
 0.92173027342523E+02
 0.92173005613863E+02
 0.92172960805186E+02
 0.92172879725180E+02
 0.92172745452934E+02
 0.92172537263779E+02
 0.92172230827110E+02
 0.92171798428602E+02
 0.92171209419471E+02
 0.92170430651364E+02
 0.92169426914113E+02
 0.92168161444816E+02
 0.92166596346550E+02
 0.92164692525295E+02
 0.92162409960262E+02
 0.92159707934685E+02
 0.92156544822679E+02
 0.92152877801527E+02
 0.92148662607714E+02
 0.92143853215130E+02
 0.92138401340005E+02
 0.92132255978725E+02
 0.92125363043630E+02
 0.92117664808951E+02
 0.92109099497228E+02
 0.92099600783091E+02
 0.92089097623903E+02
 0.92077513775804E+02
 0.92064767420295E+02
 0.92050771001018E+02
 0.92035430878531E+02
 0.92018647182418E+02
 0.92000313616436E+02
 0.91980317295299E+02
 0.91958538780461E+02
 0.91934851181286E+02
 0.91909121136755E+02
 0.91881207977589E+02
 0.91850963785575E+02
 0.91818233242090E+02
 0.91782853506337E+02
 0.91744654124648E+02
 0.91703456915044E+02
 0.91659075782429E+02
 0.91611316634990E+02
 0.91559977200790E+02
 0.91504820193344E+02
 0.91445674455638E+02
 0.91382290391069E+02
 0.91314431264339E+02
 0.91241851588861E+02
 0.91164296740056E+02
 0.91081503054112E+02
 0.90993197190181E+02
 0.90899096126628E+02
 0.90798906850324E+02
 0.90692326578166E+02
 0.90579042106689E+02
 0.90458729664526E+02
 0.90331055266441E+02
 0.90195673137102E+02
 0.90052226451481E+02
 0.89900347093678E+02
 0.89739655338242E+02
 0.89569758104125E+02
 0.89390250728064E+02
 0.89200715695946E+02
 0.89000721825946E+02
 0.88789824931468E+02
 0.88567566303171E+02
 0.88333472772017E+02
 0.88087055700905E+02
 0.87827812407250E+02
 0.87555175595567E+02
 0.87268695970837E+02
 0.86967779274173E+02
 0.86651855123597E+02
 0.86320336467292E+02
 0.85972619673268E+02
 0.85608077188083E+02
 0.85226063769505E+02
 0.84825914803076E+02
 0.84406949321896E+02
 0.83968459347647E+02
 0.83509721018969E+02
 0.83029989196286E+02
 0.82528497660048E+02
 0.82004457021050E+02
 0.81457057821489E+02
 0.80885475068822E+02
 0.80288861847377E+02
 0.79666352069965E+02
 0.79017058936736E+02
 0.78340018048123E+02
 0.77634445576628E+02
 0.76899349973336E+02
 0.76133798650869E+02
 0.75336852709589E+02
 0.74507567405782E+02
 0.73645006993300E+02
 0.72748231993069E+02
 0.71816328199143E+02
 0.70848407868354E+02
 0.69843601033065E+02
 0.68801093678661E+02
 0.67720116855428E+02
 0.66599985650367E+02
 0.65440104323140E+02
 0.64239980819003E+02
 0.62999297811108E+02
 0.61717802227356E+02
 0.60395696305882E+02
 0.59033229529324E+02
 0.57631131510499E+02
 0.56190429187848E+02
 0.54712652166144E+02
 0.53199964333026E+02
 0.51655104550375E+02
 0.50081592046544E+02
 0.48483777503364E+02
 0.46866859293232E+02
 0.45236832529531E+02
 0.43600490827730E+02
 0.41965279526396E+02
 0.40339083072984E+02
 0.38729998956531E+02
 0.37145958201367E+02
 0.35594521522390E+02
 0.34082684563199E+02
 0.32616666340524E+02
 0.31201585484161E+02
 0.29841448813082E+02
 0.28539145748523E+02
 0.27296447166672E+02
 0.26114124997110E+02
 0.24992025447211E+02
 0.23929256421418E+02
 0.22924311718006E+02
 0.21975190690555E+02
 0.21079603044939E+02
 0.20235003887463E+02
 0.19438757459431E+02
 0.18688165292666E+02
 0.17980547903914E+02
 0.17313281924489E+02
 0.16683843591774E+02
 0.16089867933278E+02
 0.15529085697152E+02
 0.14999357778338E+02
 0.14498694699991E+02
 0.14025235045843E+02
 0.13577236175202E+02
 0.13153103330637E+02
 0.12751332081033E+02
 0.12370545554661E+02
 0.12009460581571E+02
 0.11666881324201E+02
 0.11341706217962E+02
 0.11032911516825E+02
 0.10739542971964E+02
 0.10460715574585E+02
 0.10195606518305E+02
 0.99434440448853E+01
 0.97035141353111E+01
 0.94751448609048E+01
 0.92577135721512E+01
 0.90506326165794E+01
 0.88533542317483E+01
 0.86653635927835E+01
 0.84861761464692E+01
 0.83153387422921E+01
 0.81524236545369E+01
 0.79970287341273E+01
 0.78487761276619E+01
 0.77073056332730E+01
 0.75722791564961E+01
 0.74433810688188E+01
 0.73203065182824E+01
 0.72027711432512E+01
 0.70905046401003E+01
 0.69832519101518E+01
 0.68807699916822E+01
 0.67828295689595E+01
 0.66892132548427E+01
 0.65997133199467E+01
 0.65141337841426E+01
 0.64321412411906E+01
 0.63538541012659E+01
 0.62789556387648E+01
 0.62072865302153E+01
 0.61386944128506E+01
 0.60730356715251E+01
 0.60101721542212E+01
 0.59499739635105E+01
 0.58923167378791E+01
 0.58370820304544E+01
 0.57841578312475E+01
 0.57334369763783E+01
 0.56848178003370E+01
 0.56382032982517E+01
 0.55935014637848E+01
 0.55506243728566E+01
 0.55094888355239E+01
 0.54700151119751E+01
 0.54321274985908E+01
 0.53957542403393E+01
 0.53608264729322E+01
 0.53272788951341E+01
 0.52950493100731E+01
 0.52640787042916E+01
 0.52343102897852E+01
 0.52056905292253E+01
 0.51781682736689E+01
 0.51516947954936E+01
 0.51262235884690E+01
 0.51017104834436E+01
 0.50781133301055E+01
 0.50553920123880E+01
 0.50335081647747E+01
 0.50124254780732E+01
 0.49921091248107E+01
 0.49725259161749E+01
 0.49536440587452E+01
 0.49354336117944E+01
 0.49178666142388E+01
 0.49009146931473E+01
 0.48845523806039E+01
 0.48687548851509E+01
 0.48534980523487E+01
 0.48387590836306E+01
 0.48245167513905E+01
 0.48107499795372E+01
 0.47974401410136E+01
 0.47845673741680E+01
 0.47721142852291E+01
 0.47600634470805E+01
 0.47483990431319E+01
 0.47371051268235E+01
 0.47261664984499E+01
 0.47155695877210E+01
 0.47053003376812E+01
 0.46953458763565E+01
 0.46856935704005E+01
 0.46763318562972E+01
 0.46672493744290E+01
 0.46584350324702E+01
 0.46498784127231E+01
 0.46415699287953E+01
 0.46334998786850E+01
 0.46256590531258E+01
 0.46180391902483E+01
 0.46106315041294E+01
 0.46034281675381E+01
 0.45964215227109E+01
 0.45896043685392E+01
 0.45829696033501E+01
 0.45765106602408E+01
 0.45702210507364E+01
 0.45640948737691E+01
 0.45581257975564E+01
 0.45523083000883E+01
 0.45466369162790E+01
 0.45411066068702E+01
 0.45357123493642E+01
 0.45304493315560E+01
 0.45253129899338E+01
 0.45202988945594E+01
 0.45154028868019E+01
 0.45106208075602E+01
 0.45059491498123E+01
 0.45013836007020E+01
 0.44969209525146E+01
 0.44925575447580E+01
 0.44882900980692E+01
 0.44841154729905E+01
 0.44800306098437E+01
 0.44760325952954E+01
 0.44721186648187E+01
 0.44682860079283E+01
 0.44645320113494E+01
 0.44608541317438E+01
 0.44572500203514E+01
 0.44537173198449E+01
 0.44502537996066E+01
 0.44468573256434E+01
 0.44435258121060E+01
 0.44402572566662E+01
