 0.10000000133514E-09
 0.10000000133514E-09
 0.10000000133514E-09
 0.10000000133514E-09
 0.10000000133514E-09
 0.10000000133514E-09
 0.10000000133514E-09
 0.10000000133514E-09
 0.10000000133514E-09
 0.10000000133514E-09
 0.10000000133514E-09
 0.10000000133514E-09
 0.10000000133514E-09
 0.10000000133514E-09
 0.10000000133514E-09
 0.10000000133514E-09
 0.97256613366418E-03
 0.97256613366418E-03
 0.19653220112869E-02
 0.26440696239721E-02
 0.34539025621978E-02
 0.43990468296284E-02
 0.54816395548411E-02
 0.67020033131132E-02
 0.80589388438966E-02
 0.95500185029835E-02
 0.11171869121329E-01
 0.12920412035265E-01
 0.14791093184310E-01
 0.16779057881823E-01
 0.18879328735573E-01
 0.21086939605466E-01
 0.23397025607835E-01
 0.25804904519855E-01
 0.28306150004456E-01
 0.30896643794878E-01
 0.33572601712814E-01
 0.36330567599914E-01
 0.39167443590133E-01
 0.42080496512082E-01
 0.45067370426316E-01
 0.48126021542276E-01
 0.51254746799458E-01
 0.54452148315230E-01
 0.57717123521671E-01
 0.61048836258216E-01
 0.64446690376702E-01
 0.67910308402441E-01
 0.71439553031669E-01
 0.75034439651605E-01
 0.78695145312530E-01
 0.82421999527410E-01
 0.86215468601381E-01
 0.90076136658763E-01
 0.94004678277760E-01
 0.98001830280016E-01
 0.10206840219110E+00
 0.10620528387168E+00
 0.11041341062412E+00
 0.11470364130836E+00
 0.11905853631339E+00
 0.12348775686266E+00
 0.12799240101591E+00
 0.13257356971584E+00
 0.13723238759038E+00
 0.14196990449489E+00
 0.14678725979624E+00
 0.15168559738645E+00
 0.15666610542244E+00
 0.16172989680272E+00
 0.16687814634249E+00
 0.17211196594411E+00
 0.17743245908468E+00
 0.18284087021227E+00
 0.18833842085980E+00
 0.19392625775647E+00
 0.19960546815293E+00
 0.20537737586751E+00
 0.21124310014636E+00
 0.21720384525945E+00
 0.22326081627009E+00
 0.22941516252358E+00
 0.23566804469630E+00
 0.24202063306093E+00
 0.24847414934155E+00
 0.25502964134401E+00
 0.26169178148373E+00
 0.26845504642271E+00
 0.27532374003485E+00
 0.28229890010675E+00
 0.28938138775639E+00
 0.29657188525775E+00
 0.30387141420493E+00
 0.31128074064427E+00
 0.31880051823675E+00
 0.32643105094563E+00
 0.33417295158311E+00
 0.34202636507644E+00
 0.34999131654864E+00
 0.35806764861858E+00
 0.36625510186630E+00
 0.37455314539129E+00
 0.38296081537746E+00
 0.39147693725386E+00
 0.40010005494983E+00
 0.40882844410177E+00
 0.41766173369141E+00
 0.42659344833707E+00
 0.43562248232458E+00
 0.44474522121250E+00
 0.45395752116489E+00
 0.46325482598985E+00
 0.47263185485049E+00
 0.48208294484221E+00
 0.49160162111981E+00
 0.50118059687458E+00
 0.51081227392232E+00
 0.52048807977739E+00
 0.53019880166036E+00
 0.53993451307553E+00
 0.54968454633469E+00
 0.55943751795148E+00
 0.56918126616172E+00
 0.57890393742973E+00
 0.58858977848362E+00
 0.59822552342397E+00
 0.60779671891028E+00
 0.61728752095301E+00
 0.62668138188592E+00
 0.63596127642741E+00
 0.64511036526662E+00
 0.65411142484240E+00
 0.66294762705282E+00
 0.67160173801365E+00
 0.68005819944717E+00
 0.68830333612297E+00
 0.69632467994500E+00
 0.70411184808593E+00
 0.71165906698936E+00
 0.71896491376065E+00
 0.72602888848724E+00
 0.73285692004534E+00
 0.73945338279126E+00
 0.74582763857464E+00
 0.75199101992381E+00
 0.75795590701158E+00
 0.76373538744519E+00
 0.76934265569986E+00
 0.77479097144205E+00
 0.78009259810845E+00
 0.78525925428010E+00
 0.79030156018198E+00
 0.79522881762884E+00
 0.80004995290631E+00
 0.80477209064641E+00
 0.80940200666322E+00
 0.81394564497739E+00
 0.81840848899523E+00
 0.82279524594482E+00
 0.82710875466073E+00
 0.83135234784609E+00
 0.83552914177226E+00
 0.83964153600431E+00
 0.84369166381651E+00
 0.84768190694876E+00
 0.85161347580043E+00
 0.85548830530996E+00
 0.85930751839980E+00
 0.86307230988471E+00
 0.86678398902257E+00
 0.87044345617729E+00
 0.87405156330230E+00
 0.87760921158431E+00
 0.88111718688873E+00
 0.88457611634116E+00
 0.88798685629154E+00
 0.89134994884357E+00
 0.89466614233748E+00
 0.89793584812151E+00
 0.90115980748303E+00
 0.90433850803160E+00
 0.90747251344755E+00
 0.91056241305036E+00
 0.91360870686515E+00
 0.91661189819507E+00
 0.91957256081963E+00
 0.92249107350059E+00
 0.92536812480252E+00
 0.92820422331460E+00
 0.93099969740515E+00
 0.93375523728282E+00
 0.93647129579900E+00
 0.93914839385541E+00
 0.94178700627442E+00
 0.94438764642620E+00
 0.94695079519081E+00
 0.94947692075352E+00
 0.95196658769023E+00
 0.95442025414873E+00
 0.95683834845896E+00
 0.95922150477302E+00
 0.96157015889871E+00
 0.96388476712628E+00
 0.96616586505545E+00
 0.96841384025983E+00
 0.97062926575737E+00
 0.97281257059503E+00
 0.97496421766246E+00
 0.97708471773863E+00
 0.97917449383137E+00
 0.98123402206145E+00
 0.98326375428876E+00
 0.98526414739637E+00
 0.98723564643814E+00
 0.98917869495711E+00
 0.99109371368653E+00
 0.99298114158781E+00
 0.99484141450761E+00
 0.99667494786712E+00
 0.99848213545679E+00
 0.10002634125649E+01
 0.10020191847586E+01
 0.10037498419835E+01
 0.10054557923902E+01
 0.10071374303708E+01
 0.10087951248587E+01
 0.10104292605718E+01
 0.10120402104195E+01
 0.10136283390469E+01
 0.10151940125070E+01
 0.10167375848219E+01
 0.10182594044611E+01
 0.10197598262341E+01
 0.10212391830958E+01
 0.10226978067527E+01
 0.10241360386847E+01
 0.10255541887977E+01
 0.10269525994591E+01
 0.10283315536114E+01
 0.10296913889046E+01
 0.10310323953365E+01
 0.10323548896365E+01
 0.10336591503420E+01
 0.10349454683564E+01
 0.10362141289330E+01
 0.10374654045507E+01
 0.10386995812401E+01
 0.10399169216380E+01
 0.10411176982195E+01
 0.10423021664051E+01
 0.10434705829053E+01
 0.10446231978512E+01
 0.10457602582162E+01
 0.10468820103160E+01
 0.10479886965768E+01
 0.10490805464932E+01
 0.10501577941310E+01
 0.10512206672673E+01
 0.10522693883819E+01
 0.10533041784507E+01
 0.10543252478315E+01
 0.10553328130801E+01
 0.10563270856306E+01
 0.10573082618644E+01
 0.10582765465292E+01
 0.10592321352971E+01
 0.10601752206811E+01
 0.10611059956739E+01
 0.10620246534534E+01
 0.10629313676261E+01
 0.10638263220503E+01
 0.10647096929503E+01
 0.10655816560080E+01
 0.10664423817726E+01
 0.10672920487686E+01
 0.10681308096000E+01
 0.10689588300476E+01
 0.10697762687339E+01
 0.10705832840484E+01
 0.10713800331614E+01
 0.10721666681819E+01
 0.10729433274363E+01
 0.10737101623361E+01
 0.10744673192482E+01
 0.10752149442773E+01
 0.10759531719713E+01
 0.10766821400293E+01
 0.10774019818866E+01
 0.10781128303781E+01
 0.10788148139569E+01
 0.10795080618787E+01
 0.10801926984587E+01
 0.10808688466706E+01
 0.10815366286889E+01
 0.10821961622965E+01
 0.10828475659960E+01
 0.10834909548110E+01
 0.10841264409805E+01
 0.10847541367734E+01
 0.10853741522789E+01
