 0.13586514181776E+03
 0.13586514181785E+03
 0.13586514181958E+03
 0.13586514182786E+03
 0.13586514184526E+03
 0.13586514185850E+03
 0.13586514182749E+03
 0.13586514168146E+03
 0.13586514132835E+03
 0.13586514069337E+03
 0.13586513980584E+03
 0.13586513895405E+03
 0.13586513890382E+03
 0.13586514116541E+03
 0.13586514827102E+03
 0.13586516402708E+03
 0.13586519372465E+03
 0.13586524423794E+03
 0.13586532411814E+03
 0.13586544349181E+03
 0.13586561406133E+03
 0.13586584891014E+03
 0.13586616238138E+03
 0.13586656999786E+03
 0.13586708826413E+03
 0.13586773457027E+03
 0.13586852771998E+03
 0.13586948790709E+03
 0.13587063671211E+03
 0.13587199760680E+03
 0.13587359649158E+03
 0.13587546210358E+03
 0.13587762657781E+03
 0.13588012605540E+03
 0.13588300133586E+03
 0.13588629834056E+03
 0.13589006880431E+03
 0.13589437081940E+03
 0.13589926946603E+03
 0.13590483699149E+03
 0.13591115345239E+03
 0.13591830724943E+03
 0.13592639533777E+03
 0.13593552370737E+03
 0.13594580760661E+03
 0.13595737184476E+03
 0.13597035103969E+03
 0.13598488950170E+03
 0.13600114299795E+03
 0.13601927667850E+03
 0.13603946681288E+03
 0.13606190061348E+03
 0.13608677649005E+03
 0.13611430427197E+03
 0.13614470537563E+03
 0.13617821303442E+03
 0.13621507262456E+03
 0.13625554180653E+03
 0.13629989090372E+03
 0.13634843774370E+03
 0.13640141678253E+03
 0.13645916648560E+03
 0.13652201124336E+03
 0.13659028953824E+03
 0.13666435468109E+03
 0.13674457490906E+03
 0.13683133450821E+03
 0.13692503414775E+03
 0.13702609165749E+03
 0.13713494213328E+03
 0.13725203928478E+03
 0.13737785605334E+03
 0.13751288507058E+03
 0.13765764109506E+03
 0.13781266090126E+03
 0.13797850445362E+03
 0.13815575617906E+03
 0.13834502842794E+03
 0.13854696026758E+03
 0.13876222041297E+03
 0.13899150979468E+03
 0.13923556221619E+03
 0.13949514819411E+03
 0.13977107676493E+03
 0.14006419903067E+03
 0.14037540863847E+03
 0.14070571279520E+03
 0.14105598828635E+03
 0.14142733959804E+03
 0.14182087554800E+03
 0.14223776770346E+03
 0.14267925372300E+03
 0.14314665300465E+03
 0.14364136346216E+03
 0.14416486986922E+03
 0.14471874615513E+03
 0.14530467777035E+03
 0.14592445452448E+03
 0.14657998724474E+03
 0.14727331746423E+03
 0.14800663187122E+03
 0.14878226936427E+03
 0.14960273224900E+03
 0.15047070960146E+03
 0.15138908670161E+03
 0.15236096824438E+03
 0.15338979995513E+03
 0.15447896798570E+03
 0.15563245808893E+03
 0.15685444976561E+03
 0.15814946068065E+03
 0.15952238336738E+03
 0.16097850200441E+03
 0.16252356184368E+03
 0.16416377320267E+03
 0.16590587008358E+03
 0.16775718980585E+03
 0.16972567900810E+03
 0.17182000189229E+03
 0.17404953964007E+03
 0.17642449894512E+03
 0.17895599233401E+03
 0.18165599332616E+03
 0.18453772279158E+03
 0.18761490677083E+03
 0.19090282569719E+03
 0.19441745230049E+03
 0.19817598504530E+03
 0.20219644243182E+03
 0.20649733638725E+03
 0.21109777663878E+03
 0.21601677504085E+03
 0.22127274855896E+03
 0.22688297034675E+03
 0.23286303256929E+03
 0.23922596125838E+03
 0.24598146186485E+03
 0.25313541537786E+03
 0.26068935735424E+03
 0.26864062622695E+03
 0.27698197267650E+03
 0.28570151683201E+03
 0.29478269122250E+03
 0.30420590463258E+03
 0.31394877939023E+03
 0.32398677886547E+03
 0.33429424753529E+03
 0.34484492289560E+03
 0.35561295939347E+03
 0.36657313244323E+03
 0.37770138421583E+03
 0.38897541172870E+03
 0.40037401548367E+03
 0.41187810738644E+03
 0.42346974514429E+03
 0.43513277603650E+03
 0.44685239287612E+03
 0.45861518811215E+03
 0.47040872108171E+03
 0.48222040594762E+03
 0.49403901807906E+03
 0.50585402137352E+03
 0.51765490777176E+03
 0.52943169528071E+03
 0.54117476733333E+03
 0.55287408319245E+03
 0.56452043610798E+03
 0.57610404038248E+03
 0.58761540785241E+03
 0.59904530262425E+03
 0.61038422767951E+03
 0.62162277388779E+03
 0.63275174168487E+03
 0.64376190879941E+03
 0.65464415319027E+03
 0.66538975875437E+03
 0.67598988384975E+03
 0.68643620854192E+03
 0.69672038568130E+03
 0.70683459704514E+03
 0.71677124501398E+03
 0.72652314074943E+03
 0.73608360468305E+03
 0.74544620173460E+03
 0.75460508397136E+03
 0.76355480091486E+03
 0.77229035432013E+03
 0.78080753723067E+03
 0.78910252391969E+03
 0.79717169266993E+03
 0.80501255966765E+03
 0.81262279429185E+03
 0.82000071644745E+03
 0.82714507877365E+03
 0.83405530752916E+03
 0.84073122917746E+03
 0.84717313714021E+03
 0.85338196740835E+03
 0.85935900287442E+03
 0.86510561806029E+03
 0.87062458481343E+03
 0.87591815527595E+03
 0.88098916601605E+03
 0.88584088128038E+03
 0.89047675118647E+03
 0.89490067042697E+03
 0.89911660463557E+03
 0.90312886747790E+03
 0.90694196462656E+03
 0.91056049503231E+03
 0.91398928526587E+03
 0.91723323678862E+03
 0.92029738861922E+03
 0.92318680016817E+03
 0.92590665711960E+03
 0.92846209507620E+03
 0.93085835314468E+03
 0.93310063430788E+03
 0.93519407893716E+03
 0.93714389973621E+03
 0.93895520143366E+03
 0.94063304522683E+03
 0.94218239105787E+03
 0.94360822546736E+03
 0.94491535260351E+03
 0.94610852031398E+03
 0.94719237458887E+03
 0.94817147673307E+03
 0.94905025610662E+03
 0.94983304154432E+03
 0.95052404111533E+03
 0.95112737306731E+03
 0.95164698607647E+03
 0.95208675597862E+03
 0.95245043673883E+03
 0.95274168740278E+03
 0.95296398305438E+03
 0.95312055193360E+03
 0.95321486583596E+03
 0.95324993760447E+03
 0.95322878600808E+03
 0.95315440143190E+03
 0.95302963222700E+03
 0.95285709354765E+03
 0.95263948048380E+03
 0.95237906347134E+03
 0.95207845281248E+03
 0.95173983164718E+03
 0.95136546127241E+03
 0.95095732508501E+03
 0.95051751387273E+03
 0.95004802089067E+03
 0.94955053356876E+03
 0.94902691783320E+03
 0.94847882925188E+03
 0.94790790604499E+03
 0.94731562334277E+03
 0.94670344674772E+03
 0.94607282362128E+03
 0.94542508273808E+03
 0.94476142458610E+03
 0.94408309860781E+03
 0.94339127690887E+03
 0.94268696925506E+03
 0.94197131200553E+03
 0.94124526370626E+03
 0.94050977598589E+03
 0.93976571210345E+03
 0.93901394908273E+03
 0.93825526906450E+03
 0.93749045117931E+03
 0.93672016870916E+03
 0.93594520237602E+03
 0.93516618024271E+03
 0.93438371930718E+03
 0.93359838578619E+03
 0.93281074023766E+03
 0.93202131530072E+03
 0.93123059895529E+03
 0.93043907008289E+03
 0.92964715953859E+03
 0.92885530657108E+03
 0.92806382789728E+03
 0.92727321594261E+03
 0.92648373951022E+03
 0.92569577609502E+03
 0.92490963096617E+03
 0.92412558745663E+03
 0.92334391877614E+03
 0.92256488241810E+03
 0.92178870547807E+03
 0.92101563394553E+03
 0.92024588190111E+03
 0.91947965353995E+03
 0.91871712113148E+03
 0.91795846239085E+03
 0.91720383739476E+03
 0.91645339356844E+03
 0.91570727222261E+03
 0.91496560315112E+03
