 0.00000000000000E+00
 0.00000000000000E+00
 0.00000000000000E+00
 0.00000000000000E+00
 0.11019753719913E-25
 0.23360231460369E-21
 0.28753820835312E-18
 0.59753018131185E-16
 0.37930466552761E-14
 0.10497636745459E-12
 0.15885290746997E-11
 0.15284435449025E-10
 0.10380911652747E-09
 0.53625204894501E-09
 0.22254692673255E-08
 0.77307692098333E-08
 0.23195671130020E-07
 0.61599830764475E-07
 0.14760920191088E-06
 0.32412124123977E-06
 0.66036631763245E-06
 0.12611977001585E-05
 0.22770273568424E-05
 0.39137701881459E-05
 0.64421503940729E-05
 0.10205788637464E-04
 0.15627606074015E-04
 0.23214226912037E-04
 0.33558213176296E-04
 0.47338107097091E-04
 0.65316376476281E-04
 0.88335451559621E-04
 0.11731210622259E-03
 0.15323047566148E-03
 0.19713401625585E-03
 0.25011671020601E-03
 0.31331380325578E-03
 0.38789233294074E-03
 0.47504167692063E-03
 0.57596430981150E-03
 0.69186693213822E-03
 0.82395209165763E-03
 0.97341038899990E-03
 0.11414133356553E-02
 0.13291069026654E-02
 0.15376057821678E-02
 0.17679883647962E-02
 0.20212924158666E-02
 0.22985114757056E-02
 0.26005918466692E-02
 0.29284302730506E-02
 0.32828721751105E-02
 0.36647104404950E-02
 0.40746847216251E-02
 0.45134811990598E-02
 0.49817327730665E-02
 0.54800196492128E-02
 0.60088702736037E-02
 0.65687625905920E-02
 0.71601283044545E-02
 0.77833446284123E-02
 0.84387503553253E-02
 0.91266393601952E-02
 0.98472650366730E-02
 0.10600842886040E-01
 0.11387553210064E-01
 0.12207544010940E-01
 0.13060933923943E-01
 0.13947815287346E-01
 0.14868257208039E-01
 0.15822308835844E-01
 0.16810002678316E-01
 0.17831357730793E-01
 0.18886383219988E-01
 0.19975081822440E-01
 0.21097453150237E-01
 0.22253497338425E-01
 0.23443218995536E-01
 0.24666630381748E-01
 0.25923755268367E-01
 0.27214633009422E-01
 0.28539322045642E-01
 0.29897904213304E-01
 0.31290488723709E-01
 0.32717216539085E-01
 0.34178263956263E-01
 0.35673869072327E-01
 0.37204257072878E-01
 0.38769757666135E-01
 0.40370738108163E-01
 0.42007625361332E-01
 0.43680911447911E-01
 0.45391162677315E-01
 0.47139022818204E-01
 0.48925220281812E-01
 0.50750573218837E-01
 0.52616003005530E-01
 0.54522535916526E-01
 0.56471314694057E-01
 0.58463607889035E-01
 0.60500821500015E-01
 0.62584508312069E-01
 0.64716375518472E-01
 0.66898303003116E-01
 0.69132356314840E-01
 0.71420804251166E-01
 0.73766185488066E-01
 0.76171101334868E-01
 0.78638574961939E-01
 0.81171844491472E-01
 0.83774442082091E-01
 0.86450222337772E-01
 0.89203377219987E-01
 0.92038482778548E-01
 0.94960503907904E-01
 0.97974828757913E-01
 0.10108732290983E+00
 0.10430432618822E+00
 0.10763271186281E+00
 0.11107988570029E+00
 0.11465381857739E+00
 0.11836307317379E+00
 0.12221673469353E+00
 0.12622461966961E+00
 0.13039662902407E+00
 0.13474341009600E+00
 0.13927552059521E+00
 0.14400367878299E+00
 0.14893816536508E+00
 0.15408822270803E+00
 0.15946180402150E+00
 0.16506456442755E+00
 0.17089906818057E+00
 0.17696399579230E+00
 0.18325342758583E+00
 0.18975596717961E+00
 0.19645442289453E+00
 0.20332581574343E+00
 0.21034159196315E+00
 0.21746887459222E+00
 0.22467149042515E+00
 0.23191085460621E+00
 0.23914778309735E+00
 0.24634436255840E+00
 0.25346505051353E+00
 0.26047765092008E+00
 0.26735423779072E+00
 0.27407140342938E+00
 0.28061065298012E+00
 0.28695802833169E+00
 0.29310393109631E+00
 0.29904281683949E+00
 0.30477222700409E+00
 0.31029263746476E+00
 0.31560663259258E+00
 0.32071857963203E+00
 0.32563410895680E+00
 0.33035972458948E+00
 0.33490248691648E+00
 0.33926960699515E+00
 0.34346851937300E+00
 0.34750663450444E+00
 0.35139118393866E+00
 0.35512916669885E+00
 0.35872744450765E+00
 0.36219240344993E+00
 0.36553025444924E+00
 0.36874682979016E+00
 0.37184767566212E+00
 0.37483807033155E+00
 0.37772297078260E+00
 0.38050706865621E+00
 0.38319481181768E+00
 0.38579040295700E+00
 0.38829780342663E+00
 0.39072079100975E+00
 0.39306291878523E+00
 0.39532757596667E+00
 0.39751794657771E+00
 0.39963709010593E+00
 0.40168788755279E+00
 0.40367308660897E+00
 0.40559530440943E+00
 0.40745702677956E+00
 0.40926062204820E+00
 0.41100835367411E+00
 0.41270236654252E+00
 0.41434472842090E+00
 0.41593740379898E+00
 0.41748225638377E+00
 0.41898108849092E+00
 0.42043561105374E+00
 0.42184746413762E+00
 0.42321821530294E+00
 0.42454936533835E+00
 0.42584234987579E+00
 0.42709854417391E+00
 0.42831927074932E+00
 0.42950579075104E+00
 0.43066089494380E+00
 0.43178257291064E+00
 0.43287353410725E+00
 0.43393484510869E+00
 0.43496753492018E+00
 0.43597258257221E+00
 0.43695093784014E+00
 0.43790350659176E+00
 0.43883115883050E+00
 0.43973473396056E+00
 0.44061503473580E+00
 0.44147283419330E+00
 0.44230887496177E+00
 0.44312387132021E+00
 0.44391851050948E+00
 0.44469345212468E+00
 0.44544933072930E+00
 0.44618675782942E+00
 0.44690632187774E+00
 0.44760858836001E+00
 0.44829410103832E+00
 0.44896338529538E+00
 0.44961694615738E+00
 0.45025526974106E+00
 0.45087882490172E+00
 0.45148806315609E+00
 0.45208341907399E+00
 0.45266531211591E+00
 0.45323414647544E+00
 0.45379031176029E+00
 0.45433418392587E+00
 0.45486612539514E+00
 0.45538648577403E+00
 0.45589560265276E+00
 0.45639380151545E+00
 0.45688139655155E+00
 0.45735869145390E+00
 0.45782597877240E+00
 0.45828354229699E+00
 0.45873165414994E+00
 0.45917057937343E+00
 0.45960057252282E+00
 0.46002188091945E+00
 0.46043474201372E+00
 0.46083938695066E+00
 0.46123603761833E+00
 0.46162491032293E+00
 0.46200621290893E+00
 0.46238014707587E+00
 0.46274690758195E+00
 0.46310668424808E+00
 0.46345965900697E+00
 0.46380600811403E+00
 0.46414590427843E+00
 0.46447951227589E+00
 0.46480699278714E+00
 0.46512850216359E+00
 0.46544419080172E+00
 0.46575420469177E+00
 0.46605868516254E+00
 0.46635777008794E+00
 0.46665159235397E+00
 0.46694028094977E+00
 0.46722396117197E+00
 0.46750275413012E+00
 0.46777677753535E+00
 0.46804614583740E+00
 0.46831096964014E+00
 0.46857135720380E+00
 0.46882741262665E+00
 0.46907923715296E+00
 0.46932692930169E+00
 0.46957058481534E+00
 0.46981029645991E+00
 0.47004615438428E+00
 0.47027824696152E+00
 0.47050665864739E+00
 0.47073147239315E+00
 0.47095276862783E+00
 0.47117062582760E+00
 0.47138511986858E+00
 0.47159632468638E+00
 0.47180431228139E+00
 0.47200915258752E+00
 0.47221091362105E+00
 0.47240966183423E+00
 0.47260546152040E+00
 0.47279837536485E+00
 0.47298846445159E+00
 0.47317578833161E+00
 0.47336040461052E+00
 0.47354236976738E+00
 0.47372173868975E+00
 0.47389856473029E+00
 0.47407289998249E+00
 0.47424479510835E+00
 0.47441429961404E+00
 0.47458146162013E+00
 0.47474632796001E+00
 0.47490894438951E+00
 0.47506935551222E+00
