-0.00000000000000E+00
-0.45787993606571E-04
-0.25304599996102E-02
-0.31889990841282E-01
-0.19238902878356E+00
-0.77240709108910E+00
-0.23527514096003E+01
-0.59132352193871E+01
-0.12953955340048E+02
-0.25474438438034E+02
-0.45942515964642E+02
-0.76954231140088E+02
-0.12078867191920E+03
-0.17850069132504E+03
-0.24885932628420E+03
-0.32710016368358E+03
-0.40340730139084E+03
-0.46137329063675E+03
-0.47663742667269E+03
-0.41541491182573E+03
-0.23325078373399E+03
 0.12594894782443E+03
 0.73059771051640E+03
 0.16620111900107E+04
 0.30136358723143E+04
 0.48917528968102E+04
 0.74137184775314E+04
 0.10707102148880E+05
 0.14909338320345E+05
 0.20168140418125E+05
 0.26635056853947E+05
 0.34465546196826E+05
 0.43819315286427E+05
 0.54859992235414E+05
 0.67753907469561E+05
 0.82667808214672E+05
 0.99771069346950E+05
 0.11923526898140E+06
 0.14123774730322E+06
 0.16595692824420E+06
 0.19357686327044E+06
 0.22429294545728E+06
 0.25831168702298E+06
 0.29585375953968E+06
 0.33715725562095E+06
 0.38248117726526E+06
 0.43210900113138E+06
 0.48634717719988E+06
 0.54555091103618E+06
 0.61009419632714E+06
 0.68039758702562E+06
 0.75692588711596E+06
 0.84019262962783E+06
 0.93076413331775E+06
 0.10292633246145E+07
 0.11363742025613E+07
 0.12528461548634E+07
 0.13794970659783E+07
 0.15172183632505E+07
 0.16670420340545E+07
 0.18299061679276E+07
 0.20069971793820E+07
 0.21995396593108E+07
 0.24088519977307E+07
 0.26363482608739E+07
 0.28835440213863E+07
 0.31520604047853E+07
 0.34436279697976E+07
 0.37600913623611E+07
 0.41034103984814E+07
 0.44756689885700E+07
 0.48790738651041E+07
 0.53159644252944E+07
 0.57888159533907E+07
 0.63002433267907E+07
 0.68530055073693E+07
 0.74500110472181E+07
 0.80943266436581E+07
 0.87891774505995E+07
 0.95379560504738E+07
 0.10344227932218E+08
 0.11211737157970E+08
 0.12144412545211E+08
 0.13146376792162E+08
 0.14221953560270E+08
 0.15375664994434E+08
 0.16612429871881E+08
 0.17936915495019E+08
 0.19354460458247E+08
 0.20870503919788E+08
 0.22490734133107E+08
 0.24221089130675E+08
 0.26067788961248E+08
 0.28037326621966E+08
 0.30136482067307E+08
 0.32372319139930E+08
 0.34752226594678E+08
 0.37283893896458E+08
 0.39975336440829E+08
 0.42834903564475E+08
 0.45871295977244E+08
 0.49093556322790E+08
 0.52511067302344E+08
 0.56133587027282E+08
 0.59971235437404E+08
 0.64034523733582E+08
 0.68334570691916E+08
 0.72882051879569E+08
 0.77688823442257E+08
 0.82766819810313E+08
 0.88128298193303E+08
 0.93785867195692E+08
 0.99752413448532E+08
 0.10604115951460E+09
 0.11266554231524E+09
 0.11963917769659E+09
 0.12697593252288E+09
 0.13468971752143E+09
 0.14279459338019E+09
 0.15130449019866E+09
 0.16023331019449E+09
 0.16959480578714E+09
 0.17940225518360E+09
 0.18966909739087E+09
 0.20040703047152E+09
 0.21162814665517E+09
 0.22334280502630E+09
 0.23556080015031E+09
 0.24829055309497E+09
 0.26153843932787E+09
 0.27530951012058E+09
 0.28960648682821E+09
 0.30442970683183E+09
 0.31977719172759E+09
 0.33564467034837E+09
 0.35202544114454E+09
 0.36891061592423E+09
 0.38628968393619E+09
 0.40415068514673E+09
 0.42248155333837E+09
 0.44127054750920E+09
 0.46050614147095E+09
 0.48017810349267E+09
 0.50027840273790E+09
 0.52080131307816E+09
 0.54174359317621E+09
 0.56310479509124E+09
 0.58488707538869E+09
 0.60709535433151E+09
 0.62973691041245E+09
 0.65282129690060E+09
 0.67636021784404E+09
 0.70036679980440E+09
 0.72485591720657E+09
 0.74984346962911E+09
 0.77534645934541E+09
 0.80138269566291E+09
 0.82797064342518E+09
 0.85512923109076E+09
 0.88287743297799E+09
 0.91123462116577E+09
 0.94022038148268E+09
 0.96985433054271E+09
 0.10001560729893E+10
 0.10311453256857E+10
 0.10628415940506E+10
 0.10952645396142E+10
 0.11284336395131E+10
 0.11623683467329E+10
 0.11970881255237E+10
 0.12326123318208E+10
 0.12689602963061E+10
 0.13061513433288E+10
 0.13442047721599E+10
 0.13831398630419E+10
 0.14229759752940E+10
 0.14637324032125E+10
 0.15054285340681E+10
 0.15480837140054E+10
 0.15917174205396E+10
 0.16363491342123E+10
 0.16819984413443E+10
 0.17286849393733E+10
 0.17764283525073E+10
 0.18252484458188E+10
 0.18751651277243E+10
 0.19261982843873E+10
 0.19783680622074E+10
 0.20316945766732E+10
 0.20861980289979E+10
 0.21418988402342E+10
 0.21988174425016E+10
 0.22569744034995E+10
 0.23163903623090E+10
 0.23770860978970E+10
 0.24390824953040E+10
 0.25024005342850E+10
 0.25670613060601E+10
 0.26330860347184E+10
 0.27004959367202E+10
 0.27693125321583E+10
 0.28395573062227E+10
 0.29112518594122E+10
 0.29844179300462E+10
 0.30590773383351E+10
 0.31352519993325E+10
 0.32129640013702E+10
 0.32922354197393E+10
 0.33730884781872E+10
 0.34555455726661E+10
 0.35396290749050E+10
 0.36253615059624E+10
 0.37127654601833E+10
 0.38018637282528E+10
 0.38926790495534E+10
 0.39852342984426E+10
 0.40795524734891E+10
 0.41756566502647E+10
 0.42735699991025E+10
 0.43733157352346E+10
 0.44749171955500E+10
 0.45783977925395E+10
 0.46837810520538E+10
 0.47910905064099E+10
 0.49003498534778E+10
 0.50115828123031E+10
 0.51248132240322E+10
 0.52400649804582E+10
 0.53573620652418E+10
 0.54767285371578E+10
 0.55981885467929E+10
 0.57217662879286E+10
 0.58474860741018E+10
 0.59753722571865E+10
 0.61054492692937E+10
 0.62377415750775E+10
 0.63722737871377E+10
 0.65090707656904E+10
 0.66481569697418E+10
 0.67895574088610E+10
 0.69332969482805E+10
 0.70794004916965E+10
 0.72278930273605E+10
 0.73787998020418E+10
 0.75321457578777E+10
 0.76879565372563E+10
 0.78462571184991E+10
 0.80070730158334E+10
 0.81704295571657E+10
 0.83363526391683E+10
 0.85048676389607E+10
 0.86760000778400E+10
 0.88497761381697E+10
 0.90262213124769E+10
 0.92053615453129E+10
 0.93872229203432E+10
 0.95718314839402E+10
 0.97592133191361E+10
 0.99493944980969E+10
 0.10142401384965E+11
 0.10338260426526E+11
 0.10536997938477E+11
 0.10738640411468E+11
 0.10943214465935E+11
 0.11150746573414E+11
 0.11361263538315E+11
 0.11574792042183E+11
 0.11791359194750E+11
 0.12010991765235E+11
 0.12233716758634E+11
 0.12459561242885E+11
 0.12688552503307E+11
 0.12920717574373E+11
 0.13156083773051E+11
 0.13394678722094E+11
 0.13636529673627E+11
 0.13881664203587E+11
 0.14130109892361E+11
 0.14381894537259E+11
 0.14637045838002E+11
 0.14895591649178E+11
 0.15157559841003E+11
 0.15422978610994E+11
 0.15691875730147E+11
 0.15964279658691E+11
 0.16240218459237E+11
 0.16519720449388E+11
 0.16802814053081E+11
 0.17089527807946E+11
 0.17379890159886E+11
 0.17673929839488E+11
 0.17971675548800E+11
 0.18273156031419E+11
 0.18578400182717E+11
 0.18887436954452E+11
 0.19200295424913E+11
 0.19517004705749E+11
 0.19837593956494E+11
 0.20162092463580E+11
 0.20490529597874E+11
