 0.69215140312587E+01
 0.69215140312587E+01
 0.69215140312604E+01
 0.69215140312797E+01
 0.69215140313856E+01
 0.69215140317681E+01
 0.69215140328104E+01
 0.69215140351586E+01
 0.69215140398021E+01
 0.69215140480596E+01
 0.69215140615587E+01
 0.69215140820115E+01
 0.69215141109212E+01
 0.69215141489834E+01
 0.69215141953862E+01
 0.69215142469876E+01
 0.69215142973136E+01
 0.69215143355433E+01
 0.69215143456103E+01
 0.69215143052329E+01
 0.69215141850921E+01
 0.69215139481929E+01
 0.69215135494154E+01
 0.69215129351302E+01
 0.69215120437076E+01
 0.69215108050532E+01
 0.69215091417682E+01
 0.69215069697180E+01
 0.69215041982621E+01
 0.69215007299805E+01
 0.69214964649242E+01
 0.69214913005652E+01
 0.69214851315738E+01
 0.69214778500341E+01
 0.69214693462479E+01
 0.69214595102423E+01
 0.69214482303112E+01
 0.69214353932956E+01
 0.69214208822361E+01
 0.69214045794587E+01
 0.69213863635781E+01
 0.69213661057285E+01
 0.69213436697113E+01
 0.69213189099893E+01
 0.69212916695358E+01
 0.69212617775339E+01
 0.69212290470254E+01
 0.69211932759006E+01
 0.69211542298945E+01
 0.69211116623511E+01
 0.69210652959068E+01
 0.69210148240146E+01
 0.69209599079895E+01
 0.69209001743332E+01
 0.69208352122139E+01
 0.69207645705208E+01
 0.69206877550184E+01
 0.69206042262960E+01
 0.69205133964401E+01
 0.69204145848350E+01
 0.69203071727927E+01
 0.69201903778498E+01
 0.69200633923649E+01
 0.69199253468344E+01
 0.69197753086544E+01
 0.69196122782752E+01
 0.69194351865334E+01
 0.69192428920921E+01
 0.69190341783716E+01
 0.69188077528354E+01
 0.69185622411043E+01
 0.69182961877956E+01
 0.69180080500318E+01
 0.69176961953149E+01
 0.69173588990829E+01
 0.69169943417472E+01
 0.69166006050613E+01
 0.69161756664792E+01
 0.69157173989496E+01
 0.69152235649988E+01
 0.69146918131181E+01
 0.69141196740260E+01
 0.69135045565916E+01
 0.69128437418158E+01
 0.69121343781604E+01
 0.69113734831833E+01
 0.69105578128560E+01
 0.69096842890025E+01
 0.69087493907166E+01
 0.69077495307683E+01
 0.69066809576446E+01
 0.69055397550985E+01
 0.69043218208875E+01
 0.69030228727547E+01
 0.69016384391892E+01
 0.69001638614501E+01
 0.68985942665111E+01
 0.68969245830213E+01
 0.68951495246728E+01
 0.68932635849165E+01
 0.68912610254663E+01
 0.68891358825240E+01
 0.68868819680170E+01
 0.68844928462822E+01
 0.68819618430239E+01
 0.68792820259021E+01
 0.68764460618691E+01
 0.68734469101822E+01
 0.68702767514842E+01
 0.68669277147879E+01
 0.68633917162267E+01
 0.68596604401824E+01
 0.68557253876729E+01
 0.68515778381627E+01
 0.68472089297425E+01
 0.68426096824989E+01
 0.68377709509669E+01
 0.68326835607532E+01
 0.68273382385626E+01
 0.68217257972252E+01
 0.68158370679600E+01
 0.68096629807807E+01
 0.68031947784533E+01
 0.67964235976931E+01
 0.67893417234019E+01
 0.67819411805206E+01
 0.67742151370329E+01
 0.67661571332337E+01
 0.67577616152661E+01
 0.67490243783862E+01
 0.67399420911828E+01
 0.67305129588695E+01
 0.67207367589371E+01
 0.67106147961812E+01
 0.67001498875188E+01
 0.66893464527515E+01
 0.66782103538136E+01
 0.66667485227484E+01
 0.66549688474292E+01
 0.66428792857596E+01
 0.66304875811571E+01
 0.66178013353655E+01
 0.66048272964091E+01
 0.65915707607796E+01
 0.65780355049693E+01
 0.65642236667028E+01
 0.65501355414057E+01
 0.65357697067814E+01
 0.65211229178215E+01
 0.65061903742193E+01
 0.64909657754095E+01
 0.64754414023462E+01
 0.64596085978084E+01
 0.64434575518256E+01
 0.64269777783186E+01
 0.64101580639597E+01
 0.63929866631665E+01
 0.63754513980181E+01
 0.63575397848305E+01
 0.63392393096741E+01
 0.63205371962887E+01
 0.63014205274420E+01
 0.62818763655982E+01
 0.62618917811162E+01
 0.62414537703438E+01
 0.62205494690806E+01
 0.61991659101677E+01
 0.61772902480571E+01
 0.61549096531292E+01
 0.61320112883350E+01
 0.61085823880613E+01
 0.60846102033499E+01
 0.60600819894193E+01
 0.60349850180275E+01
 0.60093065734820E+01
 0.59830338879379E+01
 0.59561542364341E+01
 0.59286548326910E+01
 0.59005229175526E+01
 0.58717456452214E+01
 0.58423101679038E+01
 0.58122035680430E+01
 0.57814129207502E+01
 0.57499252175292E+01
 0.57177274229330E+01
 0.56848064069762E+01
 0.56511490543499E+01
 0.56167420781144E+01
 0.55815722117165E+01
 0.55456261320656E+01
 0.55088903710832E+01
 0.54713514533917E+01
 0.54329958141960E+01
 0.53938098416236E+01
 0.53537798315443E+01
 0.53128920098706E+01
 0.52711325400486E+01
 0.52284875120114E+01
 0.51849429280621E+01
 0.51404847955354E+01
 0.50950989215144E+01
 0.50487711361013E+01
 0.50014871933497E+01
 0.49532327564183E+01
 0.49039934344566E+01
 0.48537547740636E+01
 0.48025022075577E+01
 0.47502211758579E+01
 0.46968970219737E+01
 0.46425149753419E+01
 0.45870602813751E+01
 0.45305180870001E+01
 0.44728734908100E+01
 0.44141114619077E+01
 0.43542170032312E+01
 0.42931750286998E+01
 0.42309703703133E+01
 0.41675878092862E+01
 0.41030120643364E+01
 0.40372278245698E+01
 0.39702196988573E+01
 0.39019722462089E+01
 0.38324699508717E+01
 0.37616972928281E+01
 0.36896386428749E+01
 0.36162783578436E+01
 0.35416007140373E+01
 0.34655899543572E+01
 0.33882302611157E+01
 0.33095057670860E+01
 0.32294005444898E+01
 0.31478986370606E+01
 0.30649840095514E+01
 0.29806406014307E+01
 0.28948522992495E+01
 0.28076029680958E+01
 0.27188763754846E+01
 0.26286561256230E+01
 0.25369260873241E+01
 0.24436697662940E+01
 0.23488707634314E+01
 0.22525126542677E+01
 0.21545789585682E+01
 0.20550530256011E+01
 0.19539184055448E+01
 0.18511581867492E+01
 0.17467558955286E+01
 0.16406947047574E+01
 0.15329579101919E+01
 0.14235284324764E+01
 0.13123895349106E+01
 0.11995243857058E+01
 0.10849157170877E+01
 0.96854671624224E+00
 0.85040027223660E+00
 0.73045918238955E+00
 0.60870626861534E+00
 0.48512432865036E+00
 0.35969616739753E+00
 0.23240439719552E+00
 0.10323157587909E+00
-0.27839652263333E-01
-0.16082675832710E+00
-0.29574729900319E+00
-0.43261873278128E+00
-0.57145873768828E+00
-0.71228491071733E+00
-0.85511513126075E+00
-0.99996705413608E+00
-0.11468584896598E+01
-0.12958072896589E+01
-0.14468314493297E+01
-0.15999487984281E+01
-0.17551773530230E+01
-0.19125353308539E+01
-0.20720407052223E+01
-0.22337116629926E+01
-0.23975663939623E+01
-0.25636232309944E+01
-0.27319004425897E+01
-0.29024163993874E+01
-0.30751894823336E+01
-0.32502382882346E+01
-0.34275811325991E+01
-0.36072367854984E+01
-0.37892237547657E+01
-0.39735607164078E+01
-0.41602664165599E+01
-0.43493596763404E+01
-0.45408592563716E+01
-0.47347841050313E+01
-0.49311531518735E+01
-0.51299853538572E+01
-0.53312997680365E+01
-0.55351154886562E+01
-0.57414516934098E+01
-0.59503275819916E+01
-0.61617623856773E+01
-0.63757754194353E+01
-0.65923860539197E+01
