 0.11003733297191E+01
 0.11003733293926E+01
 0.11003733258756E+01
 0.11003733110890E+01
 0.11003732711308E+01
 0.11003731866943E+01
 0.11003730334000E+01
 0.11003727820619E+01
 0.11003723998508E+01
 0.11003718543107E+01
 0.11003711222533E+01
 0.11003702043823E+01
 0.11003691441862E+01
 0.11003680480822E+01
 0.11003671031184E+01
 0.11003665893212E+01
 0.11003668850747E+01
 0.11003684652064E+01
 0.11003718924442E+01
 0.11003778040655E+01
 0.11003868948416E+01
 0.11003998982299E+01
 0.11004175672442E+01
 0.11004406559766E+01
 0.11004699026638E+01
 0.11005060140288E+01
 0.11005496540979E+01
 0.11006014334041E+01
 0.11006618999919E+01
 0.11007315341291E+01
 0.11008107448854E+01
 0.11008998679614E+01
 0.11009991653082E+01
 0.11011088262342E+01
 0.11012289697408E+01
 0.11013596475406E+01
 0.11015008481405E+01
 0.11016525015420E+01
 0.11018144840058E+01
 0.11019866239547E+01
 0.11021687069144E+01
 0.11023604812956E+01
 0.11025616639403E+01
 0.11027719459272E+01
 0.11029909976790E+01
 0.11032184741011E+01
 0.11034540194813E+01
 0.11036972714370E+01
 0.11039478676410E+01
 0.11042054463999E+01
 0.11044696524591E+01
 0.11047401398131E+01
 0.11050165748486E+01
 0.11052986390913E+01
 0.11055860315204E+01
 0.11058784708613E+01
 0.11061756975276E+01
 0.11064774752028E+01
 0.11067835923908E+01
 0.11070938888126E+01
 0.11074081604187E+01
 0.11077262975676E+01
 0.11080481994121E+01
 0.11083737935853E+01
 0.11087030375868E+01
 0.11090359187634E+01
 0.11093724550416E+01
 0.11097126948973E+01
 0.11100567174708E+01
 0.11104046331543E+01
 0.11107565821785E+01
 0.11111127380303E+01
 0.11114733019792E+01
 0.11118385078110E+01
 0.11122086195704E+01
 0.11125839322717E+01
 0.11129647715480E+01
 0.11133514948915E+01
 0.11137444914255E+01
 0.11141441777177E+01
 0.11145510049795E+01
 0.11149654535151E+01
 0.11153880375605E+01
 0.11158193025035E+01
 0.11162598264574E+01
 0.11167102196486E+01
 0.11171711779383E+01
 0.11176432830121E+01
 0.11181272925510E+01
 0.11186239527857E+01
 0.11191340444052E+01
 0.11196583823583E+01
 0.11201978233302E+01
 0.11207532602371E+01
 0.11213256226652E+01
 0.11219158745107E+01
 0.11225250249686E+01
 0.11231541169345E+01
 0.11238042325200E+01
 0.11244764926816E+01
 0.11251720589627E+01
 0.11258921303974E+01
 0.11266379354083E+01
 0.11274107391359E+01
 0.11282118373330E+01
 0.11290425556206E+01
 0.11299043327319E+01
 0.11307983609367E+01
 0.11317261066373E+01
 0.11326889407928E+01
 0.11336882336895E+01
 0.11347253364229E+01
 0.11358015564676E+01
 0.11369181642145E+01
 0.11380763369118E+01
 0.11392771479702E+01
 0.11405215552198E+01
 0.11418103329022E+01
 0.11431440574401E+01
 0.11445230322381E+01
 0.11459472342123E+01
 0.11474162724293E+01
 0.11489292351041E+01
 0.11504848185026E+01
 0.11520807317045E+01
 0.11537141701814E+01
 0.11553811952076E+01
 0.11570769600931E+01
 0.11587953121970E+01
 0.11605286036049E+01
 0.11622677009120E+01
 0.11640016864114E+01
 0.11657177683778E+01
 0.11674012613172E+01
 0.11690356860260E+01
 0.11706028378727E+01
 0.11720831720358E+01
 0.11734562731808E+01
 0.11747015157380E+01
 0.11757989132919E+01
 0.11767297941147E+01
 0.11774777625488E+01
 0.11780292658574E+01
 0.11783744571768E+01
 0.11785074702285E+01
 0.11784265363889E+01
 0.11781338402707E+01
 0.11776352157858E+01
 0.11769395817325E+01
 0.11760583656471E+01
 0.11750048967378E+01
 0.11737936276409E+01
 0.11724398608968E+01
 0.11709590757144E+01
 0.11693666031201E+01
 0.11676773385316E+01
 0.11659054896961E+01
 0.11640644740721E+01
 0.11621667479354E+01
 0.11602237710858E+01
 0.11582460292884E+01
 0.11562430278903E+01
 0.11542233020353E+01
 0.11521945246321E+01
 0.11501633684149E+01
 0.11481358492635E+01
 0.11461171923013E+01
 0.11441119385601E+01
 0.11421240137266E+01
 0.11401567788645E+01
 0.11382131000500E+01
 0.11362953891864E+01
 0.11344056535470E+01
 0.11325455304401E+01
 0.11307163600749E+01
 0.11289191806713E+01
 0.11271547911159E+01
 0.11254237719264E+01
 0.11237265194867E+01
 0.11220632463908E+01
 0.11204340374824E+01
 0.11188388480256E+01
 0.11172775175010E+01
 0.11157498034238E+01
 0.11142553822731E+01
 0.11127938557686E+01
 0.11113647825389E+01
 0.11099676613105E+01
 0.11086019572467E+01
 0.11072671120373E+01
 0.11059625290655E+01
 0.11046876011753E+01
 0.11034417046315E+01
 0.11022242045661E+01
 0.11010344637701E+01
 0.10998718381544E+01
 0.10987356852485E+01
 0.10976253611908E+01
 0.10965402283901E+01
 0.10954796546896E+01
 0.10944430172654E+01
 0.10934296974943E+01
 0.10924390903767E+01
 0.10914705962129E+01
 0.10905236346433E+01
 0.10895976274732E+01
 0.10886920134105E+01
 0.10878062451205E+01
 0.10869397833128E+01
 0.10860921054594E+01
 0.10852627002231E+01
 0.10844510694985E+01
 0.10836567279728E+01
 0.10828792019917E+01
 0.10821180330362E+01
 0.10813727737224E+01
 0.10806429890380E+01
 0.10799282558490E+01
 0.10792281632429E+01
 0.10785423139669E+01
 0.10778703193165E+01
 0.10772118029611E+01
 0.10765663995774E+01
 0.10759337554708E+01
 0.10753135258197E+01
 0.10747053776302E+01
 0.10741089867837E+01
 0.10735240394085E+01
 0.10729502308066E+01
 0.10723872652576E+01
 0.10718348561428E+01
 0.10712927258076E+01
 0.10707606039362E+01
 0.10702382293748E+01
 0.10697253487947E+01
 0.10692217167706E+01
 0.10687270948746E+01
 0.10682412474706E+01
 0.10677639560942E+01
 0.10672949984749E+01
 0.10668341642853E+01
 0.10663812488156E+01
 0.10659360548543E+01
 0.10654983866216E+01
 0.10650680608870E+01
 0.10646448899457E+01
 0.10642287024603E+01
 0.10638193261449E+01
 0.10634165966059E+01
 0.10630203472887E+01
 0.10626304252084E+01
 0.10622466815210E+01
 0.10618689618921E+01
 0.10614971282629E+01
 0.10611310402462E+01
 0.10607705617753E+01
 0.10604155614027E+01
 0.10600659118364E+01
 0.10597214910625E+01
 0.10593821768159E+01
 0.10590478514957E+01
 0.10587184020559E+01
 0.10583937173519E+01
 0.10580736899442E+01
 0.10577582172185E+01
 0.10574471962336E+01
 0.10571405294228E+01
 0.10568381178288E+01
 0.10565398689556E+01
 0.10562456930451E+01
 0.10559555013012E+01
 0.10556692058169E+01
 0.10553867255388E+01
 0.10551079785595E+01
 0.10548328825673E+01
 0.10545613631634E+01
 0.10542933444160E+01
 0.10540287533224E+01
 0.10537675173964E+01
 0.10535095681550E+01
 0.10532548378558E+01
 0.10530032607526E+01
 0.10527547703848E+01
 0.10525093077088E+01
 0.10522668089207E+01
 0.10520272159569E+01
 0.10517904709481E+01
 0.10515565170194E+01
 0.10513252983840E+01
 0.10510967626574E+01
 0.10508708562222E+01
 0.10506475289289E+01
 0.10504267309855E+01
 0.10502084136894E+01
 0.10499925295574E+01
 0.10497790319583E+01
 0.10495678758817E+01
 0.10493590177621E+01
 0.10491524146203E+01
 0.10489480244771E+01
