 0.19106043519162E+00
 0.19106043519174E+00
 0.19106043519449E+00
 0.19106043521232E+00
 0.19106043527427E+00
 0.19106043542382E+00
 0.19106043569864E+00
 0.19106043604563E+00
 0.19106043610244E+00
 0.19106043473844E+00
 0.19106042949796E+00
 0.19106041598846E+00
 0.19106038740077E+00
 0.19106033421089E+00
 0.19106024413990E+00
 0.19106010231912E+00
 0.19105989162599E+00
 0.19105959301031E+00
 0.19105918588542E+00
 0.19105864834544E+00
 0.19105795886584E+00
 0.19105709529574E+00
 0.19105603610762E+00
 0.19105476017617E+00
 0.19105324744737E+00
 0.19105147951795E+00
 0.19104943967184E+00
 0.19104711343249E+00
 0.19104448880271E+00
 0.19104155672616E+00
 0.19103831154456E+00
 0.19103475144256E+00
 0.19103087866126E+00
 0.19102670014248E+00
 0.19102222806065E+00
 0.19101747973933E+00
 0.19101247842687E+00
 0.19100725362332E+00
 0.19100184146104E+00
 0.19099628551781E+00
 0.19099063633698E+00
 0.19098495223737E+00
 0.19097929943839E+00
 0.19097375243620E+00
 0.19096839422162E+00
 0.19096331651699E+00
 0.19095862000089E+00
 0.19095441448238E+00
 0.19095081911613E+00
 0.19094796244701E+00
 0.19094598265766E+00
 0.19094502764828E+00
 0.19094525516201E+00
 0.19094683284263E+00
 0.19094993837755E+00
 0.19095475949932E+00
 0.19096149412815E+00
 0.19097035035160E+00
 0.19098154647749E+00
 0.19099531116239E+00
 0.19101188341577E+00
 0.19103154716038E+00
 0.19105450042158E+00
 0.19108104220987E+00
 0.19111145368478E+00
 0.19114602667362E+00
 0.19118506381594E+00
 0.19122887844952E+00
 0.19127779511942E+00
 0.19133214940847E+00
 0.19139228831498E+00
 0.19145857055002E+00
 0.19153136613460E+00
 0.19161105765470E+00
 0.19169803955030E+00
 0.19179271941438E+00
 0.19189551773909E+00
 0.19200686831287E+00
 0.19212721931027E+00
 0.19225703363797E+00
 0.19239678899792E+00
 0.19254697871390E+00
 0.19270811289442E+00
 0.19288071921964E+00
 0.19306534195248E+00
 0.19326254554718E+00
 0.19347291418911E+00
 0.19369705230681E+00
 0.19393558720582E+00
 0.19418922641154E+00
 0.19445853754301E+00
 0.19474426780273E+00
 0.19504714336542E+00
 0.19536791854187E+00
 0.19570737168703E+00
 0.19606632069983E+00
 0.19644560982864E+00
 0.19684611730848E+00
 0.19726875272280E+00
 0.19771446522355E+00
 0.19818424030331E+00
 0.19867910253129E+00
 0.19920011284402E+00
 0.19974837046582E+00
 0.20032502475565E+00
 0.20093125563238E+00
 0.20156829587267E+00
 0.20223739926833E+00
 0.20293988425558E+00
 0.20367717354071E+00
 0.20445051061683E+00
 0.20526138542953E+00
 0.20611124966089E+00
 0.20700158882621E+00
 0.20793390717291E+00
 0.20890973350334E+00
 0.20993060911907E+00
 0.21099805680988E+00
 0.21211362803673E+00
 0.21327882495991E+00
 0.21449512206918E+00
 0.21576394641599E+00
 0.21708665728388E+00
 0.21846451890186E+00
 0.21989868058302E+00
 0.22139013341369E+00
 0.22293970750496E+00
 0.22454800118546E+00
 0.22621535475511E+00
 0.22794192002959E+00
 0.22972718284675E+00
 0.23157051512729E+00
 0.23347078753260E+00
 0.23542632244098E+00
 0.23743490301054E+00
 0.23949371208451E+00
 0.24159933833638E+00
 0.24374774075125E+00
 0.24593422654768E+00
 0.24815354367123E+00
 0.25040006144246E+00
 0.25266752165499E+00
 0.25494939125632E+00
 0.25723893536533E+00
 0.25952931022788E+00
 0.26181368074622E+00
 0.26408531517740E+00
 0.26633767347271E+00
 0.26856446089785E+00
 0.27075980530576E+00
 0.27291819840932E+00
 0.27503459807748E+00
 0.27710442403453E+00
 0.27912366401426E+00
 0.28108878166138E+00
 0.28299679405238E+00
 0.28484529531522E+00
 0.28663247277597E+00
 0.28835692741075E+00
 0.29001780155634E+00
 0.29161471488942E+00
 0.29314771632064E+00
 0.29461723878644E+00
 0.29602402923135E+00
 0.29736911623432E+00
 0.29865375099832E+00
 0.29987938515579E+00
 0.30104754271094E+00
 0.30215992065706E+00
 0.30321824521389E+00
 0.30422427301383E+00
 0.30517976534500E+00
 0.30608648078065E+00
 0.30694613985598E+00
 0.30776043041924E+00
 0.30853098202585E+00
 0.30925937501456E+00
 0.30994715582072E+00
 0.31059575704981E+00
 0.31120660433815E+00
 0.31178104194456E+00
 0.31232036098092E+00
 0.31282578505635E+00
 0.31329850274998E+00
 0.31373964728693E+00
 0.31415029482502E+00
 0.31453147419207E+00
 0.31488418877817E+00
 0.31520939873837E+00
 0.31550802542195E+00
 0.31578095246808E+00
 0.31602903964017E+00
 0.31625311403153E+00
 0.31645396029053E+00
 0.31663237274202E+00
 0.31678908100663E+00
 0.31692482664277E+00
 0.31704031164911E+00
 0.31713621264775E+00
 0.31721320039484E+00
 0.31727192875311E+00
 0.31731301802245E+00
 0.31733709172017E+00
 0.31734474785040E+00
 0.31733655596204E+00
 0.31731310500986E+00
 0.31727493484534E+00
 0.31722258245714E+00
 0.31715658952580E+00
 0.31707746756249E+00
 0.31698570711667E+00
 0.31688179457869E+00
 0.31676622624754E+00
 0.31663945394828E+00
 0.31650192820979E+00
 0.31635408811583E+00
 0.31619637458179E+00
 0.31602920239454E+00
 0.31585297725197E+00
 0.31566809276550E+00
 0.31547494032478E+00
 0.31527389112226E+00
 0.31506531613800E+00
 0.31484956524515E+00
 0.31462698610851E+00
 0.31439791402770E+00
 0.31416267425999E+00
 0.31392158217026E+00
 0.31367494397977E+00
 0.31342305913814E+00
 0.31316621554158E+00
 0.31290469324062E+00
 0.31263876278382E+00
 0.31236868585494E+00
 0.31209471673263E+00
 0.31181710089585E+00
 0.31153607570438E+00
 0.31125187103112E+00
 0.31096471338707E+00
 0.31067481276045E+00
 0.31038237478060E+00
 0.31008760177550E+00
 0.30979068989091E+00
 0.30949182320840E+00
 0.30919117809056E+00
 0.30888893168773E+00
 0.30858525134860E+00
 0.30828029187226E+00
 0.30797421661931E+00
 0.30766716726074E+00
 0.30735928776019E+00
 0.30705071211615E+00
 0.30674158366516E+00
 0.30643201848536E+00
 0.30612214237364E+00
 0.30581207341665E+00
 0.30550191529190E+00
 0.30519178438036E+00
 0.30488178192065E+00
 0.30457200276593E+00
 0.30426254345605E+00
 0.30395349386095E+00
 0.30364493909506E+00
 0.30333696156821E+00
 0.30302963962177E+00
 0.30272304827584E+00
 0.30241725858078E+00
 0.30211233800920E+00
 0.30180835120752E+00
 0.30150535980303E+00
 0.30120342225833E+00
 0.30090259397843E+00
 0.30060292755148E+00
 0.30030447285406E+00
 0.30000727709646E+00
 0.29971138488934E+00
 0.29941683840342E+00
 0.29912367745429E+00
 0.29883193960788E+00
 0.29854166016158E+00
 0.29825287226899E+00
 0.29796560708334E+00
 0.29767989377860E+00
 0.29739575963869E+00
 0.29711323003197E+00
 0.29683232862312E+00
 0.29655307742723E+00
 0.29627549664971E+00
 0.29599960527368E+00
 0.29572542062679E+00
 0.29545295766674E+00
 0.29518223277188E+00
 0.29491325820334E+00
 0.29464604584009E+00
 0.29438060650932E+00
 0.29411695000839E+00
 0.29385508371212E+00
 0.29359501565796E+00
 0.29333675222100E+00
 0.29308029327333E+00
