 0.00000000000000E+00
-0.21576976068405E-22
-0.72493080304540E-21
-0.18912688588654E-20
-0.40577623669066E-20
 0.28463540733071E-21
 0.33952987369847E-10
-0.73783481300218E-11
 0.35720269372207E-10
-0.32656020926453E-10
 0.76867359191125E-12
 0.17356967822902E-10
-0.22958514121995E-11
 0.33759341289001E-06
-0.57810088984825E-06
 0.23353479274636E-05
 0.33485417659255E-05
-0.54385995458271E-06
-0.20357899000564E-06
 0.63671311759701E-06
 0.27527233250811E-07
 0.25317149446217E-06
 0.19708019432587E-05
 0.17595792693347E-05
 0.38139302107720E-05
 0.65444721346390E-05
 0.10916988041312E-04
 0.18100318391891E-04
 0.27810721330339E-04
 0.42555999117134E-04
 0.62952387136343E-04
 0.90747255614910E-04
 0.12747178312606E-03
 0.17564551862027E-03
 0.23762410184366E-03
 0.31573315034127E-03
 0.41297603836303E-03
 0.53188785909263E-03
 0.67609508424253E-03
 0.84837355991540E-03
 0.10524541641204E-02
 0.12914784460436E-02
 0.15689432840332E-02
 0.18882500523840E-02
 0.22531330250221E-02
 0.26667650496849E-02
 0.31328543466129E-02
 0.36542781806524E-02
 0.42349012138738E-02
 0.48773262308661E-02
 0.55845690409894E-02
 0.63601146707464E-02
 0.72086902474880E-02
 0.81296254328115E-02
 0.91266338134113E-02
 0.10201573030165E-01
 0.11359309116518E-01
 0.12602000244053E-01
 0.13933168294619E-01
 0.15353038643604E-01
 0.16861760527093E-01
 0.18462048582492E-01
 0.20155085995689E-01
 0.21945160917681E-01
 0.23832778660530E-01
 0.25821402478204E-01
 0.27912281441428E-01
 0.30105146924936E-01
 0.32401587930829E-01
 0.34804734296080E-01
 0.37314723984754E-01
 0.39933329226996E-01
 0.42661858111490E-01
 0.45501648797818E-01
 0.48454600598439E-01
 0.51519418048880E-01
 0.54700790634625E-01
 0.57999419816280E-01
 0.61415447316510E-01
 0.64949611987885E-01
 0.68603494288054E-01
 0.72378236485488E-01
 0.76276753827575E-01
 0.80299476027507E-01
 0.84448298814809E-01
 0.88725881701939E-01
 0.93131573561077E-01
 0.97666457886408E-01
 0.10233263948932E+00
 0.10713076427465E+00
 0.11206274828581E+00
 0.11713013078773E+00
 0.12233462812811E+00
 0.12767748121197E+00
 0.13316222004237E+00
 0.13879076350391E+00
 0.14456291828688E+00
 0.15047812588394E+00
 0.15653884438470E+00
 0.16274749566415E+00
 0.16910456971495E+00
 0.17561090280025E+00
 0.18226765249015E+00
 0.18907635608723E+00
 0.19603674342611E+00
 0.20314930602518E+00
 0.21041291831409E+00
 0.21782682293928E+00
 0.22538931828965E+00
 0.23309998530762E+00
 0.24095631410854E+00
 0.24895474675156E+00
 0.25709221680164E+00
 0.26536484405275E+00
 0.27376781539902E+00
 0.28229525546053E+00
 0.29094015207158E+00
 0.29969556672316E+00
 0.30855152278154E+00
 0.31749692903041E+00
 0.32652073357586E+00
 0.33561107812313E+00
 0.34475474987537E+00
 0.35393420810481E+00
 0.36312997671601E+00
 0.37232297910435E+00
 0.38149003315520E+00
 0.39060500046947E+00
 0.39964311279056E+00
 0.40857409182207E+00
 0.41736548755432E+00
 0.42598375546115E+00
 0.43439311028885E+00
 0.44255501016535E+00
 0.45042638299579E+00
 0.45796339849206E+00
 0.46512065908314E+00
 0.47185411862850E+00
 0.47812296040517E+00
 0.48389124684211E+00
 0.48912776422793E+00
 0.49380687654633E+00
 0.49791367437403E+00
 0.50144028223782E+00
 0.50438759128505E+00
 0.50676394583584E+00
 0.50858520916805E+00
 0.50987354965500E+00
 0.51065679142194E+00
 0.51096728191299E+00
 0.51084015925901E+00
 0.51031286726419E+00
 0.50942418302889E+00
 0.50821333151782E+00
 0.50671889739814E+00
 0.50497948951902E+00
 0.50303209935041E+00
 0.50091152160027E+00
 0.49865046163971E+00
 0.49627821692299E+00
 0.49382172056794E+00
 0.49130462306757E+00
 0.48874723084677E+00
 0.48616683706434E+00
 0.48357790745219E+00
 0.48099232124500E+00
 0.47841952791308E+00
 0.47586702734934E+00
 0.47334009233188E+00
 0.47084259380231E+00
 0.46837697209300E+00
 0.46594505794205E+00
 0.46354762446082E+00
 0.46118476523542E+00
 0.45885629052169E+00
 0.45656158552744E+00
 0.45429972394663E+00
 0.45206997759884E+00
 0.44987092492835E+00
 0.44770183856143E+00
 0.44556144604734E+00
 0.44344900877747E+00
 0.44136301680464E+00
 0.43930291471025E+00
 0.43726758201026E+00
 0.43525624873313E+00
 0.43326819885843E+00
 0.43130275563613E+00
 0.42935919913412E+00
 0.42743692336738E+00
 0.42553556738213E+00
 0.42365451679303E+00
 0.42179340927145E+00
 0.41995187091159E+00
 0.41812950921030E+00
 0.41632592951442E+00
 0.41454087629749E+00
 0.41277398272280E+00
 0.41102503365062E+00
 0.40929365735969E+00
 0.40757965771146E+00
 0.40588289195856E+00
 0.40420283814187E+00
 0.40253979000385E+00
 0.40089300322096E+00
 0.39926263633907E+00
 0.39764822870681E+00
 0.39604962663748E+00
 0.39446682641176E+00
 0.39289935823485E+00
 0.39134730086573E+00
 0.38981025055069E+00
 0.38828808772983E+00
 0.38678066232931E+00
 0.38528763734510E+00
 0.38380895373351E+00
 0.38234440440867E+00
 0.38089381935884E+00
 0.37945694318996E+00
 0.37803362005615E+00
 0.37662364244073E+00
 0.37522705541036E+00
 0.37384335194435E+00
 0.37247254432482E+00
 0.37111432229566E+00
 0.36976869215107E+00
 0.36843529593869E+00
 0.36711404839086E+00
 0.36580475492223E+00
 0.36450731221151E+00
 0.36322143690192E+00
 0.36194698494797E+00
 0.36068384431444E+00
 0.35943164744019E+00
 0.35819035491439E+00
 0.35695982312955E+00
 0.35573996958669E+00
 0.35453048824710E+00
 0.35333150314622E+00
 0.35214250428697E+00
 0.35096351541413E+00
 0.34979428217870E+00
 0.34863486678912E+00
 0.34748474769491E+00
 0.34634405878433E+00
 0.34521273598349E+00
 0.34409033301657E+00
 0.34297683982794E+00
 0.34187224593831E+00
 0.34077636825351E+00
 0.33968907860410E+00
 0.33861031306765E+00
 0.33753963285885E+00
 0.33647702142586E+00
 0.33542251634284E+00
 0.33437584120109E+00
 0.33333712405953E+00
 0.33230600144928E+00
 0.33128230516913E+00
 0.33026616774153E+00
 0.32925731098116E+00
 0.32825560365318E+00
 0.32726110770607E+00
 0.32627352714986E+00
 0.32529291452971E+00
 0.32431909871253E+00
 0.32335190490782E+00
 0.32239140948263E+00
 0.32143735201511E+00
 0.32048974506990E+00
 0.31954839454884E+00
 0.31861332486064E+00
 0.31768441337477E+00
 0.31676146992178E+00
 0.31584457429233E+00
 0.31493347872051E+00
 0.31402824425048E+00
 0.31312866175436E+00
 0.31223474515599E+00
 0.31134640154373E+00
 0.31046355947942E+00
 0.30958614879782E+00
 0.30871409499465E+00
 0.30784728954696E+00
 0.30698566115484E+00
 0.30612923852171E+00
 0.30527788426772E+00
 0.30443150829434E+00
 0.30359008614146E+00
 0.30275352558693E+00
 0.30192177564612E+00
 0.30109477776275E+00
 0.30027248574946E+00
 0.29945480529550E+00
 0.29864178644507E+00
 0.29783332284338E+00
 0.29702934550742E+00
 0.29622982652422E+00
 0.29543465843030E+00
 0.29464367877511E+00
