 0.00000000000000E+00
-0.27731104894871E-22
-0.78932956395397E-21
-0.46447161562484E-20
-0.19034594375671E-19
-0.63189060427417E-19
-0.31694315904454E-10
 0.23785831908676E-10
 0.61518466990663E-11
-0.81891040453608E-11
 0.25155687557419E-10
 0.10184835158539E-10
 0.55277598590818E-11
-0.56597793998321E-06
 0.47940349395169E-06
 0.42488327935356E-06
 0.63073415200704E-06
 0.10301391407944E-05
 0.15518281401607E-05
-0.62250101306329E-06
 0.12376496483772E-05
 0.83358310322248E-08
 0.67698642476645E-06
 0.23147394732687E-05
 0.47823211159011E-05
 0.62909870442690E-05
 0.11518619490216E-04
 0.17391454060653E-04
 0.28273224724927E-04
 0.42906089895739E-04
 0.62769764545769E-04
 0.90754350933959E-04
 0.12740348006777E-03
 0.17548857434282E-03
 0.23726756928393E-03
 0.31581723128325E-03
 0.41286195325872E-03
 0.53134907646490E-03
 0.67574005722076E-03
 0.84844213362253E-03
 0.10524680183726E-02
 0.12911550120536E-02
 0.15687467053490E-02
 0.18884208609304E-02
 0.22533219679001E-02
 0.26668055118433E-02
 0.31333580721478E-02
 0.36550088435214E-02
 0.42359752716290E-02
 0.48789202992923E-02
 0.55875200753023E-02
 0.63693392029780E-02
 0.72121116761179E-02
 0.81296872492533E-02
 0.91280229754662E-02
 0.10210176953174E-01
 0.11379790104332E-01
 0.12630763937144E-01
 0.13969273057576E-01
 0.15390361793875E-01
 0.16903429528985E-01
 0.18505678777465E-01
 0.20207131522628E-01
 0.22010978820513E-01
 0.23919280789580E-01
 0.25932522331809E-01
 0.28048118148466E-01
 0.30265434580021E-01
 0.32590470650999E-01
 0.35031201156827E-01
 0.37582269765780E-01
 0.40247401285080E-01
 0.43028689030683E-01
 0.45928691417080E-01
 0.48944074869170E-01
 0.52095427308417E-01
 0.55366207810989E-01
 0.58757268197565E-01
 0.62273529233114E-01
 0.65923473512784E-01
 0.69709280384872E-01
 0.73636223651428E-01
 0.77700485835165E-01
 0.81905851117074E-01
 0.86254924411625E-01
 0.90749232419511E-01
 0.95383291142786E-01
 0.10016936813223E+00
 0.10510718866932E+00
 0.11019103265910E+00
 0.11543875313354E+00
 0.12084871626713E+00
 0.12642018897632E+00
 0.13217357408534E+00
 0.13810101621905E+00
 0.14418814092567E+00
 0.15043739765892E+00
 0.15686484543658E+00
 0.16346932070895E+00
 0.17026118987650E+00
 0.17723470527737E+00
 0.18439305411445E+00
 0.19174357073747E+00
 0.19927406584273E+00
 0.20699141210454E+00
 0.21488662129242E+00
 0.22296193046720E+00
 0.23121426797882E+00
 0.23965219759625E+00
 0.24825830968060E+00
 0.25702836459067E+00
 0.26596062659462E+00
 0.27505275301324E+00
 0.28429709559608E+00
 0.29367952140788E+00
 0.30319100129969E+00
 0.31281345765725E+00
 0.32252187827608E+00
 0.33230591241751E+00
 0.34214450651816E+00
 0.35200731451540E+00
 0.36186716691534E+00
 0.37167281870191E+00
 0.38137433282292E+00
 0.39092759526074E+00
 0.40027705612369E+00
 0.40936915498769E+00
 0.41815610865292E+00
 0.42655212982644E+00
 0.43447565127181E+00
 0.44186407896837E+00
 0.44859189292121E+00
 0.45453215527773E+00
 0.45953872602823E+00
 0.46346628472271E+00
 0.46618355376080E+00
 0.46758524094704E+00
 0.46759265296555E+00
 0.46618108770653E+00
 0.46335984851587E+00
 0.45916985084824E+00
 0.45370591018796E+00
 0.44709755774707E+00
 0.43949398234308E+00
 0.43106300220213E+00
 0.42197555527044E+00
 0.41240413110018E+00
 0.40251735406813E+00
 0.39247395131283E+00
 0.38241360019128E+00
 0.37246044919452E+00
 0.36272521684498E+00
 0.35330036091512E+00
 0.34426467085229E+00
 0.33567335452485E+00
 0.32757823273024E+00
 0.32001140740947E+00
 0.31298824852551E+00
 0.30650730336834E+00
 0.30056091830526E+00
 0.29512835106181E+00
 0.29018292205265E+00
 0.28568665513210E+00
 0.28160421459706E+00
 0.27789653842377E+00
 0.27452225613573E+00
 0.27144637441452E+00
 0.26863228102104E+00
 0.26604610967520E+00
 0.26365558843630E+00
 0.26143246166104E+00
 0.25935599291172E+00
 0.25740738284500E+00
 0.25556756369787E+00
 0.25382618996662E+00
 0.25216842069006E+00
 0.25058620382043E+00
 0.24907051547789E+00
 0.24761258222867E+00
 0.24620934824075E+00
 0.24485763729241E+00
 0.24355237250936E+00
 0.24228946828422E+00
 0.24106967026246E+00
 0.23988562294610E+00
 0.23873939505198E+00
 0.23762750628356E+00
 0.23654864737705E+00
 0.23550222460640E+00
 0.23448754770206E+00
 0.23350217280472E+00
 0.23254717416425E+00
 0.23161859762698E+00
 0.23071725482320E+00
 0.22984187448323E+00
 0.22899265348065E+00
 0.22816904685808E+00
 0.22736952254805E+00
 0.22659383227879E+00
 0.22584194938169E+00
 0.22511130094139E+00
 0.22440452952408E+00
 0.22371619690162E+00
 0.22304938243000E+00
 0.22240285904153E+00
 0.22177376818727E+00
 0.22116328960752E+00
 0.22057207581989E+00
 0.21999806567227E+00
 0.21944163170012E+00
 0.21890006462523E+00
 0.21837630471931E+00
 0.21786716843042E+00
 0.21737354793494E+00
 0.21689462326804E+00
 0.21642891947632E+00
 0.21597773266491E+00
 0.21553954471774E+00
 0.21511466378105E+00
 0.21470233203596E+00
 0.21430346051051E+00
 0.21391342338906E+00
 0.21353837422631E+00
 0.21317150680627E+00
 0.21281793067175E+00
 0.21247301149209E+00
 0.21213910119201E+00
 0.21181355176476E+00
 0.21150039943892E+00
 0.21119407260515E+00
 0.21089807181016E+00
 0.21060945135675E+00
 0.21032980561576E+00
 0.21005823811356E+00
 0.20979430193875E+00
 0.20953989944855E+00
 0.20929151699516E+00
 0.20905065062357E+00
 0.20881770503855E+00
 0.20859020808004E+00
 0.20836872170712E+00
 0.20815363219097E+00
 0.20794591713346E+00
 0.20774175390261E+00
 0.20754552880984E+00
 0.20735358950763E+00
 0.20716835987945E+00
 0.20698849371505E+00
 0.20681308992394E+00
 0.20664459991691E+00
 0.20648022374749E+00
 0.20631969660441E+00
 0.20616351706931E+00
 0.20600753943066E+00
 0.20585949799555E+00
 0.20571510721217E+00
 0.20557577818786E+00
 0.20544166689151E+00
 0.20530978661573E+00
 0.20518115666271E+00
 0.20505724604792E+00
 0.20493525607057E+00
 0.20481743291476E+00
 0.20470323880726E+00
 0.20459163900173E+00
 0.20448357917051E+00
 0.20437853045227E+00
 0.20427656583682E+00
 0.20417604573761E+00
 0.20407820351178E+00
 0.20398335954225E+00
 0.20389056445698E+00
 0.20380136474156E+00
 0.20371248061106E+00
 0.20362740068245E+00
 0.20354348385329E+00
 0.20346382436846E+00
 0.20338445467679E+00
 0.20330759290971E+00
 0.20323285863225E+00
 0.20316063529019E+00
 0.20308989837771E+00
 0.20302111821730E+00
 0.20295211170314E+00
 0.20288584043348E+00
 0.20282074932089E+00
 0.20275815093941E+00
 0.20269675374943E+00
 0.20263535022463E+00
 0.20257551374720E+00
 0.20251747195245E+00
 0.20245992603472E+00
 0.20240483984122E+00
 0.20235062280341E+00
 0.20229863860158E+00
 0.20224840019640E+00
 0.20219949500514E+00
 0.20215032756368E+00
 0.20210184212837E+00
 0.20204997968731E+00
