 0.00000000000000E+00
 0.70247129043571E-24
 0.31797332941432E-22
 0.14409667496117E-21
 0.69350847725312E-21
 0.31970248951385E-20
-0.24496557970075E-10
-0.77015512177730E-11
-0.10651405756917E-10
 0.19774738969719E-10
 0.55730693586951E-11
-0.99005125998306E-11
 0.15867083549193E-10
-0.69433355882998E-06
 0.12268348273536E-05
-0.23269236624778E-05
-0.25195520339317E-05
 0.58500544588133E-06
 0.14380346957225E-06
-0.24232448127267E-05
 0.42638147377262E-07
 0.72291457959710E-06
-0.27487356561527E-05
 0.26923939756249E-05
 0.35640401334471E-05
 0.74349652961179E-05
 0.12752024649948E-04
 0.17090769796068E-04
 0.30011195761358E-04
 0.44036538146522E-04
 0.62997407393390E-04
 0.90374337620786E-04
 0.12818540495499E-03
 0.17658686562818E-03
 0.23713932218482E-03
 0.31588958611488E-03
 0.41220529962687E-03
 0.53167893682355E-03
 0.67543376848957E-03
 0.84889220364471E-03
 0.10506008442947E-02
 0.12908853268123E-02
 0.15675330443857E-02
 0.18893781450337E-02
 0.22537423156054E-02
 0.26687972377894E-02
 0.31343150647661E-02
 0.36575650916866E-02
 0.42369593931859E-02
 0.48821084892488E-02
 0.56022528199452E-02
 0.63944645604387E-02
 0.72022337416158E-02
 0.81162092030686E-02
 0.91254176753436E-02
 0.10254046367447E-01
 0.11456830414854E-01
 0.12716954930534E-01
 0.14027724108816E-01
 0.15415303810061E-01
 0.16928772179445E-01
 0.18558719922281E-01
 0.20328186141952E-01
 0.22182109843412E-01
 0.24144205175669E-01
 0.26177067094568E-01
 0.28296650683581E-01
 0.30569344357381E-01
 0.32989481203988E-01
 0.35485363004157E-01
 0.38120500811828E-01
 0.40881522995417E-01
 0.43770727862773E-01
 0.46793821781599E-01
 0.49916884640742E-01
 0.53291455295374E-01
 0.56738966447621E-01
 0.60276897766980E-01
 0.63968093630136E-01
 0.67858826913305E-01
 0.71939105157104E-01
 0.76237592873265E-01
 0.80666373239458E-01
 0.85271333742324E-01
 0.90029557221951E-01
 0.94905621727042E-01
 0.99954101830809E-01
 0.10524017331793E+00
 0.11072575917144E+00
 0.11643491324699E+00
 0.12237691142688E+00
 0.12856533151159E+00
 0.13495538021989E+00
 0.14167083744948E+00
 0.14851650574299E+00
 0.15548691414208E+00
 0.16267608619714E+00
 0.17024530986984E+00
 0.17811491534967E+00
 0.18619241018915E+00
 0.19455681198597E+00
 0.20322561684479E+00
 0.21220610445794E+00
 0.22137026096568E+00
 0.23079892826727E+00
 0.24043723881683E+00
 0.25035447687904E+00
 0.26054879454301E+00
 0.27109932461264E+00
 0.28185243743872E+00
 0.29283967072274E+00
 0.30412582849605E+00
 0.31567855929911E+00
 0.32745762511440E+00
 0.33942611389797E+00
 0.35153178228667E+00
 0.36380736335582E+00
 0.37605513474977E+00
 0.38834596942960E+00
 0.40074751521687E+00
 0.41305648881475E+00
 0.42511476020713E+00
 0.43650860837753E+00
 0.44726892692196E+00
 0.45733591945428E+00
 0.46644338530440E+00
 0.47446655479825E+00
 0.48136750368891E+00
 0.48657261564402E+00
 0.48981209676703E+00
 0.49078932655053E+00
 0.48888363137642E+00
 0.48332274549997E+00
 0.47347414983225E+00
 0.45904182760571E+00
 0.43990850591668E+00
 0.41637228998611E+00
 0.38886689806337E+00
 0.35806404888585E+00
 0.32474818440708E+00
 0.28988664809727E+00
 0.25475287154038E+00
 0.22015909040658E+00
 0.18697409113435E+00
 0.15588353735195E+00
 0.12747273401074E+00
 0.10207041062789E+00
 0.79894086826386E-01
 0.60931739396306E-01
 0.45081398421536E-01
 0.32214255406496E-01
 0.22157261715216E-01
 0.14705788573759E-01
 0.96566546152898E-02
 0.68812032658003E-02
 0.60004891023314E-02
 0.67201005714631E-02
 0.87463664803366E-02
 0.11746025342025E-01
 0.15502261330123E-01
 0.19728496190726E-01
 0.24165816898417E-01
 0.28653284485663E-01
 0.33055028243522E-01
 0.37256517293617E-01
 0.41149371161775E-01
 0.44679391742317E-01
 0.47760818079417E-01
 0.50421346237006E-01
 0.52695656806598E-01
 0.54665990261581E-01
 0.56296326113436E-01
 0.57631416536558E-01
 0.58725999534955E-01
 0.59603529020593E-01
 0.60275359835818E-01
 0.60802859025311E-01
 0.61169997958243E-01
 0.61460580217287E-01
 0.61639315808729E-01
 0.61738301809278E-01
 0.61711952275174E-01
 0.61664668534995E-01
 0.61571129570461E-01
 0.61438098338409E-01
 0.61291403040781E-01
 0.61127615242738E-01
 0.60924523842924E-01
 0.60732367590861E-01
 0.60553272075913E-01
 0.60341608759401E-01
 0.60131105350808E-01
 0.59909292112429E-01
 0.59666294673987E-01
 0.59408344723879E-01
 0.59167154511031E-01
 0.58907721377508E-01
 0.58655497098916E-01
 0.58402323368590E-01
 0.58164493299815E-01
 0.57936799604994E-01
 0.57688381253316E-01
 0.57478515700749E-01
 0.57212002042487E-01
 0.56989362092149E-01
 0.56729781134503E-01
 0.56489628989801E-01
 0.56276946621567E-01
 0.56029069666595E-01
 0.55821103047867E-01
 0.55574155823286E-01
 0.55350230148226E-01
 0.55126035823456E-01
 0.54887133351953E-01
 0.54694464344458E-01
 0.54485596562085E-01
 0.54269128856442E-01
 0.54063885896444E-01
 0.53862319119656E-01
 0.53680558379689E-01
 0.53518601549610E-01
 0.53284612708784E-01
 0.53122266947997E-01
 0.52919076647372E-01
 0.52762398948190E-01
 0.52567605135424E-01
 0.52397474273067E-01
 0.52203026970430E-01
 0.52036370650249E-01
 0.51830989283005E-01
 0.51656247217484E-01
 0.51474742689294E-01
 0.51285512293462E-01
 0.51144127403410E-01
 0.51020968782164E-01
 0.50889181731270E-01
 0.50745323348626E-01
 0.50620646379113E-01
 0.50418125664348E-01
 0.50263223822572E-01
 0.50100394152039E-01
 0.49949963080002E-01
 0.49747760855275E-01
 0.49642971233535E-01
 0.49524168110417E-01
 0.49342832086924E-01
 0.49245815143452E-01
 0.49176668066417E-01
 0.49073541598690E-01
 0.48932462575037E-01
 0.48751020332139E-01
 0.48541868933228E-01
 0.48408664108815E-01
 0.48325520061830E-01
 0.48205864484007E-01
 0.48100332077973E-01
 0.47914230503466E-01
 0.47755117113628E-01
 0.47650733957857E-01
 0.47521615542888E-01
 0.47398686721179E-01
 0.47303268642532E-01
 0.47177670725233E-01
 0.47072216813724E-01
 0.46948714826067E-01
 0.46816262627616E-01
 0.46706280335475E-01
 0.46559877146947E-01
 0.46448583016091E-01
 0.46322828415598E-01
 0.46213148859765E-01
 0.46080983275900E-01
 0.45925493185363E-01
 0.45836578183009E-01
 0.45678769775597E-01
 0.45591674911970E-01
 0.45447318778282E-01
 0.45357070097038E-01
 0.45253458683094E-01
 0.45139585244103E-01
 0.45019413103164E-01
 0.44894763998362E-01
 0.44756810346164E-01
 0.44646824581591E-01
 0.44543817730058E-01
 0.44405130563308E-01
 0.44258320542401E-01
 0.44129180566549E-01
 0.44007934545970E-01
 0.43900779295704E-01
 0.43789909084459E-01
 0.43699357908175E-01
 0.43602891382787E-01
 0.43521591964888E-01
 0.43403990171956E-01
 0.43278630504912E-01
 0.43130601304968E-01
 0.42998343187699E-01
 0.42879316987011E-01
 0.42823833795333E-01
