 0.00000000000000E+00
 0.56629993259740E-24
 0.35643753518395E-22
 0.37958522504972E-21
 0.25881146151106E-20
 0.12418228392686E-19
 0.55615336980503E-11
-0.24636218201349E-11
 0.25730213800117E-11
 0.99497042675300E-11
-0.10276811190537E-10
-0.93337755031038E-11
-0.84387934583636E-11
 0.85376906096830E-06
-0.43484391679167E-06
 0.40180075443340E-06
-0.82666541105229E-06
-0.62428393571830E-06
-0.23331715845610E-05
 0.16483374005235E-05
-0.20241996500114E-05
 0.14917734028508E-05
 0.25932962329868E-05
 0.12480969713646E-05
 0.14308797800320E-05
 0.74329579038188E-05
 0.91925002654011E-05
 0.20241842036646E-04
 0.28531746173383E-04
 0.41904310775730E-04
 0.64160759456910E-04
 0.90236007417189E-04
 0.12835151060529E-03
 0.17732879727886E-03
 0.24103393653708E-03
 0.31545997491255E-03
 0.41282767478414E-03
 0.53772902847932E-03
 0.67907645206028E-03
 0.84971258766205E-03
 0.10531989004300E-02
 0.12956339993586E-02
 0.15715393008562E-02
 0.18900842712780E-02
 0.22571592376501E-02
 0.26763033724152E-02
 0.31371928347070E-02
 0.36644553175801E-02
 0.42431927202376E-02
 0.48913054044944E-02
 0.56121996097101E-02
 0.62841854628482E-02
 0.72219209059256E-02
 0.82605511439077E-02
 0.93149999778423E-02
 0.10408133702455E-01
 0.11481598098145E-01
 0.12688785874970E-01
 0.13963456555792E-01
 0.15456917385054E-01
 0.17061441827208E-01
 0.18857270479510E-01
 0.20712539445486E-01
 0.22613033063099E-01
 0.24543108792785E-01
 0.26553977794797E-01
 0.28772128943560E-01
 0.31229623155843E-01
 0.33825823705579E-01
 0.36409091299673E-01
 0.39207690767819E-01
 0.42165566631555E-01
 0.45289114527955E-01
 0.48566402204648E-01
 0.52234625052589E-01
 0.55525651488177E-01
 0.59160991016056E-01
 0.63233770119645E-01
 0.67704579419517E-01
 0.72299698157651E-01
 0.77039469396126E-01
 0.81849177152717E-01
 0.86843755705638E-01
 0.92023534158689E-01
 0.97422516185904E-01
 0.10302799215163E+00
 0.10929482923142E+00
 0.11574294134185E+00
 0.12248280869953E+00
 0.12992306833930E+00
 0.13754508361752E+00
 0.14546599825619E+00
 0.15396558702864E+00
 0.16194941016245E+00
 0.17002244892155E+00
 0.17913400023396E+00
 0.18937926072024E+00
 0.19989462310456E+00
 0.21099614133430E+00
 0.22212525511124E+00
 0.23384066883907E+00
 0.24595395236639E+00
 0.25812580375109E+00
 0.27102871098999E+00
 0.28423982080869E+00
 0.29839140955579E+00
 0.31323488685954E+00
 0.32892491249853E+00
 0.34444840023374E+00
 0.36090547373261E+00
 0.37828037625558E+00
 0.39632736884375E+00
 0.41457845110487E+00
 0.43283478436418E+00
 0.45128565652228E+00
 0.46957676763089E+00
 0.48766008106418E+00
 0.50633110000244E+00
 0.52456492865485E+00
 0.54172977492762E+00
 0.55764917165596E+00
 0.57158285598188E+00
 0.58469117116797E+00
 0.59749418609042E+00
 0.60920665326410E+00
 0.61896234529883E+00
 0.62477513201682E+00
 0.62268570952881E+00
 0.61092283140656E+00
 0.58597477725792E+00
 0.54108431324691E+00
 0.47481209767087E+00
 0.38663793587216E+00
 0.27923776469163E+00
 0.15676339947736E+00
 0.25170667832895E-01
-0.10913392969734E+00
-0.23884403659411E+00
-0.35870016270706E+00
-0.46329540729522E+00
-0.54782125575516E+00
-0.61061663718098E+00
-0.65156361465980E+00
-0.67160175925218E+00
-0.67309439314690E+00
-0.65847295150107E+00
-0.63082224086713E+00
-0.59338483796428E+00
-0.54917926817199E+00
-0.50021034358530E+00
-0.44808292701980E+00
-0.39447886700405E+00
-0.34054456010573E+00
-0.28761078746430E+00
-0.23601298949106E+00
-0.18781926774414E+00
-0.14402230742241E+00
-0.10527408272556E+00
-0.71427515877136E-01
-0.42958762629303E-01
-0.19806194813713E-01
-0.18245872471867E-02
 0.11991641440107E-01
 0.21845817373807E-01
 0.28173799824234E-01
 0.31942524763346E-01
 0.33172408040630E-01
 0.32475318483385E-01
 0.30453598388272E-01
 0.27955768787985E-01
 0.25613175234022E-01
 0.23171780427588E-01
 0.20572978027613E-01
 0.18378937274329E-01
 0.15972839401744E-01
 0.13906212144656E-01
 0.11922830188700E-01
 0.10255663368976E-01
 0.91984410472686E-02
 0.82827288592694E-02
 0.72529535353020E-02
 0.63093449925787E-02
 0.57173472962206E-02
 0.48674204904784E-02
 0.45898402302474E-02
 0.41862816462155E-02
 0.39072251763667E-02
 0.37758046136389E-02
 0.36534479797974E-02
 0.34440937772879E-02
 0.34511392598310E-02
 0.32437472546874E-02
 0.34604075443742E-02
 0.37103441829726E-02
 0.40631467687184E-02
 0.43189776915189E-02
 0.44572389249895E-02
 0.46842943683612E-02
 0.48664009033383E-02
 0.48612340867126E-02
 0.50340617639664E-02
 0.48175669810311E-02
 0.51698257805351E-02
 0.52384584951247E-02
 0.52293941374219E-02
 0.56009579925344E-02
 0.60179640593614E-02
 0.61607582262569E-02
 0.63536369097596E-02
 0.64417409649974E-02
 0.69372599032192E-02
 0.70137836075674E-02
 0.72411883235412E-02
 0.75128061730919E-02
 0.75824185039234E-02
 0.80618165930583E-02
 0.81911922237652E-02
 0.85190972279891E-02
 0.87499494375536E-02
 0.89565462907930E-02
 0.88757091893269E-02
 0.95079827900631E-02
 0.93129586116045E-02
 0.98176251560742E-02
 0.96959833165285E-02
 0.10032066428530E-01
 0.10092471909697E-01
 0.10639068479639E-01
 0.10319150283192E-01
 0.10715079608998E-01
 0.10738490019249E-01
 0.11250883169087E-01
 0.11471606281167E-01
 0.11758957445854E-01
 0.12080322431056E-01
 0.11757699790151E-01
 0.11905903868698E-01
 0.11906856625759E-01
 0.11586248463733E-01
 0.11787697910223E-01
 0.12116348705105E-01
 0.12445725132368E-01
 0.12471076665644E-01
 0.13418239412969E-01
 0.13574709454346E-01
 0.13918973728923E-01
 0.14017263051227E-01
 0.14082233747946E-01
 0.14317650360299E-01
 0.13754812283660E-01
 0.13301461728296E-01
 0.13473059731895E-01
 0.13788677222731E-01
 0.15458821266477E-01
 0.15999415564491E-01
 0.16388945175173E-01
 0.16354362781653E-01
 0.16085790439923E-01
 0.16282410636228E-01
 0.16704601660320E-01
 0.16659026830373E-01
 0.17142956767786E-01
 0.17353231582625E-01
 0.17292815666840E-01
 0.17424106851896E-01
 0.17243618729524E-01
 0.16873563294354E-01
 0.16666056964806E-01
 0.16941352936876E-01
 0.17190655408432E-01
 0.17213769147052E-01
 0.17471589469331E-01
 0.17276415547536E-01
 0.17869309402975E-01
 0.17958719990779E-01
 0.18276939783848E-01
 0.17629968198011E-01
 0.17842366514687E-01
 0.17803699182127E-01
 0.17789047250383E-01
 0.17274718217772E-01
 0.17000458545415E-01
 0.16549366024763E-01
 0.17166382588965E-01
 0.16984865872495E-01
 0.17192445394391E-01
 0.16953437857708E-01
 0.16638206181222E-01
 0.17297429856547E-01
 0.17730468623910E-01
 0.17701822938624E-01
 0.18606997567812E-01
 0.18625045931338E-01
 0.18866650566862E-01
 0.18649403096133E-01
 0.18263169830518E-01
 0.17692158246930E-01
 0.17933146299955E-01
 0.18217551180376E-01
 0.19983829883351E-01
