-0.47350717324677E+01
-0.47350715745180E+01
-0.47350700653006E+01
-0.47350643656615E+01
-0.47350502503335E+01
-0.47350225201092E+01
-0.47349762150928E+01
-0.47349112515194E+01
-0.47348426628246E+01
-0.47348144536546E+01
-0.47349114709925E+01
-0.47352643457003E+01
-0.47360459385662E+01
-0.47374608835473E+01
-0.47397312687865E+01
-0.47430814922199E+01
-0.47477246042622E+01
-0.47538512994882E+01
-0.47616220760879E+01
-0.47711622447782E+01
-0.47825607678215E+01
-0.47958692821411E+01
-0.48111044829519E+01
-0.48282501665219E+01
-0.48472611049377E+01
-0.48680668421303E+01
-0.48905754917315E+01
-0.49146776820217E+01
-0.49402499877554E+01
-0.49671585892202E+01
-0.49952623726106E+01
-0.50244157096538E+01
-0.50544707560095E+01
-0.50852798395480E+01
-0.51166972735850E+01
-0.51485807640864E+01
-0.51807927875915E+01
-0.52132015384006E+01
-0.52456818709456E+01
-0.52781163159884E+01
-0.53103947664488E+01
-0.53424152637306E+01
-0.53740840103966E+01
-0.54053154876524E+01
-0.54360324301082E+01
-0.54661657085775E+01
-0.54956541671634E+01
-0.55244444100434E+01
-0.55524905292524E+01
-0.55797537350936E+01
-0.56062021581003E+01
-0.56318104652689E+01
-0.56565595283586E+01
-0.56804360839252E+01
-0.57034323961145E+01
-0.57255459147514E+01
-0.57467789461864E+01
-0.57671383620679E+01
-0.57866352544430E+01
-0.58052846678131E+01
-0.58231053117349E+01
-0.58401233294010E+01
-0.58563567219869E+01
-0.58718370104704E+01
-0.58865950609393E+01
-0.59006642166922E+01
-0.59140801119664E+01
-0.59268804575050E+01
-0.59391049183398E+01
-0.59507949303956E+01
-0.59619935736158E+01
-0.59727454553723E+01
-0.59830964994340E+01
-0.59930940028088E+01
-0.60027863311063E+01
-0.60122230621818E+01
-0.60214547657421E+01
-0.60305329250525E+01
-0.60395098094253E+01
-0.60484387978154E+01
-0.60573740648639E+01
-0.60663704286884E+01
-0.60754835224054E+01
-0.60847697658590E+01
-0.60942860069102E+01
-0.61040900342098E+01
-0.61142404118921E+01
-0.61247959061762E+01
-0.61358165081719E+01
-0.61473686880275E+01
-0.61595020497399E+01
-0.61722838998882E+01
-0.61857768206112E+01
-0.62000434344517E+01
-0.62151461993557E+01
-0.62311502325452E+01
-0.62481194644742E+01
-0.62661183934174E+01
-0.62852112940805E+01
-0.63054627849735E+01
-0.63269370912076E+01
-0.63496978371478E+01
-0.63738074379218E+01
-0.63993266699287E+01
-0.64263154668169E+01
-0.64548298900679E+01
-0.64849235536594E+01
-0.65166451963321E+01
-0.65500383950878E+01
-0.65851476335352E+01
-0.66219884966953E+01
-0.66605864173644E+01
-0.67009482345710E+01
-0.67430666211297E+01
-0.67869167426989E+01
-0.68324535291723E+01
-0.68796102064659E+01
-0.69282869527931E+01
-0.69783572476614E+01
-0.70296528403277E+01
-0.70819627534644E+01
-0.71350271262237E+01
-0.71885301937572E+01
-0.72420935621809E+01
-0.72952691534517E+01
-0.73475350173432E+01
-0.73982896763827E+01
-0.74468500142255E+01
-0.74924487095283E+01
-0.75342524022685E+01
-0.75713401560679E+01
-0.76027644476931E+01
-0.76275492730972E+01
-0.76447326065957E+01
-0.76534098022041E+01
-0.76527819513452E+01
-0.76422073720150E+01
-0.76212492559113E+01
-0.75897129341665E+01
-0.75476911459155E+01
-0.74955545953095E+01
-0.74339738247734E+01
-0.73639070255117E+01
-0.72865584990032E+01
-0.72033491518332E+01
-0.71158451606209E+01
-0.70256792014772E+01
-0.69344614969255E+01
-0.68436874789998E+01
-0.67546617601117E+01
-0.66684320307650E+01
-0.65857550499842E+01
-0.65070839240272E+01
-0.64325899711135E+01
-0.63621758467582E+01
-0.62955468055559E+01
-0.62322527802156E+01
-0.61717486036029E+01
-0.61134406799260E+01
-0.60567372698361E+01
-0.60010806901717E+01
-0.59459760462928E+01
-0.58910048490164E+01
-0.58358321614878E+01
-0.57802073938365E+01
-0.57239588141687E+01
-0.56669892090427E+01
-0.56092554913512E+01
-0.55507725818373E+01
-0.54915910088528E+01
-0.54317910660279E+01
-0.53714726098356E+01
-0.53107487043065E+01
-0.52497372998380E+01
-0.51885588639527E+01
-0.51273285634059E+01
-0.50661586186896E+01
-0.50051524986574E+01
-0.49444027357473E+01
-0.48839956523614E+01
-0.48240061454737E+01
-0.47644998987365E+01
-0.47055326560771E+01
-0.46471529773127E+01
-0.45894006535894E+01
-0.45323079201575E+01
-0.44759001988849E+01
-0.44201978977485E+01
-0.43652158032993E+01
-0.43109647828685E+01
-0.42574509909751E+01
-0.42046784134238E+01
-0.41526465481598E+01
-0.41013531051059E+01
-0.40507954420437E+01
-0.40009664664614E+01
-0.39518603714438E+01
-0.39034696683022E+01
-0.38557839335758E+01
-0.38087948584579E+01
-0.37624919065605E+01
-0.37168655150249E+01
-0.36719061920190E+01
-0.36276004992643E+01
-0.35839406141940E+01
-0.35409162166314E+01
-0.34985152560260E+01
-0.34567283750898E+01
-0.34155466109548E+01
-0.33749594600938E+01
-0.33349562944785E+01
-0.32955284359449E+01
-0.32566680927158E+01
-0.32183651117313E+01
-0.31806096947308E+01
-0.31433948181542E+01
-0.31067121690872E+01
-0.30705538674023E+01
-0.30349115886155E+01
-0.29997775673286E+01
-0.29651445351111E+01
-0.29310051194796E+01
-0.28973512791404E+01
-0.28641774382858E+01
-0.28314761321136E+01
-0.27992406349809E+01
-0.27674643286632E+01
-0.27361406467816E+01
-0.27052632252326E+01
-0.26748258573722E+01
-0.26448223488965E+01
-0.26152466276638E+01
-0.25860926713764E+01
-0.25573544860437E+01
-0.25290262640258E+01
-0.25011026957994E+01
-0.24735769046571E+01
-0.24464439065307E+01
-0.24196983628900E+01
-0.23933346120366E+01
-0.23673474696597E+01
-0.23417307447133E+01
-0.23164798158920E+01
-0.22915890240491E+01
-0.22670533721863E+01
-0.22428676911604E+01
-0.22190267672471E+01
-0.21955254896804E+01
-0.21723589801680E+01
-0.21495222032644E+01
-0.21270100742179E+01
-0.21048178725799E+01
-0.20829409468271E+01
-0.20613742769647E+01
-0.20401132926474E+01
-0.20191534363820E+01
-0.19984897884919E+01
-0.19781179973149E+01
-0.19580336248750E+01
-0.19382320877490E+01
-0.19187090651656E+01
-0.18994602075865E+01
-0.18804812147673E+01
-0.18617678408074E+01
-0.18433159044302E+01
-0.18251212952509E+01
-0.18071799251506E+01
-0.17894877505432E+01
-0.17720408060116E+01
-0.17548351723379E+01
-0.17378669896365E+01
-0.17211324458573E+01
-0.17046277789792E+01
-0.16883492859990E+01
-0.16722933194590E+01
-0.16564562774308E+01
-0.16408346126098E+01
-0.16254248351727E+01
-0.16102235222521E+01
-0.15952272404343E+01
-0.15804326716031E+01
-0.15658365307086E+01
-0.15514355842387E+01
-0.15372266478241E+01
-0.15232065852001E+01
-0.15093723066904E+01
-0.14957207627656E+01
-0.14822489846503E+01
-0.14689540244819E+01
-0.14558329957743E+01
-0.14428830377587E+01
-0.14301013912111E+01
-0.14174852837444E+01
-0.14050320205164E+01
-0.13927389304359E+01
-0.13806034054030E+01
-0.13686228712235E+01
-0.13567948061180E+01
-0.13451167374537E+01
-0.13335861645912E+01
