 0.81417091468610+252
 0.90231418001423+121
 0.20117396164034E+78
 0.30038521342971E+56
 0.24106949067863E+43
 0.44852244825746E+34
 0.26050341946932E+28
 0.54806793965198E+23
 0.12623581431494E+20
 0.15525968620670E+17
 0.64571982536420E+14
 0.66966649128879E+12
 0.14025619668818E+11
 0.51029219506966E+09
 0.28878616019201E+08
 0.23399881701487E+07
 0.25693311851453E+09
 0.35791830077144E+08
 0.30816831698231E+08
 0.12315711549091E+08
 0.52901833578563E+07
 0.24507071547727E+07
 0.12126117054234E+07
 0.63569506034774E+06
 0.35068059222817E+06
 0.20239948784627E+06
 0.12162030291935E+06
 0.75764753611912E+05
 0.48753999818406E+05
 0.32304440635235E+05
 0.21979831131544E+05
 0.15319537681172E+05
 0.10914552795411E+05
 0.79339112577829E+04
 0.58744438847917E+04
 0.44238357480778E+04
 0.33838386184764E+04
 0.26259234418004E+04
 0.20651531066370E+04
 0.16443809203952E+04
 0.13245058112267E+04
 0.10783604616542E+04
 0.88679095122540E+03
 0.73610772718052E+03
 0.61640352329487E+03
 0.52042148677726E+03
 0.44278592447581E+03
 0.37947281013898E+03
 0.32743971406961E+03
 0.28436481434688E+03
 0.24846034333405E+03
 0.21833801121065E+03
 0.19291126121257E+03
 0.17132324715263E+03
 0.15289348054320E+03
 0.13707764310824E+03
 0.12343770821490E+03
 0.11161891967677E+03
 0.10133220417449E+03
 0.92340824458422E+02
 0.84449792789518E+02
 0.77521063945114E+02
 0.71372746467973E+02
 0.65916898769623E+02
 0.61059246521427E+02
 0.56720301277404E+02
 0.52832766393264E+02
 0.49339401783700E+02
 0.46191393144763E+02
 0.43346921114894E+02
 0.40770043097097E+02
 0.38429768356257E+02
 0.36299262634043E+02
 0.34355265968117E+02
 0.32577485641196E+02
 0.30948227736046E+02
 0.29451985031004E+02
 0.28075132160924E+02
 0.26805690113071E+02
 0.25633075584917E+02
 0.24547908201476E+02
 0.23541872176066E+02
 0.22607572192653E+02
 0.21738412606833E+02
 0.20928485558800E+02
 0.20172513883483E+02
 0.19465755494188E+02
 0.18803938898866E+02
 0.18183219373038E+02
 0.17600622867253E+02
 0.17052011268068E+02
 0.16534981157030E+02
 0.16046933804867E+02
 0.15585492648437E+02
 0.15148471329324E+02
 0.14733891353573E+02
 0.14339919282574E+02
 0.13964868907257E+02
 0.13607173441618E+02
 0.13265397196502E+02
 0.12938206078008E+02
 0.12624360311935E+02
 0.12322698391849E+02
 0.12032135827249E+02
 0.11751670590738E+02
 0.11480347315018E+02
 0.11217284397865E+02
 0.10961627442660E+02
 0.10712596872915E+02
 0.10469547222577E+02
 0.10231581371590E+02
 0.99981330845245E+01
 0.97685750692188E+01
 0.95423224742680E+01
 0.93188231927294E+01
 0.90975665206210E+01
 0.88780754355628E+01
 0.86599056056249E+01
 0.84426642095804E+01
 0.82259881989402E+01
 0.80095579529439E+01
 0.77931014417617E+01
 0.75763947219742E+01
 0.73592589762451E+01
 0.71415722341527E+01
 0.69232652939930E+01
 0.67043333962710E+01
 0.64848281832614E+01
 0.62648665219537E+01
 0.60446636822261E+01
 0.58244371093284E+01
 0.56045234975047E+01
 0.53853547187261E+01
 0.51674175233522E+01
 0.49512707538896E+01
 0.47375439855685E+01
 0.45269149725716E+01
 0.43201187029655E+01
 0.41179084775424E+01
 0.39210373771583E+01
 0.37302584052258E+01
 0.35462579023522E+01
 0.33696371294811E+01
 0.32009476887194E+01
 0.30405925940605E+01
 0.28888615655743E+01
 0.27459109374169E+01
 0.26117771019277E+01
 0.24863804881038E+01
 0.23695306057975E+01
 0.22609544580477E+01
 0.21603055658115E+01
 0.20671879101496E+01
 0.19811677991998E+01
 0.19018028203313E+01
 0.18286354823555E+01
 0.17612154209213E+01
 0.16991014680327E+01
 0.16418759700588E+01
 0.15891420613043E+01
 0.15405259375133E+01
 0.14956800852913E+01
 0.14542829866878E+01
 0.14160392124735E+01
 0.13806779757070E+01
 0.13479521048568E+01
 0.13176355084169E+01
 0.12895264821695E+01
 0.12634376559113E+01
 0.12392007589641E+01
 0.12166634392668E+01
 0.11956875596479E+01
 0.11761478224701E+01
 0.11579307434226E+01
 0.11409333289823E+01
 0.11250619858126E+01
 0.11102315996762E+01
 0.10963646952979E+01
 0.10833908653374E+01
 0.10712455915356E+01
 0.10598700598302E+01
 0.10492103699124E+01
 0.10392173010833E+01
 0.10298455792404E+01
 0.10210535755380E+01
 0.10128030839627E+01
 0.10050589293063E+01
 0.99778855062266E+00
 0.99096195258112E+00
 0.98455138738281E+00
 0.97853121014450E+00
 0.97287752628875E+00
 0.96756834145117E+00
 0.96258302603531E+00
 0.95790259683387E+00
 0.95350921869985E+00
 0.94938629643405E+00
 0.94551841419961E+00
 0.94189122573248E+00
 0.93849110739503E+00
 0.93530559166907E+00
 0.93232276587661E+00
 0.92953163031917E+00
 0.92692178484395E+00
 0.92448351343766E+00
 0.92220767937721E+00
 0.92008567951098E+00
 0.91810942472036E+00
 0.91627133838565E+00
 0.91456424114226E+00
 0.91298138490643E+00
 0.91151641960471E+00
 0.91016334252716E+00
 0.90891646573215E+00
 0.90777043971853E+00
 0.90672021523876E+00
 0.90576099766013E+00
 0.90488827865985E+00
 0.90409775293254E+00
 0.90338537113377E+00
 0.90274728385894E+00
 0.90217985006296E+00
 0.90167961665261E+00
 0.90124329993691E+00
 0.90086778613059E+00
 0.90055012019365E+00
 0.90028749779724E+00
 0.90007725121966E+00
 0.89991685262751E+00
 0.89980387509678E+00
 0.89973603531702E+00
 0.89971114048080E+00
 0.89972712285155E+00
 0.89978199673160E+00
 0.89987388372062E+00
 0.90000098163382E+00
 0.90016158351641E+00
 0.90035406125000E+00
 0.90057685189972E+00
 0.90082848194611E+00
 0.90110752504578E+00
 0.90141263621468E+00
 0.90174252998846E+00
 0.90209596292705E+00
 0.90247177236522E+00
 0.90286882095080E+00
 0.90328604975628E+00
 0.90372242455226E+00
 0.90417696796494E+00
 0.90464874356477E+00
 0.90513686076309E+00
 0.90564046123277E+00
 0.90615872322943E+00
 0.90669086476040E+00
 0.90723614264722E+00
 0.90779383532163E+00
 0.90836325617032E+00
 0.90894375405274E+00
 0.90953469457060E+00
 0.91013548311301E+00
 0.91074553857402E+00
 0.91136431516470E+00
 0.91199128173061E+00
 0.91262593528837E+00
 0.91326779222474E+00
 0.91391638905985E+00
 0.91457128249188E+00
 0.91523204717550E+00
 0.91589827556493E+00
 0.91656958006462E+00
 0.91724558576118E+00
 0.91792593563810E+00
 0.91861028708986E+00
 0.91929831118002E+00
 0.91998969339833E+00
 0.92068413303668E+00
 0.92138134192371E+00
 0.92208104350261E+00
 0.92278297297616E+00
 0.92348687668780E+00
 0.92419251186890E+00
 0.92489964560410E+00
 0.92560805524955E+00
 0.92631752725260E+00
 0.92702785767220E+00
 0.92773885133792E+00
 0.92845032091790E+00
 0.92916208741568E+00
 0.92987397933435E+00
 0.93058583276209E+00
 0.93129749055053E+00
 0.93200880251877E+00
 0.93271962502576E+00
 0.93342982063833E+00
 0.93413925808231E+00
 0.93484781202946E+00
 0.93555536246564E+00
 0.93626179470218E+00
 0.93696699936001E+00
 0.93767087204910E+00
