 0.10799240596646E+03
 0.10799240596642E+03
 0.10799240596616E+03
 0.10799240596823E+03
 0.10799240598896E+03
 0.10799240607021E+03
 0.10799240625885E+03
 0.10799240645408E+03
 0.10799240596011E+03
 0.10799240259863E+03
 0.10799239154141E+03
 0.10799236407130E+03
 0.10799230655346E+03
 0.10799219974863E+03
 0.10799201860922E+03
 0.10799173250962E+03
 0.10799130567295E+03
 0.10799069805667E+03
 0.10798986629334E+03
 0.10798876470436E+03
 0.10798734544760E+03
 0.10798556006660E+03
 0.10798336044603E+03
 0.10798069881773E+03
 0.10797752831124E+03
 0.10797380354914E+03
 0.10796948062350E+03
 0.10796451702566E+03
 0.10795887165650E+03
 0.10795250444962E+03
 0.10794537603909E+03
 0.10793744727300E+03
 0.10792867896113E+03
 0.10791903106287E+03
 0.10790846210195E+03
 0.10789692908771E+03
 0.10788438665067E+03
 0.10787078663644E+03
 0.10785607756772E+03
 0.10784020400338E+03
 0.10782310663927E+03
 0.10780472172685E+03
 0.10778498074163E+03
 0.10776381014398E+03
 0.10774113108517E+03
 0.10771685920334E+03
 0.10769090441065E+03
 0.10766317068768E+03
 0.10763355587828E+03
 0.10760195167302E+03
 0.10756824326701E+03
 0.10753230929293E+03
 0.10749402165772E+03
 0.10745324536922E+03
 0.10740983838907E+03
 0.10736365150913E+03
 0.10731452818516E+03
 0.10726230435068E+03
 0.10720680837033E+03
 0.10714786075020E+03
 0.10708527401796E+03
 0.10701882493513E+03
 0.10694835916654E+03
 0.10687364147326E+03
 0.10679445078318E+03
 0.10671055722314E+03
 0.10662172190638E+03
 0.10652769695542E+03
 0.10642822501967E+03
 0.10632303933348E+03
 0.10621186335206E+03
 0.10609441045667E+03
 0.10597038440125E+03
 0.10583947809794E+03
 0.10570137438774E+03
 0.10555574491921E+03
 0.10540225047391E+03
 0.10524054074494E+03
 0.10507025357991E+03
 0.10489101481093E+03
 0.10470243842902E+03
 0.10450412608912E+03
 0.10429566643235E+03
 0.10407663466184E+03
 0.10384659393317E+03
 0.10360509236651E+03
 0.10335166412479E+03
 0.10308582924354E+03
 0.10280709222246E+03
 0.10251489435823E+03
 0.10220879868166E+03
 0.10188822341314E+03
 0.10155261043427E+03
 0.10120138474575E+03
 0.10083395977647E+03
 0.10044972263181E+03
 0.10004805009952E+03
 0.99628300664394E+02
 0.99189818509090E+02
 0.98731927898956E+02
 0.98253937152171E+02
 0.97755138011947E+02
 0.97234809012009E+02
 0.96692215698877E+02
 0.96126601494627E+02
 0.95537206883135E+02
 0.94923251230345E+02
 0.94283962226990E+02
 0.93618539916225E+02
 0.92926127285217E+02
 0.92206042962949E+02
 0.91457434444913E+02
 0.90679512263958E+02
 0.89871492235389E+02
 0.89032608062754E+02
 0.88162106916946E+02
 0.87259259961561E+02
 0.86323385171688E+02
 0.85353810376575E+02
 0.84349931879031E+02
 0.83311195644019E+02
 0.82237109860457E+02
 0.81127256623918E+02
 0.79981308653334E+02
 0.78799040313715E+02
 0.77580352343194E+02
 0.76325271778191E+02
 0.75033996168846E+02
 0.73706914606060E+02
 0.72344543266628E+02
 0.70947887481343E+02
 0.69518030104222E+02
 0.68056415539177E+02
 0.66564898466952E+02
 0.65045749065959E+02
 0.63501702956126E+02
 0.61935985230416E+02
 0.60352331315089E+02
 0.58755008089084E+02
 0.57148759407193E+02
 0.55538638248022E+02
 0.53930169449046E+02
 0.52329075012112E+02
 0.50741082672740E+02
 0.49171892592966E+02
 0.47626983996253E+02
 0.46111475156650E+02
 0.44630021716459E+02
 0.43186710744862E+02
 0.41784967481638E+02
 0.40427560135532E+02
 0.39116576387710E+02
 0.37853463210805E+02
 0.36639051224661E+02
 0.35473610713328E+02
 0.34356960016616E+02
 0.33288483298586E+02
 0.32267210283045E+02
 0.31291924882083E+02
 0.30361188539647E+02
 0.29473397101955E+02
 0.28626840913542E+02
 0.27819743191374E+02
 0.27050301471392E+02
 0.26316711049202E+02
 0.25617189953408E+02
 0.24950001089034E+02
 0.24313451340347E+02
 0.23705921236785E+02
 0.23125858337298E+02
 0.22571783894804E+02
 0.22042295387072E+02
 0.21536065143035E+02
 0.21051839762791E+02
 0.20588439134435E+02
 0.20144750566217E+02
 0.19719731776402E+02
 0.19312397330583E+02
 0.18921827313786E+02
 0.18547153434220E+02
 0.18187562873319E+02
 0.17842289771825E+02
 0.17510616272603E+02
 0.17191866330267E+02
 0.16885404229162E+02
 0.16590632308166E+02
 0.16306987953859E+02
 0.16033940671159E+02
 0.15770990253062E+02
 0.15517664836677E+02
 0.15273519575114E+02
 0.15038134231916E+02
 0.14811111412401E+02
 0.14592076650211E+02
 0.14380673305735E+02
 0.14176566246696E+02
 0.13979436583372E+02
 0.13788982651786E+02
 0.13604918411080E+02
 0.13426972698635E+02
 0.13254887090805E+02
 0.13088418078059E+02
 0.12927332354236E+02
 0.12771409335385E+02
 0.12620439402956E+02
 0.12474221751859E+02
 0.12332566966181E+02
 0.12195293962162E+02
 0.12062229516175E+02
 0.11933209226743E+02
 0.11808076858415E+02
 0.11686682936202E+02
 0.11568883785456E+02
 0.11454543872851E+02
 0.11343533286575E+02
 0.11235727790930E+02
 0.11131008227817E+02
 0.11029261188315E+02
 0.10930378387446E+02
 0.10834256156910E+02
 0.10740794946582E+02
 0.10649899883993E+02
 0.10561479752160E+02
 0.10475447603492E+02
 0.10391719847768E+02
 0.10310216449330E+02
 0.10230860726416E+02
 0.10153579178663E+02
 0.10078301232091E+02
 0.10004959187028E+02
 0.99334880849941E+01
 0.98638255841988E+01
 0.97959117994941E+01
 0.97296892946560E+01
 0.96651028087288E+01
 0.96020992733237E+01
 0.95406276786871E+01
 0.94806389742259E+01
 0.94220858590706E+01
 0.93649231525593E+01
 0.93091071858784E+01
 0.92545958884507E+01
 0.92013487461497E+01
 0.91493269067797E+01
 0.90984930040425E+01
 0.90488106620171E+01
 0.90002453143995E+01
 0.89527633254802E+01
 0.89063323709086E+01
 0.88609213562216E+01
 0.88165001737750E+01
 0.87730399976922E+01
 0.87305126312875E+01
 0.86888912847357E+01
 0.86481499116302E+01
 0.86082631788323E+01
 0.85692071869955E+01
 0.85309582794485E+01
 0.84934938312724E+01
 0.84567920643904E+01
 0.84208318053631E+01
 0.83855926422514E+01
 0.83510548737563E+01
 0.83171994186295E+01
 0.82840078360421E+01
 0.82514622719999E+01
 0.82195454854080E+01
 0.81882408024147E+01
 0.81575320680719E+01
 0.81274036457287E+01
 0.80978403999383E+01
 0.80688276819292E+01
 0.80403513077008E+01
 0.80123975360874E+01
 0.79849530592177E+01
 0.79580049844905E+01
 0.79315408184749E+01
 0.79055484527972E+01
 0.78800161490571E+01
 0.78549325301642E+01
 0.78302865640372E+01
 0.78060675507723E+01
 0.77822651137982E+01
 0.77588691711084E+01
 0.77358699690212E+01
 0.77132580334070E+01
 0.76910241657888E+01
 0.76691594385517E+01
 0.76476551819251E+01
 0.76265029799783E+01
 0.76056946852026E+01
 0.75852223049372E+01
 0.75650781548505E+01
 0.75452547431661E+01
 0.75257447874953E+01
 0.75065412159823E+01
 0.74876371652357E+01
 0.74690259355083E+01
 0.74507010245221E+01
 0.74326562416502E+01
