 0.55843899762015E+01
 0.55843899756790E+01
 0.55843899700321E+01
 0.55843899462844E+01
 0.55843898821772E+01
 0.55843897467844E+01
 0.55843895001119E+01
 0.55843890887091E+01
 0.55843884337570E+01
 0.55843874084864E+01
 0.55843858114276E+01
 0.55843833404310E+01
 0.55843795755409E+01
 0.55843739728593E+01
 0.55843658702884E+01
 0.55843545015906E+01
 0.55843390153448E+01
 0.55843184915689E+01
 0.55842919571829E+01
 0.55842583926651E+01
 0.55842167802865E+01
 0.55841660693717E+01
 0.55841052012221E+01
 0.55840331004005E+01
 0.55839486866131E+01
 0.55838508799130E+01
 0.55837386011386E+01
 0.55836107841817E+01
 0.55834663843589E+01
 0.55833043930757E+01
 0.55831238567940E+01
 0.55829238972723E+01
 0.55827037255893E+01
 0.55824626721432E+01
 0.55822002123666E+01
 0.55819159751755E+01
 0.55816097762267E+01
 0.55812816375188E+01
 0.55809318078565E+01
 0.55805607946703E+01
 0.55801693567982E+01
 0.55797585331095E+01
 0.55793296507513E+01
 0.55788843386004E+01
 0.55784245350607E+01
 0.55779524951153E+01
 0.55774707959533E+01
 0.55769823400966E+01
 0.55764903589429E+01
 0.55759984111985E+01
 0.55755103853620E+01
 0.55750304978498E+01
 0.55745632918834E+01
 0.55741136342032E+01
 0.55736867140297E+01
 0.55732880378827E+01
 0.55729234284572E+01
 0.55725990189657E+01
 0.55723212494242E+01
 0.55720968655503E+01
 0.55719329140644E+01
 0.55718377437932E+01
 0.55718171926566E+01
 0.55718800264834E+01
 0.55720344726336E+01
 0.55722890472289E+01
 0.55726525556048E+01
 0.55731340854392E+01
 0.55737430181024E+01
 0.55744890204131E+01
 0.55753820524762E+01
 0.55764323728312E+01
 0.55776505246985E+01
 0.55790473683204E+01
 0.55806340581755E+01
 0.55824220768292E+01
 0.55844232252233E+01
 0.55866496311529E+01
 0.55891137776989E+01
 0.55918285091430E+01
 0.55948070300782E+01
 0.55980629260208E+01
 0.56016101925830E+01
 0.56054632553412E+01
 0.56096369359634E+01
 0.56141465523570E+01
 0.56190078995201E+01
 0.56242372614123E+01
 0.56298514783205E+01
 0.56358695520112E+01
 0.56423064591029E+01
 0.56491821158326E+01
 0.56565157403641E+01
 0.56643272220745E+01
 0.56726370006954E+01
 0.56814664936018E+01
 0.56908377100234E+01
 0.57007734602789E+01
 0.57112972691365E+01
 0.57224335914342E+01
 0.57342077090212E+01
 0.57466457919949E+01
 0.57597748064360E+01
 0.57736225489555E+01
 0.57882179592316E+01
 0.58035905497304E+01
 0.58197710053762E+01
 0.58367902712972E+01
 0.58546807418054E+01
 0.58734772766723E+01
 0.58932094600142E+01
 0.59139131654069E+01
 0.59356227485077E+01
 0.59583729711194E+01
 0.59821985418463E+01
 0.60071342260044E+01
 0.60332144498280E+01
 0.60604724224234E+01
 0.60889413306027E+01
 0.61186521756598E+01
 0.61496342898011E+01
 0.61819147319356E+01
 0.62155176756444E+01
 0.62504636224167E+01
 0.62867688185634E+01
 0.63244440657939E+01
 0.63634946526526E+01
 0.64039184910843E+01
 0.64457055924499E+01
 0.64888398940607E+01
 0.65332873204400E+01
 0.65790103859777E+01
 0.66259587051342E+01
 0.66740685976324E+01
 0.67232643057184E+01
 0.67734575675681E+01
 0.68245492405603E+01
 0.68764297218638E+01
 0.69289799607667E+01
 0.69820751485139E+01
 0.70355901618512E+01
 0.70893942147719E+01
 0.71433598129955E+01
 0.71973634847356E+01
 0.72512876684540E+01
 0.73050216668649E+01
 0.73584618390696E+01
 0.74115116744335E+01
 0.74640805505719E+01
 0.75160860897802E+01
 0.75674505835036E+01
 0.76181019352771E+01
 0.76679722685846E+01
 0.77169995660617E+01
 0.77651249245500E+01
 0.78122942549628E+01
 0.78584589200249E+01
 0.79035765284464E+01
 0.79476069363104E+01
 0.79905163460449E+01
 0.80322765784810E+01
 0.80728649197950E+01
 0.81122640395633E+01
 0.81504612781829E+01
 0.81874488525976E+01
 0.82232232912220E+01
 0.82577856969234E+01
 0.82911392872752E+01
 0.83232924315855E+01
 0.83542555278329E+01
 0.83840413904407E+01
 0.84126648389593E+01
 0.84401426909190E+01
 0.84664929426144E+01
 0.84917349432558E+01
 0.85158887014567E+01
 0.85389750779111E+01
 0.85610161244088E+01
 0.85820328313603E+01
 0.86020478921198E+01
 0.86210835288631E+01
 0.86391622022195E+01
 0.86563060301846E+01
 0.86725375663052E+01
 0.86878791246706E+01
 0.87023526178483E+01
 0.87159797215647E+01
 0.87287823305933E+01
 0.87407820246035E+01
 0.87520000779122E+01
 0.87624574105997E+01
 0.87721748981919E+01
 0.87811730427165E+01
 0.87894717069070E+01
 0.87970913863031E+01
 0.88040512357795E+01
 0.88103710189408E+01
 0.88160697330850E+01
 0.88211659128258E+01
 0.88256781928790E+01
 0.88296248680206E+01
 0.88330235654006E+01
 0.88358920550299E+01
 0.88382476084754E+01
 0.88401067749739E+01
 0.88414867230799E+01
 0.88424033765788E+01
 0.88428726233792E+01
 0.88429105097342E+01
 0.88425323218047E+01
 0.88417527991577E+01
 0.88405865791167E+01
 0.88390485651481E+01
 0.88371524865736E+01
 0.88349120215476E+01
 0.88323405377517E+01
 0.88294514315991E+01
 0.88262573872026E+01
 0.88227708283520E+01
 0.88190038299338E+01
 0.88149683806641E+01
 0.88106759063849E+01
 0.88061377934285E+01
 0.88013648417324E+01
 0.87963677551755E+01
 0.87911568779338E+01
 0.87857422535871E+01
 0.87801336290688E+01
 0.87743404738390E+01
 0.87683720437580E+01
 0.87622372527602E+01
 0.87559447727292E+01
 0.87495029884876E+01
 0.87429200153586E+01
 0.87362037388399E+01
 0.87293617782898E+01
 0.87224015030869E+01
 0.87153300531887E+01
 0.87081544467783E+01
 0.87008812311374E+01
 0.86935168152928E+01
 0.86860674782744E+01
 0.86785393127601E+01
 0.86709380609460E+01
 0.86632692369828E+01
 0.86555383449383E+01
 0.86477505927125E+01
 0.86399108511194E+01
 0.86320241684529E+01
 0.86240950112330E+01
 0.86161278780850E+01
 0.86081269784880E+01
 0.86000967360925E+01
 0.85920408514612E+01
 0.85839632417462E+01
 0.85758676174324E+01
 0.85677572740598E+01
 0.85596358198506E+01
 0.85515064529632E+01
 0.85433721837925E+01
 0.85352360449263E+01
 0.85271008765956E+01
 0.85189693768190E+01
 0.85108441552244E+01
 0.85027276979857E+01
 0.84946223884519E+01
 0.84865304897013E+01
 0.84784541563696E+01
 0.84703954542669E+01
 0.84623563557286E+01
 0.84543387367233E+01
 0.84463443798025E+01
 0.84383749810546E+01
 0.84304321530643E+01
 0.84225174268531E+01
 0.84146322536565E+01
 0.84067780097658E+01
 0.83989559991267E+01
 0.83911674561101E+01
 0.83834135463359E+01
 0.83756953691422E+01
 0.83680139623188E+01
 0.83603703029386E+01
 0.83527653105771E+01
 0.83451998452088E+01
 0.83376747143660E+01
 0.83301906749553E+01
 0.83227484292747E+01
 0.83153486398823E+01
 0.83079919193302E+01
 0.83006788116784E+01
 0.82934098910176E+01
 0.82861856183093E+01
 0.82790064379641E+01
 0.82718727616688E+01
 0.82647849672107E+01
 0.82577433668800E+01
 0.82507482818666E+01
 0.82437999860599E+01
 0.82368985864753E+01
