 0.14975116109994E+00
 0.14975116109984E+00
 0.14975116109912E+00
 0.14975116110486E+00
 0.14975116116235E+00
 0.14975116138767E+00
 0.14975116191086E+00
 0.14975116245230E+00
 0.14975116108233E+00
 0.14975115175973E+00
 0.14975112109402E+00
 0.14975104490941E+00
 0.14975088539156E+00
 0.14975058918324E+00
 0.14975008681899E+00
 0.14974929336438E+00
 0.14974810960036E+00
 0.14974642448076E+00
 0.14974411774308E+00
 0.14974106272257E+00
 0.14973712676461E+00
 0.14973217552500E+00
 0.14972607562389E+00
 0.14971869466728E+00
 0.14970990277893E+00
 0.14969957425666E+00
 0.14968758751262E+00
 0.14967382488445E+00
 0.14965817266966E+00
 0.14964052008713E+00
 0.14962075836236E+00
 0.14959877938614E+00
 0.14957447502269E+00
 0.14954773486740E+00
 0.14951844463462E+00
 0.14948648595098E+00
 0.14945173397281E+00
 0.14941405627616E+00
 0.14937331138404E+00
 0.14932934701149E+00
 0.14928200036836E+00
 0.14923109657599E+00
 0.14917644777963E+00
 0.14911785252122E+00
 0.14905509496495E+00
 0.14898794437723E+00
 0.14891615458759E+00
 0.14883946347614E+00
 0.14875759246896E+00
 0.14867024656235E+00
 0.14857711345482E+00
 0.14847786344902E+00
 0.14837214909692E+00
 0.14825960482772E+00
 0.14813984666028E+00
 0.14801247199258E+00
 0.14787705928726E+00
 0.14773316771734E+00
 0.14758033721264E+00
 0.14741808785408E+00
 0.14724591975515E+00
 0.14706323692244E+00
 0.14686963523916E+00
 0.14666449086619E+00
 0.14644722196679E+00
 0.14621722587567E+00
 0.14597387887775E+00
 0.14571653666375E+00
 0.14544453343728E+00
 0.14515718253927E+00
 0.14485377595800E+00
 0.14453358407377E+00
 0.14419585747005E+00
 0.14383982426678E+00
 0.14346469291600E+00
 0.14306964990521E+00
 0.14265386145797E+00
 0.14221647380950E+00
 0.14175661210628E+00
 0.14127338097548E+00
 0.14076586609947E+00
 0.14023313406702E+00
 0.13967423183287E+00
 0.13908818696651E+00
 0.13847401285069E+00
 0.13783070228195E+00
 0.13715723208090E+00
 0.13645256447448E+00
 0.13571564533752E+00
 0.13494528084120E+00
 0.13414062704003E+00
 0.13330048939061E+00
 0.13242376994499E+00
 0.13150936312275E+00
 0.13055617245088E+00
 0.12956307542813E+00
 0.12852896849157E+00
 0.12745274983628E+00
 0.12633333347730E+00
 0.12516963888397E+00
 0.12396060543029E+00
 0.12270519526684E+00
 0.12140240646396E+00
 0.12005127833316E+00
 0.11865087386973E+00
 0.11720033276916E+00
 0.11569883188785E+00
 0.11414566297921E+00
 0.11254015049876E+00
 0.11088158898147E+00
 0.10916980478605E+00
 0.10740433076323E+00
 0.10558497357434E+00
 0.10371168019018E+00
 0.10178457216782E+00
 0.99803939781887E-01
 0.97770270198997E-01
 0.95684301366180E-01
 0.93546941295316E-01
 0.91359399618677E-01
 0.89123144082806E-01
 0.86839925593355E-01
 0.84511798685603E-01
 0.82141149479878E-01
 0.79730708088960E-01
 0.77283585021300E-01
 0.74803252775160E-01
 0.72293611023503E-01
 0.69758997098716E-01
 0.67204030896129E-01
 0.64634248207979E-01
 0.62055271347939E-01
 0.59473282286049E-01
 0.56895027583500E-01
 0.54327735526622E-01
 0.51779101348777E-01
 0.49257216373830E-01
 0.46770484220687E-01
 0.44327531316221E-01
 0.41937001846621E-01
 0.39607207047726E-01
 0.37346278730270E-01
 0.35161701329231E-01
 0.33060028507989E-01
 0.31046854983735E-01
 0.29126608973564E-01
 0.27302461068440E-01
 0.25576314336175E-01
 0.23948814509143E-01
 0.22419395661405E-01
 0.20986442613776E-01
 0.19647415891466E-01
 0.18399033195371E-01
 0.17237417575234E-01
 0.16158258662117E-01
 0.15156999052400E-01
 0.14228914860951E-01
 0.13369236415146E-01
 0.12573272339612E-01
 0.11836445478790E-01
 0.11154347120080E-01
 0.10522782977315E-01
 0.99377941768878E-02
 0.93956749519600E-02
 0.88929733042161E-02
 0.84264906209844E-02
 0.79932777180104E-02
 0.75906154273111E-02
 0.72160151899986E-02
 0.68671966864633E-02
 0.65420751969951E-02
 0.62387473813536E-02
 0.59554759741645E-02
 0.56906762130154E-02
 0.54429031940386E-02
 0.52108377781911E-02
 0.49932782923211E-02
 0.47891246449104E-02
 0.45973748304396E-02
 0.44171108066121E-02
 0.42474940564485E-02
 0.40877557791717E-02
 0.39371922949716E-02
 0.37951576060124E-02
 0.36610586670174E-02
 0.35343507039342E-02
 0.34145326141633E-02
 0.33011427828210E-02
 0.31937556896177E-02
 0.30919787411404E-02
 0.29954495962299E-02
 0.29038332824679E-02
 0.28168197825226E-02
 0.27341225013132E-02
 0.26554749262553E-02
 0.25806307497702E-02
 0.25093607520554E-02
 0.24414521384253E-02
 0.23767070138171E-02
 0.23149412634157E-02
 0.22559830367629E-02
 0.21996727898927E-02
 0.21458610325446E-02
 0.20944086063639E-02
 0.20451855532881E-02
 0.19980699340550E-02
 0.19529482226393E-02
 0.19097139081538E-02
 0.18682669888990E-02
 0.18285139373840E-02
 0.17903671762240E-02
 0.17537443617113E-02
 0.17185678434318E-02
 0.16847651270916E-02
 0.16522678944114E-02
 0.16210118230079E-02
 0.15909362300651E-02
 0.15619840959328E-02
 0.15341017230041E-02
 0.15072384464045E-02
 0.14813463629324E-02
 0.14563803638938E-02
 0.14322977379856E-02
 0.14090582346980E-02
 0.13866237181083E-02
 0.13649581316041E-02
 0.13440273603658E-02
 0.13237991082037E-02
 0.13042427592641E-02
 0.12853292986278E-02
 0.12670312162979E-02
 0.12493224180711E-02
 0.12321781317842E-02
 0.12155748560375E-02
 0.11994902455264E-02
 0.11839030731846E-02
 0.11687931572358E-02
 0.11541412999039E-02
 0.11399292022705E-02
 0.11261395221626E-02
 0.11127556963649E-02
 0.10997619346982E-02
 0.10871431843592E-02
 0.10748851304376E-02
 0.10629741309943E-02
 0.10513970803988E-02
 0.10401415812882E-02
 0.10291957208444E-02
 0.10185481425728E-02
 0.10081880109036E-02
 0.99810494055023E-03
 0.98828904943408E-03
 0.97873079783408E-03
 0.96942115154588E-03
 0.96035142052246E-03
 0.95151324225989E-03
 0.94289873098440E-03
 0.93450020417725E-03
 0.92631034849725E-03
 0.91832216992785E-03
 0.91052893299621E-03
 0.90292418761319E-03
 0.89550175081384E-03
 0.88825568059209E-03
 0.88118027409246E-03
 0.87427005028181E-03
 0.86751974994585E-03
 0.86092432070361E-03
 0.85447890189775E-03
 0.84817881987521E-03
 0.84201958002598E-03
 0.83599685960632E-03
 0.83010649926869E-03
 0.82434449483645E-03
 0.81870699185882E-03
 0.81319027860792E-03
 0.80779077967050E-03
 0.80250505012804E-03
 0.79732976970922E-03
 0.79226173840249E-03
 0.78729787066537E-03
 0.78243519048492E-03
 0.77767082737028E-03
 0.77300200849083E-03
 0.76842606341672E-03
 0.76394041246521E-03
 0.75954256415055E-03
 0.75523011253600E-03
 0.75100073304688E-03
 0.74685218014985E-03
 0.74278228872995E-03
 0.73878895050930E-03
 0.73487014275372E-03
 0.73102390437309E-03
 0.72724833805192E-03
 0.72354160934395E-03
 0.71990194518389E-03
 0.71632762424220E-03
 0.71281698249018E-03
 0.70936843403937E-03
