 0.10000000133514E-09
 0.10000000133514E-09
 0.10000000133514E-09
 0.10000000133514E-09
 0.10000000133514E-09
 0.10000000133514E-09
 0.10000000133514E-09
 0.10000000133514E-09
 0.10000000133514E-09
 0.10000000133514E-09
 0.10000000133514E-09
 0.10000000133514E-09
 0.10000000133514E-09
 0.10000000133514E-09
 0.10000000133514E-09
 0.10000000133514E-09
 0.84013086689228E-03
 0.84013086689228E-03
 0.17260770049708E-02
 0.23386591391559E-02
 0.30745774195173E-02
 0.39388207435623E-02
 0.49344420958220E-02
 0.60626944706481E-02
 0.73232745735264E-02
 0.87146803917058E-02
 0.10234390853302E-01
 0.11879109416530E-01
 0.13644982638168E-01
 0.15527795007190E-01
 0.17523096486843E-01
 0.19626345387063E-01
 0.21833101451182E-01
 0.24138963913242E-01
 0.26539749471117E-01
 0.29031489608891E-01
 0.31610530830756E-01
 0.34273476545343E-01
 0.37017262386326E-01
 0.39839158414426E-01
 0.42736737436087E-01
 0.45707900688150E-01
 0.48750863431958E-01
 0.51864111020973E-01
 0.55046426133077E-01
 0.58296848529255E-01
 0.61614650397054E-01
 0.64999330620666E-01
 0.68450578163234E-01
 0.71968279455526E-01
 0.75552489033329E-01
 0.79203396283452E-01
 0.82921323223373E-01
 0.86706703610972E-01
 0.90560088136490E-01
 0.94482095712976E-01
 0.98473429920633E-01
 0.10253486278303E+00
 0.10666718467498E+00
 0.11087127807366E+00
 0.11514806567439E+00
 0.11950853763315E+00
 0.12393493551785E+00
 0.12843709525075E+00
 0.13301605687060E+00
 0.13767287428237E+00
 0.14240862792067E+00
 0.14722436747661E+00
 0.15212121202143E+00
 0.15710025368860E+00
 0.16216262759119E+00
 0.16730946671316E+00
 0.17254189473341E+00
 0.17786110306377E+00
 0.18326822398299E+00
 0.18876443215465E+00
 0.19435089431481E+00
 0.20002876824596E+00
 0.20579928219347E+00
 0.21166365293917E+00
 0.21762306225637E+00
 0.22367867662335E+00
 0.22983171741286E+00
 0.23608342059819E+00
 0.24243487141222E+00
 0.24888728070196E+00
 0.25544180766693E+00
 0.26209956004428E+00
 0.26886169285346E+00
 0.27573280095229E+00
 0.28270723588986E+00
 0.28978903994935E+00
 0.29697918846344E+00
 0.30427852373916E+00
 0.31168759472014E+00
 0.31920719912090E+00
 0.32683786077911E+00
 0.33457994637737E+00
 0.34243352760464E+00
 0.35039867653664E+00
 0.35847524157608E+00
 0.36666287905231E+00
 0.37496088724543E+00
 0.38336823454844E+00
 0.39188390555937E+00
 0.40050619204038E+00
 0.40923342900835E+00
 0.41806292782591E+00
 0.42699219517085E+00
 0.43601999117340E+00
 0.44513901902115E+00
 0.45434686978856E+00
 0.46363875579941E+00
 0.47300944067064E+00
 0.48245294850258E+00
 0.49196287585482E+00
 0.50153204821702E+00
 0.51115258344326E+00
 0.52081623249946E+00
 0.53051382166010E+00
 0.54023564807914E+00
 0.54997133201435E+00
 0.55970992280442E+00
 0.56943989301379E+00
 0.57914911624333E+00
 0.58882500838235E+00
 0.59845457145419E+00
 0.60802427616060E+00
 0.61752041119431E+00
 0.62692984442512E+00
 0.63623630478273E+00
 0.64542701924511E+00
 0.65448764241851E+00
 0.66340408793095E+00
 0.67216262762573E+00
 0.68074999348569E+00
 0.68915411849530E+00
 0.69736348542640E+00
 0.70536804800496E+00
 0.71315904314926E+00
 0.72073089962936E+00
 0.72807857756771E+00
 0.73520039445125E+00
 0.74209551813639E+00
 0.74876695484184E+00
 0.75521922506892E+00
 0.76145933114773E+00
 0.76749521477775E+00
 0.77333597149095E+00
 0.77899235360228E+00
 0.78447513184138E+00
 0.78979569416844E+00
 0.79496513417435E+00
 0.79999422557215E+00
 0.80489316147060E+00
 0.80967132092889E+00
 0.81433753346151E+00
 0.81890031289255E+00
 0.82336643847776E+00
 0.82774215144132E+00
 0.83203328841458E+00
 0.83624494562095E+00
 0.84038164192743E+00
 0.84444725468700E+00
 0.84844522877022E+00
 0.85237859150388E+00
 0.85624992656428E+00
 0.86006156424096E+00
 0.86381557139095E+00
 0.86751373096952E+00
 0.87115762510662E+00
 0.87474865302711E+00
 0.87828807038611E+00
 0.88177701778368E+00
 0.88521648676859E+00
 0.88860745534696E+00
 0.89195068321379E+00
 0.89524703181475E+00
 0.89849717724390E+00
 0.90170187118949E+00
 0.90486167175310E+00
 0.90797728033074E+00
 0.91104924020810E+00
 0.91407812306026E+00
 0.91706449435239E+00
 0.92000888243717E+00
 0.92291181246603E+00
 0.92577378617652E+00
 0.92859532317326E+00
 0.93137694082936E+00
 0.93411912563607E+00
 0.93682237661392E+00
 0.93948715233025E+00
 0.94211397214656E+00
 0.94470330666373E+00
 0.94725565737605E+00
 0.94977148223153E+00
 0.95225127228286E+00
 0.95469548650572E+00
 0.95710464222844E+00
 0.95947915573159E+00
 0.96181955886077E+00
 0.96412624923323E+00
 0.96639977132783E+00
 0.96864054646405E+00
 0.97084903861749E+00
 0.97302572300876E+00
 0.97517105448732E+00
 0.97728546476996E+00
 0.97936942517096E+00
 0.98142338568004E+00
 0.98344778443327E+00
 0.98544304840594E+00
 0.98740962496172E+00
 0.98934794166847E+00
 0.99125843224559E+00
 0.99314150651251E+00
 0.99499758742425E+00
 0.99682708794877E+00
 0.99863042022752E+00
 0.10004079848589E+01
 0.10021601809662E+01
 0.10038874007826E+01
 0.10055900343538E+01
 0.10072684639809E+01
 0.10089230698579E+01
 0.10105542238023E+01
 0.10121622950138E+01
 0.10137476490626E+01
 0.10153106380105E+01
 0.10168516172616E+01
 0.10183709312431E+01
 0.10198689266089E+01
 0.10213459380106E+01
 0.10228022972016E+01
 0.10242383316285E+01
 0.10256543617998E+01
 0.10270507060909E+01
 0.10284276758790E+01
 0.10297855776819E+01
 0.10311247109848E+01
 0.10324453750441E+01
 0.10337478650970E+01
 0.10350324628050E+01
 0.10362994518134E+01
 0.10375491044100E+01
 0.10387817013375E+01
 0.10399975048223E+01
 0.10411967833612E+01
 0.10423797945149E+01
 0.10435467935838E+01
 0.10446980304665E+01
 0.10458337530211E+01
 0.10469542037577E+01
 0.10480596200832E+01
 0.10491502338818E+01
 0.10502262777836E+01
 0.10512879766170E+01
 0.10523355537253E+01
 0.10533692258040E+01
 0.10543892083460E+01
 0.10553957110297E+01
 0.10563889415965E+01
 0.10573691040217E+01
 0.10583363979874E+01
 0.10592910198273E+01
 0.10602331626416E+01
 0.10611630163041E+01
 0.10620807671490E+01
 0.10629865983233E+01
 0.10638806900226E+01
 0.10647632191147E+01
 0.10656343592559E+01
 0.10664942812059E+01
 0.10673431528399E+01
 0.10681811390021E+01
 0.10690084018220E+01
 0.10698251005894E+01
 0.10706313919053E+01
 0.10714274295901E+01
 0.10722133648441E+01
 0.10729893462440E+01
 0.10737555198193E+01
 0.10745120290414E+01
 0.10752590150523E+01
 0.10759966164745E+01
 0.10767249696365E+01
 0.10774442084448E+01
 0.10781544646545E+01
 0.10788558677265E+01
 0.10795485449630E+01
 0.10802326214322E+01
 0.10809082201717E+01
 0.10815754621314E+01
 0.10822344662156E+01
 0.10828853493675E+01
 0.10835282264556E+01
 0.10841632105470E+01
 0.10847904127604E+01
 0.10854099423887E+01
