 0.30153585469249E+03
 0.30153585466417E+03
 0.30153585435853E+03
 0.30153585308203E+03
 0.30153584967836E+03
 0.30153584259452E+03
 0.30153582980188E+03
 0.30153580813280E+03
 0.30153577138861E+03
 0.30153570664199E+03
 0.30153558953299E+03
 0.30153537940676E+03
 0.30153501551633E+03
 0.30153441477403E+03
 0.30153347149243E+03
 0.30153205878734E+03
 0.30153003079374E+03
 0.30152722603765E+03
 0.30152347089957E+03
 0.30151858280693E+03
 0.30151237325353E+03
 0.30150465025300E+03
 0.30149522235605E+03
 0.30148389820128E+03
 0.30147048869864E+03
 0.30145480897772E+03
 0.30143667835118E+03
 0.30141592078673E+03
 0.30139236539368E+03
 0.30136584616854E+03
 0.30133620209723E+03
 0.30130327689551E+03
 0.30126691906712E+03
 0.30122698126117E+03
 0.30118332003082E+03
 0.30113579607352E+03
 0.30108427361581E+03
 0.30102862033934E+03
 0.30096870698415E+03
 0.30090440727525E+03
 0.30083559781161E+03
 0.30076215798244E+03
 0.30068396947872E+03
 0.30060091634009E+03
 0.30051288454034E+03
 0.30041976177963E+03
 0.30032143717010E+03
 0.30021780080200E+03
 0.30010874332698E+03
 0.29999415578532E+03
 0.29987392873518E+03
 0.29974795190614E+03
 0.29961611361502E+03
 0.29947830002597E+03
 0.29933439459262E+03
 0.29918427732963E+03
 0.29902782416847E+03
 0.29886490599831E+03
 0.29869538818247E+03
 0.29851912951831E+03
 0.29833598145615E+03
 0.29814576403499E+03
 0.29794835316528E+03
 0.29774355414121E+03
 0.29753118062494E+03
 0.29731103461909E+03
 0.29708290553229E+03
 0.29684656947278E+03
 0.29660178806622E+03
 0.29634830769071E+03
 0.29608585834656E+03
 0.29581415252350E+03
 0.29553288507907E+03
 0.29524173087336E+03
 0.29494034495210E+03
 0.29462836038659E+03
 0.29430538776866E+03
 0.29397101406752E+03
 0.29362480095489E+03
 0.29326628348635E+03
 0.29289496929450E+03
 0.29251033693785E+03
 0.29211183406483E+03
 0.29169887566827E+03
 0.29127084450076E+03
 0.29082708605804E+03
 0.29036690857286E+03
 0.28988958097755E+03
 0.28939433006522E+03
 0.28888028587059E+03
 0.28834668248934E+03
 0.28779256475974E+03
 0.28721696969825E+03
 0.28661887926349E+03
 0.28599722557731E+03
 0.28535086671212E+03
 0.28467860816033E+03
 0.28397918616013E+03
 0.28325126978856E+03
 0.28249345037802E+03
 0.28170424192983E+03
 0.28088207625112E+03
 0.28002530162799E+03
 0.27913217843375E+03
 0.27820086056555E+03
 0.27722941550730E+03
 0.27621579262320E+03
 0.27515785673292E+03
 0.27405333136173E+03
 0.27289974850944E+03
 0.27169476232986E+03
 0.27043566281905E+03
 0.26911968790877E+03
 0.26774393510475E+03
 0.26630536906489E+03
 0.26480080494872E+03
 0.26322691404070E+03
 0.26158024762162E+03
 0.25985717186318E+03
 0.25805394710419E+03
 0.25616669272839E+03
 0.25419140047908E+03
 0.25212394876125E+03
 0.24996013010548E+03
 0.24769567478849E+03
 0.24532629949956E+03
 0.24284772941139E+03
 0.24025579776281E+03
 0.23754653583925E+03
 0.23471607923305E+03
 0.23176146684693E+03
 0.22867992103419E+03
 0.22546949949102E+03
 0.22212934928144E+03
 0.21865988146694E+03
 0.21506304522082E+03
 0.21134259048379E+03
 0.20750428241943E+03
 0.20355613682197E+03
 0.19950846641268E+03
 0.19537354843020E+03
 0.19116611564687E+03
 0.18690270574638E+03
 0.18260100780236E+03
 0.17827976919696E+03
 0.17395807501003E+03
 0.16965476514171E+03
 0.16538796349088E+03
 0.16117454385695E+03
 0.15702970642533E+03
 0.15296678176863E+03
 0.14899703314031E+03
 0.14512965308517E+03
 0.14137177120081E+03
 0.13772850935692E+03
 0.13420334067790E+03
 0.13079808925594E+03
 0.12751318291576E+03
 0.12434795962167E+03
 0.12130078665570E+03
 0.11836923861515E+03
 0.11555030988774E+03
 0.11284055114063E+03
 0.11023621735288E+03
 0.10773336284196E+03
 0.10532793654026E+03
 0.10301588106562E+03
 0.10079310580860E+03
 0.98655657406947E+02
 0.96599664925126E+02
 0.94621385215062E+02
 0.92717221686386E+02
 0.90883731404073E+02
 0.89117626390358E+02
 0.87415784012490E+02
 0.85775226870256E+02
 0.84193149090895E+02
 0.82666872474057E+02
 0.81193871618120E+02
 0.79771751051827E+02
 0.78398249358664E+02
 0.77071217698898E+02
 0.75788626616391E+02
 0.74548553292068E+02
 0.73349175457079E+02
 0.72188766249362E+02
 0.71065688162817E+02
 0.69978389010096E+02
 0.68925394057079E+02
 0.67905301929807E+02
 0.66916782393448E+02
 0.65958571812427E+02
 0.65029466133623E+02
 0.64128322431025E+02
 0.63254048633560E+02
 0.62405607791668E+02
 0.61582011467631E+02
 0.60782316303221E+02
 0.60005621267297E+02
 0.59251070071364E+02
 0.58517840339889E+02
 0.57805152658657E+02
 0.57112256620761E+02
 0.56438439007665E+02
 0.55783015934610E+02
 0.55145332999908E+02
 0.54524765891819E+02
 0.53920715556030E+02
 0.53332608079707E+02
 0.52759894145165E+02
 0.52202048307779E+02
 0.51658566160089E+02
 0.51128962812101E+02
 0.50612775434264E+02
 0.50109559300193E+02
 0.49618887019489E+02
 0.49140348266121E+02
 0.48673549019377E+02
 0.48218111789806E+02
 0.47773673271139E+02
 0.47339883918658E+02
 0.46916408156653E+02
 0.46502923000013E+02
 0.46099118119394E+02
 0.45704694694863E+02
 0.45319365125755E+02
 0.44942852687321E+02
 0.44574891000994E+02
 0.44215223204137E+02
 0.43863602217239E+02
 0.43519789674092E+02
 0.43183556031539E+02
 0.42854679782317E+02
 0.42532947638734E+02
 0.42218153646944E+02
 0.41910099193948E+02
 0.41608592602486E+02
 0.41313448887752E+02
 0.41024489435796E+02
 0.40741542044574E+02
 0.40464439927899E+02
 0.40193022185622E+02
 0.39927133411938E+02
 0.39666623454017E+02
 0.39411347272412E+02
 0.39161163830588E+02
 0.38915938376078E+02
 0.38675538501660E+02
 0.38439838138979E+02
 0.38208713831559E+02
 0.37982046467202E+02
 0.37759721143744E+02
 0.37541626592375E+02
 0.37327654436177E+02
 0.37117700475272E+02
 0.36911662718842E+02
 0.36709443604653E+02
 0.36510948033209E+02
 0.36316083653164E+02
 0.36124761043515E+02
 0.35936893576698E+02
 0.35752397185258E+02
 0.35571190366833E+02
 0.35393194029939E+02
 0.35218331438923E+02
 0.35046528076598E+02
 0.34877711686701E+02
 0.34711812132294E+02
 0.34548761273717E+02
 0.34388492948502E+02
 0.34230942888501E+02
 0.34076048671429E+02
 0.33923749656896E+02
 0.33773986905682E+02
 0.33626703146933E+02
 0.33481842708626E+02
 0.33339351468157E+02
 0.33199176802004E+02
 0.33061267531795E+02
 0.32925573889467E+02
 0.32792047456731E+02
 0.32660641127833E+02
 0.32531309073497E+02
 0.32404006630870E+02
 0.32278690434015E+02
 0.32155318235259E+02
 0.32033848893355E+02
 0.31914242335532E+02
 0.31796459557655E+02
 0.31680462565204E+02
 0.31566214360778E+02
 0.31453678844667E+02
 0.31342820904054E+02
 0.31233606297376E+02
 0.31126001659477E+02
 0.31019974498799E+02
 0.30915493067414E+02
 0.30812526452306E+02
 0.30711044501046E+02
 0.30611017845303E+02
