 0.11659464153023E+03
 0.11659464153029E+03
 0.11659464153127E+03
 0.11659464153559E+03
 0.11659464154330E+03
 0.11659464154511E+03
 0.11659464152708E+03
 0.11659464152745E+03
 0.11659464181129E+03
 0.11659464320980E+03
 0.11659464758066E+03
 0.11659465829063E+03
 0.11659468062343E+03
 0.11659472206008E+03
 0.11659479237570E+03
 0.11659490356586E+03
 0.11659506971841E+03
 0.11659530663646E+03
 0.11659563145177E+03
 0.11659606214508E+03
 0.11659661797620E+03
 0.11659731844473E+03
 0.11659818281578E+03
 0.11659923045021E+03
 0.11660048069698E+03
 0.11660195239680E+03
 0.11660366419446E+03
 0.11660563467780E+03
 0.11660788243344E+03
 0.11661042640672E+03
 0.11661328622975E+03
 0.11661648263793E+03
 0.11662003754375E+03
 0.11662397484398E+03
 0.11662832083301E+03
 0.11663310422098E+03
 0.11663835684597E+03
 0.11664411399977E+03
 0.11665041483944E+03
 0.11665730298729E+03
 0.11666482635147E+03
 0.11667303767108E+03
 0.11668199476665E+03
 0.11669176079059E+03
 0.11670240446637E+03
 0.11671400028971E+03
 0.11672662872962E+03
 0.11674037641512E+03
 0.11675533633425E+03
 0.11677160788072E+03
 0.11678929714837E+03
 0.11680851702352E+03
 0.11682938734804E+03
 0.11685203507226E+03
 0.11687659442296E+03
 0.11690320702227E+03
 0.11693202207666E+03
 0.11696319653394E+03
 0.11699689519225E+03
 0.11703329097469E+03
 0.11707256507548E+03
 0.11711493285306E+03
 0.11716054658168E+03
 0.11720963476209E+03
 0.11726241384495E+03
 0.11731910966065E+03
 0.11737995767626E+03
 0.11744520321541E+03
 0.11751510203427E+03
 0.11758992036250E+03
 0.11766993547192E+03
 0.11775543615060E+03
 0.11784672259325E+03
 0.11794410774790E+03
 0.11804791695786E+03
 0.11815848933851E+03
 0.11827617787151E+03
 0.11840135003845E+03
 0.11853438902606E+03
 0.11867569440868E+03
 0.11882568258811E+03
 0.11898478789987E+03
 0.11915346397994E+03
 0.11933218497022E+03
 0.11952144500923E+03
 0.11972176210692E+03
 0.11993367816653E+03
 0.12015776017146E+03
 0.12039460302323E+03
 0.12064487648860E+03
 0.12090914959169E+03
 0.12118814757433E+03
 0.12148259236685E+03
 0.12179324354000E+03
 0.12212089713924E+03
 0.12246639470454E+03
 0.12283062243344E+03
 0.12321451366790E+03
 0.12361905022488E+03
 0.12404527135196E+03
 0.12449427332366E+03
 0.12496721559372E+03
 0.12546532053207E+03
 0.12598987922822E+03
 0.12654226424507E+03
 0.12712391882011E+03
 0.12773637815122E+03
 0.12838125294988E+03
 0.12906026650980E+03
 0.12977530080668E+03
 0.13052815172320E+03
 0.13132091477987E+03
 0.13215574163130E+03
 0.13303491491420E+03
 0.13396084590786E+03
 0.13493609120874E+03
 0.13596335831152E+03
 0.13704549220099E+03
 0.13818553389254E+03
 0.13938667144725E+03
 0.14065227622834E+03
 0.14198591085975E+03
 0.14339133283105E+03
 0.14487249133997E+03
 0.14643354248879E+03
 0.14807883015714E+03
 0.14981291287026E+03
 0.15164052196673E+03
 0.15356655217828E+03
 0.15559617746576E+03
 0.15773431036321E+03
 0.15998623421312E+03
 0.16235716038587E+03
 0.16485213611757E+03
 0.16747597956066E+03
 0.17023312761587E+03
 0.17312749672925E+03
 0.17616230532353E+03
 0.17933983069833E+03
 0.18266130438537E+03
 0.18612697718010E+03
 0.18973547767204E+03
 0.19348405772816E+03
 0.19736866999040E+03
 0.20138377305979E+03
 0.20552248916128E+03
 0.20977674104725E+03
 0.21413736660542E+03
 0.21859433474473E+03
 0.22313708011156E+03
 0.22775460474774E+03
 0.23243575350420E+03
 0.23716937726690E+03
 0.24194458798524E+03
 0.24675090126518E+03
 0.25157824255654E+03
 0.25641723217733E+03
 0.26125924348028E+03
 0.26609623411864E+03
 0.27092097276432E+03
 0.27572700363544E+03
 0.28050862867638E+03
 0.28526086802997E+03
 0.28997937736445E+03
 0.29466043059202E+03
 0.29930084205476E+03
 0.30389791385556E+03
 0.30844940349880E+03
 0.31295342658186E+03
 0.31740841711949E+03
 0.32181308431940E+03
 0.32616636313592E+03
 0.33046739168226E+03
 0.33471546775113E+03
 0.33891001691858E+03
 0.34305059259537E+03
 0.34713681127195E+03
 0.35116843587393E+03
 0.35514521271595E+03
 0.35906701914980E+03
 0.36293374397432E+03
 0.36674534485968E+03
 0.37050179282098E+03
 0.37420312446835E+03
 0.37784940152772E+03
 0.38144070680525E+03
 0.38497715196126E+03
 0.38845889363756E+03
 0.39188611848209E+03
 0.39525903792944E+03
 0.39857788140727E+03
 0.40184291563906E+03
 0.40505442659320E+03
 0.40821271055596E+03
 0.41131813358761E+03
 0.41437103445080E+03
 0.41737181217211E+03
 0.42032087173693E+03
 0.42321862749865E+03
 0.42606553841529E+03
 0.42886207772944E+03
 0.43160871981896E+03
 0.43430597821935E+03
 0.43695438082582E+03
 0.43955443979674E+03
 0.44210673885868E+03
 0.44461182240923E+03
 0.44707026245918E+03
 0.44948266925234E+03
 0.45184964258846E+03
 0.45417177437912E+03
 0.45644967793974E+03
 0.45868401117200E+03
 0.46087538639792E+03
 0.46302443560222E+03
 0.46513179972169E+03
 0.46719814252544E+03
 0.46922410820890E+03
 0.47121034327353E+03
 0.47315749478033E+03
 0.47506622554887E+03
 0.47693718132668E+03
 0.47877102319427E+03
 0.48056839334137E+03
 0.48232994400037E+03
 0.48405632134563E+03
 0.48574816707174E+03
 0.48740611834745E+03
 0.48903080956980E+03
 0.49062287228267E+03
 0.49218293062606E+03
 0.49371160357446E+03
 0.49520950415154E+03
 0.49667723691877E+03
 0.49811540249972E+03
 0.49952459327173E+03
 0.50090539460871E+03
 0.50225838515403E+03
 0.50358414266717E+03
 0.50488322124900E+03
 0.50615617436633E+03
 0.50740355332516E+03
 0.50862590141408E+03
 0.50982374551094E+03
 0.51099760076037E+03
 0.51214799111154E+03
 0.51327541704658E+03
 0.51438037252425E+03
 0.51546335218253E+03
 0.51652482980021E+03
 0.51756527760177E+03
 0.51858515006955E+03
 0.51958491695091E+03
 0.52056501039797E+03
 0.52152586981990E+03
 0.52246793073052E+03
 0.52339159483835E+03
 0.52429728768932E+03
 0.52518541140192E+03
 0.52605635561546E+03
 0.52691051039236E+03
 0.52774825447283E+03
 0.52856995696902E+03
 0.52937598132485E+03
 0.53016668264309E+03
 0.53094240925108E+03
 0.53170350062056E+03
 0.53245028844333E+03
 0.53318309818536E+03
 0.53390224829759E+03
 0.53460805004446E+03
 0.53530080748565E+03
 0.53598081784966E+03
 0.53664837182126E+03
 0.53730375338953E+03
 0.53794724002008E+03
 0.53857910287189E+03
 0.53919960690419E+03
 0.53980901105172E+03
 0.54040756810653E+03
 0.54099552498599E+03
 0.54157312293257E+03
 0.54214059748133E+03
 0.54269817921694E+03
 0.54324609220458E+03
 0.54378455559459E+03
 0.54431378351298E+03
 0.54483398482042E+03
 0.54534536376047E+03
 0.54584811951579E+03
 0.54634244475732E+03
 0.54682853293421E+03
 0.54730656749332E+03
 0.54777672920920E+03
 0.54823919476862E+03
 0.54869413652976E+03
 0.54914172119319E+03
 0.54958211397201E+03
 0.55001547513445E+03
 0.55044195123241E+03
