 0.00000000000000E+00
 0.00000000000000E+00
 0.00000000000000E+00
 0.00000000000000E+00
 0.00000000000000E+00
 0.14931653961013E-31
 0.19592655148388E-28
 0.42715235960038E-26
 0.28145483636746E-24
 0.80254733449338E-23
 0.12444514222343E-21
 0.12219986456160E-20
 0.84438202542825E-20
 0.44268065820780E-19
 0.18608520157374E-18
 0.65372240391522E-18
 0.19982082892160E-14
 0.53567264037103E-14
 0.64991229326976E-13
 0.28110098644888E-12
 0.10420455608608E-11
 0.34264046666330E-11
 0.10153823571588E-10
 0.27479483537069E-10
 0.68674639843323E-10
 0.15998445102334E-09
 0.35020921169242E-09
 0.72530453175194E-09
 0.14296148740197E-08
 0.26955190239220E-08
 0.48833606091222E-08
 0.85335963613430E-08
 0.14433234330900E-07
 0.23698066532188E-07
 0.37873036381658E-07
 0.59051828550993E-07
 0.90018052397716E-07
 0.13440823077245E-06
 0.19689925509878E-06
 0.28342096251017E-06
 0.40139389145093E-06
 0.55999568621156E-06
 0.77045457785146E-06
 0.10463706218181E-05
 0.14040691118326E-05
 0.18629823481570E-05
 0.24460612235472E-05
 0.31802198894790E-05
 0.40968106166618E-05
 0.52321331042081E-05
 0.66279749402462E-05
 0.83321814021102E-05
 0.10399263362262E-04
 0.12891037084949E-04
 0.15877304414052E-04
 0.19436545655508E-04
 0.23656679153567E-04
 0.28635834755729E-04
 0.34483149251215E-04
 0.41319652715970E-04
 0.49279147101277E-04
 0.58523221097578E-04
 0.69189191496371E-04
 0.81466404025112E-04
 0.95549599867042E-04
 0.11165140260551E-03
 0.13000349331602E-03
 0.15085774154688E-03
 0.17448760960649E-03
 0.20118939262178E-03
 0.23128367045525E-03
 0.26511680374818E-03
 0.30306236481518E-03
 0.34552309420372E-03
 0.39293215490225E-03
 0.44575544154381E-03
 0.50449325268764E-03
 0.56968234560916E-03
 0.64189855683848E-03
 0.72175883865253E-03
 0.80992357323566E-03
 0.90709960014380E-03
 0.10140431723111E-02
 0.11315629768281E-02
 0.12605226709504E-02
 0.14018459270399E-02
 0.15565193947747E-02
 0.17255967460659E-02
 0.19102040419598E-02
 0.21115911451751E-02
 0.23309566789502E-02
 0.25697097987649E-02
 0.28293160843959E-02
 0.31113406230429E-02
 0.34174524262083E-02
 0.37494406665506E-02
 0.41092141177536E-02
 0.44988135878840E-02
 0.49204179534076E-02
 0.53763611392239E-02
 0.58691391930879E-02
 0.64014233044681E-02
 0.69760693689308E-02
 0.75961331775401E-02
 0.82648956534124E-02
 0.89858597616042E-02
 0.97627908607823E-02
 0.10599700607395E-01
 0.11500912059068E-01
 0.12471153312815E-01
 0.13515190747157E-01
 0.14638429026141E-01
 0.15846561783274E-01
 0.17145700506249E-01
 0.18542390089915E-01
 0.20043657716110E-01
 0.21657031611053E-01
 0.23390561652246E-01
 0.25252911580457E-01
 0.27253324713353E-01
 0.29401698141518E-01
 0.31708617038288E-01
 0.34185388694810E-01
 0.36844055585751E-01
 0.39697430995761E-01
 0.42759089053746E-01
 0.46043394392065E-01
 0.49565411350853E-01
 0.53340847072419E-01
 0.57386251561713E-01
 0.61717746962580E-01
 0.66352205928842E-01
 0.71306241059110E-01
 0.76595626443502E-01
 0.82234849656732E-01
 0.88236407361880E-01
 0.94609939711369E-01
 0.10136140648700E+00
 0.10849198464969E+00
 0.11599718864677E+00
 0.12386688376673E+00
 0.13208328409317E+00
 0.14062146101978E+00
 0.14945021473801E+00
 0.15853157362541E+00
 0.16782220759630E+00
 0.17727471265651E+00
 0.18683898156860E+00
 0.19646393932457E+00
 0.20609923147613E+00
 0.21569652845281E+00
 0.22521083499324E+00
 0.23460133008193E+00
 0.24383203818723E+00
 0.25287240710801E+00
 0.26169679191722E+00
 0.27028486676096E+00
 0.27862122093149E+00
 0.28669466163738E+00
 0.29449798413252E+00
 0.30202750183537E+00
 0.30928242594985E+00
 0.31626441634109E+00
 0.32297708337557E+00
 0.32942562575433E+00
 0.33561645984990E+00
 0.34155685596042E+00
 0.34725484403176E+00
 0.35271876601862E+00
 0.35795725050272E+00
 0.36297903425138E+00
 0.36779284360679E+00
 0.37240731339535E+00
 0.37683092489300E+00
 0.38107193555103E+00
 0.38513838754420E+00
 0.38903800995964E+00
 0.39277829943783E+00
 0.39636642568599E+00
 0.39980928775019E+00
 0.40311346279323E+00
 0.40628526990608E+00
 0.40933071905163E+00
 0.41225555188394E+00
 0.41506524471462E+00
 0.41776501058164E+00
 0.42035981419309E+00
 0.42285438131011E+00
 0.42525321225815E+00
 0.42756059105294E+00
 0.42978058814696E+00
 0.43191707950550E+00
 0.43397374692627E+00
 0.43595410045106E+00
 0.43786147440363E+00
 0.43969904451446E+00
 0.44146982845207E+00
 0.44317670008749E+00
 0.44482239168606E+00
 0.44640951203449E+00
 0.44794053287413E+00
 0.44941781880393E+00
 0.45084361166254E+00
 0.45222005778009E+00
 0.45354919255205E+00
 0.45483295996204E+00
 0.45607321258030E+00
 0.45727171667640E+00
 0.45843015372176E+00
 0.45955013219299E+00
 0.46063318352757E+00
 0.46168076870448E+00
 0.46269428329233E+00
 0.46367506012352E+00
 0.46462437049539E+00
 0.46554342984001E+00
 0.46643339869273E+00
 0.46729538628573E+00
 0.46813045314200E+00
 0.46893961295765E+00
 0.46972383556860E+00
 0.47048404818921E+00
 0.47122113813584E+00
 0.47193595486977E+00
 0.47262931148551E+00
 0.47330198673677E+00
 0.47395472602117E+00
 0.47458824370646E+00
 0.47520322435923E+00
 0.47580032425354E+00
 0.47638017227765E+00
 0.47694337184574E+00
 0.47749050155588E+00
 0.47802211655992E+00
 0.47853874935451E+00
 0.47904091166421E+00
 0.47952909417307E+00
 0.48000376833721E+00
 0.48046538740498E+00
 0.48091438579816E+00
 0.48135118222201E+00
 0.48177617850445E+00
 0.48218976107076E+00
 0.48259230167190E+00
 0.48298415704237E+00
 0.48336567186361E+00
 0.48373717611655E+00
 0.48409898910900E+00
 0.48445141691851E+00
 0.48479475501990E+00
 0.48512928761468E+00
 0.48545528845273E+00
 0.48577302151398E+00
 0.48608274136250E+00
 0.48638469250131E+00
 0.48667911183449E+00
 0.48696622704791E+00
 0.48724625755689E+00
 0.48751941588951E+00
 0.48778590617372E+00
 0.48804592614293E+00
 0.48829966599406E+00
 0.48854730988209E+00
 0.48878903533147E+00
 0.48902501383387E+00
 0.48925541109519E+00
 0.48948038713817E+00
 0.48970009663322E+00
 0.48991468907888E+00
 0.49012430883364E+00
 0.49032909567604E+00
 0.49052918463351E+00
 0.49072470631266E+00
 0.49091578710355E+00
 0.49110254924881E+00
 0.49128511099494E+00
 0.49146358679306E+00
 0.49163808744886E+00
 0.49180872023258E+00
 0.49197558899885E+00
 0.49213879431632E+00
 0.49229843361136E+00
 0.49245460123541E+00
 0.49260738865327E+00
 0.49275688441229E+00
 0.49290317433602E+00
 0.49304634165013E+00
 0.49318646702027E+00
 0.49332362866504E+00
 0.49345790242326E+00
 0.49358936186077E+00
 0.49371807835389E+00
 0.49384412111874E+00
 0.49396755733091E+00
 0.49408845216705E+00
 0.49420686886154E+00
 0.49432286884064E+00
 0.49443651172481E+00
 0.49454785539382E+00
 0.49465695603230E+00
