 0.00000000000000E+00
 0.00000000000000E+00
 0.00000000000000E+00
 0.00000000000000E+00
 0.00000000000000E+00
 0.33290761742301E-65
 0.75210740758418E-56
 0.77937848338952E-49
 0.22295957600850E-43
 0.51690645144341E-39
 0.19272312438747E-35
 0.18247869073344E-32
 0.60202832043327E-30
 0.86750426760482E-28
 0.64437019528138E-26
 0.27936983799230E-24
 0.77745869175594E-23
 0.14953112406896E-21
 0.21071111021899E-20
 0.22794049882501E-19
 0.19658418732840E-18
 0.13941169231813E-17
 0.83400389641528E-17
 0.42993304691997E-16
 0.19443016117252E-15
 0.78311885915382E-15
 0.28457086812783E-14
 0.94329931498249E-14
 0.28796557160095E-13
 0.81629586675156E-13
 0.21641729170980E-12
 0.54001352522415E-12
 0.12752208541520E-11
 0.28638584619731E-11
 0.61429677385355E-11
 0.12633745435626E-10
 0.24997672352192E-10
 0.47732080579418E-10
 0.88197808614148E-10
 0.15809412288580E-09
 0.27552002174679E-09
 0.46778548759589E-09
 0.77516022984675E-09
 0.12557698521260E-08
 0.19918692755099E-08
 0.30977395692522E-08
 0.47294664545145E-08
 0.70968660111942E-08
 0.10477825144532E-07
 0.15235320885302E-07
 0.21837374934233E-07
 0.30880185570886E-07
 0.43114662495953E-07
 0.59476569358084E-07
 0.81120454422531E-07
 0.10945752613503E-06
 0.14619760354588E-06
 0.19339525014075E-06
 0.25350016893019E-06
 0.32941192906656E-06
 0.42453906580140E-06
 0.54286320131083E-06
 0.68900486403566E-06
 0.86829877674989E-06
 0.10868690531065E-05
 0.13517110968446E-05
 0.16707777498454E-05
 0.20530701814285E-05
 0.25087337237250E-05
 0.30491588040477E-05
 0.36870873115416E-05
 0.44367247386287E-05
 0.53138583237948E-05
 0.63359823081313E-05
 0.75224301005018E-05
 0.88945151016390E-05
 0.10475680238446E-04
 0.12291657768778E-04
 0.14370640774138E-04
 0.16743467523729E-04
 0.19443820125356E-04
 0.22508440144904E-04
 0.25977363331030E-04
 0.29894175891598E-04
 0.34306292704417E-04
 0.39265268812889E-04
 0.44827137781081E-04
 0.51052787802024E-04
 0.58008380386038E-04
 0.65765930291794E-04
 0.74403394384135E-04
 0.84005846144566E-04
 0.94665757831169E-04
 0.10648381780937E-03
 0.11956972177786E-03
 0.13404317118070E-03
 0.15003483132752E-03
 0.16768755625982E-03
 0.18715769887759E-03
 0.20861666063631E-03
 0.23225259427306E-03
 0.25827236734036E-03
 0.28690377092217E-03
 0.31839805545027E-03
 0.35303296805889E-03
 0.39111585966590E-03
 0.43298775967997E-03
 0.47902731351814E-03
 0.52965641456431E-03
 0.58534687826894E-03
 0.64662209911764E-03
 0.71407202594711E-03
 0.78835730063503E-03
 0.87022076233300E-03
 0.96049906909378E-03
 0.10601367404101E-02
 0.11702019485194E-02
 0.12919042090757E-02
 0.14266178501221E-02
 0.15759045954763E-02
 0.17415436958840E-02
 0.19255654190184E-02
 0.21302899831328E-02
 0.23583721614133E-02
 0.26128532184371E-02
 0.28972195041249E-02
 0.32154717763878E-02
 0.35721991844837E-02
 0.39726630417021E-02
 0.44229091329893E-02
 0.49298017670013E-02
 0.55012093487614E-02
 0.61460651559694E-02
 0.68744521681751E-02
 0.76976827278212E-02
 0.86283366022414E-02
 0.96802519726927E-02
 0.10868456213267E-01
 0.12208998012536E-01
 0.13718704320029E-01
 0.15414926573594E-01
 0.17314909653419E-01
 0.19435335162348E-01
 0.21791823790110E-01
 0.24398157234975E-01
 0.27265712639950E-01
 0.30402914150837E-01
 0.33814742445502E-01
 0.37502457667840E-01
 0.41463499659253E-01
 0.45691481467634E-01
 0.50176427130436E-01
 0.54905080961268E-01
 0.59861393149515E-01
 0.65027121553072E-01
 0.70382178348045E-01
 0.75905405116694E-01
 0.81575076381002E-01
 0.87369254415945E-01
 0.93266317737414E-01
 0.99245337330616E-01
 0.10528629238315E+00
 0.11137029688623E+00
 0.11747970700715E+00
 0.12359822864640E+00
 0.12971094537904E+00
 0.13580426234438E+00
 0.14186605172860E+00
 0.14788533901308E+00
 0.15385241847934E+00
 0.15975873471380E+00
 0.16559679686484E+00
 0.17136010398659E+00
 0.17704307440581E+00
 0.18264094566328E+00
 0.18814974739062E+00
 0.19356615493962E+00
 0.19888752434268E+00
 0.20411175067034E+00
 0.20923725433135E+00
 0.21426289911607E+00
 0.21918798415868E+00
 0.22401216207787E+00
 0.22873541509425E+00
 0.23335801704072E+00
 0.23788049660906E+00
 0.24230360705540E+00
 0.24662829372714E+00
 0.25085567641523E+00
 0.25498702404736E+00
 0.25902372678529E+00
 0.26296727787651E+00
 0.26681926582256E+00
 0.27058134317581E+00
 0.27425523350876E+00
 0.27784269631317E+00
 0.28134552695832E+00
 0.28476554887748E+00
 0.28810460534853E+00
 0.29136453679767E+00
 0.29454720044981E+00
 0.29765442977045E+00
 0.30068806632212E+00
 0.30364992407482E+00
 0.30654180443564E+00
 0.30936548733043E+00
 0.31212272165115E+00
 0.31481523336659E+00
 0.31744471962801E+00
 0.32001284481946E+00
 0.32252123771241E+00
 0.32497149569275E+00
 0.32736518533614E+00
 0.32970383079369E+00
 0.33198892273531E+00
 0.33422191771197E+00
 0.33640423629290E+00
 0.33853726299396E+00
 0.34062234342612E+00
 0.34266078960632E+00
 0.34465387951600E+00
 0.34660285492443E+00
 0.34850892425069E+00
 0.35037326114802E+00
 0.35219700693187E+00
 0.35398127050791E+00
 0.35572712857897E+00
 0.35743562651954E+00
 0.35910778024250E+00
 0.36074457482775E+00
 0.36234696726336E+00
 0.36391588569091E+00
 0.36545223140748E+00
 0.36695687800850E+00
 0.36843067377702E+00
 0.36987444144329E+00
 0.37128897921310E+00
 0.37267506134664E+00
 0.37403343899805E+00
 0.37536484001506E+00
 0.37666997180688E+00
 0.37794951992179E+00
 0.37920414918155E+00
 0.38043450438718E+00
 0.38164121074263E+00
 0.38282487709067E+00
 0.38398608936878E+00
 0.38512542201517E+00
 0.38624342653644E+00
 0.38734064227763E+00
 0.38841759151659E+00
 0.38947477994221E+00
 0.39051269838560E+00
 0.39153182499557E+00
 0.39253262170004E+00
 0.39351553983943E+00
 0.39448101403100E+00
 0.39542946778755E+00
 0.39636131280285E+00
 0.39727694854217E+00
 0.39817676272587E+00
 0.39906113207499E+00
 0.39993042239661E+00
 0.40078498910724E+00
 0.40162517748174E+00
 0.40245132312546E+00
 0.40326375195559E+00
 0.40406278068296E+00
 0.40484871723604E+00
 0.40562186090728E+00
 0.40638250266764E+00
 0.40713092538649E+00
 0.40786740409144E+00
 0.40859220627014E+00
 0.40930559204248E+00
 0.41000781442843E+00
 0.41069911956012E+00
 0.41137974689441E+00
 0.41204992943266E+00
 0.41270989388848E+00
 0.41335986092046E+00
 0.41400004530198E+00
 0.41463065608614E+00
 0.41525189695872E+00
 0.41586396597077E+00
 0.41646705606519E+00
 0.41706135517089E+00
 0.41764704636221E+00
 0.41822430792012E+00
 0.41879331354213E+00
 0.41935423243244E+00
 0.41990722960862E+00
 0.42045246573287E+00
 0.42099009745649E+00
 0.42152027745909E+00
 0.42204315450746E+00
 0.42255887382728E+00
 0.42306757692484E+00
 0.42356940181831E+00
 0.42406448302626E+00
