 0.00000000000000E+00
 0.00000000000000E+00
 0.00000000000000E+00
 0.00000000000000E+00
 0.00000000000000E+00
 0.14931653761654E-21
 0.19592654886798E-18
 0.42715235389728E-16
 0.28145483260964E-14
 0.80254732377803E-13
 0.12444514056145E-11
 0.12219986292540E-10
 0.84438201388044E-10
 0.44268065084197E-09
 0.18608519160671E-08
 0.65372210299668E-08
 0.19810362952235E-07
 0.53077506188072E-07
 0.12820228212422E-06
 0.28353523837565E-06
 0.58145477492211E-06
 0.11171185100186E-05
 0.20279402068609E-05
 0.35032039464594E-05
 0.57932023222340E-05
 0.92173318701992E-05
 0.14170678944444E-04
 0.21128759357661E-04
 0.30650216356264E-04
 0.43377417604263E-04
 0.60035008847534E-04
 0.81426577537077E-04
 0.10842964664488E-03
 0.14198926592975E-03
 0.18311048531399E-03
 0.23284999701035E-03
 0.29230723026417E-03
 0.36261514986381E-03
 0.44493099157771E-03
 0.54042712702430E-03
 0.65028222375857E-03
 0.77567283170683E-03
 0.91776550614424E-03
 0.10777095268657E-02
 0.12566302801484E-02
 0.14556233217256E-02
 0.16757491383628E-02
 0.19180286080124E-02
 0.21834391413661E-02
 0.24729114695971E-02
 0.27873270902826E-02
 0.31275162878516E-02
 0.34942567213805E-02
 0.38882725425353E-02
 0.43102339833140E-02
 0.47607573950808E-02
 0.52404056833304E-02
 0.57496891350781E-02
 0.62890665341410E-02
 0.68589466224174E-02
 0.74596898044634E-02
 0.80916130989671E-02
 0.87549811153310E-02
 0.94500240519525E-02
 0.10176930374816E-01
 0.10935851775089E-01
 0.11726905928474E-01
 0.12550179314052E-01
 0.13405730196007E-01
 0.14293591604710E-01
 0.15213774441329E-01
 0.16166270638516E-01
 0.17151056133200E-01
 0.18168094355283E-01
 0.19217339178677E-01
 0.20298738425904E-01
 0.21412237001036E-01
 0.22557780174048E-01
 0.23735317027516E-01
 0.24944803832225E-01
 0.26186207274010E-01
 0.27459507932842E-01
 0.28764703854911E-01
 0.30101814136190E-01
 0.31470881768730E-01
 0.32871978390122E-01
 0.34305207382068E-01
 0.35770707691850E-01
 0.37268658041253E-01
 0.38799302713927E-01
 0.40362872244041E-01
 0.41959706364298E-01
 0.43590183947558E-01
 0.45254745701581E-01
 0.46953895319420E-01
 0.48688214436982E-01
 0.50458356660276E-01
 0.52265059379425E-01
 0.54109147021111E-01
 0.55991540861318E-01
 0.57913263650965E-01
 0.59875447158859E-01
 0.61879338111578E-01
 0.63926306057054E-01
 0.66017859946008E-01
 0.68155643003073E-01
 0.70341457937202E-01
 0.72577253907302E-01
 0.74865168633720E-01
 0.77207570649916E-01
 0.79606865369230E-01
 0.82065816096132E-01
 0.84587354683864E-01
 0.87174648609169E-01
 0.89831106927802E-01
 0.92560403624311E-01
 0.95366486321318E-01
 0.98253571358656E-01
 0.10122620547202E+00
 0.10428922098330E+00
 0.10744777563164E+00
 0.11070735677038E+00
 0.11407378410824E+00
 0.11755320059954E+00
 0.12115206442333E+00
 0.12487711715531E+00
 0.12873537068654E+00
 0.13273402178305E+00
 0.13688036475794E+00
 0.14118186484200E+00
 0.14564539092834E+00
 0.15027783155065E+00
 0.15508543007982E+00
 0.16007344517132E+00
 0.16524585823868E+00
 0.17060495127440E+00
 0.17615085967760E+00
 0.18188114214774E+00
 0.18779030065541E+00
 0.19386948646489E+00
 0.20010663860492E+00
 0.20648572450946E+00
 0.21298728620493E+00
 0.21958909125371E+00
 0.22626620961546E+00
 0.23299190151403E+00
 0.23973843775357E+00
 0.24647785790256E+00
 0.25318286381450E+00
 0.25982761699609E+00
 0.26638826207821E+00
 0.27284344301476E+00
 0.27917454519800E+00
 0.28536588627307E+00
 0.29140480506933E+00
 0.29728130334853E+00
 0.30298812200790E+00
 0.30852044704381E+00
 0.31387551045395E+00
 0.31905241918492E+00
 0.32405188852055E+00
 0.32887591631661E+00
 0.33352755286972E+00
 0.33801065163394E+00
 0.34232969153129E+00
 0.34648960038197E+00
 0.35049557595157E+00
 0.35435308241569E+00
 0.35806758169740E+00
 0.36164457618254E+00
 0.36508951879125E+00
 0.36840776311169E+00
 0.37160453287074E+00
 0.37468490234234E+00
 0.37765376728785E+00
 0.38051585939623E+00
 0.38327570046065E+00
 0.38593765247081E+00
 0.38850587677088E+00
 0.39098435878737E+00
 0.39337689786386E+00
 0.39568713195413E+00
 0.39791852566451E+00
 0.40007438482631E+00
 0.40215786278077E+00
 0.40417196589462E+00
 0.40611956063918E+00
 0.40800337837367E+00
 0.40982602531373E+00
 0.41158998780497E+00
 0.41329763539767E+00
 0.41495122704699E+00
 0.41655292051835E+00
 0.41810477103313E+00
 0.41960874488718E+00
 0.42106671481161E+00
 0.42248046905973E+00
 0.42385171647507E+00
 0.42518209070743E+00
 0.42647314809980E+00
 0.42772638184566E+00
 0.42894321176066E+00
 0.43012500215616E+00
 0.43127305270671E+00
 0.43238860880080E+00
 0.43347286213554E+00
 0.43452695079545E+00
 0.43555196579671E+00
 0.43654895194805E+00
 0.43751890922419E+00
 0.43846279433671E+00
 0.43938152474563E+00
 0.44027598106803E+00
 0.44114700476437E+00
 0.44199540335816E+00
 0.44282195189519E+00
 0.44362739381623E+00
 0.44441244237242E+00
 0.44517778090567E+00
 0.44592406602317E+00
 0.44665192854704E+00
 0.44736197374789E+00
 0.44805478333883E+00
 0.44873091583245E+00
 0.44939090822732E+00
 0.45003527672059E+00
 0.45066451746601E+00
 0.45127910752014E+00
 0.45187950609459E+00
 0.45246615459893E+00
 0.45303947812037E+00
 0.45359988561010E+00
 0.45414777102217E+00
 0.45468351339860E+00
 0.45520747808321E+00
 0.45572001697003E+00
 0.45622146917891E+00
 0.45671216154809E+00
 0.45719240919778E+00
 0.45766251570673E+00
 0.45812277435422E+00
 0.45857346782941E+00
 0.45901486882951E+00
 0.45944724049178E+00
 0.45987083671317E+00
 0.46028590344376E+00
 0.46069267653895E+00
 0.46109138589499E+00
 0.46148225157157E+00
 0.46186548768093E+00
 0.46224130078081E+00
 0.46260989014649E+00
 0.46297144847192E+00
 0.46332616271644E+00
 0.46367421295623E+00
 0.46401577442273E+00
 0.46435101544231E+00
 0.46468009945836E+00
 0.46500318484566E+00
 0.46532042482783E+00
 0.46563196770129E+00
 0.46593795714587E+00
 0.46623853230332E+00
 0.46653382800430E+00
 0.46682397489744E+00
 0.46710909965271E+00
 0.46738932499286E+00
 0.46766476989526E+00
 0.46793554977141E+00
 0.46820177654864E+00
 0.46846355880779E+00
 0.46872100188662E+00
 0.46897420799511E+00
 0.46922327634373E+00
 0.46946830322559E+00
 0.46970938213007E+00
 0.46994660383601E+00
 0.47018005650384E+00
 0.47040982576906E+00
 0.47063599481673E+00
 0.47085864447736E+00
 0.47107785330021E+00
 0.47129369762402E+00
 0.47150625171130E+00
 0.47171558766958E+00
 0.47192177564359E+00
 0.47212488385880E+00
 0.47232497868662E+00
 0.47252212467541E+00
 0.47271638463184E+00
 0.47290781966070E+00
 0.47309648927815E+00
 0.47328245136227E+00
 0.47346576227828E+00
 0.47364647689916E+00
 0.47382464863266E+00
 0.47400032955450E+00
 0.47417357035379E+00
 0.47434442041771E+00
 0.47451292783316E+00
