                  NaN
                  NaN
                  NaN
                  NaN
                  NaN
 0.10000000133514E-09
 0.10000000133514E-09
 0.10000000133514E-09
 0.10000000133514E-09
 0.10000000133517E-09
 0.10000000133552E-09
 0.10000000133896E-09
 0.10000000136760E-09
 0.10000000166391E-09
 0.10000000535617E-09
 0.10000004603157E-09
 0.10086681874703E-06
 0.10092272204217E-06
 0.50694284259313E-06
 0.99141464059031E-06
 0.17921351854070E-05
 0.30671809981699E-05
 0.50069639811051E-05
 0.78441004169460E-05
 0.11854348600903E-04
 0.17356915566922E-04
 0.24713650846611E-04
 0.34327833427141E-04
 0.46642896656995E-04
 0.62141067237187E-04
 0.81341882059584E-04
 0.10480111800668E-03
 0.13311151311015E-03
 0.16690040882324E-03
 0.20683160943359E-03
 0.25360459226619E-03
 0.30795698182478E-03
 0.37066358320364E-03
 0.44253886293823E-03
 0.52443881577660E-03
 0.61726105494768E-03
 0.72194830516279E-03
 0.83948957843091E-03
 0.97092082396381E-03
 0.11173287274812E-02
 0.12798519509487E-02
 0.14596822206556E-02
 0.16580669736593E-02
 0.18763108799536E-02
 0.21157785745806E-02
 0.23778963593305E-02
 0.26641528405385E-02
 0.29761016981469E-02
 0.33153635564196E-02
 0.36836293517979E-02
 0.40826582920590E-02
 0.45142839282116E-02
 0.49804144333692E-02
 0.54830313948848E-02
 0.60241980278610E-02
 0.66060584813851E-02
 0.72325777792130E-02
 0.79028373202556E-02
 0.86207615533296E-02
 0.93888428384544E-02
 0.10209666782412E-01
 0.11085915936305E-01
 0.12020365428402E-01
 0.13015897459913E-01
 0.14075496081438E-01
 0.15202254466647E-01
 0.16399379280249E-01
 0.17670186748939E-01
 0.19018125261070E-01
 0.20446751303543E-01
 0.21959760857599E-01
 0.23560978363131E-01
 0.25254361963531E-01
 0.27044027096598E-01
 0.28934235903676E-01
 0.30929395951109E-01
 0.33034080667516E-01
 0.35253037104985E-01
 0.37591188747249E-01
 0.40053617824043E-01
 0.42645620850773E-01
 0.45372685768644E-01
 0.48240497809860E-01
 0.51254972471653E-01
 0.54423430254511E-01
 0.57750019990075E-01
 0.61242320822133E-01
 0.64907183869647E-01
 0.68751698298332E-01
 0.72783150427881E-01
 0.77009204586945E-01
 0.81437731819528E-01
 0.86076886572046E-01
 0.90935049327017E-01
 0.96020953460458E-01
 0.10134360978964E+00
 0.10691232563966E+00
 0.11273665139003E+00
 0.11882640568596E+00
 0.12519181415713E+00
 0.13184322479650E+00
 0.13879142040954E+00
 0.14604714337819E+00
 0.15362166771221E+00
 0.16152759642398E+00
 0.16977418573726E+00
 0.17837425766891E+00
 0.18733960699562E+00
 0.19668218661962E+00
 0.20641391077166E+00
 0.21654678384360E+00
 0.22709268681750E+00
 0.23806322079493E+00
 0.24947009978988E+00
 0.26132446341428E+00
 0.27363710387374E+00
 0.28641833716667E+00
 0.29967787044193E+00
 0.31342452096448E+00
 0.32766615397532E+00
 0.34240932228255E+00
 0.35765923651376E+00
 0.37341904272190E+00
 0.38968954507644E+00
 0.40647041761302E+00
 0.42375351920986E+00
 0.44153023266429E+00
 0.45978684794832E+00
 0.47850301692155E+00
 0.49765150263525E+00
 0.51719722495018E+00
 0.53709609981198E+00
 0.55729475464074E+00
 0.57772943688273E+00
 0.59832617686217E+00
 0.61900437002136E+00
 0.63967271542358E+00
 0.66023406150392E+00
 0.68059034210101E+00
 0.70064184084240E+00
 0.72029202090612E+00
 0.73945052081609E+00
 0.75803556213337E+00
 0.77597644787092E+00
 0.79321526271487E+00
 0.80970733008305E+00
 0.82542146699510E+00
 0.84033925770541E+00
 0.85445405325675E+00
 0.86777020388476E+00
 0.88030020377842E+00
 0.89206423330982E+00
 0.90308834828027E+00
 0.91340245444045E+00
 0.92303949578211E+00
 0.93203438256223E+00
 0.94042284826993E+00
 0.94824074838766E+00
 0.95552338902429E+00
 0.96230515174060E+00
 0.96861914320058E+00
 0.97449691064750E+00
 0.97996845875999E+00
 0.98506199401401E+00
 0.98980400668869E+00
 0.99421926834038E+00
 0.99833087256439E+00
 0.10021603087519E+01
 0.10057275394264E+01
 0.10090510635912E+01
 0.10121480564707E+01
 0.10150343721036E+01
 0.10177247462724E+01
 0.10202327670831E+01
 0.10225710537122E+01
 0.10247512372542E+01
 0.10267841359905E+01
 0.10286797237401E+01
 0.10304472556095E+01
 0.10320953116386E+01
 0.10336318345508E+01
 0.10350641902879E+01
 0.10363992156037E+01
 0.10376432583378E+01
 0.10388022151198E+01
 0.10398815558996E+01
 0.10408863773684E+01
 0.10418214002347E+01
 0.10426910445768E+01
 0.10434994020950E+01
 0.10442503029744E+01
 0.10449473071136E+01
 0.10455937368218E+01
 0.10461926816954E+01
 0.10467470555263E+01
 0.10472595376073E+01
 0.10477326752864E+01
 0.10481688100030E+01
 0.10485701690424E+01
 0.10489388094888E+01
 0.10492766668743E+01
 0.10495855590669E+01
 0.10498671859739E+01
 0.10501231343611E+01
 0.10503549046780E+01
 0.10505639006940E+01
 0.10507514374250E+01
 0.10509187491217E+01
 0.10510670028717E+01
 0.10511972906625E+01
 0.10513106404223E+01
 0.10514080176166E+01
 0.10514903313489E+01
 0.10515584407417E+01
 0.10516131527498E+01
 0.10516552275876E+01
 0.10516853818567E+01
 0.10517042907664E+01
 0.10517125925997E+01
 0.10517108887446E+01
 0.10516997471525E+01
 0.10516797033104E+01
 0.10516512637033E+01
 0.10516149060758E+01
 0.10515710830908E+01
 0.10515202212710E+01
 0.10514627251377E+01
 0.10513989763314E+01
 0.10513293367223E+01
 0.10512541476022E+01
 0.10511737334893E+01
 0.10510884001932E+01
 0.10509984378567E+01
 0.10509041220698E+01
 0.10508057122736E+01
 0.10507034558597E+01
 0.10505975864344E+01
 0.10504883257929E+01
 0.10503758846290E+01
 0.10502604611643E+01
 0.10501422447378E+01
 0.10500214150369E+01
 0.10498981414917E+01
 0.10497725866352E+01
 0.10496449030087E+01
 0.10495152354305E+01
 0.10493837222092E+01
 0.10492504950733E+01
 0.10491156780628E+01
 0.10489793887831E+01
 0.10488417391412E+01
 0.10487028365472E+01
 0.10485627814164E+01
 0.10484216705985E+01
 0.10482795943337E+01
 0.10481366400857E+01
 0.10479928894078E+01
 0.10478484209972E+01
 0.10477033089377E+01
 0.10475576237088E+01
 0.10474114322734E+01
 0.10472647982400E+01
 0.10471177821303E+01
 0.10469704413743E+01
 0.10468228302050E+01
 0.10466750005569E+01
 0.10465270014766E+01
 0.10463788795775E+01
 0.10462306791957E+01
 0.10460824423600E+01
 0.10459342088655E+01
 0.10457860164994E+01
 0.10456379011576E+01
 0.10454898968756E+01
 0.10453420359198E+01
 0.10451943488530E+01
 0.10450468646795E+01
 0.10448996108331E+01
 0.10447526132801E+01
 0.10446058966308E+01
 0.10444594841249E+01
 0.10443133978034E+01
 0.10441676584450E+01
 0.10440222857372E+01
 0.10438772982400E+01
 0.10437327135231E+01
 0.10435885480935E+01
 0.10434448175657E+01
 0.10433015366391E+01
 0.10431587191395E+01
 0.10430163780793E+01
 0.10428745256469E+01
 0.10427331733312E+01
 0.10425923318721E+01
 0.10424520113522E+01
