 0.66407551040663E+01
 0.66407551040663E+01
 0.66407551040678E+01
 0.66407551040850E+01
 0.66407551042092E+01
 0.66407551046101E+01
 0.66407551055032E+01
 0.66407551071860E+01
 0.66407551110340E+01
 0.66407551168371E+01
 0.66407551238145E+01
 0.66407551295198E+01
 0.66407551297093E+01
 0.66407551145469E+01
 0.66407550684577E+01
 0.66407549715120E+01
 0.66407547936297E+01
 0.66407544974916E+01
 0.66407540377246E+01
 0.66407533584314E+01
 0.66407523944628E+01
 0.66407510557723E+01
 0.66407492822630E+01
 0.66407469768089E+01
 0.66407440181099E+01
 0.66407403041748E+01
 0.66407357170375E+01
 0.66407301312839E+01
 0.66407234178852E+01
 0.66407154407682E+01
 0.66407060610728E+01
 0.66406951343551E+01
 0.66406825238527E+01
 0.66406680850472E+01
 0.66406516719221E+01
 0.66406331403900E+01
 0.66406123454697E+01
 0.66405891438363E+01
 0.66405633879975E+01
 0.66405349322398E+01
 0.66405036265419E+01
 0.66404693230564E+01
 0.66404318660832E+01
 0.66403910979804E+01
 0.66403468537709E+01
 0.66402989614879E+01
 0.66402472408526E+01
 0.66401914999398E+01
 0.66401315346480E+01
 0.66400671292662E+01
 0.66399980505662E+01
 0.66399240488672E+01
 0.66398448565313E+01
 0.66397601829914E+01
 0.66396697160876E+01
 0.66395731184453E+01
 0.66394700288874E+01
 0.66393600540266E+01
 0.66392427739239E+01
 0.66391177354852E+01
 0.66389844504914E+01
 0.66388423697291E+01
 0.66386909806455E+01
 0.66385296600941E+01
 0.66383577667455E+01
 0.66381746147543E+01
 0.66379794722124E+01
 0.66377715594851E+01
 0.66375500471665E+01
 0.66373140539566E+01
 0.66370626429239E+01
 0.66367948193268E+01
 0.66365095339466E+01
 0.66362056701632E+01
 0.66358820513948E+01
 0.66355374315354E+01
 0.66351704948132E+01
 0.66347798533108E+01
 0.66343640442148E+01
 0.66339215240876E+01
 0.66334506690680E+01
 0.66329497694322E+01
 0.66324170259430E+01
 0.66318505443981E+01
 0.66312483435136E+01
 0.66306083316105E+01
 0.66299283176149E+01
 0.66292059942496E+01
 0.66284389482981E+01
 0.66276245767079E+01
 0.66267603422482E+01
 0.66258434106173E+01
 0.66248708686611E+01
 0.66238396456321E+01
 0.66227465571030E+01
 0.66215882329883E+01
 0.66203611794003E+01
 0.66190617330361E+01
 0.66176860650840E+01
 0.66162301733885E+01
 0.66146898825511E+01
 0.66130608298830E+01
 0.66113384713346E+01
 0.66095180763158E+01
 0.66075946957331E+01
 0.66055632078052E+01
 0.66034182669950E+01
 0.66011543521382E+01
 0.65987656871913E+01
 0.65962462314154E+01
 0.65935900088524E+01
 0.65907905581616E+01
 0.65878413123556E+01
 0.65847354998304E+01
 0.65814661596338E+01
 0.65780261359976E+01
 0.65744080926428E+01
 0.65706046013155E+01
 0.65666079619839E+01
 0.65624104396086E+01
 0.65580041596421E+01
 0.65533811435632E+01
 0.65485333408667E+01
 0.65434526657782E+01
 0.65381309891025E+01
 0.65325602901062E+01
 0.65267325276353E+01
 0.65206397378015E+01
 0.65142741812991E+01
 0.65076280910771E+01
 0.65006943416656E+01
 0.64934657178123E+01
 0.64859353587263E+01
 0.64780968407689E+01
 0.64699441397281E+01
 0.64614716818679E+01
 0.64526744182595E+01
 0.64435477317117E+01
 0.64340875211120E+01
 0.64242903337977E+01
 0.64141527034973E+01
 0.64036719015610E+01
 0.63928454107898E+01
 0.63816707778928E+01
 0.63701457338580E+01
 0.63582680053403E+01
 0.63460351024675E+01
 0.63334443574033E+01
 0.63204928037638E+01
 0.63071770824864E+01
 0.62934933478237E+01
 0.62794372879370E+01
 0.62650039417490E+01
 0.62501879916086E+01
 0.62349831997540E+01
 0.62193828828016E+01
 0.62033796947879E+01
 0.61869656443239E+01
 0.61701321616405E+01
 0.61528701091301E+01
 0.61351698494686E+01
 0.61170211976914E+01
 0.60984135387775E+01
 0.60793358742044E+01
 0.60597768578092E+01
 0.60397248691491E+01
 0.60191679943597E+01
 0.59980941597622E+01
 0.59764910501974E+01
 0.59543462568815E+01
 0.59316472469583E+01
 0.59083813876160E+01
 0.58845359801855E+01
 0.58600982494256E+01
 0.58350554019258E+01
 0.58093945580522E+01
 0.57831028382473E+01
 0.57561673589194E+01
 0.57285750892396E+01
 0.57003131141250E+01
 0.56713683851245E+01
 0.56417278860265E+01
 0.56113785398262E+01
 0.55803072201460E+01
 0.55485008256325E+01
 0.55159461844372E+01
 0.54826300168462E+01
 0.54485390904106E+01
 0.54136601193231E+01
 0.53779797581991E+01
 0.53414846139858E+01
 0.53041612577885E+01
 0.52659961800497E+01
 0.52269758695662E+01
 0.51870867268645E+01
 0.51463151133966E+01
 0.51046473478876E+01
 0.50620696802588E+01
 0.50185682894422E+01
 0.49741293878406E+01
 0.49287389548541E+01
 0.48823831708148E+01
 0.48350478572564E+01
 0.47867190868504E+01
 0.47373826428909E+01
 0.46870243474663E+01
 0.46356299946180E+01
 0.45831852730829E+01
 0.45296757872349E+01
 0.44750871763411E+01
 0.44194049691280E+01
 0.43626146405458E+01
 0.43047015803777E+01
 0.42456512035481E+01
 0.41854488148298E+01
 0.41240796591616E+01
 0.40615289477544E+01
 0.39977817854082E+01
 0.39328233170358E+01
 0.38666385688267E+01
 0.37992125342547E+01
 0.37305301144120E+01
 0.36605762173797E+01
 0.35893356212443E+01
 0.35167931196772E+01
 0.34429334166210E+01
 0.33677411706910E+01
 0.32912009984105E+01
 0.32132974356394E+01
 0.31340149880225E+01
 0.30533380923427E+01
 0.29712511370525E+01
 0.28877384585918E+01
 0.28027843511821E+01
 0.27163730400799E+01
 0.26284886911507E+01
 0.25391154294917E+01
 0.24482373380409E+01
 0.23558384743538E+01
 0.22619027838273E+01
 0.21664140831626E+01
 0.20693563023709E+01
 0.19707132911890E+01
 0.18704687823078E+01
 0.17686064516375E+01
 0.16651098088353E+01
 0.15599627910723E+01
 0.14531485185450E+01
 0.13446508565021E+01
 0.12344530710469E+01
 0.11225384684518E+01
 0.10088903858950E+01
 0.89349233314247E+00
 0.77632730238231E+00
 0.65737860246595E+00
 0.53662915094530E+00
 0.41406208136285E+00
 0.28966053511402E+00
 0.16340741441566E+00
 0.35285557783550E-01
-0.94722150458686E-01
-0.22663292121985E+00
-0.36046402555956E+00
-0.49623276529070E+00
-0.63395651126923E+00
-0.77365270062837E+00
-0.91533880347636E+00
-0.10590323412360E+01
-0.12047509036174E+01
-0.13525121236250E+01
-0.15023336975992E+01
-0.16542333732022E+01
-0.18082289489880E+01
-0.19643382865820E+01
-0.21225792941323E+01
-0.22829699388067E+01
-0.24455282409237E+01
-0.26102722756451E+01
-0.27772201745878E+01
-0.29463901209563E+01
-0.31178003571140E+01
-0.32914691810273E+01
-0.34674149408886E+01
-0.36456560707943E+01
-0.38262110137358E+01
-0.40090982842056E+01
-0.41943364539198E+01
-0.43819441630251E+01
-0.45719400889853E+01
-0.47643429703960E+01
-0.49591716221561E+01
-0.51564448688544E+01
-0.53561816315165E+01
-0.55584008782229E+01
-0.57631216268178E+01
-0.59703629304224E+01
-0.61801439739880E+01
-0.63924839235866E+01
-0.66074020325586E+01
-0.68249177551999E+01
