 0.18098138386020E+01
 0.18098138385997E+01
 0.18098138385475E+01
 0.18098138382098E+01
 0.18098138370360E+01
 0.18098138342027E+01
 0.18098138289955E+01
 0.18098138224196E+01
 0.18098138213394E+01
 0.18098138471764E+01
 0.18098139464600E+01
 0.18098142024141E+01
 0.18098147440415E+01
 0.18098157517765E+01
 0.18098174582512E+01
 0.18098201451452E+01
 0.18098241368514E+01
 0.18098297942784E+01
 0.18098375074471E+01
 0.18098476914808E+01
 0.18098607541595E+01
 0.18098771157268E+01
 0.18098971833359E+01
 0.18099213575037E+01
 0.18099500191061E+01
 0.18099835168224E+01
 0.18100221677816E+01
 0.18100662469043E+01
 0.18101159819795E+01
 0.18101715453369E+01
 0.18102330450830E+01
 0.18103005167469E+01
 0.18103739184991E+01
 0.18104531198799E+01
 0.18105378913274E+01
 0.18106279055512E+01
 0.18107227229433E+01
 0.18108217853219E+01
 0.18109244086020E+01
 0.18110297672379E+01
 0.18111369034079E+01
 0.18112447113904E+01
 0.18113519352422E+01
 0.18114571615614E+01
 0.18115588152967E+01
 0.18116551552191E+01
 0.18117442696542E+01
 0.18118240732317E+01
 0.18118923029013E+01
 0.18119465170242E+01
 0.18119840911368E+01
 0.18120022166416E+01
 0.18119978988163E+01
 0.18119679562249E+01
 0.18119090186454E+01
 0.18118175278290E+01
 0.18116897357543E+01
 0.18115217061439E+01
 0.18113093148328E+01
 0.18110482489069E+01
 0.18107340084662E+01
 0.18103612537002E+01
 0.18099262869206E+01
 0.18094235125395E+01
 0.18088476931258E+01
 0.18081934122039E+01
 0.18074550754456E+01
 0.18066269171374E+01
 0.18057029954058E+01
 0.18046772007786E+01
 0.18035432549258E+01
 0.18022947115549E+01
 0.18009249709361E+01
 0.17994272642368E+01
 0.17977946751092E+01
 0.17960201246907E+01
 0.17940963862653E+01
 0.17920160886136E+01
 0.17897717074269E+01
 0.17873555715581E+01
 0.17847598755815E+01
 0.17819766792005E+01
 0.17789979017694E+01
 0.17758153251957E+01
 0.17724206288179E+01
 0.17688053458881E+01
 0.17649608915799E+01
 0.17608785771960E+01
 0.17565495863879E+01
 0.17519639675868E+01
 0.17471146390654E+01
 0.17419916405492E+01
 0.17365857974318E+01
 0.17308878676745E+01
 0.17248886449283E+01
 0.17185787361277E+01
 0.17119488200896E+01
 0.17049895688850E+01
 0.16976917374566E+01
 0.16900460701312E+01
 0.16820434102322E+01
 0.16736747080882E+01
 0.16649311244287E+01
 0.16558040552272E+01
 0.16462850021958E+01
 0.16363659552708E+01
 0.16260390964187E+01
 0.16152973776821E+01
 0.16041338930382E+01
 0.15925413315414E+01
 0.15805164943921E+01
 0.15680536576544E+01
 0.15551491187835E+01
 0.15418001142585E+01
 0.15280050951814E+01
 0.15137636792163E+01
 0.14990768567747E+01
 0.14839474393923E+01
 0.14683794083480E+01
 0.14523789686640E+01
 0.14359542035372E+01
 0.14191152754997E+01
 0.14018745945683E+01
 0.13842470369614E+01
 0.13662500253104E+01
 0.13479038304470E+01
 0.13292313565903E+01
 0.13102586848491E+01
 0.12910149595204E+01
 0.12715312296547E+01
 0.12518452935291E+01
 0.12319949000736E+01
 0.12120215328558E+01
 0.11919701881773E+01
 0.11718885427949E+01
 0.11518268499666E+01
 0.11318371562408E+01
 0.11119729763183E+01
 0.10922888155535E+01
 0.10728387981148E+01
 0.10536747433827E+01
 0.10348480585928E+01
 0.10164065900040E+01
 0.99839414952687E+00
 0.98085003651064E+00
 0.96380852386875E+00
 0.94729866952303E+00
 0.93134422232004E+00
 0.91596386211445E+00
 0.90117063694241E+00
 0.88697306175342E+00
 0.87337501952095E+00
 0.86037644079826E+00
 0.84797317753701E+00
 0.83615810023623E+00
 0.82492106312154E+00
 0.81424916202620E+00
 0.80412698089971E+00
 0.79453792086271E+00
 0.78546366903990E+00
 0.77688465274417E+00
 0.76878053215316E+00
 0.76113044880576E+00
 0.75391342459201E+00
 0.74710852028723E+00
 0.74069508872932E+00
 0.73465288260785E+00
 0.72896257831354E+00
 0.72360522161400E+00
 0.71856282978437E+00
 0.71381831116828E+00
 0.70935549830602E+00
 0.70515909682148E+00
 0.70121477506313E+00
 0.69750905431321E+00
 0.69402936825712E+00
 0.69076394937164E+00
 0.68770170497601E+00
 0.68483251958412E+00
 0.68214672927724E+00
 0.67963541883236E+00
 0.67729023777681E+00
 0.67510344463544E+00
 0.67306773624119E+00
 0.67117628728184E+00
 0.66942275075071E+00
 0.66780119164550E+00
 0.66630596560381E+00
 0.66493178381719E+00
 0.66367367191788E+00
 0.66252695207512E+00
 0.66148717717213E+00
 0.66055014424382E+00
 0.65971193705246E+00
 0.65896869065089E+00
 0.65831689833953E+00
 0.65775307764580E+00
 0.65727398280447E+00
 0.65687652574211E+00
 0.65655771812024E+00
 0.65631467694505E+00
 0.65614471492794E+00
 0.65604516530656E+00
 0.65601351322863E+00
 0.65604738142981E+00
 0.65614435599467E+00
 0.65630224348618E+00
 0.65651888428835E+00
 0.65679212545175E+00
 0.65711995321686E+00
 0.65750045309911E+00
 0.65793174042043E+00
 0.65841190561439E+00
 0.65893922669306E+00
 0.65951199282324E+00
 0.66012854853556E+00
 0.66078723563459E+00
 0.66148650409993E+00
 0.66222484272277E+00
 0.66300079011347E+00
 0.66381289514775E+00
 0.66465978794652E+00
 0.66554009603499E+00
 0.66645253279242E+00
 0.66739581473439E+00
 0.66836870609457E+00
 0.66937000785826E+00
 0.67039855657621E+00
 0.67145322090497E+00
 0.67253289154714E+00
 0.67363650102657E+00
 0.67476300772089E+00
 0.67591140275408E+00
 0.67708070701108E+00
 0.67826996558103E+00
 0.67947825306600E+00
 0.68070467069115E+00
 0.68194834403892E+00
 0.68320840417627E+00
 0.68448404632470E+00
 0.68577447757311E+00
 0.68707890848808E+00
 0.68839657047749E+00
 0.68972673878575E+00
 0.69106871651093E+00
 0.69242179475869E+00
 0.69378529643773E+00
 0.69515860070797E+00
 0.69654103088753E+00
 0.69793200968043E+00
 0.69933093751741E+00
 0.70073725357414E+00
 0.70215034425393E+00
 0.70356972075855E+00
 0.70499483607519E+00
 0.70642517901541E+00
 0.70786029244625E+00
 0.70929965562187E+00
 0.71074281435882E+00
 0.71218933825653E+00
 0.71363878209543E+00
 0.71509072771680E+00
 0.71654477343686E+00
 0.71800052592673E+00
 0.71945760626249E+00
 0.72091564685243E+00
 0.72237429444592E+00
 0.72383320874905E+00
 0.72529205914308E+00
 0.72675052567886E+00
 0.72820830001336E+00
 0.72966508512018E+00
 0.73112059433731E+00
 0.73257455105724E+00
 0.73402668870351E+00
 0.73547675059912E+00
 0.73692448937252E+00
 0.73836966672234E+00
 0.73981205305130E+00
 0.74125142778056E+00
 0.74268757885953E+00
 0.74412030222049E+00
 0.74554940182845E+00
 0.74697468970746E+00
 0.74839598533482E+00
 0.74981311544093E+00
 0.75122591377865E+00
 0.75263422206974E+00
 0.75403788691695E+00
 0.75543676233857E+00
 0.75683071352691E+00
 0.75821959741950E+00
 0.75960329132632E+00
 0.76098167381180E+00
 0.76235462819788E+00
 0.76372204233857E+00
 0.76508381682893E+00
 0.76643984794564E+00
 0.76779004035433E+00
 0.76913433324808E+00
