 0.44212983838527+250
 0.66492843043272+120
 0.35360346065150E+77
 0.81543072400208E+55
 0.84939359806072E+42
 0.18804262420073E+34
 0.12365675806029E+28
 0.28555382355645E+23
 0.70712583694739E+19
 0.92159845381901E+16
 0.40190283732834E+14
 0.43360997598916E+12
 0.93905120458908E+10
 0.35159035498366E+09
 0.20398168342814E+08
 0.16892042223778E+07
 0.18751117835354E+06
 0.18297618626185E+08
 0.31847167803521E+07
 0.31719797770297E+07
 0.14734921156684E+07
 0.72369772376497E+06
 0.37776640862672E+06
 0.20802724478021E+06
 0.12009362642556E+06
 0.72297059682851E+05
 0.45180557270860E+05
 0.29196251896930E+05
 0.19443941880353E+05
 0.13306108710732E+05
 0.93331638375565E+04
 0.66948436188046E+04
 0.49015018879888E+04
 0.36563289077796E+04
 0.27746898021617E+04
 0.21391304556874E+04
 0.16733068584937E+04
 0.13266460444758E+04
 0.10649756219752E+04
 0.86484604867163E+03
 0.70990392871143E+03
 0.58857045506520E+03
 0.49254780179575E+03
 0.41579651581294E+03
 0.35387697229717E+03
 0.30348691358123E+03
 0.26214382003442E+03
 0.22796228452734E+03
 0.19949613068841E+03
 0.17563006380674E+03
 0.15549134446959E+03
 0.13839488778144E+03
 0.12379790866835E+03
 0.11126741390628E+03
 0.10045568088599E+03
 0.91081638312268E+02
 0.82916754325042E+02
 0.75773934045638E+02
 0.69498941240208E+02
 0.63965144513103E+02
 0.59066402397242E+02
 0.54714345609239E+02
 0.50834811092062E+02
 0.47365262400298E+02
 0.44264488888328E+02
 0.41463767967267E+02
 0.38936736375625E+02
 0.36650489029116E+02
 0.34576592336884E+02
 0.32690942897562E+02
 0.30972262730545E+02
 0.29402204798830E+02
 0.27964782257477E+02
 0.26646022923631E+02
 0.25433689502318E+02
 0.24317041540188E+02
 0.23286600662801E+02
 0.22333983356150E+02
 0.21451691694385E+02
 0.20633294842180E+02
 0.19872858494217E+02
 0.19165150203008E+02
 0.18505484049147E+02
 0.17889651787791E+02
 0.17313898663739E+02
 0.16774829102088E+02
 0.16269318393785E+02
 0.15794691470484E+02
 0.15348395537542E+02
 0.14928139893045E+02
 0.14531840154362E+02
 0.14157605590196E+02
 0.13803693699659E+02
 0.13468791540038E+02
 0.13150906429583E+02
 0.12848939388844E+02
 0.12561644247575E+02
 0.12287871025354E+02
 0.12026548764592E+02
 0.11776649355187E+02
 0.11537297374540E+02
 0.11307596750504E+02
 0.11086725616927E+02
 0.10873926689145E+02
 0.10668436272524E+02
 0.10469613441200E+02
 0.10276784016418E+02
 0.10089327234586E+02
 0.99066516186552E+01
 0.97281714848046E+01
 0.95533876689470E+01
 0.93817650766527E+01
 0.92128077545200E+01
 0.90460249499654E+01
 0.88810679196589E+01
 0.87173531925047E+01
 0.85545136814742E+01
 0.83921936569964E+01
 0.82300080982255E+01
 0.80675984596290E+01
 0.79046718256582E+01
 0.77409241034547E+01
 0.75760794056183E+01
 0.74099284941604E+01
 0.72422537207782E+01
 0.70729166662876E+01
 0.69017850597224E+01
 0.67287741246527E+01
 0.65538685406170E+01
 0.63770720597106E+01
 0.61984706830922E+01
 0.60181634020524E+01
 0.58363432417121E+01
 0.56532350674153E+01
 0.54691230695499E+01
 0.52843673673747E+01
 0.50993686771543E+01
 0.49145994001091E+01
 0.47305510183167E+01
 0.45477783135055E+01
 0.43668683097398E+01
 0.41884343813275E+01
 0.40130956732467E+01
 0.38414755789331E+01
 0.36741786747386E+01
 0.35117753709955E+01
 0.33547950116378E+01
 0.32037049962735E+01
 0.30588997336113E+01
 0.29206799781691E+01
 0.27892760562486E+01
 0.26648202870753E+01
 0.25473541524978E+01
 0.24368414463073E+01
 0.23331685054174E+01
 0.22361568917482E+01
 0.21455765097748E+01
 0.20611536041591E+01
 0.19825909752261E+01
 0.19095641890629E+01
 0.18417429168166E+01
 0.17787956321864E+01
 0.17203936592687E+01
 0.16662175079667E+01
 0.16159612835036E+01
 0.15693337209315E+01
 0.15260686910795E+01
 0.14858921436541E+01
 0.14485733381307E+01
 0.14138903178816E+01
 0.13816379017556E+01
 0.13516271116707E+01
 0.13236832317001E+01
 0.12976488307416E+01
 0.12733761638748E+01
 0.12507309911502E+01
 0.12295918035611E+01
 0.12098431695239E+01
 0.11913833863110E+01
 0.11741179319185E+01
 0.11579601509710E+01
 0.11428305867500E+01
 0.11286577283614E+01
 0.11153718026128E+01
 0.11029127326302E+01
 0.10912238583923E+01
 0.10802531328784E+01
 0.10699539573543E+01
 0.10602792618548E+01
 0.10511895886383E+01
 0.10426472066415E+01
 0.10346172740731E+01
 0.10270688535412E+01
 0.10199691474596E+01
 0.10132919022754E+01
 0.10070113630549E+01
 0.10011050384952E+01
 0.99554774146161E+00
 0.99032026272040E+00
 0.98538284045200E+00
 0.98075893185896E+00
 0.97641078512271E+00
 0.97232277247602E+00
 0.96848021628089E+00
 0.96486948552571E+00
 0.96147770139286E+00
 0.95829291522455E+00
 0.95530383317377E+00
 0.95249994249490E+00
 0.94987131130064E+00
 0.94740864819873E+00
 0.94510319029474E+00
 0.94294672184504E+00
 0.94093149238375E+00
 0.93905021544437E+00
 0.93729600620735E+00
 0.93566239694721E+00
 0.93414326794498E+00
 0.93273286501491E+00
 0.93142567813181E+00
 0.93021662343052E+00
 0.92910079753679E+00
 0.92807360870407E+00
 0.92713069059486E+00
 0.92626789370947E+00
 0.92548132836410E+00
 0.92476728421941E+00
 0.92412224848613E+00
 0.92354288797348E+00
 0.92302602080792E+00
 0.92256865947524E+00
 0.92216794149277E+00
 0.92182116208062E+00
 0.92152573397475E+00
 0.92127922507750E+00
 0.92107929648189E+00
 0.92092373817957E+00
 0.92081042753035E+00
 0.92073736122482E+00
 0.92070262374492E+00
 0.92070439729456E+00
 0.92074094324409E+00
 0.92081060002778E+00
 0.92091179466346E+00
 0.92104302488251E+00
 0.92120284373027E+00
 0.92138988446457E+00
 0.92160283525255E+00
 0.92184045719775E+00
 0.92210154102722E+00
 0.92238496046909E+00
 0.92268961975711E+00
 0.92301448136145E+00
 0.92335854688533E+00
 0.92372086795110E+00
 0.92410053674500E+00
 0.92449668328615E+00
 0.92490847231987E+00
 0.92533511241418E+00
 0.92577584011963E+00
 0.92622992894263E+00
 0.92669668544124E+00
 0.92717543832436E+00
 0.92766554858465E+00
 0.92816639633573E+00
 0.92867740484365E+00
 0.92919801255590E+00
 0.92972767601930E+00
 0.93026588940799E+00
 0.93081215613857E+00
 0.93136599813320E+00
 0.93192696815429E+00
 0.93249463541720E+00
 0.93306858010692E+00
 0.93364839897963E+00
 0.93423371771173E+00
 0.93482417122263E+00
 0.93541940493227E+00
 0.93601908077262E+00
 0.93662288076404E+00
 0.93723049410944E+00
 0.93784162343581E+00
 0.93845598661187E+00
 0.93907330736045E+00
 0.93969333054678E+00
 0.94031580396654E+00
 0.94094048787901E+00
 0.94156715445971E+00
 0.94219558227073E+00
 0.94282555652383E+00
 0.94345688089943E+00
 0.94408935887198E+00
 0.94472280401195E+00
 0.94535704005022E+00
 0.94599189530478E+00
 0.94662720615473E+00
 0.94726281336207E+00
 0.94789857233047E+00
 0.94853433679801E+00
 0.94916996965304E+00
