 0.64908541143723E+01
 0.64908541137208E+01
 0.64908541065119E+01
 0.64908540756200E+01
 0.64908539911109E+01
 0.64908538111276E+01
 0.64908534823001E+01
 0.64908529376264E+01
 0.64908520886213E+01
 0.64908508084724E+01
 0.64908489064830E+01
 0.64908460987456E+01
 0.64908419820747E+01
 0.64908317339002E+01
 0.64908189505883E+01
 0.64908019933736E+01
 0.64907741514809E+01
 0.64907345319699E+01
 0.64906853003520E+01
 0.64906174755569E+01
 0.64905301300952E+01
 0.64904243336431E+01
 0.64902904809881E+01
 0.64901317550247E+01
 0.64899384922623E+01
 0.64897144289096E+01
 0.64894498537900E+01
 0.64891486685130E+01
 0.64888051851185E+01
 0.64884124529376E+01
 0.64879755657473E+01
 0.64874889590406E+01
 0.64869463637809E+01
 0.64863534312344E+01
 0.64857051580867E+01
 0.64850000678617E+01
 0.64842330519502E+01
 0.64834109393571E+01
 0.64825297072901E+01
 0.64815890868692E+01
 0.64805892117867E+01
 0.64795265662795E+01
 0.64784095793379E+01
 0.64772357658518E+01
 0.64760065075937E+01
 0.64747235712971E+01
 0.64733890423046E+01
 0.64720053163570E+01
 0.64705710877786E+01
 0.64690971328160E+01
 0.64675829903200E+01
 0.64660321599764E+01
 0.64644484452048E+01
 0.64628358967772E+01
 0.64611988002152E+01
 0.64595416633455E+01
 0.64578692050831E+01
 0.64561863426849E+01
 0.64544940131097E+01
 0.64528056363763E+01
 0.64511227025305E+01
 0.64494507721908E+01
 0.64477955846793E+01
 0.64461630146300E+01
 0.64445597786454E+01
 0.64429907120053E+01
 0.64414626526680E+01
 0.64399819489691E+01
 0.64385509324795E+01
 0.64371842421967E+01
 0.64358845911075E+01
 0.64346587067561E+01
 0.64335134347815E+01
 0.64324557141406E+01
 0.64314925815044E+01
 0.64306311770599E+01
 0.64298787371030E+01
 0.64292425988304E+01
 0.64287260806122E+01
 0.64283448293902E+01
 0.64281025761441E+01
 0.64280071289416E+01
 0.64280664286801E+01
 0.64282885528621E+01
 0.64286817557589E+01
 0.64292544477428E+01
 0.64300112380011E+01
 0.64309686328992E+01
 0.64321318248246E+01
 0.64335099701777E+01
 0.64351124571219E+01
 0.64369489364570E+01
 0.64390292899318E+01
 0.64413609200238E+01
 0.64439597534299E+01
 0.64468338035053E+01
 0.64499940944773E+01
 0.64534520145915E+01
 0.64572192721998E+01
 0.64613043457381E+01
 0.64657265397104E+01
 0.64704953316572E+01
 0.64756238103379E+01
 0.64811256562494E+01
 0.64870114724734E+01
 0.64933018609259E+01
 0.65000085183476E+01
 0.65071464967119E+01
 0.65147312474791E+01
 0.65227754959869E+01
 0.65313013127256E+01
 0.65403222522328E+01
 0.65498549564926E+01
 0.65599135034039E+01
 0.65705215329761E+01
 0.65816911844623E+01
 0.65934380211456E+01
 0.66057838959592E+01
 0.66187430793601E+01
 0.66323297901569E+01
 0.66465641165902E+01
 0.66614593043354E+01
 0.66770277691612E+01
 0.66932866284513E+01
 0.67102446525082E+01
 0.67279158386094E+01
 0.67463077340796E+01
 0.67654258440366E+01
 0.67852778039627E+01
 0.68058635978666E+01
 0.68271853800572E+01
 0.68492372055929E+01
 0.68720142399481E+01
 0.68955049852774E+01
 0.69196960556975E+01
 0.69445709048398E+01
 0.69701052129669E+01
 0.69962738556434E+01
 0.70230470956435E+01
 0.70503923459841E+01
 0.70782733825039E+01
 0.71066521757303E+01
 0.71354866131045E+01
 0.71647363777232E+01
 0.71943591387223E+01
 0.72243121647261E+01
 0.72545543830073E+01
 0.72850455136094E+01
 0.73157466812394E+01
 0.73466226024388E+01
 0.73776369691037E+01
 0.74087559950614E+01
 0.74399469797948E+01
 0.74711779745401E+01
 0.75024171557802E+01
 0.75336317582121E+01
 0.75647886199603E+01
 0.75958538003275E+01
 0.76267925978768E+01
 0.76575691641363E+01
 0.76881466285367E+01
 0.77184874727306E+01
 0.77485551534403E+01
 0.77783125191626E+01
 0.78077236348968E+01
 0.78367535731577E+01
 0.78653692059472E+01
 0.78935385878672E+01
 0.79212322493599E+01
 0.79484226941529E+01
 0.79750849381440E+01
 0.80011963130837E+01
 0.80267366389625E+01
 0.80516870491498E+01
 0.80760322695815E+01
 0.80997592337597E+01
 0.81228566661151E+01
 0.81453150367318E+01
 0.81671272400402E+01
 0.81882878292556E+01
 0.82087929877465E+01
 0.82286404338750E+01
 0.82478294833059E+01
 0.82663608583585E+01
 0.82842361392360E+01
 0.83014586036211E+01
 0.83180322265347E+01
 0.83339615667211E+01
 0.83492526988296E+01
 0.83639120741190E+01
 0.83779467992699E+01
 0.83913648601171E+01
 0.84041746260728E+01
 0.84163849629846E+01
 0.84280052188838E+01
 0.84390451591651E+01
 0.84495146658735E+01
 0.84594243333817E+01
 0.84687845344354E+01
 0.84776054580647E+01
 0.84858993739901E+01
 0.84936768977987E+01
 0.85009492158006E+01
 0.85077276096570E+01
 0.85140233020355E+01
 0.85198479536122E+01
 0.85252129134785E+01
 0.85301296017229E+01
 0.85346093357636E+01
 0.85386635830394E+01
 0.85423036746492E+01
 0.85455407808515E+01
 0.85483859266865E+01
 0.85508504134476E+01
 0.85529450749116E+01
 0.85546807324034E+01
 0.85560678999545E+01
 0.85571175116715E+01
 0.85578396776962E+01
 0.85582448959742E+01
 0.85583429587260E+01
 0.85581442629223E+01
 0.85576582289884E+01
 0.85568946392262E+01
 0.85558628636929E+01
 0.85545722809032E+01
 0.85530318783935E+01
 0.85512506521976E+01
 0.85492371334496E+01
 0.85470000120894E+01
 0.85445477981555E+01
 0.85418884454996E+01
 0.85390300409244E+01
 0.85359802268150E+01
 0.85327467588153E+01
 0.85293370004894E+01
 0.85257583017372E+01
 0.85220176687817E+01
 0.85181220712201E+01
 0.85140781639042E+01
 0.85098924734488E+01
 0.85055712696006E+01
 0.85011209289526E+01
 0.84965473917117E+01
 0.84918564966880E+01
 0.84870539244590E+01
 0.84821450881459E+01
 0.84771355255906E+01
 0.84720303382689E+01
 0.84668345873656E+01
 0.84615531435996E+01
 0.84561908431466E+01
 0.84507521928097E+01
 0.84452416752556E+01
 0.84396636467727E+01
 0.84340222034535E+01
 0.84283215493700E+01
 0.84225655151552E+01
 0.84167578411605E+01
 0.84109021322555E+01
 0.84050019527939E+01
 0.83990608112766E+01
 0.83930820733878E+01
 0.83870686466636E+01
 0.83810238628237E+01
 0.83749504740280E+01
 0.83688515584914E+01
 0.83627297352960E+01
 0.83565876774433E+01
 0.83504279961245E+01
 0.83442531183923E+01
 0.83380653567974E+01
 0.83318670901445E+01
 0.83256605238720E+01
 0.83194477260282E+01
 0.83132307292593E+01
 0.83070114631043E+01
 0.83007918323746E+01
 0.82945736647190E+01
 0.82883586917320E+01
 0.82821484748328E+01
 0.82759446689493E+01
 0.82697487960049E+01
 0.82635622644658E+01
 0.82573865563820E+01
 0.82512229652763E+01
 0.82450727677900E+01
 0.82389370779747E+01
 0.82328172581248E+01
 0.82267142911734E+01
 0.82206292931617E+01
 0.82145632819746E+01
 0.82085172006162E+01
 0.82024919609542E+01
 0.81964884520279E+01
 0.81905074910507E+01
 0.81845498380235E+01
 0.81786163109967E+01
 0.81727075855157E+01
 0.81668243330207E+01
