 0.00000000000000E+00
 0.00000000000000E+00
 0.00000000000000E+00
 0.00000000000000E+00
 0.10850394065656E-25
 0.23060666294151E-21
 0.28437477785654E-18
 0.59177418098123E-16
 0.37605524471276E-14
 0.10416675474308E-12
 0.15773913930585E-11
 0.15186243885272E-10
 0.10319421834626E-09
 0.53331220934366E-09
 0.22141366264318E-08
 0.76941193794332E-08
 0.23093322011182E-07
 0.61347157026747E-07
 0.14704703828557E-06
 0.32297989672701E-06
 0.65822690255562E-06
 0.12574578349937E-05
 0.22709001543226E-05
 0.39042934835195E-05
 0.64282919013075E-05
 0.10186536976560E-04
 0.15602255288895E-04
 0.23182542504808E-04
 0.33520853616789E-04
 0.47297128785192E-04
 0.65275308751417E-04
 0.88299973698412E-04
 0.11729063083186E-03
 0.15323361361751E-03
 0.19717535988913E-03
 0.25021256206793E-03
 0.31348359293553E-03
 0.38815596981934E-03
 0.47542038155833E-03
 0.57647875461000E-03
 0.69253547358814E-03
 0.82479040697289E-03
 0.97442384179938E-03
 0.11425984843120E-02
 0.13304466045881E-02
 0.15390652084760E-02
 0.17695106339288E-02
 0.20227938572768E-02
 0.22998811712567E-02
 0.26016731475572E-02
 0.29290274773875E-02
 0.32827408927362E-02
 0.36635515459438E-02
 0.40721382559075E-02
 0.45091202205702E-02
 0.49750572028862E-02
 0.54704501516706E-02
 0.59957422167732E-02
 0.65513322201481E-02
 0.71375293281884E-02
 0.77546233153364E-02
 0.84028428033290E-02
 0.90823681213957E-02
 0.97933339935916E-02
 0.10535835302836E-01
 0.11309918788049E-01
 0.12115601715855E-01
 0.12952865122722E-01
 0.13821681719972E-01
 0.14721931396703E-01
 0.15653532781787E-01
 0.16616363190441E-01
 0.17610281933561E-01
 0.18635133694933E-01
 0.19690751807753E-01
 0.20776961533228E-01
 0.21893583215811E-01
 0.23040435489570E-01
 0.24217373710925E-01
 0.25424155206884E-01
 0.26660645079530E-01
 0.27926687336973E-01
 0.29222139865262E-01
 0.30546877739058E-01
 0.31900796789722E-01
 0.33283816376646E-01
 0.34695927251285E-01
 0.36137019264862E-01
 0.37607143436508E-01
 0.39106345706402E-01
 0.40634711764691E-01
 0.42192371249374E-01
 0.43779500240777E-01
 0.45396398886702E-01
 0.47043210557980E-01
 0.48720340485734E-01
 0.50428190965300E-01
 0.52167231064861E-01
 0.53938000843988E-01
 0.55741173317386E-01
 0.57577332505288E-01
 0.59447315617500E-01
 0.61351993513111E-01
 0.63292338889136E-01
 0.65269481981696E-01
 0.67284484533843E-01
 0.69338698913809E-01
 0.71433540910038E-01
 0.73570554451278E-01
 0.75751484760264E-01
 0.77978029148226E-01
 0.80252222269344E-01
 0.82576195337094E-01
 0.84952313798575E-01
 0.87382977013908E-01
 0.89870801011379E-01
 0.92418736667878E-01
 0.95029709182481E-01
 0.97707020395417E-01
 0.10045419160430E+00
 0.10327477840481E+00
 0.10617273737431E+00
 0.10915225190715E+00
 0.11221754456244E+00
 0.11537330429793E+00
 0.11862420707570E+00
 0.12197529851445E+00
 0.12543182434380E+00
 0.12899899926184E+00
 0.13268243008894E+00
 0.13648756905107E+00
 0.14042009862514E+00
 0.14448540741722E+00
 0.14868903521134E+00
 0.15303593942597E+00
 0.15753075848813E+00
 0.16217754963660E+00
 0.16697938798421E+00
 0.17193850661587E+00
 0.17705560813142E+00
 0.18232987639586E+00
 0.18775859584032E+00
 0.19333708699674E+00
 0.19905827356482E+00
 0.20491261390329E+00
 0.21088821992506E+00
 0.21697062207509E+00
 0.22314310462413E+00
 0.22938689034621E+00
 0.23568178805579E+00
 0.24200619404039E+00
 0.24833799048307E+00
 0.25465512613411E+00
 0.26093603671424E+00
 0.26716020406810E+00
 0.27330871337173E+00
 0.27936438461632E+00
 0.28531202557356E+00
 0.29113893214459E+00
 0.29683427462991E+00
 0.30238946740892E+00
 0.30779789064557E+00
 0.31305484908171E+00
 0.31815728396288E+00
 0.32310358043444E+00
 0.32789342293950E+00
 0.33252689703946E+00
 0.33700695267183E+00
 0.34133533319574E+00
 0.34551499681488E+00
 0.34954938005695E+00
 0.35344226760081E+00
 0.35719766380861E+00
 0.36081983350214E+00
 0.36431307632624E+00
 0.36768177559952E+00
 0.37093018539933E+00
 0.37406295208225E+00
 0.37708425300254E+00
 0.37999832932210E+00
 0.38280932636376E+00
 0.38552128055277E+00
 0.38813796191723E+00
 0.39066347615310E+00
 0.39310133713859E+00
 0.39545508537593E+00
 0.39772812887939E+00
 0.39992357646777E+00
 0.40204490733104E+00
 0.40409497654512E+00
 0.40607667533304E+00
 0.40799277852855E+00
 0.40984576915144E+00
 0.41163853581159E+00
 0.41337333414428E+00
 0.41505249185360E+00
 0.41667804547714E+00
 0.41825249264546E+00
 0.41977767672847E+00
 0.42125812168848E+00
 0.42269046886465E+00
 0.42407912537593E+00
 0.42542578543755E+00
 0.42673206721476E+00
 0.42799951896757E+00
 0.42922962232730E+00
 0.43042379233341E+00
 0.43158338047867E+00
 0.43270968022765E+00
 0.43380393070655E+00
 0.43486731492062E+00
 0.43590096471093E+00
 0.43690596265633E+00
 0.43788334850443E+00
 0.43883411360098E+00
 0.43975920888752E+00
 0.44065954344650E+00
 0.44153599209601E+00
 0.44238938875260E+00
 0.44322053416387E+00
 0.44403019605074E+00
 0.44481911140408E+00
 0.44558798488474E+00
 0.44633749433068E+00
 0.44706828809856E+00
 0.44778099114482E+00
 0.44847620097601E+00
 0.44915449270852E+00
 0.44981641711118E+00
 0.45046250531645E+00
 0.45109326651138E+00
 0.45170918989944E+00
 0.45231074590359E+00
 0.45289838679119E+00
 0.45347254822540E+00
 0.45403364873452E+00
 0.45458209087853E+00
 0.45511826232198E+00
 0.45564253638452E+00
 0.45615527220148E+00
 0.45665681593171E+00
 0.45714750087326E+00
 0.45762764841505E+00
 0.45809756801548E+00
 0.45855755814996E+00
 0.45900790655183E+00
 0.45944889082928E+00
 0.45988077867626E+00
 0.46030382838052E+00
 0.46071828924490E+00
 0.46112440179728E+00
 0.46152239840455E+00
 0.46191250347811E+00
 0.46229493366170E+00
 0.46266989823834E+00
 0.46303759956704E+00
 0.46339823296712E+00
 0.46375198750405E+00
 0.46409904581325E+00
 0.46443958508436E+00
 0.46477377586681E+00
 0.46510178340761E+00
 0.46542376834941E+00
 0.46573988463393E+00
 0.46605028307628E+00
 0.46635510834672E+00
 0.46665450139629E+00
 0.46694859770153E+00
 0.46723752962196E+00
 0.46752142542329E+00
 0.46780040816534E+00
 0.46807459831340E+00
 0.46834411199288E+00
 0.46860906269451E+00
 0.46886955935007E+00
 0.46912570814804E+00
 0.46937761188289E+00
 0.46962537121746E+00
 0.46986908248872E+00
 0.47010884036337E+00
 0.47034473593095E+00
 0.47057685791481E+00
 0.47080529256398E+00
 0.47103012379936E+00
 0.47125143246299E+00
 0.47146929784735E+00
 0.47168379673775E+00
 0.47189500374540E+00
 0.47210299143563E+00
 0.47230783062649E+00
 0.47250958926414E+00
 0.47270833438495E+00
 0.47290413083623E+00
 0.47309704171804E+00
 0.47328712843154E+00
 0.47347445071683E+00
 0.47365906704457E+00
 0.47384103336227E+00
 0.47402040508566E+00
 0.47419723586361E+00
