  -4.4441288e-05
  -1.4241413e-04
  -4.4987452e-04
  -9.6543017e-04
  -1.6552026e-03
  -2.4487245e-03
  -3.2392134e-03
  -3.8616575e-03
  -4.0738256e-03
  -3.5626761e-03
  -1.9807212e-03
   9.9922770e-04
  -5.4514489e-02
  -5.6791058e-02
  -2.3794882e-02
  -4.4805684e-02
  -7.0667656e-02
  -5.1870871e-02
  -4.9933268e-02
  -5.7537906e-02
  -3.8726274e-02
  -3.1743692e-02
  -2.0324434e-02
  -1.0739700e-02
   3.7528773e-03
   1.6340268e-02
   3.1116218e-02
   5.0456443e-02
   5.9654126e-02
   7.4195347e-02
   9.2020079e-02
   1.0168131e-01
   1.1456255e-01
   1.2902808e-01
   1.3958870e-01
   1.4651520e-01
   1.5553644e-01
   1.6531566e-01
   1.7194934e-01
   1.7758555e-01
   1.8060048e-01
   1.8476528e-01
   1.8931418e-01
   1.9162300e-01
   1.9321244e-01
   1.9416905e-01
   1.9456065e-01
   1.9339759e-01
   1.9301447e-01
   1.9302834e-01
   1.9178514e-01
   1.9026996e-01
   1.8854807e-01
   1.8667152e-01
   1.8468926e-01
   1.8264680e-01
   1.8058955e-01
   1.7795657e-01
   1.7606319e-01
   1.7472941e-01
   1.7297503e-01
   1.7137174e-01
   1.6995095e-01
   1.6873893e-01
   1.6775576e-01
   1.6702292e-01
   1.6656213e-01
   1.6603246e-01
   1.6620727e-01
   1.6699026e-01
   1.6777776e-01
   1.6891245e-01
   1.7040811e-01
   1.7227641e-01
   1.7452891e-01
   1.7717675e-01
   1.8023078e-01
   1.8346802e-01
   1.8738882e-01
   1.9194257e-01
   1.9672862e-01
   2.0197280e-01
   2.0768780e-01
   2.1388549e-01
   2.2057820e-01
   2.2761134e-01
   2.3534597e-01
   2.4375594e-01
   2.5255885e-01
   2.6192450e-01
   2.7187050e-01
   2.8241337e-01
   2.9344879e-01
   3.0525134e-01
   3.1781323e-01
   3.3093936e-01
   3.4476190e-01
   3.5930038e-01
   3.7448940e-01
   3.9055738e-01
   4.0751087e-01
   4.2519754e-01
   4.4373549e-01
   4.6309112e-01
   4.8344761e-01
   5.0481662e-01
   5.2710719e-01
   5.5042115e-01
   5.7472451e-01
   6.0018558e-01
   6.2683170e-01
   6.5459030e-01
   6.8350102e-01
   7.1371108e-01
   7.4524293e-01
   7.7799514e-01
   8.1213813e-01
   8.4770064e-01
   8.8460264e-01
   9.2297566e-01
   9.6284142e-01
   1.0041256e+00
   1.0469337e+00
   1.0912478e+00
   1.1370722e+00
   1.1844164e+00
   1.2332018e+00
   1.2834791e+00
   1.3351922e+00
   1.3882814e+00
   1.4426797e+00
   1.4983188e+00
   1.5551162e+00
   1.6129339e+00
   1.6716625e+00
   1.7311069e+00
   1.7911005e+00
   1.8514026e+00
   1.9117200e+00
   1.9717916e+00
   2.0312750e+00
   2.0898169e+00
   2.1469994e+00
   2.2024159e+00
   2.2557002e+00
   2.3064267e+00
   2.3541945e+00
   2.3986622e+00
   2.4395355e+00
   2.4766047e+00
   2.5097402e+00
   2.5388981e+00
   2.5641208e+00
   2.5855079e+00
   2.6032682e+00
   2.6176614e+00
   2.6289660e+00
   2.6374972e+00
   2.6436131e+00
   2.6476630e+00
   2.6499414e+00
   2.6507594e+00
   2.6504179e+00
   2.6491491e+00
   2.6471704e+00
   2.6446888e+00
   2.6418632e+00
   2.6388328e+00
   2.6357157e+00
   2.6326041e+00
   2.6295756e+00
   2.6266870e+00
   2.6239769e+00
   2.6214859e+00
   2.6192377e+00
   2.6172366e+00
   2.6155037e+00
   2.6140404e+00
   2.6128345e+00
   2.6118838e+00
   2.6111811e+00
   2.6107118e+00
   2.6104668e+00
   2.6104384e+00
   2.6106042e+00
   2.6109484e+00
   2.6114575e+00
   2.6121206e+00
   2.6129215e+00
   2.6138438e+00
   2.6148713e+00
   2.6159881e+00
   2.6171869e+00
   2.6184529e+00
   2.6197705e+00
   2.6211257e+00
   2.6225118e+00
   2.6239196e+00
   2.6253310e+00
   2.6267391e+00
   2.6281405e+00
   2.6295203e+00
   2.6308691e+00
   2.6321797e+00
   2.6334484e+00
   2.6346672e+00
   2.6358260e+00
   2.6369203e+00
   2.6379464e+00
   2.6388996e+00
   2.6397739e+00
   2.6405605e+00
   2.6412608e+00
   2.6418708e+00
   2.6423850e+00
   2.6427998e+00
   2.6431124e+00
   2.6433256e+00
   2.6434303e+00
   2.6434243e+00
   2.6433105e+00
   2.6430866e+00
   2.6427489e+00
   2.6422926e+00
   2.6417248e+00
   2.6410444e+00
   2.6402439e+00
   2.6393230e+00
   2.6382881e+00
   2.6371381e+00
   2.6358686e+00
   2.6344801e+00
   2.6329721e+00
   2.6313515e+00
   2.6296161e+00
   2.6277622e+00
   2.6257913e+00
   2.6237077e+00
   2.6215104e+00
   2.6191991e+00
   2.6167759e+00
   2.6142428e+00
   2.6116000e+00
   2.6088472e+00
   2.6059878e+00
   2.6030228e+00
   2.5999543e+00
   2.5967827e+00
   2.5935090e+00
   2.5901316e+00
   2.5866560e+00
   2.5830866e+00
   2.5794199e+00
   2.5756565e+00
   2.5717977e+00
   2.5678478e+00
   2.5638082e+00
   2.5596811e+00
   2.5554712e+00
   2.5511730e+00
   2.5467887e+00
   2.5423264e+00
   2.5377820e+00
   2.5331581e+00
   2.5284581e+00
   2.5236849e+00
   2.5188345e+00
   2.5139105e+00
   2.5089240e+00
   2.5038626e+00
   2.4987280e+00
   2.4935334e+00
   2.4882809e+00
   2.4829627e+00
   2.4775777e+00
   2.4721311e+00
   2.4666288e+00
   2.4610744e+00
   2.4554671e+00
   2.4498057e+00
   2.4440883e+00
   2.4383194e+00
   2.4325013e+00
   2.4266361e+00
   2.4207258e+00
   2.4147702e+00
   2.4087738e+00
   2.4027328e+00
   2.3966482e+00
   2.3905269e+00
   2.3843677e+00
   2.3781710e+00
   2.3719389e+00
   2.3656724e+00
   2.3593727e+00
   2.3530410e+00
   2.3466788e+00
   2.3402873e+00
   2.3338672e+00
   2.2541028e+00
