 0.00000000000000E+00
 0.23195645239190E-24
 0.14070844338480E-22
 0.18343092646352E-21
 0.12982195388588E-20
 0.45353069923633E-20
 0.13741303275369E-19
 0.31950222393962E-19
 0.73183802384233E-19
 0.13197840049419E-18
 0.25931512219022E-18
 0.41187163202289E-18
 0.75380863682026E-18
 0.11047195539607E-17
 0.32416261563490E-11
-0.15493747011221E-11
 0.47924919082837E-11
-0.10887144468738E-10
-0.15845564293508E-11
-0.10991156687633E-11
 0.26953084130512E-11
-0.26097600949256E-11
-0.48485504295885E-10
-0.48591696910594E-10
 0.22045206672302E-09
 0.10485263052350E-07
 0.21829381454968E-08
-0.37035191733885E-07
-0.21581333839356E-06
 0.89359343701500E-06
-0.29367078423570E-06
 0.37802875735863E-06
-0.13965493502701E-05
 0.14795550857469E-05
-0.68287637001277E-08
-0.79864943844635E-10
 0.35640551858493E-08
 0.44902528045390E-08
 0.46889111378879E-07
 0.44611344071341E-08
 0.13626566697988E-08
 0.37173973165028E-07
 0.10970264465961E-06
 0.10230828289189E-06
 0.19502353671178E-06
 0.29715005060907E-06
 0.44108296163391E-06
 0.62887029592602E-06
 0.87810395147552E-06
 0.12234874146215E-05
 0.16647177710809E-05
 0.22620907394994E-05
 0.30109642730955E-05
 0.39898936759530E-05
 0.52323343695599E-05
 0.67712511233015E-05
 0.86819694848677E-05
 0.11051874632247E-04
 0.13990179807048E-04
 0.17504843743848E-04
 0.21807232804602E-04
 0.26930505524302E-04
 0.33023308596037E-04
 0.40317346579913E-04
 0.48838898023760E-04
 0.58857128856571E-04
 0.70547613958387E-04
 0.84095912947856E-04
 0.99744257255783E-04
 0.11776611800755E-03
 0.13836257419293E-03
 0.16186378704288E-03
 0.18855206928513E-03
 0.21875502126873E-03
 0.25280805824184E-03
 0.29107776318839E-03
 0.33395074505845E-03
 0.38181914360780E-03
 0.43509865618171E-03
 0.49423934057979E-03
 0.49271165918819E-03
 0.74495046883636E-03
 0.56284341951615E-03
 0.78639284737124E-03
 0.10791747141022E-02
 0.99993957299423E-03
 0.11143120954633E-02
 0.12389072016429E-02
 0.13742836905386E-02
 0.15211267749832E-02
 0.16801135208646E-02
 0.18519695157605E-02
 0.20373736042099E-02
 0.22371368659883E-02
 0.24519215126498E-02
 0.26826129626212E-02
 0.29299987647260E-02
 0.31950115457338E-02
 0.34782421119886E-02
 0.37809090603012E-02
 0.41031120948115E-02
 0.44480062065484E-02
 0.48139715871254E-02
 0.52034950509402E-02
 0.56164749183378E-02
 0.60547666529858E-02
 0.65195475293291E-02
 0.70112927336009E-02
 0.75314022373323E-02
 0.80812937912065E-02
 0.86619533070502E-02
 0.92727376088048E-02
 0.99201417473564E-02
 0.10596771126755E-01
 0.11313494243044E-01
 0.12135715101825E-01
 0.12759584651614E-01
 0.13922182424076E-01
 0.14488099249488E-01
 0.15121660939027E-01
 0.17031630361888E-01
 0.17390793429270E-01
 0.18430092870493E-01
 0.19529453477483E-01
 0.20635136940262E-01
 0.21781985206891E-01
 0.23018195115164E-01
 0.24271691532407E-01
 0.25575739942468E-01
 0.26924695399037E-01
 0.28314517756957E-01
 0.29759188659054E-01
 0.31235484124418E-01
 0.32761357806719E-01
 0.34316008695950E-01
 0.35929943738892E-01
 0.37550503319140E-01
 0.39227915155559E-01
 0.40926097215497E-01
 0.42647948506077E-01
 0.44394544287297E-01
 0.46150811879254E-01
 0.47957219087756E-01
 0.49725821719519E-01
 0.51526336534499E-01
 0.53226221360889E-01
 0.54925531561448E-01
 0.57005303812739E-01
 0.58904528763330E-01
 0.60497112745527E-01
 0.61822836092436E-01
 0.63514359497521E-01
 0.65647572072329E-01
 0.66958541573890E-01
 0.68673683639514E-01
 0.70068486164928E-01
 0.71608446084648E-01
 0.72753615227802E-01
 0.74233129244686E-01
 0.75309330468152E-01
 0.76536199781747E-01
 0.77494948776862E-01
 0.78432628736487E-01
 0.79242391860087E-01
 0.79970432661928E-01
 0.80593335650119E-01
 0.80991830517798E-01
 0.81332941429533E-01
 0.81487643000532E-01
 0.81596604152481E-01
 0.81491316470050E-01
 0.81322496465000E-01
 0.81013451219428E-01
 0.80496523382495E-01
 0.79875292846649E-01
 0.79098615655121E-01
 0.78298435652377E-01
 0.77535689116981E-01
 0.76580326844346E-01
 0.75434445025911E-01
 0.74424102069632E-01
 0.73216902438470E-01
 0.71851797367422E-01
 0.70828953156278E-01
 0.69699670067870E-01
 0.68500091735383E-01
 0.67251088872527E-01
 0.65958371172009E-01
 0.65014969762108E-01
 0.63884663619189E-01
 0.62832988757169E-01
 0.61745747024568E-01
 0.60707586311770E-01
 0.59728614228766E-01
 0.58837135187316E-01
 0.57930462397071E-01
 0.57050102455429E-01
 0.56223666430100E-01
 0.55417441910835E-01
 0.54654118842644E-01
 0.53947372686282E-01
 0.53056866929701E-01
 0.52367990921333E-01
 0.51796168670726E-01
 0.51216589790166E-01
 0.50482323600005E-01
 0.49739020431101E-01
 0.49136675711731E-01
 0.48629051471331E-01
 0.48245317288353E-01
 0.47581850968195E-01
 0.46661091656827E-01
 0.46234270846745E-01
 0.46143364459441E-01
 0.45432025711109E-01
 0.44828240667506E-01
 0.44437566228441E-01
 0.43845450539099E-01
 0.43520736847707E-01
 0.43037898871948E-01
 0.42625578006222E-01
 0.42220073456438E-01
 0.41749002472904E-01
 0.41330909770262E-01
 0.40949051085030E-01
 0.40565362368092E-01
 0.40314566857797E-01
 0.39798544087101E-01
 0.39406640297208E-01
 0.39074601563434E-01
 0.38713341915677E-01
 0.38443230425606E-01
 0.38114868728488E-01
 0.37754983077386E-01
 0.37422964350160E-01
 0.37093793877852E-01
 0.36882178614391E-01
 0.36578574784041E-01
 0.36241021752561E-01
 0.35966685930902E-01
 0.35711060790810E-01
 0.35422540183983E-01
 0.35122535083275E-01
 0.34866593001967E-01
 0.34697844365726E-01
 0.34437642938714E-01
 0.34179701775434E-01
 0.33951982972888E-01
 0.33740577242175E-01
 0.33505620464742E-01
 0.33275032749264E-01
 0.33115139275210E-01
 0.32946114660814E-01
 0.32719489407231E-01
 0.32458627117511E-01
 0.32248141445655E-01
 0.32101060011275E-01
 0.32014352542801E-01
 0.31732779700975E-01
 0.31599389873403E-01
 0.31504996510381E-01
 0.31265480322168E-01
 0.31129579983506E-01
 0.30967547092450E-01
 0.30795506376934E-01
 0.30677178690631E-01
 0.30667650816319E-01
 0.30540206469463E-01
 0.30371678472008E-01
 0.30323177432268E-01
 0.30194556943099E-01
 0.30040820355046E-01
 0.29807401650330E-01
 0.29708998649073E-01
 0.29633623495204E-01
 0.29588593210494E-01
 0.29500194774018E-01
 0.29390127799687E-01
 0.29198186114865E-01
 0.29196212328050E-01
 0.29099319804502E-01
 0.29050527894686E-01
 0.29010175157540E-01
 0.28813629162813E-01
 0.28791242410980E-01
 0.28796808995958E-01
 0.28640087137258E-01
 0.28620394785167E-01
 0.28588131395214E-01
 0.28553759580212E-01
 0.28348878665395E-01
 0.28381017114830E-01
 0.28361971835522E-01
 0.28390939151884E-01
 0.28228495119961E-01
 0.28238441130052E-01
 0.28134692855106E-01
 0.28129703524793E-01
 0.28173428420070E-01
 0.28105667192134E-01
