-0.94991753966165E+01
-0.94991751772199E+01
-0.94991729749334E+01
-0.94991643287349E+01
-0.94991423087767E+01
-0.94990980036709E+01
-0.94990207613087E+01
-0.94988986438007E+01
-0.94987203760520E+01
-0.94984805366932E+01
-0.94981886632804E+01
-0.94978807906756E+01
-0.94976302255488E+01
-0.94975544299171E+01
-0.94978161353289E+01
-0.94986185408457E+01
-0.95001957517451E+01
-0.95028002402928E+01
-0.95066891399470E+01
-0.95121111523406E+01
-0.95192948808819E+01
-0.95284394508890E+01
-0.95397076742892E+01
-0.95532217256814E+01
-0.95690608811221E+01
-0.95872612470229E+01
-0.96078178061219E+01
-0.96306868516049E+01
-0.96557891002235E+01
-0.96830141242136E+01
-0.97122244746814E+01
-0.97432608671665E+01
-0.97759456450648E+01
-0.98100884798946E+01
-0.98454884365895E+01
-0.98819393843290E+01
-0.99192324043460E+01
-0.99571588736566E+01
-0.99955131012785E+01
-0.10034094044443E+02
-0.10072707304847E+02
-0.10111166624799E+02
-0.10149294833640E+02
-0.10186924825637E+02
-0.10223900016134E+02
-0.10260074717591E+02
-0.10295314310544E+02
-0.10329494943445E+02
-0.10362504712955E+02
-0.10394241513377E+02
-0.10424614021035E+02
-0.10453540999499E+02
-0.10480950909637E+02
-0.10506781452272E+02
-0.10530979079704E+02
-0.10553498552998E+02
-0.10574302516305E+02
-0.10593360806521E+02
-0.10610650191993E+02
-0.10626153862243E+02
-0.10639860390554E+02
-0.10651765262795E+02
-0.10661868254508E+02
-0.10670174142376E+02
-0.10676692050053E+02
-0.10681435223873E+02
-0.10684420775451E+02
-0.10685669296128E+02
-0.10685204569020E+02
-0.10683053375635E+02
-0.10679245258970E+02
-0.10673812305273E+02
-0.10666789223408E+02
-0.10658211734948E+02
-0.10648118687485E+02
-0.10636550297703E+02
-0.10623548373017E+02
-0.10609156242371E+02
-0.10593418524026E+02
-0.10576381039376E+02
-0.10558089809391E+02
-0.10538594078945E+02
-0.10517942144262E+02
-0.10496188939925E+02
-0.10473374530842E+02
-0.10449554273571E+02
-0.10424779364210E+02
-0.10399101412306E+02
-0.10372572420245E+02
-0.10345244480816E+02
-0.10317169355146E+02
-0.10288401015511E+02
-0.10258991518420E+02
-0.10228993633964E+02
-0.10198460213128E+02
-0.10167443723938E+02
-0.10135996844319E+02
-0.10104171017164E+02
-0.10072020472244E+02
-0.10039597504005E+02
-0.10006951932206E+02
-0.99741370994618E+01
-0.99412045247447E+01
-0.99082052029054E+01
-0.98751900864697E+01
-0.98422097168426E+01
-0.98093140249023E+01
-0.97765530976739E+01
-0.97439765826270E+01
-0.97116334942752E+01
-0.96795724827332E+01
-0.96478417880909E+01
-0.96164889641884E+01
-0.95855611260752E+01
-0.95551050134436E+01
-0.95251660618503E+01
-0.94957893941705E+01
-0.94670192854496E+01
-0.94388991309120E+01
-0.94114712082132E+01
-0.93847836225116E+01
-0.93588626650612E+01
-0.93337535944005E+01
-0.93094938483807E+01
-0.92861179432037E+01
-0.92636588456511E+01
-0.92421472237128E+01
-0.92216118599928E+01
-0.92020776942446E+01
-0.91835676099632E+01
-0.91661005811084E+01
-0.91496915816296E+01
-0.91343515921020E+01
-0.91200868418629E+01
-0.91068986739198E+01
-0.90947833572139E+01
-0.90837294405839E+01
-0.90737208227308E+01
-0.90647340830352E+01
-0.90567382475214E+01
-0.90496942886151E+01
-0.90435553639267E+01
-0.90382655375012E+01
-0.90337599786219E+01
-0.90299634560989E+01
-0.90267919940741E+01
-0.90241507268159E+01
-0.90219346203306E+01
-0.90200281352811E+01
-0.90183040902749E+01
-0.90166264727352E+01
-0.90148479901017E+01
-0.90128146636759E+01
-0.90103487237449E+01
-0.90072768291502E+01
-0.90034141699204E+01
-0.89985642405553E+01
-0.89925277537129E+01
-0.89850960552496E+01
-0.89760622908906E+01
-0.89652109250489E+01
-0.89523359386981E+01
-0.89372284620773E+01
-0.89196929499211E+01
-0.88995441799299E+01
-0.88766156888798E+01
-0.88507629779657E+01
-0.88218642908251E+01
-0.87898423491945E+01
-0.87546525147176E+01
-0.87163023461401E+01
-0.86748519867395E+01
-0.86304186379228E+01
-0.85831821009637E+01
-0.85333863993487E+01
-0.84813368446761E+01
-0.84273965361900E+01
-0.83719831581333E+01
-0.83155538988824E+01
-0.82585957193862E+01
-0.82016096263483E+01
-0.81450892983867E+01
-0.80895187268167E+01
-0.80353351656573E+01
-0.79829411824053E+01
-0.79326783683767E+01
-0.78848232771297E+01
-0.78395903604559E+01
-0.77971293575583E+01
-0.77575331656220E+01
-0.77208387991640E+01
-0.76870421472262E+01
-0.76561008290131E+01
-0.76279442662377E+01
-0.76024854229013E+01
-0.75796212010323E+01
-0.75592449392781E+01
-0.75412446938333E+01
-0.75255107082582E+01
-0.75119362901285E+01
-0.75004163627474E+01
-0.74908520456717E+01
-0.74831482387099E+01
-0.74772135324812E+01
-0.74729581348638E+01
-0.74702954512987E+01
-0.74691422568300E+01
-0.74694125367317E+01
-0.74710218345636E+01
-0.74738858555288E+01
-0.74779179519651E+01
-0.74830313596027E+01
-0.74891407127849E+01
-0.74961586011222E+01
-0.75039935983131E+01
-0.75125576755149E+01
-0.75217606939684E+01
-0.75315126588889E+01
-0.75417241285108E+01
-0.75523055350298E+01
-0.75631703995987E+01
-0.75742312010406E+01
-0.75854034634147E+01
-0.75966045218113E+01
-0.76077535072589E+01
-0.76187734622911E+01
-0.76295867301268E+01
-0.76401225113472E+01
-0.76503106306779E+01
-0.76600856435364E+01
-0.76693846087096E+01
-0.76781476591753E+01
-0.76863193528890E+01
-0.76938474441877E+01
-0.77006824861446E+01
-0.77067781748743E+01
-0.77120950727855E+01
-0.77165933856704E+01
-0.77202394694597E+01
-0.77230015246103E+01
-0.77248510006204E+01
-0.77257633733993E+01
-0.77257168042957E+01
-0.77246927157163E+01
-0.77226752229629E+01
-0.77196515491553E+01
-0.77156117251823E+01
-0.77105479168506E+01
-0.77044553288350E+01
-0.76973306398057E+01
-0.76891752681987E+01
-0.76799893110212E+01
-0.76697765753290E+01
-0.76585433640173E+01
-0.76462969026920E+01
-0.76330460694790E+01
-0.76188020378363E+01
-0.76035771069424E+01
-0.75873839852153E+01
-0.75702385508335E+01
-0.75521561475467E+01
-0.75331541195382E+01
-0.75132499148291E+01
-0.74924627131642E+01
-0.74708122512249E+01
-0.74483189795213E+01
-0.74250037863723E+01
-0.74008880229939E+01
-0.73759937426639E+01
-0.73503429054391E+01
-0.73239590349032E+01
-0.72968649153911E+01
-0.72690832124322E+01
-0.72406376051493E+01
-0.72115517157960E+01
-0.71818489170937E+01
-0.71515526347534E+01
-0.71206863938627E+01
-0.70892734990589E+01
-0.70573373990487E+01
-0.70249011046295E+01
-0.69919875757404E+01
-0.69586193374446E+01
-0.69248188100972E+01
-0.68906084083143E+01
-0.68560097090704E+01
-0.68210442484723E+01
-0.67857334800684E+01
-0.67500978446594E+01
-0.67141579805169E+01
-0.66779339382502E+01
-0.66414454542956E+01
-0.66047115623537E+01
-0.65677513292327E+01
-0.65305831368805E+01
-0.64932243576571E+01
-0.64556930893386E+01
-0.64180063085466E+01
-0.63801804979117E+01
-0.63422318988832E+01
