 0.37869180658622+250
 0.61537938625609+120
 0.33581122022147E+77
 0.78446053598365E+55
 0.82348601600524E+42
 0.18325073390316E+34
 0.12095083784778E+28
 0.28007884895362E+23
 0.69506214535188E+19
 0.90743792208342E+16
 0.39628685753495E+14
 0.42805660388466E+12
 0.92795948619585E+10
 0.34774594637316E+09
 0.20190952232863E+08
 0.16732259157849E+07
 0.18586007171021E+06
 0.26353658526921E+05
 0.45895807365021E+04
 0.95188556186667E+03
 0.22931349315062E+03
 0.62868425327196E+02
 0.19286861387630E+02
 0.65283889819018E+01
 0.24095326010865E+01
 0.96005965024456E+00
 0.40945097329826E+00
 0.18555474196626E+00
 0.88792095568148E-01
 0.16608101313122E+05
 0.87233434754172E+04
 0.87818967376170E+04
 0.49790855930641E+04
 0.50026834914126E+04
 0.38676414374517E+04
 0.30331297023775E+04
 0.24101735760079E+04
 0.19385608187031E+04
 0.15768495492135E+04
 0.12960625325937E+04
 0.10756383220729E+04
 0.90078440616607E+03
 0.76072251067990E+03
 0.64750431823850E+03
 0.55520238341333E+03
 0.47934940195580E+03
 0.41654501543414E+03
 0.36417672750600E+03
 0.32021983166787E+03
 0.28309176002991E+03
 0.25154592694635E+03
 0.22459309596773E+03
 0.20144270029527E+03
 0.18145871165161E+03
 0.16412610290235E+03
 0.14902533463314E+03
 0.13581269193312E+03
 0.12420507721691E+03
 0.11396803200272E+03
 0.10490641475859E+03
 0.96857101482486E+02
 0.89683023545409E+02
 0.83268572063980E+02
 0.77515814094033E+02
 0.72341447474389E+02
 0.67674318817491E+02
 0.63453457256809E+02
 0.59626443773063E+02
 0.56148047982836E+02
 0.52979091185483E+02
 0.50085536505554E+02
 0.47437759770935E+02
 0.45009857018893E+02
 0.42779119921813E+02
 0.40725636082831E+02
 0.38831859605948E+02
 0.37082280525954E+02
 0.35463145360793E+02
 0.33962297290794E+02
 0.32568905933066E+02
 0.31273303634969E+02
 0.30066868463272E+02
 0.28941864023054E+02
 0.27894127665521E+02
 0.26912001908523E+02
 0.25992557282757E+02
 0.25130724715193E+02
 0.24321941382072E+02
 0.23562061925156E+02
 0.22847322153912E+02
 0.22174309746307E+02
 0.21539919763453E+02
 0.20941317071207E+02
 0.20375915284674E+02
 0.19841355942947E+02
 0.19335466079371E+02
 0.18856249343396E+02
 0.18401871697414E+02
 0.17970658282304E+02
 0.17561058771335E+02
 0.17171643829042E+02
 0.16801081574890E+02
 0.16448144016240E+02
 0.16111690947059E+02
 0.15790668673870E+02
 0.15484089489341E+02
 0.15191031736665E+02
 0.14910639379289E+02
 0.14642109897496E+02
 0.14384687097805E+02
 0.14137663669182E+02
 0.13900376175899E+02
 0.13672193221607E+02
 0.13452521946832E+02
 0.13240806508498E+02
 0.13036504843613E+02
 0.12839112148958E+02
 0.12648149765227E+02
 0.12463149289552E+02
 0.12283674927456E+02
 0.12109424180739E+02
 0.11939752991065E+02
 0.11774384674987E+02
 0.11612948461861E+02
 0.11455077690073E+02
 0.11300421259344E+02
 0.11148643101478E+02
 0.10999416492230E+02
 0.10852426239813E+02
 0.10707366842099E+02
 0.10563946210939E+02
 0.10421881088645E+02
 0.10280900568490E+02
 0.10140744876717E+02
 0.10001166609617E+02
 0.98619331717412E+01
 0.97228215787845E+01
 0.95836264428776E+01
 0.94441563257032E+01
 0.93042356457298E+01
 0.91637054647307E+01
 0.90224257648781E+01
 0.88802742465324E+01
 0.87371476596650E+01
 0.85929625503020E+01
 0.84476560312755E+01
 0.83011853022130E+01
 0.81535280037918E+01
 0.80046827904976E+01
 0.78546682678042E+01
 0.77035223922363E+01
 0.75513028435880E+01
 0.73980953500053E+01
 0.72439721981207E+01
 0.70890536807129E+01
 0.69334630262762E+01
 0.67773390024632E+01
 0.66208322429512E+01
 0.64641039333406E+01
 0.63073260948110E+01
 0.61506790257730E+01
 0.59943505695434E+01
 0.58385348926666E+01
 0.56834308839041E+01
 0.55292420111313E+01
 0.53761748103547E+01
 0.52244382451184E+01
 0.50742431436593E+01
 0.49258002965016E+01
 0.47793208103306E+01
 0.46350140434959E+01
 0.44930873806959E+01
 0.43537446936552E+01
 0.42171848218474E+01
 0.40836000872071E+01
 0.39531747966852E+01
 0.38260831264396E+01
 0.37024866273295E+01
 0.35825326657272E+01
 0.34663517541954E+01
 0.33540557835027E+01
 0.32457359223027E+01
 0.31414611225123E+01
 0.30412773019960E+01
 0.29452064720297E+01
 0.28532470735319E+01
 0.27653744996225E+01
 0.26815421067480E+01
 0.26016831370923E+01
 0.25257127308093E+01
 0.24535298826664E+01
 0.23850205672154E+01
 0.23200597994196E+01
 0.22585142764436E+01
 0.22002449061141E+01
 0.21451084911147E+01
 0.20929603527965E+01
 0.20436555103537E+01
 0.19970504370741E+01
 0.19529843924949E+01
 0.19113594138211E+01
 0.18720227698410E+01
 0.18348461907897E+01
 0.17997067118014E+01
 0.17664869032806E+01
 0.17350749855765E+01
 0.17053648757194E+01
 0.16772561554514E+01
 0.16506540004479E+01
 0.16254689975474E+01
 0.16016169919805E+01
 0.15790188557418E+01
 0.15576002126344E+01
 0.15372913087548E+01
 0.15180267930038E+01
 0.14997453134323E+01
 0.14823894199490E+01
 0.14659053213257E+01
 0.14502426050274E+01
 0.14353539898302E+01
 0.14211955132964E+01
 0.14077256601866E+01
 0.13949056805853E+01
 0.13826992478010E+01
 0.13710723439598E+01
 0.13599930746262E+01
 0.13494315612952E+01
 0.13393597530233E+01
 0.13297513399364E+01
 0.13205816413316E+01
 0.13118274844674E+01
 0.13034670944183E+01
 0.12954800081112E+01
 0.12878469949906E+01
 0.12805499701282E+01
 0.12735719019200E+01
 0.12668967698604E+01
 0.12605094933690E+01
 0.12543958433618E+01
 0.12485424081309E+01
 0.12429365579637E+01
 0.12375663528569E+01
 0.12324205300748E+01
 0.12274884550831E+01
 0.12227600734456E+01
 0.12182258827748E+01
 0.12138768930267E+01
 0.12097046028640E+01
 0.12057009534934E+01
 0.12018583266312E+01
 0.11981694941680E+01
 0.11946276023557E+01
 0.11912261645496E+01
 0.11879590103408E+01
 0.11848202894465E+01
 0.11818044502516E+01
 0.11789062140287E+01
 0.11761205669863E+01
 0.11734427455044E+01
 0.11708682077899E+01
 0.11683926406157E+01
 0.11660119375376E+01
 0.11637221892553E+01
 0.11615196682935E+01
 0.11594008236608E+01
 0.11573622739357E+01
 0.11554007909527E+01
 0.11535132930850E+01
 0.11516968474710E+01
 0.11499486442138E+01
 0.11482660064245E+01
 0.11466463813608E+01
 0.11450873145515E+01
 0.11435864756320E+01
 0.11421416272630E+01
 0.11407506352739E+01
 0.11394114512011E+01
 0.11381221205421E+01
 0.11368807672546E+01
 0.11356855983930E+01
 0.11345348968750E+01
 0.11334270148370E+01
 0.11323603727593E+01
 0.11313334587087E+01
 0.11303448202566E+01
 0.11293930707728E+01
 0.11284768693960E+01
 0.11275949373332E+01
 0.11267460420944E+01
 0.11259290057471E+01
 0.11251426929379E+01
 0.11243860133003E+01
 0.11236579195867E+01
 0.11229574069693E+01
 0.11222835098442E+01
 0.11216352939495E+01
 0.11210118676053E+01
 0.11204123696649E+01
 0.11198359738967E+01
 0.11192818818340E+01
