 0.10909164672639E+00
 0.10909164672628E+00
 0.10909164672512E+00
 0.10909164672767E+00
 0.10909164677424E+00
 0.10909164698344E+00
 0.10909164758244E+00
 0.10909164890567E+00
 0.10909165133494E+00
 0.10909165505523E+00
 0.10909165953019E+00
 0.10909166256428E+00
 0.10909165902893E+00
 0.10909163933323E+00
 0.10909158789929E+00
 0.10909148183290E+00
 0.10909128992664E+00
 0.10909097211695E+00
 0.10909047949073E+00
 0.10908975453456E+00
 0.10908873198546E+00
 0.10908733991739E+00
 0.10908550097377E+00
 0.10908313367635E+00
 0.10908015399816E+00
 0.10907647680129E+00
 0.10907201623405E+00
 0.10906668701727E+00
 0.10906040571354E+00
 0.10905309035280E+00
 0.10904466302951E+00
 0.10903504590360E+00
 0.10902416720419E+00
 0.10901195238371E+00
 0.10899833545942E+00
 0.10898324888517E+00
 0.10896662804468E+00
 0.10894841012792E+00
 0.10892853376639E+00
 0.10890693941085E+00
 0.10888356887979E+00
 0.10885836515414E+00
 0.10883127259442E+00
 0.10880223669492E+00
 0.10877120425397E+00
 0.10873812336210E+00
 0.10870294343578E+00
 0.10866561566366E+00
 0.10862609126139E+00
 0.10858432401248E+00
 0.10854026853929E+00
 0.10849388065245E+00
 0.10844511718742E+00
 0.10839393587006E+00
 0.10834029514884E+00
 0.10828415392611E+00
 0.10822547123978E+00
 0.10816420618080E+00
 0.10810031734954E+00
 0.10803376257260E+00
 0.10796449917529E+00
 0.10789248139349E+00
 0.10781766237918E+00
 0.10773999285218E+00
 0.10765942064144E+00
 0.10757589027790E+00
 0.10748934243294E+00
 0.10739971354327E+00
 0.10730693546534E+00
 0.10721093493472E+00
 0.10711163306576E+00
 0.10700894488502E+00
 0.10690277866089E+00
 0.10679303805729E+00
 0.10667961702969E+00
 0.10656240284971E+00
 0.10644127496886E+00
 0.10631610466611E+00
 0.10618675438368E+00
 0.10605307776260E+00
 0.10591492052848E+00
 0.10577211579349E+00
 0.10562448950094E+00
 0.10547180576519E+00
 0.10531396257634E+00
 0.10515071106220E+00
 0.10498183491827E+00
 0.10480710641326E+00
 0.10462628659634E+00
 0.10443912608609E+00
 0.10424536443003E+00
 0.10404472571339E+00
 0.10383692567861E+00
 0.10362166676070E+00
 0.10339863791525E+00
 0.10316751780432E+00
 0.10292797182809E+00
 0.10267965463854E+00
 0.10242220239761E+00
 0.10215524100856E+00
 0.10187838707354E+00
 0.10159123905157E+00
 0.10129338476117E+00
 0.10098439901024E+00
 0.10066384209509E+00
 0.10033126261549E+00
 0.99986197055769E-01
 0.99628167345581E-01
 0.99256683210575E-01
 0.98871243544856E-01
 0.98471334743178E-01
 0.98056431143840E-01
 0.97625998426776E-01
 0.97179490941745E-01
 0.96716351321507E-01
 0.96236021307748E-01
 0.95737930698021E-01
 0.95221502164622E-01
 0.94686160404984E-01
 0.94131321227254E-01
 0.93556315869475E-01
 0.92960728880278E-01
 0.92343907488026E-01
 0.91705277692873E-01
 0.91044283825990E-01
 0.90360381212046E-01
 0.89653038062384E-01
 0.88921742766434E-01
 0.88166011076152E-01
 0.87385385563456E-01
 0.86579439373542E-01
 0.85747785973226E-01
 0.84890079108159E-01
 0.84006020235633E-01
 0.83095361628333E-01
 0.82157907639065E-01
 0.81193533451030E-01
 0.80202169093997E-01
 0.79183818718258E-01
 0.78138558631951E-01
 0.77066543107322E-01
 0.75968000185111E-01
 0.74843242062477E-01
 0.73692663825178E-01
 0.72516741866132E-01
 0.71316038479125E-01
 0.70091197423357E-01
 0.68842945639761E-01
 0.67572085712463E-01
 0.66279505179311E-01
 0.64966161504147E-01
 0.63633088362801E-01
 0.62281318980933E-01
 0.60912163921095E-01
 0.59526796866842E-01
 0.58126497033533E-01
 0.56712638583160E-01
 0.55286636899179E-01
 0.53849957263205E-01
 0.52404140662773E-01
 0.50950766004516E-01
 0.49491483811315E-01
 0.48028000938638E-01
 0.46562083547148E-01
 0.45095562110928E-01
 0.43630329455477E-01
 0.42168347221863E-01
 0.40711653055676E-01
 0.39262344920845E-01
 0.37822589485807E-01
 0.36394623643133E-01
 0.34980737968201E-01
 0.33583274658176E-01
 0.32204613344126E-01
 0.30847147941090E-01
 0.29513282727797E-01
 0.28205392380029E-01
 0.26925793058403E-01
 0.25676719130260E-01
 0.24460282983957E-01
 0.23278440630990E-01
 0.22132963153912E-01
 0.21025397116201E-01
 0.19957055767009E-01
 0.18928980754261E-01
 0.17941929862556E-01
 0.16996385789297E-01
 0.16092540143570E-01
 0.15230318176188E-01
 0.14409393808575E-01
 0.13629163220760E-01
 0.12888855683880E-01
 0.12187494308625E-01
 0.11523949608983E-01
 0.10896958294413E-01
 0.10305160073149E-01
 0.97471213618287E-02
 0.92213561350660E-02
 0.87263521712297E-02
 0.82605840971868E-02
 0.78225478754073E-02
 0.74107485448798E-02
 0.70237274954315E-02
 0.66600680582888E-02
 0.63184032476061E-02
 0.59974191391011E-02
 0.56958590347611E-02
 0.54125264217262E-02
 0.51462849236923E-02
 0.48960577119381E-02
 0.46608298811775E-02
 0.44396439725942E-02
 0.42315990883120E-02
 0.40358490795086E-02
 0.38516023019038E-02
 0.36781162075115E-02
 0.35146963626301E-02
 0.33606934594124E-02
 0.32155011504431E-02
 0.30785547348863E-02
 0.29493234162237E-02
 0.28273160822985E-02
 0.27120731121467E-02
 0.26031663273855E-02
 0.25001964658151E-02
 0.24027912741467E-02
 0.23106038461616E-02
 0.22233107884583E-02
 0.21406105775504E-02
 0.20622219671847E-02
 0.19878826513424E-02
 0.19173481044324E-02
 0.18503900342004E-02
 0.17867953555726E-02
 0.17263651153813E-02
 0.16689136348763E-02
 0.16142672295683E-02
 0.15622637422243E-02
 0.15127514506221E-02
 0.14655885207911E-02
 0.14206422643698E-02
 0.13777884283037E-02
 0.13369106522434E-02
 0.12978998948818E-02
 0.12606540269113E-02
 0.12250772949508E-02
 0.11910798051457E-02
 0.11585772239717E-02
 0.11274904117346E-02
 0.10977449883353E-02
 0.10692710322022E-02
 0.10420028900321E-02
 0.10158787525084E-02
 0.99084048568552E-03
 0.96683335170771E-03
 0.94380578920367E-03
 0.92170922156523E-03
 0.90049786960385E-03
 0.88012856009584E-03
 0.86056054780137E-03
 0.84175537599916E-03
 0.82367673675510E-03
 0.80629033495353E-03
 0.78956375605581E-03
 0.77346635280489E-03
 0.75796911859402E-03
 0.74304463226738E-03
 0.72866692831232E-03
 0.71481140491666E-03
 0.70145476209049E-03
 0.68857491839826E-03
 0.67615092196179E-03
 0.66416292346249E-03
 0.65259206373997E-03
 0.64142045043288E-03
 0.63063108728283E-03
 0.62020783423600E-03
 0.61013534588926E-03
 0.60039903514376E-03
 0.59098502187893E-03
 0.58188011192562E-03
 0.57307173399401E-03
 0.56454793637273E-03
 0.55629732391932E-03
 0.54830902688185E-03
 0.54057271430825E-03
 0.53307851767751E-03
 0.52581702048597E-03
 0.51877925223353E-03
 0.51195664593847E-03
 0.50534102227312E-03
 0.49892455526679E-03
 0.49269979748565E-03
 0.48665961522635E-03
 0.48079718714421E-03
 0.47510599252875E-03
 0.46957979330130E-03
 0.46421263129235E-03
 0.45899879054980E-03
 0.45393280239111E-03
