 0.10000000133514E-09
 0.10000000133514E-09
 0.10000000133514E-09
 0.10000000133514E-09
 0.10000000133514E-09
 0.10000000133514E-09
 0.10000000133514E-09
 0.10000000133514E-09
 0.10000000133514E-09
 0.10000000133514E-09
 0.10000000133514E-09
 0.10000000133514E-09
 0.10000000133514E-09
 0.10000000133514E-09
 0.10000000133514E-09
 0.10000000133514E-09
 0.10000000133514E-09
 0.10000000133514E-09
 0.10000000133514E-09
 0.10000000133514E-09
 0.10000000133514E-09
 0.10000000133514E-09
 0.10000000133514E-09
 0.10000000133514E-09
 0.10000000133514E-09
 0.10000000133514E-09
 0.10000000133514E-09
 0.10000000133514E-09
 0.10000000133514E-09
 0.37220406022041E-04
 0.37220406022041E-04
 0.68537920179270E-04
 0.68537920179270E-04
 0.11749446174999E-03
 0.15035841908089E-03
 0.18983477150791E-03
 0.23673092888412E-03
 0.29188088497701E-03
 0.35614126264061E-03
 0.43038747947097E-03
 0.51551050543805E-03
 0.61241325167156E-03
 0.72200833606171E-03
 0.84521565842248E-03
 0.98296065708472E-03
 0.11361726485894E-02
 0.13057835570312E-02
 0.14927268439442E-02
 0.16979377914167E-02
 0.19223514988111E-02
 0.21669030891377E-02
 0.24325276769524E-02
 0.27201603569274E-02
 0.30307364127491E-02
 0.33651901889970E-02
 0.37244553839658E-02
 0.41094652173478E-02
 0.45211539908264E-02
 0.49604550682412E-02
 0.54283006167839E-02
 0.59256252756355E-02
 0.64533615523184E-02
 0.70124442743401E-02
 0.76038102418979E-02
 0.82283978298075E-02
 0.88871441673633E-02
 0.95809886800706E-02
 0.10310875805785E-01
 0.11077754549797E-01
 0.11882574311013E-01
 0.12726285877736E-01
 0.13609851350439E-01
 0.14534232869210E-01
 0.15500393123481E-01
 0.16509315400439E-01
 0.17561990475833E-01
 0.18659412250868E-01
 0.19802571442162E-01
 0.20992495157299E-01
 0.22230214392088E-01
 0.23516764050987E-01
 0.24853204574343E-01
 0.26240596683992E-01
 0.27682789481638E-01
 0.29175730482560E-01
 0.30722993559030E-01
 0.32325719504739E-01
 0.33985096277235E-01
 0.35702318997671E-01
 0.37478600563898E-01
 0.39315192523980E-01
 0.41213378671058E-01
 0.43174463080741E-01
 0.45199786395997E-01
 0.47290739873628E-01
 0.49448718542298E-01
 0.51675143487438E-01
 0.53971467939803E-01
 0.56339223024107E-01
 0.58779958852088E-01
 0.61295267607849E-01
 0.63886747098356E-01
 0.66556048568526E-01
 0.69304856288036E-01
 0.72134917582920E-01
 0.75047984597785E-01
 0.78045837530706E-01
 0.81130314360792E-01
 0.84303276013736E-01
 0.87566586444861E-01
 0.90922149563117E-01
 0.94371904096702E-01
 0.97917761396221E-01
 0.10156166664691E+00
 0.10530561448407E+00
 0.10915146609319E+00
 0.11310115592015E+00
 0.11715661877534E+00
 0.12131963899862E+00
 0.12559207541013E+00
 0.12997709794730E+00
 0.13447363508874E+00
 0.13908452776181E+00
 0.14381130511697E+00
 0.14865523925350E+00
 0.15361748105986E+00
 0.15869905958595E+00
 0.16390077815702E+00
 0.16922322373412E+00
 0.17466671844655E+00
 0.18023136425333E+00
 0.18591693003716E+00
 0.19172289007439E+00
 0.19764836958136E+00
 0.20369213923534E+00
 0.20985264322403E+00
 0.21612782924377E+00
 0.22251533296143E+00
 0.22901233461473E+00
 0.23561559159673E+00
 0.24232142503174E+00
 0.24912578941677E+00
 0.25602420040524E+00
 0.26301177690884E+00
 0.27008327516445E+00
 0.27723310480083E+00
 0.28445535716887E+00
 0.29174383472023E+00
 0.29909213484818E+00
 0.30649362123020E+00
 0.31394150455524E+00
 0.32142890512208E+00
 0.32894965172184E+00
 0.33649520325337E+00
 0.34405935128958E+00
 0.35163525804728E+00
 0.35921608852705E+00
 0.36679516507596E+00
 0.37436605101845E+00
 0.38192237951851E+00
 0.38945814297377E+00
 0.39696744760065E+00
 0.40444470031464E+00
 0.41188452009507E+00
 0.41928179827316E+00
 0.42663167701771E+00
 0.43392955472891E+00
 0.44117109636759E+00
 0.44835213544511E+00
 0.45546883319566E+00
 0.46251745805502E+00
 0.46949455524596E+00
 0.47639685990491E+00
 0.48322128049984E+00
 0.48996499012575E+00
 0.49662525451229E+00
 0.50319959041007E+00
 0.50968572273660E+00
 0.51608158544491E+00
 0.52238533467709E+00
 0.52859541316761E+00
 0.53471055032198E+00
 0.54072968357350E+00
 0.54665211732454E+00
 0.55247730727669E+00
 0.55820521592244E+00
 0.56383598519899E+00
 0.56937013530159E+00
 0.57480835540922E+00
 0.58015142240218E+00
 0.58540115837179E+00
 0.59055867285270E+00
 0.59562565952249E+00
 0.60060385997609E+00
 0.60549528041479E+00
 0.61030189259552E+00
 0.61502576044963E+00
 0.61966904452800E+00
 0.62423389304665E+00
 0.62872260083418E+00
 0.63313704013983E+00
 0.63747943447357E+00
 0.64175186159113E+00
 0.64595634450257E+00
 0.65009484737230E+00
 0.65416927563875E+00
 0.65818144785155E+00
 0.66213313457204E+00
 0.66602602187660E+00
 0.66986177050576E+00
 0.67364189550263E+00
 0.67736789403607E+00
 0.68104118925574E+00
 0.68466317408763E+00
 0.68823511809685E+00
 0.69175825798101E+00
 0.69523377614582E+00
 0.69866281909709E+00
 0.70204646962444E+00
 0.70538562831262E+00
 0.70868155171435E+00
 0.71193503848180E+00
 0.71514701396376E+00
 0.71831833630748E+00
 0.72144984257992E+00
 0.72454233244052E+00
 0.72759659356256E+00
 0.73061335307192E+00
 0.73359332153807E+00
 0.73653719711307E+00
 0.73944564874612E+00
 0.74231931638558E+00
 0.74515881476335E+00
 0.74796474785068E+00
 0.75073770399905E+00
 0.75347823415235E+00
 0.75618689285965E+00
 0.75886421532790E+00
 0.76151071400822E+00
 0.76412688660575E+00
 0.76671322539887E+00
 0.76927020242493E+00
 0.77179828029176E+00
 0.77429791485189E+00
 0.77676954291217E+00
 0.77921359123657E+00
 0.78163047987154E+00
 0.78402062261952E+00
 0.78638441202020E+00
 0.78872224504765E+00
 0.79103450196088E+00
 0.79332155420635E+00
 0.79558377563097E+00
 0.79782151837551E+00
 0.80003513388709E+00
 0.80222496898551E+00
 0.80439136051861E+00
 0.80653463968219E+00
 0.80865513052847E+00
 0.81075315004460E+00
 0.81282901170511E+00
 0.81488302153697E+00
 0.81691548172329E+00
 0.81892668561544E+00
 0.82091692246970E+00
 0.82288648055156E+00
 0.82483563845121E+00
 0.82676466760291E+00
 0.82867384305833E+00
 0.83056342677193E+00
 0.83243367950175E+00
 0.83428486348375E+00
 0.83611722180143E+00
 0.83793100893531E+00
 0.83972646591064E+00
 0.84150383512496E+00
 0.84326334936353E+00
 0.84500524263757E+00
 0.84672974107034E+00
 0.84843707137346E+00
 0.85012745433266E+00
 0.85180110766181E+00
 0.85345824321461E+00
 0.85509907217267E+00
 0.85672380314343E+00
 0.85833264075906E+00
 0.85992578325623E+00
 0.86150343036842E+00
 0.86306577462410E+00
 0.86461300969186E+00
 0.86614532332856E+00
 0.86766290295122E+00
 0.86916592888186E+00
 0.87065458266284E+00
 0.87212904345031E+00
 0.87358948321799E+00
 0.87503607604058E+00
 0.87646899031217E+00
 0.87788839449965E+00
 0.87929445169014E+00
