 0.10000000133514E-09
 0.10000000133514E-09
 0.10000000133514E-09
 0.10000000133514E-09
 0.10000000133514E-09
 0.10000000133514E-09
 0.10000000133514E-09
 0.10000000133514E-09
 0.10000000133514E-09
 0.10000000133514E-09
 0.10000000133514E-09
 0.10000000133514E-09
 0.10000000133514E-09
 0.10000000133514E-09
 0.10000000133514E-09
 0.10000000133514E-09
 0.10000000133514E-09
 0.10000000133514E-09
 0.10000000133514E-09
 0.10000000133514E-09
 0.10000000133514E-09
 0.10000000133514E-09
 0.10000000133514E-09
 0.10000000133514E-09
 0.10000000133514E-09
 0.10000000133514E-09
 0.10000000133514E-09
 0.10000000133514E-09
 0.10000000133514E-09
 0.11305689206285E-03
 0.11305689206285E-03
 0.19420540545954E-03
 0.19420540545954E-03
 0.31311437096020E-03
 0.38960673874423E-03
 0.47902807086717E-03
 0.58256506027270E-03
 0.70140338465517E-03
 0.83672289405101E-03
 0.98969366492615E-03
 0.11614734363916E-02
 0.13532041143907E-02
 0.15660112547438E-02
 0.18010028230839E-02
 0.20592691710733E-02
 0.23418828819220E-02
 0.26498991508638E-02
 0.29843562839349E-02
 0.33462786202200E-02
 0.37366745603634E-02
 0.41565388745203E-02
 0.46068542036170E-02
 0.50885923871148E-02
 0.56027159906804E-02
 0.61501772264551E-02
 0.67319194305321E-02
 0.73488781461867E-02
 0.80019845362169E-02
 0.86921623115226E-02
 0.94203278543508E-02
 0.10187396965839E-01
 0.10994277274645E-01
 0.11841876115369E-01
 0.12731100125399E-01
 0.13662854688539E-01
 0.14638039366381E-01
 0.15657553912217E-01
 0.16722302733533E-01
 0.17833194029852E-01
 0.18991132980943E-01
 0.20197023372524E-01
 0.21451783234806E-01
 0.22756326787404E-01
 0.24111565269842E-01
 0.25518438026241E-01
 0.26977891166784E-01
 0.28490870895544E-01
 0.30058313981600E-01
 0.31681207233217E-01
 0.33360537452630E-01
 0.35097291583482E-01
 0.36892488196277E-01
 0.38747139955837E-01
 0.40666126047591E-01
 0.42643332986890E-01
 0.44683257394615E-01
 0.46786997277611E-01
 0.48955709016633E-01
 0.51190549588089E-01
 0.53492691418444E-01
 0.55863351016430E-01
 0.58303778460191E-01
 0.60815241092477E-01
 0.63399044450944E-01
 0.66056550400295E-01
 0.68789112683203E-01
 0.71598105571152E-01
 0.74484933664219E-01
 0.77451090408149E-01
 0.80498079025964E-01
 0.83627441642038E-01
 0.86840709892773E-01
 0.90139467512138E-01
 0.93525323992394E-01
 0.96999950842471E-01
 0.10056500579934E+00
 0.10422216096007E+00
 0.10797314165126E+00
 0.11181968046057E+00
 0.11576349023748E+00
 0.11980631072608E+00
 0.12394990172466E+00
 0.12819596297149E+00
 0.13254621111996E+00
 0.13700239957944E+00
 0.14156608656246E+00
 0.14623889720715E+00
 0.15102242950523E+00
 0.15591806817481E+00
 0.16092726435363E+00
 0.16605302013519E+00
 0.17129318995254E+00
 0.17665033607784E+00
 0.18212540761679E+00
 0.18771902005202E+00
 0.19343162572736E+00
 0.19926351274574E+00
 0.20521468504760E+00
 0.21128487683095E+00
 0.21747350158448E+00
 0.22377970737452E+00
 0.23020225052916E+00
 0.23673954811121E+00
 0.24338962024103E+00
 0.25015009246616E+00
 0.25701823052796E+00
 0.26399076326599E+00
 0.27106408968565E+00
 0.27823413579050E+00
 0.28549639379785E+00
 0.29284591881367E+00
 0.30027741475029E+00
 0.30778516232640E+00
 0.31536307686574E+00
 0.32300474736391E+00
 0.33070347352939E+00
 0.33845229186048E+00
 0.34624402181772E+00
 0.35407135387204E+00
 0.36192683140613E+00
 0.36980293403363E+00
 0.37769214805299E+00
 0.38558779699737E+00
 0.39348085499267E+00
 0.40136482143467E+00
 0.40923262603130E+00
 0.41707732100815E+00
 0.42489221924409E+00
 0.43267094614987E+00
 0.44040733047074E+00
 0.44809560859428E+00
 0.45573025509437E+00
 0.46330609725106E+00
 0.47081826656854E+00
 0.47826223163699E+00
 0.48563377203474E+00
 0.49292898601955E+00
 0.50014429540031E+00
 0.50727635320614E+00
 0.51432217433848E+00
 0.52127893597031E+00
 0.52814413763747E+00
 0.53491551278347E+00
 0.54159099579041E+00
 0.54816882773977E+00
 0.55464737076356E+00
 0.56102526594113E+00
 0.56730138742504E+00
 0.57347484613885E+00
 0.57954497533439E+00
 0.58551137353008E+00
 0.59137393652680E+00
 0.59713275272311E+00
 0.60278823365780E+00
 0.60834096808205E+00
 0.61379191336278E+00
 0.61914218167903E+00
 0.62439320451369E+00
 0.62954651760720E+00
 0.63460373213148E+00
 0.63956724937104E+00
 0.64443885973752E+00
 0.64922080663002E+00
 0.65391531093357E+00
 0.65852475084496E+00
 0.66305147250093E+00
 0.66749779934810E+00
 0.67186612696794E+00
 0.67615877739161E+00
 0.68037814315958E+00
 0.68452625797034E+00
 0.68860537489158E+00
 0.69261760152014E+00
 0.69656497127659E+00
 0.70044943795862E+00
 0.70427287892730E+00
 0.70803707172656E+00
 0.71174373568222E+00
 0.71539449898071E+00
 0.71899095644526E+00
 0.72253455785635E+00
 0.72602672709326E+00
 0.72946881239618E+00
 0.73286213325080E+00
 0.73620789095238E+00
 0.73950724772263E+00
 0.74276131693354E+00
 0.74597117734845E+00
 0.74913784270357E+00
 0.75226219915929E+00
 0.75534534701985E+00
 0.75838807958134E+00
 0.76139126344251E+00
 0.76435570514568E+00
 0.76728219223104E+00
 0.77017147840253E+00
 0.77302430314742E+00
 0.77584135469452E+00
 0.77862330456425E+00
 0.78137081029942E+00
 0.78408450709866E+00
 0.78676500034171E+00
 0.78941287485139E+00
 0.79202870419196E+00
 0.79461304764655E+00
 0.79716643107657E+00
 0.79968938240754E+00
 0.80218241320691E+00
 0.80464601386691E+00
 0.80708066101783E+00
 0.80948682576858E+00
 0.81186496158917E+00
 0.81421551262504E+00
 0.81653891661342E+00
 0.81883559422188E+00
 0.82110595651489E+00
 0.82335040811228E+00
 0.82556934720995E+00
 0.82776315413186E+00
 0.82993221083684E+00
 0.83207688531893E+00
 0.83419753679576E+00
 0.83629452562975E+00
 0.83836819358507E+00
 0.84041888039490E+00
 0.84244692156241E+00
 0.84445264336294E+00
 0.84643636655226E+00
 0.84839840494030E+00
 0.85033906569192E+00
 0.85225865235846E+00
 0.85415746167059E+00
 0.85603578612280E+00
 0.85789391034216E+00
 0.85973211456222E+00
 0.86155067769263E+00
 0.86334986993453E+00
 0.86512995466749E+00
 0.86689119759650E+00
 0.86863385290573E+00
 0.87035817351447E+00
 0.87206441202799E+00
 0.87375280561731E+00
 0.87542359919274E+00
 0.87707702690107E+00
 0.87871332265663E+00
 0.88033271216926E+00
 0.88193542145236E+00
 0.88352166950864E+00
 0.88509167517645E+00
 0.88664565201011E+00
 0.88818381012029E+00
 0.88970635456403E+00
 0.89121348916229E+00
 0.89270541502833E+00
 0.89418232936233E+00
 0.89564442467756E+00
 0.89709189268734E+00
 0.89852491960479E+00
 0.89994369164616E+00
 0.90134839009223E+00
 0.90273919503596E+00
 0.90411628078805E+00
 0.90547982186470E+00
 0.90682999034954E+00
 0.90816695228720E+00
 0.90949087478845E+00
 0.91080191997466E+00
 0.91210024956800E+00
 0.91338602061684E+00
