 0.29885054579258E+03
 0.29885054576272E+03
 0.29885054543346E+03
 0.29885054403703E+03
 0.29885054027915E+03
 0.29885053243528E+03
 0.29885051841994E+03
 0.29885049577361E+03
 0.29885046148725E+03
 0.29885041141947E+03
 0.29885033901938E+03
 0.29885023315464E+03
 0.29885007517472E+03
 0.29884983553993E+03
 0.29884947052016E+03
 0.29884891939019E+03
 0.29884810241000E+03
 0.29884691974002E+03
 0.29884525129029E+03
 0.29884295736032E+03
 0.29883987997172E+03
 0.29883584469399E+03
 0.29883066277096E+03
 0.29882413342997E+03
 0.29881604629781E+03
 0.29880618372553E+03
 0.29879432294050E+03
 0.29878023813482E+03
 0.29876370241168E+03
 0.29874448926466E+03
 0.29872237464776E+03
 0.29869713726791E+03
 0.29866856124458E+03
 0.29863643478944E+03
 0.29860055410672E+03
 0.29856072164917E+03
 0.29851674795665E+03
 0.29846845205832E+03
 0.29841566195802E+03
 0.29835821532389E+03
 0.29829595977207E+03
 0.29822875323446E+03
 0.29815646432989E+03
 0.29807897259244E+03
 0.29799616869010E+03
 0.29790795454316E+03
 0.29781424339833E+03
 0.29771495999864E+03
 0.29761003977016E+03
 0.29749942972091E+03
 0.29738308752228E+03
 0.29726098138305E+03
 0.29713308965189E+03
 0.29699940039190E+03
 0.29685991088089E+03
 0.29671462705005E+03
 0.29656356285690E+03
 0.29640673968332E+03
 0.29624418559452E+03
 0.29607593461944E+03
 0.29590202621342E+03
 0.29572250378768E+03
 0.29553741461849E+03
 0.29534680889837E+03
 0.29515073878148E+03
 0.29494925763714E+03
 0.29474241920775E+03
 0.29453027681648E+03
 0.29431288263818E+03
 0.29409028689095E+03
 0.29386253702132E+03
 0.29362967696413E+03
 0.29339174628436E+03
 0.29314878088165E+03
 0.29290080978767E+03
 0.29264785636086E+03
 0.29238993720601E+03
 0.29212706161346E+03
 0.29185923074604E+03
 0.29158643737042E+03
 0.29130866579650E+03
 0.29102588955031E+03
 0.29073807324635E+03
 0.29044514377095E+03
 0.29014709275939E+03
 0.28984382920480E+03
 0.28953527293655E+03
 0.28922133133220E+03
 0.28890189907876E+03
 0.28857685853711E+03
 0.28824607888165E+03
 0.28790941366346E+03
 0.28756670391673E+03
 0.28721777540471E+03
 0.28686243796959E+03
 0.28650048795379E+03
 0.28613170511098E+03
 0.28575585415771E+03
 0.28537267967435E+03
 0.28498190994543E+03
 0.28458325843980E+03
 0.28417641678133E+03
 0.28376106003244E+03
 0.28333684356584E+03
 0.28290340225501E+03
 0.28246035114071E+03
 0.28200728473457E+03
 0.28154377484510E+03
 0.28106937127519E+03
 0.28058360175292E+03
 0.28008597012182E+03
 0.27957595562451E+03
 0.27905301412273E+03
 0.27851657522069E+03
 0.27796604031736E+03
 0.27740079057368E+03
 0.27682017621386E+03
 0.27622351893298E+03
 0.27561011690777E+03
 0.27497923559698E+03
 0.27433005177322E+03
 0.27366189300313E+03
 0.27297388763351E+03
 0.27226518441161E+03
 0.27153491141702E+03
 0.27078216860345E+03
 0.27000602417075E+03
 0.26920552132603E+03
 0.26837967905570E+03
 0.26752749278858E+03
 0.26664793234646E+03
 0.26573994905747E+03
 0.26480247401684E+03
 0.26383442193100E+03
 0.26283469231499E+03
 0.26180216953615E+03
 0.26073573579662E+03
 0.25963425784005E+03
 0.25849660322217E+03
 0.25732163753749E+03
 0.25610823028457E+03
 0.25485524986082E+03
 0.25356157585925E+03
 0.25222609802582E+03
 0.25084771633415E+03
 0.24942534903716E+03
 0.24795792909774E+03
 0.24644440946162E+03
 0.24488375951014E+03
 0.24327497807296E+03
 0.24161708409851E+03
 0.23990912438915E+03
 0.23815009644580E+03
 0.23633926369235E+03
 0.23447570462569E+03
 0.23255857894741E+03
 0.23058713253409E+03
 0.22856065108585E+03
 0.22647845631893E+03
 0.22433997727822E+03
 0.22214469023238E+03
 0.21989219457580E+03
 0.21758219253993E+03
 0.21521452181360E+03
 0.21278917878654E+03
 0.21030634126883E+03
 0.20776639951927E+03
 0.20516999031538E+03
 0.20251803168572E+03
 0.19981174692591E+03
 0.19705272248387E+03
 0.19424292436486E+03
 0.19138474085636E+03
 0.18848101029273E+03
 0.18553502737185E+03
 0.18255059279091E+03
 0.17953198367879E+03
 0.17648394093633E+03
 0.17341165700713E+03
 0.17032072028468E+03
 0.16721705356772E+03
 0.16410683533860E+03
 0.16099642797594E+03
 0.15789226338089E+03
 0.15480077049878E+03
 0.15172822436840E+03
 0.14868070284491E+03
 0.14566396011172E+03
 0.14268339395231E+03
 0.13974399574857E+03
 0.13685013263458E+03
 0.13400582734519E+03
 0.13121451032153E+03
 0.12847910870688E+03
 0.12580202560325E+03
 0.12318518346941E+03
 0.12063005662791E+03
 0.11813767651040E+03
 0.11570869554655E+03
 0.11334237960284E+03
 0.11104075265927E+03
 0.10880253315120E+03
 0.10662719299416E+03
 0.10451400107784E+03
 0.10246205260950E+03
 0.10047029544289E+03
 0.98537560046074E+02
 0.96662576510263E+02
 0.94844002558444E+02
 0.93080430300535E+02
 0.91370423030413E+02
 0.89712507711010E+02
 0.88105192494266E+02
 0.86546977355105E+02
 0.85036379355409E+02
 0.83571914723961E+02
 0.82152118259901E+02
 0.80775545190954E+02
 0.79440775839831E+02
 0.78146435047913E+02
 0.76891141329432E+02
 0.75673584549881E+02
 0.74492474755142E+02
 0.73346560925730E+02
 0.72234628641035E+02
 0.71155500716605E+02
 0.70108036570594E+02
 0.69091135426583E+02
 0.68103732555400E+02
 0.67144798843239E+02
 0.66213341988478E+02
 0.65308405177007E+02
 0.64429066596026E+02
 0.63574437253472E+02
 0.62743660542001E+02
 0.61935913347629E+02
 0.61150401393286E+02
 0.60386361513023E+02
 0.59643058744668E+02
 0.58919786290465E+02
 0.58215864873910E+02
 0.57530640049825E+02
 0.56863482819345E+02
 0.56213787738368E+02
 0.55580973166811E+02
 0.54964479892780E+02
 0.54363769263331E+02
 0.53778323164908E+02
 0.53207643964838E+02
 0.52651252342733E+02
 0.52108687412037E+02
 0.51579505621094E+02
 0.51063279918316E+02
 0.50559599794597E+02
 0.50068069800144E+02
 0.49588309257212E+02
 0.49119951610085E+02
 0.48662644055421E+02
 0.48216047287705E+02
 0.47779833402179E+02
 0.47353687022230E+02
 0.46937304427891E+02
 0.46530392742185E+02
 0.46132669796744E+02
 0.45743863498762E+02
 0.45363711239211E+02
 0.44991960078002E+02
 0.44628366165017E+02
 0.44272693825634E+02
 0.43924715805672E+02
 0.43584213006153E+02
 0.43250973490342E+02
 0.42924793221787E+02
 0.42605474558396E+02
 0.42292827006159E+02
 0.41986666371663E+02
 0.41686814805830E+02
 0.41393100347991E+02
 0.41105356848817E+02
 0.40823423428262E+02
 0.40547144939027E+02
 0.40276370933394E+02
 0.40010956255383E+02
 0.39750760320833E+02
 0.39495646638871E+02
 0.39245484042908E+02
 0.39000144764190E+02
 0.38759505356527E+02
 0.38523446324600E+02
 0.38291851947506E+02
 0.38064610082577E+02
 0.37841611684286E+02
 0.37622751839719E+02
 0.37407928416336E+02
 0.37197042379484E+02
 0.36989997687782E+02
 0.36786701314174E+02
 0.36587063088586E+02
 0.36390995403775E+02
 0.36198413289777E+02
