 0.46338014095909E+03
 0.46338014096003E+03
 0.46338014099229E+03
 0.46338014127253E+03
 0.46338014248772E+03
 0.46338014601897E+03
 0.46338015386737E+03
 0.46338016705720E+03
 0.46338017837337E+03
 0.46338015258718E+03
 0.46337999025739E+03
 0.46337947881272E+03
 0.46337824182033E+03
 0.46337569854299E+03
 0.46337104259797E+03
 0.46336324271984E+03
 0.46335106369999E+03
 0.46333310265368E+03
 0.46330783471663E+03
 0.46327366232837E+03
 0.46322896389365E+03
 0.46317213854365E+03
 0.46310164490907E+03
 0.46301603321403E+03
 0.46291397068602E+03
 0.46279426040918E+03
 0.46265585358857E+03
 0.46249785730418E+03
 0.46231953838343E+03
 0.46212032283552E+03
 0.46189979258310E+03
 0.46165767954846E+03
 0.46139385877245E+03
 0.46110833870775E+03
 0.46080125220149E+03
 0.46047284487737E+03
 0.46012346427162E+03
 0.45975354817697E+03
 0.45936361285453E+03
 0.45895424234354E+03
 0.45852607672793E+03
 0.45807980148621E+03
 0.45761613728154E+03
 0.45713583020904E+03
 0.45663964297088E+03
 0.45612834660696E+03
 0.45560271307119E+03
 0.45506350966078E+03
 0.45451148855181E+03
 0.45394738830458E+03
 0.45337192506945E+03
 0.45278578997076E+03
 0.45218964596077E+03
 0.45158412544548E+03
 0.45096982849277E+03
 0.45034732143108E+03
 0.44971713581783E+03
 0.44907976868740E+03
 0.44843568193120E+03
 0.44778530272166E+03
 0.44712902605446E+03
 0.44646720942106E+03
 0.44580018067948E+03
 0.44512823583329E+03
 0.44445164135857E+03
 0.44377063509220E+03
 0.44308542742861E+03
 0.44239620316180E+03
 0.44170312310431E+03
 0.44100632510197E+03
 0.44030592538675E+03
 0.43960201999491E+03
 0.43889468430453E+03
 0.43818398207585E+03
 0.43746995441234E+03
 0.43675262913750E+03
 0.43603201979165E+03
 0.43530812610241E+03
 0.43458093509346E+03
 0.43385042184154E+03
 0.43311655390972E+03
 0.43237927823479E+03
 0.43163853888479E+03
 0.43089425221715E+03
 0.43014637050868E+03
 0.42939479372603E+03
 0.42863942592203E+03
 0.42788016204512E+03
 0.42711688740982E+03
 0.42634947948365E+03
 0.42557781029641E+03
 0.42480172931549E+03
 0.42402108910312E+03
 0.42323572806220E+03
 0.42244547383918E+03
 0.42165014780099E+03
 0.42084955808119E+03
 0.42004350904398E+03
 0.41923177548906E+03
 0.41841413074558E+03
 0.41759035163871E+03
 0.41676017721872E+03
 0.41592334570163E+03
 0.41507958221415E+03
 0.41422859731318E+03
 0.41337008738645E+03
 0.41250373590856E+03
 0.41162920807919E+03
 0.41074615399459E+03
 0.40985420905674E+03
 0.40895299204694E+03
 0.40804210477019E+03
 0.40712113312247E+03
 0.40618964483049E+03
 0.40524718704077E+03
 0.40429329848622E+03
 0.40332749533219E+03
 0.40234927749661E+03
 0.40135812434853E+03
 0.40035350290386E+03
 0.39933481465628E+03
 0.39830158748337E+03
 0.39725319611049E+03
 0.39618903952425E+03
 0.39510851738378E+03
 0.39401102005302E+03
 0.39289592108972E+03
 0.39176259016234E+03
 0.39061039724668E+03
 0.38943870979520E+03
 0.38824689792022E+03
 0.38703434136048E+03
 0.38580043078615E+03
 0.38454457389077E+03
 0.38326619916650E+03
 0.38196476031326E+03
 0.38063975756500E+03
 0.37929071612464E+03
 0.37791721444096E+03
 0.37651888733974E+03
 0.37509543760848E+03
 0.37364662996226E+03
 0.37217231872441E+03
 0.37067244572053E+03
 0.36914706245816E+03
 0.36759632597452E+03
 0.36602052282578E+03
 0.36442007331079E+03
 0.36279554939313E+03
 0.36114769707421E+03
 0.35947743684665E+03
 0.35778588493845E+03
 0.35607433243306E+03
 0.35434446814024E+03
 0.35259809197923E+03
 0.35083731325883E+03
 0.34906458911643E+03
 0.34728270836558E+03
 0.34549481908523E+03
 0.34370448215651E+03
 0.34191570894129E+03
 0.34013295883626E+03
 0.33836121604322E+03
 0.33660597968423E+03
 0.33487332457736E+03
 0.33316991197525E+03
 0.33150299939086E+03
 0.32988044641268E+03
 0.32831071897865E+03
 0.32680286874491E+03
 0.32536647466270E+03
 0.32401160399113E+03
 0.32274872993963E+03
 0.32158863059195E+03
 0.32054225593281E+03
 0.31962061112823E+03
 0.31883459003951E+03
 0.31819480454462E+03
 0.31771142332939E+03
 0.31739399975025E+03
 0.31725131953243E+03
 0.31729121727756E+03
 0.31752054055719E+03
 0.31794490557759E+03
 0.31856879613077E+03
 0.31939542280617E+03
 0.32042671753590E+03
 0.32166339823318E+03
 0.32310497684874E+03
 0.32474982695065E+03
 0.32659538158279E+03
 0.32863803192405E+03
 0.33087338711750E+03
 0.33329632001965E+03
 0.33590113814530E+03
 0.33868160427777E+03
 0.34163111249638E+03
 0.34474275097267E+03
 0.34800939868669E+03
 0.35142278377480E+03
 0.35497760697189E+03
 0.35866551585350E+03
 0.36247921531872E+03
 0.36641150076701E+03
 0.37045526237879E+03
 0.37460355010680E+03
 0.37884959127494E+03
 0.38318676121402E+03
 0.38760864496183E+03
 0.39210904675324E+03
 0.39668193687331E+03
 0.40132151431132E+03
 0.40602220269155E+03
 0.41077863678004E+03
 0.41558561209244E+03
 0.42043815680087E+03
 0.42533148158305E+03
 0.43026099537285E+03
 0.43522228899481E+03
 0.44021107496616E+03
 0.44522339425138E+03
 0.45025528966345E+03
 0.45530303627063E+03
 0.46036304646243E+03
 0.46543188369381E+03
 0.47050626087642E+03
 0.47558301588156E+03
 0.48065912430685E+03
 0.48573168560588E+03
 0.49079793084586E+03
 0.49585520436375E+03
 0.50090095367177E+03
 0.50593274325807E+03
 0.51094824620867E+03
 0.51594523807459E+03
 0.52092157912404E+03
 0.52587525036012E+03
 0.53080430197605E+03
 0.53570689099996E+03
 0.54058125107901E+03
 0.54542569735371E+03
 0.55023863221452E+03
 0.55501854010928E+03
 0.55976398653788E+03
 0.56447360206608E+03
 0.56914608848058E+03
 0.57378023111373E+03
 0.57837487909588E+03
 0.58292894251873E+03
 0.58744140431389E+03
 0.59191132059607E+03
 0.59633778643593E+03
 0.60071997228701E+03
 0.60505710296309E+03
 0.60934846189565E+03
 0.61359339020762E+03
 0.61779128229554E+03
 0.62194158193080E+03
 0.62604378529993E+03
 0.63009744065277E+03
 0.63410214390460E+03
 0.63805753730072E+03
 0.64196330561918E+03
 0.64581917943573E+03
 0.64962493125450E+03
 0.65338038046620E+03
 0.65708537725452E+03
 0.66073981349414E+03
 0.66434362041534E+03
 0.66789676294360E+03
 0.67139923912511E+03
 0.67485108498373E+03
 0.67825236001318E+03
 0.68160316182303E+03
 0.68490361447331E+03
 0.68815387091154E+03
 0.69135410860763E+03
 0.69450453260812E+03
 0.69760537222274E+03
 0.70065688196667E+03
 0.70365933439594E+03
 0.70661302859230E+03
 0.70951827526907E+03
 0.71237540993363E+03
 0.71518479143459E+03
 0.71794678166315E+03
 0.72066176757315E+03
 0.72333015281111E+03
 0.72595234796994E+03
 0.72852877997413E+03
 0.73105988788187E+03
 0.73354612868115E+03
 0.73598795578259E+03
 0.73838584005098E+03
 0.74074026282417E+03
 0.74305171221701E+03
 0.74532068373076E+03
 0.74754767312222E+03
 0.74973319110381E+03
 0.75187775034539E+03
