 0.00000000000000E+00
 0.00000000000000E+00
 0.00000000000000E+00
 0.00000000000000E+00
 0.11019753867043E-35
 0.23360231772262E-31
 0.28753821219216E-28
 0.59753018928974E-26
 0.37930467059188E-24
 0.10497636885621E-22
 0.15885290959164E-21
 0.15284435653831E-20
 0.10380911795698E-19
 0.53625205850951E-19
 0.22254694221176E-18
 0.77307741126154E-18
 0.23195797854405E-17
 0.61602180395571E-17
 0.14764143094147E-16
 0.32446206450548E-16
 0.66324738606919E-16
 0.12812634039423E-15
 0.23951041979291E-15
 0.45133183962335E-15
 0.91159010095896E-15
 0.20836574013835E-14
 0.53796133689238E-14
 0.14832579690656E-13
 0.41151520490528E-13
 0.17626362087971E-08
 0.24324965657685E-08
 0.60585543862837E-08
 0.80481747108598E-08
 0.18024610250714E-07
 0.29684120404831E-07
 0.47567360856352E-07
 0.74337423228555E-07
 0.11352756795488E-06
 0.16973896325376E-06
 0.24886262869802E-06
 0.35832546608530E-06
 0.50735917880949E-06
 0.70729224504473E-06
 0.97186313647460E-06
 0.13175542918311E-05
 0.17639452249134E-05
 0.23340838708109E-05
 0.30548748105270E-05
 0.39574859497960E-05
 0.50777653158285E-05
 0.64566753454485E-05
 0.81407398896754E-05
 0.10182503462324E-04
 0.12641002648932E-04
 0.15582242290375E-04
 0.19079685162537E-04
 0.23214749986639E-04
 0.28077325896143E-04
 0.33766274805207E-04
 0.40389945650474E-04
 0.48066723459550E-04
 0.56925525692183E-04
 0.67106367551039E-04
 0.78760900381498E-04
 0.92052950629628E-04
 0.10715902942805E-03
 0.12426890907508E-03
 0.14358620588496E-03
 0.16532893156565E-03
 0.18972998372001E-03
 0.21703769573220E-03
 0.24751654794170E-03
 0.28144754100971E-03
 0.31912872133412E-03
 0.36087613708603E-03
 0.40702417210233E-03
 0.45792600125401E-03
 0.51395395639769E-03
 0.57550105742919E-03
 0.64298084660987E-03
 0.71682790796810E-03
 0.79749907311396E-03
 0.88547325650004E-03
 0.98134729963647E-03
 0.10854762581047E-02
 0.11984910551521E-02
 0.13209678811751E-02
 0.14535099014219E-02
 0.15967464480548E-02
 0.17513340364071E-02
 0.19179579992832E-02
 0.20973330919200E-02
 0.22902036314631E-02
 0.24973451208846E-02
 0.27195659238450E-02
 0.29577055857049E-02
 0.32126368053982E-02
 0.34852665772520E-02
 0.37765401787008E-02
 0.40874386276702E-02
 0.44189809484974E-02
 0.47722230548896E-02
 0.51482616290957E-02
 0.55482340334908E-02
 0.59733217164024E-02
 0.64247470016847E-02
 0.69037757713392E-02
 0.74117212103721E-02
 0.79499422033717E-02
 0.85198425917670E-02
 0.91228755350410E-02
 0.97605444220861E-02
 0.10434397959652E-01
 0.11146037035525E-01
 0.11897117888657E-01
 0.12689333368747E-01
 0.13524435601019E-01
 0.14404229514642E-01
 0.15330555888380E-01
 0.16305317553326E-01
 0.17330637266711E-01
 0.18408163668576E-01
 0.19540081952602E-01
 0.20728470910794E-01
 0.21975428283350E-01
 0.23283087138360E-01
 0.24653615481384E-01
 0.26089199332201E-01
 0.27592040973032E-01
 0.29164349126527E-01
 0.30808342432315E-01
 0.32526227803107E-01
 0.34320201968340E-01
 0.36192437655066E-01
 0.38145077198311E-01
 0.40180231459178E-01
 0.42299943170817E-01
 0.44506213733923E-01
 0.46800968790498E-01
 0.49186057166218E-01
 0.51663239387617E-01
 0.54234194741558E-01
 0.56900497104056E-01
 0.59663615571557E-01
 0.62524913584199E-01
 0.65485642000965E-01
 0.68546939467053E-01
 0.71709829713472E-01
 0.74975233365810E-01
 0.78343951064109E-01
 0.81816679013973E-01
 0.85394012195041E-01
 0.89076642651609E-01
 0.92864570020041E-01
 0.96758274188267E-01
 0.10075798732170E+00
 0.10486380044968E+00
 0.10907572075130E+00
 0.11339368587122E+00
 0.11781747352401E+00
 0.12234679281254E+00
 0.12698117266103E+00
 0.13171999923994E+00
 0.13656246288614E+00
 0.14150753306924E+00
 0.14655391750526E+00
 0.15170001624276E+00
 0.15694386983334E+00
 0.16228308443145E+00
 0.16771481074801E+00
 0.17323561870641E+00
 0.17884148378369E+00
 0.18452769791422E+00
 0.19028880824940E+00
 0.19611860450074E+00
 0.20201000940705E+00
 0.20795512524681E+00
 0.21394523225384E+00
 0.21997080248880E+00
 0.22602157404884E+00
 0.23208665251777E+00
 0.23815463877236E+00
 0.24421373970167E+00
 0.25025198061694E+00
 0.25625732194029E+00
 0.26221794844928E+00
 0.26812234389509E+00
 0.27395954091053E+00
 0.27971918645821E+00
 0.28539165247805E+00
 0.29096847756115E+00
 0.29644181769377E+00
 0.30180496266938E+00
 0.30705216617210E+00
 0.31217870754828E+00
 0.31718080857709E+00
 0.32205558822041E+00
 0.32680105552186E+00
 0.33141599077399E+00
 0.33590132165507E+00
 0.34025438721801E+00
 0.34447727608626E+00
 0.34857121006103E+00
 0.35253783930568E+00
 0.35637918047271E+00
 0.36009756073388E+00
 0.36369555573375E+00
 0.36717595252313E+00
 0.37054169230159E+00
 0.37379585123907E+00
 0.37694156849386E+00
 0.37998205431802E+00
 0.38292055194564E+00
 0.38576031790980E+00
 0.38850457421821E+00
 0.39115653105705E+00
 0.39371935501089E+00
 0.39619616269623E+00
 0.39859000856908E+00
 0.40090385505460E+00
 0.40314065004397E+00
 0.40530320236530E+00
 0.40739426330885E+00
 0.40941649535610E+00
 0.41137247694467E+00
 0.41326470062236E+00
 0.41509557474469E+00
 0.41686741829489E+00
 0.41858246761640E+00
 0.42024287761458E+00
 0.42185072101426E+00
 0.42340799023597E+00
 0.42491659973737E+00
 0.42637838991529E+00
 0.42779512864745E+00
 0.42916851042567E+00
 0.43050016440244E+00
 0.43179165223985E+00
 0.43304447248143E+00
 0.43426006207493E+00
 0.43543979857575E+00
 0.43658500405479E+00
 0.43769694572111E+00
 0.43877683931006E+00
 0.43982584956207E+00
 0.44084509305839E+00
 0.44183564144257E+00
 0.44279852238206E+00
 0.44373472039454E+00
 0.44464518052846E+00
 0.44553080886899E+00
 0.44639247464506E+00
 0.44723101220226E+00
 0.44804722135802E+00
 0.44884187006162E+00
 0.44961569544190E+00
 0.45036940507165E+00
 0.45110367811238E+00
 0.45181916619537E+00
 0.45251649627246E+00
 0.45319627006056E+00
 0.45385906547722E+00
 0.45450543804104E+00
 0.45513592150384E+00
 0.45575102902031E+00
 0.45635125429535E+00
 0.45693707172844E+00
 0.45750893745629E+00
 0.45806729081649E+00
 0.45861255431351E+00
 0.45914513442025E+00
 0.45966542284482E+00
 0.46017379610676E+00
 0.46067061746642E+00
 0.46115623643041E+00
 0.46163098987627E+00
 0.46209520229214E+00
 0.46254918654341E+00
 0.46299324415438E+00
 0.46342766612784E+00
 0.46385273271186E+00
 0.46426871459646E+00
 0.46467587260275E+00
 0.46507445857220E+00
 0.46546471600544E+00
 0.46584687908699E+00
 0.46622117475593E+00
 0.46658782185085E+00
 0.46694703177050E+00
 0.46729900873177E+00
 0.46764395013580E+00
 0.46798204711161E+00
 0.46831348375965E+00
 0.46863843848669E+00
 0.46895708385125E+00
 0.46926958679039E+00
 0.46957610871098E+00
 0.46987680574467E+00
 0.47017182912460E+00
 0.47046132522181E+00
