                  NaN
                  NaN
                  NaN
                  NaN
 0.82348601600524E+42
 0.18325073390316E+34
 0.12095083784778E+28
 0.28007884895362E+23
 0.69506214535189E+19
 0.90743792208361E+16
 0.39628685753622E+14
 0.42805660389875E+12
 0.92795948648851E+10
 0.34774594774612E+09
 0.20190953322732E+08
 0.16732269416555E+07
 0.18586108033251E+06
 0.26354661773683E+05
 0.45905820914310E+04
 0.95288617891953E+03
 0.23031379601263E+03
 0.63868583906420E+02
 0.20286949221250E+02
 0.75284400833267E+01
 0.34095636464251E+01
 0.19600792467714E+01
 0.14094637709696E+01
 0.11855633571794E+01
 0.10887980551687E+01
 0.16613877578964E+05
 0.87278050204280E+04
 0.87872932089003E+04
 0.49833960265666E+04
 0.50077694790519E+04
 0.38725930814475E+04
 0.30379588265376E+04
 0.24148907102526E+04
 0.19431753779320E+04
 0.15813699853849E+04
 0.13004964625135E+04
 0.10799926362263E+04
 0.90506535658049E+03
 0.76493578891920E+03
 0.65165512077645E+03
 0.55929546822072E+03
 0.48338913667421E+03
 0.42053541900424E+03
 0.36812150617025E+03
 0.32412241218071E+03
 0.28695531573455E+03
 0.25537340200050E+03
 0.22838722690162E+03
 0.20520603505489E+03
 0.18519362656000E+03
 0.16783481662953E+03
 0.15270992106267E+03
 0.13947509178890E+03
 0.12784710934256E+03
 0.11759140205595E+03
 0.10851272304334E+03
 0.10044785172483E+03
 0.93259628533441E+02
 0.86832360647381E+02
 0.81068037104885E+02
 0.75883282774559E+02
 0.71206874975341E+02
 0.66977777957296E+02
 0.63143512342586E+02
 0.59658791116818E+02
 0.56484381272204E+02
 0.53586193996010E+02
 0.50934557130065E+02
 0.48503519991964E+02
 0.46270328910565E+02
 0.44215030344016E+02
 0.42320038670614E+02
 0.40569804829822E+02
 0.38950536080333E+02
 0.37450040895158E+02
 0.36057454044054E+02
 0.34763072974042E+02
 0.33558242839301E+02
 0.32435193565984E+02
 0.31389956266776E+02
 0.30410406865693E+02
 0.29493795524772E+02
 0.28635021404766E+02
 0.27829491903427E+02
 0.27073030613191E+02
 0.26361841836848E+02
 0.25692482451676E+02
 0.25061816625594E+02
 0.24466977532225E+02
 0.23905346992422E+02
 0.23374535107702E+02
 0.22872335406123E+02
 0.22396717029987E+02
 0.21945810782206E+02
 0.21517907532625E+02
 0.21111420970609E+02
 0.20724884998986E+02
 0.20356928624086E+02
 0.20006284315340E+02
 0.19671771039364E+02
 0.19352293800125E+02
 0.19046821274965E+02
 0.18754386658712E+02
 0.18474088041014E+02
 0.18205075312521E+02
 0.17946542563862E+02
 0.17697731638353E+02
 0.17457927007041E+02
 0.17226442699091E+02
 0.17002630274845E+02
 0.16785877614565E+02
 0.16575582573354E+02
 0.16371180541150E+02
 0.16172132050134E+02
 0.15977904959149E+02
 0.15788000602361E+02
 0.15602069043309E+02
 0.15419367105475E+02
 0.15239569116607E+02
 0.15062239724904E+02
 0.14886946761603E+02
 0.14713274926816E+02
 0.14540825677910E+02
 0.14369211384673E+02
 0.14198058424804E+02
 0.14027005806073E+02
 0.13855709962415E+02
 0.13683840367722E+02
 0.13511084186857E+02
 0.13337145652781E+02
 0.13161748181998E+02
 0.12984637655182E+02
 0.12805577712073E+02
 0.12624358779047E+02
 0.12440795003990E+02
 0.12254726746576E+02
 0.12066021969063E+02
 0.11874578870647E+02
 0.11680325027100E+02
 0.11483218901063E+02
 0.11283250504454E+02
 0.11080442222682E+02
 0.10874847824162E+02
 0.10666552483671E+02
 0.10455672522747E+02
 0.10242353899683E+02
 0.10026770441215E+02
 0.98091232586602E+01
 0.95896448468908E+01
 0.93685689250698E+01
 0.91461723712961E+01
 0.89227399906380E+01
 0.86985746760170E+01
 0.84739913287844E+01
 0.82493138963393E+01
 0.80248763353122E+01
 0.78010167642723E+01
 0.75780778535999E+01
 0.73564033312038E+01
 0.71363363263999E+01
 0.69182182123340E+01
 0.67023865406694E+01
 0.64891738792616E+01
 0.62789067216116E+01
 0.60719035559160E+01
 0.58684739853827E+01
 0.56689174015358E+01
 0.54735215330907E+01
 0.52825609703983E+01
 0.50962953230157E+01
 0.49149670266401E+01
 0.47388004034553E+01
 0.45679985235207E+01
 0.44027407303511E+01
 0.42431810896566E+01
 0.40894456150898E+01
 0.39416304344636E+01
 0.37998001196310E+01
 0.36639869967565E+01
 0.35341903843729E+01
 0.34103774941278E+01
 0.32924832337058E+01
 0.31804132421690E+01
 0.30740453168958E+01
 0.29732332716601E+01
 0.28778104032707E+01
 0.27875893857030E+01
 0.27023723443420E+01
 0.26219495321487E+01
 0.25461045140803E+01
 0.24746167401439E+01
 0.24072647080024E+01
 0.23438285380232E+01
 0.22840915371076E+01
 0.22278423872417E+01
 0.21748570036076E+01
 0.21249768553834E+01
 0.20779938594423E+01
 0.20337279638163E+01
 0.19920082791256E+01
 0.19526731461061E+01
 0.19155700641059E+01
 0.18805555936886E+01
 0.18474950418568E+01
 0.18162622529478E+01
 0.17867391151453E+01
 0.17588154268007E+01
 0.17323882399997E+01
 0.17073615162195E+01
 0.16836457417109E+01
 0.16611576981429E+01
 0.16398197745758E+01
 0.16195597555060E+01
 0.16003104211128E+01
 0.15820091998487E+01
 0.15645980106042E+01
 0.15480224256130E+01
 0.15322321227065E+01
 0.15171801029782E+01
 0.15028226073609E+01
 0.14891188581607E+01
 0.14760308406591E+01
 0.14635230967609E+01
 0.14515625635836E+01
 0.14401183715129E+01
 0.14291616844936E+01
 0.14186655675308E+01
 0.14086048407885E+01
 0.13989559574246E+01
 0.13896968752008E+01
 0.13808069520959E+01
 0.13722668607880E+01
 0.13640584694707E+01
 0.13561647813746E+01
 0.13485698391128E+01
 0.13412586603306E+01
 0.13342171734545E+01
 0.13274321408467E+01
 0.13208911140082E+01
 0.13145823732356E+01
 0.13084948859524E+01
 0.13026182578253E+01
 0.12969426835004E+01
 0.12914589133737E+01
 0.12861582218686E+01
 0.12810323649271E+01
 0.12760735542538E+01
 0.12712744258398E+01
 0.12666280128685E+01
 0.12621277243789E+01
 0.12577673172365E+01
 0.12535408768260E+01
 0.12494427962310E+01
 0.12454677590329E+01
 0.12416107235628E+01
 0.12378668968500E+01
 0.12342317299690E+01
 0.12307009012517E+01
 0.12272703009817E+01
 0.12239360209236E+01
 0.12206943416124E+01
 0.12175417207246E+01
 0.12144747861155E+01
 0.12114903251822E+01
 0.12085852731715E+01
 0.12057567078910E+01
 0.12030018426909E+01
 0.12003180151403E+01
 0.11977026859877E+01
 0.11951534262244E+01
 0.11926679166702E+01
 0.11902439390597E+01
 0.11878793723612E+01
 0.11855721867494E+01
 0.11833204396095E+01
 0.11811222695485E+01
 0.11789758957377E+01
 0.11768796095623E+01
 0.11748317751415E+01
 0.11728308230381E+01
 0.11708752454612E+01
 0.11689636002752E+01
 0.11670944992912E+01
 0.11652666106118E+01
 0.11634786552423E+01
 0.11617294042878E+01
 0.11600176764118E+01
 0.11583423338416E+01
 0.11567022860449E+01
 0.11550964816607E+01
 0.11535239087780E+01
 0.11519835932174E+01
 0.11504745974276E+01
 0.11489960186145E+01
 0.11475469863243E+01
 0.11461266618026E+01
