-0.00000000000000E+00
-0.45787993606571E-04
-0.25304599996102E-02
-0.31889990841282E-01
-0.19238902878356E+00
-0.77240709108910E+00
-0.23527514096003E+01
-0.59132338726814E+01
-0.12953955340048E+02
-0.25474439784740E+02
-0.45942513271230E+02
-0.76954232486793E+02
-0.12078867057249E+03
-0.17850069401845E+03
-0.24885932359079E+03
-0.32710017176381E+03
-0.40340534328076E+03
-0.46136821894310E+03
-0.47664637014521E+03
-0.41544753442447E+03
-0.23334498175719E+03
 0.12570124689937E+03
 0.73001073133236E+03
 0.16606656532569E+04
 0.30107367422039E+04
 0.48858597679068E+04
 0.74022653300716E+04
 0.10685756566004E+05
 0.14871066284484E+05
 0.20102198606152E+05
 0.26524444375068E+05
 0.34285731233867E+05
 0.43533883744291E+05
 0.54419225960583E+05
 0.67087284257551E+05
 0.81680194864260E+05
 0.98335508604826E+05
 0.11718503894252E+06
 0.13835710398753E+06
 0.16197026562583E+06
 0.18813669722881E+06
 0.21696591258839E+06
 0.24856315902512E+06
 0.28303047926160E+06
 0.32046821076913E+06
 0.36097662479341E+06
 0.40465739275277E+06
 0.45161029943452E+06
 0.50195629071425E+06
 0.55580629013021E+06
 0.61328611643612E+06
 0.67453221941509E+06
 0.73969377551265E+06
 0.80893441005378E+06
 0.88243374235204E+06
 0.96038955963864E+06
 0.10430194978509E+07
 0.11305617139128E+07
 0.12232776798105E+07
 0.13214530397566E+07
 0.14253999747628E+07
 0.15354564027512E+07
 0.16519905754110E+07
 0.17753982908710E+07
 0.19061081807218E+07
 0.20445808580170E+07
 0.21913108801752E+07
 0.23468277725460E+07
 0.25116959572504E+07
 0.26865184977548E+07
 0.28719379534236E+07
 0.30686374542573E+07
 0.32773428270729E+07
 0.34988144751529E+07
 0.37338674322172E+07
 0.39833596647022E+07
 0.42481967062446E+07
 0.45293339771671E+07
 0.48277781311915E+07
 0.51445896183898E+07
 0.54808844601193E+07
 0.58378360000847E+07
 0.62166802277511E+07
 0.66188213455896E+07
 0.70454232587027E+07
 0.74980078014272E+07
 0.79780770359717E+07
 0.84872082775366E+07
 0.90270581059279E+07
 0.95993595338327E+07
 0.10205931927170E+08
 0.10848688001056E+08
 0.11529629227281E+08
 0.12250855074436E+08
 0.13014573204822E+08
 0.13823091952221E+08
 0.14678832448251E+08
 0.15584338893127E+08
 0.16542269652107E+08
 0.17555416471591E+08
 0.18626718423451E+08
 0.19759236473401E+08
 0.20956186188834E+08
 0.22220944453262E+08
 0.23557049558585E+08
 0.24968205073945E+08
 0.26458292768807E+08
 0.28031381598975E+08
 0.29691734040246E+08
 0.31443811495831E+08
 0.33292287724962E+08
 0.35242057347244E+08
 0.37298237986336E+08
 0.39466187616595E+08
 0.41751512406138E+08
 0.44160061763424E+08
 0.46697957969314E+08
 0.49371600868017E+08
 0.52187648752598E+08
 0.55153072900618E+08
 0.58275346470045E+08
 0.61561633387608E+08
 0.65019994538120E+08
 0.68658626926837E+08
 0.72486038406737E+08
 0.76511076718220E+08
 0.80742928131429E+08
 0.85191111721050E+08
 0.89865476043207E+08
 0.94776209929616E+08
 0.99933848884066E+08
 0.10534925516593E+09
 0.11103362837703E+09
 0.11699849421404E+09
 0.12325569966542E+09
 0.12981741663094E+09
 0.13669610687566E+09
 0.14390454644805E+09
 0.15145577020439E+09
 0.15936309904485E+09
 0.16764010885159E+09
 0.17630062562341E+09
 0.18535870484527E+09
 0.19482860584753E+09
 0.20472482602910E+09
 0.21506200397648E+09
 0.22585498373755E+09
 0.23711875094388E+09
 0.24886847213969E+09
 0.26111941739976E+09
 0.27388700791807E+09
 0.28718673320524E+09
 0.30103438931335E+09
 0.31544537810960E+09
 0.33043560420119E+09
 0.34602109791401E+09
 0.36221770010641E+09
 0.37904141390999E+09
 0.39650846313123E+09
 0.41463481340950E+09
 0.43343685707197E+09
 0.45293068846092E+09
 0.47313266851415E+09
 0.49405910273561E+09
 0.51572636128636E+09
 0.53815085449719E+09
 0.56134903548455E+09
 0.58533741561806E+09
 0.61013247055443E+09
 0.63575083813283E+09
 0.66220908250326E+09
 0.68952384284926E+09
 0.71771183055675E+09
 0.74678983945563E+09
 0.77677469934118E+09
 0.80768331108331E+09
 0.83953267788954E+09
 0.87233993542958E+09
 0.90612227397357E+09
 0.94089701874130E+09
 0.97668168156786E+09
 0.10134939091694E+10
 0.10513514635690E+10
 0.10902723320673E+10
 0.11302745465761E+10
 0.11713763900921E+10
 0.12135963473773E+10
 0.12569530691863E+10
 0.13014653589019E+10
 0.13471521302286E+10
 0.13940325484059E+10
 0.14421258667010E+10
 0.14914514794540E+10
 0.15420289615200E+10
 0.15938780403086E+10
 0.16470184910839E+10
 0.17014702795794E+10
 0.17572534537929E+10
 0.18143881883684E+10
 0.18728947833431E+10
 0.19327935781255E+10
 0.19941050631698E+10
 0.20568498519167E+10
 0.21210486098915E+10
 0.21867220843633E+10
 0.22538911436674E+10
 0.23225767642535E+10
 0.23928000349036E+10
 0.24645820851752E+10
 0.25379441962892E+10
 0.26129076467973E+10
 0.26894938538786E+10
 0.27677244646560E+10
 0.28476211711245E+10
 0.29292055050691E+10
 0.30124993975401E+10
 0.30975247850408E+10
 0.31843036627011E+10
 0.32728582299447E+10
 0.33632106280071E+10
 0.34553831961630E+10
 0.35493983563811E+10
 0.36452786445937E+10
 0.37430467070034E+10
 0.38427252495242E+10
 0.39443371071496E+10
 0.40479051796020E+10
 0.41534524867448E+10
 0.42610021546421E+10
 0.43705774081020E+10
 0.44822015405049E+10
 0.45958979691550E+10
 0.47116901925041E+10
 0.48296018171955E+10
 0.49496565553985E+10
 0.50718781911673E+10
 0.51962906466297E+10
 0.53229178537574E+10
 0.54517839449181E+10
 0.55829131160916E+10
 0.57163295595349E+10
 0.58520576898298E+10
 0.59901219632736E+10
 0.61305469530913E+10
 0.62733572927804E+10
 0.64185776890587E+10
 0.65662330100512E+10
 0.67163481792407E+10
 0.68689482048478E+10
 0.70240581834736E+10
 0.71817033149658E+10
 0.73419089045508E+10
 0.75047003115224E+10
 0.76701030094293E+10
 0.78381425623333E+10
 0.80088446194137E+10
 0.81822349303511E+10
 0.83583393101816E+10
 0.85371836273060E+10
 0.87187939414424E+10
 0.89031963563234E+10
 0.90904170312729E+10
 0.92804822319588E+10
 0.94734183139852E+10
 0.96692517238155E+10
 0.98680090171347E+10
 0.10069716796220E+11
 0.10274401757340E+11
 0.10482090696981E+11
 0.10692810526343E+11
 0.10906588176212E+11
 0.11123450713713E+11
 0.11343425274889E+11
 0.11566539096244E+11
 0.11792819486567E+11
 0.12022293843003E+11
 0.12254989655459E+11
 0.12490934485659E+11
 0.12730155991017E+11
 0.12972681961573E+11
 0.13218540162849E+11
 0.13467758567531E+11
 0.13720365136909E+11
 0.13976387944628E+11
 0.14235855263123E+11
 0.14498795219237E+11
 0.14765236211700E+11
 0.15035206706229E+11
 0.15308735183886E+11
 0.15585850221495E+11
 0.15866580504633E+11
 0.16150954910669E+11
 0.16439002186030E+11
 0.16730751278529E+11
 0.17026231220161E+11
 0.17325471180911E+11
 0.17628500339082E+11
 0.17935347945316E+11
 0.18246043377285E+11
 0.18560616105395E+11
