 0.10909164672639E+00
 0.10909164672628E+00
 0.10909164672512E+00
 0.10909164672767E+00
 0.10909164677424E+00
 0.10909164698344E+00
 0.10909164758244E+00
 0.10909164890567E+00
 0.10909165133494E+00
 0.10909165505523E+00
 0.10909165953019E+00
 0.10909166256428E+00
 0.10909165902893E+00
 0.10909163933323E+00
 0.10909158789929E+00
 0.10909148183290E+00
 0.10909128992664E+00
 0.10909097211695E+00
 0.10909047949073E+00
 0.10908975453456E+00
 0.10908873198546E+00
 0.10908733991739E+00
 0.10908550097377E+00
 0.10908313367635E+00
 0.10908015399816E+00
 0.10907647680129E+00
 0.10907201623405E+00
 0.10906668701727E+00
 0.10906040571354E+00
 0.10905309035280E+00
 0.10904466302951E+00
 0.10903504590360E+00
 0.10902416720419E+00
 0.10901195238371E+00
 0.10899833545942E+00
 0.10898324888517E+00
 0.10896662804468E+00
 0.10894841012792E+00
 0.10892853376639E+00
 0.10890693941085E+00
 0.10888356887979E+00
 0.10885836515414E+00
 0.10883127259442E+00
 0.10880223669492E+00
 0.10877120425397E+00
 0.10873812336210E+00
 0.10870294343578E+00
 0.10866561566366E+00
 0.10862609126139E+00
 0.10858432401248E+00
 0.10854026853929E+00
 0.10849388065245E+00
 0.10844511718742E+00
 0.10839393587006E+00
 0.10834029514884E+00
 0.10828415392611E+00
 0.10822547123978E+00
 0.10816420618080E+00
 0.10810031734954E+00
 0.10803376257260E+00
 0.10796449917529E+00
 0.10789248139349E+00
 0.10781766237918E+00
 0.10773999285218E+00
 0.10765942064144E+00
 0.10757589027790E+00
 0.10748934243294E+00
 0.10739971354327E+00
 0.10730693546534E+00
 0.10721093493472E+00
 0.10711163306576E+00
 0.10700894488502E+00
 0.10690277866089E+00
 0.10679303805729E+00
 0.10667961702969E+00
 0.10656240284971E+00
 0.10644127496886E+00
 0.10631610466611E+00
 0.10618675438368E+00
 0.10605307776260E+00
 0.10591492052848E+00
 0.10577211579349E+00
 0.10562448950094E+00
 0.10547180576519E+00
 0.10531396257634E+00
 0.10515071106220E+00
 0.10498183491827E+00
 0.10480710641326E+00
 0.10462628659634E+00
 0.10443912608609E+00
 0.10424536443003E+00
 0.10404472571339E+00
 0.10383692567861E+00
 0.10362166676070E+00
 0.10339863791525E+00
 0.10316751780432E+00
 0.10292797182809E+00
 0.10267965463854E+00
 0.10242220239761E+00
 0.10215524100856E+00
 0.10187838707354E+00
 0.10159123905157E+00
 0.10129338476117E+00
 0.10098439901024E+00
 0.10066384209509E+00
 0.10033126261549E+00
 0.99986197055769E-01
 0.99628167345581E-01
 0.99256683210575E-01
 0.98871243544856E-01
 0.98471334743178E-01
 0.98056431143840E-01
 0.97625998426776E-01
 0.97179490941745E-01
 0.96716351321507E-01
 0.96236021307748E-01
 0.95737930698021E-01
 0.95221502164622E-01
 0.94686160404984E-01
 0.94131321227254E-01
 0.93556315869475E-01
 0.92960728880278E-01
 0.92343907488026E-01
 0.91705277692873E-01
 0.91044283825990E-01
 0.90360381212046E-01
 0.89653038062384E-01
 0.88921742766434E-01
 0.88166011076152E-01
 0.87385385563456E-01
 0.86579439373542E-01
 0.85747785973226E-01
 0.84890079108159E-01
 0.84006020235633E-01
 0.83095361628333E-01
 0.82157907639065E-01
 0.81193533451030E-01
 0.80202169093997E-01
 0.79183818718258E-01
 0.78138558631951E-01
 0.77066543107322E-01
 0.75968000185111E-01
 0.74843242062477E-01
 0.73692663825178E-01
 0.72516741866132E-01
 0.71316038479125E-01
 0.70091197423357E-01
 0.68842945639761E-01
 0.67572085712463E-01
 0.66279505179311E-01
 0.64966161504147E-01
 0.63633088362801E-01
 0.62281318980933E-01
 0.60912163921095E-01
 0.59526796866842E-01
 0.58126497033533E-01
 0.56712638583160E-01
 0.55286636899179E-01
 0.53849957263205E-01
 0.52404140662773E-01
 0.50950766004516E-01
 0.49491483811315E-01
 0.48028000938638E-01
 0.46562083547148E-01
 0.45095562110928E-01
 0.43630329455477E-01
 0.42168347221863E-01
 0.40711653055676E-01
 0.39262344920845E-01
 0.37822589485807E-01
 0.36394623643133E-01
 0.34980737968201E-01
 0.33583274658176E-01
 0.32204613344126E-01
 0.30847147941090E-01
 0.29513282727797E-01
 0.28205392380029E-01
 0.26925793058403E-01
 0.25676719130260E-01
 0.24460282983957E-01
 0.23278440630990E-01
 0.22132963153912E-01
 0.21025397116201E-01
 0.19957055767009E-01
 0.18928980754261E-01
 0.17941929862556E-01
 0.16996385789297E-01
 0.16092540143570E-01
 0.15230318176188E-01
 0.14409393808575E-01
 0.13629163220760E-01
 0.12888855683880E-01
 0.12187494308625E-01
 0.11523949608983E-01
 0.10896958294413E-01
 0.10305160073149E-01
 0.97471213618287E-02
 0.92213561350660E-02
 0.87263521712297E-02
 0.82604343516490E-02
 0.78223985692228E-02
 0.74106001276227E-02
 0.70235803653226E-02
 0.66599225677486E-02
 0.63182597065552E-02
 0.59972778153292E-02
 0.56957201423582E-02
 0.54123901214476E-02
 0.51461513791551E-02
 0.48959270375719E-02
 0.46607021812493E-02
 0.44395193235871E-02
 0.42314774789718E-02
 0.40357305125551E-02
 0.38514868279569E-02
 0.36780037833566E-02
 0.35145869651971E-02
 0.33605870813986E-02
 0.32153976781889E-02
 0.30784541575721E-02
 0.29492256622370E-02
 0.28272211032117E-02
 0.27119808450573E-02
 0.26030766812972E-02
 0.25001093638479E-02
 0.24027066413118E-02
 0.23105215979004E-02
 0.22232308514022E-02
 0.21405328859806E-02
 0.20621464254041E-02
 0.19878092049532E-02
 0.19172766574248E-02
 0.18503205283813E-02
 0.17867277276328E-02
 0.17262992946139E-02
 0.16688495559376E-02
 0.16142048206237E-02
 0.15622029430176E-02
 0.15126922027353E-02
 0.14655307642831E-02
 0.14205859467470E-02
 0.13777334940404E-02
 0.13368570478098E-02
 0.12978475705708E-02
 0.12606029334011E-02
 0.12250273871046E-02
 0.11910310401896E-02
 0.11585295574699E-02
 0.11274438012060E-02
 0.10976993949166E-02
 0.10692264185387E-02
 0.10419592199206E-02
 0.10158359916953E-02
 0.99079860044107E-03
 0.96679230867703E-03
 0.94376555813801E-03
 0.92166977164767E-03
 0.90045917165856E-03
 0.88009059268432E-03
 0.86052328198858E-03
 0.84171878626159E-03
 0.82364079905149E-03
 0.80625502617977E-03
 0.78952905412216E-03
 0.77343223653496E-03
 0.75793556772047E-03
 0.74301162698925E-03
 0.72863445053021E-03
 0.71477943714601E-03
 0.70142328586980E-03
 0.68854391803822E-03
 0.67612038168546E-03
 0.66413282856401E-03
 0.65256239916947E-03
 0.64139120197641E-03
 0.63060224174640E-03
 0.62017937854879E-03
 0.61010726838706E-03
 0.60037132439312E-03
 0.59095766631995E-03
 0.58185310102063E-03
 0.57304505665699E-03
 0.56452158232314E-03
 0.55627128366706E-03
 0.54828328936846E-03
 0.54054727245280E-03
 0.53305336119993E-03
 0.52579214162644E-03
 0.51875464257533E-03
 0.51193229757308E-03
 0.50531692742466E-03
 0.49890070628304E-03
 0.49267618729737E-03
 0.48663623731848E-03
 0.48077403496918E-03
 0.47508305888398E-03
 0.46955707253910E-03
 0.46419011743150E-03
 0.45897647758507E-03
 0.45391068499876E-03
