 0.11003733297191E+01
 0.11003733293926E+01
 0.11003733258756E+01
 0.11003733110890E+01
 0.11003732711308E+01
 0.11003731866943E+01
 0.11003730334000E+01
 0.11003727820619E+01
 0.11003723998508E+01
 0.11003718543107E+01
 0.11003711222533E+01
 0.11003702043823E+01
 0.11003691441862E+01
 0.11003680480822E+01
 0.11003671031184E+01
 0.11003665893212E+01
 0.11003668850749E+01
 0.11003684652103E+01
 0.11003718924363E+01
 0.11003778040349E+01
 0.11003868947623E+01
 0.11003998980215E+01
 0.11004175667391E+01
 0.11004406548522E+01
 0.11004699003014E+01
 0.11005060093154E+01
 0.11005496451355E+01
 0.11006014170773E+01
 0.11006618713797E+01
 0.11007314858717E+01
 0.11008106657432E+01
 0.11008997421415E+01
 0.11009989700054E+01
 0.11011085311438E+01
 0.11012285330290E+01
 0.11013590142614E+01
 0.11014999468674E+01
 0.11016512408611E+01
 0.11018127485685E+01
 0.11019842701042E+01
 0.11021655578600E+01
 0.11023563218570E+01
 0.11025562348706E+01
 0.11027649378041E+01
 0.11029820443751E+01
 0.11032071458814E+01
 0.11034398156824E+01
 0.11036796127855E+01
 0.11039260882490E+01
 0.11041787853581E+01
 0.11044372451389E+01
 0.11047010088755E+01
 0.11049696209341E+01
 0.11052426312087E+01
 0.11055195972336E+01
 0.11058000861869E+01
 0.11060836766464E+01
 0.11063699598897E+01
 0.11066585411974E+01
 0.11069490409211E+01
 0.11072410937471E+01
 0.11075343544297E+01
 0.11078284927808E+01
 0.11081231964113E+01
 0.11084181706675E+01
 0.11087131389403E+01
 0.11090078425280E+01
 0.11093020410986E+01
 0.11095955127052E+01
 0.11098880528165E+01
 0.11101794746699E+01
 0.11104696090885E+01
 0.11107583047773E+01
 0.11110454242192E+01
 0.11113308496084E+01
 0.11116144782887E+01
 0.11118962231469E+01
 0.11121760122323E+01
 0.11124537893661E+01
 0.11127295125642E+01
 0.11130031516506E+01
 0.11132746963038E+01
 0.11135441439852E+01
 0.11138115365142E+01
 0.11140768477731E+01
 0.11143401391103E+01
 0.11146014600454E+01
 0.11148608721059E+01
 0.11151184486436E+01
 0.11153742728016E+01
 0.11156284374265E+01
 0.11158810510942E+01
 0.11161322282503E+01
 0.11163820948451E+01
 0.11166307881662E+01
 0.11168784521401E+01
 0.11171252415996E+01
 0.11173713146904E+01
 0.11176168519114E+01
 0.11178620393579E+01
 0.11181070577443E+01
 0.11183521153247E+01
 0.11185974189758E+01
 0.11188431847625E+01
 0.11190896373286E+01
 0.11193370101401E+01
 0.11195855431562E+01
 0.11198354863327E+01
 0.11200870965193E+01
 0.11203406370913E+01
 0.11205963785655E+01
 0.11208545985083E+01
 0.11211155795866E+01
 0.11213796111077E+01
 0.11216469898229E+01
 0.11219180110774E+01
 0.11221929779076E+01
 0.11224721971792E+01
 0.11227559750070E+01
 0.11230446213628E+01
 0.11233384949575E+01
 0.11236378074980E+01
 0.11239429058155E+01
 0.11242540966614E+01
 0.11245716692721E+01
 0.11248959046604E+01
 0.11252270772015E+01
 0.11255654433332E+01
 0.11259112473187E+01
 0.11262647110660E+01
 0.11266260350254E+01
 0.11269953916781E+01
 0.11273729243665E+01
 0.11277587417959E+01
 0.11281529154420E+01
 0.11285554746548E+01
 0.11289663959470E+01
 0.11293856152792E+01
 0.11298130064406E+01
 0.11302483842993E+01
 0.11306914971977E+01
 0.11311420297701E+01
 0.11315995898478E+01
 0.11320637091059E+01
 0.11325338376714E+01
 0.11330093414770E+01
 0.11334894987717E+01
 0.11339734970934E+01
 0.11344604331803E+01
 0.11349492994155E+01
 0.11354389999912E+01
 0.11359283370253E+01
 0.11364160393867E+01
 0.11369006282605E+01
 0.11373806085451E+01
 0.11378543908831E+01
 0.11383202324736E+01
 0.11387762846795E+01
 0.11392206255979E+01
 0.11396511899191E+01
 0.11400658142152E+01
 0.11404622357686E+01
 0.11408380740875E+01
 0.11411908663275E+01
 0.11415180458876E+01
 0.11418169691779E+01
 0.11420849128268E+01
 0.11423190751410E+01
 0.11425166373619E+01
 0.11426747311893E+01
 0.11427905137503E+01
 0.11428611626886E+01
 0.11428839114621E+01
 0.11428561016300E+01
 0.11427752388456E+01
 0.11426389983344E+01
 0.11424452894645E+01
 0.11421923241343E+01
 0.11418786334717E+01
 0.11415031323883E+01
 0.11410651387137E+01
 0.11405644088028E+01
 0.11400011826032E+01
 0.11393761430264E+01
 0.11386904836900E+01
 0.11379458459244E+01
 0.11371443007855E+01
 0.11362883330590E+01
 0.11353807911408E+01
 0.11344248423282E+01
 0.11334238843544E+01
 0.11323815512936E+01
 0.11313016000927E+01
 0.11301878681967E+01
 0.11290442304197E+01
 0.11278745301579E+01
 0.11266825580216E+01
 0.11254719841408E+01
 0.11242463488958E+01
 0.11230090174730E+01
 0.11217631939685E+01
 0.11205118624035E+01
 0.11192578041879E+01
 0.11180035870290E+01
 0.11167515675358E+01
 0.11155038912907E+01
 0.11142625028367E+01
 0.11130291431993E+01
 0.11118053730157E+01
 0.11105925606584E+01
 0.11093919215106E+01
 0.11082045095036E+01
 0.11070312376957E+01
 0.11058728773388E+01
 0.11047300838092E+01
 0.11036034027704E+01
 0.11024932748980E+01
 0.11014000462429E+01
 0.11003239870538E+01
 0.10992652940836E+01
 0.10982240833343E+01
 0.10972004251238E+01
 0.10961943342852E+01
 0.10952057787466E+01
 0.10942346859400E+01
 0.10932809455702E+01
 0.10923444174356E+01
 0.10914249343172E+01
 0.10905223049711E+01
 0.10896363182870E+01
 0.10887667456911E+01
 0.10879133462925E+01
 0.10870758657412E+01
 0.10862540404691E+01
 0.10854475987538E+01
 0.10846562644905E+01
 0.10838797546971E+01
 0.10831177866324E+01
 0.10823700724459E+01
 0.10816363238922E+01
 0.10809162568402E+01
 0.10802095831457E+01
 0.10795160182286E+01
 0.10788352790598E+01
 0.10781670861829E+01
 0.10775111643905E+01
 0.10768672399633E+01
 0.10762350430595E+01
 0.10756143093860E+01
 0.10750047787548E+01
 0.10744061953932E+01
 0.10738183078807E+01
 0.10732408699958E+01
 0.10726736404502E+01
 0.10721163826209E+01
 0.10715688654869E+01
 0.10710308621848E+01
 0.10705021516809E+01
 0.10699825197776E+01
 0.10694717529205E+01
 0.10689696452315E+01
 0.10684759955361E+01
 0.10679906073555E+01
 0.10675132891210E+01
 0.10670438538310E+01
 0.10665821188586E+01
 0.10661279063428E+01
 0.10656810434168E+01
 0.10652413609089E+01
 0.10648086939334E+01
 0.10643828822630E+01
 0.10639637692728E+01
 0.10635512030069E+01
 0.10631450345570E+01
 0.10627451195959E+01
 0.10623513173488E+01
 0.10619634905818E+01
 0.10615815056167E+01
 0.10612052320560E+01
 0.10608345433796E+01
 0.10604693159522E+01
 0.10601094294757E+01
 0.10597547669457E+01
 0.10594052143789E+01
 0.10590606596522E+01
 0.10587209960448E+01
 0.10583861166791E+01
 0.10580559198442E+01
 0.10577303044861E+01
 0.10574091736944E+01
 0.10570924325693E+01
 0.10567799874321E+01
 0.10564717490771E+01
 0.10561676295520E+01
 0.10558675429195E+01
 0.10555714055865E+01
 0.10552791361987E+01
 0.10549906555198E+01
 0.10547058862287E+01
 0.10544247527332E+01
