 0.19106043519162E+00
 0.19106043519174E+00
 0.19106043519449E+00
 0.19106043521232E+00
 0.19106043527427E+00
 0.19106043542382E+00
 0.19106043569864E+00
 0.19106043604563E+00
 0.19106043610244E+00
 0.19106043473844E+00
 0.19106042949796E+00
 0.19106041598846E+00
 0.19106038740077E+00
 0.19106033421089E+00
 0.19106024413986E+00
 0.19106010231892E+00
 0.19105989161972E+00
 0.19105959298862E+00
 0.19105918580009E+00
 0.19105864809429E+00
 0.19105795820820E+00
 0.19105709374237E+00
 0.19105603267795E+00
 0.19105475307671E+00
 0.19105323357620E+00
 0.19105145374704E+00
 0.19104939388816E+00
 0.19104703527766E+00
 0.19104436005442E+00
 0.19104135164227E+00
 0.19103799370319E+00
 0.19103427206509E+00
 0.19103017194876E+00
 0.19102568195269E+00
 0.19102078910100E+00
 0.19101548282764E+00
 0.19100975315670E+00
 0.19100359112237E+00
 0.19099698878931E+00
 0.19098993973098E+00
 0.19098243825089E+00
 0.19097447992875E+00
 0.19096606151602E+00
 0.19095718107862E+00
 0.19094783804871E+00
 0.19093803327169E+00
 0.19092776913982E+00
 0.19091704962165E+00
 0.19090588037210E+00
 0.19089426871653E+00
 0.19088222385168E+00
 0.19086975685224E+00
 0.19085688077446E+00
 0.19084361071703E+00
 0.19082996389966E+00
 0.19081595972961E+00
 0.19080161987837E+00
 0.19078696830621E+00
 0.19077203135451E+00
 0.19075683782444E+00
 0.19074141897406E+00
 0.19072580857863E+00
 0.19071004302445E+00
 0.19069416127810E+00
 0.19067820501870E+00
 0.19066221852556E+00
 0.19064624880474E+00
 0.19063034563560E+00
 0.19061456158769E+00
 0.19059895199983E+00
 0.19058357507739E+00
 0.19056849183155E+00
 0.19055376617266E+00
 0.19053946485810E+00
 0.19052565733031E+00
 0.19051241642887E+00
 0.19049981786315E+00
 0.19048794016659E+00
 0.19047686492937E+00
 0.19046667682913E+00
 0.19045746364085E+00
 0.19044931620853E+00
 0.19044232856626E+00
 0.19043659797193E+00
 0.19043224722806E+00
 0.19042933973961E+00
 0.19042800163564E+00
 0.19042834414773E+00
 0.19043048103785E+00
 0.19043453062038E+00
 0.19044061475958E+00
 0.19044885901233E+00
 0.19045939264792E+00
 0.19047234923791E+00
 0.19048786680157E+00
 0.19050608746287E+00
 0.19052715750055E+00
 0.19055122819548E+00
 0.19057845571558E+00
 0.19060899975964E+00
 0.19064302575087E+00
 0.19068070606016E+00
 0.19072221625219E+00
 0.19076773790132E+00
 0.19081745853777E+00
 0.19087157155925E+00
 0.19093027630083E+00
 0.19099377826073E+00
 0.19106228919560E+00
 0.19113602726825E+00
 0.19121521826298E+00
 0.19130009375410E+00
 0.19139089230805E+00
 0.19148785823096E+00
 0.19159124622977E+00
 0.19170131578690E+00
 0.19181833232509E+00
 0.19194256987110E+00
 0.19207430924911E+00
 0.19221383712731E+00
 0.19236144734687E+00
 0.19251747681946E+00
 0.19268216093647E+00
 0.19285584267819E+00
 0.19303883935495E+00
 0.19323146931713E+00
 0.19343405491139E+00
 0.19364692144510E+00
 0.19387039556663E+00
 0.19410480403785E+00
 0.19435047282246E+00
 0.19460772528185E+00
 0.19487688104675E+00
 0.19515825567466E+00
 0.19545215619831E+00
 0.19575888270155E+00
 0.19607872528751E+00
 0.19641196031989E+00
 0.19675885108754E+00
 0.19711964935952E+00
 0.19749458612370E+00
 0.19788387701411E+00
 0.19828771639980E+00
 0.19870627931945E+00
 0.19913971919111E+00
 0.19958816812462E+00
 0.20005173421161E+00
 0.20053050544015E+00
 0.20102454550308E+00
 0.20153389524944E+00
 0.20205857541087E+00
 0.20259858441170E+00
 0.20315390024727E+00
 0.20372448120223E+00
 0.20431030457142E+00
 0.20491122308314E+00
 0.20552717842808E+00
 0.20615806272193E+00
 0.20680375183871E+00
 0.20746410686845E+00
 0.20813898755100E+00
 0.20882822400952E+00
 0.20953164344258E+00
 0.21024906025624E+00
 0.21098027286504E+00
 0.21172506185653E+00
 0.21248319815900E+00
 0.21325443431987E+00
 0.21403849295208E+00
 0.21483508844873E+00
 0.21564390263678E+00
 0.21646459211009E+00
 0.21729678853132E+00
 0.21814008359468E+00
 0.21899403030426E+00
 0.21985814755734E+00
 0.22073191255604E+00
 0.22161476037003E+00
 0.22250608055529E+00
 0.22340521829125E+00
 0.22431147194497E+00
 0.22522409865346E+00
 0.22614231700245E+00
 0.22706530827913E+00
 0.22799222094049E+00
 0.22892217866164E+00
 0.22985429107293E+00
 0.23078765718109E+00
 0.23172135816049E+00
 0.23265447511902E+00
 0.23358616528979E+00
 0.23451553366575E+00
 0.23544174736298E+00
 0.23636399894752E+00
 0.23728152328685E+00
 0.23819360212391E+00
 0.23909955990581E+00
 0.23999877300445E+00
 0.24089066465551E+00
 0.24177470855795E+00
 0.24265042727148E+00
 0.24351738868694E+00
 0.24437520413153E+00
 0.24522352845079E+00
 0.24606205434381E+00
 0.24689050976348E+00
 0.24770866237906E+00
 0.24851629977868E+00
 0.24931324456943E+00
 0.25009933821853E+00
 0.25087445189305E+00
 0.25163847445828E+00
 0.25239131374505E+00
 0.25313288676315E+00
 0.25386313434651E+00
 0.25458200731804E+00
 0.25528946984438E+00
 0.25598549645122E+00
 0.25667007082119E+00
 0.25734318666131E+00
 0.25800483621608E+00
 0.25865504726330E+00
 0.25929383009568E+00
 0.25992120409781E+00
 0.26053720103465E+00
 0.26114185476981E+00
 0.26173520794884E+00
 0.26231730359231E+00
 0.26288819705039E+00
 0.26344794058903E+00
 0.26399659599811E+00
 0.26453422866606E+00
 0.26506090556454E+00
 0.26557670020615E+00
 0.26608168636550E+00
 0.26657594420567E+00
 0.26705955685588E+00
 0.26753260876261E+00
 0.26799519142770E+00
 0.26844739424756E+00
 0.26888931187732E+00
 0.26932104057454E+00
 0.26974268359174E+00
 0.27015433808844E+00
 0.27055611100000E+00
 0.27094810160306E+00
 0.27133042268759E+00
 0.27170318270222E+00
 0.27206649402346E+00
 0.27242046805425E+00
 0.27276521898618E+00
 0.27310085982334E+00
 0.27342750796333E+00
 0.27374528163827E+00
 0.27405430048700E+00
 0.27435468174138E+00
 0.27464654526166E+00
 0.27493001048134E+00
 0.27520519968975E+00
 0.27547223424807E+00
 0.27573123476957E+00
 0.27598232441303E+00
 0.27622562465106E+00
 0.27646125710544E+00
 0.27668934387542E+00
 0.27691000694665E+00
 0.27712336815590E+00
 0.27732954900751E+00
 0.27752866986930E+00
 0.27772085276438E+00
 0.27790621705111E+00
 0.27808488247023E+00
 0.27825696807065E+00
 0.27842259219730E+00
 0.27858187211882E+00
 0.27873492585540E+00
 0.27888186883669E+00
 0.27902281588192E+00
 0.27915788202632E+00
 0.27928718061487E+00
 0.27941082389951E+00
 0.27952892351974E+00
 0.27964158929556E+00
 0.27974893071320E+00
 0.27985105594789E+00
 0.27994807194750E+00
 0.28004008464126E+00
 0.28012719842040E+00
 0.28020951581367E+00
 0.28028714053300E+00
 0.28036017258875E+00
 0.28042871211251E+00
 0.28049285713718E+00
 0.28055270493169E+00
 0.28060835037969E+00
 0.28065988895040E+00
 0.28070741287057E+00
 0.28075101548158E+00
 0.28079078479884E+00
 0.28082681086846E+00
