 0.00000000000000E+00
-0.17261580854724E-22
-0.57994464243632E-21
-0.15130150870923E-20
-0.32462098935253E-20
 0.22770832586457E-21
-0.12045305727366E-19
-0.52259060785918E-19
-0.32385184122961E-20
-0.21247919303074E-19
-0.13598857555464E-18
-0.10383499659424E-18
-0.15044296274872E-19
 0.10898133753332E-19
 0.93269330274126E-19
-0.11238966965446E-11
-0.17469342862690E-11
-0.40804423568926E-11
 0.91724054507874E-12
 0.13352496571386E-11
 0.73004270311559E-11
 0.16799124505749E-10
 0.13591017781376E-09
 0.10874381830006E-08
 0.34252183388084E-08
-0.95340841613173E-09
 0.52763456638310E-07
-0.18885228409379E-06
 0.38717955489223E-06
 0.43278228368111E-07
-0.28370791063435E-06
-0.10119231845759E-06
-0.72760398496765E-07
 0.34544190569067E-06
-0.77197729945405E-07
 0.77376717438826E-07
-0.10759505798279E-07
-0.21477614766255E-06
-0.11941644447195E-06
-0.37447851494545E-07
-0.25914300161738E-07
 0.66733168826560E-07
-0.79327234338030E-07
 0.38773333204840E-07
 0.23767523024300E-07
 0.14874946901876E-06
 0.25661024214722E-06
 0.35956873428986E-06
 0.34485977075543E-06
 0.47684019063592E-06
 0.69078329380693E-06
 0.94310686741158E-06
 0.12174707618451E-05
 0.16655268165715E-05
 0.21835425218590E-05
 0.27464186404475E-05
 0.34844128504493E-05
 0.44328131115290E-05
 0.55179140875879E-05
 0.68656398089948E-05
 0.84711411527671E-05
 0.10393115031273E-04
 0.12666579534373E-04
 0.15279998402043E-04
 0.18344525118389E-04
 0.21937355487370E-04
 0.26043888049392E-04
 0.30798458649371E-04
 0.36241401721837E-04
 0.42434588570946E-04
 0.49446010931183E-04
 0.57391970607986E-04
 0.66374252115334E-04
 0.76335034639457E-04
 0.87527492016483E-04
 0.10001321613714E-03
 0.11384337106680E-03
 0.12914766406332E-03
 0.14601478416644E-03
 0.16462991549257E-03
 0.18503149015031E-03
 0.20730571912033E-03
 0.23157482821958E-03
 0.25857693467051E-03
 0.28950087896705E-03
 0.31895673469295E-03
 0.35241790910599E-03
 0.38902779606330E-03
 0.42848605251475E-03
 0.47094441987933E-03
 0.51652823129669E-03
 0.56542692114505E-03
 0.61776956650605E-03
 0.67369270614460E-03
 0.73339426214643E-03
 0.79701132240032E-03
 0.86471111045714E-03
 0.93665401032433E-03
 0.10130493627151E-02
 0.10939192538122E-02
 0.11796843724515E-02
 0.12703297831988E-02
 0.13660962932347E-02
 0.14671501417924E-02
 0.15737293596878E-02
 0.16859659677841E-02
 0.18040577334880E-02
 0.19282090064739E-02
 0.20586158205558E-02
 0.21954735024579E-02
 0.23389971975025E-02
 0.24893663162307E-02
 0.26467936127745E-02
 0.28115011738138E-02
 0.29836855788485E-02
 0.31635466335098E-02
 0.33513081837002E-02
 0.35471254954224E-02
 0.37514337101417E-02
 0.39636329716540E-02
 0.41858069875998E-02
 0.44168550456899E-02
 0.46550468903284E-02
 0.49036394841630E-02
 0.51617073359690E-02
 0.54293443612795E-02
 0.57067162655989E-02
 0.59939467786018E-02
 0.62911680139473E-02
 0.65984256318210E-02
 0.69158010581945E-02
 0.72433419090288E-02
 0.75810532432292E-02
 0.79289315117219E-02
 0.82868984475881E-02
 0.86548841285024E-02
 0.90327478713345E-02
 0.94203600781976E-02
 0.98174443369409E-02
 0.10223816736579E-01
 0.10639180018976E-01
 0.11063130694970E-01
 0.11495390800020E-01
 0.11935524662545E-01
 0.12382986811062E-01
 0.12837389570112E-01
 0.13298118590263E-01
 0.13764586287462E-01
 0.14236343653463E-01
 0.14712791125245E-01
 0.15192887143734E-01
 0.15676115741221E-01
 0.16162150186847E-01
 0.16650315652198E-01
 0.17139373347236E-01
 0.17628103558905E-01
 0.18117048404838E-01
 0.18604730310317E-01
 0.19090735739402E-01
 0.19574309142804E-01
 0.20054251333656E-01
 0.20530454088091E-01
 0.21001867394175E-01
 0.21468028141385E-01
 0.21928230446815E-01
 0.22381482228276E-01
 0.22827604671786E-01
 0.23265718323087E-01
 0.23695273140788E-01
 0.24115675681240E-01
 0.24526457593871E-01
 0.24926998537817E-01
 0.25316936656634E-01
 0.25695757348123E-01
 0.26062974012701E-01
 0.26418338689662E-01
 0.26761304574799E-01
 0.27091745031824E-01
 0.27409256191557E-01
 0.27713663732286E-01
 0.28004829125956E-01
 0.28282660325733E-01
 0.28547005685361E-01
 0.28797936417770E-01
 0.29035394882607E-01
 0.29259688972545E-01
 0.29470864667682E-01
 0.29668920521743E-01
 0.29854445881809E-01
 0.30027571470341E-01
 0.30188807265913E-01
 0.30338281438135E-01
 0.30476614192982E-01
 0.30603985920219E-01
 0.30720925777056E-01
 0.30828025110193E-01
 0.30925650064571E-01
 0.31014180945708E-01
 0.31094136481970E-01
 0.31165978098312E-01
 0.31230168662200E-01
 0.31286978479341E-01
 0.31336884676288E-01
 0.31380412280673E-01
 0.31417803276925E-01
 0.31449168006550E-01
 0.31475100118610E-01
 0.31496061346257E-01
 0.31512200746559E-01
 0.31523809765644E-01
 0.31531071130358E-01
 0.31534326643128E-01
 0.31533738281950E-01
 0.31529611342093E-01
 0.31522136164026E-01
 0.31511468487414E-01
 0.31497817395861E-01
 0.31481355349951E-01
 0.31462272193575E-01
 0.31440716723717E-01
 0.31416770184904E-01
 0.31390632055179E-01
 0.31362456961214E-01
 0.31332343084183E-01
 0.31300322166443E-01
 0.31266608472578E-01
 0.31231235388630E-01
 0.31194395572019E-01
 0.31156145283273E-01
 0.31116436180069E-01
 0.31075485124257E-01
 0.31033320704082E-01
 0.30990123871040E-01
 0.30945832783685E-01
 0.30900463463244E-01
 0.30854232710344E-01
 0.30807070663921E-01
 0.30759195319252E-01
 0.30710543427933E-01
 0.30661043108890E-01
 0.30610876092522E-01
 0.30560055481271E-01
 0.30508652330457E-01
 0.30456810175377E-01
 0.30404386610214E-01
 0.30351638114861E-01
 0.30298205272603E-01
 0.30244317969102E-01
 0.30190204132406E-01
 0.30135700142180E-01
 0.30080724583125E-01
 0.30025505092520E-01
 0.29969978300002E-01
 0.29914218392816E-01
 0.29858261072113E-01
 0.29801968996017E-01
 0.29745470318979E-01
 0.29688794885625E-01
 0.29631876647436E-01
 0.29574825435392E-01
 0.29517725873317E-01
 0.29460531893414E-01
 0.29403077313577E-01
 0.29345556308567E-01
 0.29287931794591E-01
 0.29230215478106E-01
 0.29172439292764E-01
 0.29114620123873E-01
 0.29056766922773E-01
 0.28998863981730E-01
 0.28940940830037E-01
 0.28882977974167E-01
 0.28824984532373E-01
 0.28766976278602E-01
 0.28709050663063E-01
 0.28651068667164E-01
 0.28593103277719E-01
 0.28535160376375E-01
 0.28477241020569E-01
 0.28419362050121E-01
 0.28361520831778E-01
 0.28303714144439E-01
 0.28245963109777E-01
 0.28188260073154E-01
 0.28130603379927E-01
 0.28073000885721E-01
 0.28015467347610E-01
 0.27958027986519E-01
 0.27900624061450E-01
 0.27843298407310E-01
 0.27786047008737E-01
 0.27728929132165E-01
 0.27671856855362E-01
 0.27614887604444E-01
 0.27558002515350E-01
 0.27501196774070E-01
 0.27444479893552E-01
 0.27387914077203E-01
 0.27331405041818E-01
 0.27274987789016E-01
