 0.00000000000000E+00
 0.35966530070308E-24
 0.16280234466013E-22
 0.73777497580119E-22
 0.35507634035360E-21
 0.16368767463109E-20
 0.51588598993623E-20
 0.84613936424687E-20
 0.13900860984056E-19
 0.17043664336973E-19
 0.85273265799425E-19
 0.90456327273059E-19
 0.45003456296207E-19
 0.63892156075785E-20
-0.93800592379368E-19
 0.16177051240722E-11
 0.34851175896807E-11
 0.46944828456073E-11
-0.29668162103986E-11
-0.49288128938855E-11
-0.89728977015840E-11
-0.49203656067269E-10
-0.43296413438536E-09
-0.39681821640615E-09
-0.13085550427904E-07
-0.53821220412225E-08
-0.13840605427726E-06
 0.69701227186583E-06
-0.10062782189120E-05
 0.43443758518367E-07
 0.10732861614101E-05
 0.57983429183990E-06
 0.48724510945242E-06
-0.10113649914324E-05
 0.70497030241447E-06
-0.56482987142821E-06
 0.30801640858793E-06
 0.11331480949279E-05
 0.65205533805850E-06
-0.31769056589788E-06
 0.42452356448282E-06
-0.29264300273555E-06
 0.97999293090788E-06
 0.25364698795737E-06
 0.73172187399288E-06
-0.20075305795508E-06
-0.79583596244857E-07
-0.65515811549805E-06
 0.10300854211394E-05
 0.11505568502027E-05
 0.70790520195374E-06
 0.81429733195558E-06
 0.17140096533989E-05
 0.13788345754626E-05
 0.16888939148561E-05
 0.25300393846501E-05
 0.38163280883039E-05
 0.42221557324579E-05
 0.54628516161993E-05
 0.67024358305008E-05
 0.85727366519080E-05
 0.10370316046454E-04
 0.12022269691103E-04
 0.15276558655415E-04
 0.18735962754947E-04
 0.21979442176256E-04
 0.26310517611621E-04
 0.31354732137305E-04
 0.36545819147619E-04
 0.42594169703346E-04
 0.49988919762918E-04
 0.57617903403621E-04
 0.65567016965364E-04
 0.76638755272952E-04
 0.87320044982370E-04
 0.99851818315966E-04
 0.11365981555103E-03
 0.12887276129303E-03
 0.14639324635605E-03
 0.16440926241543E-03
 0.18468756642395E-03
 0.21052874217780E-03
 0.23357705553868E-03
 0.27365180391543E-03
 0.25616002010684E-03
 0.32112425967659E-03
 0.35280933615677E-03
 0.38938988405741E-03
 0.42879592508996E-03
 0.47119324994639E-03
 0.51716795370474E-03
 0.56612015312798E-03
 0.61808201982589E-03
 0.67501763051756E-03
 0.73439358224796E-03
 0.79822917184557E-03
 0.86610066359498E-03
 0.93836795896221E-03
 0.10150351485537E-02
 0.10961989960530E-02
 0.11823033642163E-02
 0.12733598665210E-02
 0.13693026595203E-02
 0.14716451088243E-02
 0.15785297123115E-02
 0.16910992294915E-02
 0.18099978076930E-02
 0.19352653707306E-02
 0.20665177620748E-02
 0.22043660216879E-02
 0.23487243394118E-02
 0.25003950242249E-02
 0.26596937413974E-02
 0.28250487532385E-02
 0.29982985477658E-02
 0.31797161552303E-02
 0.33685232873210E-02
 0.35704325927857E-02
 0.37555737626581E-02
 0.40142252629846E-02
 0.42263660407592E-02
 0.44229062129581E-02
 0.46780940823155E-02
 0.49295472559141E-02
 0.51873086436030E-02
 0.54544791959226E-02
 0.57302903988352E-02
 0.60163207971211E-02
 0.63098275003028E-02
 0.66127413146700E-02
 0.69245201587316E-02
 0.72447003964990E-02
 0.75735213266825E-02
 0.79092095328114E-02
 0.82530134116716E-02
 0.86038416585727E-02
 0.89605699913712E-02
 0.93230136281073E-02
 0.96914478006304E-02
 0.10063619083034E-01
 0.10439195933383E-01
 0.10821747197138E-01
 0.11202518212138E-01
 0.11581883414489E-01
 0.11966487366809E-01
 0.12348431040647E-01
 0.12728308869650E-01
 0.13114703950265E-01
 0.13484891392089E-01
 0.13832794124869E-01
 0.14202637038870E-01
 0.14586013574856E-01
 0.14935324662121E-01
 0.15246282647890E-01
 0.15556107529180E-01
 0.15916069889185E-01
 0.16195563077001E-01
 0.16506154091611E-01
 0.16764003242597E-01
 0.17034587656082E-01
 0.17291367849808E-01
 0.17522137230800E-01
 0.17734944375145E-01
 0.17938916236671E-01
 0.18104934575478E-01
 0.18275122064045E-01
 0.18413145836150E-01
 0.18528100813582E-01
 0.18620619796140E-01
 0.18694951124550E-01
 0.18744508260909E-01
 0.18777302239531E-01
 0.18779879670589E-01
 0.18756151713056E-01
 0.18715483213025E-01
 0.18641396041640E-01
 0.18552160759993E-01
 0.18432530528818E-01
 0.18292189373244E-01
 0.18134649997428E-01
 0.17954249873706E-01
 0.17746964820536E-01
 0.17526884340439E-01
 0.17282698359648E-01
 0.17038483541533E-01
 0.16769723841848E-01
 0.16478967717377E-01
 0.16198883028369E-01
 0.15901147261691E-01
 0.15614739907766E-01
 0.15308812911226E-01
 0.15003582185669E-01
 0.14691716178272E-01
 0.14392541096632E-01
 0.14108691485778E-01
 0.13811654998541E-01
 0.13524193920484E-01
 0.13245711702269E-01
 0.12975843005430E-01
 0.12711991937144E-01
 0.12443490966601E-01
 0.12201403999398E-01
 0.11977286285358E-01
 0.11739183992474E-01
 0.11495097903497E-01
 0.11289066087553E-01
 0.11090320233544E-01
 0.10894704160168E-01
 0.10705359752800E-01
 0.10518407368277E-01
 0.10343179112068E-01
 0.10168851416584E-01
 0.10010789748824E-01
 0.98550248255661E-02
 0.97027597138910E-02
 0.95546312506169E-02
 0.94141303456565E-02
 0.92841325025663E-02
 0.91532254158488E-02
 0.90239919676282E-02
 0.89042982898142E-02
 0.87931191409558E-02
 0.86801103318432E-02
 0.85653300105674E-02
 0.84626382394379E-02
 0.83577940210063E-02
 0.82704374884446E-02
 0.81732758120129E-02
 0.80718097422289E-02
 0.79852348955727E-02
 0.78997730548247E-02
 0.78265341520233E-02
 0.77369113594304E-02
 0.76548092195198E-02
 0.75837972086701E-02
 0.75070333096600E-02
 0.74426526661885E-02
 0.73670730727373E-02
 0.72901055465012E-02
 0.72362641626380E-02
 0.71626090424387E-02
 0.71011120282619E-02
 0.70650974774433E-02
 0.69964343612043E-02
 0.69549415071191E-02
 0.68696967520974E-02
 0.68073673127939E-02
 0.67806554513196E-02
 0.67222125231349E-02
 0.66570888340386E-02
 0.66170016058640E-02
 0.65618056370635E-02
 0.65206010399989E-02
 0.64755285791115E-02
 0.64131474509398E-02
 0.63749250743808E-02
 0.63247563543663E-02
 0.62724970588192E-02
 0.62448807836845E-02
 0.62163155754423E-02
 0.61702761103326E-02
 0.61215176775643E-02
 0.60927490376877E-02
 0.60461257600316E-02
 0.60052947455553E-02
 0.59746902502460E-02
 0.59454853309664E-02
 0.59198796366455E-02
 0.58862769095436E-02
 0.58501158709422E-02
 0.58134464135686E-02
 0.57774408553146E-02
 0.57451152261462E-02
 0.57207185900707E-02
 0.56799296110065E-02
 0.56495021519464E-02
 0.56199249818154E-02
 0.55901686282848E-02
 0.55615318553314E-02
 0.55308146746701E-02
 0.55032596735724E-02
 0.54756464607721E-02
 0.54495419329370E-02
 0.54217755857732E-02
 0.53960564505708E-02
 0.53733046162402E-02
 0.53517788134235E-02
 0.53198731485409E-02
 0.52995989280114E-02
 0.52749690901521E-02
 0.52605877861686E-02
 0.52322710291026E-02
 0.52118898706083E-02
 0.51826128781784E-02
 0.51578791908075E-02
 0.51386763970547E-02
 0.51199553877349E-02
 0.50869823654483E-02
 0.50638718453355E-02
 0.50443164950827E-02
