-0.47350717324677E+01
-0.47350715745180E+01
-0.47350700653006E+01
-0.47350643656615E+01
-0.47350502503335E+01
-0.47350225201092E+01
-0.47349762150928E+01
-0.47349112515194E+01
-0.47348426628246E+01
-0.47348144536546E+01
-0.47349114709925E+01
-0.47352643457003E+01
-0.47360459385661E+01
-0.47374608835466E+01
-0.47397312687812E+01
-0.47430814921909E+01
-0.47477246029600E+01
-0.47538512974246E+01
-0.47616220627378E+01
-0.47711622081699E+01
-0.47825606751203E+01
-0.47958690620174E+01
-0.48111040016413E+01
-0.48282491805884E+01
-0.48472591951366E+01
-0.48680633238762E+01
-0.48905692924776E+01
-0.49146671833972E+01
-0.49402328307340E+01
-0.49671314695190E+01
-0.49952206527003E+01
-0.50243532403208E+01
-0.50543792998718E+01
-0.50851489623513E+01
-0.51165135055964E+01
-0.51483273210218E+01
-0.51804489618746E+01
-0.52127421049928E+01
-0.52450764681626E+01
-0.52773287799243E+01
-0.53093824468499E+01
-0.53411283173231E+01
-0.53724646621799E+01
-0.54032972856179E+01
-0.54335394803003E+01
-0.54631119026005E+01
-0.54919424043822E+01
-0.55199658229555E+01
-0.55471236824210E+01
-0.55733638702459E+01
-0.55986404181032E+01
-0.56229131401348E+01
-0.56461473137800E+01
-0.56683133566745E+01
-0.56893865062363E+01
-0.57093464962749E+01
-0.57281772891548E+01
-0.57458667475572E+01
-0.57624063688761E+01
-0.57777910195542E+01
-0.57920186818273E+01
-0.58050902179221E+01
-0.58170091469157E+01
-0.58277814358520E+01
-0.58374153055835E+01
-0.58459210470229E+01
-0.58533108379860E+01
-0.58595986027268E+01
-0.58647998688450E+01
-0.58689316023961E+01
-0.58720121126915E+01
-0.58740609075530E+01
-0.58750985999360E+01
-0.58751467828248E+01
-0.58742276999528E+01
-0.58723648683561E+01
-0.58695824092711E+01
-0.58659049733030E+01
-0.58613578173059E+01
-0.58559666979193E+01
-0.58497577955654E+01
-0.58427576754436E+01
-0.58349932459223E+01
-0.58264916808633E+01
-0.58172827239945E+01
-0.58073896970980E+01
-0.57968423126841E+01
-0.57856685430634E+01
-0.57738959307315E+01
-0.57615525473694E+01
-0.57486662574896E+01
-0.57352649338332E+01
-0.57213761185662E+01
-0.57070275412300E+01
-0.56922468408644E+01
-0.56770616083155E+01
-0.56614988339548E+01
-0.56455855759663E+01
-0.56293487027237E+01
-0.56128139542389E+01
-0.55960084887148E+01
-0.55789582263992E+01
-0.55616890109582E+01
-0.55442259138791E+01
-0.55265938431589E+01
-0.55088177698907E+01
-0.54909220006286E+01
-0.54729305827434E+01
-0.54548669994119E+01
-0.54367543983935E+01
-0.54186155293046E+01
-0.54004725269916E+01
-0.53823470674927E+01
-0.53642600718769E+01
-0.53462325496044E+01
-0.53282843104672E+01
-0.53104344267712E+01
-0.52927015757302E+01
-0.52751035973903E+01
-0.52576574479120E+01
-0.52403788155249E+01
-0.52232866181066E+01
-0.52063885860007E+01
-0.51897007167283E+01
-0.51732345900884E+01
-0.51570000890101E+01
-0.51410062171744E+01
-0.51252601686476E+01
-0.51097673615648E+01
-0.50945313095046E+01
-0.50795535574589E+01
-0.50648333139540E+01
-0.50503674262916E+01
-0.50361501927608E+01
-0.50221730998870E+01
-0.50084247750307E+01
-0.49948907882105E+01
-0.49815530839470E+01
-0.49683902610283E+01
-0.49553780164749E+01
-0.49424873479554E+01
-0.49296857182068E+01
-0.49169357073337E+01
-0.49041970755617E+01
-0.48914245719454E+01
-0.48785683414811E+01
-0.48655742440615E+01
-0.48523847000116E+01
-0.48389365964928E+01
-0.48251628072223E+01
-0.48109923797324E+01
-0.47963499617308E+01
-0.47811563848207E+01
-0.47653287791301E+01
-0.47487823632197E+01
-0.47314250536800E+01
-0.47131658523688E+01
-0.46939118284537E+01
-0.46735666323562E+01
-0.46520336321678E+01
-0.46292164305650E+01
-0.46050190868022E+01
-0.45793476270640E+01
-0.45521113370872E+01
-0.45232232100023E+01
-0.44926031023902E+01
-0.44601782484193E+01
-0.44258853656351E+01
-0.43896709143652E+01
-0.43514980346638E+01
-0.43113429704799E+01
-0.42692006518557E+01
-0.42250868006845E+01
-0.41790376268240E+01
-0.41311126582758E+01
-0.40813968360683E+01
-0.40300002823133E+01
-0.39770596185856E+01
-0.39227353292129E+01
-0.38672117416556E+01
-0.38106936844848E+01
-0.37534038996516E+01
-0.36955786202129E+01
-0.36374622788949E+01
-0.35793021901695E+01
-0.35213424862960E+01
-0.34638195930170E+01
-0.34069557565476E+01
-0.33509533517465E+01
-0.32959935167939E+01
-0.32422314287888E+01
-0.31897956997680E+01
-0.31387886789892E+01
-0.30892849565132E+01
-0.30413349787880E+01
-0.29949664706870E+01
-0.29501868477303E+01
-0.29069872845309E+01
-0.28653447231358E+01
-0.28252253765707E+01
-0.27865872945846E+01
-0.27493825599786E+01
-0.27135593515893E+01
-0.26790636305287E+01
-0.26458403880695E+01
-0.26138345186317E+01
-0.25829920938688E+01
-0.25532596889716E+01
-0.25245857029680E+01
-0.24969197553119E+01
-0.24702139093289E+01
-0.24444217808050E+01
-0.24194987443973E+01
-0.23954011292553E+01
-0.23720879848674E+01
-0.23495195339429E+01
-0.23276576786088E+01
-0.23064655994501E+01
-0.22859079645786E+01
-0.22659509703223E+01
-0.22465620736343E+01
-0.22277101164831E+01
-0.22093652697530E+01
-0.21914989746828E+01
-0.21740839240472E+01
-0.21570940314567E+01
-0.21405046070736E+01
-0.21242915744411E+01
-0.21084331905551E+01
-0.20929074605415E+01
-0.20776945524343E+01
-0.20627753120302E+01
-0.20481316498970E+01
-0.20337467012203E+01
-0.20196040408867E+01
-0.20056886698481E+01
-0.19919864398276E+01
-0.19784839474340E+01
-0.19651690541505E+01
-0.19520298252817E+01
-0.19390554676204E+01
-0.19262356982732E+01
-0.19135611796577E+01
-0.19010232171223E+01
-0.18886135652106E+01
-0.18763245987364E+01
-0.18641490702635E+01
-0.18520809452576E+01
-0.18401141851773E+01
-0.18282434653354E+01
-0.18164636147221E+01
-0.18047693460895E+01
-0.17931574634041E+01
-0.17816237151088E+01
-0.17701646279963E+01
-0.17587770506718E+01
-0.17474580686859E+01
-0.17362051571190E+01
-0.17250159215046E+01
-0.17138884040024E+01
-0.17028202559051E+01
-0.16918104639415E+01
-0.16808573155965E+01
-0.16699595131439E+01
-0.16591159477897E+01
-0.16483256480119E+01
-0.16375878000608E+01
-0.16269017348960E+01
-0.16162669466672E+01
-0.16056827989234E+01
-0.15951490190421E+01
-0.15846653218575E+01
-0.15742314684610E+01
-0.15638471223611E+01
-0.15535125350449E+01
-0.15432275879738E+01
-0.15329922889681E+01
-0.15228067733970E+01
-0.15126711084847E+01
-0.15025854767202E+01
-0.14925499536038E+01
-0.14825649350534E+01
-0.14726302138132E+01
-0.14627466070076E+01
-0.14529141263748E+01
-0.14431330497755E+01
-0.14334036472865E+01
-0.14237262428739E+01
-0.14141010854526E+01
-0.14045284819508E+01
-0.13950087518618E+01
-0.13855421864395E+01
-0.13761289505162E+01
-0.13667694701890E+01
-0.13574638026187E+01
-0.13482124556894E+01
-0.13390154955277E+01
-0.13298732057588E+01
-0.13207858948740E+01
-0.13117537238796E+01
