 0.11622822418906E+03
 0.11622820896452E+03
 0.11622807509245E+03
 0.11622760411626E+03
 0.11622650132531E+03
 0.11622445921883E+03
 0.11622149144217E+03
 0.11621902449667E+03
 0.11622173304423E+03
 0.11623919312933E+03
 0.11628633065394E+03
 0.11638239167564E+03
 0.11654889512543E+03
 0.11680728240719E+03
 0.11717684427107E+03
 0.11767322922290E+03
 0.11830761071173E+03
 0.11908642856361E+03
 0.12001156316431E+03
 0.12108077262567E+03
 0.12228837585612E+03
 0.12362584983117E+03
 0.12508254036649E+03
 0.12664622638177E+03
 0.12830370154266E+03
 0.13004121125108E+03
 0.13184484420561E+03
 0.13370083600593E+03
 0.13559577245112E+03
 0.13751680483632E+03
 0.13945176872380E+03
 0.14138927739768E+03
 0.14331875109216E+03
 0.14523048545577E+03
 0.14711563022214E+03
 0.14896619849748E+03
 0.15077503612314E+03
 0.15253578574788E+03
 0.15424286180407E+03
 0.15589143862708E+03
 0.15747734485683E+03
 0.15899705641625E+03
 0.16044763537012E+03
 0.16182668926278E+03
 0.16313232535771E+03
 0.16436310589300E+03
 0.16551800718901E+03
 0.16659638141872E+03
 0.16759791244682E+03
 0.16852258131027E+03
 0.16937063871116E+03
 0.17014257211904E+03
 0.17083907735921E+03
 0.17146103289395E+03
 0.17200947627971E+03
 0.17248558179385E+03
 0.17289064569329E+03
 0.17322606416030E+03
 0.17349331954864E+03
 0.17369396663140E+03
 0.17382962003649E+03
 0.17390194342067E+03
 0.17391263999050E+03
 0.17386344315190E+03
 0.17375610849426E+03
 0.17359241216617E+03
 0.17337413865801E+03
 0.17310307826314E+03
 0.17278102406270E+03
 0.17240976359512E+03
 0.17199107923557E+03
 0.17152674428886E+03
 0.17101852026426E+03
 0.17046815383761E+03
 0.16987735634547E+03
 0.16924785605225E+03
 0.16858135138903E+03
 0.16787951006648E+03
 0.16714398326157E+03
 0.16637639095016E+03
 0.16557832580383E+03
 0.16475135771960E+03
 0.16389703080713E+03
 0.16301686060821E+03
 0.16211240562512E+03
 0.16118498814423E+03
 0.16023609737561E+03
 0.15926713146972E+03
 0.15827943427072E+03
 0.15727434723723E+03
 0.15625316001724E+03
 0.15521715129214E+03
 0.15416753149338E+03
 0.15310550132259E+03
 0.15203224029901E+03
 0.15094886873943E+03
 0.14985647188194E+03
 0.14875610432253E+03
 0.14764876619814E+03
 0.14653541178585E+03
 0.14541706062360E+03
 0.14429457405742E+03
 0.14316884844043E+03
 0.14204070632260E+03
 0.14091091026804E+03
 0.13978023149361E+03
 0.13864938621521E+03
 0.13751905142437E+03
 0.13638985892940E+03
 0.13526240368870E+03
 0.13413723910202E+03
 0.13301486987504E+03
 0.13189576013034E+03
 0.13078032167040E+03
 0.12966894455084E+03
 0.12856194111616E+03
 0.12745958809675E+03
 0.12636211045740E+03
 0.12526967874100E+03
 0.12418240991266E+03
 0.12310034207059E+03
 0.12202358611220E+03
 0.12095188790862E+03
 0.11988520209161E+03
 0.11882334690094E+03
 0.11776599771546E+03
 0.11671280716847E+03
 0.11566333332911E+03
 0.11461704244010E+03
 0.11357331272092E+03
 0.11253142669871E+03
 0.11149055650931E+03
 0.11044976820082E+03
 0.10940801134637E+03
 0.10836411624244E+03
 0.10731678614115E+03
 0.10626459964218E+03
 0.10520598104405E+03
 0.10413924672641E+03
 0.10306255493328E+03
 0.10197389595175E+03
 0.10087112116348E+03
 0.99751886911034E+02
 0.98613764138720E+02
 0.97454106097436E+02
 0.96270139538851E+02
 0.95058889276517E+02
 0.93817284626656E+02
 0.92542066674559E+02
 0.91229806054084E+02
 0.89876985503447E+02
 0.88479943551431E+02
 0.87034914290470E+02
 0.85538039497311E+02
 0.83985385368329E+02
 0.82372999180497E+02
 0.80696881885768E+02
 0.78953147936652E+02
 0.77137906902837E+02
 0.75247467191317E+02
 0.73278258754591E+02
 0.71227091798346E+02
 0.69091076638085E+02
 0.66867736183287E+02
 0.64555171560716E+02
 0.62152185233055E+02
 0.59658303884529E+02
 0.57073954759316E+02
 0.54400477668497E+02
 0.51640479684319E+02
 0.48797613893907E+02
 0.45876864668831E+02
 0.42884570110013E+02
 0.39828381006566E+02
 0.36717307478926E+02
 0.33561646938726E+02
 0.30372927024542E+02
 0.27163807693360E+02
 0.23947840251872E+02
 0.20739358122668E+02
 0.17553261393610E+02
 0.14404810922395E+02
 0.11309403157350E+02
 0.82823522399135E+01
 0.53386963164312E+01
 0.24929767879413E+01
-0.24088786811267E+00
-0.28497948044398E+01
-0.53216018232940E+01
-0.76452149412413E+01
-0.98108194912922E+01
-0.11809770859265E+02
-0.13634821272320E+02
-0.15280135633942E+02
-0.16741313965940E+02
-0.18015430139401E+02
-0.19101004253889E+02
-0.19997956138916E+02
-0.20707558946586E+02
-0.21232347776123E+02
-0.21576014950207E+02
-0.21743295800374E+02
-0.21739835792589E+02
-0.21572051148434E+02
-0.21247002784541E+02
-0.20772235072268E+02
-0.20155685041754E+02
-0.19405531120024E+02
-0.18530091559466E+02
-0.17537757261227E+02
-0.16436848037271E+02
-0.15235577904865E+02
-0.13941984456057E+02
-0.12563926521319E+02
-0.11108983667584E+02
-0.95844375307049E+01
-0.79972439033741E+01
-0.63540898574906E+01
-0.46613139954331E+01
-0.29249134719535E+01
-0.11505918723292E+01
 0.65633812430879E+00
 0.24907938920876E+01
 0.43480398863212E+01
 0.62236339638241E+01
 0.81134057400716E+01
 0.10013487863124E+02
 0.11920205105158E+02
 0.13830224110143E+02
 0.15740299355170E+02
 0.17647557351090E+02
 0.19549263755979E+02
 0.21442889997891E+02
 0.23326090227179E+02
 0.25196661770321E+02
 0.27052590978996E+02
 0.28892031224867E+02
 0.30713264624062E+02
 0.32514746269571E+02
 0.34295013336552E+02
 0.36052812292607E+02
 0.37786836667098E+02
 0.39495997485274E+02
 0.41179315310477E+02
 0.42835912171849E+02
 0.44465043947986E+02
 0.46065722242290E+02
 0.47637562074213E+02
 0.49179911517562E+02
 0.50692223229386E+02
 0.52174148847802E+02
 0.53624989453901E+02
 0.55044871421861E+02
 0.56433350229962E+02
 0.57790217115765E+02
 0.59115312645208E+02
 0.60408530423627E+02
 0.61669773871105E+02
 0.62899066658371E+02
 0.64096464070117E+02
 0.65261753538892E+02
 0.66395358499125E+02
 0.67497244143933E+02
 0.68567551487198E+02
 0.69606460357613E+02
 0.70614160854759E+02
 0.71590881648253E+02
 0.72536875122648E+02
 0.73452377263380E+02
 0.74337722376227E+02
 0.75193201458209E+02
 0.76019149691656E+02
 0.76815897690050E+02
 0.77583631979581E+02
 0.78322989854043E+02
 0.79034195768689E+02
 0.79717664152234E+02
 0.80373764674346E+02
 0.81002963861368E+02
 0.81605698067305E+02
 0.82182226686330E+02
 0.82733190294718E+02
 0.83258591099153E+02
 0.83759393334075E+02
 0.84235805248181E+02
 0.84688273920870E+02
 0.85117246134358E+02
 0.85523168015872E+02
 0.85906501799822E+02
 0.86267665981922E+02
 0.86607099154420E+02
 0.86925320107710E+02
 0.87222667122173E+02
 0.87499702282091E+02
 0.87756705193068E+02
 0.87994291234422E+02
 0.88212774299193E+02
 0.88412580876920E+02
 0.88594271990273E+02
 0.88758212879658E+02
