 0.81417091468610+252
 0.90231418001423+121
 0.20117396164034E+78
 0.30038521342971E+56
 0.24106949067863E+43
 0.44852244825746E+34
 0.26050341946932E+28
 0.54806793965199E+23
 0.12623581431494E+20
 0.15525968620670E+17
 0.64571982536421E+14
 0.66966649128876E+12
 0.14025619668819E+11
 0.51029219506968E+09
 0.28878616019209E+08
 0.23399881701520E+07
 0.25480921148355E+06
 0.35495961114843E+05
 0.60842686671519E+04
 0.12439006020126E+04
 0.29577919429600E+03
 0.80130997586086E+02
 0.24315767058461E+02
 0.81482841275541E+01
 0.29795979635803E+01
 0.11770142310555E+01
 0.49797400528091E+00
 0.22399285462946E+00
 0.10644055530685E+00
 0.18304450548526E+05
 0.95556715200111E+04
 0.96194923337911E+04
 0.54245850077812E+04
 0.54500360244582E+04
 0.42030047007644E+04
 0.32883888019783E+04
 0.26072131242468E+04
 0.20926547823667E+04
 0.16988272605232E+04
 0.13937145933411E+04
 0.11546443754841E+04
 0.96533890810859E+03
 0.81395970690253E+03
 0.69179198514432E+03
 0.59234815617301E+03
 0.51074679560692E+03
 0.44327816508936E+03
 0.38709648464152E+03
 0.33999919278387E+03
 0.30026738379298E+03
 0.26654890793061E+03
 0.23777204400300E+03
 0.21308138217253E+03
 0.19178952815809E+03
 0.17334058026189E+03
 0.15728219506865E+03
 0.14324420901813E+03
 0.13092198286772E+03
 0.12006349215201E+03
 0.11045926193053E+03
 0.10193426632003E+03
 0.94341621692619E+02
 0.87557529503881E+02
 0.81477186427971E+02
 0.76011528607879E+02
 0.71084560986362E+02
 0.66631213369685E+02
 0.62595550628137E+02
 0.58929362831250E+02
 0.55590915363702E+02
 0.52544004171878E+02
 0.49757108569512E+02
 0.47202699628829E+02
 0.44856675862684E+02
 0.42697873031675E+02
 0.40707660891741E+02
 0.38869603678139E+02
 0.37169148577599E+02
 0.35593387238306E+02
 0.34130855442502E+02
 0.32771344023143E+02
 0.31505721308524E+02
 0.30325816439000E+02
 0.29224309545686E+02
 0.28197271270851E+02
 0.27233582503948E+02
 0.26330460807830E+02
 0.25483085801680E+02
 0.24687083419763E+02
 0.23938496583784E+02
 0.23233728165387E+02
 0.22569509700688E+02
 0.21942860420960E+02
 0.21351051106113E+02
 0.20791597197066E+02
 0.20262217537508E+02
 0.19760819393645E+02
 0.19285486680389E+02
 0.18834450078063E+02
 0.18406080954440E+02
 0.17998864112411E+02
 0.17611426501891E+02
 0.17242472127809E+02
 0.16890809924661E+02
 0.16555329310045E+02
 0.16234997303708E+02
 0.15928852297694E+02
 0.15635993760840E+02
 0.15355580160791E+02
 0.15086821531508E+02
 0.14828983003567E+02
 0.14581366531745E+02
 0.14343314525499E+02
 0.14114200744956E+02
 0.13893446202240E+02
 0.13680494255226E+02
 0.13474810047031E+02
 0.13275890638323E+02
 0.13083255961974E+02
 0.12896444505726E+02
 0.12715016110173E+02
 0.12538666896508E+02
 0.12366748352235E+02
 0.12198983673705E+02
 0.12034998051233E+02
 0.11874424640022E+02
 0.11716907348127E+02
 0.11562104877053E+02
 0.11409686626783E+02
 0.11259333337001E+02
 0.11110737267598E+02
 0.10963600772027E+02
 0.10817638043588E+02
 0.10672576847814E+02
 0.10528154646018E+02
 0.10384124375602E+02
 0.10240252870722E+02
 0.10096320015035E+02
 0.99521217592141E+01
 0.98074728452697E+01
 0.96622031983104E+01
 0.95161631726012E+01
 0.93692211679626E+01
 0.92212660315288E+01
 0.90722075349384E+01
 0.89219776411160E+01
 0.87705291152057E+01
 0.86178367448166E+01
 0.84638977634265E+01
 0.83087299549820E+01
 0.81523728219336E+01
 0.79948858834750E+01
 0.78363480878359E+01
 0.76768565196005E+01
 0.75165348450625E+01
 0.73554941799129E+01
 0.71938880212395E+01
 0.70318729951495E+01
 0.68696168146496E+01
 0.67072968319443E+01
 0.65450966721366E+01
 0.63832085233838E+01
 0.62218280605662E+01
 0.60611538764052E+01
 0.59013875183480E+01
 0.57427311109481E+01
 0.55853863469018E+01
 0.54295539715657E+01
 0.52754326699976E+01
 0.51232176217376E+01
 0.49731005666233E+01
 0.48252684205171E+01
 0.46799026720155E+01
 0.45371788176481E+01
 0.43972656569838E+01
 0.42603239214907E+01
 0.41265059327766E+01
 0.39959544855114E+01
 0.38688019136848E+01
 0.37451691125907E+01
 0.36251646467290E+01
 0.35088834857307E+01
 0.33964060948057E+01
 0.32877976299751E+01
 0.31831070930325E+01
 0.30823665919881E+01
 0.29855910044034E+01
 0.28927779528119E+01
 0.28039079283706E+01
 0.27189445776775E+01
 0.26378350616206E+01
 0.25605121446920E+01
 0.24868942456445E+01
 0.24168877719819E+01
 0.23503882616321E+01
 0.22872822072534E+01
 0.22274488233576E+01
 0.21707617873272E+01
 0.21170909215095E+01
 0.20663037163988E+01
 0.20182667831303E+01
 0.19728471485741E+01
 0.19299133674856E+01
 0.18893364493512E+01
 0.18509906583757E+01
 0.18147541353912E+01
 0.17805093833691E+01
 0.17481435754750E+01
 0.17175488418612E+01
 0.16886223916131E+01
 0.16612665601344E+01
 0.16353887971997E+01
 0.16109015938349E+01
 0.15877223877965E+01
 0.15657733477162E+01
 0.15449812842166E+01
 0.15252774078053E+01
 0.15065971325784E+01
 0.14888798821428E+01
 0.14720688454650E+01
 0.14561107023978E+01
 0.14409558299669E+01
 0.14265574214034E+01
 0.14128717647343E+01
 0.13998579395287E+01
 0.13874776310450E+01
 0.13756949604280E+01
 0.13644763347401E+01
 0.13537902779537E+01
 0.13436073291146E+01
 0.13338998573925E+01
 0.13246419596755E+01
 0.13158093612682E+01
 0.13073792736376E+01
 0.12993303307447E+01
 0.12916424638700E+01
 0.12842968227321E+01
 0.12772757042950E+01
 0.12705624426783E+01
 0.12641413908391E+01
 0.12579978152712E+01
 0.12521178523825E+01
 0.12464884346095E+01
 0.12410972550234E+01
 0.12359326964174E+01
 0.12309838438599E+01
 0.12262403480251E+01
 0.12216924618539E+01
 0.12173309758565E+01
 0.12131471768778E+01
 0.12091328484834E+01
 0.12052802046695E+01
 0.12015818771984E+01
 0.11980308878339E+01
 0.11946206264632E+01
 0.11913448349243E+01
 0.11881975778097E+01
 0.11851732247964E+01
 0.11822664294609E+01
 0.11794721205163E+01
 0.11767854808927E+01
 0.11742019229704E+01
 0.11717170986844E+01
 0.11693268727319E+01
 0.11670273040809E+01
 0.11648146465112E+01
 0.11626853321209E+01
 0.11606359590253E+01
 0.11586632876660E+01
 0.11567642324680E+01
 0.11549358503756E+01
 0.11531753329604E+01
 0.11514799991716E+01
 0.11498472916082E+01
 0.11482747663473E+01
 0.11467600891515E+01
 0.11453010295757E+01
 0.11438954563066E+01
 0.11425413316296E+01
 0.11412367048465E+01
 0.11399797098790E+01
 0.11387685609867E+01
 0.11376015479016E+01
 0.11364770343188E+01
 0.11353934513343E+01
 0.11343492960759E+01
 0.11333431255711E+01
 0.11323735587971E+01
 0.11314392714105E+01
 0.11305389925516E+01
 0.11296715025147E+01
 0.11288356300417E+01
 0.11280302500885E+01
 0.11272542845499E+01
 0.11265066963195E+01
 0.11257864883138E+01
 0.11250927029865E+01
 0.11244244214306E+01
 0.11237807574483E+01
 0.11231608602261E+01
