 0.10799240596646E+03
 0.10799240596642E+03
 0.10799240596616E+03
 0.10799240596823E+03
 0.10799240598896E+03
 0.10799240607021E+03
 0.10799240625885E+03
 0.10799240645408E+03
 0.10799240596011E+03
 0.10799240259863E+03
 0.10799239154141E+03
 0.10799236407130E+03
 0.10799230655346E+03
 0.10799219974863E+03
 0.10799201860924E+03
 0.10799173250974E+03
 0.10799130567845E+03
 0.10799069806552E+03
 0.10798986635134E+03
 0.10798876486601E+03
 0.10798734586233E+03
 0.10798556106542E+03
 0.10798336266042E+03
 0.10798070341674E+03
 0.10797753734202E+03
 0.10797382041036E+03
 0.10796951072785E+03
 0.10796456867215E+03
 0.10795895713272E+03
 0.10795264122609E+03
 0.10794558900878E+03
 0.10793776991596E+03
 0.10792915676585E+03
 0.10791972241906E+03
 0.10790944338166E+03
 0.10789829666791E+03
 0.10788626089278E+03
 0.10787331588509E+03
 0.10785944244671E+03
 0.10784462202699E+03
 0.10782883707862E+03
 0.10781207075803E+03
 0.10779430685055E+03
 0.10777552972750E+03
 0.10775572429692E+03
 0.10773487596386E+03
 0.10771297061258E+03
 0.10768999452978E+03
 0.10766593439004E+03
 0.10764077729295E+03
 0.10761451059652E+03
 0.10758712188601E+03
 0.10755859890888E+03
 0.10752892947843E+03
 0.10749810137529E+03
 0.10746610224244E+03
 0.10743291946187E+03
 0.10739854001301E+03
 0.10736295032676E+03
 0.10732613614355E+03
 0.10728808234335E+03
 0.10724877277508E+03
 0.10720819011236E+03
 0.10716631561944E+03
 0.10712312899342E+03
 0.10707860829205E+03
 0.10703272960071E+03
 0.10698546691577E+03
 0.10693679193214E+03
 0.10688667390780E+03
 0.10683507943204E+03
 0.10678197229498E+03
 0.10672731330410E+03
 0.10667106012208E+03
 0.10661316729142E+03
 0.10655358548205E+03
 0.10649226181881E+03
 0.10642913971212E+03
 0.10636415862566E+03
 0.10629725385566E+03
 0.10622835642657E+03
 0.10615739302099E+03
 0.10608428575823E+03
 0.10600895203956E+03
 0.10593128367180E+03
 0.10585122583695E+03
 0.10576866344094E+03
 0.10568349312173E+03
 0.10559560710865E+03
 0.10550489114449E+03
 0.10541122535362E+03
 0.10531448421083E+03
 0.10521453623270E+03
 0.10511124352297E+03
 0.10500446157224E+03
 0.10489403941204E+03
 0.10477981968403E+03
 0.10466163767563E+03
 0.10453932129547E+03
 0.10441269258983E+03
 0.10428156625890E+03
 0.10414574572847E+03
 0.10400503044799E+03
 0.10385921087933E+03
 0.10370806883240E+03
 0.10355137796106E+03
 0.10338890341267E+03
 0.10322040165306E+03
 0.10304562038050E+03
 0.10286429832438E+03
 0.10267616417770E+03
 0.10248093838824E+03
 0.10227833193085E+03
 0.10206804784281E+03
 0.10184977581755E+03
 0.10162319886315E+03
 0.10138799193800E+03
 0.10114381895750E+03
 0.10089033501101E+03
 0.10062718717269E+03
 0.10035401385437E+03
 0.10007040639501E+03
 0.99776061836964E+02
 0.99470562907969E+02
 0.99153518420470E+02
 0.98824534914198E+02
 0.98483214382949E+02
 0.98129155208235E+02
 0.97761954156714E+02
 0.97381207965486E+02
 0.96986514450305E+02
 0.96577474716915E+02
 0.96153694569551E+02
 0.95714785085615E+02
 0.95260367700503E+02
 0.94790072588337E+02
 0.94303542428606E+02
 0.93800436443411E+02
 0.93280430490205E+02
 0.92743214317682E+02
 0.92188502440162E+02
 0.91616029075409E+02
 0.91025553331786E+02
 0.90416858873387E+02
 0.89789754891536E+02
 0.89144077352130E+02
 0.88479690806947E+02
 0.87796484978786E+02
 0.87094379176354E+02
 0.86373321101768E+02
 0.85633283820704E+02
 0.84874268994969E+02
 0.84096304576617E+02
 0.83299444693705E+02
 0.82483727808851E+02
 0.81649334508094E+02
 0.80796354367016E+02
 0.79924939547467E+02
 0.79035267562085E+02
 0.78127542794486E+02
 0.77201982970954E+02
 0.76258850929304E+02
 0.75298428854639E+02
 0.74321029124243E+02
 0.73327003215271E+02
 0.72316744053512E+02
 0.71290682384457E+02
 0.70249297839642E+02
 0.69193131404406E+02
 0.68122775701226E+02
 0.67038893221647E+02
 0.65942218872411E+02
 0.64833564406604E+02
 0.63713830327202E+02
 0.62584011752073E+02
 0.61445195582112E+02
 0.60298570566188E+02
 0.59145427385021E+02
 0.57987158890375E+02
 0.56825258267442E+02
 0.55661316063287E+02
 0.54497009042849E+02
 0.53334088904359E+02
 0.52174370112963E+02
 0.51019713915533E+02
 0.49872005440440E+02
 0.48733132937951E+02
 0.47604967607162E+02
 0.46489340947575E+02
 0.45388032459334E+02
 0.44302674146520E+02
 0.43234858034848E+02
 0.42186021377187E+02
 0.41157467683612E+02
 0.40150348884502E+02
 0.39165658489390E+02
 0.38204230219079E+02
 0.37266737835393E+02
 0.36353698785047E+02
 0.35465479410443E+02
 0.34602303521972E+02
 0.33764262914250E+02
 0.32951328683255E+02
 0.32163361414407E+02
 0.31400125299193E+02
 0.30661299357877E+02
 0.29946489413056E+02
 0.29255238715031E+02
 0.28587038998114E+02
 0.27941341206097E+02
 0.27317562333602E+02
 0.26715095124459E+02
 0.26133314440818E+02
 0.25571585162589E+02
 0.25029264207716E+02
 0.24505708741273E+02
 0.24000278161273E+02
 0.23512338466934E+02
 0.23041264735515E+02
 0.22586442836735E+02
 0.22147277028785E+02
 0.21723173081591E+02
 0.21313565665669E+02
 0.20917901921089E+02
 0.20535646010863E+02
 0.20166280305670E+02
 0.19809304455999E+02
 0.19464236601777E+02
 0.19130611454363E+02
 0.18807982475333E+02
 0.18495920166236E+02
 0.18194011664447E+02
 0.17901861082265E+02
 0.17619087753043E+02
 0.17345327790898E+02
 0.17080231763400E+02
 0.16823464679955E+02
 0.16574706135500E+02
 0.16333648411835E+02
 0.16099997800325E+02
 0.15873472564650E+02
 0.15653803317993E+02
 0.15440731495848E+02
 0.15234010248772E+02
 0.15033402456148E+02
 0.14838682789679E+02
 0.14649633473436E+02
 0.14466047076891E+02
 0.14287724627147E+02
 0.14114475541031E+02
 0.13946117627395E+02
 0.13782476275947E+02
 0.13623383896684E+02
 0.13468680012491E+02
 0.13318210552168E+02
 0.13171828329597E+02
 0.13029391986073E+02
 0.12890765975526E+02
 0.12755820185447E+02
 0.12624429827204E+02
 0.12496475216594E+02
 0.12371841199071E+02
 0.12250417563353E+02
 0.12132098393632E+02
 0.12016781898434E+02
 0.11904370272972E+02
 0.11794769541016E+02
 0.11687889393496E+02
 0.11583642998497E+02
 0.11481946798432E+02
 0.11382720525852E+02
 0.11285886930194E+02
 0.11191371653824E+02
 0.11099103135353E+02
 0.11009012465610E+02
 0.10921033248031E+02
 0.10835101635782E+02
 0.10751156072302E+02
 0.10669137199035E+02
 0.10588987841682E+02
 0.10510652845378E+02
 0.10434079057966E+02
 0.10359215212769E+02
 0.10286011849416E+02
 0.10214421234575E+02
 0.10144397305243E+02
 0.10075895593793E+02
 0.10008873162198E+02
 0.99432885687180E+01
 0.98791017258093E+01
 0.98162739575511E+01
 0.97547678457147E+01
 0.96945472059703E+01
 0.96355771291390E+01
 0.95778238680213E+01
 0.95212546645961E+01
 0.94658379588168E+01
 0.94115430993574E+01
 0.93583405589189E+01
 0.93062016639685E+01
