 0.55843899762015E+01
 0.55843899756790E+01
 0.55843899700321E+01
 0.55843899462844E+01
 0.55843898821772E+01
 0.55843897467844E+01
 0.55843895001119E+01
 0.55843890887091E+01
 0.55843884337570E+01
 0.55843874084864E+01
 0.55843858114276E+01
 0.55843833404310E+01
 0.55843795755409E+01
 0.55843739728591E+01
 0.55843658702873E+01
 0.55843545015848E+01
 0.55843390151523E+01
 0.55843184909231E+01
 0.55842919545966E+01
 0.55842583850624E+01
 0.55842167603846E+01
 0.55841660223114E+01
 0.55841050972782E+01
 0.55840328851835E+01
 0.55839482660317E+01
 0.55838500984603E+01
 0.55837372128660E+01
 0.55836084146266E+01
 0.55834624817828E+01
 0.55832981788274E+01
 0.55831142297868E+01
 0.55829093849314E+01
 0.55826823431870E+01
 0.55824318859726E+01
 0.55821567348589E+01
 0.55818556862279E+01
 0.55815275657793E+01
 0.55811712520589E+01
 0.55807856871007E+01
 0.55803698992198E+01
 0.55799229879881E+01
 0.55794441460474E+01
 0.55789326616935E+01
 0.55783879266154E+01
 0.55778094398991E+01
 0.55771968107388E+01
 0.55765497625114E+01
 0.55758681328152E+01
 0.55751518753602E+01
 0.55744010574577E+01
 0.55736158624692E+01
 0.55727965869562E+01
 0.55719436400204E+01
 0.55710575411750E+01
 0.55701389185323E+01
 0.55691885065563E+01
 0.55682071440970E+01
 0.55671957709372E+01
 0.55661554263673E+01
 0.55650872474563E+01
 0.55639924651724E+01
 0.55628724024524E+01
 0.55617284733511E+01
 0.55605621789514E+01
 0.55593751079398E+01
 0.55581689305970E+01
 0.55569453997472E+01
 0.55557063494221E+01
 0.55544536930625E+01
 0.55531894208504E+01
 0.55519156003910E+01
 0.55506343732763E+01
 0.55493479559867E+01
 0.55480586369822E+01
 0.55467687710920E+01
 0.55454807972563E+01
 0.55441972232258E+01
 0.55429206234399E+01
 0.55416536441351E+01
 0.55403990037951E+01
 0.55391594924148E+01
 0.55379379698316E+01
 0.55367373685303E+01
 0.55355606940082E+01
 0.55344116450492E+01
 0.55332922492650E+01
 0.55322062625706E+01
 0.55311570061409E+01
 0.55301478534501E+01
 0.55291822839270E+01
 0.55282638556227E+01
 0.55273962091298E+01
 0.55265830674358E+01
 0.55258282506090E+01
 0.55251356804245E+01
 0.55245093692113E+01
 0.55239534237718E+01
 0.55234720648432E+01
 0.55230696229245E+01
 0.55227505085671E+01
 0.55225192573492E+01
 0.55223805777210E+01
 0.55223392361172E+01
 0.55224001416483E+01
 0.55225683377011E+01
 0.55228490011681E+01
 0.55232474445465E+01
 0.55237691190973E+01
 0.55244196186042E+01
 0.55252046804080E+01
 0.55261302188105E+01
 0.55272022733982E+01
 0.55284270405967E+01
 0.55298108385987E+01
 0.55313602322114E+01
 0.55330818785474E+01
 0.55349825601013E+01
 0.55370692509483E+01
 0.55393490688905E+01
 0.55418292468706E+01
 0.55445171742516E+01
 0.55474213355021E+01
 0.55505474705556E+01
 0.55539041398019E+01
 0.55574991774209E+01
 0.55613403902653E+01
 0.55654356404079E+01
 0.55697928181513E+01
 0.55744197959411E+01
 0.55793243952881E+01
 0.55845143601535E+01
 0.55899973094645E+01
 0.55957807061856E+01
 0.56018718475523E+01
 0.56082777489239E+01
 0.56150051827070E+01
 0.56220606021744E+01
 0.56294500442056E+01
 0.56371791507513E+01
 0.56452531981464E+01
 0.56536768739145E+01
 0.56624544178657E+01
 0.56715894696912E+01
 0.56810851234457E+01
 0.56909438753072E+01
 0.57011676469473E+01
 0.57117577086756E+01
 0.57227147947398E+01
 0.57340390166894E+01
 0.57457298913483E+01
 0.57577864413141E+01
 0.57702071456992E+01
 0.57829900046805E+01
 0.57961325752660E+01
 0.58096329712705E+01
 0.58234862480219E+01
 0.58376898385620E+01
 0.58522400601557E+01
 0.58671330001458E+01
 0.58823645823747E+01
 0.58979309180502E+01
 0.59138276722505E+01
 0.59300507442910E+01
 0.59465960566376E+01
 0.59634595626439E+01
 0.59806372149120E+01
 0.59981252364120E+01
 0.60159199579969E+01
 0.60340175738022E+01
 0.60524147634389E+01
 0.60711081081802E+01
 0.60900943443378E+01
 0.61093704171303E+01
 0.61289331281779E+01
 0.61487792099649E+01
 0.61689054219042E+01
 0.61893083861295E+01
 0.62099845261225E+01
 0.62309299252528E+01
 0.62521402770839E+01
 0.62736107154773E+01
 0.62953358044806E+01
 0.63173094274971E+01
 0.63395246134973E+01
 0.63619734262528E+01
 0.63846468944072E+01
 0.64075350510082E+01
 0.64306267401357E+01
 0.64539091359165E+01
 0.64773680126401E+01
 0.65009894455815E+01
 0.65247563695242E+01
 0.65486513322542E+01
 0.65726555950815E+01
 0.65967494267935E+01
 0.66209123210286E+01
 0.66451229977073E+01
 0.66693597493099E+01
 0.66936004976537E+01
 0.67178230917003E+01
 0.67420054937728E+01
 0.67661259024298E+01
 0.67901629469715E+01
 0.68140959095008E+01
 0.68379047793485E+01
 0.68615703710518E+01
 0.68850746045231E+01
 0.69084001385638E+01
 0.69315308897836E+01
 0.69544516800757E+01
 0.69771486150199E+01
 0.69996088081938E+01
 0.70218204654966E+01
 0.70437726289362E+01
 0.70654555785705E+01
 0.70868604795626E+01
 0.71079794471832E+01
 0.71288054520736E+01
 0.71493322627762E+01
 0.71695544367398E+01
 0.71894669862559E+01
 0.72090664064836E+01
 0.72283491080403E+01
 0.72473121571524E+01
 0.72659533424782E+01
 0.72842708624781E+01
 0.73022634828287E+01
 0.73199302620369E+01
 0.73372708617114E+01
 0.73542851131576E+01
 0.73709733267052E+01
 0.73873361246843E+01
 0.74033743420178E+01
 0.74190891590969E+01
 0.74344819207135E+01
 0.74495542784796E+01
 0.74643080964633E+01
 0.74787453658547E+01
 0.74928683741804E+01
 0.75066794442766E+01
 0.75201811245258E+01
 0.75333760599436E+01
 0.75462671586028E+01
 0.75588572182950E+01
 0.75711493485232E+01
 0.75831464876485E+01
 0.75948519889959E+01
 0.76062691191843E+01
 0.76174012709934E+01
 0.76282518412611E+01
 0.76388243231259E+01
 0.76491221894119E+01
 0.76591490532509E+01
 0.76689085596573E+01
 0.76784044195847E+01
 0.76876402545643E+01
 0.76966197824103E+01
 0.77053467076930E+01
 0.77138248198763E+01
 0.77220578833017E+01
 0.77300496390448E+01
 0.77378039143147E+01
 0.77453244651318E+01
 0.77526150568080E+01
 0.77596794681128E+01
 0.77665214696620E+01
 0.77731448234370E+01
 0.77795532778878E+01
 0.77857505468415E+01
 0.77917403845865E+01
 0.77975264607343E+01
 0.78031124519827E+01
 0.78085020112136E+01
 0.78136987648400E+01
 0.78187063040717E+01
 0.78235282345263E+01
 0.78281680816315E+01
 0.78326293477625E+01
 0.78369155354818E+01
 0.78410300928655E+01
 0.78449764342199E+01
 0.78487579456406E+01
 0.78523779603836E+01
 0.78558397916252E+01
 0.78591467127916E+01
 0.78623019563782E+01
 0.78653087195775E+01
 0.78681701521263E+01
 0.78708893474774E+01
 0.78734694182424E+01
 0.78759133753315E+01
 0.78782242265289E+01
 0.78804049144962E+01
 0.78824583557685E+01
 0.78843873936627E+01
 0.78861948833574E+01
 0.78878835845256E+01
 0.78894562825458E+01
 0.78909156107048E+01
 0.78922642527033E+01
