 0.14975116109994E+00
 0.14975116109984E+00
 0.14975116109912E+00
 0.14975116110486E+00
 0.14975116116235E+00
 0.14975116138767E+00
 0.14975116191086E+00
 0.14975116245230E+00
 0.14975116108233E+00
 0.14975115175973E+00
 0.14975112109402E+00
 0.14975104490941E+00
 0.14975088539156E+00
 0.14975058918325E+00
 0.14975008681904E+00
 0.14974929336471E+00
 0.14974810961560E+00
 0.14974642450531E+00
 0.14974411790393E+00
 0.14974106317087E+00
 0.14973712791475E+00
 0.14973217829491E+00
 0.14972608176470E+00
 0.14971870742063E+00
 0.14970992782114E+00
 0.14969962101090E+00
 0.14968767098523E+00
 0.14967396808204E+00
 0.14965840965287E+00
 0.14964089927824E+00
 0.14962134874835E+00
 0.14959967373866E+00
 0.14957579937037E+00
 0.14954965095359E+00
 0.14952116397804E+00
 0.14949027542037E+00
 0.14945692677548E+00
 0.14942106298747E+00
 0.14938263178525E+00
 0.14934158278389E+00
 0.14929786847325E+00
 0.14925144339094E+00
 0.14920226391801E+00
 0.14915028816268E+00
 0.14909547582699E+00
 0.14903778809937E+00
 0.14897718760821E+00
 0.14891363821190E+00
 0.14884710496121E+00
 0.14877755420467E+00
 0.14870495313016E+00
 0.14862926968179E+00
 0.14855047238284E+00
 0.14846853007282E+00
 0.14838341163862E+00
 0.14829508572870E+00
 0.14820352041702E+00
 0.14810868281732E+00
 0.14801053868655E+00
 0.14790905204009E+00
 0.14780418469113E+00
 0.14769589578952E+00
 0.14758414143500E+00
 0.14746887404445E+00
 0.14735004193143E+00
 0.14722758912277E+00
 0.14710145445980E+00
 0.14697157129739E+00
 0.14683786694206E+00
 0.14670026230413E+00
 0.14655867128849E+00
 0.14641300046643E+00
 0.14626314860525E+00
 0.14610900625975E+00
 0.14595045587893E+00
 0.14578736978854E+00
 0.14561961113649E+00
 0.14544703348061E+00
 0.14526948020901E+00
 0.14508678399791E+00
 0.14489876659350E+00
 0.14470523869207E+00
 0.14450599941362E+00
 0.14430083596412E+00
 0.14408946693341E+00
 0.14387175727561E+00
 0.14364740910357E+00
 0.14341615781667E+00
 0.14317772827362E+00
 0.14293182928437E+00
 0.14267815611485E+00
 0.14241639055722E+00
 0.14214620026104E+00
 0.14186723768628E+00
 0.14157913976157E+00
 0.14128152851389E+00
 0.14097401148167E+00
 0.14065617936378E+00
 0.14032760622572E+00
 0.13998785385690E+00
 0.13963646808230E+00
 0.13927296858520E+00
 0.13889686882212E+00
 0.13850766297309E+00
 0.13810482726726E+00
 0.13768782175601E+00
 0.13725608985696E+00
 0.13680905840309E+00
 0.13634613796590E+00
 0.13586672291223E+00
 0.13537018922112E+00
 0.13485589989698E+00
 0.13432320244357E+00
 0.13377143366328E+00
 0.13319990629750E+00
 0.13260792738898E+00
 0.13199479558014E+00
 0.13135979427951E+00
 0.13070219849900E+00
 0.13002127803594E+00
 0.12931629692651E+00
 0.12858641594082E+00
 0.12783108677787E+00
 0.12704948699565E+00
 0.12624088301965E+00
 0.12540455828946E+00
 0.12453980878861E+00
 0.12364594683034E+00
 0.12272230752407E+00
 0.12176825415356E+00
 0.12078318232040E+00
 0.11976652679561E+00
 0.11871776627999E+00
 0.11763642604197E+00
 0.11652209156157E+00
 0.11537440549361E+00
 0.11419307776993E+00
 0.11297789604236E+00
 0.11172872630643E+00
 0.11044550668351E+00
 0.10912827359677E+00
 0.10777714942382E+00
 0.10639235442155E+00
 0.10497420522435E+00
 0.10352311622797E+00
 0.10203960134668E+00
 0.10052427675143E+00
 0.98977851448273E-01
 0.97401135536726E-01
 0.95795035359634E-01
 0.94160544534269E-01
 0.92498748780985E-01
 0.90810818217806E-01
 0.89098004417701E-01
 0.87361548899237E-01
 0.85603015401476E-01
 0.83823790391096E-01
 0.82025407649989E-01
 0.80209465120888E-01
 0.78377624285093E-01
 0.76531579318884E-01
 0.74673116751895E-01
 0.72804059090729E-01
 0.70926281912507E-01
 0.69041725542391E-01
 0.67152392993653E-01
 0.65260336377498E-01
 0.63367670191746E-01
 0.61476585120732E-01
 0.59589320745127E-01
 0.57708187727056E-01
 0.55835560167327E-01
 0.53973870428024E-01
 0.52125615214096E-01
 0.50293349709412E-01
 0.48479666812178E-01
 0.46687196755051E-01
 0.44918589789465E-01
 0.43176499176579E-01
 0.41463561312933E-01
 0.39782374900536E-01
 0.38135469685604E-01
 0.36525277616939E-01
 0.34954105588193E-01
 0.33424106204330E-01
 0.31937243471474E-01
 0.30495266188062E-01
 0.29099686649917E-01
 0.27751760795432E-01
 0.26452485077268E-01
 0.25202501385539E-01
 0.24002243596714E-01
 0.22851825617098E-01
 0.21751091543948E-01
 0.20699621835022E-01
 0.19696752595305E-01
 0.18741600297398E-01
 0.17833086696477E-01
 0.16969966049079E-01
 0.16150851880895E-01
 0.15374244630399E-01
 0.14638558452520E-01
 0.13942146017569E-01
 0.13283319728752E-01
 0.12660373746922E-01
 0.12071601078709E-01
 0.11515309110104E-01
 0.10989832086228E-01
 0.10493542184934E-01
 0.10024858746991E-01
 0.95822533667556E-02
 0.91642560378890E-02
 0.87694580012583E-02
 0.83965149460774E-02
 0.80441457327203E-02
 0.77111348755323E-02
 0.73963305985596E-02
 0.70986442884200E-02
 0.68170486315049E-02
 0.65505752819964E-02
 0.62983159169601E-02
 0.60594093050601E-02
 0.58330538687828E-02
 0.56184951361350E-02
 0.54150254662887E-02
 0.52219819152089E-02
 0.50387431207794E-02
 0.48647274625988E-02
 0.46993897676256E-02
 0.45422202321997E-02
 0.43927415187631E-02
 0.42505066709754E-02
 0.41150975036476E-02
 0.39861221380369E-02
 0.38632141895483E-02
 0.37460302774949E-02
 0.36342487181983E-02
 0.35275683629870E-02
 0.34257066481308E-02
 0.33283991152658E-02
 0.32353975769681E-02
 0.31464693830228E-02
 0.30613959715759E-02
 0.29799724661120E-02
 0.29020061773169E-02
 0.28273167513826E-02
 0.27557339235083E-02
 0.26870980432640E-02
 0.26212588339734E-02
 0.25580748944439E-02
 0.24974132545073E-02
 0.24391486679069E-02
 0.23831630367065E-02
 0.23293450962677E-02
 0.22775898438254E-02
 0.22277984026058E-02
 0.21798773774853E-02
 0.21337385946494E-02
 0.20892987360049E-02
 0.20464790816653E-02
 0.20052052312456E-02
 0.19654067276072E-02
 0.19270170125892E-02
 0.18899730535729E-02
 0.18542151377538E-02
 0.18196866875219E-02
 0.17863340792905E-02
 0.17541064707716E-02
 0.17229556286565E-02
 0.16928357613488E-02
 0.16637034241042E-02
 0.16355173450905E-02
 0.16082383030613E-02
 0.15818290188178E-02
 0.15562540385787E-02
 0.15314796242291E-02
 0.15074736979927E-02
 0.14842057078720E-02
 0.14616465451970E-02
 0.14397684873532E-02
 0.14185451024027E-02
 0.13979511977146E-02
 0.13779627442168E-02
 0.13585568140795E-02
 0.13397115211413E-02
 0.13214059698290E-02
 0.13036202015926E-02
 0.12863351460058E-02
 0.12695325822499E-02
 0.12531950746548E-02
 0.12373059611695E-02
 0.12218492894671E-02
 0.12068097879894E-02
 0.11921728542899E-02
 0.11779245059640E-02
 0.11640513188997E-02
 0.11505404605971E-02
 0.11373796020797E-02
 0.11245569542183E-02
 0.11120611869055E-02
