 0.10000000133514E-09
 0.10000000133514E-09
 0.10000000133514E-09
 0.10000000133514E-09
 0.10000000133514E-09
 0.10000000133514E-09
 0.10000000133514E-09
 0.10000000133514E-09
 0.10000000133514E-09
 0.10000000133514E-09
 0.10000000133514E-09
 0.10000000133514E-09
 0.10000000133514E-09
 0.10000000133514E-09
 0.10000000133514E-09
 0.10000000133514E-09
 0.10000000133514E-09
 0.10000000133514E-09
 0.10000000133514E-09
 0.10000000133514E-09
 0.10000000133514E-09
 0.10000000133514E-09
 0.10000000133514E-09
 0.10000000133514E-09
 0.10000000133514E-09
 0.10000000133514E-09
 0.10000000133514E-09
 0.10000000133514E-09
 0.10000000133514E-09
 0.34444542308654E-04
 0.34444542308654E-04
 0.63789919920380E-04
 0.63789919920380E-04
 0.10990738631933E-03
 0.14097289276943E-03
 0.17837101878656E-03
 0.22289015995645E-03
 0.27534630723361E-03
 0.33657935161439E-03
 0.40744922560068E-03
 0.48883208383575E-03
 0.58161746959559E-03
 0.68670556976071E-03
 0.80500446791459E-03
 0.93742875653456E-03
 0.10848976126851E-02
 0.12483333544588E-02
 0.14286606641450E-02
 0.16268053689229E-02
 0.18436943924915E-02
 0.20802552607272E-02
 0.23374151070821E-02
 0.26161011189869E-02
 0.29172402144169E-02
 0.32417593429498E-02
 0.35905847780675E-02
 0.39646431980899E-02
 0.43648604694532E-02
 0.47921616850678E-02
 0.52474742667762E-02
 0.57317249427868E-02
 0.62458412297225E-02
 0.67907524756937E-02
 0.73673886041522E-02
 0.79766817396666E-02
 0.86195651167062E-02
 0.92969751716288E-02
 0.10009849018049E-01
 0.10759130918618E-01
 0.11545764868278E-01
 0.12370702831871E-01
 0.13234901928040E-01
 0.14139323530032E-01
 0.15084936638257E-01
 0.16072716821329E-01
 0.17103648727559E-01
 0.18178729717816E-01
 0.19298963001388E-01
 0.20465361829974E-01
 0.21678958022547E-01
 0.22940801559524E-01
 0.24251947067094E-01
 0.25613464247107E-01
 0.27026444856408E-01
 0.28494690844444E-01
 0.30014300799344E-01
 0.31588807881737E-01
 0.33219395939413E-01
 0.34907258005800E-01
 0.36653625462200E-01
 0.38459752775260E-01
 0.40326930051908E-01
 0.42256474744167E-01
 0.44249719262000E-01
 0.46308049959389E-01
 0.48432874785911E-01
 0.50625634020930E-01
 0.52887821052997E-01
 0.55220950502866E-01
 0.57626576833028E-01
 0.60106251370809E-01
 0.62661663683787E-01
 0.65294450075098E-01
 0.68006325466347E-01
 0.70799028025892E-01
 0.73674333161292E-01
 0.76634057390483E-01
 0.79680038413143E-01
 0.82814148568385E-01
 0.86038281149292E-01
 0.89354396420405E-01
 0.92764436408973E-01
 0.96270361707716E-01
 0.99874103020632E-01
 0.10357770254248E+00
 0.10738314319264E+00
 0.11129234584974E+00
 0.11530726615063E+00
 0.11942982940069E+00
 0.12366189543199E+00
 0.12800528627128E+00
 0.13246313844128E+00
 0.13703438350888E+00
 0.14172183375744E+00
 0.14652695604100E+00
 0.15145100838694E+00
 0.15649505923054E+00
 0.16166002541002E+00
 0.16694660061805E+00
 0.17235524063728E+00
 0.17788614470969E+00
 0.18353920353315E+00
 0.18931399785203E+00
 0.19520980611454E+00
 0.20122548925058E+00
 0.20735957857157E+00
 0.21361020938085E+00
 0.21997505909876E+00
 0.22645138204145E+00
 0.23303607879989E+00
 0.23972553761149E+00
 0.24651577122968E+00
 0.25340233196955E+00
 0.26038036665966E+00
 0.26744463881030E+00
 0.27458956740048E+00
 0.28180920560929E+00
 0.28909732750590E+00
 0.29644745510861E+00
 0.30385285573430E+00
 0.31130666158918E+00
 0.31880185425378E+00
 0.32633133826135E+00
 0.33388797519914E+00
 0.34146542323648E+00
 0.34905513618914E+00
 0.35665088740688E+00
 0.36424585128776E+00
 0.37183337244315E+00
 0.37940698790743E+00
 0.38696049760912E+00
 0.39448790516806E+00
 0.40198349980492E+00
 0.40944184053953E+00
 0.41685777097546E+00
 0.42422637800630E+00
 0.43154307048271E+00
 0.43880355677622E+00
 0.44600376453090E+00
 0.45313991571485E+00
 0.46020850970434E+00
 0.46720627529882E+00
 0.47413019351134E+00
 0.48097747095134E+00
 0.48774551452823E+00
 0.49443196797061E+00
 0.50103466906115E+00
 0.50755165372656E+00
 0.51398116218748E+00
 0.52032162488867E+00
 0.52657165706651E+00
 0.53273007046105E+00
 0.53879589300434E+00
 0.54476836559669E+00
 0.55064692064518E+00
 0.55643122328236E+00
 0.56212115016011E+00
 0.56771678000229E+00
 0.57321843680561E+00
 0.57862639515515E+00
 0.58394200781469E+00
 0.58916589924421E+00
 0.59429923232268E+00
 0.59934332969217E+00
 0.60429966946136E+00
 0.60916988149312E+00
 0.61395571441771E+00
 0.61865900502036E+00
 0.62328167206035E+00
 0.62782568930315E+00
 0.63229306599913E+00
 0.63668582851476E+00
 0.64100599657665E+00
 0.64525559093738E+00
 0.64943659359213E+00
 0.65355095472192E+00
 0.65760056406941E+00
 0.66158728468832E+00
 0.66551290978747E+00
 0.66937916862828E+00
 0.67318773352650E+00
 0.67694020795296E+00
 0.68063813338088E+00
 0.68428298151085E+00
 0.68787616786873E+00
 0.69141903797644E+00
 0.69491288485297E+00
 0.69835893582553E+00
 0.70175837040528E+00
 0.70511231845100E+00
 0.70842171942580E+00
 0.71168787166429E+00
 0.71491161152937E+00
 0.71809388323599E+00
 0.72123558771792E+00
 0.72433758071752E+00
 0.72740068740460E+00
 0.73042569767859E+00
 0.73341337935351E+00
 0.73636447118575E+00
 0.73927966904451E+00
 0.74215964942525E+00
 0.74500506737569E+00
 0.74781656101545E+00
 0.75059473521136E+00
 0.75334017960009E+00
 0.75605346746532E+00
 0.75873515096938E+00
 0.76138576496842E+00
 0.76400582822654E+00
 0.76659584644160E+00
 0.76915630852427E+00
 0.77168769272573E+00
 0.77419046299067E+00
 0.77666507096760E+00
 0.77911195558490E+00
 0.78153154719905E+00
 0.78392426217805E+00
 0.78629051081268E+00
 0.78863069051252E+00
 0.79094519333198E+00
 0.79323439829730E+00
 0.79549867909890E+00
 0.79773839738665E+00
 0.79995391208726E+00
 0.80214557122598E+00
 0.80431371702949E+00
 0.80645868540532E+00
 0.80858080266907E+00
 0.81068039220712E+00
 0.81275777041725E+00
 0.81481324386222E+00
 0.81684711678041E+00
 0.81885968905029E+00
 0.82085125095337E+00
 0.82282209110875E+00
 0.82477249192598E+00
 0.82670272791076E+00
 0.82861307110009E+00
 0.83050378989300E+00
 0.83237514735165E+00
 0.83422740099994E+00
 0.83606080372559E+00
 0.83787560541191E+00
 0.83967205108889E+00
 0.84145038149949E+00
 0.84321083266112E+00
 0.84495363815911E+00
 0.84667902790092E+00
 0.84838722665534E+00
 0.85007845669517E+00
 0.85175293596360E+00
 0.85341087906201E+00
 0.85505249795212E+00
 0.85667800046894E+00
 0.85828759153048E+00
 0.85988147092195E+00
 0.86145983753607E+00
 0.86302288715618E+00
 0.86457081181218E+00
 0.86610380089750E+00
 0.86762204039268E+00
 0.86912571410424E+00
 0.87061500267040E+00
 0.87209008351171E+00
 0.87355113215545E+00
 0.87499832050378E+00
 0.87643181990984E+00
 0.87785179692925E+00
 0.87925841643428E+00
