 0.10000000133514E-09
 0.10000000133514E-09
 0.10000000133514E-09
 0.10000000133514E-09
 0.10000000133514E-09
 0.10000000133514E-09
 0.10000000133514E-09
 0.10000000133514E-09
 0.10000000133514E-09
 0.10000000133514E-09
 0.10000000133514E-09
 0.10000000133514E-09
 0.10000000133514E-09
 0.10000000133514E-09
 0.10000000133514E-09
 0.10000000133514E-09
 0.10000000133514E-09
 0.10000000133514E-09
 0.10000000133514E-09
 0.10000000133514E-09
 0.10000000133514E-09
 0.10000000133514E-09
 0.10000000133514E-09
 0.10000000133514E-09
 0.10000000133514E-09
 0.10000000133514E-09
 0.10000000133514E-09
 0.10000000133514E-09
 0.10000000133514E-09
 0.10462588696027E-03
 0.10462588696027E-03
 0.18075363164754E-03
 0.18075363164754E-03
 0.29289987493237E-03
 0.36529380700091E-03
 0.45011021224776E-03
 0.54851842096323E-03
 0.66168911995860E-03
 0.79078993666731E-03
 0.93698116509076E-03
 0.11014116946639E-02
 0.12852171881173E-02
 0.14895182678906E-02
 0.17154185333421E-02
 0.19640052920167E-02
 0.22363488098676E-02
 0.25335023403106E-02
 0.28565032390027E-02
 0.32063728973354E-02
 0.35841187717215E-02
 0.39907352295832E-02
 0.44272032543882E-02
 0.48944927367998E-02
 0.53935630774046E-02
 0.59253648027391E-02
 0.64908391789442E-02
 0.70909209608974E-02
 0.77265368947398E-02
 0.83986064069191E-02
 0.91080475507316E-02
 0.98557720772629E-02
 0.10642688364488E-01
 0.11469703473362E-01
 0.12337721187001E-01
 0.13247644956645E-01
 0.14200376175285E-01
 0.15196817696896E-01
 0.16237869766030E-01
 0.17324440533799E-01
 0.18457433923993E-01
 0.19637762847719E-01
 0.20866344467703E-01
 0.22144098584469E-01
 0.23471952809860E-01
 0.24850840738516E-01
 0.26281705312456E-01
 0.27765504053114E-01
 0.29303198561654E-01
 0.30895760310767E-01
 0.32544183048661E-01
 0.34249481288808E-01
 0.36012670434233E-01
 0.37834781433328E-01
 0.39716870276240E-01
 0.41663723602842E-01
 0.43669486026536E-01
 0.45738570943536E-01
 0.47872133327770E-01
 0.50071332048984E-01
 0.52337369963212E-01
 0.54671472327104E-01
 0.57074902860958E-01
 0.59548951301358E-01
 0.62094916356226E-01
 0.64714157588215E-01
 0.67408050549293E-01
 0.70178001552445E-01
 0.73025473308040E-01
 0.75951941869075E-01
 0.78958919762430E-01
 0.82047898888111E-01
 0.85220538812152E-01
 0.88478407872792E-01
 0.91823160297002E-01
 0.95256460243959E-01
 0.98780000230535E-01
 0.10239550491313E+00
 0.10610470355281E+00
 0.10990934797128E+00
 0.11381119347478E+00
 0.11781205729088E+00
 0.12191370710680E+00
 0.12611790960734E+00
 0.13042636736722E+00
 0.13484089794825E+00
 0.13936321701093E+00
 0.14399493496948E+00
 0.14873767905682E+00
 0.15359301219970E+00
 0.15856238894053E+00
 0.16364718984613E+00
 0.16885035087364E+00
 0.17416970970181E+00
 0.17960776826035E+00
 0.18516537653767E+00
 0.19084311202062E+00
 0.19664130615878E+00
 0.20256009185444E+00
 0.20859932488773E+00
 0.21475856766416E+00
 0.22103707234973E+00
 0.22743372703413E+00
 0.23394705970254E+00
 0.24057525223283E+00
 0.24731601610091E+00
 0.25416670020258E+00
 0.26112422428429E+00
 0.26818501445457E+00
 0.27534505411091E+00
 0.28259997039340E+00
 0.28994486478080E+00
 0.29737447601426E+00
 0.30488309575156E+00
 0.31246463509147E+00
 0.32011266154288E+00
 0.32782044866545E+00
 0.33558095863875E+00
 0.34338694321668E+00
 0.35123098064572E+00
 0.35910547673143E+00
 0.36700279525277E+00
 0.37491524593158E+00
 0.38283516270221E+00
 0.39075494193240E+00
 0.39866790198092E+00
 0.40656520462181E+00
 0.41444049731747E+00
 0.42228691403478E+00
 0.43009785878921E+00
 0.43786702730914E+00
 0.44558846187462E+00
 0.45325650754577E+00
 0.46086587330230E+00
 0.46841161102506E+00
 0.47588912659099E+00
 0.48329414232520E+00
 0.49062275421277E+00
 0.49787141196624E+00
 0.50503683789661E+00
 0.51211609302304E+00
 0.51910655473635E+00
 0.52600585861058E+00
 0.53281193208969E+00
 0.53952295543602E+00
 0.54613733802935E+00
 0.55265374328402E+00
 0.55907105121524E+00
 0.56538835689457E+00
 0.57160496767959E+00
 0.57772039091922E+00
 0.58373432430737E+00
 0.58964665984958E+00
 0.59545750155721E+00
 0.60116714406856E+00
 0.60677606267438E+00
 0.61228493045431E+00
 0.61769460314742E+00
 0.62300610982450E+00
 0.62822066872335E+00
 0.63333943992524E+00
 0.63836444153213E+00
 0.64329708840945E+00
 0.64813919646335E+00
 0.65289268450930E+00
 0.65755955799050E+00
 0.66214190737851E+00
 0.66664187680495E+00
 0.67106163978801E+00
 0.67540339461080E+00
 0.67966934028286E+00
 0.68386166221094E+00
 0.68798251944889E+00
 0.69203402489408E+00
 0.69601825798351E+00
 0.69993722798235E+00
 0.70379288931993E+00
 0.70758712575283E+00
 0.71132175329346E+00
 0.71499851720936E+00
 0.71861908772438E+00
 0.72218506799084E+00
 0.72569798695479E+00
 0.72915930621189E+00
 0.73257041591391E+00
 0.73593264637381E+00
 0.73924726066795E+00
 0.74251546805531E+00
 0.74573841466452E+00
 0.74891720025662E+00
 0.75205287615186E+00
 0.75514635264355E+00
 0.75819876338087E+00
 0.76121092619690E+00
 0.76418371926119E+00
 0.76711798125526E+00
 0.77001450967030E+00
 0.77287407400101E+00
 0.77569741231179E+00
 0.77848524116797E+00
 0.78123825156347E+00
 0.78395709674383E+00
 0.78664241187572E+00
 0.78929481252196E+00
 0.79191489803463E+00
 0.79450324034676E+00
 0.79706039594499E+00
 0.79958690676678E+00
 0.80208329600414E+00
 0.80455007096965E+00
 0.80698772475728E+00
 0.80939673845979E+00
 0.81177757796219E+00
 0.81413069917876E+00
 0.81645654533359E+00
 0.81875554815370E+00
 0.82102812831827E+00
 0.82327469775001E+00
 0.82549565630671E+00
 0.82769139738396E+00
 0.82986230333156E+00
 0.83200875065751E+00
 0.83413110467950E+00
 0.83622972478068E+00
 0.83830496009307E+00
 0.84035715611468E+00
 0.84238664892482E+00
 0.84439376874938E+00
 0.84637883950975E+00
 0.84834217702938E+00
 0.85028409335808E+00
 0.85220489395574E+00
 0.85410487584741E+00
 0.85598433295430E+00
 0.85784355495806E+00
 0.85968282304223E+00
 0.86150241589207E+00
 0.86330260663222E+00
 0.86508366119895E+00
 0.86684584274405E+00
 0.86858941063516E+00
 0.87031461916456E+00
 0.87202171745615E+00
 0.87371095028847E+00
 0.87538255902717E+00
 0.87703678064235E+00
 0.87867384782259E+00
 0.88029398895690E+00
 0.88189742960908E+00
 0.88348439177251E+00
 0.88505509277251E+00
 0.88660974714983E+00
 0.88814856535419E+00
 0.88967175464123E+00
 0.89117951937570E+00
 0.89267206013706E+00
 0.89414957420013E+00
 0.89561225529372E+00
 0.89706029471572E+00
 0.89849388101270E+00
 0.89991319930005E+00
 0.90131843201317E+00
 0.90270975830752E+00
 0.90408735503044E+00
 0.90545139606578E+00
 0.90680205229310E+00
 0.90813949241875E+00
 0.90946388192464E+00
 0.91077538524625E+00
 0.91207416262464E+00
 0.91336037249819E+00
