 0.30153585469249E+03
 0.30153585466417E+03
 0.30153585435853E+03
 0.30153585308203E+03
 0.30153584967836E+03
 0.30153584259452E+03
 0.30153582980188E+03
 0.30153580813280E+03
 0.30153577138861E+03
 0.30153570664199E+03
 0.30153558953299E+03
 0.30153537940676E+03
 0.30153501551633E+03
 0.30153441477403E+03
 0.30153347149243E+03
 0.30153205878736E+03
 0.30153003079870E+03
 0.30152722602750E+03
 0.30152347092186E+03
 0.30151858284777E+03
 0.30151237333693E+03
 0.30150465050087E+03
 0.30149522292666E+03
 0.30148389942215E+03
 0.30147049120568E+03
 0.30145481386475E+03
 0.30143668745301E+03
 0.30141593705969E+03
 0.30139239336147E+03
 0.30136589257861E+03
 0.30133627701883E+03
 0.30130339432618E+03
 0.30126709889588E+03
 0.30122724977873E+03
 0.30118371306390E+03
 0.30113636039505E+03
 0.30108506957095E+03
 0.30102972474107E+03
 0.30097021631263E+03
 0.30090644127609E+03
 0.30083830339152E+03
 0.30076571353206E+03
 0.30068858961658E+03
 0.30060685690822E+03
 0.30052044809327E+03
 0.30042930331548E+03
 0.30033337034449E+03
 0.30023260436083E+03
 0.30012696801351E+03
 0.30001643138370E+03
 0.29990097164632E+03
 0.29978057282341E+03
 0.29965522555992E+03
 0.29952492673265E+03
 0.29938967906942E+03
 0.29924949072650E+03
 0.29910437482940E+03
 0.29895434888262E+03
 0.29879943427604E+03
 0.29863965578560E+03
 0.29847504088060E+03
 0.29830561913370E+03
 0.29813142176218E+03
 0.29795248074550E+03
 0.29776882840531E+03
 0.29758049687021E+03
 0.29738751718853E+03
 0.29718991891992E+03
 0.29698772943588E+03
 0.29678097338735E+03
 0.29656967208388E+03
 0.29635384293336E+03
 0.29613349896604E+03
 0.29590864821318E+03
 0.29567929345962E+03
 0.29544543108476E+03
 0.29520705113544E+03
 0.29496413672263E+03
 0.29471666362664E+03
 0.29446459968402E+03
 0.29420790443193E+03
 0.29394652879463E+03
 0.29368041458571E+03
 0.29340949406159E+03
 0.29313366496411E+03
 0.29285288374939E+03
 0.29256703113583E+03
 0.29227599670684E+03
 0.29197965999283E+03
 0.29167788749189E+03
 0.29137053354966E+03
 0.29105744039670E+03
 0.29073843719587E+03
 0.29041333945793E+03
 0.29008194861829E+03
 0.28974405175312E+03
 0.28939942184290E+03
 0.28904781598103E+03
 0.28868897492408E+03
 0.28832262555068E+03
 0.28794847892567E+03
 0.28756622173158E+03
 0.28717553019825E+03
 0.28677606043575E+03
 0.28636744864897E+03
 0.28594931217090E+03
 0.28552124828426E+03
 0.28508283355600E+03
 0.28463362342064E+03
 0.28417315127437E+03
 0.28370092680697E+03
 0.28321643781972E+03
 0.28271914795683E+03
 0.28220849861790E+03
 0.28168389980842E+03
 0.28114474003485E+03
 0.28059038359025E+03
 0.28002016493652E+03
 0.27943339165165E+03
 0.27882934445195E+03
 0.27820727666032E+03
 0.27756635374401E+03
 0.27690588382558E+03
 0.27622498556150E+03
 0.27552279853008E+03
 0.27479843878376E+03
 0.27405099565440E+03
 0.27327953196504E+03
 0.27248308627054E+03
 0.27166067462223E+03
 0.27081129134448E+03
 0.26993391191121E+03
 0.26902749445038E+03
 0.26809097998281E+03
 0.26712330026452E+03
 0.26612337442634E+03
 0.26509011526667E+03
 0.26402243554143E+03
 0.26291924896624E+03
 0.26177946361663E+03
 0.26060200214337E+03
 0.25938579429268E+03
 0.25812978487468E+03
 0.25683293592714E+03
 0.25549422783266E+03
 0.25411266485847E+03
 0.25268727801391E+03
 0.25121712175712E+03
 0.24970128416578E+03
 0.24813888643472E+03
 0.24652908025403E+03
 0.24487105672038E+03
 0.24316404439857E+03
 0.24140731244537E+03
 0.23960009233580E+03
 0.23774188833401E+03
 0.23583202844059E+03
 0.23386996651261E+03
 0.23185521324443E+03
 0.22978734532113E+03
 0.22766598114959E+03
 0.22549085143987E+03
 0.22326175203670E+03
 0.22097856935774E+03
 0.21864130926206E+03
 0.21625010537385E+03
 0.21380522056562E+03
 0.21130707645438E+03
 0.20875628544030E+03
 0.20615364669027E+03
 0.20350018410069E+03
 0.20079716710398E+03
 0.19804613021141E+03
 0.19524890270775E+03
 0.19240763516867E+03
 0.18952480008823E+03
 0.18660322423847E+03
 0.18364609442594E+03
 0.18065696180521E+03
 0.17763974298478E+03
 0.17459871444610E+03
 0.17153848613227E+03
 0.16846397132124E+03
 0.16538035176242E+03
 0.16229303207282E+03
 0.15920757232658E+03
 0.15612962872268E+03
 0.15306488882895E+03
 0.15001899113215E+03
 0.14699749480438E+03
 0.14400560851878E+03
 0.14104845767417E+03
 0.13813077254711E+03
 0.13525693012504E+03
 0.13243089549470E+03
 0.12965619542680E+03
 0.12693590441925E+03
 0.12427264065373E+03
 0.12166856813957E+03
 0.11912540827085E+03
 0.11664446022116E+03
 0.11422662694028E+03
 0.11187244553926E+03
 0.10958211472486E+03
 0.10735553342775E+03
 0.10519233160598E+03
 0.10309190687623E+03
 0.10105344759632E+03
 0.99075971931437E+02
 0.97158353647157E+02
 0.95299346100805E+02
 0.93497607572450E+02
 0.91751721085896E+02
 0.90060215823379E+02
 0.88421577211962E+02
 0.86834269401098E+02
 0.85296741948504E+02
 0.83807443327039E+02
 0.82364828674392E+02
 0.80967365725141E+02
 0.79613558516956E+02
 0.78301898652365E+02
 0.77030946684299E+02
 0.75799282447416E+02
 0.74605522886289E+02
 0.73448324017578E+02
 0.72326380274639E+02
 0.71238427264396E+02
 0.70183238995410E+02
 0.69159632763436E+02
 0.68166467099097E+02
 0.67202639810850E+02
 0.66267089505403E+02
 0.65358791470887E+02
 0.64476762935142E+02
 0.63620056805228E+02
 0.62787761810577E+02
 0.61979003350637E+02
 0.61192938810010E+02
 0.60428761270297E+02
 0.59685694380680E+02
 0.58962993581417E+02
 0.58259942495960E+02
 0.57575854166256E+02
 0.56910067605975E+02
 0.56261952638943E+02
 0.55630898961892E+02
 0.55016323578810E+02
 0.54417665867216E+02
 0.53834387017153E+02
 0.53265971272660E+02
 0.52711922553696E+02
 0.52171763937179E+02
 0.51645037717539E+02
 0.51131303382362E+02
 0.50630138846410E+02
 0.50141138056393E+02
 0.49663910584581E+02
 0.49198081172188E+02
 0.48743288934674E+02
 0.48299186868684E+02
 0.47865440628725E+02
 0.47441729430759E+02
 0.47027744338572E+02
 0.46623187885034E+02
 0.46227773653923E+02
 0.45841225900690E+02
 0.45463279121380E+02
 0.45093677404984E+02
 0.44732174281507E+02
 0.44378532247739E+02
 0.44032522418333E+02
 0.43693924033561E+02
 0.43362524229772E+02
 0.43038117583234E+02
 0.42720505983084E+02
 0.42409498393231E+02
 0.42104910287143E+02
 0.41806563532652E+02
 0.41514286159807E+02
 0.41227911940128E+02
 0.40947280455825E+02
 0.40672236611809E+02
 0.40402630591886E+02
 0.40138317534391E+02
 0.39879157389643E+02
 0.39625014735708E+02
 0.39375758535611E+02
 0.39131262037208E+02
 0.38891402658932E+02
 0.38656061679097E+02
 0.38425124183137E+02
 0.38198478722872E+02
 0.37976017727117E+02
 0.37757636881875E+02
 0.37543234909540E+02
 0.37332713924565E+02
 0.37125978916838E+02
 0.36922937803333E+02
 0.36723501360493E+02
