 0.42537445909863E+03
 0.42537445909932E+03
 0.42537445912216E+03
 0.42537445931302E+03
 0.42537446010102E+03
 0.42537446168373E+03
 0.42537445775843E+03
 0.42537440895261E+03
 0.42537418267953E+03
 0.42537346816914E+03
 0.42537169787947E+03
 0.42536800416886E+03
 0.42536122333103E+03
 0.42534994077148E+03
 0.42533256272702E+03
 0.42530739802264E+03
 0.42527273618221E+03
 0.42522691532939E+03
 0.42516837547281E+03
 0.42509569633692E+03
 0.42500762032287E+03
 0.42490306717590E+03
 0.42478113567445E+03
 0.42464110302955E+03
 0.42448241711723E+03
 0.42430468494096E+03
 0.42410766215431E+03
 0.42389123967629E+03
 0.42365543235871E+03
 0.42340036511676E+03
 0.42312626180906E+03
 0.42283343311016E+03
 0.42252226745714E+03
 0.42219321831008E+03
 0.42184679741181E+03
 0.42148356403056E+03
 0.42110411706661E+03
 0.42070908767297E+03
 0.42029913087967E+03
 0.41987491761378E+03
 0.41943713070383E+03
 0.41898645715546E+03
 0.41852358320394E+03
 0.41804918917763E+03
 0.41756394487132E+03
 0.41706850543974E+03
 0.41656350806053E+03
 0.41604956840698E+03
 0.41552727855538E+03
 0.41499720507495E+03
 0.41445988666229E+03
 0.41391583303854E+03
 0.41336552413078E+03
 0.41280940940825E+03
 0.41224790763667E+03
 0.41168140695955E+03
 0.41111026497359E+03
 0.41053480922663E+03
 0.40995533791203E+03
 0.40937212077134E+03
 0.40878539978459E+03
 0.40819539020832E+03
 0.40760228192190E+03
 0.40700624012509E+03
 0.40640740689674E+03
 0.40580590217520E+03
 0.40520182493840E+03
 0.40459525445395E+03
 0.40398625120461E+03
 0.40337485825999E+03
 0.40276110207281E+03
 0.40214499349880E+03
 0.40152652891152E+03
 0.40090569088120E+03
 0.40028245093412E+03
 0.39965676495583E+03
 0.39902857813036E+03
 0.39839782535827E+03
 0.39776443085684E+03
 0.39712830895187E+03
 0.39648936447466E+03
 0.39584749285661E+03
 0.39520258034085E+03
 0.39455450426334E+03
 0.39390311240633E+03
 0.39324830189202E+03
 0.39258990649119E+03
 0.39192776703618E+03
 0.39126172000651E+03
 0.39059158838534E+03
 0.38991718788866E+03
 0.38923832432695E+03
 0.38855479634908E+03
 0.38786639012293E+03
 0.38717288110250E+03
 0.38647403309166E+03
 0.38576960358741E+03
 0.38505933575944E+03
 0.38434296039634E+03
 0.38362020678042E+03
 0.38289077377544E+03
 0.38215435392255E+03
 0.38141062743127E+03
 0.38065926430203E+03
 0.37989991813546E+03
 0.37913222226873E+03
 0.37835579774088E+03
 0.37757024759826E+03
 0.37677516018419E+03
 0.37597010491917E+03
 0.37515463292024E+03
 0.37432827860046E+03
 0.37349055678110E+03
 0.37264096631057E+03
 0.37177897661671E+03
 0.37090404521570E+03
 0.37001561153961E+03
 0.36911308966188E+03
 0.36819587449235E+03
 0.36726334029190E+03
 0.36631484968300E+03
 0.36534967249514E+03
 0.36436723659766E+03
 0.36336678881088E+03
 0.36234761174279E+03
 0.36130897740996E+03
 0.36025013602526E+03
 0.35917032774747E+03
 0.35806878337403E+03
 0.35694472649580E+03
 0.35579737516904E+03
 0.35462594785854E+03
 0.35342966522018E+03
 0.35220775262042E+03
 0.35095944947187E+03
 0.34968400704740E+03
 0.34838069748387E+03
 0.34704882532293E+03
 0.34568772660842E+03
 0.34429675985069E+03
 0.34287534167417E+03
 0.34142293778563E+03
 0.33993907514419E+03
 0.33842333483214E+03
 0.33687537447688E+03
 0.33529493224756E+03
 0.33368183460018E+03
 0.33203598625937E+03
 0.33035740798970E+03
 0.32864622768986E+03
 0.32690268264152E+03
 0.32512714420230E+03
 0.32332011776055E+03
 0.32148225612541E+03
 0.31961430256372E+03
 0.31771736426817E+03
 0.31579254595697E+03
 0.31384120150279E+03
 0.31186491665676E+03
 0.30986550723860E+03
 0.30784502307521E+03
 0.30580581511691E+03
 0.30375051844211E+03
 0.30168207962875E+03
 0.29960380977285E+03
 0.29751937427016E+03
 0.29543283711968E+03
 0.29334867906310E+03
 0.29127182919582E+03
 0.28920764932969E+03
 0.28716198000806E+03
 0.28514112720869E+03
 0.28315185717738E+03
 0.28120138941631E+03
 0.27929737245032E+03
 0.27744782545418E+03
 0.27566110224705E+03
 0.27394580678382E+03
 0.27231071884405E+03
 0.27076468535388E+03
 0.26931651700083E+03
 0.26797485445994E+03
 0.26674803891996E+03
 0.26564398109290E+03
 0.26467002867063E+03
 0.26383283724293E+03
 0.26313825831349E+03
 0.26259124704176E+03
 0.26219576380067E+03
 0.26195474254491E+03
 0.26187005679620E+03
 0.26194251262361E+03
 0.26217186953300E+03
 0.26255688812964E+03
 0.26309538939209E+03
 0.26378434085076E+03
 0.26461994294861E+03
 0.26559773033125E+03
 0.26671267242414E+03
 0.26795927818580E+03
 0.26933169570920E+03
 0.27082380428696E+03
 0.27242930077461E+03
 0.27414178269750E+03
 0.27595481307633E+03
 0.27786198189608E+03
 0.27985696156126E+03
 0.28193354127013E+03
 0.28408567261379E+03
 0.28630748381423E+03
 0.28859331552924E+03
 0.29093772516825E+03
 0.29333550179908E+03
 0.29578166094200E+03
 0.29827146907227E+03
 0.30080042419671E+03
 0.30336426300499E+03
 0.30595895136906E+03
 0.30858067927131E+03
 0.31122585780148E+03
 0.31389107523882E+03
 0.31657320801812E+03
 0.31926924312251E+03
 0.32197637326275E+03
 0.32469197209908E+03
 0.32741357364344E+03
 0.33013887531853E+03
 0.33286571570798E+03
 0.33559208766121E+03
 0.33831610372238E+03
 0.34103600712548E+03
 0.34375016146776E+03
 0.34645703620985E+03
 0.34915521473948E+03
 0.35184336729662E+03
 0.35452026447701E+03
 0.35718476581618E+03
 0.35983580682808E+03
 0.36247241168105E+03
 0.36509366456093E+03
 0.36769872538737E+03
 0.37028681393887E+03
 0.37285722155339E+03
 0.37540928325668E+03
 0.37794240238970E+03
 0.38045600650655E+03
 0.38294960329387E+03
 0.38542272814427E+03
 0.38787496439236E+03
 0.39030593391301E+03
 0.39271529251335E+03
 0.39510273047109E+03
 0.39746797793021E+03
 0.39981079449607E+03
 0.40213097387332E+03
 0.40442832740006E+03
 0.40670269779650E+03
 0.40895395153476E+03
 0.41118198156670E+03
 0.41338670125673E+03
 0.41556804280577E+03
 0.41772596460270E+03
 0.41986043594877E+03
 0.42197144494097E+03
 0.42405899758334E+03
 0.42612311537492E+03
 0.42816383416528E+03
 0.43018120304033E+03
 0.43217528334251E+03
 0.43414615132116E+03
 0.43609389024489E+03
 0.43801859565396E+03
 0.43992037312733E+03
 0.44179933723402E+03
 0.44365561101447E+03
 0.44548932816329E+03
 0.44730062562127E+03
 0.44908964871207E+03
 0.45085655100386E+03
 0.45260149068080E+03
 0.45432463268181E+03
 0.45602614548246E+03
 0.45770620282792E+03
 0.45936498328855E+03
 0.46100266930348E+03
 0.46261944684671E+03
 0.46421550524983E+03
 0.46579103715219E+03
 0.46734623628305E+03
 0.46888130218248E+03
 0.47039643339541E+03
 0.47189183253701E+03
 0.47336770399810E+03
 0.47482425164425E+03
 0.47626168041213E+03
 0.47768019941102E+03
 0.47908001494136E+03
 0.48046133871106E+03
 0.48182437607614E+03
 0.48316933784092E+03
