 0.00000000000000E+00
 0.00000000000000E+00
 0.00000000000000E+00
 0.00000000000000E+00
 0.00000000000000E+00
 0.14931653961013E-31
 0.19592655148388E-28
 0.42715235960038E-26
 0.28145483636746E-24
 0.80254733449338E-23
 0.12444514222344E-21
 0.12219986456160E-20
 0.84438202542823E-20
 0.44268065820779E-19
 0.18608520157372E-18
 0.65372240391475E-18
 0.19810442134175E-17
 0.53079010689567E-17
 0.12822340410389E-16
 0.28376342325650E-16
 0.58342163649614E-16
 0.11310634249763E-15
 0.21113529047263E-15
 0.39331736138590E-15
 0.77376035299556E-15
 0.17048769317828E-14
 0.42628334828669E-14
 0.11545985371081E-13
 0.31861774410759E-13
 0.14946531817479E-08
 0.20689682323282E-08
 0.51975359741908E-08
 0.69229570079565E-08
 0.15622438499157E-07
 0.25848697875936E-07
 0.41604171681893E-07
 0.65288822181851E-07
 0.10009988270247E-06
 0.15021691643314E-06
 0.22101024845579E-06
 0.31927242139242E-06
 0.45347260200274E-06
 0.63403285255195E-06
 0.87362499753503E-06
 0.11874882839359E-05
 0.15937651922684E-05
 0.21138548857391E-05
 0.27727837467236E-05
 0.35995901582654E-05
 0.46277252922369E-05
 0.58954663680193E-05
 0.74463401000093E-05
 0.93295606590202E-05
 0.11600475983556E-04
 0.14321025544962E-04
 0.17560202572680E-04
 0.21394531523435E-04
 0.25908542088306E-04
 0.31195253410488E-04
 0.37356684858832E-04
 0.44504335604280E-04
 0.52759694493384E-04
 0.62254754509071E-04
 0.73132512112136E-04
 0.85547493068632E-04
 0.99666256004356E-04
 0.11566793082253E-03
 0.13374470658476E-03
 0.15410243246645E-03
 0.17696104496296E-03
 0.20255520292583E-03
 0.23113478131953E-03
 0.26296538154750E-03
 0.29832891707595E-03
 0.33752412755866E-03
 0.38086716560881E-03
 0.42869222103026E-03
 0.48135192047621E-03
 0.53921795480366E-03
 0.60268185657163E-03
 0.67215559363666E-03
 0.74807177222549E-03
 0.83088447378116E-03
 0.92107007075313E-03
 0.10192206124136E-02
 0.11256901653651E-02
 0.12411041926454E-02
 0.13660350791624E-02
 0.15010802701733E-02
 0.16468641356188E-02
 0.18040381037369E-02
 0.19732819459610E-02
 0.21553042252832E-02
 0.23508424578434E-02
 0.25606658307975E-02
 0.27855745112718E-02
 0.30264010048120E-02
 0.32840123107162E-02
 0.35593091380476E-02
 0.38532277730778E-02
 0.41667383679924E-02
 0.45008554831455E-02
 0.48566262409821E-02
 0.52351403345030E-02
 0.56375274903942E-02
 0.60649594541259E-02
 0.65186515136782E-02
 0.69998621410691E-02
 0.75098951703361E-02
 0.80500998780847E-02
 0.86218762776049E-02
 0.92266688178977E-02
 0.98659706591617E-02
 0.10541319853679E-01
 0.11254314843319E-01
 0.12006598371836E-01
 0.12799857525150E-01
 0.13635834864180E-01
 0.14516322320000E-01
 0.15443157707365E-01
 0.16418227934794E-01
 0.17443637998047E-01
 0.18521029626097E-01
 0.19652570875215E-01
 0.20840320424205E-01
 0.22086362530894E-01
 0.23392807871981E-01
 0.24761796463371E-01
 0.26195485892660E-01
 0.27696046010570E-01
 0.29265653023268E-01
 0.30906477853048E-01
 0.32620681144094E-01
 0.34410409815872E-01
 0.36277772804896E-01
 0.38224849203712E-01
 0.40253670705113E-01
 0.42366203114297E-01
 0.44564344110872E-01
 0.46849930144742E-01
 0.49224696195728E-01
 0.51690292894449E-01
 0.54248262068819E-01
 0.56900036868326E-01
 0.59646937818916E-01
 0.62490169617046E-01
 0.65430808975016E-01
 0.68469814733593E-01
 0.71608021230710E-01
 0.74846132062752E-01
 0.78184737487263E-01
 0.81624301762087E-01
 0.85165172847714E-01
 0.88807582656874E-01
 0.92551852182510E-01
 0.96397622135889E-01
 0.10034498789055E+00
 0.10439375537666E+00
 0.10854362444106E+00
 0.11279418204224E+00
 0.11714493045552E+00
 0.12159521527161E+00
 0.12614427198209E+00
 0.13079119612089E+00
 0.13553491292991E+00
 0.14037415321564E+00
 0.14530745552094E+00
 0.15033312388822E+00
 0.15544916913627E+00
 0.16065331233778E+00
 0.16594292904754E+00
 0.17131500258556E+00
 0.17676609288059E+00
 0.18229228284152E+00
 0.18788912900890E+00
 0.19355165159584E+00
 0.19927427825105E+00
 0.20505082675646E+00
 0.21087449274425E+00
 0.21673784251736E+00
 0.22263281926411E+00
 0.22855078234849E+00
 0.23448255938168E+00
 0.24041850486330E+00
 0.24634857861194E+00
 0.25226246434126E+00
 0.25814967689246E+00
 0.26399968219255E+00
 0.26980204568943E+00
 0.27554647583430E+00
 0.28122336133817E+00
 0.28682323687549E+00
 0.29233738507491E+00
 0.29775776813014E+00
 0.30307713070642E+00
 0.30828905559916E+00
 0.31338799246219E+00
 0.31836926793971E+00
 0.32322908397642E+00
 0.32796449556963E+00
 0.33257337305579E+00
 0.33705435309727E+00
 0.34140677997076E+00
 0.34563065205223E+00
 0.34972654656281E+00
 0.35369555967431E+00
 0.35753923557777E+00
 0.36125951543609E+00
 0.36485866595852E+00
 0.36833922629030E+00
 0.37170395976224E+00
 0.37495580406732E+00
 0.37809783141654E+00
 0.38113320732411E+00
 0.38406516690507E+00
 0.38689697510376E+00
 0.38963191031930E+00
 0.39227323889952E+00
 0.39482420006314E+00
 0.39728799282590E+00
 0.39966773725659E+00
 0.40196655002808E+00
 0.40418741305899E+00
 0.40633325251885E+00
 0.40840690989654E+00
 0.41041113852721E+00
 0.41234860457605E+00
 0.41422188325176E+00
 0.41603346271928E+00
 0.41778573831888E+00
 0.41948101516773E+00
 0.42112151216633E+00
 0.42270936096427E+00
 0.42424661200795E+00
 0.42573522903899E+00
 0.42717709806915E+00
 0.42857402849974E+00
 0.42992775320648E+00
 0.43123993538575E+00
 0.43251216556970E+00
 0.43374596892990E+00
 0.43494280499497E+00
 0.43610407320379E+00
 0.43723111262365E+00
 0.43832520706856E+00
 0.43938758086202E+00
 0.44041941229567E+00
 0.44142182631115E+00
 0.44239590118493E+00
 0.44334267010338E+00
 0.44426312084227E+00
 0.44515820038871E+00
 0.44602881644969E+00
 0.44687583824581E+00
 0.44770009960969E+00
 0.44850239840597E+00
 0.44928349991730E+00
 0.45004413799705E+00
 0.45078501628980E+00
 0.45150680974725E+00
 0.45221016577797E+00
 0.45289570614960E+00
 0.45356402666655E+00
 0.45421569953660E+00
 0.45485127423778E+00
 0.45547127851171E+00
 0.45607621924291E+00
 0.45666658333282E+00
 0.45724283885621E+00
 0.45780543562169E+00
 0.45835480604803E+00
 0.45889136590747E+00
 0.45941551520200E+00
 0.45992763872490E+00
 0.46042810687376E+00
 0.46091727607421E+00
 0.46139548934654E+00
 0.46186307713457E+00
 0.46232035770725E+00
 0.46276763764858E+00
 0.46320521251245E+00
 0.46363336700318E+00
 0.46405237568749E+00
 0.46446250324061E+00
 0.46486400498177E+00
 0.46525712717844E+00
 0.46564210752316E+00
 0.46601917538470E+00
 0.46638855218119E+00
 0.46675045164145E+00
 0.46710508024565E+00
 0.46745263742733E+00
 0.46779331603299E+00
 0.46812730210016E+00
 0.46845477555675E+00
 0.46877591053226E+00
 0.46909087518498E+00
 0.46939983226793E+00
 0.46970293920774E+00
 0.47000034827222E+00
