 0.00000000000000E+00
 0.00000000000000E+00
 0.00000000000000E+00
 0.00000000000000E+00
 0.00000000000000E+00
 0.14931653761654E-21
 0.19592654886798E-18
 0.42715235389728E-16
 0.28145483260964E-14
 0.80254732377803E-13
 0.12444514056145E-11
 0.12219986292540E-10
 0.84438201388042E-10
 0.44268065084196E-09
 0.18608519160668E-08
 0.65372210299621E-08
 0.19810362946457E-07
 0.53077506217997E-07
 0.12820228197377E-06
 0.28353523779666E-06
 0.58145477261307E-06
 0.11171184974323E-05
 0.20279401565504E-05
 0.35032037682527E-05
 0.57932017412845E-05
 0.92173301376990E-05
 0.14170674167505E-04
 0.21128747078380E-04
 0.30650186797918E-04
 0.43377350502259E-04
 0.60034863762251E-04
 0.81426278750148E-04
 0.10842905583879E-03
 0.14198814472252E-03
 0.18310842945979E-03
 0.23284634782590E-03
 0.29230094396870E-03
 0.36260461508050E-03
 0.44491378041750E-03
 0.54039966184246E-03
 0.65023934111261E-03
 0.77560722009930E-03
 0.91766699255141E-03
 0.10775641887663E-02
 0.12564193501447E-02
 0.14553218601809E-02
 0.16753244368501E-02
 0.19174382989143E-02
 0.21826289728218E-02
 0.24718127259370E-02
 0.27858536094405E-02
 0.31255610632600E-02
 0.34916880470769E-02
 0.38849296708476E-02
 0.43059222783785E-02
 0.47552429489851E-02
 0.52334093805833E-02
 0.57408801286644E-02
 0.62780551489218E-02
 0.68452766176604E-02
 0.74428300221187E-02
 0.80709454645218E-02
 0.87297991441088E-02
 0.94195150659372E-02
 0.10140166842192E-01
 0.10891779632370E-01
 0.11674332250855E-01
 0.12487759296346E-01
 0.13331953404156E-01
 0.14206767534077E-01
 0.15112017323658E-01
 0.16047483468358E-01
 0.17012914108528E-01
 0.18008027262699E-01
 0.19032513179288E-01
 0.20086036905735E-01
 0.21168240555443E-01
 0.22278745712328E-01
 0.23417155758988E-01
 0.24583058236673E-01
 0.25776027100985E-01
 0.26995624919958E-01
 0.28241405083100E-01
 0.29512913951599E-01
 0.30809701572340E-01
 0.32131291122314E-01
 0.33477227185813E-01
 0.34847048542456E-01
 0.36240296276558E-01
 0.37656516555749E-01
 0.39095261918690E-01
 0.40556092784825E-01
 0.42038579310697E-01
 0.43542303061664E-01
 0.45066858567094E-01
 0.46611854758576E-01
 0.48176916089658E-01
 0.49761684556530E-01
 0.51365821089762E-01
 0.52989005439575E-01
 0.54630938096568E-01
 0.56291345710721E-01
 0.57969974998640E-01
 0.59666598530159E-01
 0.61381015573338E-01
 0.63113052407847E-01
 0.64862563775799E-01
 0.66629434044577E-01
 0.68413578205092E-01
 0.70214943129873E-01
 0.72033509287586E-01
 0.73869290366585E-01
 0.75722335289443E-01
 0.77592727676234E-01
 0.79480592208389E-01
 0.81386089138406E-01
 0.83309416499055E-01
 0.85250814335981E-01
 0.87210563455077E-01
 0.89188985977528E-01
 0.91186446249126E-01
 0.93203393271032E-01
 0.95240202098809E-01
 0.97297402976645E-01
 0.99375537494660E-01
 0.10147518936881E+00
 0.10359698711204E+00
 0.10574160433248E+00
 0.10790975850707E+00
 0.11010221001491E+00
 0.11231976184877E+00
 0.11456325768516E+00
 0.11683358090023E+00
 0.11913165452083E+00
 0.12145843516583E+00
 0.12381491559189E+00
 0.12620211962722E+00
 0.12862109684374E+00
 0.13107292129835E+00
 0.13355869652163E+00
 0.13607953843768E+00
 0.13863658070209E+00
 0.14123096725762E+00
 0.14386384950386E+00
 0.14653638426442E+00
 0.14924972784297E+00
 0.15200503217092E+00
 0.15480344624295E+00
 0.15764610566346E+00
 0.16053413130752E+00
 0.16346862988282E+00
 0.16645068403320E+00
 0.16948135199246E+00
 0.17256166257851E+00
 0.17569268605550E+00
 0.17887524229958E+00
 0.18211031610717E+00
 0.18539877375737E+00
 0.18874142394455E+00
 0.19213900579482E+00
 0.19559220911551E+00
 0.19910160228442E+00
 0.20266767385749E+00
 0.20629080368666E+00
 0.20997122953136E+00
 0.21370903330676E+00
 0.21750413404400E+00
 0.22135625217183E+00
 0.22526487013989E+00
 0.22922922946788E+00
 0.23324828437162E+00
 0.23732067235237E+00
 0.24144468583874E+00
 0.24561823291295E+00
 0.24983880110871E+00
 0.25410344906239E+00
 0.25840876487696E+00
 0.26275085356219E+00
 0.26712532728391E+00
 0.27152730056160E+00
 0.27595139450123E+00
 0.28039176607452E+00
 0.28484214410876E+00
 0.28929587315966E+00
 0.29374597199113E+00
 0.29818521917950E+00
 0.30260623231878E+00
 0.30700155542968E+00
 0.31136376583890E+00
 0.31568552530887E+00
 0.31995990566480E+00
 0.32418010244375E+00
 0.32833980560886E+00
 0.33243316710443E+00
 0.33645488070383E+00
 0.34040022291781E+00
 0.34426507715715E+00
 0.34804594397190E+00
 0.35173994168222E+00
 0.35534479385090E+00
 0.35885880448641E+00
 0.36228082498368E+00
 0.36561021452848E+00
 0.36884680269428E+00
 0.37199083839255E+00
 0.37504294723260E+00
 0.37800408197171E+00
 0.38087548834405E+00
 0.38365865286434E+00
 0.38635526606205E+00
 0.38896718816322E+00
 0.39149641376897E+00
 0.39394504332336E+00
 0.39631525339054E+00
 0.39860928022956E+00
 0.40082939008557E+00
 0.40297786772724E+00
 0.40505699789531E+00
 0.40706905367405E+00
 0.40901628731812E+00
 0.41090090201898E+00
 0.41272510353031E+00
 0.41449100941019E+00
 0.41620070236990E+00
 0.41785620981172E+00
 0.41945950103618E+00
 0.42101248747890E+00
 0.42251701943953E+00
 0.42397488890949E+00
 0.42538782432687E+00
 0.42675749290018E+00
 0.42808550288594E+00
 0.42937340225408E+00
 0.43062268337181E+00
 0.43183477787517E+00
 0.43301106370151E+00
 0.43415286539546E+00
 0.43526145373567E+00
 0.43633805111297E+00
 0.43738382822761E+00
 0.43839990993077E+00
 0.43938737450930E+00
 0.44034725791851E+00
 0.44128055305823E+00
 0.44218821380484E+00
 0.44307115066833E+00
 0.44393024233243E+00
 0.44476632866820E+00
 0.44558021618793E+00
 0.44637267907347E+00
 0.44714445842080E+00
 0.44789626604709E+00
 0.44862878543085E+00
 0.44934267207732E+00
 0.45003855590894E+00
 0.45071704046108E+00
 0.45137870559996E+00
 0.45202410827912E+00
 0.45265378333378E+00
 0.45326824458584E+00
 0.45386798564379E+00
 0.45445348138090E+00
 0.45502518738049E+00
 0.45558354185570E+00
 0.45612896628207E+00
 0.45666186605641E+00
 0.45718263110828E+00
 0.45769163654913E+00
 0.45818924350971E+00
 0.45867579950621E+00
 0.45915163909574E+00
 0.45961708440553E+00
 0.46007244578288E+00
 0.46051802219480E+00
 0.46095410182541E+00
 0.46138096236570E+00
 0.46179887139807E+00
 0.46220808706638E+00
 0.46260885833202E+00
 0.46300142532948E+00
 0.46338601988220E+00
 0.46376286557644E+00
 0.46413217832407E+00
 0.46449416652533E+00
 0.46484903147382E+00
 0.46519696759544E+00
 0.46553816271931E+00
 0.46587279839402E+00
 0.46620105007517E+00
 0.46652308732164E+00
 0.46683907415616E+00
 0.46714916919925E+00
 0.46745352604532E+00
 0.46775229299536E+00
 0.46804561366487E+00
 0.46833362724427E+00
 0.46861646827110E+00
 0.46889426713585E+00
 0.46916715010470E+00
 0.46943523944093E+00
