                  NaN
                  NaN
                  NaN
                  NaN
                  NaN
 0.44852244825746E+34
 0.26050341946932E+28
 0.54806793965199E+23
 0.12623581431494E+20
 0.15525968620673E+17
 0.64571982536583E+14
 0.66966649130612E+12
 0.14025619672187E+11
 0.51029219652147E+09
 0.28878617126687E+08
 0.23399892007461E+07
 0.25481022157927E+06
 0.35496964882918E+05
 0.60852702271864E+04
 0.12449013073921E+04
 0.29677953826065E+03
 0.81131176617925E+02
 0.25315865680502E+02
 0.91483412179534E+01
 0.39796324866045E+01
 0.21770359291130E+01
 0.14979881187356E+01
 0.12240023202062E+01
 0.11064470803526E+01
 0.18310274244164E+05
 0.95601567557062E+04
 0.96249315101414E+04
 0.54289185777636E+04
 0.54551608779298E+04
 0.42079935620701E+04
 0.32932536475990E+04
 0.26119646235977E+04
 0.20973024753468E+04
 0.17033797133892E+04
 0.13981795282453E+04
 0.11590287767482E+04
 0.96964911505089E+03
 0.81820149199974E+03
 0.69597061889274E+03
 0.59646846552400E+03
 0.51481321267139E+03
 0.44729476903007E+03
 0.39106703877511E+03
 0.34392717596288E+03
 0.30415601897672E+03
 0.27040118685726E+03
 0.24159074792174E+03
 0.21686910111633E+03
 0.19554867766835E+03
 0.17707341652594E+03
 0.16099082773515E+03
 0.14693061346036E+03
 0.13458801019164E+03
 0.12371087830013E+03
 0.11408963748209E+03
 0.10554916344570E+03
 0.97942481153816E+02
 0.91145707268557E+02
 0.85053958998751E+02
 0.79578098370372E+02
 0.74642060576358E+02
 0.70180710164658E+02
 0.66138050029422E+02
 0.62465812787653E+02
 0.59122208509070E+02
 0.56070981557382E+02
 0.53280562216630E+02
 0.50723374572844E+02
 0.48375272509664E+02
 0.46215048982775E+02
 0.44224032808514E+02
 0.42385749327068E+02
 0.40685607606053E+02
 0.39110662326055E+02
 0.37649414180303E+02
 0.36291620270264E+02
 0.35028114886314E+02
 0.33850693833205E+02
 0.32752005004298E+02
 0.31728303335209E+02
 0.30768022073425E+02
 0.29868548897109E+02
 0.29025032879156E+02
 0.28233068418521E+02
 0.27488667778356E+02
 0.26788202788971E+02
 0.26128374166044E+02
 0.25506169795857E+02
 0.24918827838975E+02
 0.24363831826966E+02
 0.23838867456863E+02
 0.23341808161393E+02
 0.22870704039767E+02
 0.22423750380683E+02
 0.21999282407383E+02
 0.21595746253730E+02
 0.21211732907218E+02
 0.20845905798748E+02
 0.20497033594318E+02
 0.20163963575764E+02
 0.19845619313480E+02
 0.19540994485403E+02
 0.19249141956851E+02
 0.18969172179395E+02
 0.18700245389045E+02
 0.18441576300994E+02
 0.18192413755985E+02
 0.17952045465171E+02
 0.17719788043131E+02
 0.17495005832926E+02
 0.17277082724024E+02
 0.17065421966649E+02
 0.16859458291061E+02
 0.16658647956929E+02
 0.16462464225829E+02
 0.16270400998131E+02
 0.16082104143610E+02
 0.15896824068524E+02
 0.15714232699657E+02
 0.15533888346670E+02
 0.15355357170340E+02
 0.15178216955869E+02
 0.15002062248374E+02
 0.14826500395335E+02
 0.14651152881137E+02
 0.14475656220177E+02
 0.14299661118869E+02
 0.14122835157473E+02
 0.13944865411936E+02
 0.13765455023800E+02
 0.13584330245482E+02
 0.13401239478613E+02
 0.13215953109448E+02
 0.13028267473994E+02
 0.12838008215724E+02
 0.12645027197461E+02
 0.12449208353066E+02
 0.12250465601575E+02
 0.12048745514323E+02
 0.11844027869710E+02
 0.11636326857470E+02
 0.11425689425507E+02
 0.11212195969921E+02
 0.10995960300463E+02
 0.10777126993742E+02
 0.10555871476228E+02
 0.10332397502940E+02
 0.10106935316316E+02
 0.98797391840523E+01
 0.96510910766232E+01
 0.94212734251418E+01
 0.91906034478652E+01
 0.89594052089671E+01
 0.87280131839378E+01
 0.84967696865822E+01
 0.82660197788399E+01
 0.80361136535659E+01
 0.78073996105517E+01
 0.75802229342185E+01
 0.73549253344340E+01
 0.71318420673725E+01
 0.69112998548311E+01
 0.66936161391660E+01
 0.64790980128940E+01
 0.62680398995270E+01
 0.60607235435523E+01
 0.58574165581270E+01
 0.56583715676579E+01
 0.54638256242476E+01
 0.52739995292646E+01
 0.50890961054216E+01
 0.49093001076760E+01
 0.47347770424961E+01
 0.45656722324298E+01
 0.44021100075042E+01
 0.42441929897491E+01
 0.40920009597953E+01
 0.39455901736709E+01
 0.38049929437393E+01
 0.36702173748109E+01
 0.35412469871945E+01
 0.34180411488246E+01
 0.33005358341584E+01
 0.31886443732426E+01
 0.30822596436525E+01
 0.29812513832404E+01
 0.28854756260565E+01
 0.27947710860299E+01
 0.27089637520215E+01
 0.26278688295864E+01
 0.25512933263232E+01
 0.24790385696902E+01
 0.24109025901001E+01
 0.23466822719082E+01
 0.22861753018349E+01
 0.22291819286372E+01
 0.21755064705943E+01
 0.21249585685375E+01
 0.20773541140618E+01
 0.20325160940671E+01
 0.19902751078959E+01
 0.19504697870255E+01
 0.19129468603216E+01
 0.18775613695287E+01
 0.18441765795316E+01
 0.18126638148294E+01
 0.17829022714138E+01
 0.17547787327397E+01
 0.17281872947455E+01
 0.17030289482206E+01
 0.16792113291665E+01
 0.16566482852024E+01
 0.16352595457773E+01
 0.16149703517374E+01
 0.15957110854663E+01
 0.15774171085437E+01
 0.15600279067911E+01
 0.15434875372097E+01
 0.15277438156920E+01
 0.15127481912552E+01
 0.14984554854177E+01
 0.14848236309700E+01
 0.14718134628905E+01
 0.14593884766732E+01
 0.14475146765594E+01
 0.14361603715270E+01
 0.14252959943997E+01
 0.14148939636296E+01
 0.14049285082876E+01
 0.13953755861688E+01
 0.13862127136855E+01
 0.13774188621646E+01
 0.13689743672238E+01
 0.13608608017708E+01
 0.13530609254394E+01
 0.13455585688414E+01
 0.13383385751740E+01
 0.13313867104308E+01
 0.13246896159516E+01
 0.13182347301007E+01
 0.13120102763069E+01
 0.13060051380867E+01
 0.13002088738205E+01
 0.12946116437375E+01
 0.12892041720448E+01
 0.12839777243580E+01
 0.12789240549581E+01
 0.12740353771030E+01
 0.12693043389983E+01
 0.12647239878573E+01
 0.12602877571588E+01
 0.12559894315889E+01
 0.12518231267527E+01
 0.12477832699519E+01
 0.12438645799514E+01
 0.12400620498063E+01
 0.12363709263019E+01
 0.12327867035923E+01
 0.12293051014360E+01
 0.12259220524469E+01
 0.12226336901318E+01
 0.12194363377025E+01
 0.12163264971179E+01
 0.12133008377120E+01
 0.12103561880874E+01
 0.12074895266457E+01
 0.12046979733603E+01
 0.12019787812116E+01
 0.11993293294288E+01
 0.11967471159516E+01
 0.11942297519404E+01
 0.11917749560854E+01
 0.11893805473431E+01
 0.11870444404881E+01
 0.11847646412313E+01
 0.11825392405780E+01
 0.11803664120198E+01
 0.11782444060082E+01
 0.11761715468840E+01
 0.11741462286032E+01
 0.11721669114554E+01
 0.11702321190749E+01
 0.11683404346231E+01
 0.11664904984930E+01
 0.11646810057588E+01
 0.11629107027895E+01
 0.11611783852770E+01
 0.11594828949605E+01
 0.11578231201146E+01
 0.11561979910806E+01
 0.11546064778329E+01
 0.11530475904523E+01
 0.11515203754028E+01
 0.11500239146675E+01
 0.11485573243355E+01
