                  NaN
                  NaN
                  NaN
                  NaN
                  NaN
 0.10000000133514E-09
 0.10000000133514E-09
 0.10000000133514E-09
 0.10000000133514E-09
 0.10000000133517E-09
 0.10000000133552E-09
 0.10000000133896E-09
 0.10000000136760E-09
 0.10000000166391E-09
 0.10000000535617E-09
 0.10000004603157E-09
 0.10000039972876E-09
 0.10000283448051E-09
 0.10001647562726E-09
 0.10008047869521E-09
 0.10033826601409E-09
 0.10124829439097E-09
 0.10411317601787E-09
 0.11227361792377E-09
 0.13356350901462E-09
 0.18496429077763E-09
 0.30082079599587E-09
 0.54645859161688E-09
 0.10395295343820E-08
 0.34456995746433E-04
 0.34462778836672E-04
 0.63831186368459E-04
 0.63847803104079E-04
 0.11002635839554E-03
 0.14116607275916E-03
 0.17867650521622E-03
 0.22336165355950E-03
 0.27605793897644E-03
 0.33763152108299E-03
 0.40897554913759E-03
 0.49100754323188E-03
 0.58466784507845E-03
 0.69091822817898E-03
 0.81074056343249E-03
 0.94513689541561E-03
 0.10951290129527E-02
 0.12617585222558E-02
 0.14460875994256E-02
 0.16491992927280E-02
 0.18721989913223E-02
 0.21162154206672E-02
 0.23824010951309E-02
 0.26719341857674E-02
 0.29860195592744E-02
 0.33258903944627E-02
 0.36928087084231E-02
 0.40880676376689E-02
 0.45129913023168E-02
 0.49689358679568E-02
 0.54572936851747E-02
 0.59794910634827E-02
 0.65369905824918E-02
 0.71312928833057E-02
 0.77639359988496E-02
 0.84364975843081E-02
 0.91505942434009E-02
 0.99078840945322E-02
 0.10710064424760E-01
 0.11558878717534E-01
 0.12456109001467E-01
 0.13403584616643E-01
 0.14403179275758E-01
 0.15456810036776E-01
 0.16566440772438E-01
 0.17734080853072E-01
 0.18961787603809E-01
 0.20251669944295E-01
 0.21605880631325E-01
 0.23026620327138E-01
 0.24516146476542E-01
 0.26076772460057E-01
 0.27710852200812E-01
 0.29420790903862E-01
 0.31209052154717E-01
 0.33081158219612E-01
 0.35034078185030E-01
 0.37073088095280E-01
 0.39200883182347E-01
 0.41420198629675E-01
 0.43733841742391E-01
 0.46144673681658E-01
 0.48655622631857E-01
 0.51269673253083E-01
 0.53989851076875E-01
 0.56819266135119E-01
 0.59761074209545E-01
 0.62818487575663E-01
 0.65994797804434E-01
 0.69293336746777E-01
 0.72717495659958E-01
 0.76270672135029E-01
 0.79956437820393E-01
 0.83778304908636E-01
 0.87739882337299E-01
 0.91844806374351E-01
 0.96096753725887E-01
 0.10049944273264E+00
 0.10505660510918E+00
 0.10977199800634E+00
 0.11464938258506E+00
 0.11969257589802E+00
 0.12490533985245E+00
 0.13029142090573E+00
 0.13585448236417E+00
 0.14159827614032E+00
 0.14752642004235E+00
 0.15364238597560E+00
 0.15994961421061E+00
 0.16645142222338E+00
 0.17315095062585E+00
 0.18005118754094E+00
 0.18715668374134E+00
 0.19446650907862E+00
 0.20198453683222E+00
 0.20971278193413E+00
 0.21765283384317E+00
 0.22580587065415E+00
 0.23417269503035E+00
 0.24275363280461E+00
 0.25154850213106E+00
 0.26055658008492E+00
 0.26977652763668E+00
 0.27920637964484E+00
 0.28884354837744E+00
 0.29868467147107E+00
 0.30872572194538E+00
 0.31896192254153E+00
 0.32938766776160E+00
 0.33999657342979E+00
 0.35078157667669E+00
 0.36173473808681E+00
 0.37284743054594E+00
 0.38411024948845E+00
 0.39551309842297E+00
 0.40704524080030E+00
 0.41869536728932E+00
 0.43045159782237E+00
 0.44230161792480E+00
 0.45423273178456E+00
 0.46623189382312E+00
 0.47828587994716E+00
 0.49038129363174E+00
 0.50250468176287E+00
 0.51464259980962E+00
 0.52678261264259E+00
 0.53890980605601E+00
 0.55101210099211E+00
 0.56307683843302E+00
 0.57509168985048E+00
 0.58704468452747E+00
 0.59892431802504E+00
 0.61071942102161E+00
 0.62241930141653E+00
 0.63401370193677E+00
 0.64549278123682E+00
 0.65684707400339E+00
 0.66806755724258E+00
 0.67914559635534E+00
 0.69007284198256E+00
 0.70084130505832E+00
 0.71144329954924E+00
 0.72187138561277E+00
 0.73211838258744E+00
 0.74217732405121E+00
 0.75204142901383E+00
 0.76170414966827E+00
 0.77115912978391E+00
 0.78040023077574E+00
 0.78942156061499E+00
 0.79821749808981E+00
 0.80678272949666E+00
 0.81511231784086E+00
 0.82320177765601E+00
 0.83104712914664E+00
 0.83864495891499E+00
 0.84599251778943E+00
 0.85308777322377E+00
 0.85992946134444E+00
 0.86651715867615E+00
 0.87285115643077E+00
 0.87893312993030E+00
 0.88476508802773E+00
 0.89035011923946E+00
 0.89569211978358E+00
 0.90079576219078E+00
 0.90566643275555E+00
 0.91031014545555E+00
 0.91473345244734E+00
 0.91894336034330E+00
 0.92294723672591E+00
 0.92675271972708E+00
 0.93036763155339E+00
 0.93379989509064E+00
 0.93705747081861E+00
 0.94014827911906E+00
 0.94308015197776E+00
 0.94586077936727E+00
 0.94849767572800E+00
 0.95099814179749E+00
 0.95336923977928E+00
 0.95561777721536E+00
 0.95775029062868E+00
 0.95977303896724E+00
 0.96169199662001E+00
 0.96351285821515E+00
 0.96524103439912E+00
 0.96688166155821E+00
 0.96843960464277E+00
 0.96991946820718E+00
 0.97132560522436E+00
 0.97266210731785E+00
 0.97393288314618E+00
 0.97514156853278E+00
 0.97629160692217E+00
 0.97738624030634E+00
 0.97842851935261E+00
 0.97942131608796E+00
 0.98036733242421E+00
 0.98126911192635E+00
 0.98212904654708E+00
 0.98294938494695E+00
 0.98373224350589E+00
 0.98447961318790E+00
 0.98519336855659E+00
 0.98587527186626E+00
 0.98652698251521E+00
 0.98715006316812E+00
 0.98774598466413E+00
 0.98831613306652E+00
 0.98886181348393E+00
 0.98938425648491E+00
 0.98988462169790E+00
 0.99036400332144E+00
 0.99082343328635E+00
 0.99126388579416E+00
 0.99168627927872E+00
 0.99209148262053E+00
 0.99248031574902E+00
 0.99285355388924E+00
 0.99321193004828E+00
 0.99355613711794E+00
 0.99388683080003E+00
 0.99420463183462E+00
 0.99451012782714E+00
 0.99480387564898E+00
 0.99508640265109E+00
 0.99535820884622E+00
 0.99561976840214E+00
 0.99587153115078E+00
 0.99611392401822E+00
 0.99634735227367E+00
 0.99657220090696E+00
 0.99678883553161E+00
 0.99699760374677E+00
 0.99719883598996E+00
 0.99739284658258E+00
 0.99757993460360E+00
 0.99776038464667E+00
 0.99793446776215E+00
 0.99810244210517E+00
 0.99826455362485E+00
 0.99842103672234E+00
 0.99857211492038E+00
 0.99871800137791E+00
 0.99885889950960E+00
 0.99899500341516E+00
 0.99912649840326E+00
 0.99925356145541E+00
 0.99937636165072E+00
 0.99949506055898E+00
 0.99960981263572E+00
 0.99972076554018E+00
 0.99982806053900E+00
 0.99993183276129E+00
 0.10000322115503E+01
 0.10001293206688E+01
 0.10002232788033E+01
 0.10003141994793E+01
 0.10004021915137E+01
 0.10004873592026E+01
 0.10005698025384E+01
 0.10006496173987E+01
 0.10007268957634E+01
 0.10008017258502E+01
 0.10008741923435E+01
 0.10009443765347E+01
 0.10010123564706E+01
 0.10010782071087E+01
 0.10011420004639E+01
 0.10012038057304E+01
