-0.00000000000000E+00
-0.45787993606571E-04
-0.23324942625465E-02
-0.28427610501209E-01
-0.21672534738545E+00
-0.82458924333226E+00
-0.21787233662530E+01
-0.47303885937258E+01
-0.10564896744929E+02
-0.19363908141019E+02
-0.29943378934972E+02
-0.38594140928115E+02
-0.38881432307177E+02
-0.15891279370612E+02
 0.53991715297782E+02
 0.20098615418231E+03
 0.47052820133350E+03
 0.92016458419367E+03
 0.16164417573113E+04
 0.26465861286218E+04
 0.41088559379905E+04
 0.61378301734744E+04
 0.88266307084466E+04
 0.12322291966830E+05
 0.16807664013183E+05
 0.22437519278048E+05
 0.29389852876540E+05
 0.37853514983073E+05
 0.48024655951193E+05
 0.60105383509294E+05
 0.74303404232541E+05
 0.90834216980351E+05
 0.10989856866464E+06
 0.13170840684285E+06
 0.15647362358475E+06
 0.18439781199203E+06
 0.21568464520107E+06
 0.25052898778470E+06
 0.28912698936386E+06
 0.33166495747874E+06
 0.37833036592878E+06
 0.42929912329448E+06
 0.48474807956016E+06
 0.54484941935398E+06
 0.60977306820662E+06
 0.67968967976407E+06
 0.75476622104394E+06
 0.83517386022131E+06
 0.92108465878830E+06
 0.10126734290464E+07
 0.11101183812670E+07
 0.12136054851748E+07
 0.13233264960333E+07
 0.14394820422202E+07
 0.15622821061934E+07
 0.16919466294315E+07
 0.18287064555275E+07
 0.19728072140560E+07
 0.21245087280682E+07
 0.22840832459161E+07
 0.24518213018016E+07
 0.26280324121528E+07
 0.28130395801732E+07
 0.30071915067616E+07
 0.32108536538929E+07
 0.34244121716028E+07
 0.36482805386065E+07
 0.38828930224297E+07
 0.41287099983828E+07
 0.43862187039826E+07
 0.46559334337764E+07
 0.49383990881834E+07
 0.52341891418883E+07
 0.55439109923623E+07
 0.58682038681341E+07
 0.62077439623071E+07
 0.65632401377113E+07
 0.69354449075903E+07
 0.73251472772932E+07
 0.77331806358679E+07
 0.81604223671446E+07
 0.86077956466278E+07
 0.90762723458121E+07
 0.95668770029000E+07
 0.10080746277002E+08
 0.10618906301497E+08
 0.11182602349404E+08
 0.11773094152715E+08
 0.12391697369110E+08
 0.13039805936230E+08
 0.13718887240800E+08
 0.14430478869062E+08
 0.15176201682745E+08
 0.15957760553499E+08
 0.16776953892163E+08
 0.17635664257062E+08
 0.18535879747996E+08
 0.19479690794680E+08
 0.20469304722867E+08
 0.21507038344420E+08
 0.22595297465982E+08
 0.23736674487556E+08
 0.24933847737699E+08
 0.26189653365856E+08
 0.27507076932278E+08
 0.28889247563577E+08
 0.30339459869822E+08
 0.31861173503826E+08
 0.33458030278193E+08
 0.35133854488848E+08
 0.36892668889193E+08
 0.38738696095855E+08
 0.40676370026288E+08
 0.42710337008511E+08
 0.44845502206359E+08
 0.47086988354230E+08
 0.49440167503817E+08
 0.51910682663086E+08
 0.54504443797272E+08
 0.57227637120395E+08
 0.60086756775987E+08
 0.63088697120090E+08
 0.66240331388081E+08
 0.69549162484289E+08
 0.73022959157280E+08
 0.76669792953253E+08
 0.80498088482193E+08
 0.84516629505954E+08
 0.88734561237667E+08
 0.93161393646149E+08
 0.97807006059565E+08
 0.10268165823460E+09
 0.10779598795512E+09
 0.11316101683722E+09
 0.11878814750428E+09
 0.12468916601255E+09
 0.13087623310289E+09
 0.13736188664872E+09
 0.14415903692277E+09
 0.15128095842016E+09
 0.15874128130827E+09
 0.16655399566229E+09
 0.17473343368096E+09
 0.18329422966129E+09
 0.19225135513323E+09
 0.20162009376003E+09
 0.21141600832752E+09
 0.22165494110658E+09
 0.23235300655896E+09
 0.24352656563158E+09
 0.25519221237637E+09
 0.26736676678067E+09
 0.28006724708256E+09
 0.29331086624728E+09
 0.30711510320635E+09
 0.32149735331081E+09
 0.33647543985346E+09
 0.35206715433772E+09
 0.36829047913665E+09
 0.38516344249482E+09
 0.40270438192231E+09
 0.42093140536784E+09
 0.43986290474443E+09
 0.45951729242139E+09
 0.47991306580949E+09
 0.50106864932752E+09
 0.52300262248332E+09
 0.54573355611242E+09
 0.56927998292375E+09
 0.59366049051283E+09
 0.61889364615960E+09
 0.64499804267010E+09
 0.67199222097536E+09
 0.69989473160060E+09
 0.72872407219320E+09
 0.75849873549906E+09
 0.78923718858513E+09
 0.82095783898305E+09
 0.85367910811604E+09
 0.88741936231408E+09
 0.92219694729475E+09
 0.95803020191097E+09
 0.99493745938695E+09
 0.10329370378804E+10
 0.10720472617734E+10
 0.11122864973356E+10
 0.11536731433147E+10
 0.11962256002807E+10
 0.12399623181331E+10
 0.12849018961203E+10
 0.13310629825995E+10
 0.13784642331277E+10
 0.14271244967423E+10
 0.14770627072389E+10
 0.15282978654544E+10
 0.15808491060182E+10
 0.16347357599706E+10
 0.16899772288706E+10
 0.17465930457792E+10
 0.18046028913422E+10
 0.18640265971796E+10
 0.19248841109108E+10
 0.19871955144175E+10
 0.20509810323077E+10
 0.21162610266103E+10
 0.21830559696045E+10
 0.22513863682113E+10
 0.23212730413189E+10
 0.23927368554692E+10
 0.24657987955370E+10
 0.25404799500309E+10
 0.26168015246554E+10
 0.26947848577224E+10
 0.27744513805079E+10
 0.28558226863405E+10
 0.29389204184328E+10
 0.30237663665016E+10
 0.31103824307657E+10
 0.31987905984137E+10
 0.32890130150229E+10
 0.33810718678521E+10
 0.34749894711894E+10
 0.35707882687643E+10
 0.36684908025360E+10
 0.37681196849269E+10
 0.38696976414892E+10
 0.39732475356600E+10
 0.40787922860955E+10
 0.41863549708773E+10
 0.42959586879936E+10
 0.44076266522908E+10
 0.45213822446190E+10
 0.46372488463613E+10
 0.47552500625369E+10
 0.48754094407830E+10
 0.49977506955240E+10
 0.51222976849952E+10
 0.52490742494839E+10
 0.53781044938410E+10
 0.55094124370365E+10
 0.56430222905434E+10
 0.57789582565840E+10
 0.59172447468282E+10
 0.60579062296217E+10
 0.62009673630600E+10
 0.63464525237020E+10
 0.64943866346590E+10
 0.66447944755940E+10
 0.67977009547899E+10
 0.69531311636988E+10
 0.71111100747568E+10
 0.72716628509529E+10
 0.74348147944847E+10
 0.76005912477294E+10
 0.77690177514340E+10
 0.79401197504460E+10
 0.81139228508516E+10
 0.82904527568737E+10
 0.84697352578057E+10
 0.86517962226224E+10
 0.88366616009969E+10
 0.90243575673332E+10
 0.92149101835119E+10
 0.94083456371679E+10
 0.96046902550827E+10
 0.98039704372799E+10
 0.10006212664552E+11
 0.10211443513227E+11
 0.10419689664938E+11
 0.10630977861705E+11
 0.10845334907263E+11
 0.11062787710789E+11
 0.11283363278766E+11
 0.11507088691061E+11
 0.11733991132985E+11
 0.11964097887863E+11
 0.12197436268698E+11
 0.12434033706469E+11
 0.12673917711228E+11
 0.12917115882264E+11
 0.13163655955727E+11
 0.13413565654816E+11
 0.13666872867198E+11
 0.13923605527312E+11
 0.14183791665765E+11
 0.14447459399059E+11
 0.14714636921094E+11
 0.14985352551902E+11
 0.15259634666861E+11
 0.15537511682224E+11
 0.15819012161887E+11
 0.16104164736232E+11
 0.16392998202612E+11
 0.16685541293938E+11
 0.16981822924918E+11
 0.17281872067699E+11
 0.17585717784213E+11
 0.17893389224388E+11
 0.18204915664111E+11
 0.18520326402657E+11
