 0.66407551040663E+01
 0.66407551040663E+01
 0.66407551040678E+01
 0.66407551040850E+01
 0.66407551042092E+01
 0.66407551046101E+01
 0.66407551055032E+01
 0.66407551071860E+01
 0.66407551110340E+01
 0.66407551168371E+01
 0.66407551238145E+01
 0.66407551295198E+01
 0.66407551297093E+01
 0.66407551145469E+01
 0.66407550684577E+01
 0.66407549715120E+01
 0.66407547937438E+01
 0.66407544971999E+01
 0.66407540379917E+01
 0.66407533585916E+01
 0.66407523941964E+01
 0.66407510560487E+01
 0.66407492827328E+01
 0.66407469772767E+01
 0.66407440190872E+01
 0.66407403060889E+01
 0.66407357208906E+01
 0.66407301389419E+01
 0.66407234308780E+01
 0.66407154634048E+01
 0.66407060995358E+01
 0.66406951971455E+01
 0.66406826238373E+01
 0.66406682398277E+01
 0.66406519066889E+01
 0.66406334901472E+01
 0.66406128558764E+01
 0.66405898753593E+01
 0.66405644192317E+01
 0.66405363646200E+01
 0.66405055878817E+01
 0.66404719730017E+01
 0.66404354033439E+01
 0.66403957653493E+01
 0.66403529469488E+01
 0.66403068355929E+01
 0.66402573211637E+01
 0.66402042907724E+01
 0.66401476309412E+01
 0.66400872263780E+01
 0.66400229595497E+01
 0.66399547078056E+01
 0.66398823446794E+01
 0.66398057378529E+01
 0.66397247488386E+01
 0.66396392325808E+01
 0.66395490368337E+01
 0.66394539995999E+01
 0.66393539495210E+01
 0.66392487070440E+01
 0.66391380805559E+01
 0.66390218659248E+01
 0.66388998501237E+01
 0.66387718031776E+01
 0.66386374840575E+01
 0.66384966380897E+01
 0.66383489925772E+01
 0.66381942611121E+01
 0.66380321400681E+01
 0.66378623081024E+01
 0.66376844260280E+01
 0.66374981344726E+01
 0.66373030552184E+01
 0.66370987876751E+01
 0.66368849102592E+01
 0.66366609770082E+01
 0.66364265204134E+01
 0.66361810441778E+01
 0.66359240279371E+01
 0.66356549220551E+01
 0.66353731478803E+01
 0.66350780965606E+01
 0.66347691271279E+01
 0.66344455638796E+01
 0.66341066571669E+01
 0.66337517302351E+01
 0.66333799618026E+01
 0.66329905210518E+01
 0.66325825402810E+01
 0.66321551001615E+01
 0.66317072329233E+01
 0.66312379244987E+01
 0.66307461058979E+01
 0.66302306527253E+01
 0.66296903788941E+01
 0.66291240428207E+01
 0.66285303333150E+01
 0.66279078716981E+01
 0.66272552021961E+01
 0.66265707968268E+01
 0.66258530689143E+01
 0.66251003087206E+01
 0.66243107498363E+01
 0.66234825217662E+01
 0.66226136554754E+01
 0.66217020872447E+01
 0.66207456442150E+01
 0.66197420446785E+01
 0.66186888867893E+01
 0.66175836483505E+01
 0.66164236762785E+01
 0.66152061856760E+01
 0.66139282522888E+01
 0.66125868117739E+01
 0.66111786290810E+01
 0.66097003256677E+01
 0.66081483585622E+01
 0.66065190060917E+01
 0.66048083705201E+01
 0.66030123719196E+01
 0.66011267272771E+01
 0.65991468896317E+01
 0.65970683259519E+01
 0.65948860879273E+01
 0.65925950519182E+01
 0.65901898945839E+01
 0.65876650597314E+01
 0.65850147543001E+01
 0.65822329468453E+01
 0.65793133653588E+01
 0.65762494942329E+01
 0.65730345669598E+01
 0.65696615677157E+01
 0.65661232275317E+01
 0.65624120261576E+01
 0.65585201904614E+01
 0.65544397001998E+01
 0.65501622864031E+01
 0.65456794344968E+01
 0.65409823896952E+01
 0.65360621626395E+01
 0.65309095266049E+01
 0.65255150292294E+01
 0.65198690189116E+01
 0.65139616216381E+01
 0.65077827575379E+01
 0.65013221626531E+01
 0.64945693886999E+01
 0.64875138078796E+01
 0.64801446298317E+01
 0.64724509104583E+01
 0.64644215566529E+01
 0.64560453445587E+01
 0.64473109218927E+01
 0.64382067609619E+01
 0.64287213891962E+01
 0.64188430517898E+01
 0.64085600149024E+01
 0.63978604188117E+01
 0.63867323735421E+01
 0.63751637851515E+01
 0.63631427110979E+01
 0.63506570215594E+01
 0.63376945732228E+01
 0.63242431666884E+01
 0.63102906506960E+01
 0.62958247717014E+01
 0.62808332818798E+01
 0.62653039585516E+01
 0.62492245428385E+01
 0.62325827892609E+01
 0.62153664355038E+01
 0.61975632534652E+01
 0.61791610087153E+01
 0.61601475016983E+01
 0.61405105360912E+01
 0.61202379325065E+01
 0.60993175508216E+01
 0.60777372417519E+01
 0.60554848923481E+01
 0.60325484032550E+01
 0.60089156796450E+01
 0.59845746304024E+01
 0.59595131743484E+01
 0.59337192261991E+01
 0.59071806730449E+01
 0.58798853805562E+01
 0.58518212132017E+01
 0.58229760029162E+01
 0.57933374831363E+01
 0.57628933549099E+01
 0.57316313145371E+01
 0.56995389307133E+01
 0.56666037162348E+01
 0.56328131396826E+01
 0.55981545813990E+01
 0.55626152921893E+01
 0.55261824763508E+01
 0.54888432514523E+01
 0.54505846377279E+01
 0.54113935558409E+01
 0.53712568499511E+01
 0.53301612756696E+01
 0.52880934944767E+01
 0.52450400772210E+01
 0.52009875220390E+01
 0.51559223042202E+01
 0.51098306933055E+01
 0.50626989274075E+01
 0.50145131665959E+01
 0.49652595025919E+01
 0.49149239498239E+01
 0.48634924352629E+01
 0.48109508245683E+01
 0.47572848765229E+01
 0.47024803170099E+01
 0.46465227752901E+01
 0.45893978077461E+01
 0.45310909134024E+01
 0.44715874868231E+01
 0.44108728950822E+01
 0.43489324214757E+01
 0.42857512639305E+01
 0.42213145555891E+01
 0.41556073831221E+01
 0.40886147585888E+01
 0.40203216031107E+01
 0.39507128013915E+01
 0.38797731329904E+01
 0.38074873643382E+01
 0.37338401847951E+01
 0.36588161742389E+01
 0.35823999121957E+01
 0.35045758306994E+01
 0.34253283996285E+01
 0.33446419788618E+01
 0.32625008334324E+01
 0.31788892402104E+01
 0.30937913015808E+01
 0.30071911765690E+01
 0.29190728972408E+01
 0.28294205017632E+01
 0.27382178901682E+01
 0.26454489251092E+01
 0.25510973440960E+01
 0.24551470703171E+01
 0.23575816664990E+01
 0.22583847899754E+01
 0.21575400132526E+01
 0.20550307880332E+01
 0.19508406445132E+01
 0.18449529872153E+01
 0.17373511288514E+01
 0.16280183556342E+01
 0.15169378229477E+01
 0.14040927494236E+01
 0.12894662473531E+01
 0.11730413643048E+01
 0.10548010917417E+01
 0.93472836857499E+00
 0.81280608049416E+00
 0.68901696497400E+00
 0.56334383370099E+00
 0.43576941542385E+00
 0.30627634712177E+00
 0.17484721746920E+00
 0.41464561871813E-01
-0.93889147271451E-01
-0.23123150701427E+00
-0.37058015423407E+00
-0.51195276651320E+00
-0.65536709097223E+00
-0.80084093890934E+00
-0.94839217001952E+00
-0.10980387135412E+01
-0.12497985633534E+01
-0.14036897329097E+01
-0.15597303134698E+01
-0.17179384484460E+01
-0.18783323401009E+01
-0.20409302809622E+01
-0.22057505550153E+01
-0.23728115547144E+01
-0.25421317033620E+01
-0.27137294876850E+01
-0.28876234510597E+01
-0.30638321879076E+01
-0.32423743758368E+01
-0.34232687289574E+01
-0.36065339883376E+01
-0.37921889924174E+01
-0.39802526234877E+01
-0.41707438739590E+01
-0.43636816937407E+01
-0.45590851526417E+01
-0.47569733583527E+01
-0.49573654777783E+01
-0.51602807358602E+01
-0.53657384406114E+01
-0.55737579154685E+01
