 0.18098138386020E+01
 0.18098138385997E+01
 0.18098138385475E+01
 0.18098138382098E+01
 0.18098138370360E+01
 0.18098138342027E+01
 0.18098138289955E+01
 0.18098138224196E+01
 0.18098138213394E+01
 0.18098138471764E+01
 0.18098139464600E+01
 0.18098142024141E+01
 0.18098147440415E+01
 0.18098157517766E+01
 0.18098174582518E+01
 0.18098201451489E+01
 0.18098241369702E+01
 0.18098297946893E+01
 0.18098375090636E+01
 0.18098476962390E+01
 0.18098607666189E+01
 0.18098771451568E+01
 0.18098972483154E+01
 0.18099214920146E+01
 0.18099502819241E+01
 0.18099840051195E+01
 0.18100230353008E+01
 0.18100677278535E+01
 0.18101184217215E+01
 0.18101754317967E+01
 0.18102390686751E+01
 0.18103096022208E+01
 0.18103873134128E+01
 0.18104724197974E+01
 0.18105651689969E+01
 0.18106657630393E+01
 0.18107743930183E+01
 0.18108912311420E+01
 0.18110164303024E+01
 0.18111501149423E+01
 0.18112923959866E+01
 0.18114433602866E+01
 0.18116030727338E+01
 0.18117715734983E+01
 0.18119488770341E+01
 0.18121349711676E+01
 0.18123298145407E+01
 0.18125333360706E+01
 0.18127454327672E+01
 0.18129659699199E+01
 0.18131947774154E+01
 0.18134316495026E+01
 0.18136763427673E+01
 0.18139285749242E+01
 0.18141880232667E+01
 0.18144543233412E+01
 0.18147270674083E+01
 0.18150058039244E+01
 0.18152900357056E+01
 0.18155792183529E+01
 0.18158727602292E+01
 0.18161700212341E+01
 0.18164703109343E+01
 0.18167728890739E+01
 0.18170769629774E+01
 0.18173816895952E+01
 0.18176861730386E+01
 0.18179894636272E+01
 0.18182905575200E+01
 0.18185883970105E+01
 0.18188818686757E+01
 0.18191698044938E+01
 0.18194509800233E+01
 0.18197241154060E+01
 0.18199878785369E+01
 0.18202408713715E+01
 0.18204816401115E+01
 0.18207086762007E+01
 0.18209204120340E+01
 0.18211152202881E+01
 0.18212914140112E+01
 0.18214472474408E+01
 0.18215809138638E+01
 0.18216905452537E+01
 0.18217737855028E+01
 0.18218294159969E+01
 0.18218550195656E+01
 0.18218484664885E+01
 0.18218075796125E+01
 0.18217300992535E+01
 0.18216137010730E+01
 0.18214559946481E+01
 0.18212545237767E+01
 0.18210067562628E+01
 0.18207100822528E+01
 0.18203618209825E+01
 0.18199592225389E+01
 0.18194994519819E+01
 0.18189795934266E+01
 0.18183966773830E+01
 0.18177476375146E+01
 0.18170293003408E+01
 0.18162384429474E+01
 0.18153717523564E+01
 0.18144258256521E+01
 0.18133971745313E+01
 0.18122822268932E+01
 0.18110773255795E+01
 0.18097787297996E+01
 0.18083826158633E+01
 0.18068850580221E+01
 0.18052820666716E+01
 0.18035695705110E+01
 0.18017434433550E+01
 0.17997994259046E+01
 0.17977332303639E+01
 0.17955405271552E+01
 0.17932169014509E+01
 0.17907578920839E+01
 0.17881590157976E+01
 0.17854157508508E+01
 0.17825228754908E+01
 0.17794771580765E+01
 0.17762734840164E+01
 0.17729073422204E+01
 0.17693743273550E+01
 0.17656700982069E+01
 0.17617904033218E+01
 0.17577311180247E+01
 0.17534882735547E+01
 0.17490580805578E+01
 0.17444369682189E+01
 0.17396216098782E+01
 0.17346089343029E+01
 0.17293962095123E+01
 0.17239810167768E+01
 0.17183613068105E+01
 0.17125354660726E+01
 0.17065023042158E+01
 0.17002610231704E+01
 0.16938113758694E+01
 0.16871535646654E+01
 0.16802883371043E+01
 0.16732169388174E+01
 0.16659411458132E+01
 0.16584632456999E+01
 0.16507860660588E+01
 0.16429128958008E+01
 0.16348475387653E+01
 0.16265942681385E+01
 0.16181577674957E+01
 0.16095431448870E+01
 0.16007558839434E+01
 0.15918018127524E+01
 0.15826864839306E+01
 0.15734173864318E+01
 0.15640006031900E+01
 0.15544429502383E+01
 0.15447514433031E+01
 0.15349332539147E+01
 0.15249954976053E+01
 0.15149456307794E+01
 0.15047910466842E+01
 0.14945391998064E+01
 0.14841976441086E+01
 0.14737740334846E+01
 0.14632759960336E+01
 0.14527112391369E+01
 0.14420876869495E+01
 0.14314131669952E+01
 0.14206957197806E+01
 0.14099434786900E+01
 0.13991646434333E+01
 0.13883676543470E+01
 0.13775611454248E+01
 0.13667538577648E+01
 0.13559547121282E+01
 0.13451727841384E+01
 0.13344173193253E+01
 0.13236976909085E+01
 0.13130234036133E+01
 0.13024040037197E+01
 0.12918490280482E+01
 0.12813679735816E+01
 0.12709702346641E+01
 0.12606650046965E+01
 0.12504611590480E+01
 0.12403672225082E+01
 0.12303914568829E+01
 0.12205416842944E+01
 0.12108245089948E+01
 0.12012467018517E+01
 0.11918140258093E+01
 0.11825316648528E+01
 0.11734040787935E+01
 0.11644350043836E+01
 0.11556275403178E+01
 0.11469840903132E+01
 0.11385064536803E+01
 0.11301958274306E+01
 0.11220528568593E+01
 0.11140776984230E+01
 0.11062700674945E+01
 0.10986292634866E+01
 0.10911542444065E+01
 0.10838436694418E+01
 0.10766958755923E+01
 0.10697090742199E+01
 0.10628812246881E+01
 0.10562101860879E+01
 0.10496936335862E+01
 0.10433291682487E+01
 0.10371143130125E+01
 0.10310465957229E+01
 0.10251234325483E+01
 0.10193422455476E+01
 0.10137004363327E+01
 0.10081954116023E+01
 0.10028245922255E+01
 0.99758540690521E+00
 0.99247538167618E+00
 0.98749185323822E+00
 0.98263237938157E+00
 0.97789452844308E+00
 0.97327585642224E+00
 0.96877398406197E+00
 0.96438654558781E+00
 0.96011124761603E+00
 0.95594578064057E+00
 0.95188793128139E+00
 0.94793548765818E+00
 0.94408628330549E+00
 0.94033820578988E+00
 0.93668916295533E+00
 0.93313712439430E+00
 0.92968007708878E+00
 0.92631604936881E+00
 0.92304311650319E+00
 0.91985936382007E+00
 0.91676294614030E+00
 0.91375203691105E+00
 0.91082484822790E+00
 0.90797959727133E+00
 0.90521459166971E+00
 0.90252812060652E+00
 0.89991856746557E+00
 0.89738427359522E+00
 0.89492365074528E+00
 0.89253512536500E+00
 0.89021717194266E+00
 0.88796828368164E+00
 0.88578699926555E+00
 0.88367186516485E+00
 0.88162145676027E+00
 0.87963437647259E+00
 0.87770927010918E+00
 0.87584479993436E+00
 0.87403966036380E+00
 0.87229255654051E+00
 0.87060222719956E+00
 0.86896744211182E+00
 0.86738698300101E+00
 0.86585966318897E+00
 0.86438431969350E+00
 0.86295980983572E+00
 0.86158501307100E+00
 0.86025883058982E+00
 0.85898018569616E+00
 0.85774802817083E+00
 0.85656131557407E+00
 0.85541903896411E+00
 0.85432020403117E+00
 0.85326383700142E+00
 0.85224898356552E+00
 0.85127471091261E+00
 0.85034009543447E+00
 0.84944424243093E+00
 0.84858627379751E+00
 0.84776532218301E+00
 0.84698054203648E+00
 0.84623110596702E+00
 0.84551619984696E+00
 0.84483503130793E+00
 0.84418681876476E+00
 0.84357079791295E+00
 0.84298622032749E+00
 0.84243235174565E+00
 0.84190847503528E+00
 0.84141389160222E+00
 0.84094790176794E+00
 0.84050983542627E+00
 0.84009902777646E+00
 0.83971483255477E+00
 0.83935661311428E+00
 0.83902375243882E+00
 0.83871563493370E+00
 0.83843166893005E+00
 0.83817126039078E+00
 0.83793385138517E+00
 0.83771887536189E+00
