 0.10902556952230E+01
 0.10902556948656E+01
 0.10902556911639E+01
 0.10902556761047E+01
 0.10902556364100E+01
 0.10902555541333E+01
 0.10902554078397E+01
 0.10902551772118E+01
 0.10902548558539E+01
 0.10902544750069E+01
 0.10902541338424E+01
 0.10902540290142E+01
 0.10902544756968E+01
 0.10902559162531E+01
 0.10902589154500E+01
 0.10902641447383E+01
 0.10902723596253E+01
 0.10902843725726E+01
 0.10903010250540E+01
 0.10903231612486E+01
 0.10903516075092E+01
 0.10903871498937E+01
 0.10904305204724E+01
 0.10904823843768E+01
 0.10905433328843E+01
 0.10906138781210E+01
 0.10906944503218E+01
 0.10907853975226E+01
 0.10908869873446E+01
 0.10909994087283E+01
 0.10911227755878E+01
 0.10912571313461E+01
 0.10914024524236E+01
 0.10915586545126E+01
 0.10917255961771E+01
 0.10919030845889E+01
 0.10920908804468E+01
 0.10922887023104E+01
 0.10924962323270E+01
 0.10927131216435E+01
 0.10929389927444E+01
 0.10931734450366E+01
 0.10934160586000E+01
 0.10936663980122E+01
 0.10939240160280E+01
 0.10941884570092E+01
 0.10944592598073E+01
 0.10947359608725E+01
 0.10950180968369E+01
 0.10953052068157E+01
 0.10955968345642E+01
 0.10958925305092E+01
 0.10961918533928E+01
 0.10964943718809E+01
 0.10967996658702E+01
 0.10971073275929E+01
 0.10974169626830E+01
 0.10977281910441E+01
 0.10980406474962E+01
 0.10983539822126E+01
 0.10986678613584E+01
 0.10989819674025E+01
 0.10992959990697E+01
 0.10996096719609E+01
 0.10999227182458E+01
 0.11002348865365E+01
 0.11005459422240E+01
 0.11008556670403E+01
 0.11011638589923E+01
 0.11014703321736E+01
 0.11017749164954E+01
 0.11020774573439E+01
 0.11023778152441E+01
 0.11026758655667E+01
 0.11029714970761E+01
 0.11032646146664E+01
 0.11035551364237E+01
 0.11038429935242E+01
 0.11041281298111E+01
 0.11044105023858E+01
 0.11046900806167E+01
 0.11049668454830E+01
 0.11052407895704E+01
 0.11055119166678E+01
 0.11057802608375E+01
 0.11060458124240E+01
 0.11063086231704E+01
 0.11065687396068E+01
 0.11068262154267E+01
 0.11070811158068E+01
 0.11073335148588E+01
 0.11075834942118E+01
 0.11078311441885E+01
 0.11080765645198E+01
 0.11083198623269E+01
 0.11085611560874E+01
 0.11088005673228E+01
 0.11090382276099E+01
 0.11092742779128E+01
 0.11095088576528E+01
 0.11097421229057E+01
 0.11099742364320E+01
 0.11102053643832E+01
 0.11104356773272E+01
 0.11106653565396E+01
 0.11108945900746E+01
 0.11111235703258E+01
 0.11113524972978E+01
 0.11115815755783E+01
 0.11118110164086E+01
 0.11120410370771E+01
 0.11122718593623E+01
 0.11125037104081E+01
 0.11127368203678E+01
 0.11129714292280E+01
 0.11132077774306E+01
 0.11134461062894E+01
 0.11136866643225E+01
 0.11139297017696E+01
 0.11141754702816E+01
 0.11144242182945E+01
 0.11146762405275E+01
 0.11149317187165E+01
 0.11151909372069E+01
 0.11154541378985E+01
 0.11157215629670E+01
 0.11159934493092E+01
 0.11162700247171E+01
 0.11165515073832E+01
 0.11168381031434E+01
 0.11171300050516E+01
 0.11174273891141E+01
 0.11177304130127E+01
 0.11180392142307E+01
 0.11183539050631E+01
 0.11186745736010E+01
 0.11190012784952E+01
 0.11193340440668E+01
 0.11196728564916E+01
 0.11200176788762E+01
 0.11203684231879E+01
 0.11207249618745E+01
 0.11210871173104E+01
 0.11214546734713E+01
 0.11218273634081E+01
 0.11222048601877E+01
 0.11225867924383E+01
 0.11229727405961E+01
 0.11233622176344E+01
 0.11237546910239E+01
 0.11241495698026E+01
 0.11245462049370E+01
 0.11249438915204E+01
 0.11253418678671E+01
 0.11257393457025E+01
 0.11261353943335E+01
 0.11265291075138E+01
 0.11269195079446E+01
 0.11273055478363E+01
 0.11276861217624E+01
 0.11280600908120E+01
 0.11284262324977E+01
 0.11287832812475E+01
 0.11291299305876E+01
 0.11294647968447E+01
 0.11297864507996E+01
 0.11300934140583E+01
 0.11303841531966E+01
 0.11306570765571E+01
 0.11309105605023E+01
 0.11311429313631E+01
 0.11313524794000E+01
 0.11315374714664E+01
 0.11316961417584E+01
 0.11318267054463E+01
 0.11319273939614E+01
 0.11319964437639E+01
 0.11320321299107E+01
 0.11320327759696E+01
 0.11319967813299E+01
 0.11319226362132E+01
 0.11318089550450E+01
 0.11316545027029E+01
 0.11314582180256E+01
 0.11312192378758E+01
 0.11309369290010E+01
 0.11306109050774E+01
 0.11302410455218E+01
 0.11298275051998E+01
 0.11293707269673E+01
 0.11288714472669E+01
 0.11283306812668E+01
 0.11277497406328E+01
 0.11271301606274E+01
 0.11264737365243E+01
 0.11257824701644E+01
 0.11250585265515E+01
 0.11243042226907E+01
 0.11235219796942E+01
 0.11227142912559E+01
 0.11218836869806E+01
 0.11210327049340E+01
 0.11201638571071E+01
 0.11192796041083E+01
 0.11183823340270E+01
 0.11174743424051E+01
 0.11165578263644E+01
 0.11156348513453E+01
 0.11147073583919E+01
 0.11137771572669E+01
 0.11128459263019E+01
 0.11119152098286E+01
 0.11109864168109E+01
 0.11100608260567E+01
 0.11091395993027E+01
 0.11082237743569E+01
 0.11073142772950E+01
 0.11064119281957E+01
 0.11055174490691E+01
 0.11046314727841E+01
 0.11037545498509E+01
 0.11028871364537E+01
 0.11020296337614E+01
 0.11011823752529E+01
 0.11003456354400E+01
 0.10995196326212E+01
 0.10987045350777E+01
 0.10979004702119E+01
 0.10971075295474E+01
 0.10963257645497E+01
 0.10955551994048E+01
 0.10947958264608E+01
 0.10940476179823E+01
 0.10933105245266E+01
 0.10925844757678E+01
 0.10918693863399E+01
 0.10911651528985E+01
 0.10904716655768E+01
 0.10897888028118E+01
 0.10891164311097E+01
 0.10884544082947E+01
 0.10878025922360E+01
 0.10871608324617E+01
 0.10865289706604E+01
 0.10859068493460E+01
 0.10852943073172E+01
 0.10846911814702E+01
 0.10840973063316E+01
 0.10835125195510E+01
 0.10829366546176E+01
 0.10823695475324E+01
 0.10818110350224E+01
 0.10812609539082E+01
 0.10807191439384E+01
 0.10801854400373E+01
 0.10796596885406E+01
 0.10791417322884E+01
 0.10786314173642E+01
 0.10781285923758E+01
 0.10776331076424E+01
 0.10771448167520E+01
 0.10766635705587E+01
 0.10761892302073E+01
 0.10757216567508E+01
 0.10752607128021E+01
 0.10748062641615E+01
 0.10743581793173E+01
 0.10739163293438E+01
 0.10734805869086E+01
 0.10730508283106E+01
 0.10726269332420E+01
 0.10722087836188E+01
 0.10717962633310E+01
 0.10713892591453E+01
 0.10709876596683E+01
 0.10705913566337E+01
 0.10702002442874E+01
 0.10698142190067E+01
 0.10694331798119E+01
 0.10690570279834E+01
 0.10686856659764E+01
 0.10683190002438E+01
 0.10679569377558E+01
 0.10675993891264E+01
 0.10672462662199E+01
 0.10668974830170E+01
 0.10665529557404E+01
 0.10662126019934E+01
 0.10658763404717E+01
 0.10655440953842E+01
 0.10652157893755E+01
 0.10648913476253E+01
 0.10645706968927E+01
 0.10642537661328E+01
 0.10639404856833E+01
 0.10636307879303E+01
 0.10633246061817E+01
 0.10630218763127E+01
 0.10627225336675E+01
 0.10624265168964E+01
