 0.22154049914417E+00
 0.22154049914436E+00
 0.22154049914888E+00
 0.22154049917921E+00
 0.22154049928689E+00
 0.22154049955414E+00
 0.22154050008683E+00
 0.22154050100274E+00
 0.22154050239333E+00
 0.22154050420367E+00
 0.22154050596067E+00
 0.22154050631093E+00
 0.22154050239384E+00
 0.22154048913245E+00
 0.22154031899368E+00
 0.22154025972907E+00
 0.22154000234583E+00
 0.22153966881988E+00
 0.22153906145733E+00
 0.22153829555471E+00
 0.22153712366805E+00
 0.22153565875415E+00
 0.22153361048044E+00
 0.22153111577530E+00
 0.22152785400266E+00
 0.22152398657921E+00
 0.22151917621309E+00
 0.22151359913685E+00
 0.22150691881965E+00
 0.22149931632130E+00
 0.22149047061444E+00
 0.22148055875762E+00
 0.22146941251963E+00
 0.22145683000147E+00
 0.22144301866698E+00
 0.22142782074261E+00
 0.22141119271090E+00
 0.22139295857128E+00
 0.22137335976096E+00
 0.22135225156589E+00
 0.22132961311214E+00
 0.22130543207584E+00
 0.22127955680063E+00
 0.22125225992899E+00
 0.22122341375186E+00
 0.22119302019143E+00
 0.22116108808696E+00
 0.22112762970267E+00
 0.22109266061014E+00
 0.22105605246394E+00
 0.22101811203113E+00
 0.22097872772060E+00
 0.22093792447431E+00
 0.22089573176628E+00
 0.22085218137039E+00
 0.22080730733184E+00
 0.22076114581251E+00
 0.22071373499605E+00
 0.22066497009500E+00
 0.22061517673839E+00
 0.22056426143619E+00
 0.22051226819855E+00
 0.22045924416944E+00
 0.22040523813420E+00
 0.22035030046368E+00
 0.22029448307389E+00
 0.22023783940523E+00
 0.22018042435197E+00
 0.22012229427704E+00
 0.22006350699486E+00
 0.22000412174254E+00
 0.21994419911543E+00
 0.21988380117109E+00
 0.21982284036581E+00
 0.21976167876805E+00
 0.21970023715780E+00
 0.21963858167232E+00
 0.21957678163259E+00
 0.21951490726955E+00
 0.21945303019855E+00
 0.21939122342613E+00
 0.21932956135073E+00
 0.21926811981545E+00
 0.21920699022240E+00
 0.21914622552957E+00
 0.21908591799170E+00
 0.21902614930861E+00
 0.21896700269519E+00
 0.21890856315173E+00
 0.21885076396895E+00
 0.21879399498802E+00
 0.21873819801562E+00
 0.21868346405496E+00
 0.21862988656271E+00
 0.21857756078060E+00
 0.21852658375341E+00
 0.21847705456017E+00
 0.21842907527802E+00
 0.21838274962735E+00
 0.21833818293515E+00
 0.21829548353590E+00
 0.21825476188388E+00
 0.21821613136333E+00
 0.21817955208706E+00
 0.21814544732566E+00
 0.21811379008155E+00
 0.21808470323340E+00
 0.21805831394630E+00
 0.21803475271471E+00
 0.21801415245331E+00
 0.21799665007202E+00
 0.21798238655496E+00
 0.21797150405572E+00
 0.21796415111363E+00
 0.21796032441915E+00
 0.21796047778181E+00
 0.21796462150863E+00
 0.21797291686003E+00
 0.21798552875101E+00
 0.21800264487650E+00
 0.21802439796000E+00
 0.21805098091427E+00
 0.21808257082990E+00
 0.21811920114204E+00
 0.21816134104511E+00
 0.21820903506368E+00
 0.21826246932017E+00
 0.21832183090774E+00
 0.21838730802995E+00
 0.21845908992038E+00
 0.21853736495925E+00
 0.21862218113017E+00
 0.21871399670832E+00
 0.21881286172328E+00
 0.21891895625602E+00
 0.21903245858103E+00
 0.21915353990783E+00
 0.21928236812054E+00
 0.21941897600530E+00
 0.21956377285298E+00
 0.21971678334508E+00
 0.21987815023034E+00
 0.22004800824792E+00
 0.22022648568176E+00
 0.22041358643546E+00
 0.22060965427228E+00
 0.22081468585477E+00
 0.22102878421438E+00
 0.22125204636003E+00
 0.22148456616671E+00
 0.22172634843213E+00
 0.22197765429407E+00
 0.22223848765383E+00
 0.22250894348060E+00
 0.22278911398120E+00
 0.22307900148735E+00
 0.22337889758968E+00
 0.22368882194118E+00
 0.22400889274350E+00
 0.22433916279520E+00
 0.22467992518020E+00
 0.22503124753881E+00
 0.22539329297117E+00
 0.22576622752725E+00
 0.22615015548298E+00
 0.22654540330001E+00
 0.22695209200014E+00
 0.22737042705769E+00
 0.22780053855464E+00
 0.22824274335997E+00
 0.22869717059534E+00
 0.22916395150276E+00
 0.22964334920226E+00
 0.23013546026513E+00
 0.23064039993860E+00
 0.23115820941672E+00
 0.23168901775510E+00
 0.23223278043348E+00
 0.23278941311061E+00
 0.23335887142309E+00
 0.23394095417494E+00
 0.23453540427734E+00
 0.23514196873067E+00
 0.23576024249666E+00
 0.23638979239340E+00
 0.23703008113945E+00
 0.23768059291695E+00
 0.23834066423964E+00
 0.23900957936623E+00
 0.23968667598487E+00
 0.24037115017058E+00
 0.24106218887849E+00
 0.24175900141803E+00
 0.24246074259169E+00
 0.24316657269630E+00
 0.24387564637222E+00
 0.24458716114436E+00
 0.24530029650971E+00
 0.24601426451730E+00
 0.24672830092165E+00
 0.24744167271144E+00
 0.24815367601363E+00
 0.24886363900876E+00
 0.24957091879984E+00
 0.25027491645077E+00
 0.25097508944195E+00
 0.25167087199305E+00
 0.25236177926528E+00
 0.25304733789613E+00
 0.25372712035286E+00
 0.25440072087442E+00
 0.25506776623227E+00
 0.25572791020276E+00
 0.25638083727804E+00
 0.25702625143165E+00
 0.25766388917188E+00
 0.25829350196597E+00
 0.25891486775417E+00
 0.25952778455867E+00
 0.26013206411439E+00
 0.26072755371716E+00
 0.26131410066840E+00
 0.26189157674847E+00
 0.26245987134712E+00
 0.26301887964031E+00
 0.26356851819792E+00
 0.26410871692528E+00
 0.26463941533909E+00
 0.26516056766276E+00
 0.26567213834403E+00
 0.26617410139355E+00
 0.26666644031607E+00
 0.26714915028059E+00
 0.26762223401677E+00
 0.26808569931075E+00
 0.26853957002947E+00
 0.26898386632723E+00
 0.26941862608549E+00
 0.26984388849781E+00
 0.27025969842115E+00
 0.27066610875527E+00
 0.27106317339370E+00
 0.27145095420828E+00
 0.27182952778650E+00
 0.27219895882088E+00
 0.27255931932162E+00
 0.27291069100748E+00
 0.27325315922412E+00
 0.27358680731409E+00
 0.27391172738677E+00
 0.27422801049743E+00
 0.27453575194573E+00
 0.27483504968637E+00
 0.27512600302668E+00
 0.27540871168866E+00
 0.27568328168926E+00
 0.27594981696665E+00
 0.27620842405771E+00
 0.27645921108588E+00
 0.27670228607992E+00
 0.27693776040096E+00
 0.27716574524636E+00
 0.27738635148938E+00
 0.27759969081165E+00
 0.27780587683283E+00
 0.27800502124218E+00
 0.27819723849851E+00
 0.27838264142181E+00
 0.27856134377213E+00
 0.27873345956459E+00
 0.27889910076283E+00
 0.27905838099761E+00
 0.27921141295475E+00
 0.27935830844374E+00
 0.27949917970202E+00
 0.27963413763618E+00
 0.27976329311570E+00
 0.27988675583399E+00
 0.28000463509444E+00
 0.28011703861465E+00
 0.28022407524261E+00
 0.28032585075836E+00
 0.28042247124252E+00
 0.28051404157411E+00
 0.28060066498603E+00
 0.28068244461193E+00
 0.28075948221792E+00
 0.28083187814756E+00
 0.28089973196884E+00
 0.28096314106209E+00
 0.28102220393029E+00
 0.28107701580605E+00
 0.28112767138515E+00
 0.28117426426271E+00
 0.28121688681593E+00
 0.28125562958169E+00
 0.28129058278777E+00
 0.28132183346355E+00
 0.28134946926132E+00
 0.28137357625237E+00
