 0.00000000000000E+00
-0.17261580854724E-22
-0.64754555167736E-21
-0.28819334992234E-21
-0.34429498870722E-20
-0.79697914052598E-20
-0.22369853493681E-19
-0.40347068989128E-19
-0.34544196397825E-19
-0.16368767463109E-18
-0.22940681441392E-18
-0.22716190876832E-11
-0.25503664161211E-18
-0.23070579862277E-12
 0.16794321840191E-12
 0.97088285576826E-11
-0.17164449330869E-11
 0.60878493857030E-11
-0.31080149555518E-11
 0.34349872875485E-11
 0.33030436081940E-11
 0.26602828144275E-11
-0.77818072648698E-11
 0.83689931742995E-12
-0.58874783214341E-10
 0.66096818878310E-10
 0.50900051393850E-09
 0.81859661453478E-08
 0.15603434308528E-08
-0.32991084398073E-09
 0.30191992250522E-08
-0.51515460938473E-08
-0.30097634148631E-08
-0.75992631070007E-09
 0.14453059569079E-08
-0.12444405927373E-08
-0.40678441606078E-09
-0.25079814302066E-09
 0.31415695966426E-09
 0.15903039031844E-08
 0.40838289409434E-08
 0.85376954149177E-08
 0.15599294688259E-07
 0.27445184824876E-07
 0.45811229562661E-07
 0.73358513055341E-07
 0.11358575144682E-06
 0.17094604774360E-06
 0.25103855733327E-06
 0.35872159461131E-06
 0.50603190349870E-06
 0.70156543805630E-06
 0.95740421745530E-06
 0.12878434270414E-05
 0.17095251623854E-05
 0.22416964562226E-05
 0.29064061828524E-05
 0.37287195255000E-05
 0.47288109855636E-05
 0.59531425160346E-05
 0.74302292877781E-05
 0.91990220192121E-05
 0.11302460126853E-04
 0.13787548461559E-04
 0.16705493053045E-04
 0.20111810551219E-04
 0.24066377667729E-04
 0.28633804195950E-04
 0.33883103633704E-04
 0.39888086536613E-04
 0.46726888435562E-04
 0.54483374962136E-04
 0.62059529978481E-04
 0.73063831725741E-04
 0.84125909609877E-04
 0.96478791199466E-04
 0.11023950617774E-03
 0.12552039330617E-03
 0.14243955224774E-03
 0.16111432500217E-03
 0.18170175811025E-03
 0.20425410468225E-03
 0.22937073202285E-03
 0.25638944245107E-03
 0.28555511037774E-03
 0.31777002422603E-03
 0.35266982115823E-03
 0.39172792581112E-03
 0.43329256577769E-03
 0.47791554011665E-03
 0.52332661826153E-03
 0.57468047796054E-03
 0.62990380200146E-03
 0.68919030696226E-03
 0.75275063181289E-03
 0.82080606665346E-03
 0.89358023527228E-03
 0.97130662206906E-03
 0.10542287926575E-02
 0.11419053477458E-02
 0.12362463720980E-02
 0.13378892655140E-02
 0.14373489872105E-02
 0.15557571763355E-02
 0.16754718136759E-02
 0.18023155616823E-02
 0.19366496015305E-02
 0.20787949440143E-02
 0.22291105604971E-02
 0.23874927238523E-02
 0.25558030066660E-02
 0.27326155842197E-02
 0.29205367058140E-02
 0.31123335229208E-02
 0.33247203250820E-02
 0.35421278940262E-02
 0.37719468404687E-02
 0.40138004849381E-02
 0.42686300444310E-02
 0.45350836690271E-02
 0.48163475143805E-02
 0.51115725782765E-02
 0.54172043726726E-02
 0.57432095044436E-02
 0.60846495362791E-02
 0.64412610535253E-02
 0.68144757019516E-02
 0.72048860462813E-02
 0.76145405436475E-02
 0.80418263602489E-02
 0.84861025278855E-02
 0.89536681985501E-02
 0.94418937423216E-02
 0.99492554595503E-02
 0.10478663404225E-01
 0.11030313134132E-01
 0.11603034857928E-01
 0.12197797184455E-01
 0.12817843616825E-01
 0.13460882486423E-01
 0.14127431370616E-01
 0.14817596397466E-01
 0.15530888951641E-01
 0.16267354479908E-01
 0.17028564089686E-01
 0.17815359359072E-01
 0.18623700733962E-01
 0.19455411709347E-01
 0.20309002384153E-01
 0.21184566441165E-01
 0.22083421251553E-01
 0.23003211507433E-01
 0.23942107431731E-01
 0.24899913142202E-01
 0.25876306731595E-01
 0.26871077802445E-01
 0.27882340180995E-01
 0.28907825389622E-01
 0.29947218942792E-01
 0.30999917115742E-01
 0.32063971103204E-01
 0.33138628752997E-01
 0.34221102581832E-01
 0.35311207188553E-01
 0.36406764740802E-01
 0.37506662568408E-01
 0.38608528700327E-01
 0.39711310733412E-01
 0.40813212603490E-01
 0.41912349376945E-01
 0.43006197898715E-01
 0.44093462545046E-01
 0.45172147486608E-01
 0.46239846026905E-01
 0.47294277708761E-01
 0.48333524611041E-01
 0.49355396018788E-01
 0.50357153814456E-01
 0.51336962026672E-01
 0.52292614231004E-01
 0.53221843700365E-01
 0.54122477870475E-01
 0.54992621497390E-01
 0.55830550321851E-01
 0.56634370015474E-01
 0.57402536380297E-01
 0.58133810903007E-01
 0.58827429953290E-01
 0.59482718194612E-01
 0.60099112337958E-01
 0.60676393048289E-01
 0.61214820240510E-01
 0.61714619022626E-01
 0.62176608188937E-01
 0.62601460386431E-01
 0.62990342175879E-01
 0.63344452827919E-01
 0.63665081823703E-01
 0.63953727631407E-01
 0.64211924774494E-01
 0.64441284995515E-01
 0.64643346475276E-01
 0.64819599008208E-01
 0.64971575687266E-01
 0.65100832255630E-01
 0.65208926316032E-01
 0.65297457367755E-01
 0.65367679702271E-01
 0.65420815187681E-01
 0.65458068940900E-01
 0.65480612281013E-01
 0.65489605702708E-01
 0.65486109226633E-01
 0.65470968313017E-01
 0.65445042026993E-01
 0.65409168441226E-01
 0.65364251637613E-01
 0.65310948138778E-01
 0.65249841772969E-01
 0.65181572222391E-01
 0.65106702952077E-01
 0.65025818139397E-01
 0.64939389991717E-01
 0.64847818646988E-01
 0.64751527652269E-01
 0.64650870174238E-01
 0.64546313702469E-01
 0.64438107515520E-01
 0.64326579229381E-01
 0.64212003089919E-01
 0.64094565854498E-01
 0.63974572632883E-01
 0.63852400674119E-01
 0.63728103344644E-01
 0.63601798022441E-01
 0.63473654622180E-01
 0.63344005157427E-01
 0.63213124501952E-01
 0.63080880728341E-01
 0.62947275108711E-01
 0.62812670241334E-01
 0.62677251682842E-01
 0.62541152369850E-01
 0.62404378882267E-01
 0.62266835418682E-01
 0.62128807733359E-01
 0.61990257049548E-01
 0.61851387128857E-01
 0.61712207666274E-01
 0.61572800145441E-01
 0.61433146594253E-01
 0.61293357602009E-01
 0.61153531597963E-01
 0.61013654469408E-01
 0.60873863816792E-01
 0.60734060851473E-01
 0.60594278686116E-01
 0.60454625715654E-01
 0.60315127909849E-01
 0.60175879762125E-01
 0.60036865542372E-01
 0.59898098799023E-01
 0.59759591016314E-01
 0.59621309848595E-01
 0.59483316070133E-01
 0.59345660578705E-01
 0.59208347871156E-01
 0.59071395722660E-01
 0.58934830381678E-01
 0.58798638104036E-01
 0.58662818793677E-01
 0.58527401964129E-01
 0.58392394269086E-01
 0.58257811661446E-01
 0.58123642322257E-01
 0.57989917041394E-01
 0.57856619785524E-01
 0.57723789373605E-01
 0.57591408160211E-01
 0.57459479386125E-01
 0.57328025604823E-01
 0.57197040381883E-01
 0.57066521302614E-01
 0.56936445752136E-01
 0.56806842179532E-01
 0.56677710768344E-01
 0.56549048209730E-01
 0.56420876199563E-01
 0.56293165043028E-01
 0.56165923060983E-01
 0.56039152407608E-01
 0.55912827398254E-01
 0.55787016547318E-01
 0.55661690722331E-01
 0.55536789491394E-01
 0.55412356459598E-01
 0.55288400882594E-01
 0.55164935850580E-01
 0.55041939358562E-01
 0.54919390844066E-01
