 0.00000000000000E+00
 0.35966530070308E-24
 0.22329989267583E-22
 0.93844976921912E-22
 0.86124899575128E-21
 0.29589695029467E-20
 0.58280007231290E-20
 0.14051957299100E-19
 0.16788479449343E-19
 0.79778854343277E-19
 0.13428341598827E-18
 0.17815607045841E-11
 0.16662436711323E-18
-0.57496268745660E-12
 0.54983799518017E-11
-0.14004127905625E-10
 0.11416236353560E-11
-0.91384216614933E-11
 0.43811034764570E-11
 0.10595551992247E-11
-0.25577523058386E-11
-0.50286332091697E-11
 0.13800277324818E-10
-0.62039961934626E-12
 0.24293096625500E-09
-0.57815184307561E-09
 0.19663644088702E-08
-0.12497278890016E-07
 0.13785093996544E-07
-0.14295704245578E-07
-0.15272532068073E-07
 0.19272106962253E-07
-0.53340599623993E-08
-0.68426397309987E-08
-0.11320901596985E-07
 0.65108808507421E-08
-0.82325292479185E-10
-0.26415503956544E-09
 0.28039212710042E-09
 0.15502567662757E-08
 0.40191918441303E-08
 0.84484619045895E-08
 0.15515036308251E-07
 0.27329476312077E-07
 0.45624598119511E-07
 0.73125890527950E-07
 0.11326201837297E-06
 0.17051353721404E-06
 0.25047156485621E-06
 0.35821030138758E-06
 0.50537946228907E-06
 0.70073464136810E-06
 0.95636669820926E-06
 0.12865507625133E-05
 0.17079449597358E-05
 0.22397764839462E-05
 0.29040904058869E-05
 0.37259587898299E-05
 0.47265394736244E-05
 0.59504975897156E-05
 0.74271736715964E-05
 0.91955220546656E-05
 0.11298498361964E-04
 0.13783131757001E-04
 0.16700632958434E-04
 0.20106555399138E-04
 0.24060820052204E-04
 0.28628103621375E-04
 0.33877483668505E-04
 0.39882865508367E-04
 0.46723117909846E-04
 0.54480513009359E-04
 0.90110445810204E-04
 0.73272270317617E-04
 0.84142944142847E-04
 0.96499565120783E-04
 0.11026996564089E-03
 0.12556355176199E-03
 0.14249918014058E-03
 0.16164552014873E-03
 0.18073589131986E-03
 0.20790736675538E-03
 0.22524766508062E-03
 0.25398233909550E-03
 0.28868427108978E-03
 0.31812240599365E-03
 0.35315203998876E-03
 0.33083666209701E-03
 0.36555267866974E-03
 0.36553658497447E-03
 0.52395398914522E-03
 0.57609372175341E-03
 0.63162683950573E-03
 0.69127871864865E-03
 0.75527238710645E-03
 0.82383656375513E-03
 0.89721788406413E-03
 0.97560279337475E-03
 0.10593839382829E-02
 0.11915224678599E-02
 0.12621018019464E-02
 0.12896170737122E-02
 0.15599851747079E-02
 0.15678783501767E-02
 0.16890470218460E-02
 0.18182131977456E-02
 0.19551107207811E-02
 0.21001551403435E-02
 0.22538093019848E-02
 0.24552363650633E-02
 0.25763197517100E-02
 0.27997239358713E-02
 0.28622536305060E-02
 0.32555579888072E-02
 0.33007787278358E-02
 0.36027981953662E-02
 0.38450631948053E-02
 0.40987747491611E-02
 0.43223879651141E-02
 0.46704441736410E-02
 0.49294022116600E-02
 0.51539083636911E-02
 0.56419470789278E-02
 0.58994837620956E-02
 0.62619892316748E-02
 0.66235135249295E-02
 0.70208369952957E-02
 0.74843522498818E-02
 0.78427686473793E-02
 0.82632292381308E-02
 0.88714390537434E-02
 0.93138773027661E-02
 0.97942702009462E-02
 0.10383287599251E-01
 0.10938367642868E-01
 0.11453056045107E-01
 0.12075509830083E-01
 0.12791410070546E-01
 0.13389686693205E-01
 0.14110294966031E-01
 0.14779321981062E-01
 0.15465930330394E-01
 0.16219252218412E-01
 0.17069904026609E-01
 0.17891271473200E-01
 0.18613536915100E-01
 0.19472613253172E-01
 0.20279899037915E-01
 0.21205639523533E-01
 0.22179744159009E-01
 0.23031712958448E-01
 0.23903343407292E-01
 0.24844665929413E-01
 0.25856267268739E-01
 0.26866183695696E-01
 0.27782161729981E-01
 0.28725692603905E-01
 0.29757202958880E-01
 0.30793568327418E-01
 0.31781982868613E-01
 0.32784242597301E-01
 0.33776580377510E-01
 0.34795773718075E-01
 0.35771725827520E-01
 0.36751965669796E-01
 0.37694997330333E-01
 0.38672861653599E-01
 0.39603224063160E-01
 0.40475600397826E-01
 0.41305562953613E-01
 0.42155271191070E-01
 0.42925803422048E-01
 0.43617277141864E-01
 0.44260142732964E-01
 0.44839397344539E-01
 0.45325766784861E-01
 0.45711607638044E-01
 0.46056707343894E-01
 0.46289716063119E-01
 0.46405328932354E-01
 0.46417218153421E-01
 0.46328363817478E-01
 0.46136800055649E-01
 0.45815039854310E-01
 0.45390512240925E-01
 0.44876441948177E-01
 0.44285333112761E-01
 0.43597136711613E-01
 0.42827989184234E-01
 0.41992557279133E-01
 0.41111795764037E-01
 0.40168011414926E-01
 0.39205561788671E-01
 0.38203955123244E-01
 0.37206873795003E-01
 0.36195619103809E-01
 0.35185552740681E-01
 0.34199161918580E-01
 0.33232257469312E-01
 0.32283501992866E-01
 0.31347360789803E-01
 0.30430313481769E-01
 0.29552029070354E-01
 0.28718304649154E-01
 0.27931296712485E-01
 0.27181111196945E-01
 0.26439970421641E-01
 0.25733956938022E-01
 0.25062514472972E-01
 0.24430271169301E-01
 0.23832732292251E-01
 0.23262120469747E-01
 0.22708212249239E-01
 0.22182847225626E-01
 0.21689243683277E-01
 0.21228716305102E-01
 0.20777054019679E-01
 0.20342953243740E-01
 0.19937999260394E-01
 0.19550794618983E-01
 0.19186875714124E-01
 0.18833619733475E-01
 0.18497461199206E-01
 0.18176076804074E-01
 0.17863242974429E-01
 0.17578013155127E-01
 0.17294934266515E-01
 0.17031854314900E-01
 0.16766728317543E-01
 0.16507423368354E-01
 0.16279518858978E-01
 0.16070917632511E-01
 0.15841009079919E-01
 0.15616257357273E-01
 0.15402818762194E-01
 0.15230681658980E-01
 0.15059071704055E-01
 0.14851395045925E-01
 0.14656120061081E-01
 0.14504754701239E-01
 0.14366624446811E-01
 0.14220926135546E-01
 0.14048205010824E-01
 0.13872549989009E-01
 0.13737671876737E-01
 0.13600105949036E-01
 0.13480668142543E-01
 0.13357969134138E-01
 0.13231330203826E-01
 0.13102664412981E-01
 0.12984419725710E-01
 0.12873767103721E-01
 0.12758028238138E-01
 0.12647306895666E-01
 0.12528031296487E-01
 0.12428160315533E-01
 0.12338836449217E-01
 0.12248857973928E-01
 0.12168862404215E-01
 0.12075429404477E-01
 0.11979062436485E-01
 0.11883346686741E-01
 0.11785327929213E-01
 0.11706827171495E-01
 0.11630846234326E-01
 0.11554747773145E-01
 0.11482622540419E-01
 0.11411159716309E-01
 0.11336861045172E-01
 0.11262542382625E-01
 0.11192661768525E-01
 0.11124507168586E-01
 0.11058031781046E-01
 0.10993588877451E-01
 0.10935081079544E-01
 0.10874945302959E-01
 0.10818952727772E-01
 0.10763012568599E-01
 0.10706121229286E-01
 0.10650908316180E-01
 0.10591482405630E-01
 0.10533161296483E-01
 0.10473354043153E-01
 0.10422932370907E-01
 0.10369262520216E-01
 0.10321855576597E-01
 0.10278762137516E-01
 0.10228697357706E-01
 0.10181637198276E-01
 0.10134272887407E-01
 0.10084508054395E-01
 0.10049562896797E-01
 0.99967197973043E-02
 0.99465915441164E-02
 0.99128595522952E-02
 0.98781796713175E-02
 0.98426782781192E-02
 0.97980498764050E-02
 0.97519221875622E-02
 0.97068661346404E-02
