-0.81379929859954E+01
-0.81379927851333E+01
-0.81379907651038E+01
-0.81379828220725E+01
-0.81379625761423E+01
-0.81379218352795E+01
-0.81378508323706E+01
-0.81377386469991E+01
-0.81375750053060E+01
-0.81373550688802E+01
-0.81370878677881E+01
-0.81368069718867E+01
-0.81365804386246E+01
-0.81365170604237E+01
-0.81368219910690E+01
-0.81375727882647E+01
-0.81390996231369E+01
-0.81415773119821E+01
-0.81453078328484E+01
-0.81504581077910E+01
-0.81573172216841E+01
-0.81660001400480E+01
-0.81767474460347E+01
-0.81895873489504E+01
-0.82046931969516E+01
-0.82219998880462E+01
-0.82416096809920E+01
-0.82633745925220E+01
-0.82873311627442E+01
-0.83132672958085E+01
-0.83411634694178E+01
-0.83707642990464E+01
-0.84019512845233E+01
-0.84346125908654E+01
-0.84684440538388E+01
-0.85033029159599E+01
-0.85389946762348E+01
-0.85753897985141E+01
-0.86121668526197E+01
-0.86491919059922E+01
-0.86862811141317E+01
-0.87232557873910E+01
-0.87600154959335E+01
-0.87962639091546E+01
-0.88319113445204E+01
-0.88668154037683E+01
-0.89008437204330E+01
-0.89338735650018E+01
-0.89657923381193E+01
-0.89965706336701E+01
-0.90259737495363E+01
-0.90539860964101E+01
-0.90805347871280E+01
-0.91055547746541E+01
-0.91289894036108E+01
-0.91507901976472E+01
-0.91709163679528E+01
-0.91893343889589E+01
-0.92060881601684E+01
-0.92210188404901E+01
-0.92341793430400E+01
-0.92455616992156E+01
-0.92551624245828E+01
-0.92629828394583E+01
-0.92690287086268E+01
-0.92733098929789E+01
-0.92758400183137E+01
-0.92766361141866E+01
-0.92757183516762E+01
-0.92731097595927E+01
-0.92688359329951E+01
-0.92629247163018E+01
-0.92554061171602E+01
-0.92463767177609E+01
-0.92357416947303E+01
-0.92235989624552E+01
-0.92099846612785E+01
-0.91949365726901E+01
-0.91784928079590E+01
-0.91606922533595E+01
-0.91415744302707E+01
-0.91211793531566E+01
-0.90995474209373E+01
-0.90767214613613E+01
-0.90527384269438E+01
-0.90276410219135E+01
-0.90014701641048E+01
-0.89742665586708E+01
-0.89460708373138E+01
-0.89169760832571E+01
-0.88869176341353E+01
-0.88559869297936E+01
-0.88242234900844E+01
-0.87916661143986E+01
-0.87583530806402E+01
-0.87243217669902E+01
-0.86896089554459E+01
-0.86542519106984E+01
-0.86182865539703E+01
-0.85817475474165E+01
-0.85446692092986E+01
-0.85070851014265E+01
-0.84690280351066E+01
-0.84305720833837E+01
-0.83916634220198E+01
-0.83523756701334E+01
-0.83127373114347E+01
-0.82727768545139E+01
-0.82325215676959E+01
-0.81919973368986E+01
-0.81512296510111E+01
-0.81102435470963E+01
-0.80690616616770E+01
-0.80277055936001E+01
-0.79862308584731E+01
-0.79445885663247E+01
-0.79028309416678E+01
-0.78609750231991E+01
-0.78190364842764E+01
-0.77770305584637E+01
-0.77349656589275E+01
-0.76928546876788E+01
-0.76507065448555E+01
-0.76085554607460E+01
-0.75663527948001E+01
-0.75241283039122E+01
-0.74818829809971E+01
-0.74396153942204E+01
-0.73973218889071E+01
-0.73549962469903E+01
-0.73126294871118E+01
-0.72702317024207E+01
-0.72277449863333E+01
-0.71851731263254E+01
-0.71424953403824E+01
-0.70996876830104E+01
-0.70567225993935E+01
-0.70135692825712E+01
-0.69702110997717E+01
-0.69265756443031E+01
-0.68826386042081E+01
-0.68383550197142E+01
-0.67936763473170E+01
-0.67485507927643E+01
-0.67029370252304E+01
-0.66567491305532E+01
-0.66099393496860E+01
-0.65624445950217E+01
-0.65141980244570E+01
-0.64651308919013E+01
-0.64151836272297E+01
-0.63642632833745E+01
-0.63123079474299E+01
-0.62592457645896E+01
-0.62050036852800E+01
-0.61495189518545E+01
-0.60927063396838E+01
-0.60345070074246E+01
-0.59748571183252E+01
-0.59137064425549E+01
-0.58509872398219E+01
-0.57866611381194E+01
-0.57206900565797E+01
-0.56530457038309E+01
-0.55837141894484E+01
-0.55126829167849E+01
-0.54399647368014E+01
-0.53655852108344E+01
-0.52895879236200E+01
-0.52120277922019E+01
-0.51329881901939E+01
-0.50525724484024E+01
-0.49709021464342E+01
-0.48881246421693E+01
-0.48044101555064E+01
-0.47199504024111E+01
-0.46349574253374E+01
-0.45496622639214E+01
-0.44643134250517E+01
-0.43791699893104E+01
-0.42945004202805E+01
-0.42105761433759E+01
-0.41276658585974E+01
-0.40460293172061E+01
-0.39659146204215E+01
-0.38875493559316E+01
-0.38111413023108E+01
-0.37368680714834E+01
-0.36648782569508E+01
-0.35952903709584E+01
-0.35281909904965E+01
-0.34636357651111E+01
-0.34016524633457E+01
-0.33422407259771E+01
-0.32853763665878E+01
-0.32310145707116E+01
-0.31790945837204E+01
-0.31295403662085E+01
-0.30822658469023E+01
-0.30371768350263E+01
-0.29941751979025E+01
-0.29531590404606E+01
-0.29140257893407E+01
-0.28766733929655E+01
-0.28410013142573E+01
-0.28069139981064E+01
-0.27743152723724E+01
-0.27431157683458E+01
-0.27132281399409E+01
-0.26845711656948E+01
-0.26570666063270E+01
-0.26306406134078E+01
-0.26052234656224E+01
-0.25807494821958E+01
-0.25571565062357E+01
-0.25343863438817E+01
-0.25123839728217E+01
-0.24910978769131E+01
-0.24704794452620E+01
-0.24504832000601E+01
-0.24310660845143E+01
-0.24121881555501E+01
-0.23938120422193E+01
-0.23759019342992E+01
-0.23584258115981E+01
-0.23413522522184E+01
-0.23246525765089E+01
-0.23082995515372E+01
-0.22922683503364E+01
-0.22765354965141E+01
-0.22610791337228E+01
-0.22458789064899E+01
-0.22309161542594E+01
-0.22161732221868E+01
-0.22016332967502E+01
-0.21872812220587E+01
-0.21731045007905E+01
-0.21590896549144E+01
-0.21452248373872E+01
-0.21314989975185E+01
-0.21179020961112E+01
-0.21044247853319E+01
-0.20910590533857E+01
-0.20777971986649E+01
-0.20646311326630E+01
-0.20515562885105E+01
-0.20385661940413E+01
-0.20256553436363E+01
-0.20128192679671E+01
-0.20000536944838E+01
-0.19873548746214E+01
-0.19747194365138E+01
-0.19621445167835E+01
-0.19496255530259E+01
-0.19371636571921E+01
-0.19247551478768E+01
-0.19123983935152E+01
-0.19000918664990E+01
-0.18878342994805E+01
-0.18756248696153E+01
-0.18634625699464E+01
-0.18513453495706E+01
-0.18392757358839E+01
-0.18272516630135E+01
-0.18152733158965E+01
-0.18033398305316E+01
-0.17914521160823E+01
-0.17796099776377E+01
-0.17678135451164E+01
-0.17560615369298E+01
-0.17443576319428E+01
-0.17327005170235E+01
-0.17210906464167E+01
-0.17095282919278E+01
-0.16980143277785E+01
-0.16865491788268E+01
-0.16751317507109E+01
-0.16637660468584E+01
-0.16524509846587E+01
-0.16411873055859E+01
-0.16299755624928E+01
-0.16188161660573E+01
-0.16077100078588E+01
-0.15966577620420E+01
-0.15856578773524E+01
-0.15747150640490E+01
-0.15638279075653E+01
-0.15529970207697E+01
-0.15422229681239E+01
-0.15315063292719E+01
-0.15208476380267E+01
-0.15102474168280E+01
-0.14997044307044E+01
-0.14892227223726E+01
-0.14788010825430E+01
-0.14684397876917E+01
-0.14581392670141E+01
-0.14478997772176E+01
-0.14377220445556E+01
-0.14276062305958E+01
