 0.92121790860073E+02
 0.92121790860027E+02
 0.92121790859548E+02
 0.92121790860743E+02
 0.92121790880881E+02
 0.92121790969858E+02
 0.92121791222144E+02
 0.92121791777010E+02
 0.92121792791779E+02
 0.92121794348156E+02
 0.92121796236996E+02
 0.92121797586021E+02
 0.92121796341470E+02
 0.92121788662425E+02
 0.92121837897866E+02
 0.92121795686413E+02
 0.92121796030660E+02
 0.92121752575248E+02
 0.92121732904214E+02
 0.92121643414142E+02
 0.92121566757822E+02
 0.92121402012317E+02
 0.92121246185189E+02
 0.92120981100639E+02
 0.92120715237493E+02
 0.92120316358032E+02
 0.92119900933197E+02
 0.92119330610310E+02
 0.92118723900396E+02
 0.92117943607229E+02
 0.92117105244953E+02
 0.92116078963251E+02
 0.92114909804381E+02
 0.92113662601064E+02
 0.92112202065361E+02
 0.92110577611373E+02
 0.92108785086361E+02
 0.92106889116989E+02
 0.92104750386998E+02
 0.92102423894527E+02
 0.92099905916420E+02
 0.92097190997846E+02
 0.92094344865301E+02
 0.92091225578150E+02
 0.92087891177664E+02
 0.92084337005192E+02
 0.92080556811953E+02
 0.92076543866201E+02
 0.92072290934136E+02
 0.92067862609248E+02
 0.92063109920741E+02
 0.92058090618536E+02
 0.92052795608863E+02
 0.92047213858607E+02
 0.92041333352718E+02
 0.92035140947526E+02
 0.92028622321009E+02
 0.92021761890175E+02
 0.92014613843830E+02
 0.92007020610660E+02
 0.91999029720410E+02
 0.91990620469639E+02
 0.91981769775892E+02
 0.91972452807791E+02
 0.91962642912383E+02
 0.91952311540140E+02
 0.91941428157175E+02
 0.91929960195186E+02
 0.91917872948319E+02
 0.91905129492759E+02
 0.91891690611846E+02
 0.91877514745231E+02
 0.91862557845311E+02
 0.91846847277444E+02
 0.91830188306287E+02
 0.91812600266561E+02
 0.91794029218069E+02
 0.91774417439099E+02
 0.91753704503087E+02
 0.91731826944523E+02
 0.91708718165879E+02
 0.91684308343927E+02
 0.91658524315845E+02
 0.91631276558400E+02
 0.91602508381533E+02
 0.91572125119805E+02
 0.91540039216385E+02
 0.91506159271607E+02
 0.91470389729805E+02
 0.91432706126677E+02
 0.91392856710443E+02
 0.91350805778447E+02
 0.91306440777739E+02
 0.91259644125973E+02
 0.91210293480115E+02
 0.91158261462828E+02
 0.91103415550539E+02
 0.91045617226702E+02
 0.90984722712339E+02
 0.90920582800965E+02
 0.90853041955646E+02
 0.90781938601589E+02
 0.90707104489997E+02
 0.90628441313496E+02
 0.90545618049310E+02
 0.90458518847573E+02
 0.90366948214875E+02
 0.90270702922091E+02
 0.90169571499503E+02
 0.90063335096619E+02
 0.89951766508987E+02
 0.89834629221649E+02
 0.89711679857853E+02
 0.89582663969256E+02
 0.89447394962110E+02
 0.89305455572420E+02
 0.89156637607672E+02
 0.89000651182466E+02
 0.88837197838966E+02
 0.88665945270533E+02
 0.88486622909215E+02
 0.88298883104172E+02
 0.88102391412953E+02
 0.87896875935943E+02
 0.87681847629811E+02
 0.87457015468433E+02
 0.87222014410135E+02
 0.86976473690289E+02
 0.86720017202762E+02
 0.86452263390981E+02
 0.86172828074785E+02
 0.85881391363424E+02
 0.85577436382697E+02
 0.85260640333130E+02
 0.84930619246953E+02
 0.84586990391097E+02
 0.84229379826480E+02
 0.83857418394227E+02
 0.83470805725350E+02
 0.83069073667483E+02
 0.82651942547806E+02
 0.82219086692004E+02
 0.81770196937678E+02
 0.81304979330653E+02
 0.80823210346171E+02
 0.80324527632876E+02
 0.79808743386620E+02
 0.79275638675157E+02
 0.78725015189711E+02
 0.78156695703097E+02
 0.77570539745966E+02
 0.76966380907456E+02
 0.76344121962602E+02
 0.75703671037193E+02
 0.75044957697332E+02
 0.74367977715681E+02
 0.73672625617173E+02
 0.72958939990366E+02
 0.72226944297944E+02
 0.71476717575979E+02
 0.70708272957764E+02
 0.69921754609897E+02
 0.69117299561853E+02
 0.68295087419149E+02
 0.67455363771683E+02
 0.66598339047276E+02
 0.65724351654177E+02
 0.64833762776740E+02
 0.63927024470574E+02
 0.63004586949396E+02
 0.62067039060184E+02
 0.61115042762710E+02
 0.60149297109272E+02
 0.59170639041405E+02
 0.58179990785923E+02
 0.57178386099361E+02
 0.56166921722154E+02
 0.55146841638690E+02
 0.54119488439744E+02
 0.53086277298373E+02
 0.52048745000664E+02
 0.51008512633258E+02
 0.49967255686524E+02
 0.48926734085130E+02
 0.47888738539707E+02
 0.46855096566932E+02
 0.45827615934432E+02
 0.44808110262602E+02
 0.43798362001228E+02
 0.42800027332781E+02
 0.41814749688818E+02
 0.40844050129387E+02
 0.39889323188860E+02
 0.38951841477838E+02
 0.38032738543065E+02
 0.37133003107193E+02
 0.36253469027692E+02
 0.35394828763292E+02
 0.34557627406437E+02
 0.33742020916058E+02
 0.32948772272108E+02
 0.32177792430906E+02
 0.31429118897383E+02
 0.30702686624692E+02
 0.29998338374419E+02
 0.29315832705732E+02
 0.28654865765260E+02
 0.28015067851751E+02
 0.27396021922192E+02
 0.26797267739486E+02
 0.26218313471805E+02
 0.25658641323953E+02
 0.25117714123481E+02
 0.24594981556531E+02
 0.24089886074097E+02
 0.23601865575067E+02
 0.23130359418109E+02
 0.22674809097249E+02
 0.22234663201571E+02
 0.21809381969840E+02
 0.21398425850749E+02
 0.21001277852846E+02
 0.20617429747697E+02
 0.20246387368391E+02
 0.19887671460211E+02
 0.19540817633862E+02
 0.19205376515228E+02
 0.18880914025718E+02
 0.18567011613799E+02
 0.18263265706030E+02
 0.17969288129610E+02
 0.17684705635893E+02
 0.17409158854959E+02
 0.17142302931403E+02
 0.16883807169032E+02
 0.16633353290981E+02
 0.16390637161742E+02
 0.16155365764509E+02
 0.15927258875812E+02
 0.15706048032494E+02
 0.15491475523710E+02
 0.15283294975916E+02
 0.15081269652291E+02
 0.14885172434466E+02
 0.14694786284040E+02
 0.14509903840278E+02
 0.14330325338420E+02
 0.14155859459897E+02
 0.13986323225603E+02
 0.13821540938977E+02
 0.13661344424368E+02
 0.13505572288082E+02
 0.13354069803725E+02
 0.13206688597633E+02
 0.13063286445789E+02
 0.12923726622414E+02
 0.12787878264863E+02
 0.12655615647101E+02
 0.12526818065871E+02
 0.12401369746558E+02
 0.12279159290704E+02
 0.12160079778214E+02
 0.12044028682539E+02
 0.11930907370704E+02
 0.11820620995862E+02
 0.11713078483777E+02
 0.11608192149954E+02
 0.11505877732829E+02
 0.11406054162523E+02
 0.11308643330900E+02
 0.11213570368581E+02
 0.11120762955321E+02
 0.11030151523054E+02
 0.10941669076745E+02
 0.10855251064962E+02
 0.10770835338310E+02
 0.10688361902755E+02
 0.10607773180327E+02
 0.10529013423729E+02
 0.10452028982520E+02
 0.10376768012876E+02
 0.10303180598935E+02
 0.10231218540634E+02
 0.10160835314688E+02
 0.10091985946342E+02
 0.10024627251036E+02
 0.99587172568557E+01
 0.98942155336111E+01
 0.98310829991402E+01
 0.97692819010211E+01
 0.97087757314183E+01
 0.96495292217962E+01
 0.95915081549072E+01
 0.95346797106120E+01
 0.94790118843477E+01
 0.94244738210921E+01
 0.93710356202256E+01
 0.93186684020438E+01
 0.92673441584101E+01
 0.92170357791062E+01
