 0.29888252761923E+03
 0.29888252758951E+03
 0.29888252726087E+03
 0.29888252586063E+03
 0.29888252207146E+03
 0.29888251411540E+03
 0.29888249981679E+03
 0.29888247659620E+03
 0.29888244133813E+03
 0.29888238997211E+03
 0.29888231655110E+03
 0.29888221170523E+03
 0.29888206055209E+03
 0.29888184032925E+03
 0.29888143835794E+03
 0.29888096903733E+03
 0.29888020594914E+03
 0.29887915694647E+03
 0.29887763502084E+03
 0.29887562042991E+03
 0.29887287467406E+03
 0.29886935570156E+03
 0.29886478088823E+03
 0.29885910573391E+03
 0.29885201546544E+03
 0.29884346921701E+03
 0.29883313355831E+03
 0.29882097212553E+03
 0.29880664788002E+03
 0.29879012872452E+03
 0.29877108929376E+03
 0.29874950250692E+03
 0.29872514019364E+03
 0.29869775742253E+03
 0.29866736462753E+03
 0.29863375745592E+03
 0.29859680817029E+03
 0.29855631322030E+03
 0.29851233912173E+03
 0.29846471876797E+03
 0.29841337046177E+03
 0.29835822584479E+03
 0.29829913269192E+03
 0.29823622371819E+03
 0.29816937743096E+03
 0.29809856269159E+03
 0.29802375920430E+03
 0.29794495408360E+03
 0.29786214133183E+03
 0.29777521913534E+03
 0.29768438997185E+03
 0.29758957044129E+03
 0.29749077311805E+03
 0.29738801518874E+03
 0.29728131638574E+03
 0.29717069814612E+03
 0.29705618299874E+03
 0.29693779392069E+03
 0.29681544749591E+03
 0.29668937318241E+03
 0.29655949161810E+03
 0.29642582059257E+03
 0.29628837658795E+03
 0.29614717323310E+03
 0.29600222082452E+03
 0.29585352588913E+03
 0.29570109075010E+03
 0.29554491315223E+03
 0.29538498585200E+03
 0.29522129624732E+03
 0.29505382601916E+03
 0.29488255081051E+03
 0.29470743985884E+03
 0.29452833992612E+03
 0.29434543449510E+03
 0.29415856046736E+03
 0.29396765778192E+03
 0.29377265890677E+03
 0.29357348830855E+03
 0.29337006195510E+03
 0.29316228701215E+03
 0.29295006153258E+03
 0.29273327416750E+03
 0.29251178075585E+03
 0.29228549171677E+03
 0.29205424644214E+03
 0.29181789260881E+03
 0.29157626700951E+03
 0.29132919481057E+03
 0.29107637322058E+03
 0.29081783329670E+03
 0.29055325108818E+03
 0.29028240178829E+03
 0.29000504769947E+03
 0.28972093748179E+03
 0.28942980532075E+03
 0.28913137081989E+03
 0.28882533722699E+03
 0.28851139228488E+03
 0.28818920762291E+03
 0.28785843746382E+03
 0.28751871836114E+03
 0.28716966816647E+03
 0.28681077336480E+03
 0.28644183620272E+03
 0.28606230539978E+03
 0.28567171786577E+03
 0.28526958996461E+03
 0.28485541408996E+03
 0.28442866023112E+03
 0.28398877444861E+03
 0.28353517553826E+03
 0.28306725945149E+03
 0.28258439228554E+03
 0.28208581067642E+03
 0.28157103612332E+03
 0.28103925132703E+03
 0.28048971023742E+03
 0.27992163987203E+03
 0.27933418260720E+03
 0.27872660523677E+03
 0.27809799668079E+03
 0.27744746256237E+03
 0.27677398378311E+03
 0.27607679625734E+03
 0.27535482346356E+03
 0.27460705511595E+03
 0.27383245541794E+03
 0.27302996363406E+03
 0.27219849306407E+03
 0.27133693728206E+03
 0.27044408567819E+03
 0.26951896512409E+03
 0.26856033875391E+03
 0.26756704343604E+03
 0.26653790474595E+03
 0.26547175448616E+03
 0.26436742171519E+03
 0.26322366622338E+03
 0.26203948324215E+03
 0.26081366336291E+03
 0.25954508594034E+03
 0.25823265887870E+03
 0.25687531603515E+03
 0.25547195839182E+03
 0.25402171617598E+03
 0.25252357020007E+03
 0.25097660616409E+03
 0.24937995560217E+03
 0.24773280082861E+03
 0.24603423998661E+03
 0.24428382836886E+03
 0.24248077979504E+03
 0.24062450434728E+03
 0.23871446616123E+03
 0.23675016368441E+03
 0.23473129145385E+03
 0.23265748961468E+03
 0.23052852050270E+03
 0.22834418999186E+03
 0.22610452058168E+03
 0.22380953812434E+03
 0.22145940132033E+03
 0.21905440973968E+03
 0.21659496296002E+03
 0.21408172633375E+03
 0.21151542318595E+03
 0.20889698997883E+03
 0.20622755119566E+03
 0.20350854132531E+03
 0.20074154739444E+03
 0.19792841845078E+03
 0.19507136393958E+03
 0.19217279982722E+03
 0.18923549172952E+03
 0.18626249356782E+03
 0.18325724790822E+03
 0.18022346488278E+03
 0.17716517254902E+03
 0.17408676558833E+03
 0.17099286245272E+03
 0.16788834544000E+03
 0.16477836471408E+03
 0.16166820256241E+03
 0.15856326975150E+03
 0.15546904050760E+03
 0.15239101650883E+03
 0.14933460479322E+03
 0.14630511766589E+03
 0.14330755318789E+03
 0.14034678559645E+03
 0.13742732428278E+03
 0.13455334492723E+03
 0.13172860461726E+03
 0.12895646010721E+03
 0.12623982580952E+03
 0.12358119387129E+03
 0.12098260314846E+03
 0.11844567275650E+03
 0.11597076144751E+03
 0.11356036588038E+03
 0.11121414147258E+03
 0.10893223234559E+03
 0.10671448160141E+03
 0.10456048206890E+03
 0.10246958010711E+03
 0.10044092903110E+03
 0.98473509012057E+02
 0.96566158390624E+02
 0.94717596015834E+02
 0.92926447971896E+02
 0.91191266893485E+02
 0.89510548971156E+02
 0.87882753529423E+02
 0.86306316835382E+02
 0.84779663159301E+02
 0.83301217883900E+02
 0.81869411500465E+02
 0.80482693846283E+02
 0.79139546921449E+02
 0.77838449197649E+02
 0.76577944404240E+02
 0.75356598677123E+02
 0.74173018618071E+02
 0.73025845194172E+02
 0.71913766213371E+02
 0.70835509008324E+02
 0.69789841988991E+02
 0.68775577259078E+02
 0.67791567595189E+02
 0.66836708227253E+02
 0.65909935550485E+02
 0.65010224220954E+02
 0.64136589122853E+02
 0.63288083875151E+02
 0.62463798522353E+02
 0.61662858097246E+02
 0.60884422443426E+02
 0.60127685553543E+02
 0.59391874228629E+02
 0.58676245358206E+02
 0.57980086993585E+02
 0.57302714165801E+02
 0.56643470629225E+02
 0.56001726181857E+02
 0.55376876984184E+02
 0.54768342788146E+02
 0.54175566465446E+02
 0.53598013690501E+02
 0.53035171447806E+02
 0.52486547458188E+02
 0.51951668715912E+02
 0.51430081171052E+02
 0.50921349118296E+02
 0.50425052561399E+02
 0.49940789238562E+02
 0.49468172588934E+02
 0.49006830817137E+02
 0.48556406448451E+02
 0.48116555967063E+02
 0.47686948547211E+02
 0.47267266499301E+02
 0.46857203452328E+02
 0.46456465392042E+02
 0.46064768958219E+02
 0.45681841355183E+02
 0.45307419859729E+02
 0.44941251379365E+02
 0.44583092174480E+02
 0.44232707358085E+02
 0.43889870362394E+02
 0.43554363109302E+02
 0.43225975111762E+02
 0.42904503287000E+02
 0.42589751793380E+02
 0.42281531680220E+02
 0.41979660585999E+02
 0.41683962439692E+02
 0.41394267275888E+02
 0.41110410938246E+02
 0.40832234755060E+02
 0.40559585480213E+02
 0.40292315057578E+02
 0.40030280324326E+02
 0.39773342779900E+02
 0.39521368782030E+02
 0.39274228764636E+02
 0.39031797503701E+02
 0.38793953802689E+02
 0.38560580289181E+02
 0.38331563529746E+02
 0.38106793554594E+02
 0.37886163713294E+02
 0.37669571116448E+02
 0.37456915731774E+02
 0.37248100779331E+02
 0.37043032391627E+02
 0.36841619577122E+02
 0.36643774147891E+02
 0.36449410573908E+02
