 0.13593618031613E+03
 0.13593618031623E+03
 0.13593618031797E+03
 0.13593618032639E+03
 0.13593618034457E+03
 0.13593618036091E+03
 0.13593618033820E+03
 0.13593618020980E+03
 0.13593617988772E+03
 0.13593617929480E+03
 0.13593617844023E+03
 0.13593617755237E+03
 0.13593617726890E+03
 0.13593617886613E+03
 0.13593609034098E+03
 0.13593610330322E+03
 0.13593602408446E+03
 0.13593595382145E+03
 0.13593578199673E+03
 0.13593561304551E+03
 0.13593531006820E+03
 0.13593498218227E+03
 0.13593446873656E+03
 0.13593389893154E+03
 0.13593309435113E+03
 0.13593220208204E+03
 0.13593103269488E+03
 0.13592974233031E+03
 0.13592814027787E+03
 0.13592638330086E+03
 0.13592428764451E+03
 0.13592200341749E+03
 0.13591944573310E+03
 0.13591650475992E+03
 0.13591334393631E+03
 0.13590987833518E+03
 0.13590609760621E+03
 0.13590189997978E+03
 0.13589746227629E+03
 0.13589269941937E+03
 0.13588760765963E+03
 0.13588218714203E+03
 0.13587634270446E+03
 0.13587026266971E+03
 0.13586386488723E+03
 0.13585715325949E+03
 0.13585013497994E+03
 0.13584281864445E+03
 0.13583521422992E+03
 0.13582723449686E+03
 0.13581908344894E+03
 0.13581068404079E+03
 0.13580205048588E+03
 0.13579319981937E+03
 0.13578415050689E+03
 0.13577492254495E+03
 0.13576553745120E+03
 0.13575601829740E+03
 0.13574629269961E+03
 0.13573657691258E+03
 0.13572680695847E+03
 0.13571701150028E+03
 0.13570722192974E+03
 0.13569747144521E+03
 0.13568779509039E+03
 0.13567822979966E+03
 0.13566881445925E+03
 0.13565958992549E+03
 0.13565059910891E+03
 0.13564188703215E+03
 0.13563350088061E+03
 0.13562549002498E+03
 0.13561790616460E+03
 0.13561070215846E+03
 0.13560413361710E+03
 0.13559816202919E+03
 0.13559284788888E+03
 0.13558825554400E+03
 0.13558445170999E+03
 0.13558150587464E+03
 0.13557949038198E+03
 0.13557848051612E+03
 0.13557855461787E+03
 0.13557980810028E+03
 0.13558230037915E+03
 0.13558613130784E+03
 0.13559139244295E+03
 0.13559817890223E+03
 0.13560658970990E+03
 0.13561662444094E+03
 0.13562859305479E+03
 0.13564250686154E+03
 0.13565848079668E+03
 0.13567663475754E+03
 0.13569709324970E+03
 0.13571998565403E+03
 0.13574544644577E+03
 0.13577361619535E+03
 0.13580464068170E+03
 0.13583867108763E+03
 0.13587586520234E+03
 0.13591638702990E+03
 0.13596040762965E+03
 0.13600799903979E+03
 0.13605955364401E+03
 0.13611516368713E+03
 0.13617502952600E+03
 0.13623936053927E+03
 0.13630837540607E+03
 0.13638230138620E+03
 0.13646137577902E+03
 0.13654584693070E+03
 0.13663597174419E+03
 0.13673202081500E+03
 0.13683416872094E+03
 0.13694291377228E+03
 0.13705845973008E+03
 0.13718112483230E+03
 0.13731124022473E+03
 0.13744917607800E+03
 0.13759524360417E+03
 0.13774983935261E+03
 0.13791335207742E+03
 0.13808608387862E+03
 0.13826865384924E+03
 0.13846140105802E+03
 0.13866477765340E+03
 0.13887925181340E+03
 0.13910530844253E+03
 0.13934345026154E+03
 0.13959419602780E+03
 0.13985798253429E+03
 0.14013555438566E+03
 0.14042738601060E+03
 0.14073406199241E+03
 0.14105618580192E+03
 0.14139437326801E+03
 0.14174925856631E+03
 0.14212139864570E+03
 0.14251164145788E+03
 0.14292057910833E+03
 0.14334891063905E+03
 0.14379735005263E+03
 0.14426662968837E+03
 0.14475741390218E+03
 0.14527064023096E+03
 0.14580701673521E+03
 0.14636735550930E+03
 0.14695249200619E+03
 0.14756328774264E+03
 0.14820058888403E+03
 0.14886540374634E+03
 0.14955864363206E+03
 0.15028130215855E+03
 0.15103441168327E+03
 0.15181897102741E+03
 0.15263624776336E+03
 0.15348734258959E+03
 0.15437347930792E+03
 0.15529587887630E+03
 0.15625600050109E+03
 0.15725517221819E+03
 0.15829485413620E+03
 0.15937655643317E+03
 0.16050179159816E+03
 0.16167229816455E+03
 0.16288969998807E+03
 0.16415573443889E+03
 0.16547211260347E+03
 0.16684073273915E+03
 0.16826336332484E+03
 0.16974178882803E+03
 0.17127790464401E+03
 0.17287346010960E+03
 0.17453018567143E+03
 0.17624970466587E+03
 0.17803365027965E+03
 0.17988341429103E+03
 0.18180024110066E+03
 0.18378527216301E+03
 0.18583935131503E+03
 0.18796308264872E+03
 0.19015686538090E+03
 0.19242072859417E+03
 0.19475442970314E+03
 0.19715736149655E+03
 0.19962866948700E+03
 0.20216708167877E+03
 0.20477097724698E+03
 0.20743861619350E+03
 0.21016776393615E+03
 0.21295597565128E+03
 0.21580061414094E+03
 0.21869880094267E+03
 0.22164749195323E+03
 0.22464350329767E+03
 0.22768358805316E+03
 0.23076440064224E+03
 0.23388257637258E+03
 0.23703448108458E+03
 0.24021730465449E+03
 0.24342749022391E+03
 0.24666180932620E+03
 0.24991711496739E+03
 0.25319036402596E+03
 0.25647864819168E+03
 0.25977911311762E+03
 0.26308907502263E+03
 0.26640595065035E+03
 0.26972729864587E+03
 0.27305079137125E+03
 0.27637422810149E+03
 0.27969553092252E+03
 0.28301274254676E+03
 0.28632401262125E+03
 0.28962761166468E+03
 0.29292190474949E+03
 0.29620536966428E+03
 0.29947657573664E+03
 0.30273415935940E+03
 0.30597692441376E+03
 0.30920367480047E+03
 0.31241332684398E+03
 0.31560487137743E+03
 0.31877736296956E+03
 0.32192992698991E+03
 0.32506175439080E+03
 0.32817209482571E+03
 0.33126025488782E+03
 0.33432559652621E+03
 0.33736752864548E+03
 0.34038550637190E+03
 0.34337903729650E+03
 0.34634766750903E+03
 0.34929097720503E+03
 0.35220859887250E+03
 0.35510018336656E+03
 0.35796543519765E+03
 0.36080408076942E+03
 0.36361587495550E+03
 0.36640060784284E+03
 0.36915808687439E+03
 0.37188815524148E+03
 0.37459069121987E+03
 0.37726557700274E+03
 0.37991271397735E+03
 0.38253203943503E+03
 0.38512351015350E+03
 0.38768709287483E+03
 0.39022278057489E+03
 0.39273057690842E+03
 0.39521050504312E+03
 0.39766260313839E+03
 0.40008692170877E+03
 0.40248352618897E+03
 0.40485249877047E+03
 0.40719392728887E+03
 0.40950791413133E+03
 0.41179457315506E+03
 0.41405402577395E+03
 0.41628640861708E+03
 0.41849186388786E+03
 0.42067054312376E+03
 0.42282260336490E+03
 0.42494821292195E+03
 0.42704754365402E+03
 0.42912077816028E+03
 0.43116810270252E+03
 0.43318971036686E+03
 0.43518580007497E+03
 0.43715657423994E+03
 0.43910224062756E+03
 0.44102301156627E+03
 0.44291910299203E+03
 0.44479073562816E+03
 0.44663813205919E+03
 0.44846151830878E+03
 0.45026112421815E+03
 0.45203718076238E+03
 0.45378992044191E+03
 0.45551958142215E+03
 0.45722639972586E+03
 0.45891061464722E+03
 0.46057246667803E+03
 0.46221219576927E+03
 0.46383004569683E+03
 0.46542625920036E+03
 0.46700107917414E+03
 0.46855474965514E+03
 0.47008751367256E+03
 0.47159961657830E+03
 0.47309130132382E+03
 0.47456281105915E+03
 0.47601439060948E+03
 0.47744628201941E+03
 0.47885872628648E+03
 0.48025196556169E+03
 0.48162623791789E+03
 0.48298178342082E+03
 0.48431884050747E+03
