 0.44023161947786E+03
 0.44023161947869E+03
 0.44023161950705E+03
 0.44023161975101E+03
 0.44023162079890E+03
 0.44023162381506E+03
 0.44023163045281E+03
 0.44023164151152E+03
 0.44023165083699E+03
 0.44023162877153E+03
 0.44023149173205E+03
 0.44023106107179E+03
 0.44023002024568E+03
 0.44022788061091E+03
 0.44022379062868E+03
 0.44021722674310E+03
 0.44020678450213E+03
 0.44019145560158E+03
 0.44016973776348E+03
 0.44014045906764E+03
 0.44010198176106E+03
 0.44005313512925E+03
 0.43999230079917E+03
 0.43991846868022E+03
 0.43983015844682E+03
 0.43972660101862E+03
 0.43960652849790E+03
 0.43946943811608E+03
 0.43931431351302E+03
 0.43914090956051E+03
 0.43894847323510E+03
 0.43873698904663E+03
 0.43850611312703E+03
 0.43825555609196E+03
 0.43798563344600E+03
 0.43769628029704E+03
 0.43738764626162E+03
 0.43705977466471E+03
 0.43671329183997E+03
 0.43634838038973E+03
 0.43596541789471E+03
 0.43556482408716E+03
 0.43514686560056E+03
 0.43471237005601E+03
 0.43426166590005E+03
 0.43379526226207E+03
 0.43331367581593E+03
 0.43281743094547E+03
 0.43230705414099E+03
 0.43178288217511E+03
 0.43124580279799E+03
 0.43069615714229E+03
 0.43013444977669E+03
 0.42956117806637E+03
 0.42897682823254E+03
 0.42838187352771E+03
 0.42777677340408E+03
 0.42716197264099E+03
 0.42653771523484E+03
 0.42590477778828E+03
 0.42526338158242E+03
 0.42461390508779E+03
 0.42395671168044E+03
 0.42329214763463E+03
 0.42262054200459E+03
 0.42194220657365E+03
 0.42125743589933E+03
 0.42056650734430E+03
 0.41986968112368E+03
 0.41916720040630E+03
 0.41845929142924E+03
 0.41774616371680E+03
 0.41702801010090E+03
 0.41630481908777E+03
 0.41557712095623E+03
 0.41484487833335E+03
 0.41410821926629E+03
 0.41336725333560E+03
 0.41262207643462E+03
 0.41187276871574E+03
 0.41111939467497E+03
 0.41036200327409E+03
 0.40960062800467E+03
 0.40883525890869E+03
 0.40806594884932E+03
 0.40729266179830E+03
 0.40651536931847E+03
 0.40573402824609E+03
 0.40494857943283E+03
 0.40415876804772E+03
 0.40336486016522E+03
 0.40256657497985E+03
 0.40176379012867E+03
 0.40095636805429E+03
 0.40014415533848E+03
 0.39932698400401E+03
 0.39850467037965E+03
 0.39767700715471E+03
 0.39684377320280E+03
 0.39600473357875E+03
 0.39515963439453E+03
 0.39430820326011E+03
 0.39345014972083E+03
 0.39258499439487E+03
 0.39171275548473E+03
 0.39083290813076E+03
 0.38994508921655E+03
 0.38904891297306E+03
 0.38814397320205E+03
 0.38722984719661E+03
 0.38630608716358E+03
 0.38537221709647E+03
 0.38442774906628E+03
 0.38347217475412E+03
 0.38250479288984E+03
 0.38152537036085E+03
 0.38053316787230E+03
 0.37952758173660E+03
 0.37850798807334E+03
 0.37747369175745E+03
 0.37642412904233E+03
 0.37535855996796E+03
 0.37427627618995E+03
 0.37317640789147E+03
 0.37205849161915E+03
 0.37092162482488E+03
 0.36976502976915E+03
 0.36858791716842E+03
 0.36738948666946E+03
 0.36616892802937E+03
 0.36492542820239E+03
 0.36365804548663E+03
 0.36236621736147E+03
 0.36104901434896E+03
 0.35970564173829E+03
 0.35833531565847E+03
 0.35693728175928E+03
 0.35551080710314E+03
 0.35405507782525E+03
 0.35256965012996E+03
 0.35105380033540E+03
 0.34950695983887E+03
 0.34792862263629E+03
 0.34631834374313E+03
 0.34467565456218E+03
 0.34300045027963E+03
 0.34129243340594E+03
 0.33955148154654E+03
 0.33777758398358E+03
 0.33597084137171E+03
 0.33413132686055E+03
 0.33225968272754E+03
 0.33035624888417E+03
 0.32842167457319E+03
 0.32645676474468E+03
 0.32446244868901E+03
 0.32244004436711E+03
 0.32039089502705E+03
 0.31831664450476E+03
 0.31621911391241E+03
 0.31410062072462E+03
 0.31196359217618E+03
 0.30981085717316E+03
 0.30764560539202E+03
 0.30547136589307E+03
 0.30329224615835E+03
 0.30111263283343E+03
 0.29893743333041E+03
 0.29677198916886E+03
 0.29462228781220E+03
 0.29249466894378E+03
 0.29039597840961E+03
 0.28833366726928E+03
 0.28631551751248E+03
 0.28434976442850E+03
 0.28244496067692E+03
 0.28061004447896E+03
 0.27885405032875E+03
 0.27718609523639E+03
 0.27561537141650E+03
 0.27415081780065E+03
 0.27280109608082E+03
 0.27157451747275E+03
 0.27047875483033E+03
 0.26952081892623E+03
 0.26870688597432E+03
 0.26804229790636E+03
 0.26753132004661E+03
 0.26717717933114E+03
 0.26698206970159E+03
 0.26694704145927E+03
 0.26707206873321E+03
 0.26735613854636E+03
 0.26779721877267E+03
 0.26839239518062E+03
 0.26913793745224E+03
 0.27002944659098E+03
 0.27106188547805E+03
 0.27222973301872E+03
 0.27352628207404E+03
 0.27494689586504E+03
 0.27648438045375E+03
 0.27813219626761E+03
 0.27988375076735E+03
 0.28173247790451E+03
 0.28367190447466E+03
 0.28569561616991E+03
 0.28779740267235E+03
 0.28997121643144E+03
 0.29221123262469E+03
 0.29451184132187E+03
 0.29686767222268E+03
 0.29927359877153E+03
 0.30172474381977E+03
 0.30421646912437E+03
 0.30674439082219E+03
 0.30930435321140E+03
 0.31189244284164E+03
 0.31450496846201E+03
 0.31713843537554E+03
 0.31978962313014E+03
 0.32245544270146E+03
 0.32513302304444E+03
 0.32781967450168E+03
 0.33051287113095E+03
 0.33321025472610E+03
 0.33590962268010E+03
 0.33860891605794E+03
 0.34130621405651E+03
 0.34399972648234E+03
 0.34668778167756E+03
 0.34936882117477E+03
 0.35204140106773E+03
 0.35470417509773E+03
 0.35735588633505E+03
 0.35999538138688E+03
 0.36262157378033E+03
 0.36523347524823E+03
 0.36783016202554E+03
 0.37041077847332E+03
 0.37297454079271E+03
 0.37552071742397E+03
 0.37804864433501E+03
 0.38055772316588E+03
 0.38304738729554E+03
 0.38551711652271E+03
 0.38796645060277E+03
 0.39039497201851E+03
 0.39280229495249E+03
 0.39518808010551E+03
 0.39755201789350E+03
 0.39989383594786E+03
 0.40221329360831E+03
 0.40451017817936E+03
 0.40678430649144E+03
 0.40903552590298E+03
 0.41126370237589E+03
 0.41346872846797E+03
 0.41565051956025E+03
 0.41780900930916E+03
 0.41994415651454E+03
 0.42205593502585E+03
 0.42414433694457E+03
 0.42620936816467E+03
 0.42825105370878E+03
 0.43026942951236E+03
 0.43226454922808E+03
 0.43423647669547E+03
 0.43618528878024E+03
 0.43811107395850E+03
 0.44001392979485E+03
 0.44189396430778E+03
 0.44375129498260E+03
 0.44558604751418E+03
 0.44739835677151E+03
 0.44918836359824E+03
 0.45095621615059E+03
 0.45270207017914E+03
 0.45442608596173E+03
 0.45612842863295E+03
 0.45780927210275E+03
 0.45946879110299E+03
 0.46110716645276E+03
 0.46272458281337E+03
 0.46432122678685E+03
 0.46589729130524E+03
 0.46745297041661E+03
 0.46898846050801E+03
 0.47050396115555E+03
 0.47199967286034E+03
 0.47347580029651E+03
 0.47493254748481E+03
 0.47637012026994E+03
 0.47778872785929E+03
 0.47918857808338E+03
 0.48056987920540E+03
 0.48193284198754E+03
 0.48327767441630E+03
 0.48460458771380E+03
 0.48591379264693E+03
