 0.00000000000000E+00
 0.00000000000000E+00
 0.00000000000000E+00
 0.00000000000000E+00
 0.10949492372892E-25
 0.23236046150587E-21
 0.28622750855516E-18
 0.59514626112946E-16
 0.37795926762879E-14
 0.10464120441231E-12
 0.15839178496663E-11
 0.15243758498320E-10
 0.10355401711453E-09
 0.53502754670167E-09
 0.22207314217174E-08
 0.77152991825688E-08
 0.23151908750319E-07
 0.61489606917458E-07
 0.14735782997484E-06
 0.32359233293066E-06
 0.65932957709325E-06
 0.12592780555645E-05
 0.22736520609545E-05
 0.39080710355500E-05
 0.64328875136075E-05
 0.10191161056117E-04
 0.15605152016456E-04
 0.23180462756452E-04
 0.33508513329526E-04
 0.47266052576487E-04
 0.65213615135573E-04
 0.88190602536535E-04
 0.11711032804423E-03
 0.15295280870382E-03
 0.19675523775104E-03
 0.24960477588796E-03
 0.31262796598744E-03
 0.38698209129335E-03
 0.47384206123348E-03
 0.57439541090228E-03
 0.68983028276401E-03
 0.82132723516209E-03
 0.97005318665882E-03
 0.11371458611189E-02
 0.13237180992381E-02
 0.15308447764364E-02
 0.17595588485385E-02
 0.20108466744199E-02
 0.22856439665817E-02
 0.25848376778923E-02
 0.29092431828850E-02
 0.32596309037762E-02
 0.36367065875444E-02
 0.40411144613232E-02
 0.44734367589425E-02
 0.49341936345003E-02
 0.54238434656283E-02
 0.59427835236256E-02
 0.64913625798129E-02
 0.70698371503185E-02
 0.76784384481002E-02
 0.83173321005394E-02
 0.89866300342181E-02
 0.96863927003677E-02
 0.10416631322348E-01
 0.11177310251565E-01
 0.11968349414867E-01
 0.12789626823341E-01
 0.13640981139512E-01
 0.14522214273882E-01
 0.15433093999773E-01
 0.16373356567041E-01
 0.17342709320095E-01
 0.18340861452656E-01
 0.19367415955955E-01
 0.20422034828147E-01
 0.21504335515190E-01
 0.22613919053191E-01
 0.23750372496570E-01
 0.24913271292589E-01
 0.26102181546090E-01
 0.27316662223102E-01
 0.28556267281871E-01
 0.29820555699086E-01
 0.31109063548298E-01
 0.32421348349748E-01
 0.33756964168999E-01
 0.35115469711012E-01
 0.36496430213047E-01
 0.37899466125814E-01
 0.39324068676642E-01
 0.40769876835160E-01
 0.42236498165078E-01
 0.43723554366476E-01
 0.45230682814054E-01
 0.46757538098909E-01
 0.48303793198888E-01
 0.49869141386461E-01
 0.51453296871904E-01
 0.53055996060497E-01
 0.54676999126812E-01
 0.56316091058812E-01
 0.57973083061028E-01
 0.59647874159252E-01
 0.61340211884083E-01
 0.63050050938550E-01
 0.64777318808636E-01
 0.66521974118096E-01
 0.68284009279581E-01
 0.70063450321911E-01
 0.71860358447644E-01
 0.73674832731060E-01
 0.75507008153531E-01
 0.77357060534542E-01
 0.79225270516404E-01
 0.81111762193919E-01
 0.83016896784463E-01
 0.84941015821055E-01
 0.86884503188750E-01
 0.88847824605042E-01
 0.90831387745593E-01
 0.92835745492870E-01
 0.94861466533027E-01
 0.96909233967934E-01
 0.98979578641440E-01
 0.10107327802544E+00
 0.10319109170461E+00
 0.10533382587532E+00
 0.10750233338249E+00
 0.10969751494169E+00
 0.11192031490711E+00
 0.11417178626452E+00
 0.11645282974881E+00
 0.11876457607438E+00
 0.12110812924399E+00
 0.12348463109126E+00
 0.12589524724931E+00
 0.12834117382622E+00
 0.13082369156649E+00
 0.13334391653398E+00
 0.13590315756024E+00
 0.13850267691377E+00
 0.14114373766983E+00
 0.14382760446588E+00
 0.14655559284919E+00
 0.14932884197876E+00
 0.15214863784914E+00
 0.15501619325445E+00
 0.15793269596719E+00
 0.16089930190610E+00
 0.16391725498860E+00
 0.16698739413532E+00
 0.17011087206142E+00
 0.17328866701367E+00
 0.17652170774272E+00
 0.17981088907571E+00
 0.18315691534684E+00
 0.18656053241061E+00
 0.19002235754945E+00
 0.19354295034800E+00
 0.19712263963019E+00
 0.20076172531098E+00
 0.20446034778480E+00
 0.20821847369561E+00
 0.21203593095494E+00
 0.21591223495780E+00
 0.21984679146489E+00
 0.22383873336887E+00
 0.22788693881825E+00
 0.23198989665886E+00
 0.23614586216561E+00
 0.24035273648391E+00
 0.24460795422198E+00
 0.24890863919098E+00
 0.25325144614979E+00
 0.25763262052340E+00
 0.26204788506525E+00
 0.26649256765616E+00
 0.27096154563322E+00
 0.27544919188437E+00
 0.27994953455581E+00
 0.28445621814850E+00
 0.28896250547342E+00
 0.29346143857780E+00
 0.29794585497940E+00
 0.30240847447815E+00
 0.30684195498076E+00
 0.31123904743848E+00
 0.31559261325847E+00
 0.31989589225133E+00
 0.32414230206643E+00
 0.32832572931627E+00
 0.33244050840372E+00
 0.33648153127925E+00
 0.34044423650728E+00
 0.34432466510456E+00
 0.34811944243987E+00
 0.35182581651563E+00
 0.35544161955640E+00
 0.35896623331160E+00
 0.36239667464653E+00
 0.36573332143308E+00
 0.36897607297218E+00
 0.37212525206083E+00
 0.37518153906347E+00
 0.37814595953379E+00
 0.38101981496179E+00
 0.38380465210689E+00
 0.38650221960510E+00
 0.38911443525341E+00
 0.39164334883967E+00
 0.39409111397927E+00
 0.39645996315068E+00
 0.39875218045495E+00
 0.40097008150388E+00
 0.40311599696432E+00
 0.40519225437351E+00
 0.40720117062909E+00
 0.40914503356620E+00
 0.41102608568486E+00
 0.41284656163232E+00
 0.41460861095933E+00
 0.41631434423076E+00
 0.41796581228365E+00
 0.41956501222226E+00
 0.42111387341922E+00
 0.42261426522773E+00
 0.42406799517455E+00
 0.42547680617923E+00
 0.42684237994200E+00
 0.42816633527491E+00
 0.42945022980236E+00
 0.43069556341133E+00
 0.43190377659535E+00
 0.43307625251816E+00
 0.43421431994446E+00
 0.43531925525845E+00
 0.43639228318655E+00
 0.43743457804792E+00
 0.43844726571483E+00
 0.43943142697654E+00
 0.44038809699931E+00
 0.44131827015996E+00
 0.44222289880954E+00
 0.44310289654292E+00
 0.44395913840906E+00
 0.44479246422526E+00
 0.44560367954549E+00
 0.44639355646953E+00
 0.44716283561083E+00
 0.44791222712865E+00
 0.44864241262174E+00
 0.44935404587078E+00
 0.45004775385995E+00
 0.45072413974988E+00
 0.45138378128470E+00
 0.45202723315253E+00
 0.45265502824643E+00
 0.45326767843415E+00
 0.45386567523692E+00
 0.45444949135991E+00
 0.45501958057055E+00
 0.45557637971800E+00
 0.45612030802922E+00
 0.45665176898947E+00
 0.45717115068031E+00
 0.45767882648719E+00
 0.45817515574760E+00
 0.45866048423632E+00
 0.45913514484682E+00
 0.45959945829037E+00
 0.46005373313917E+00
 0.46049826684293E+00
 0.46093334607990E+00
 0.46135924708036E+00
 0.46177623611290E+00
 0.46218456991817E+00
 0.46258449613168E+00
 0.46297625359736E+00
 0.46336007277448E+00
 0.46373617616160E+00
 0.46410477847844E+00
 0.46446608699970E+00
 0.46482030193616E+00
 0.46516761675115E+00
 0.46550821809962E+00
 0.46584228661673E+00
 0.46616999678556E+00
 0.46649151730751E+00
 0.46680701137024E+00
 0.46711663663831E+00
 0.46742054574742E+00
 0.46771888650781E+00
 0.46801180160750E+00
 0.46829942945759E+00
 0.46858190392792E+00
 0.46885935470464E+00
 0.46913190738729E+00
 0.46939968361408E+00
 0.46966280124570E+00
