 0.10897039088326E+00
 0.10897039088315E+00
 0.10897039088202E+00
 0.10897039088485E+00
 0.10897039093249E+00
 0.10897039114299E+00
 0.10897039173984E+00
 0.10897039305254E+00
 0.10897039545327E+00
 0.10897039913533E+00
 0.10897040360393E+00
 0.10897040679544E+00
 0.10897040385109E+00
 0.10897038568409E+00
 0.10897050216482E+00
 0.10897040230137E+00
 0.10897040311578E+00
 0.10897030030944E+00
 0.10897025377193E+00
 0.10897004205748E+00
 0.10896986070512E+00
 0.10896947095320E+00
 0.10896910230085E+00
 0.10896847517117E+00
 0.10896784620132E+00
 0.10896690254947E+00
 0.10896591975963E+00
 0.10896457052749E+00
 0.10896313522250E+00
 0.10896128928226E+00
 0.10895930598530E+00
 0.10895687815566E+00
 0.10895411236073E+00
 0.10895116198037E+00
 0.10894770699235E+00
 0.10894386430978E+00
 0.10893962413006E+00
 0.10893513934471E+00
 0.10893008043660E+00
 0.10892457753234E+00
 0.10891862185950E+00
 0.10891220055367E+00
 0.10890546910474E+00
 0.10889809185095E+00
 0.10889020612081E+00
 0.10888180095267E+00
 0.10887286163002E+00
 0.10886337230062E+00
 0.10885331593198E+00
 0.10884284532783E+00
 0.10883160833864E+00
 0.10881974161285E+00
 0.10880722375571E+00
 0.10879402879880E+00
 0.10878012846517E+00
 0.10876549182426E+00
 0.10875008517625E+00
 0.10873387185891E+00
 0.10871698010304E+00
 0.10869903775055E+00
 0.10868015735738E+00
 0.10866029025811E+00
 0.10863938219853E+00
 0.10861737482908E+00
 0.10859420553808E+00
 0.10856980728016E+00
 0.10854410837505E+00
 0.10851703239630E+00
 0.10848849793538E+00
 0.10845841842044E+00
 0.10842670194909E+00
 0.10839325117903E+00
 0.10835796300100E+00
 0.10832090286246E+00
 0.10828161243060E+00
 0.10824013851102E+00
 0.10819635520548E+00
 0.10815012787790E+00
 0.10810131571539E+00
 0.10804977096466E+00
 0.10799533873939E+00
 0.10793785682893E+00
 0.10787715546257E+00
 0.10781302670463E+00
 0.10774534026705E+00
 0.10767387689735E+00
 0.10759843454313E+00
 0.10751880262587E+00
 0.10743476136222E+00
 0.10734625851506E+00
 0.10725270876160E+00
 0.10715403499310E+00
 0.10704998042189E+00
 0.10694027738561E+00
 0.10682464807702E+00
 0.10670280401045E+00
 0.10657444587754E+00
 0.10643926169540E+00
 0.10629692865846E+00
 0.10614711290388E+00
 0.10598946756882E+00
 0.10582363365757E+00
 0.10564923875667E+00
 0.10546607557116E+00
 0.10527339757440E+00
 0.10507096218373E+00
 0.10485834440584E+00
 0.10463510464946E+00
 0.10440078788607E+00
 0.10415492600031E+00
 0.10389703591862E+00
 0.10362661782119E+00
 0.10334316124824E+00
 0.10304613587410E+00
 0.10273517337243E+00
 0.10240938192876E+00
 0.10206835780021E+00
 0.10171151727922E+00
 0.10133826560019E+00
 0.10094794011710E+00
 0.10054002888298E+00
 0.10011385504763E+00
 0.99668783661863E-01
 0.99204333458006E-01
 0.98719546100314E-01
 0.98213925539284E-01
 0.97686823915779E-01
 0.97137597179347E-01
 0.96565607096597E-01
 0.95970222214176E-01
 0.95350825382704E-01
 0.94706962559181E-01
 0.94037767264009E-01
 0.93342825847192E-01
 0.92621614242196E-01
 0.91873637299572E-01
 0.91098446404767E-01
 0.90295631770556E-01
 0.89464960772871E-01
 0.88605871097347E-01
 0.87718237068058E-01
 0.86801865911971E-01
 0.85856632801294E-01
 0.84882478473706E-01
 0.83879524195408E-01
 0.82847636836915E-01
 0.81787081307119E-01
 0.80698091460414E-01
 0.79580977755292E-01
 0.78436127648758E-01
 0.77264036135278E-01
 0.76065179774162E-01
 0.74840205915277E-01
 0.73589803676232E-01
 0.72314734951336E-01
 0.71015918474766E-01
 0.69694107417488E-01
 0.68350358316976E-01
 0.66985722757201E-01
 0.65601378419939E-01
 0.64198402906292E-01
 0.62778133655093E-01
 0.61341909090141E-01
 0.59891155898832E-01
 0.58427424362922E-01
 0.56952207289152E-01
 0.55467218222694E-01
 0.53974200714365E-01
 0.52475036001895E-01
 0.50971580709853E-01
 0.49465889132999E-01
 0.47960091662088E-01
 0.46456327835273E-01
 0.44956892443382E-01
 0.43464136983197E-01
 0.41980494538666E-01
 0.40508392538749E-01
 0.39050361066035E-01
 0.37608943206531E-01
 0.36186643932598E-01
 0.34785983692979E-01
 0.33409431416056E-01
 0.32059353470892E-01
 0.30738043344001E-01
 0.29447644325244E-01
 0.28190153395466E-01
 0.26967351383896E-01
 0.25780837486131E-01
 0.24631990141802E-01
 0.23521870640652E-01
 0.22451365868765E-01
 0.21421080120930E-01
 0.20431351700528E-01
 0.19482278741438E-01
 0.18573722822042E-01
 0.17705325377342E-01
 0.16876520216023E-01
 0.16086567873030E-01
 0.15334569924075E-01
 0.14619278686158E-01
 0.13939982798279E-01
 0.13295242289190E-01
 0.12683764689124E-01
 0.12104212075478E-01
 0.11555218541696E-01
 0.11035403918359E-01
 0.10543396064349E-01
 0.10077832174782E-01
 0.96373753655344E-02
 0.92207191745257E-02
 0.88265963821913E-02
 0.84537826213817E-02
 0.81010999591276E-02
 0.77674196062965E-02
 0.74516638749610E-02
 0.71528057255236E-02
 0.68698701280137E-02
 0.66019319458246E-02
 0.63481163097158E-02
 0.61075985328365E-02
 0.58795950670621E-02
 0.56633735233254E-02
 0.54582423069112E-02
 0.52635511559117E-02
 0.50786892252373E-02
 0.49030828051407E-02
 0.47361932671086E-02
 0.45775151871815E-02
 0.44265745486317E-02
 0.42829266791713E-02
 0.41461547678913E-02
 0.40158680543071E-02
 0.38916998784298E-02
 0.37733066023783E-02
 0.36603661571736E-02
 0.35525760897043E-02
 0.34496532045189E-02
 0.33513312381960E-02
 0.32573606261298E-02
 0.31675071732416E-02
 0.30815508233928E-02
 0.29992851353442E-02
 0.29205158991644E-02
 0.28450604899361E-02
 0.27727474397379E-02
 0.27034157092675E-02
 0.26369133862911E-02
 0.25730975369801E-02
 0.25118337167105E-02
 0.24529951719405E-02
 0.23964625466704E-02
 0.23421232651608E-02
 0.22898711662400E-02
 0.22396060903917E-02
 0.21912335280537E-02
 0.21446641389971E-02
 0.20998136335057E-02
 0.20566023041512E-02
 0.20149547816829E-02
 0.19747998103868E-02
 0.19360698909767E-02
 0.18987011477338E-02
 0.18626331444947E-02
 0.18278085831373E-02
 0.17941731374315E-02
 0.17616753237254E-02
 0.17302662680973E-02
 0.16998996085138E-02
 0.16705313243924E-02
 0.16421195751526E-02
 0.16146246928179E-02
 0.15880088988498E-02
 0.15622362877723E-02
 0.15372727041565E-02
 0.15130856393724E-02
 0.14896441575511E-02
 0.14669187687472E-02
 0.14448814461922E-02
 0.14235054141091E-02
 0.14027651736199E-02
 0.13826363793509E-02
 0.13630958303771E-02
 0.13441213740604E-02
 0.13256918592264E-02
 0.13077870682801E-02
 0.12903877474417E-02
 0.12734754264297E-02
 0.12570324757416E-02
 0.12410420298632E-02
 0.12254879575700E-02
 0.12103548168185E-02
 0.11956278312414E-02
 0.11812928226335E-02
 0.11673362767088E-02
 0.11537451809318E-02
 0.11405070897219E-02
 0.11276100601960E-02
 0.11150426528377E-02
 0.11027938808945E-02
 0.10908532031481E-02
