 0.65371971211632E+01
 0.65371971211632E+01
 0.65371971211649E+01
 0.65371971211842E+01
 0.65371971212908E+01
 0.65371971216679E+01
 0.65371971226781E+01
 0.65371971249189E+01
 0.65371971292618E+01
 0.65371971368554E+01
 0.65371971490566E+01
 0.65371971672429E+01
 0.65371971924635E+01
 0.65371972249051E+01
 0.65371974640610E+01
 0.65371975043632E+01
 0.65371977615364E+01
 0.65371980211478E+01
 0.65371985180295E+01
 0.65371990253279E+01
 0.65371998279746E+01
 0.65372006811423E+01
 0.65372019098446E+01
 0.65372032151386E+01
 0.65372049470709E+01
 0.65372067550977E+01
 0.65372089992098E+01
 0.65372112959284E+01
 0.65372139934048E+01
 0.65372166886533E+01
 0.65372197097386E+01
 0.65372226556446E+01
 0.65372256248926E+01
 0.65372287630626E+01
 0.65372316316832E+01
 0.65372343151655E+01
 0.65372367365498E+01
 0.65372390091793E+01
 0.65372406562916E+01
 0.65372417521740E+01
 0.65372421984817E+01
 0.65372418878960E+01
 0.65372409124326E+01
 0.65372387695683E+01
 0.65372355295385E+01
 0.65372310662407E+01
 0.65372252638486E+01
 0.65372179983795E+01
 0.65372091436285E+01
 0.65371987751523E+01
 0.65371863657257E+01
 0.65371719711108E+01
 0.65371554578179E+01
 0.65371366868070E+01
 0.65371155163441E+01
 0.65370918008255E+01
 0.65370653908578E+01
 0.65370361328782E+01
 0.65370040657012E+01
 0.65369686400795E+01
 0.65369298743583E+01
 0.65368875958219E+01
 0.65368416231943E+01
 0.65367917680237E+01
 0.65367378340933E+01
 0.65366796167878E+01
 0.65366169021912E+01
 0.65365494670017E+01
 0.65364770772903E+01
 0.65363994876804E+01
 0.65363164407590E+01
 0.65362276666363E+01
 0.65361328806886E+01
 0.65360319814231E+01
 0.65359242645991E+01
 0.65358095892111E+01
 0.65356876069155E+01
 0.65355579500534E+01
 0.65354202301230E+01
 0.65352740372287E+01
 0.65351189387692E+01
 0.65349544779108E+01
 0.65347801725630E+01
 0.65345955069939E+01
 0.65343999551782E+01
 0.65341929426970E+01
 0.65339738693178E+01
 0.65337421008762E+01
 0.65334969668320E+01
 0.65332379510839E+01
 0.65329639253233E+01
 0.65326742844132E+01
 0.65323681926307E+01
 0.65320447658750E+01
 0.65317030696674E+01
 0.65313421152569E+01
 0.65309608570093E+01
 0.65305581920493E+01
 0.65301329533583E+01
 0.65296839101802E+01
 0.65292097585008E+01
 0.65287091209542E+01
 0.65281805415149E+01
 0.65276226693004E+01
 0.65270335040394E+01
 0.65264115138732E+01
 0.65257548887058E+01
 0.65250617096830E+01
 0.65243299517818E+01
 0.65235574709041E+01
 0.65227420116176E+01
 0.65218811891054E+01
 0.65209724901569E+01
 0.65200132474590E+01
 0.65190008455836E+01
 0.65179319630654E+01
 0.65168036596573E+01
 0.65156126416860E+01
 0.65143554370475E+01
 0.65130283799239E+01
 0.65116276277551E+01
 0.65101491211569E+01
 0.65085885874042E+01
 0.65069416973522E+01
 0.65052033968323E+01
 0.65033688775707E+01
 0.65014329202968E+01
 0.64993900457224E+01
 0.64972345060588E+01
 0.64949602746066E+01
 0.64925610399642E+01
 0.64900303509134E+01
 0.64873610023730E+01
 0.64845459293514E+01
 0.64815776067670E+01
 0.64784481909319E+01
 0.64751495167328E+01
 0.64716730942418E+01
 0.64680102448356E+01
 0.64641515587915E+01
 0.64600877005240E+01
 0.64558088807722E+01
 0.64513049907195E+01
 0.64465656062962E+01
 0.64415801142089E+01
 0.64363372492478E+01
 0.64308258036625E+01
 0.64250341825020E+01
 0.64189505197482E+01
 0.64125626962729E+01
 0.64058584389715E+01
 0.63988249555189E+01
 0.63914495536145E+01
 0.63837192163631E+01
 0.63756207574948E+01
 0.63671409368550E+01
 0.63582660451096E+01
 0.63489825606740E+01
 0.63392767098698E+01
 0.63291347396238E+01
 0.63185425233771E+01
 0.63074861579020E+01
 0.62959515240538E+01
 0.62839245384893E+01
 0.62713911140713E+01
 0.62583369953563E+01
 0.62447480961544E+01
 0.62306102614708E+01
 0.62159094609538E+01
 0.62006315516579E+01
 0.61847626106265E+01
 0.61682887780674E+01
 0.61511961965644E+01
 0.61334711874217E+01
 0.61151002433174E+01
 0.60960699748896E+01
 0.60763670929723E+01
 0.60559785453572E+01
 0.60348914745854E+01
 0.60130931578066E+01
 0.59905711311151E+01
 0.59673131054693E+01
 0.59433069899092E+01
 0.59185409196817E+01
 0.58930032158813E+01
 0.58666823841289E+01
 0.58395671172134E+01
 0.58116462548664E+01
 0.57829087540796E+01
 0.57533436446740E+01
 0.57229401092700E+01
 0.56916873259278E+01
 0.56595745412230E+01
 0.56265909261448E+01
 0.55927256993196E+01
 0.55579679758466E+01
 0.55223067981740E+01
 0.54857311106776E+01
 0.54482297341501E+01
 0.54097913560698E+01
 0.53704045301110E+01
 0.53300576316568E+01
 0.52887389011745E+01
 0.52464363977448E+01
 0.52031380202948E+01
 0.51588315456111E+01
 0.51135044817138E+01
 0.50671442339380E+01
 0.50197380307721E+01
 0.49712729496885E+01
 0.49217359232679E+01
 0.48711137339665E+01
 0.48193929938296E+01
 0.47665601950140E+01
 0.47126016996490E+01
 0.46575037449915E+01
 0.46012524445896E+01
 0.45438337502155E+01
 0.44852335542170E+01
 0.44254376011407E+01
 0.43644315522330E+01
 0.43022009626581E+01
 0.42387312482842E+01
 0.41740077838345E+01
 0.41080158120045E+01
 0.40407405059719E+01
 0.39721669442824E+01
 0.39022800936700E+01
 0.38310648866449E+01
 0.37585061387537E+01
 0.36845885937523E+01
 0.36092969433428E+01
 0.35326157438266E+01
 0.34545295195038E+01
 0.33750227320807E+01
 0.32940797343754E+01
 0.32116848668376E+01
 0.31278223080489E+01
 0.30424762247435E+01
 0.29556307458732E+01
 0.28672698805308E+01
 0.27773776370445E+01
 0.26859378654419E+01
 0.25929344241659E+01
 0.24983510263446E+01
 0.24021714766337E+01
 0.23043793925671E+01
 0.22049583301861E+01
 0.21038918191233E+01
 0.20011633197576E+01
 0.18967562447376E+01
 0.17906539300979E+01
 0.16828396658313E+01
 0.15732966862050E+01
 0.14620081167268E+01
 0.13489570585067E+01
 0.12341265875780E+01
 0.11174996915090E+01
 0.99905930371126E+00
 0.87878829630300E+00
 0.75666947642394E+00
 0.63268560342646E+00
 0.50681934971813E+00
 0.37905339474350E+00
 0.24937031739815E+00
 0.11775264655895E+00
-0.15817146954231E-01
-0.15135664671591E+00
-0.28888349016275E+00
-0.42841537244536E+00
-0.56997007299710E+00
-0.71356537237051E+00
-0.85921913721077E+00
-0.10069492984466E+01
-0.11567738462570E+01
-0.13087108026573E+01
-0.14627782478079E+01
-0.16189943455128E+01
-0.17773772884687E+01
-0.19379453330752E+01
-0.21007168013884E+01
-0.22657100629294E+01
-0.24329435414915E+01
-0.26024357177069E+01
-0.27742051222906E+01
-0.29482703646959E+01
-0.31246500941826E+01
-0.33033630054519E+01
-0.34844278653154E+01
-0.36678635139719E+01
-0.38536887891703E+01
-0.40419226299709E+01
-0.42325840129873E+01
-0.44256920210336E+01
-0.46212657291344E+01
-0.48193242909684E+01
-0.50198869152558E+01
-0.52229728802943E+01
-0.54286015064946E+01
-0.56367921656908E+01
