 0.10930123522451E+01
 0.10930123519207E+01
 0.10930123484239E+01
 0.10930123337184E+01
 0.10930122940021E+01
 0.10930122101953E+01
 0.10930120583507E+01
 0.10930118099669E+01
 0.10930114331741E+01
 0.10930108966883E+01
 0.10930101785718E+01
 0.10930092805017E+01
 0.10930082460668E+01
 0.10930071799019E+01
 0.10930066118204E+01
 0.10930061164039E+01
 0.10930067876155E+01
 0.10930087235520E+01
 0.10930128877028E+01
 0.10930195168696E+01
 0.10930297911384E+01
 0.10930440095504E+01
 0.10930634829522E+01
 0.10930884372269E+01
 0.10931202199429E+01
 0.10931589247721E+01
 0.10932058546600E+01
 0.10932609549529E+01
 0.10933254137235E+01
 0.10933990328822E+01
 0.10934828334450E+01
 0.10935764888207E+01
 0.10936805014238E+01
 0.10937954068725E+01
 0.10939206064047E+01
 0.10940564054553E+01
 0.10942027610171E+01
 0.10943599445900E+01
 0.10945270615961E+01
 0.10947042219882E+01
 0.10948911732991E+01
 0.10950876146433E+01
 0.10952936154090E+01
 0.10955080428554E+01
 0.10957308699928E+01
 0.10959616970434E+01
 0.10962001045270E+01
 0.10964456606467E+01
 0.10966979261302E+01
 0.10969568896927E+01
 0.10972212708889E+01
 0.10974910231452E+01
 0.10977657125649E+01
 0.10980449049684E+01
 0.10983281736192E+01
 0.10986151009051E+01
 0.10989052797175E+01
 0.10991983145998E+01
 0.10994942712067E+01
 0.10997919043544E+01
 0.11000912812730E+01
 0.11003920656030E+01
 0.11006939313382E+01
 0.11009965675353E+01
 0.11012996785068E+01
 0.11016029838869E+01
 0.11019062185818E+01
 0.11022091326839E+01
 0.11025114913447E+01
 0.11028130745770E+01
 0.11031136770195E+01
 0.11034131075768E+01
 0.11037111892443E+01
 0.11040082507221E+01
 0.11043031742600E+01
 0.11045962954242E+01
 0.11048874918191E+01
 0.11051766534039E+01
 0.11054636800715E+01
 0.11057484832763E+01
 0.11060309856797E+01
 0.11063111208131E+01
 0.11065888325687E+01
 0.11068640898744E+01
 0.11071368299043E+01
 0.11074070378301E+01
 0.11076746964314E+01
 0.11079397969991E+01
 0.11082023393111E+01
 0.11084628384996E+01
 0.11087203116326E+01
 0.11089752723855E+01
 0.11092277543276E+01
 0.11094777961633E+01
 0.11097254434248E+01
 0.11099707470922E+01
 0.11102137641712E+01
 0.11104545638798E+01
 0.11106932168147E+01
 0.11109298008827E+01
 0.11111643992629E+01
 0.11113971013473E+01
 0.11116280017818E+01
 0.11118577118283E+01
 0.11120853265234E+01
 0.11123114571340E+01
 0.11125362207911E+01
 0.11127597372796E+01
 0.11129821323990E+01
 0.11132035345468E+01
 0.11134240767104E+01
 0.11136439014725E+01
 0.11138631525621E+01
 0.11140819711411E+01
 0.11143010111575E+01
 0.11145194425962E+01
 0.11147379056511E+01
 0.11149565604694E+01
 0.11151755677603E+01
 0.11153951107227E+01
 0.11156153104092E+01
 0.11158363528406E+01
 0.11160584041059E+01
 0.11162820990094E+01
 0.11165066744198E+01
 0.11167327445672E+01
 0.11169604668287E+01
 0.11171899927329E+01
 0.11174214689358E+01
 0.11176550354151E+01
 0.11178908225025E+01
 0.11181293974503E+01
 0.11183699995246E+01
 0.11186131539927E+01
 0.11188589451471E+01
 0.11191074428823E+01
 0.11193586963698E+01
 0.11196127373299E+01
 0.11198699915159E+01
 0.11201296405655E+01
 0.11203920453795E+01
 0.11206571473066E+01
 0.11209248591912E+01
 0.11211950676370E+01
 0.11214680063379E+01
 0.11217427693153E+01
 0.11220195074425E+01
 0.11222979952402E+01
 0.11225779689612E+01
 0.11228591294371E+01
 0.11231415128412E+01
 0.11234240290321E+01
 0.11237066500596E+01
 0.11239889260918E+01
 0.11242704043485E+01
 0.11245508806670E+01
 0.11248292198357E+01
 0.11251051303767E+01
 0.11253779939716E+01
 0.11256474273794E+01
 0.11259121924294E+01
 0.11261717921846E+01
 0.11264254294636E+01
 0.11266722420602E+01
 0.11269115600102E+01
 0.11271419271345E+01
 0.11273625428748E+01
 0.11275723115294E+01
 0.11277702671513E+01
 0.11279547341917E+01
 0.11281246052047E+01
 0.11282786663613E+01
 0.11284150891086E+01
 0.11285325262934E+01
 0.11286293728478E+01
 0.11287041398467E+01
 0.11287548246017E+01
 0.11287798528163E+01
 0.11287776457895E+01
 0.11287462151311E+01
 0.11286840289168E+01
 0.11285896106481E+01
 0.11284612264208E+01
 0.11282976177225E+01
 0.11280975959942E+01
 0.11278602546055E+01
 0.11275846340462E+01
 0.11272703067959E+01
 0.11269171011797E+01
 0.11265248829669E+01
 0.11260940641585E+01
 0.11256253141090E+01
 0.11251194003378E+01
 0.11245775392250E+01
 0.11240011262462E+01
 0.11233918247072E+01
 0.11227513271220E+01
 0.11220816320926E+01
 0.11213848049934E+01
 0.11206630309750E+01
 0.11199184377273E+01
 0.11191532848858E+01
 0.11183697894528E+01
 0.11175701655142E+01
 0.11167564815539E+01
 0.11159308500295E+01
 0.11150952327789E+01
 0.11142515205860E+01
 0.11134014898208E+01
 0.11125468185009E+01
 0.11116890686096E+01
 0.11108296899698E+01
 0.11099700192103E+01
 0.11091112853980E+01
 0.11082546101270E+01
 0.11074010134892E+01
 0.11065514166230E+01
 0.11057066515235E+01
 0.11048674581596E+01
 0.11040344995166E+01
 0.11032083496663E+01
 0.11023895272003E+01
 0.11015784811334E+01
 0.11007755798145E+01
 0.10999811878421E+01
 0.10991955687206E+01
 0.10984189575224E+01
 0.10976515473109E+01
 0.10968934915495E+01
 0.10961449083507E+01
 0.10954058859608E+01
 0.10946764848756E+01
 0.10939567410254E+01
 0.10932466649547E+01
 0.10925462488882E+01
 0.10918554512056E+01
 0.10911742590761E+01
 0.10905026030592E+01
 0.10898404146076E+01
 0.10891876136541E+01
 0.10885441094933E+01
 0.10879098070890E+01
 0.10872846014940E+01
 0.10866683845321E+01
 0.10860610256844E+01
 0.10854624309162E+01
 0.10848724636848E+01
 0.10842909980771E+01
 0.10837179042970E+01
 0.10831530534368E+01
 0.10825963128494E+01
 0.10820475509281E+01
 0.10815066348754E+01
 0.10809734221765E+01
 0.10804477982845E+01
 0.10799296203155E+01
 0.10794187593633E+01
 0.10789150838175E+01
 0.10784184643722E+01
 0.10779287726318E+01
 0.10774458818249E+01
 0.10769696574813E+01
 0.10764999928480E+01
 0.10760367581255E+01
 0.10755798330503E+01
 0.10751290991276E+01
 0.10746844396522E+01
 0.10742457400916E+01
 0.10738128879435E+01
 0.10733857647494E+01
 0.10729642766492E+01
 0.10725483100110E+01
 0.10721377602108E+01
 0.10717325244574E+01
 0.10713325014203E+01
 0.10709375928874E+01
 0.10705476948964E+01
 0.10701627272230E+01
 0.10697825896208E+01
 0.10694071907383E+01
 0.10690364418931E+01
 0.10686702557924E+01
 0.10683085471370E+01
 0.10679512322158E+01
 0.10675982227405E+01
 0.10672494517849E+01
 0.10669048341590E+01
 0.10665642935031E+01
 0.10662277546321E+01
 0.10658951425308E+01
 0.10655663882290E+01
 0.10652414203096E+01
 0.10649201642367E+01
 0.10646025642542E+01
 0.10642885494273E+01
 0.10639780544443E+01
 0.10636710171801E+01
 0.10633673750448E+01
 0.10630670679349E+01
 0.10627700374383E+01
