 0.00000000000000E+00
 0.35966530070308E-24
 0.22329989267583E-22
 0.93844976921912E-22
 0.86124899575128E-21
 0.29589695029467E-20
 0.58280007231290E-20
 0.14051957299100E-19
 0.16788479449343E-19
 0.79778854343277E-19
 0.13428341598827E-18
 0.90254865519667E-19
 0.16662436711323E-18
 0.18097021504709E-18
 0.42290851272072E-18
 0.57053968560646E-18
 0.14289089633534E-17
 0.20930533099085E-17
 0.34283276737245E-17
 0.42935528882927E-17
 0.42732915919516E-17
 0.34179634786409E-17
 0.71576032481683E-17
 0.19856070414327E-17
 0.12377810128411E-16
 0.84264322797262E-17
 0.14990903377743E-16
 0.10963203256593E-16
 0.18950854127637E-16
 0.22032502028572E-16
-0.75615283434490E-12
 0.24446175003613E-16
 0.23678923314822E-12
 0.35240353542065E-16
 0.29859380389656E-12
 0.39129448540297E-12
-0.25069334181850E-11
-0.18057635405946E-11
-0.18307888200478E-11
 0.27199012353981E-12
-0.23111699745640E-11
 0.12814790442990E-11
 0.46648661786534E-12
-0.25083182123040E-12
-0.93653570125974E-12
-0.59725355615045E-11
 0.26056311621320E-11
 0.66217636343208E-11
 0.29759498534955E-11
 0.25002266999792E-12
-0.52080514697108E-12
-0.34599755017069E-11
-0.22939890796769E-11
-0.60773048943383E-12
-0.27162190619360E-12
-0.20439400061668E-11
-0.59280760272595E-11
-0.59070894733999E-11
 0.17341404298997E-11
-0.27827492362502E-11
-0.40405912351669E-12
 0.35654941692384E-11
 0.33345603579553E-11
-0.39174450819643E-11
-0.59059755939381E-11
 0.81079367410647E-12
-0.21391669913893E-11
-0.43482507224928E-11
-0.61655150931220E-11
 0.59847376836099E-12
-0.36274807846929E-12
 0.97354392321897E-12
-0.73190038765829E-12
 0.22844432847331E-11
 0.33820608196771E-11
-0.78354300318894E-12
-0.88923113887006E-12
 0.10200026476444E-12
-0.66104500331845E-12
 0.19816794797602E-11
-0.43406370083339E-12
-0.19173070902049E-12
 0.91318675168400E-12
 0.88346914501302E-12
 0.13353430870188E-11
 0.20561856985929E-11
 0.26693000789069E-12
 0.12607758333444E-11
 0.34096844810865E-12
-0.15421664373209E-11
-0.25037758156611E-12
 0.87759750141752E-12
-0.81696400398582E-12
-0.20514626447270E-11
 0.33958198440135E-11
-0.29797646945770E-11
-0.30251666042131E-11
 0.10745709470918E-11
-0.92033054221011E-12
 0.23298643079980E-11
-0.21662746201893E-11
-0.56541137684364E-12
 0.34543102265425E-11
 0.20777049311425E-11
 0.25709600952897E-11
-0.15814779554039E-11
-0.65352616413014E-13
-0.12940111120675E-11
-0.96719781365736E-12
 0.11600969762709E-11
 0.15079564479404E-11
 0.10139902057195E-13
-0.37237892968582E-11
 0.53443510097065E-12
 0.92623596639405E-12
 0.81687400624555E-13
 0.10792929082844E-11
-0.86992625827127E-12
 0.75559312178297E-12
 0.37095141692570E-12
-0.23858100129614E-12
 0.29511686253757E-12
 0.73425668819446E-12
-0.13700929354257E-11
 0.12257924798901E-11
 0.32229598213380E-11
-0.17569176753431E-11
-0.10599366369161E-11
-0.17945268524477E-12
-0.52723590735082E-12
-0.96851545412709E-12
-0.15653857887993E-11
-0.10285901398845E-11
-0.34793484820135E-12
 0.11968464394842E-11
-0.11926314213742E-11
 0.51998453943665E-12
 0.94205568315429E-12
 0.30430648511933E-11
-0.14184274420579E-11
-0.57358765112188E-12
-0.19812083280061E-11
 0.17412977260037E-11
-0.39292120471630E-13
 0.11335711196353E-12
-0.19022734064833E-12
-0.17522716459790E-11
 0.11881498748370E-11
 0.34278313196033E-12
 0.87480315014771E-12
 0.19061672834141E-11
 0.98904070986821E-12
-0.80986668718247E-13
 0.35818874799441E-13
 0.97617818385457E-12
-0.16659339084993E-11
-0.54484212582480E-12
-0.23949421833569E-11
 0.55316673235287E-12
 0.16288485167126E-11
-0.21211919334554E-12
-0.29082741307746E-11
 0.95190663361468E-12
 0.42463931298057E-12
-0.15894450109532E-11
-0.23483035824505E-11
 0.84567997516531E-12
 0.11634330479434E-11
-0.95327079221721E-12
-0.45450619809308E-12
-0.15581056517827E-11
-0.74728720044767E-12
 0.67708756395788E-12
 0.11738976266674E-11
-0.42367407909833E-12
 0.91236073282804E-12
 0.98374236229461E-12
 0.13835839391300E-11
-0.10772088129587E-11
-0.16539306911068E-12
-0.23690396585340E-11
 0.27723160789341E-12
-0.25692184622295E-11
 0.10404421241296E-12
 0.88836504077303E-12
 0.90844799936071E-12
-0.92701478914331E-12
 0.14295104474675E-11
 0.80475413152339E-12
 0.14345293015652E-11
-0.19111857280579E-13
-0.36883893733046E-12
 0.17690714096884E-11
 0.23833996588046E-13
 0.32156489395739E-12
-0.41180418558811E-12
 0.18579182977487E-11
 0.10324263912780E-12
 0.91962287602135E-12
-0.40154012146491E-12
-0.93468709112290E-12
 0.84653122917094E-12
-0.27172939503024E-13
-0.12629148601431E-11
 0.10763135061686E-11
-0.24067992766436E-11
 0.21004782618962E-12
 0.17308032819165E-11
 0.57288020809260E-12
-0.15281315252671E-11
 0.95343913182342E-12
-0.25789788628487E-12
 0.18965901312612E-12
-0.21204714806709E-11
 0.33821053782583E-11
 0.12498368165313E-11
-0.34974718395249E-11
-0.44288115333846E-11
 0.34433070145637E-11
-0.60824663394721E-11
-0.35281353329866E-11
 0.33003097434444E-11
 0.40828793072629E-11
-0.51090620793894E-11
 0.19180188069076E-11
-0.66747475630298E-11
 0.15137489027058E-11
 0.15658855064605E-10
-0.16155830673346E-10
-0.40376208261135E-11
-0.17544225342942E-11
 0.10461581708664E-11
-0.39981677330411E-11
-0.69069199517110E-11
 0.71909596478461E-11
 0.59547004487742E-11
 0.19255032240660E-10
-0.10887698531598E-10
-0.81960955607410E-11
-0.61792563136544E-10
-0.32434222812656E-11
-0.21730564316159E-10
-0.12271367888806E-10
 0.17779736459632E-11
-0.38412763332816E-10
 0.40546418112281E-11
 0.15080949067737E-11
-0.10152985801785E-11
 0.40169975365794E-10
 0.15071301464082E-10
-0.28323857092989E-10
 0.45153788614819E-10
 0.16231538395049E-10
 0.90649127556350E-11
-0.44823615983277E-10
-0.75364822040099E-10
 0.26056628626476E-10
-0.71812515654675E-11
-0.25314206760485E-10
-0.26197762951954E-10
-0.86768346259598E-10
 0.13843520634543E-10
 0.34315587628144E-10
 0.70480308311245E-10
-0.38545402778624E-11
 0.14974729341849E-10
-0.59669715776271E-11
-0.54320817396787E-10
 0.24081249626151E-10
 0.64996321524304E-10
 0.18029419356722E-10
 0.14219721473148E-10
 0.32514245940116E-10
-0.20804414521553E-10
 0.40159616746901E-10
 0.53289447008524E-10
-0.11655396444082E-10
 0.37447898429126E-10
 0.22190030824519E-11
-0.40935074316382E-10
-0.44687739173060E-10
 0.23123003885547E-10
-0.76062880845150E-10
 0.27388589534092E-10
 0.46364897838843E-10
 0.14544732237565E-10
 0.31923096806907E-10
 0.33583355613429E-10
-0.49289046401201E-10
 0.12128721467585E-11
-0.15036993889485E-09
 0.15968262198563E-09
-0.17005245600487E-09
 0.24862432829696E-09
 0.20538175693316E-09
 0.73401928837811E-11
 0.10612294488226E-08
 0.46836166770362E-09
 0.85473240210097E-08
-0.70173530183551E-10
