-0.81379929859954E+01
-0.81379927851333E+01
-0.81379907651038E+01
-0.81379828220725E+01
-0.81379625761423E+01
-0.81379218352795E+01
-0.81378508323706E+01
-0.81377386469991E+01
-0.81375750053060E+01
-0.81373550688802E+01
-0.81370878677881E+01
-0.81368069718867E+01
-0.81365804386246E+01
-0.81365170604237E+01
-0.81368219910690E+01
-0.81375727882647E+01
-0.81390996231368E+01
-0.81415773119821E+01
-0.81453078328484E+01
-0.81504581077910E+01
-0.81573172216842E+01
-0.81660001400479E+01
-0.81767474460347E+01
-0.81895873489504E+01
-0.82046931969515E+01
-0.82219998880458E+01
-0.82416096809908E+01
-0.82633745925185E+01
-0.82873311168189E+01
-0.83132672297935E+01
-0.83411634679644E+01
-0.83707642257710E+01
-0.84019510668142E+01
-0.84346125850875E+01
-0.84684437574171E+01
-0.85033029020545E+01
-0.85389946598163E+01
-0.85753897704334E+01
-0.86121668054203E+01
-0.86491918287160E+01
-0.86862809906796E+01
-0.87232555946115E+01
-0.87600152009134E+01
-0.87962634669053E+01
-0.88319106936555E+01
-0.88668144621946E+01
-0.89008423800241E+01
-0.89338716853407E+01
-0.89657897392507E+01
-0.89965670853516E+01
-0.90259689683196E+01
-0.90539797293401E+01
-0.90805264018046E+01
-0.91055438464567E+01
-0.91289753018154E+01
-0.91507721704371E+01
-0.91708935264055E+01
-0.91893056900636E+01
-0.92060523719690E+01
-0.92209745703507E+01
-0.92341249749262E+01
-0.92454953870455E+01
-0.92550820720287E+01
-0.92628860792897E+01
-0.92689128818663E+01
-0.92731720280315E+01
-0.92756768103203E+01
-0.92764439043565E+01
-0.92754931072327E+01
-0.92728470540178E+01
-0.92685309273114E+01
-0.92625721403442E+01
-0.92550002521051E+01
-0.92459112399369E+01
-0.92352100603596E+01
-0.92229940098802E+01
-0.92092987240978E+01
-0.91941614614919E+01
-0.91776198028906E+01
-0.91597120938941E+01
-0.91404773072670E+01
-0.91199549025143E+01
-0.90981847177124E+01
-0.90752068985332E+01
-0.90510616905061E+01
-0.90257920373789E+01
-0.89994335277522E+01
-0.89720284736737E+01
-0.89436169611414E+01
-0.89142388014751E+01
-0.88839861147311E+01
-0.88527934227928E+01
-0.88207511814072E+01
-0.87878978873718E+01
-0.87542712894538E+01
-0.87199082871324E+01
-0.86848450566083E+01
-0.86491184178370E+01
-0.86127637937751E+01
-0.85758153968395E+01
-0.85383070718360E+01
-0.85002719430607E+01
-0.84617423921804E+01
-0.84227912006200E+01
-0.83833659773609E+01
-0.83435389261247E+01
-0.83033384589865E+01
-0.82627926539311E+01
-0.82219285228188E+01
-0.81807722029666E+01
-0.81393476340307E+01
-0.80976810139142E+01
-0.80557948770090E+01
-0.80137099446701E+01
-0.79714482403714E+01
-0.79290613224018E+01
-0.78865027269592E+01
-0.78438220056491E+01
-0.78010352821589E+01
-0.77581569443429E+01
-0.77151987232615E+01
-0.76721728701860E+01
-0.76290915126393E+01
-0.75859583083912E+01
-0.75428078590959E+01
-0.74995927779437E+01
-0.74563413732311E+01
-0.74130541836590E+01
-0.73697294816229E+01
-0.73263634795854E+01
-0.72829499884557E+01
-0.72394802745652E+01
-0.71959637744731E+01
-0.71523454028951E+01
-0.71086288653918E+01
-0.70647946479521E+01
-0.70208203010855E+01
-0.69766801536521E+01
-0.69323459360480E+01
-0.68878023193867E+01
-0.68429821260907E+01
-0.67978635208489E+01
-0.67524055697292E+01
-0.67065642299822E+01
-0.66602926627594E+01
-0.66135412000095E+01
-0.65662695296108E+01
-0.65183984106090E+01
-0.64698834328883E+01
-0.64206649461918E+01
-0.63706820845499E+01
-0.63198718527127E+01
-0.62681826671528E+01
-0.62155295038526E+01
-0.61618599898235E+01
-0.61071087099527E+01
-0.60512142788538E+01
-0.59941227757065E+01
-0.59357620074804E+01
-0.58760827262188E+01
-0.58150354939924E+01
-0.57525711893749E+01
-0.56886574731385E+01
-0.56232476820264E+01
-0.55563226430273E+01
-0.54878662244072E+01
-0.54178750906609E+01
-0.53463505795953E+01
-0.52733153110387E+01
-0.51988041320488E+01
-0.51228696009634E+01
-0.50455763618120E+01
-0.49670117002949E+01
-0.48872831280794E+01
-0.48065177785096E+01
-0.47248613704622E+01
-0.46424822713996E+01
-0.45595675701355E+01
-0.44763225338226E+01
-0.43929681654646E+01
-0.43097398929068E+01
-0.42268817251380E+01
-0.41446446843782E+01
-0.40632793505335E+01
-0.39830332100193E+01
-0.39041468513135E+01
-0.38268430296200E+01
-0.37513288629874E+01
-0.36777880330908E+01
-0.36063807706395E+01
-0.35372361182046E+01
-0.34704561443348E+01
-0.34061148673616E+01
-0.33442570952645E+01
-0.32849005113796E+01
-0.32280386955759E+01
-0.31736442358392E+01
-0.31216699451334E+01
-0.30720531058949E+01
-0.30247195040725E+01
-0.29795846870882E+01
-0.29365571553938E+01
-0.28955410717613E+01
-0.28564380704525E+01
-0.28191495389865E+01
-0.27835769129787E+01
-0.27496236298606E+01
-0.27171952197661E+01
-0.26862021367872E+01
-0.26565558039371E+01
-0.26281732855489E+01
-0.26009748569141E+01
-0.25748852146673E+01
-0.25498328227867E+01
-0.25257501320685E+01
-0.25025734187243E+01
-0.24802423968348E+01
-0.24587006100773E+01
-0.24378946354544E+01
-0.24177740484509E+01
-0.23982923943635E+01
-0.23794052107691E+01
-0.23610706166148E+01
-0.23432500847206E+01
-0.23259070017558E+01
-0.23090073212058E+01
-0.22925190431012E+01
-0.22764124356980E+01
-0.22606588156885E+01
-0.22452330893775E+01
-0.22301100842572E+01
-0.22152676111784E+01
-0.22006837265562E+01
-0.21863401899626E+01
-0.21722182410821E+01
-0.21583008507134E+01
-0.21445722669649E+01
-0.21310179794492E+01
-0.21176244630350E+01
-0.21043795303315E+01
-0.20912723120620E+01
-0.20782915642945E+01
-0.20654278766001E+01
-0.20526714795626E+01
-0.20400159081944E+01
-0.20274535259400E+01
-0.20149774720915E+01
-0.20025810521854E+01
-0.19902593959242E+01
-0.19780073550885E+01
-0.19658204048873E+01
-0.19536945834306E+01
-0.19416250915591E+01
-0.19296113192510E+01
-0.19176490790287E+01
-0.19057360665989E+01
-0.18938701584415E+01
-0.18820489865258E+01
-0.18702713852192E+01
-0.18585359485731E+01
-0.18468400147540E+01
-0.18351859077175E+01
-0.18235712894950E+01
-0.18119955358693E+01
-0.18004584047527E+01
-0.17889595917868E+01
-0.17774992541054E+01
-0.17660764606411E+01
-0.17546923031142E+01
-0.17433451033333E+01
-0.17320382334384E+01
-0.17207705415071E+01
-0.17095424429635E+01
-0.16983544503096E+01
-0.16872071415613E+01
-0.16761009134928E+01
-0.16650361785483E+01
-0.16540124192588E+01
-0.16430333417667E+01
-0.16320979886044E+01
-0.16212070481746E+01
-0.16103612304318E+01
-0.15995612928906E+01
-0.15888079599452E+01
-0.15781018530556E+01
-0.15674416615263E+01
-0.15568320460052E+01
-0.15462717443552E+01
-0.15357614495308E+01
-0.15253018068452E+01
-0.15148934766567E+01
-0.15045370785543E+01
-0.14942332114010E+01
-0.14839807905813E+01
-0.14737837924345E+01
-0.14636411293700E+01
-0.14535532509505E+01
-0.14435206990687E+01
-0.14335439438590E+01
-0.14236236604846E+01
