 0.40370578283780+250
 0.63537844174379+120
 0.34304799886712E+77
 0.79710560889471E+55
 0.83408831098647E+42
 0.18521473945404E+34
 0.12206109599345E+28
 0.28232711263750E+23
 0.70001929074351E+19
 0.91326023141252E+16
 0.39859761862160E+14
 0.43034413275186E+12
 0.93253706806580E+10
 0.34933952027565E+09
 0.20277197385093E+08
 0.16799426486307E+07
 0.18656337149684E+06
 0.26448224270070E+05
 0.46052524582053E+04
 0.95499979555441E+03
 0.23003521035411E+03
 0.63060243204512E+02
 0.19344166473370E+02
 0.65474428002209E+01
 0.24164760969293E+01
 0.96281716401137E+00
 0.41062978140284E+00
 0.18609541279731E+00
 0.89055466340428E-01
 0.44756929584161E-01
 0.20585766856529E+05
 0.11255868913806E+05
 0.63827544356950E+04
 0.82183539637527E+04
 0.49660274039295E+04
 0.48502412715560E+04
 0.38067284923048E+04
 0.30262297095156E+04
 0.24344597570958E+04
 0.19800560120661E+04
 0.16270031126305E+04
 0.13496751173226E+04
 0.11295875900196E+04
 0.95326112527554E+03
 0.81072337780941E+03
 0.69453049054732E+03
 0.59906594080343E+03
 0.52005017716989E+03
 0.45419262298398E+03
 0.39893924809271E+03
 0.35229811476645E+03
 0.31269451841556E+03
 0.27888000297686E+03
 0.24985667009452E+03
 0.22482161755772E+03
 0.20312477700295E+03
 0.18423665605912E+03
 0.16772354378212E+03
 0.15322762899054E+03
 0.14045421873117E+03
 0.12915682305330E+03
 0.11912971222883E+03
 0.11020019285955E+03
 0.10222264188860E+03
 0.95073758650945E+02
 0.88648684260307E+02
 0.82857940820836E+02
 0.77624881547804E+02
 0.72883619648145E+02
 0.68577336823987E+02
 0.64656880482204E+02
 0.61079580543734E+02
 0.57808282820310E+02
 0.54810359937033E+02
 0.52057741827446E+02
 0.49525299119802E+02
 0.47191111723008E+02
 0.45035778773876E+02
 0.43042155909422E+02
 0.41195034945084E+02
 0.39480896743314E+02
 0.37887694955681E+02
 0.36404688263281E+02
 0.35022266650594E+02
 0.33731801966085E+02
 0.32528730526570E+02
 0.31399803038352E+02
 0.30341824017447E+02
 0.29349126911204E+02
 0.28416568297526E+02
 0.27539399888058E+02
 0.26713553284079E+02
 0.25935104213664E+02
 0.25200546294709E+02
 0.24506671248172E+02
 0.23850555633788E+02
 0.23229519588151E+02
 0.22641100781083E+02
 0.22083045019372E+02
 0.21553275635558E+02
 0.21049877520098E+02
 0.20571082664960E+02
 0.20115261042393E+02
 0.19680853337949E+02
 0.19266542860682E+02
 0.18870982566631E+02
 0.18492965359540E+02
 0.18131358335413E+02
 0.17785105668988E+02
 0.17453219482549E+02
 0.17134771337707E+02
 0.16828897396966E+02
 0.16534775224641E+02
 0.16251645105206E+02
 0.15978773976240E+02
 0.15715438719382E+02
 0.15461049805782E+02
 0.15214958434973E+02
 0.14976573085090E+02
 0.14745333104658E+02
 0.14520698918756E+02
 0.14302159926847E+02
 0.14089372879234E+02
 0.13881573362064E+02
 0.13678425323752E+02
 0.13479537631335E+02
 0.13284471894521E+02
 0.13092823336813E+02
 0.12904202155771E+02
 0.12718236170106E+02
 0.12534569007568E+02
 0.12352858636872E+02
 0.12172761053723E+02
 0.11993997587402E+02
 0.11816257799719E+02
 0.11639264704455E+02
 0.11462759861890E+02
 0.11286500468914E+02
 0.11110267435409E+02
 0.10933847351815E+02
 0.10757086271939E+02
 0.10579815980884E+02
 0.10401904712263E+02
 0.10223242765202E+02
 0.10043746416275E+02
 0.98633569555708E+01
 0.96820316045394E+01
 0.94997788138320E+01
 0.93166050932838E+01
 0.91325505944801E+01
 0.89476778596367E+01
 0.87620723966334E+01
 0.85758327021300E+01
 0.83890974067438E+01
 0.82020124620278E+01
 0.80147167651448E+01
 0.78273924545992E+01
 0.76402194191067E+01
 0.74534015192082E+01
 0.72671366356843E+01
 0.70816328378919E+01
 0.68971030622207E+01
 0.67137581823394E+01
 0.65318208989507E+01
 0.63515027679516E+01
 0.61730163791190E+01
 0.59965690742955E+01
 0.58223704250508E+01
 0.56506175928931E+01
 0.54815034396284E+01
 0.53152121935175E+01
 0.51519251728051E+01
 0.49918102434526E+01
 0.48350274180751E+01
 0.46817257191881E+01
 0.45320480169748E+01
 0.43861222056861E+01
 0.42440661603330E+01
 0.41059849067345E+01
 0.39719738012366E+01
 0.38421121583372E+01
 0.37164659885272E+01
 0.35950892892156E+01
 0.34780193148315E+01
 0.33652782359010E+01
 0.32568746214754E+01
 0.31528000779276E+01
 0.30530312265526E+01
 0.29575289575251E+01
 0.28662410735006E+01
 0.27790986602829E+01
 0.26960209007547E+01
 0.26169151580346E+01
 0.25416766933919E+01
 0.24701916421054E+01
 0.24023375274311E+01
 0.23379858208035E+01
 0.22770022481846E+01
 0.22192489201417E+01
 0.21645696448839E+01
 0.21128560118273E+01
 0.20639514519017E+01
 0.20177168914705E+01
 0.19740155628542E+01
 0.19327141159920E+01
 0.18936828275368E+01
 0.18567964078178E+01
 0.18219343615161E+01
 0.17889811394175E+01
 0.17578266036004E+01
 0.17283657674267E+01
 0.17004990403989E+01
 0.16741321305176E+01
 0.16491759422681E+01
 0.16255464307735E+01
 0.16031644757614E+01
 0.15819556606694E+01
 0.15618500857959E+01
 0.15427821486563E+01
 0.15246903432489E+01
 0.15075169046680E+01
 0.14912079671396E+01
 0.14757128934409E+01
 0.14609843349118E+01
 0.14469779533442E+01
 0.14336522674274E+01
 0.14209684501439E+01
 0.14088901520192E+01
 0.13973833347162E+01
 0.13864161170739E+01
 0.13759586655998E+01
 0.13659830114868E+01
 0.13564629518388E+01
 0.13473738918053E+01
 0.13386927865970E+01
 0.13303980170706E+01
 0.13224692890749E+01
 0.13148875314074E+01
 0.13076348512368E+01
 0.13006943971621E+01
 0.12940503360827E+01
 0.12876877869264E+01
 0.12815927344734E+01
 0.12757519764323E+01
 0.12701530630597E+01
 0.12647842659998E+01
 0.12596345213244E+01
 0.12546934027314E+01
 0.12499510514634E+01
 0.12453981569155E+01
 0.12410259320896E+01
 0.12368260500402E+01
 0.12327906528803E+01
 0.12289122845254E+01
 0.12251839022505E+01
 0.12215988266754E+01
 0.12181507286461E+01
 0.12148336036264E+01
 0.12116417590116E+01
 0.12085697942292E+01
 0.12056125813406E+01
 0.12027652401161E+01
 0.12000231436722E+01
 0.11973818934543E+01
 0.11948372936409E+01
 0.11923853642091E+01
 0.11900223148680E+01
 0.11877445322340E+01
 0.11855485741956E+01
 0.11834311641151E+01
 0.11813891747111E+01
 0.11794196259732E+01
 0.11775196718131E+01
 0.11756865976423E+01
 0.11739178120559E+01
 0.11722108386383E+01
 0.11705633108246E+01
 0.11689729674499E+01
 0.11674376474405E+01
 0.11659552829378E+01
 0.11645238977771E+01
 0.11631415962447E+01
 0.11618065649376E+01
 0.11605170703570E+01
 0.11592714485386E+01
 0.11580681051886E+01
 0.11569055153004E+01
 0.11557822136963E+01
 0.11546967960061E+01
 0.11536479153851E+01
 0.11526342791252E+01
 0.11516546455046E+01
 0.11507078237077E+01
 0.11497926699054E+01
 0.11489080867650E+01
 0.11480530149434E+01
 0.11472264417527E+01
 0.11464273909747E+01
 0.11456549239878E+01
 0.11449081399532E+01
