 0.92121790860073E+02
 0.92121790860027E+02
 0.92121790859548E+02
 0.92121790860743E+02
 0.92121790880881E+02
 0.92121790969858E+02
 0.92121791222144E+02
 0.92121791777010E+02
 0.92121792791779E+02
 0.92121794348156E+02
 0.92121796236996E+02
 0.92121797586021E+02
 0.92121796341470E+02
 0.92121788662425E+02
 0.92121837897866E+02
 0.92121795686413E+02
 0.92121796030660E+02
 0.92121752575248E+02
 0.92121732904214E+02
 0.92121643414142E+02
 0.92121566757823E+02
 0.92121402012317E+02
 0.92121246185189E+02
 0.92120981100639E+02
 0.92120715237494E+02
 0.92120316358033E+02
 0.92119900933199E+02
 0.92119330610318E+02
 0.92118724008608E+02
 0.92117943762190E+02
 0.92117105244250E+02
 0.92116079143928E+02
 0.92114910347661E+02
 0.92113662603408E+02
 0.92112202833168E+02
 0.92110577627423E+02
 0.92108785124468E+02
 0.92106889184111E+02
 0.92104750501290E+02
 0.92102424084016E+02
 0.92099906222947E+02
 0.92097191482501E+02
 0.92094345615227E+02
 0.92091226716234E+02
 0.92087892873260E+02
 0.92084339488249E+02
 0.92080560390030E+02
 0.92076548944907E+02
 0.92072298041402E+02
 0.92067872421596E+02
 0.92063123302242E+02
 0.92058108653603E+02
 0.92052819647151E+02
 0.92047245564031E+02
 0.92041374758328E+02
 0.92035194516570E+02
 0.92028691014354E+02
 0.92021849240302E+02
 0.92014724020254E+02
 0.92007158549229E+02
 0.91999201179013E+02
 0.91990832141015E+02
 0.91982029395754E+02
 0.91972769269644E+02
 0.91963026389091E+02
 0.91952773611977E+02
 0.91941981946448E+02
 0.91930620507303E+02
 0.91918656418930E+02
 0.91906054741101E+02
 0.91892778400074E+02
 0.91878788143568E+02
 0.91864042402711E+02
 0.91848571060357E+02
 0.91832182469759E+02
 0.91814898871198E+02
 0.91796669537677E+02
 0.91777440159381E+02
 0.91757153922908E+02
 0.91735751183447E+02
 0.91713169375565E+02
 0.91689342926070E+02
 0.91664203146117E+02
 0.91637678106527E+02
 0.91609692643976E+02
 0.91580151654297E+02
 0.91549003194474E+02
 0.91516147486754E+02
 0.91481494951600E+02
 0.91444952213747E+02
 0.91406498346842E+02
 0.91365881351412E+02
 0.91323069203466E+02
 0.91277952025883E+02
 0.91230415130334E+02
 0.91180339125659E+02
 0.91127599826290E+02
 0.91072067356197E+02
 0.91013606955680E+02
 0.90952078776709E+02
 0.90887337055659E+02
 0.90819230341556E+02
 0.90747600962625E+02
 0.90672360093085E+02
 0.90593191005447E+02
 0.90509988205948E+02
 0.90422568578494E+02
 0.90330741500710E+02
 0.90234309024409E+02
 0.90133065601964E+02
 0.90026799049320E+02
 0.89915286975221E+02
 0.89798301247282E+02
 0.89675603710370E+02
 0.89546948992699E+02
 0.89412158458384E+02
 0.89270821650050E+02
 0.89122739275238E+02
 0.88967631058725E+02
 0.88805207753758E+02
 0.88635172975239E+02
 0.88457219323879E+02
 0.88270999862117E+02
 0.88076252489168E+02
 0.87872689460466E+02
 0.87659834012750E+02
 0.87437408640520E+02
 0.87205062729949E+02
 0.86962440439861E+02
 0.86709180314368E+02
 0.86444916811796E+02
 0.86169281929096E+02
 0.85881972090232E+02
 0.85582488969053E+02
 0.85270526475254E+02
 0.84945717715392E+02
 0.84607698994948E+02
 0.84256114087244E+02
 0.83890610546858E+02
 0.83510905652381E+02
 0.83116550203916E+02
 0.82707279772649E+02
 0.82282784516975E+02
 0.81842770545938E+02
 0.81386957535010E+02
 0.80915080917677E+02
 0.80426947804357E+02
 0.79922223165974E+02
 0.79400747306468E+02
 0.78862327958282E+02
 0.78306792191999E+02
 0.77733985217345E+02
 0.77143817254197E+02
 0.76536081745024E+02
 0.75910690382775E+02
 0.75267633773470E+02
 0.74606820342584E+02
 0.73928251264391E+02
 0.73231831783447E+02
 0.72517604653438E+02
 0.71785589192399E+02
 0.71035839084985E+02
 0.70268465480410E+02
 0.69483506524288E+02
 0.68681134504113E+02
 0.67861519268395E+02
 0.67024901730953E+02
 0.66171485206339E+02
 0.65301599026486E+02
 0.64415597702378E+02
 0.63513921425820E+02
 0.62597012657997E+02
 0.61665449320472E+02
 0.60719865687424E+02
 0.59760996981045E+02
 0.58789620160883E+02
 0.57806657528477E+02
 0.56813112354248E+02
 0.55810104948177E+02
 0.54798819971419E+02
 0.53780580051252E+02
 0.52756803302613E+02
 0.51728973331127E+02
 0.50698685080190E+02
 0.49667600117182E+02
 0.48637419112895E+02
 0.47609907096817E+02
 0.46586843995091E+02
 0.45570012371725E+02
 0.44561188230124E+02
 0.43562055465694E+02
 0.42574298214159E+02
 0.41599488870412E+02
 0.40639108773820E+02
 0.39694524212787E+02
 0.38766974624446E+02
 0.37857558426146E+02
 0.36967239879522E+02
 0.36096836762254E+02
 0.35246786295289E+02
 0.34418075293351E+02
 0.33610878729768E+02
 0.32825463851080E+02
 0.32061979067530E+02
 0.31320459017156E+02
 0.30600841919937E+02
 0.29902974838137E+02
 0.29226627605689E+02
 0.28571498120330E+02
 0.27937229109133E+02
 0.27323412401269E+02
 0.26729599984154E+02
 0.26155310980732E+02
 0.25600039295510E+02
 0.25063259694740E+02
 0.24544433866217E+02
 0.24043015749294E+02
 0.23558455121197E+02
 0.23090202276508E+02
 0.22637709909608E+02
 0.22200441531078E+02
 0.21777854962500E+02
 0.21369432571074E+02
 0.20974662718725E+02
 0.20593046030840E+02
 0.20224097170958E+02
 0.19867344249401E+02
 0.19522330527694E+02
 0.19188614365712E+02
 0.18865767938629E+02
 0.18553379485095E+02
 0.18251051307450E+02
 0.17958400883627E+02
 0.17675060529303E+02
 0.17400675726861E+02
 0.17134906595255E+02
 0.16877426662360E+02
 0.16627922069045E+02
 0.16386092552082E+02
 0.16151648974286E+02
 0.15924313884542E+02
 0.15703822685861E+02
 0.15489921213264E+02
 0.15282365079592E+02
 0.15080921033382E+02
 0.14885364332899E+02
 0.14695480473451E+02
 0.14511063750862E+02
 0.14331916795051E+02
 0.14157850376491E+02
 0.13988683501140E+02
 0.13824242113432E+02
 0.13664359657817E+02
 0.13508876624991E+02
 0.13357639590420E+02
 0.13210501603643E+02
 0.13067321623786E+02
 0.12927964297303E+02
 0.12792299882035E+02
 0.12660203755685E+02
 0.12531556155779E+02
 0.12406242395839E+02
 0.12284152069418E+02
 0.12165179173887E+02
 0.12049221707193E+02
 0.11936181964687E+02
 0.11825965815651E+02
 0.11718482885598E+02
 0.11613646139042E+02
 0.11511371805499E+02
 0.11411579596234E+02
 0.11314191957761E+02
 0.11219134368679E+02
 0.11126335079852E+02
 0.11035724970102E+02
 0.10947237470724E+02
 0.10860808448699E+02
 0.10776376054360E+02
 0.10693880941742E+02
 0.10613265601784E+02
 0.10534474680900E+02
 0.10457454830457E+02
 0.10382154572109E+02
 0.10308524251312E+02
 0.10236515838506E+02
 0.10166083034169E+02
 0.10097181353605E+02
 0.10029767563014E+02
 0.99637999811334E+01
 0.98992383817274E+01
 0.98360438750732E+01
 0.97741788754336E+01
 0.97136070575965E+01
 0.96542931866557E+01
 0.95962035172910E+01
 0.95393050235118E+01
 0.94835660005994E+01
 0.94289556690972E+01
 0.93754442709514E+01
 0.93230029642861E+01
