 0.10000000133514E-09
 0.10000000133514E-09
 0.10000000133514E-09
 0.10000000133514E-09
 0.10000000133514E-09
 0.10000000133514E-09
 0.10000000133514E-09
 0.10000000133514E-09
 0.10000000133514E-09
 0.10000000133514E-09
 0.10000000133514E-09
 0.10000000133514E-09
 0.10000000133514E-09
 0.10000000133514E-09
 0.10000000133514E-09
 0.10000000133514E-09
 0.10000000133514E-09
 0.10000000133514E-09
 0.10000000133514E-09
 0.10000000133514E-09
 0.10000000133514E-09
 0.10000000133514E-09
 0.10000000133514E-09
 0.10000000133514E-09
 0.10000000133514E-09
 0.10000000133514E-09
 0.10000000133514E-09
 0.10000000133514E-09
 0.10000000133514E-09
 0.10000000133514E-09
 0.87558890086824E-04
 0.87558890086824E-04
 0.87558890086824E-04
 0.19232361709906E-03
 0.19232361709906E-03
 0.30233327950422E-03
 0.37228808761988E-03
 0.45354440920610E-03
 0.54711861055452E-03
 0.65403118060377E-03
 0.77530445085111E-03
 0.91195912535294E-03
 0.10650107316092E-02
 0.12354708250860E-02
 0.14243418015226E-02
 0.16326169291901E-02
 0.18612806442222E-02
 0.21113073678012E-02
 0.23836622341210E-02
 0.26792995545079E-02
 0.29991682896248E-02
 0.33442044265998E-02
 0.37153367550484E-02
 0.41134863665964E-02
 0.45395675779627E-02
 0.49944888596706E-02
 0.54791532399216E-02
 0.59944599498673E-02
 0.65413024291118E-02
 0.71205670218201E-02
 0.77331474673485E-02
 0.83799269795367E-02
 0.90617898263037E-02
 0.97796206365242E-02
 0.10534306105207E-01
 0.11326730905539E-01
 0.12157782602287E-01
 0.13028350652667E-01
 0.13939327009127E-01
 0.14891609064732E-01
 0.15886102325836E-01
 0.16923718059963E-01
 0.18005374112591E-01
 0.19131991939110E-01
 0.20304501621140E-01
 0.21523841653553E-01
 0.22790983434858E-01
 0.24106886338625E-01
 0.25472532330541E-01
 0.26888915814807E-01
 0.28357046097913E-01
 0.29877946985709E-01
 0.31452671243379E-01
 0.33082293062840E-01
 0.34767896280187E-01
 0.36514188836789E-01
 0.38315531631405E-01
 0.40176290811145E-01
 0.42097670186127E-01
 0.44080881249622E-01
 0.46127139805953E-01
 0.48237749677216E-01
 0.50414013121992E-01
 0.52657272440136E-01
 0.54968885402908E-01
 0.57350264412924E-01
 0.59802850510517E-01
 0.62328109363300E-01
 0.64927562904689E-01
 0.67602762618047E-01
 0.70355292696170E-01
 0.73186772235738E-01
 0.76098873081264E-01
 0.79093272027929E-01
 0.82171704772139E-01
 0.85335927425021E-01
 0.88587760748509E-01
 0.91929018838846E-01
 0.95361552202267E-01
 0.98887233757937E-01
 0.10250793616877E+00
 0.10622559991464E+00
 0.11004210740571E+00
 0.11395945263237E+00
 0.11797951563190E+00
 0.12210414612041E+00
 0.12633527102161E+00
 0.13067473062844E+00
 0.13512431072715E+00
 0.13968576873488E+00
 0.14436074448547E+00
 0.14915085384020E+00
 0.15405938374410E+00
 0.15908424049163E+00
 0.16422821387469E+00
 0.16949238830717E+00
 0.17487763513116E+00
 0.18038457254724E+00
 0.18601356701379E+00
 0.19176475808652E+00
 0.19763801125764E+00
 0.20363286520601E+00
 0.20974847941921E+00
 0.21598372050288E+00
 0.22233702384533E+00
 0.22880644578949E+00
 0.23538964061293E+00
 0.24208374639857E+00
 0.24888556433082E+00
 0.25579134845478E+00
 0.26279700729855E+00
 0.26989792892987E+00
 0.27708912871051E+00
 0.28436513831219E+00
 0.29172014768925E+00
 0.29914799369727E+00
 0.30664215219280E+00
 0.31419585135076E+00
 0.32180203406675E+00
 0.32945347763987E+00
 0.33714277587337E+00
 0.34486246729255E+00
 0.35260497352622E+00
 0.36036282486811E+00
 0.36812938321420E+00
 0.37589560880669E+00
 0.38365508196486E+00
 0.39140074765250E+00
 0.39912581030306E+00
 0.40682368281402E+00
 0.41448812707360E+00
 0.42211314324647E+00
 0.42969294067179E+00
 0.43722222510571E+00
 0.44469589035429E+00
 0.45210923348910E+00
 0.45945784374633E+00
 0.46673763103224E+00
 0.47394486661787E+00
 0.48107614242223E+00
 0.48812831016035E+00
 0.49509853052143E+00
 0.50198425086967E+00
 0.50878315717327E+00
 0.51549320852625E+00
 0.52211261779509E+00
 0.52863979207889E+00
 0.53507340209978E+00
 0.54141230455627E+00
 0.54765556660271E+00
 0.55380246995626E+00
 0.55985250628685E+00
 0.56580533282353E+00
 0.57166083409909E+00
 0.57741908707874E+00
 0.58308031776042E+00
 0.58864498634586E+00
 0.59411368129092E+00
 0.59948723997155E+00
 0.60476632642544E+00
 0.60995266053400E+00
 0.61504725884209E+00
 0.62005156275512E+00
 0.62496714059149E+00
 0.62979570605611E+00
 0.63453905996773E+00
 0.63919908764984E+00
 0.64377772851374E+00
 0.64827699234466E+00
 0.65269900649540E+00
 0.65704562461295E+00
 0.66131899561459E+00
 0.66552115735667E+00
 0.66965411677134E+00
 0.67371984921060E+00
 0.67772028730294E+00
 0.68165731442213E+00
 0.68553275257955E+00
 0.68934837109292E+00
 0.69310586535718E+00
 0.69680687349359E+00
 0.70045296605453E+00
 0.70404565090814E+00
 0.70758636804773E+00
 0.71107649480735E+00
 0.71451735153544E+00
 0.71791019586571E+00
 0.72125622664718E+00
 0.72455659026188E+00
 0.72781238350880E+00
 0.73102454562777E+00
 0.73419431143290E+00
 0.73732250735973E+00
 0.74041004928304E+00
 0.74345781566705E+00
 0.74646664235802E+00
 0.74943734562520E+00
 0.75237069602282E+00
 0.75526743062218E+00
 0.75812826506753E+00
 0.76095389367962E+00
 0.76374498287060E+00
 0.76650216655802E+00
 0.76922606374001E+00
 0.77191727429044E+00
 0.77457637513147E+00
 0.77720392607140E+00
 0.77980046859728E+00
 0.78236652933450E+00
 0.78490262012335E+00
 0.78740923562472E+00
 0.78988686026622E+00
 0.79233596131333E+00
 0.79475699519650E+00
 0.79715040692691E+00
 0.79951663105240E+00
 0.80185608905297E+00
 0.80416919481527E+00
 0.80645635166425E+00
 0.80871795197652E+00
 0.81095438282805E+00
 0.81316601726070E+00
 0.81535322461112E+00
 0.81751636280529E+00
 0.81965578644203E+00
 0.82177183944493E+00
 0.82386486065445E+00
 0.82593518150867E+00
 0.82798312407881E+00
 0.83000900849497E+00
 0.83201314710245E+00
 0.83399584357465E+00
 0.83595739936478E+00
 0.83789811191239E+00
 0.83981826652095E+00
 0.84171814756199E+00
 0.84359803588038E+00
 0.84545820399461E+00
 0.84729891960239E+00
 0.84912044843196E+00
 0.85092304993804E+00
 0.85270697984386E+00
 0.85447248725166E+00
 0.85621981881495E+00
 0.85794921712891E+00
 0.85966092035267E+00
 0.86135516268647E+00
 0.86303217364114E+00
 0.86469217992689E+00
 0.86633540451019E+00
 0.86796206818649E+00
 0.86957238407644E+00
 0.87116656379950E+00
 0.87274481684489E+00
 0.87430734922400E+00
 0.87585436209194E+00
 0.87738605445242E+00
 0.87890262179393E+00
 0.88040425698694E+00
 0.88189114939048E+00
 0.88336348559901E+00
 0.88482144875625E+00
 0.88626522029641E+00
 0.88769497898675E+00
 0.88911089920828E+00
 0.89051315348072E+00
 0.89190191193858E+00
 0.89327734204395E+00
 0.89463960842246E+00
 0.89598887457291E+00
