 0.29888252761923E+03
 0.29888252758951E+03
 0.29888252726087E+03
 0.29888252586063E+03
 0.29888252207146E+03
 0.29888251411540E+03
 0.29888249981679E+03
 0.29888247659620E+03
 0.29888244133813E+03
 0.29888238997211E+03
 0.29888231655110E+03
 0.29888221170523E+03
 0.29888206055209E+03
 0.29888184032925E+03
 0.29888143835794E+03
 0.29888096903733E+03
 0.29888020594914E+03
 0.29887915694647E+03
 0.29887763502084E+03
 0.29887562042991E+03
 0.29887287467406E+03
 0.29886935570156E+03
 0.29886478088823E+03
 0.29885910573391E+03
 0.29885201546544E+03
 0.29884346921701E+03
 0.29883313355831E+03
 0.29882097212553E+03
 0.29880664794266E+03
 0.29879012882073E+03
 0.29877108929557E+03
 0.29874950262802E+03
 0.29872514057633E+03
 0.29869775742916E+03
 0.29866736521031E+03
 0.29863375747145E+03
 0.29859680818763E+03
 0.29855631325135E+03
 0.29851233917645E+03
 0.29846471886180E+03
 0.29841337061857E+03
 0.29835822610066E+03
 0.29829913310061E+03
 0.29823622435696E+03
 0.29816937841019E+03
 0.29809856416575E+03
 0.29802376138624E+03
 0.29794495726212E+03
 0.29786214589344E+03
 0.29777522559390E+03
 0.29768439899132E+03
 0.29758958288100E+03
 0.29749079007442E+03
 0.29738803804645E+03
 0.29728134687677E+03
 0.29717073841744E+03
 0.29705623568913E+03
 0.29693786224741E+03
 0.29681553537682E+03
 0.29668948527534E+03
 0.29655963350402E+03
 0.29642599888801E+03
 0.29628859908910E+03
 0.29614744907327E+03
 0.29600256064490E+03
 0.29585394202324E+03
 0.29570159742241E+03
 0.29554552669121E+03
 0.29538572491770E+03
 0.29522218207400E+03
 0.29505488267331E+03
 0.29488380546414E+03
 0.29470892307826E+03
 0.29453008621948E+03
 0.29434748193984E+03
 0.29416095170552E+03
 0.29397044016829E+03
 0.29377588487645E+03
 0.29357721576444E+03
 0.29337435467347E+03
 0.29316721506415E+03
 0.29295570172732E+03
 0.29273971051353E+03
 0.29251912795329E+03
 0.29229383115641E+03
 0.29206365716922E+03
 0.29182851784283E+03
 0.29158823449831E+03
 0.29134264267834E+03
 0.29109156696472E+03
 0.29083470273797E+03
 0.29057208361364E+03
 0.29030338416705E+03
 0.29002837994465E+03
 0.28974683413001E+03
 0.28945849627111E+03
 0.28916310215676E+03
 0.28886037209242E+03
 0.28855001180353E+03
 0.28823171181431E+03
 0.28790514630624E+03
 0.28756997276639E+03
 0.28722583117986E+03
 0.28687223321719E+03
 0.28650900187536E+03
 0.28613561307981E+03
 0.28575163095056E+03
 0.28535659981280E+03
 0.28495004242203E+03
 0.28453145931153E+03
 0.28410033016576E+03
 0.28365610769026E+03
 0.28319822385111E+03
 0.28272608266464E+03
 0.28223906515363E+03
 0.28173642266917E+03
 0.28121768826141E+03
 0.28068206096897E+03
 0.28012881375144E+03
 0.27955719126792E+03
 0.27896641265548E+03
 0.27835566439453E+03
 0.27772403447065E+03
 0.27707078976712E+03
 0.27639487925646E+03
 0.27569556406112E+03
 0.27497180234537E+03
 0.27422261991977E+03
 0.27344701946185E+03
 0.27264397932669E+03
 0.27181245644878E+03
 0.27095139005436E+03
 0.27005962138931E+03
 0.26913622390702E+03
 0.26818001678538E+03
 0.26718989204468E+03
 0.26616473714477E+03
 0.26510344520262E+03
 0.26400490621590E+03
 0.26286795160033E+03
 0.26169163645053E+03
 0.26047482205956E+03
 0.25921645714537E+03
 0.25791551991336E+03
 0.25657101330087E+03
 0.25518197101361E+03
 0.25374740123791E+03
 0.25226653817812E+03
 0.25073846839987E+03
 0.24916238591259E+03
 0.24753753235655E+03
 0.24586319495540E+03
 0.24413865752161E+03
 0.24236341693069E+03
 0.24053677822093E+03
 0.23865841409528E+03
 0.23672780191936E+03
 0.23474452127290E+03
 0.23270835390320E+03
 0.23061902022665E+03
 0.22847634426638E+03
 0.22628025267123E+03
 0.22403072877238E+03
 0.22172795445577E+03
 0.21937212529431E+03
 0.21696358182163E+03
 0.21450278008428E+03
 0.21199041909875E+03
 0.20942726122015E+03
 0.20681427645633E+03
 0.20415261743764E+03
 0.20144372965250E+03
 0.19868921554142E+03
 0.19589095480592E+03
 0.19305106935848E+03
 0.19017204005111E+03
 0.18725657596103E+03
 0.18430771044668E+03
 0.18132877366201E+03
 0.17832346812335E+03
 0.17529573656950E+03
 0.17224981639653E+03
 0.16919027308613E+03
 0.16612185897763E+03
 0.16304952802735E+03
 0.15997844806271E+03
 0.15691384940766E+03
 0.15386103649117E+03
 0.15082527888842E+03
 0.14781188450252E+03
 0.14482580564970E+03
 0.14187197913674E+03
 0.13895506326635E+03
 0.13607937789069E+03
 0.13324891357185E+03
 0.13046726932735E+03
 0.12773766735713E+03
 0.12506289136492E+03
 0.12244530008657E+03
 0.11988607588388E+03
 0.11738826234694E+03
 0.11495226988963E+03
 0.11257887424880E+03
 0.11026850437883E+03
 0.10802128562489E+03
 0.10583704753296E+03
 0.10371536904195E+03
 0.10165560856755E+03
 0.99656924433845E+02
 0.97718322369198E+02
 0.95838659001272E+02
 0.94016680921069E+02
 0.92251043354339E+02
 0.90540330829558E+02
 0.88883073855734E+02
 0.87277766800326E+02
 0.85722880866617E+02
 0.84216876998929E+02
 0.82758215221468E+02
 0.81345364627340E+02
 0.79976817592819E+02
 0.78651055063510E+02
 0.77366625234763E+02
 0.76122092047890E+02
 0.74916052156566E+02
 0.73747141390449E+02
 0.72614031895261E+02
 0.71515437356941E+02
 0.70450111987305E+02
 0.69416849355400E+02
 0.68414485636354E+02
 0.67441896789213E+02
 0.66498001399686E+02
 0.65581754268337E+02
 0.64692150989752E+02
 0.63828226087019E+02
 0.62989050946236E+02
 0.62173731988660E+02
 0.61381412685131E+02
 0.60611267185846E+02
 0.59862504076718E+02
 0.59134364412322E+02
 0.58426119526962E+02
 0.57737069455155E+02
 0.57066541326890E+02
 0.56413889979937E+02
 0.55778496352720E+02
 0.55159767261670E+02
 0.54557131963446E+02
 0.53970043013359E+02
 0.53397975517166E+02
 0.52840424459234E+02
 0.52296906188969E+02
 0.51766954805281E+02
 0.51250123953745E+02
 0.50745984573471E+02
 0.50254124271427E+02
 0.49774146507332E+02
 0.49305670965434E+02
 0.48848331598464E+02
 0.48401776686033E+02
 0.47965667414526E+02
 0.47539678528185E+02
 0.47123496890653E+02
 0.46716820862707E+02
 0.46319360830817E+02
 0.45930837546550E+02
 0.45550982195567E+02
 0.45179535906892E+02
 0.44816249307281E+02
 0.44460881992231E+02
 0.44113202457494E+02
 0.43772987569951E+02
 0.43440022127055E+02
 0.43114098627854E+02
 0.42795016824251E+02
 0.42482583459301E+02
 0.42176612255562E+02
 0.41876923356539E+02
 0.41583343009646E+02
 0.41295703459346E+02
 0.41013842795987E+02
 0.40737604468928E+02
 0.40466837376100E+02
 0.40201395080023E+02
 0.39941136289240E+02
 0.39685924606710E+02
 0.39435627804594E+02
 0.39190118001626E+02
 0.38949271598251E+02
 0.38712968915835E+02
 0.38481094087714E+02
 0.38253534928393E+02
 0.38030182753115E+02
 0.37810932751077E+02
 0.37595682619375E+02
 0.37384333893955E+02
 0.37176790817841E+02
 0.36972960631567E+02
 0.36772753429255E+02
