 0.44023161947786E+03
 0.44023161947869E+03
 0.44023161950705E+03
 0.44023161975101E+03
 0.44023162079890E+03
 0.44023162381506E+03
 0.44023163045281E+03
 0.44023164151152E+03
 0.44023165083699E+03
 0.44023162877153E+03
 0.44023149173205E+03
 0.44023106107179E+03
 0.44023002024568E+03
 0.44022788061091E+03
 0.44022379062868E+03
 0.44021722674310E+03
 0.44020678450213E+03
 0.44019145560158E+03
 0.44016973776348E+03
 0.44014045906764E+03
 0.44010198176106E+03
 0.44005313512924E+03
 0.43999230079917E+03
 0.43991846868023E+03
 0.43983015844682E+03
 0.43972660101862E+03
 0.43960652849790E+03
 0.43946943811609E+03
 0.43931431369338E+03
 0.43914090982840E+03
 0.43894847323906E+03
 0.43873698936535E+03
 0.43850611410533E+03
 0.43825555610717E+03
 0.43798563485766E+03
 0.43769628033390E+03
 0.43738764630572E+03
 0.43705977474227E+03
 0.43671329197391E+03
 0.43634838061489E+03
 0.43596541826378E+03
 0.43556482467814E+03
 0.43514686652724E+03
 0.43471237147889E+03
 0.43426166804402E+03
 0.43379526543619E+03
 0.43331368043848E+03
 0.43281743757444E+03
 0.43230706351090E+03
 0.43178289524635E+03
 0.43124582079376E+03
 0.43069618162201E+03
 0.43013448270181E+03
 0.42956122188014E+03
 0.42897688595074E+03
 0.42838194884106E+03
 0.42777687079291E+03
 0.42716209750288E+03
 0.42653787406372E+03
 0.42590497822431E+03
 0.42526363267884E+03
 0.42461421746526E+03
 0.42395709772609E+03
 0.42329262171666E+03
 0.42262112070248E+03
 0.42194290892382E+03
 0.42125828365613E+03
 0.42056752525697E+03
 0.41987089722884E+03
 0.41916864633592E+03
 0.41846100273385E+03
 0.41774818020436E+03
 0.41703037619019E+03
 0.41630758450702E+03
 0.41558034018164E+03
 0.41484861189306E+03
 0.41411253384552E+03
 0.41337222222715E+03
 0.41262777996650E+03
 0.41187929470891E+03
 0.41112683890955E+03
 0.41037046997152E+03
 0.40961023032574E+03
 0.40884614715312E+03
 0.40807823317747E+03
 0.40730645037370E+03
 0.40653084652920E+03
 0.40575136010060E+03
 0.40496794413165E+03
 0.40418053692793E+03
 0.40338887949245E+03
 0.40259324074871E+03
 0.40179333669999E+03
 0.40098904447162E+03
 0.40018022683711E+03
 0.39936673257471E+03
 0.39854839615776E+03
 0.39772502857416E+03
 0.39689642811623E+03
 0.39606237982188E+03
 0.39522265097162E+03
 0.39437699109158E+03
 0.39352513273234E+03
 0.39266662256545E+03
 0.39180149897037E+03
 0.39092926636676E+03
 0.39004958703305E+03
 0.38916210391367E+03
 0.38826644045024E+03
 0.38736220038454E+03
 0.38644897743489E+03
 0.38552631940961E+03
 0.38459377247711E+03
 0.38365086893828E+03
 0.38269709960455E+03
 0.38173179908489E+03
 0.38075473161041E+03
 0.37976518278844E+03
 0.37876256839608E+03
 0.37774628527270E+03
 0.37671572004215E+03
 0.37567022149516E+03
 0.37460905441343E+03
 0.37353167035438E+03
 0.37243716650714E+03
 0.37132510641711E+03
 0.37019461945107E+03
 0.36904496161628E+03
 0.36787537884250E+03
 0.36668510581602E+03
 0.36547337047719E+03
 0.36423939874855E+03
 0.36298229093702E+03
 0.36170152430993E+03
 0.36039621255082E+03
 0.35906560275912E+03
 0.35770895717965E+03
 0.35632556535337E+03
 0.35491473259284E+03
 0.35347569248729E+03
 0.35200803919870E+03
 0.35051108789930E+03
 0.34898430618969E+03
 0.34742722031763E+03
 0.34583941333434E+03
 0.34422053315055E+03
 0.34257021328196E+03
 0.34088843915046E+03
 0.33917500047516E+03
 0.33742988239473E+03
 0.33565316835379E+03
 0.33384505727516E+03
 0.33200575864732E+03
 0.33013588032752E+03
 0.32823583553006E+03
 0.32630649569553E+03
 0.32434866939936E+03
 0.32236334942665E+03
 0.32035192655190E+03
 0.31831580756111E+03
 0.31625666496801E+03
 0.31417646647985E+03
 0.31207736239824E+03
 0.30996201709576E+03
 0.30783321668210E+03
 0.30569416539894E+03
 0.30354840485900E+03
 0.30140002872928E+03
 0.29925340543538E+03
 0.29711340418772E+03
 0.29498531962033E+03
 0.29287504899969E+03
 0.29078885027896E+03
 0.28873348723709E+03
 0.28671614437933E+03
 0.28474455775212E+03
 0.28282673064573E+03
 0.28097103306870E+03
 0.27918605987198E+03
 0.27748068928323E+03
 0.27586375783151E+03
 0.27434406795910E+03
 0.27293035678794E+03
 0.27163097206214E+03
 0.27045383859629E+03
 0.26940641944458E+03
 0.26849540640312E+03
 0.26772673885604E+03
 0.26710544134360E+03
 0.26663563973647E+03
 0.26632036773063E+03
 0.26616162308866E+03
 0.26616039673784E+03
 0.26631658634985E+03
 0.26662910402469E+03
 0.26709591187046E+03
 0.26771414758942E+03
 0.26848012747953E+03
 0.26938949069479E+03
 0.27043657214522E+03
 0.27161744496178E+03
 0.27292557854195E+03
 0.27435489198946E+03
 0.27589909711938E+03
 0.27755181260865E+03
 0.27930658194904E+03
 0.28115697539856E+03
 0.28309662186413E+03
 0.28511928559407E+03
 0.28721885987857E+03
 0.28938942670755E+03
 0.29162526545384E+03
 0.29392087649186E+03
 0.29627098991326E+03
 0.29867057327118E+03
 0.30111483540706E+03
 0.30359922060697E+03
 0.30611941787903E+03
 0.30867134213758E+03
 0.31125114403052E+03
 0.31385515831289E+03
 0.31648002663891E+03
 0.31912249945326E+03
 0.32177955810465E+03
 0.32444837127404E+03
 0.32712628236215E+03
 0.32981080764240E+03
 0.33249961828629E+03
 0.33519053146726E+03
 0.33788152169811E+03
 0.34057068376719E+03
 0.34325625083893E+03
 0.34593657058499E+03
 0.34861009649797E+03
 0.35127540175743E+03
 0.35393115018619E+03
 0.35657609980219E+03
 0.35920910311091E+03
 0.36182908322423E+03
 0.36443505460744E+03
 0.36702611492613E+03
 0.36960140099354E+03
 0.37216012591623E+03
 0.37470157652970E+03
 0.37722507954987E+03
 0.37973003734341E+03
 0.38221588470584E+03
 0.38468211098819E+03
 0.38712825095754E+03
 0.38955388453261E+03
 0.39195862363030E+03
 0.39434212804258E+03
 0.39670408608622E+03
 0.39904421763176E+03
 0.40136228152596E+03
 0.40365806228867E+03
 0.40593137369061E+03
 0.40818205537232E+03
 0.41040997070710E+03
 0.41261500720998E+03
 0.41479707582620E+03
 0.41695610598071E+03
 0.41909204749861E+03
 0.42120486942972E+03
 0.42329456161351E+03
 0.42536112273348E+03
 0.42740457210246E+03
 0.42942493927770E+03
 0.43142227206819E+03
 0.43339662952751E+03
 0.43534808148732E+03
 0.43727671012100E+03
 0.43918260715442E+03
 0.44106587402725E+03
 0.44292662295170E+03
 0.44476497405699E+03
 0.44658105533048E+03
 0.44837500198795E+03
 0.45014695633585E+03
 0.45189706772188E+03
 0.45362549142631E+03
 0.45533238756245E+03
 0.45701792130650E+03
 0.45868226311786E+03
 0.46032559042928E+03
 0.46194807967086E+03
 0.46354991450695E+03
 0.46513128069868E+03
 0.46669236773388E+03
 0.46823336677750E+03
 0.46975447211011E+03
 0.47125588000352E+03
 0.47273778829962E+03
 0.47420039781183E+03
 0.47564391018110E+03
 0.47706852974210E+03
 0.47847445822418E+03
 0.47986190119785E+03
 0.48123106374790E+03
 0.48258215368907E+03
