 0.00000000000000E+00
 0.00000000000000E+00
 0.00000000000000E+00
 0.00000000000000E+00
 0.10949492372892E-25
 0.23236046150587E-21
 0.28622750855516E-18
 0.59514626112946E-16
 0.37795926762879E-14
 0.10464120441231E-12
 0.15839178496663E-11
 0.15243758498320E-10
 0.10355401711453E-09
 0.53502754670166E-09
 0.22207314217174E-08
 0.77152991825688E-08
 0.23151908750319E-07
 0.61489606917457E-07
 0.14735782997484E-06
 0.32359233293067E-06
 0.65932957709324E-06
 0.12592780555646E-05
 0.22736520609545E-05
 0.39080710355500E-05
 0.64328875136076E-05
 0.10191161056117E-04
 0.15605152016456E-04
 0.23180462756452E-04
 0.33508513257160E-04
 0.47266052424902E-04
 0.65213615131779E-04
 0.88190602202826E-04
 0.11711032668631E-03
 0.15295280867403E-03
 0.19675523447556E-03
 0.24960477578026E-03
 0.31262796584097E-03
 0.38698209097731E-03
 0.47384206056897E-03
 0.57439540955565E-03
 0.68983028012748E-03
 0.82132723016260E-03
 0.97005317744799E-03
 0.11371458446290E-02
 0.13237180704714E-02
 0.15308447274523E-02
 0.17595587669963E-02
 0.20108465415311E-02
 0.22856437542879E-02
 0.25848373448686E-02
 0.29092426698759E-02
 0.32596301265325E-02
 0.36367054282787E-02
 0.40411127576695E-02
 0.44734342900427E-02
 0.49341901036791E-02
 0.54238384790627E-02
 0.59427765643567E-02
 0.64913529736548E-02
 0.70698240357289E-02
 0.76784207252192E-02
 0.83173083810856E-02
 0.89865985808365E-02
 0.96863513564683E-02
 0.10416577431548E-01
 0.11177240565847E-01
 0.11968259990497E-01
 0.12789512903618E-01
 0.13640837023471E-01
 0.14522033170012E-01
 0.15432867863820E-01
 0.16373075923084E-01
 0.17342363064093E-01
 0.18340436577839E-01
 0.19366897486438E-01
 0.20421405407903E-01
 0.21503575181671E-01
 0.22613004941870E-01
 0.23749278522649E-01
 0.24911967809679E-01
 0.26100634981935E-01
 0.27314834690068E-01
 0.28554116162536E-01
 0.29818025280519E-01
 0.31106106490613E-01
 0.32417915776159E-01
 0.33752980857393E-01
 0.35110862196341E-01
 0.36491117250880E-01
 0.37893310928670E-01
 0.39317066104785E-01
 0.40761872189379E-01
 0.42227372319674E-01
 0.43713177208924E-01
 0.45218912238163E-01
 0.46744219151958E-01
 0.48288757208527E-01
 0.49852205037003E-01
 0.51434261226853E-01
 0.53034645561598E-01
 0.54653100486842E-01
 0.56289392165791E-01
 0.57943311732701E-01
 0.59614735827627E-01
 0.61303391383029E-01
 0.63009208260725E-01
 0.64732088353933E-01
 0.66471963500506E-01
 0.68228797152187E-01
 0.70002585425103E-01
 0.71793356922428E-01
 0.73601177012996E-01
 0.75426144745801E-01
 0.77268397824728E-01
 0.79128110198121E-01
 0.81005561012550E-01
 0.82900872062177E-01
 0.84814401001181E-01
 0.86746482648318E-01
 0.88697494361329E-01
 0.90667854728693E-01
 0.92658028947540E-01
 0.94668575424436E-01
 0.96699953594563E-01
 0.98752870304951E-01
 0.10082783796873E+00
 0.10292560948291E+00
 0.10504691687005E+00
 0.10719253557380E+00
 0.10936328570606E+00
 0.11156003026065E+00
 0.11378367259042E+00
 0.11603521850347E+00
 0.11831552233944E+00
 0.12062566035364E+00
 0.12296668013933E+00
 0.12533965952202E+00
 0.12774569808546E+00
 0.13018592373676E+00
 0.13266153802719E+00
 0.13517358387203E+00
 0.13772328624530E+00
 0.14031182156618E+00
 0.14294036343621E+00
 0.14561008523808E+00
 0.14832215357874E+00
 0.15107777581638E+00
 0.15387797920054E+00
 0.15672393355778E+00
 0.15961672795459E+00
 0.16255742008424E+00
 0.16554703571038E+00
 0.16858661115506E+00
 0.17167699274036E+00
 0.17481920501478E+00
 0.17801393204381E+00
 0.18126203524985E+00
 0.18456427609848E+00
 0.18792121539978E+00
 0.19133345970769E+00
 0.19480150174515E+00
 0.19832571649680E+00
 0.20190640180752E+00
 0.20554363396804E+00
 0.20923744495617E+00
 0.21298768837644E+00
 0.21679406337130E+00
 0.22065597931573E+00
 0.22457273192393E+00
 0.22854335100779E+00
 0.23256661946412E+00
 0.23664095163551E+00
 0.24076452801333E+00
 0.24493516347838E+00
 0.24915033778823E+00
 0.25340706507230E+00
 0.25770202761466E+00
 0.26203146899833E+00
 0.26639122006925E+00
 0.27077661413064E+00
 0.27518263018162E+00
 0.27960383519123E+00
 0.28403434959295E+00
 0.28846800832814E+00
 0.29289835236902E+00
 0.29731862387284E+00
 0.30172194658851E+00
 0.30610132611381E+00
 0.31044978689116E+00
 0.31476030440658E+00
 0.31902626737789E+00
 0.32324110811372E+00
 0.32739861561207E+00
 0.33149301821754E+00
 0.33551898577820E+00
 0.33947171130687E+00
 0.34334690259316E+00
 0.34714085892658E+00
 0.35085045951661E+00
 0.35447402479598E+00
 0.35800784010779E+00
 0.36145129676763E+00
 0.36480345647661E+00
 0.36806386111766E+00
 0.37123247723246E+00
 0.37430968014633E+00
 0.37729619502014E+00
 0.38019305499732E+00
 0.38300157030888E+00
 0.38572326693501E+00
 0.38835987543670E+00
 0.39091327996074E+00
 0.39338549084888E+00
 0.39577861553990E+00
 0.39809483453058E+00
 0.40033637658501E+00
 0.40250550000557E+00
 0.40460447453806E+00
 0.40663556776315E+00
 0.40860103125819E+00
 0.41050308262110E+00
 0.41234394146616E+00
 0.41412574157370E+00
 0.41585058610908E+00
 0.41752052796735E+00
 0.41913756199024E+00
 0.42070362751443E+00
 0.42222060237171E+00
 0.42369030380274E+00
 0.42511448964448E+00
 0.42649485493129E+00
 0.42783303507847E+00
 0.42913060313880E+00
 0.43038907689982E+00
 0.43160991443493E+00
 0.43279451652328E+00
 0.43394422928957E+00
 0.43506034659949E+00
 0.43614410850138E+00
 0.43719670834469E+00
 0.43821928944169E+00
 0.43921294766424E+00
 0.44017873424362E+00
 0.44111765792421E+00
 0.44203068712302E+00
 0.44291874984293E+00
 0.44378273582797E+00
 0.44462349731313E+00
 0.44544185296552E+00
 0.44623858750920E+00
 0.44701445295485E+00
 0.44777017170351E+00
 0.44850643552906E+00
 0.44922390956341E+00
 0.44992323095125E+00
 0.45060501145950E+00
 0.45126983846996E+00
 0.45191827613935E+00
 0.45255086540530E+00
 0.45316812621670E+00
 0.45377055780820E+00
 0.45435864037250E+00
 0.45493283474819E+00
 0.45549358408126E+00
 0.45604131469050E+00
 0.45657643584424E+00
 0.45709934157936E+00
 0.45761041088247E+00
 0.45811000838618E+00
 0.45859848501133E+00
 0.45907617867403E+00
 0.45954341455907E+00
 0.46000050580847E+00
 0.46044775411667E+00
 0.46088545012353E+00
 0.46131387399823E+00
 0.46173329584437E+00
 0.46214397587403E+00
 0.46254616506660E+00
 0.46294010560035E+00
 0.46332603108992E+00
 0.46370416685877E+00
 0.46407473050171E+00
 0.46443793193170E+00
 0.46479397418874E+00
 0.46514305313204E+00
 0.46548535777444E+00
 0.46582107101968E+00
 0.46615036960802E+00
 0.46647342427116E+00
 0.46679040013755E+00
 0.46710145691522E+00
 0.46740674908979E+00
 0.46770642616086E+00
 0.46800063240669E+00
 0.46828950811681E+00
 0.46857318853929E+00
 0.46885180490697E+00
 0.46912548425910E+00
 0.46939434962727E+00
