                  NaN
                  NaN
                  NaN
                  NaN
 0.83408831098647E+42
 0.18521473945404E+34
 0.12206109599345E+28
 0.28232711263750E+23
 0.70001929074352E+19
 0.91326023141272E+16
 0.39859761862287E+14
 0.43034413276598E+12
 0.93253706835893E+10
 0.34933952164946E+09
 0.20277198475153E+08
 0.16799436745533E+07
 0.18656438013544E+06
 0.26449227522652E+05
 0.46062538154455E+04
 0.95600041361583E+03
 0.23103551369234E+03
 0.64060402025473E+02
 0.20344254437378E+02
 0.75474939761640E+01
 0.34165071869671E+01
 0.19628367886609E+01
 0.14106425974832E+01
 0.11861040405529E+01
 0.10890614347730E+01
 0.10447611607509E+01
 0.20589451623444E+05
 0.11258854151760E+05
 0.63852493872365E+04
 0.82218676631878E+04
 0.49689814079627E+04
 0.48536620634652E+04
 0.38101080850374E+04
 0.30295712132270E+04
 0.24377660519153E+04
 0.19833297517276E+04
 0.16302467548759E+04
 0.13528909445801E+04
 0.11327777203393E+04
 0.95642754699341E+03
 0.81386794541551E+03
 0.69765494049793E+03
 0.60217190299742E+03
 0.52313918363055E+03
 0.45726611635806E+03
 0.40199858344023E+03
 0.35534458123792E+03
 0.31572932915261E+03
 0.28190430497857E+03
 0.25287154873567E+03
 0.22782810069796E+03
 0.20612383872171E+03
 0.18722921984737E+03
 0.17071048572433E+03
 0.15620977615542E+03
 0.14343236119415E+03
 0.13213170849944E+03
 0.12210204878759E+03
 0.11317065163780E+03
 0.10519185878959E+03
 0.98042336159914E+02
 0.91617192162045E+02
 0.85826917662626E+02
 0.80594835655908E+02
 0.75855030046329E+02
 0.71550654363467E+02
 0.67632529039970E+02
 0.64057957653969E+02
 0.60789760238598E+02
 0.57795280650334E+02
 0.55046429875132E+02
 0.52518050786882E+02
 0.50188200852607E+02
 0.48037454831419E+02
 0.46048645079388E+02
 0.44206540142521E+02
 0.42497597693537E+02
 0.40909748122515E+02
 0.39432227561403E+02
 0.38055403416623E+02
 0.36770624143219E+02
 0.35573490635563E+02
 0.34450366239380E+02
 0.33398207682018E+02
 0.32411325038511E+02
 0.31484550120502E+02
 0.30613105722830E+02
 0.29792904629551E+02
 0.29019993666994E+02
 0.28290839872396E+02
 0.27602207077809E+02
 0.26951143957854E+02
 0.26334941721776E+02
 0.25751107894679E+02
 0.25197357855615E+02
 0.24671583298066E+02
 0.24171836320796E+02
 0.23696315004259E+02
 0.23243354673124E+02
 0.22811357076604E+02
 0.22398973000243E+02
 0.22004814296343E+02
 0.21627634448382E+02
 0.21266259039210E+02
 0.20919589576952E+02
 0.20586594124979E+02
 0.20266298534702E+02
 0.19957792694113E+02
 0.19660205530846E+02
 0.19372728916379E+02
 0.19094578515223E+02
 0.18824976581378E+02
 0.18563285290201E+02
 0.18308799736911E+02
 0.18060873405181E+02
 0.17818890313338E+02
 0.17582254716788E+02
 0.17350400182381E+02
 0.17122940351806E+02
 0.16899029371063E+02
 0.16678286938324E+02
 0.16460272037043E+02
 0.16244492662703E+02
 0.16030494070968E+02
 0.15817839193939E+02
 0.15606112076550E+02
 0.15394916547803E+02
 0.15183875324529E+02
 0.14972612934011E+02
 0.14760829682121E+02
 0.14548196498434E+02
 0.14334426649059E+02
 0.14119260070280E+02
 0.13902461090962E+02
 0.13683827155167E+02
 0.13463170181289E+02
 0.13240375197026E+02
 0.13015320332161E+02
 0.12787932064064E+02
 0.12558169976677E+02
 0.12326030406266E+02
 0.12091545273155E+02
 0.11854771888460E+02
 0.11615830882328E+02
 0.11374847443838E+02
 0.11131989314196E+02
 0.10887453875171E+02
 0.10641467406357E+02
 0.10394273699930E+02
 0.10146161873466E+02
 0.98974254118772E+01
 0.96483636584061E+01
 0.93993082156593E+01
 0.91505903192961E+01
 0.89025638462642E+01
 0.86555720572994E+01
 0.84099638646592E+01
 0.81660880140135E+01
 0.79242851345345E+01
 0.76849007952690E+01
 0.74482617675103E+01
 0.72146877693987E+01
 0.69844849648179E+01
 0.67579536680904E+01
 0.65353721195643E+01
 0.63170053872829E+01
 0.61031009395178E+01
 0.58938945048288E+01
 0.56895988958248E+01
 0.54904103184633E+01
 0.52965049477482E+01
 0.51080442792709E+01
 0.49251661927250E+01
 0.47479900953811E+01
 0.45766145096843E+01
 0.44111205443168E+01
 0.42515655151568E+01
 0.40979861986267E+01
 0.39504007110421E+01
 0.38088038189666E+01
 0.36731693054273E+01
 0.35434521593799E+01
 0.34195854310864E+01
 0.33014832515140E+01
 0.31890403437825E+01
 0.30821366792447E+01
 0.29806307840496E+01
 0.28843707089053E+01
 0.27931912644295E+01
 0.27069153728298E+01
 0.26253575758013E+01
 0.25483252940126E+01
 0.24756218314574E+01
 0.24070472210441E+01
 0.23424006210052E+01
 0.22814669803695E+01
 0.22240794682412E+01
 0.21700292459530E+01
 0.21191276085668E+01
 0.20711916852212E+01
 0.20260454551483E+01
 0.19835199187444E+01
 0.19434537553982E+01
 0.19056935515167E+01
 0.18700937786025E+01
 0.18365170780052E+01
 0.18048338281663E+01
 0.17749221918335E+01
 0.17466678325222E+01
 0.17199636440912E+01
 0.16947094277811E+01
 0.16708115900729E+01
 0.16481827850401E+01
 0.16267415776196E+01
 0.16064120853727E+01
 0.15871236507006E+01
 0.15688105523979E+01
 0.15514113588734E+01
 0.15348692401939E+01
 0.15191311943659E+01
 0.15041478899706E+01
 0.14898734441729E+01
 0.14762651341384E+01
 0.14632832006157E+01
 0.14508906173264E+01
 0.14390528786989E+01
 0.14277378433661E+01
 0.14169155355031E+01
 0.14065580132157E+01
 0.13966391719273E+01
 0.13871346538018E+01
 0.13780217107153E+01
 0.13692790784347E+01
 0.13608868618976E+01
 0.13528264610019E+01
 0.13450804358717E+01
 0.13376324609475E+01
 0.13304672400352E+01
 0.13235704244274E+01
 0.13169285435033E+01
 0.13105289394621E+01
 0.13043597231537E+01
 0.12984097168284E+01
 0.12926684117442E+01
 0.12871259053701E+01
 0.12817728729962E+01
 0.12766005309723E+01
 0.12716005879985E+01
 0.12667652294191E+01
 0.12620870670723E+01
 0.12575591293515E+01
 0.12531748242736E+01
 0.12489279165360E+01
 0.12448125041075E+01
 0.12408230037848E+01
 0.12369541239882E+01
 0.12332008504770E+01
 0.12295584243492E+01
 0.12260223344422E+01
 0.12225882970219E+01
 0.12192522410118E+01
 0.12160103023104E+01
 0.12128588046343E+01
 0.12097942512622E+01
 0.12068133146427E+01
 0.12039128267672E+01
 0.12010897690970E+01
 0.11983412660729E+01
 0.11956645760548E+01
 0.11930570836825E+01
 0.11905162934029E+01
 0.11880398222212E+01
 0.11856253938737E+01
 0.11832708345507E+01
 0.11809740660975E+01
 0.11787331006398E+01
 0.11765460367090E+01
 0.11744110549234E+01
 0.11723264128097E+01
 0.11702904424165E+01
 0.11683015435756E+01
 0.11663581838359E+01
 0.11644588949629E+01
 0.11626022670209E+01
 0.11607869472825E+01
 0.11590116379113E+01
 0.11572750923870E+01
 0.11555761132284E+01
 0.11539135498254E+01
 0.11522862959943E+01
 0.11506932902306E+01
 0.11491335079435E+01
 0.11476059665039E+01
 0.11461097186321E+01
 0.11446438526355E+01
 0.11432074907228E+01
