 0.10930123522451E+01
 0.10930123519207E+01
 0.10930123484239E+01
 0.10930123337184E+01
 0.10930122940021E+01
 0.10930122101953E+01
 0.10930120583507E+01
 0.10930118099669E+01
 0.10930114331741E+01
 0.10930108966883E+01
 0.10930101785718E+01
 0.10930092805017E+01
 0.10930082460668E+01
 0.10930071799019E+01
 0.10930066118204E+01
 0.10930061164039E+01
 0.10930067876155E+01
 0.10930087235520E+01
 0.10930128877028E+01
 0.10930195168696E+01
 0.10930297911384E+01
 0.10930440095504E+01
 0.10930634829522E+01
 0.10930884372269E+01
 0.10931202199429E+01
 0.10931589247721E+01
 0.10932058546600E+01
 0.10932609549529E+01
 0.10933254136495E+01
 0.10933990327656E+01
 0.10934828334378E+01
 0.10935764886804E+01
 0.10936805009808E+01
 0.10937954068508E+01
 0.10939206057461E+01
 0.10940564054157E+01
 0.10942027609938E+01
 0.10943599445501E+01
 0.10945270615263E+01
 0.10947042218697E+01
 0.10948911731027E+01
 0.10950876143255E+01
 0.10952936149045E+01
 0.10955080420733E+01
 0.10957308688036E+01
 0.10959616952675E+01
 0.10962001019194E+01
 0.10964456568778E+01
 0.10966979207631E+01
 0.10969568821417E+01
 0.10972212604242E+01
 0.10974910088217E+01
 0.10977656931879E+01
 0.10980448790434E+01
 0.10983281392946E+01
 0.10986150559077E+01
 0.10989052212798E+01
 0.10991982393802E+01
 0.10994941750955E+01
 0.10997917826672E+01
 0.11000911283777E+01
 0.11003918748879E+01
 0.11006936950905E+01
 0.11009962768099E+01
 0.11012993229874E+01
 0.11016025517385E+01
 0.11019056962956E+01
 0.11022085049140E+01
 0.11025107407376E+01
 0.11028121815941E+01
 0.11031126197526E+01
 0.11034118615570E+01
 0.11037097272455E+01
 0.11040065415240E+01
 0.11043011853845E+01
 0.11045939901233E+01
 0.11048848297540E+01
 0.11051735904087E+01
 0.11054601679393E+01
 0.11057444695279E+01
 0.11060264133348E+01
 0.11063059281544E+01
 0.11065829529054E+01
 0.11068574365768E+01
 0.11071293374807E+01
 0.11073986416932E+01
 0.11076652918567E+01
 0.11079292885264E+01
 0.11081906252279E+01
 0.11084493034415E+01
 0.11087058466529E+01
 0.11089592572586E+01
 0.11092100565441E+01
 0.11094582777967E+01
 0.11097039585376E+01
 0.11099471416169E+01
 0.11101878751018E+01
 0.11104262194935E+01
 0.11106622363074E+01
 0.11108959939345E+01
 0.11111275658382E+01
 0.11113570313961E+01
 0.11115844748123E+01
 0.11118104862196E+01
 0.11120341701994E+01
 0.11122561162380E+01
 0.11124764305464E+01
 0.11126952207875E+01
 0.11129126003226E+01
 0.11131286868963E+01
 0.11133435963541E+01
 0.11135574615317E+01
 0.11137704119603E+01
 0.11139825749562E+01
 0.11141940937585E+01
 0.11144055938138E+01
 0.11146162504283E+01
 0.11148266848349E+01
 0.11150370440911E+01
 0.11152474770216E+01
 0.11154581266001E+01
 0.11156691469153E+01
 0.11158807169632E+01
 0.11160929330866E+01
 0.11163064318754E+01
 0.11165204476021E+01
 0.11167355717429E+01
 0.11169519442412E+01
 0.11171696990173E+01
 0.11173889654511E+01
 0.11176098659174E+01
 0.11178325129232E+01
 0.11180574437190E+01
 0.11182839028031E+01
 0.11185123877763E+01
 0.11187429669228E+01
 0.11189756934624E+01
 0.11192106008039E+01
 0.11194477103289E+01
 0.11196874186780E+01
 0.11199289268142E+01
 0.11201725725050E+01
 0.11204182911028E+01
 0.11206659917678E+01
 0.11209155600875E+01
 0.11211668579549E+01
 0.11214200852031E+01
 0.11216743213900E+01
 0.11219297119208E+01
 0.11221860037567E+01
 0.11224429202867E+01
 0.11227001506638E+01
 0.11229577043665E+01
 0.11232145640294E+01
 0.11234706693828E+01
 0.11237255631399E+01
 0.11239788168312E+01
 0.11242302377938E+01
 0.11244787307794E+01
 0.11247240200104E+01
 0.11249655318839E+01
 0.11252026318212E+01
 0.11254349249768E+01
 0.11256611742072E+01
 0.11258808794652E+01
 0.11260932411790E+01
 0.11262976180333E+01
 0.11264926572673E+01
 0.11266776025120E+01
 0.11268514252182E+01
 0.11270132135309E+01
 0.11271614208774E+01
 0.11272949855609E+01
 0.11274126127743E+01
 0.11275131059780E+01
 0.11275946891019E+01
 0.11276560421868E+01
 0.11276956294358E+01
 0.11277120300086E+01
 0.11277033497321E+01
 0.11276681445252E+01
 0.11276049624987E+01
 0.11275120197667E+01
 0.11273879756805E+01
 0.11272315829473E+01
 0.11270414041177E+01
 0.11268164619637E+01
 0.11265558794185E+01
 0.11262590892187E+01
 0.11259254853441E+01
 0.11255549736609E+01
 0.11251477342245E+01
 0.11247039728849E+01
 0.11242244097529E+01
 0.11237099267969E+01
 0.11231617253614E+01
 0.11225810423273E+01
 0.11219694915960E+01
 0.11213288426949E+01
 0.11206608642479E+01
 0.11199675744488E+01
 0.11192510139181E+01
 0.11185132706438E+01
 0.11177564835919E+01
 0.11169826795125E+01
 0.11161939580081E+01
 0.11153923328394E+01
 0.11145797470544E+01
 0.11137581040749E+01
 0.11129291182794E+01
 0.11120944969641E+01
 0.11112558128094E+01
 0.11104145397760E+01
 0.11095720423953E+01
 0.11087295799049E+01
 0.11078883073995E+01
 0.11070492808999E+01
 0.11062134610261E+01
 0.11053817154157E+01
 0.11045548046017E+01
 0.11037334713749E+01
 0.11029183022897E+01
 0.11021098528606E+01
 0.11013086070977E+01
 0.11005149848697E+01
 0.10997293492510E+01
 0.10989520098381E+01
 0.10981832305691E+01
 0.10974232298908E+01
 0.10966721896949E+01
 0.10959302516307E+01
 0.10951975264499E+01
 0.10944740808750E+01
 0.10937599989523E+01
 0.10930552975841E+01
 0.10923599856060E+01
 0.10916740533799E+01
 0.10909974711011E+01
 0.10903302008414E+01
 0.10896721854942E+01
 0.10890233604559E+01
 0.10883836452909E+01
 0.10877529544579E+01
 0.10871311835886E+01
 0.10865182535117E+01
 0.10859140474442E+01
 0.10853184503419E+01
 0.10847313496499E+01
 0.10841526251684E+01
 0.10835821535716E+01
 0.10830198139878E+01
 0.10824654766718E+01
 0.10819190079267E+01
 0.10813802995322E+01
 0.10808492137175E+01
 0.10803256222789E+01
 0.10798093970918E+01
 0.10793004086088E+01
 0.10787985316131E+01
 0.10783036405007E+01
 0.10778156011286E+01
 0.10773343084292E+01
 0.10768596302818E+01
 0.10763914470370E+01
 0.10759296365766E+01
 0.10754740830101E+01
 0.10750246703893E+01
 0.10745812844266E+01
 0.10741438122832E+01
 0.10737121353601E+01
 0.10732861611016E+01
 0.10728657746083E+01
 0.10724508708079E+01
 0.10720413464527E+01
 0.10716371008440E+01
 0.10712380346032E+01
 0.10708440497506E+01
 0.10704550444877E+01
 0.10700709395234E+01
 0.10696916358491E+01
 0.10693170435875E+01
 0.10689470749497E+01
 0.10685816433517E+01
 0.10682206647996E+01
 0.10678640560758E+01
 0.10675117303635E+01
 0.10671636213032E+01
 0.10668196448328E+01
 0.10664797250614E+01
 0.10661437876120E+01
 0.10658117598628E+01
 0.10654835704765E+01
 0.10651591485410E+01
 0.10648384228107E+01
 0.10645213377495E+01
 0.10642078214176E+01
 0.10638978105501E+01
 0.10635912426299E+01
 0.10632880559188E+01
 0.10629881922961E+01
