 0.22143197743930E+00
 0.22143197743948E+00
 0.22143197744393E+00
 0.22143197747351E+00
 0.22143197757767E+00
 0.22143197783392E+00
 0.22143197834099E+00
 0.22143197920953E+00
 0.22143198052261E+00
 0.22143198222837E+00
 0.22143198387527E+00
 0.22143198418102E+00
 0.22143198042892E+00
 0.22143196780740E+00
 0.22143193876161E+00
 0.22143188245747E+00
 0.22143178443365E+00
 0.22143162645041E+00
 0.22143138646728E+00
 0.22143103896669E+00
 0.22143055521353E+00
 0.22142990366251E+00
 0.22142905044501E+00
 0.22142795990068E+00
 0.22142659486275E+00
 0.22142491696682E+00
 0.22142288774203E+00
 0.22142046868411E+00
 0.22141762139368E+00
 0.22141430713561E+00
 0.22141048901671E+00
 0.22140613006382E+00
 0.22140119491709E+00
 0.22139564939058E+00
 0.22138946078995E+00
 0.22138259797458E+00
 0.22137503160849E+00
 0.22136673428882E+00
 0.22135768085613E+00
 0.22134784811794E+00
 0.22133721527536E+00
 0.22132576420363E+00
 0.22131347936260E+00
 0.22130034818728E+00
 0.22128636107169E+00
 0.22127151154984E+00
 0.22125579643594E+00
 0.22123921566930E+00
 0.22122177364884E+00
 0.22120347759710E+00
 0.22118433884439E+00
 0.22116437264776E+00
 0.22114359833317E+00
 0.22112203938663E+00
 0.22109972352835E+00
 0.22107668283784E+00
 0.22105295387829E+00
 0.22102857757833E+00
 0.22100359949131E+00
 0.22097806978363E+00
 0.22095204276116E+00
 0.22092557868513E+00
 0.22089874179938E+00
 0.22087160121936E+00
 0.22084423086173E+00
 0.22081670947496E+00
 0.22078912075526E+00
 0.22076155327622E+00
 0.22073410043229E+00
 0.22070686055110E+00
 0.22067993691757E+00
 0.22065343782973E+00
 0.22062747676669E+00
 0.22060217073742E+00
 0.22057764341060E+00
 0.22055402290095E+00
 0.22053144227220E+00
 0.22051003959758E+00
 0.22048995816428E+00
 0.22047134635628E+00
 0.22045435674455E+00
 0.22043914961422E+00
 0.22042591985176E+00
 0.22041478006193E+00
 0.22040593154252E+00
 0.22039955505383E+00
 0.22039583688869E+00
 0.22039496946975E+00
 0.22039715118759E+00
 0.22040258604176E+00
 0.22041148394733E+00
 0.22042406397526E+00
 0.22044054934287E+00
 0.22046117094181E+00
 0.22048616761600E+00
 0.22051578462201E+00
 0.22055027521867E+00
 0.22058989944947E+00
 0.22063492960828E+00
 0.22068564471500E+00
 0.22074232951290E+00
 0.22080528319812E+00
 0.22087481193891E+00
 0.22095123251270E+00
 0.22103487300369E+00
 0.22112607155400E+00
 0.22122517721777E+00
 0.22133255260789E+00
 0.22144857170748E+00
 0.22157362074690E+00
 0.22170809975252E+00
 0.22185242236269E+00
 0.22200701518459E+00
 0.22217232022180E+00
 0.22234879489179E+00
 0.22253690722637E+00
 0.22273714604277E+00
 0.22295001267572E+00
 0.22317607418206E+00
 0.22341577042704E+00
 0.22366969306823E+00
 0.22393840674853E+00
 0.22422249169458E+00
 0.22452254156232E+00
 0.22483916687713E+00
 0.22517298953212E+00
 0.22552464393429E+00
 0.22589477675800E+00
 0.22628405199199E+00
 0.22669313611525E+00
 0.22712270793599E+00
 0.22757344967704E+00
 0.22804605289398E+00
 0.22854120932933E+00
 0.22905961618438E+00
 0.22960196341402E+00
 0.23016894395424E+00
 0.23076124408709E+00
 0.23137954292792E+00
 0.23202451116204E+00
 0.23269680780904E+00
 0.23339708247670E+00
 0.23412596801638E+00
 0.23488408450116E+00
 0.23567203476823E+00
 0.23649040467907E+00
 0.23733976407888E+00
 0.23822066606009E+00
 0.23913364936432E+00
 0.24007922980911E+00
 0.24105798629665E+00
 0.24207027223244E+00
 0.24311662773808E+00
 0.24419751088253E+00
 0.24531337430720E+00
 0.24646465935088E+00
 0.24765177764939E+00
 0.24887513698243E+00
 0.25013513017553E+00
 0.25143212803432E+00
 0.25276647942145E+00
 0.25413850724855E+00
 0.25554849103267E+00
 0.25699668005068E+00
 0.25848327611237E+00
 0.26000840452143E+00
 0.26157212519173E+00
 0.26317441106845E+00
 0.26481514485965E+00
 0.26649408468365E+00
 0.26821087287454E+00
 0.26996500923926E+00
 0.27175582611950E+00
 0.27358251496633E+00
 0.27544407069238E+00
 0.27733933818252E+00
 0.27926694331724E+00
 0.28122541033558E+00
 0.28321302248713E+00
 0.28522794325119E+00
 0.28726825239839E+00
 0.28933183117668E+00
 0.29141652822021E+00
 0.29352014291666E+00
 0.29564044686882E+00
 0.29777517447521E+00
 0.29992211779403E+00
 0.30207910663631E+00
 0.30424398978356E+00
 0.30641485446407E+00
 0.30858972328050E+00
 0.31076679155710E+00
 0.31294435042047E+00
 0.31512082288462E+00
 0.31729472664819E+00
 0.31946468566318E+00
 0.32162944293326E+00
 0.32378782137521E+00
 0.32593873757175E+00
 0.32808121394712E+00
 0.33021426531217E+00
 0.33233705614563E+00
 0.33444877081310E+00
 0.33654864551257E+00
 0.33863597730385E+00
 0.34071008509124E+00
 0.34277031745926E+00
 0.34481606109704E+00
 0.34684672613033E+00
 0.34886173764727E+00
 0.35086055236539E+00
 0.35284265454538E+00
 0.35480752490989E+00
 0.35675465961584E+00
 0.35868357222556E+00
 0.36059379933089E+00
 0.36248486909813E+00
 0.36435635132545E+00
 0.36620778548027E+00
 0.36803879152441E+00
 0.36984892908597E+00
 0.37163781891459E+00
 0.37340506326975E+00
 0.37515029680132E+00
 0.37687316942096E+00
 0.37857333023335E+00
 0.38025044748548E+00
 0.38190422065004E+00
 0.38353434307400E+00
 0.38514052683526E+00
 0.38672251062234E+00
 0.38828003889463E+00
 0.38981287393876E+00
 0.39132080385543E+00
 0.39280361356539E+00
 0.39426112094809E+00
 0.39569316119815E+00
 0.39709958013012E+00
 0.39848024095697E+00
 0.39983502236677E+00
 0.40116382433049E+00
 0.40246656391635E+00
 0.40374317329069E+00
 0.40499360259006E+00
 0.40621781567118E+00
 0.40741579877934E+00
 0.40858755111936E+00
 0.40973308396441E+00
 0.41085243151757E+00
 0.41194564232127E+00
 0.41301278018117E+00
 0.41405391963952E+00
 0.41506915207275E+00
 0.41605858396948E+00
 0.41702233687666E+00
 0.41796054413479E+00
 0.41887335286146E+00
 0.41976092266936E+00
 0.42062342279706E+00
 0.42146105051529E+00
 0.42227398572335E+00
 0.42306244091992E+00
 0.42382663146600E+00
 0.42456678733893E+00
 0.42528314328669E+00
 0.42597594466549E+00
 0.42664544562740E+00
 0.42729190874789E+00
 0.42791560205202E+00
 0.42851680496511E+00
 0.42909580012172E+00
 0.42965287672266E+00
 0.43018833201514E+00
 0.43070246547179E+00
 0.43119558410272E+00
 0.43166799556177E+00
 0.43212001669784E+00
 0.43255196407298E+00
 0.43296415888230E+00
 0.43335692403122E+00
 0.43373058654239E+00
 0.43408547556919E+00
 0.43442191663187E+00
 0.43474024557798E+00
 0.43504078983620E+00
 0.43532388296760E+00
 0.43558985977385E+00
 0.43583904906496E+00
 0.43607178435984E+00
 0.43628839851032E+00
 0.43648922073622E+00
 0.43667457943448E+00
 0.43684480310497E+00
 0.43700021804009E+00
 0.43714115094448E+00
 0.43726792036785E+00
 0.43738084664539E+00
 0.43748024763801E+00
 0.43756643861341E+00
 0.43763973203583E+00
