 0.00000000000000E+00
-0.17747907132718E-22
-0.46623279720770E-21
-0.34122092630805E-20
-0.15267023499246E-19
-0.38954518722303E-19
-0.83321394818103E-19
-0.14480063525058E-18
-0.27794260421690E-18
-0.39889427171638E-18
-0.60729896322127E-18
-0.88559229095283E-18
-0.15863288885175E-11
 0.21006964837706E-11
 0.20183677919160E-11
-0.75220635813964E-11
 0.97956350168617E-12
-0.13416452217005E-11
-0.54320730344877E-11
 0.35959240230905E-11
-0.41139300083377E-11
-0.12169092215078E-10
-0.25952645136511E-10
 0.42133702878072E-10
 0.61218010962634E-08
-0.66221462088840E-08
 0.23981484831342E-07
-0.35702971374819E-07
-0.77265226804286E-07
 0.10265680657017E-06
-0.60422720669627E-07
 0.10238552280412E-06
-0.23976065231583E-06
-0.15275293695641E-07
 0.12002671982484E-06
 0.92561900546897E-08
 0.15066917796838E-07
 0.26132142817179E-07
 0.58084538983005E-07
 0.72355796972768E-07
 0.11712293623381E-06
 0.17319357850454E-06
 0.26404071533906E-06
 0.38883979311697E-06
 0.56718313868677E-06
 0.81496571149511E-06
 0.11476411928955E-05
 0.15965390770954E-05
 0.21902419439986E-05
 0.29660080678883E-05
 0.39681973190622E-05
 0.52491605064492E-05
 0.68704103810304E-05
 0.89023219501252E-05
 0.11426993731474E-04
 0.14532616907893E-04
 0.18328655210331E-04
 0.22932211870465E-04
 0.28474795546263E-04
 0.35100156903391E-04
 0.42972134618301E-04
 0.52272019643072E-04
 0.63189784884313E-04
 0.75939774175682E-04
 0.90752630939172E-04
 0.10787603847859E-03
 0.12757812096003E-03
 0.15014593896629E-03
 0.17588666637061E-03
 0.20512688702379E-03
 0.23820979581549E-03
 0.27550774565745E-03
 0.31740589313855E-03
 0.36431150134590E-03
 0.41665402321294E-03
 0.47488208088148E-03
 0.53946491799736E-03
 0.61089155158568E-03
 0.69181457245330E-03
 0.77341455234321E-03
 0.87543500133462E-03
 0.98361028205403E-03
 0.10840863374179E-02
 0.12079159578186E-02
 0.13532047396177E-02
 0.14946204510642E-02
 0.16530760529025E-02
 0.18243853223552E-02
 0.20092455157173E-02
 0.22083998325595E-02
 0.24225804243902E-02
 0.26525598017745E-02
 0.28991262936501E-02
 0.31630754578785E-02
 0.34452463917287E-02
 0.37464786899297E-02
 0.40676313876330E-02
 0.44095941645290E-02
 0.47732450192359E-02
 0.51598119712237E-02
 0.55694463922513E-02
 0.60039641797791E-02
 0.64639466847515E-02
 0.69505156332726E-02
 0.74646054453229E-02
 0.80073670057963E-02
 0.85798187241739E-02
 0.91830293449197E-02
 0.98180988074397E-02
 0.10486213465841E-01
 0.11188408376867E-01
 0.11925938077867E-01
 0.12697992784269E-01
 0.13514066991710E-01
 0.14359715000152E-01
 0.15249169949705E-01
 0.16187875359759E-01
 0.17166669746171E-01
 0.18173421454678E-01
 0.19227220891072E-01
 0.20346797833741E-01
 0.21497325134559E-01
 0.22699004005204E-01
 0.23949351858442E-01
 0.25248938946643E-01
 0.26598180695136E-01
 0.27999054761644E-01
 0.29451079623930E-01
 0.30955016100327E-01
 0.32511365719604E-01
 0.34119948141584E-01
 0.35780990472088E-01
 0.37493943887622E-01
 0.39259298249821E-01
 0.41075671746968E-01
 0.42942714796219E-01
 0.44858405193478E-01
 0.46822602417031E-01
 0.48833528490835E-01
 0.50889335860298E-01
 0.52986346685859E-01
 0.55129438001118E-01
 0.57307542045821E-01
 0.59517417428063E-01
 0.61762999843139E-01
 0.64041055584379E-01
 0.66348206413725E-01
 0.68677725215608E-01
 0.71023806403029E-01
 0.73382672448660E-01
 0.75752711169127E-01
 0.78134343975028E-01
 0.80526962458021E-01
 0.82914750957254E-01
 0.85302215747486E-01
 0.87676938014971E-01
 0.90044845227972E-01
 0.92392330896697E-01
 0.94724926583929E-01
 0.97029855724470E-01
 0.99307277895706E-01
 0.10155209494931E+00
 0.10376177973751E+00
 0.10593134178259E+00
 0.10805882734001E+00
 0.11013799942551E+00
 0.11216571769320E+00
 0.11414084566714E+00
 0.11605939539580E+00
 0.11792156065333E+00
 0.11972197404092E+00
 0.12145842988411E+00
 0.12313040328036E+00
 0.12473824942664E+00
 0.12628111899588E+00
 0.12775980160621E+00
 0.12917310347969E+00
 0.13052557524949E+00
 0.13181711121632E+00
 0.13304899330918E+00
 0.13422180660584E+00
 0.13533895155687E+00
 0.13640288563980E+00
 0.13742216887655E+00
 0.13839436503771E+00
 0.13932061180818E+00
 0.14020570033047E+00
 0.14105198378326E+00
 0.14186407770663E+00
 0.14263937006106E+00
 0.14338400448253E+00
 0.14409813145282E+00
 0.14478432016820E+00
 0.14544412292322E+00
 0.14607817135247E+00
 0.14668803697072E+00
 0.14727546462735E+00
 0.14784242215432E+00
 0.14838844421960E+00
 0.14891445191264E+00
 0.14942132292496E+00
 0.14990964307568E+00
 0.15038222180251E+00
 0.15083932647035E+00
 0.15127961337111E+00
 0.15170392657450E+00
 0.15211400899672E+00
 0.15251108993390E+00
 0.15289453620177E+00
 0.15326680138502E+00
 0.15362579341058E+00
 0.15397112373527E+00
 0.15430666019627E+00
 0.15463382671211E+00
 0.15494791156357E+00
 0.15525315432520E+00
 0.15554949509136E+00
 0.15583566886374E+00
 0.15611486332106E+00
 0.15638463594121E+00
 0.15664684842263E+00
 0.15690215164176E+00
 0.15715047072524E+00
 0.15739118804652E+00
 0.15762536220229E+00
 0.15785431759404E+00
 0.15807717149933E+00
 0.15829336659813E+00
 0.15850478220058E+00
 0.15871165695667E+00
 0.15891339694905E+00
 0.15911070401965E+00
 0.15930342274886E+00
 0.15949187971695E+00
 0.15967662898626E+00
 0.15985761640786E+00
 0.16003580495971E+00
 0.16020993742885E+00
 0.16038007174046E+00
 0.16054867428577E+00
 0.16071421101873E+00
 0.16087618083066E+00
 0.16103574071057E+00
 0.16119380178522E+00
 0.16134982227001E+00
 0.16150288526801E+00
 0.16165380402908E+00
 0.16180337701824E+00
 0.16195128790045E+00
 0.16209723313960E+00
 0.16224172879921E+00
 0.16238495261103E+00
 0.16252658255554E+00
 0.16266668771443E+00
 0.16280578353806E+00
 0.16294408652483E+00
 0.16308152751464E+00
 0.16321779868335E+00
 0.16335220208262E+00
 0.16348677627598E+00
 0.16362089697351E+00
 0.16375387491847E+00
 0.16388581965858E+00
 0.16401727388144E+00
 0.16414829625531E+00
 0.16427912706877E+00
 0.16440953435867E+00
 0.16453891482859E+00
 0.16466808182688E+00
 0.16479727364461E+00
 0.16492567686025E+00
 0.16505369918848E+00
 0.16518121372983E+00
 0.16530874688249E+00
 0.16543613084934E+00
 0.16556335163972E+00
 0.16569032463797E+00
 0.16581713129736E+00
 0.16594370438535E+00
 0.16607031685270E+00
 0.16619657760932E+00
 0.16632267013679E+00
 0.16644886509980E+00
 0.16657413244796E+00
 0.16670016015889E+00
 0.16682607169785E+00
 0.16695126508290E+00
 0.16707662257709E+00
 0.16720244997281E+00
 0.16732783815916E+00
 0.16745221299611E+00
 0.16757756232247E+00
 0.16770284712152E+00
 0.16782813118491E+00
 0.16795242536060E+00
 0.16807678937665E+00
 0.16820154474435E+00
 0.16832644509241E+00
 0.16845110306779E+00
 0.16857530029901E+00
