 0.00000000000000E+00
 0.23195645239190E-24
 0.14070844338480E-22
 0.18343092646352E-21
 0.12982195388588E-20
 0.45353069923633E-20
 0.13741303275369E-19
 0.31950222393962E-19
 0.73183802384233E-19
 0.13197840049419E-18
 0.25931512219022E-18
 0.41187163202289E-18
 0.11914219017415E-11
-0.19788380290482E-11
-0.24721405699733E-11
 0.51637787766543E-11
-0.62679001989340E-12
 0.22797935186752E-11
 0.71564743378528E-11
-0.57323644182226E-11
 0.98354784914557E-11
 0.13817013540429E-10
 0.67273480038530E-11
-0.71902998034323E-10
-0.17094540239074E-07
 0.19642321820046E-07
-0.56295792543400E-07
 0.89287226463121E-07
 0.13244182449035E-06
-0.37628280489008E-06
 0.23719406756218E-06
-0.45197629160962E-06
 0.85476682422595E-06
-0.49077282439244E-06
-0.53015756991770E-06
 0.66284318536412E-08
 0.17444695920386E-07
 0.28939869670522E-07
-0.68356046018447E-08
 0.72410965549434E-07
 0.65265810126591E-07
 0.18011130643277E-06
 0.26106549782728E-06
 0.40059283857201E-06
 0.57114130866612E-06
 0.80302842697829E-06
 0.11536831813879E-05
 0.15998317059393E-05
 0.21919906459375E-05
 0.29692979545981E-05
 0.39729307415836E-05
 0.52584545794510E-05
 0.68766565797797E-05
 0.89091764811320E-05
 0.11419803789097E-04
 0.14542122061104E-04
 0.18346532810400E-04
 0.22938704729826E-04
 0.28475800402167E-04
 0.35117920618530E-04
 0.43016209471266E-04
 0.52290194502311E-04
 0.63225895050714E-04
 0.75986573754664E-04
 0.90788453664499E-04
 0.10791744785591E-03
 0.12762910412007E-03
 0.15020787921625E-03
 0.17595380468754E-03
 0.20519587277049E-03
 0.23831867797286E-03
 0.27563461367642E-03
 0.31756098822068E-03
 0.36450846684535E-03
 0.41689875393181E-03
 0.47518686436234E-03
 0.53983914895249E-03
 0.61137928451495E-03
 0.62672424446729E-03
 0.85243018698901E-03
 0.84980290155296E-03
 0.83876610128179E-03
 0.11958651749380E-02
 0.12583073572098E-02
 0.12156329427266E-02
 0.14974370500367E-02
 0.16565720194247E-02
 0.18286127256617E-02
 0.20144057236206E-02
 0.22148972738582E-02
 0.24300933552777E-02
 0.26616231973994E-02
 0.29099862017778E-02
 0.31760840773230E-02
 0.34606771537022E-02
 0.37647213129661E-02
 0.40892091207835E-02
 0.44350443700178E-02
 0.48033655077448E-02
 0.51871734968909E-02
 0.56118681522506E-02
 0.60503844593286E-02
 0.65172389819521E-02
 0.70125796124587E-02
 0.75366269278143E-02
 0.80894157291528E-02
 0.86732083985886E-02
 0.92890085762104E-02
 0.99386324961621E-02
 0.10620899207479E-01
 0.11342300600123E-01
 0.12098287168452E-01
 0.13007441271824E-01
 0.13566099726794E-01
 0.14684954033544E-01
 0.15741136334650E-01
 0.16426344302425E-01
 0.17157080826003E-01
 0.18577847452467E-01
 0.19919003317785E-01
 0.20465935751501E-01
 0.21938737784339E-01
 0.23164081170522E-01
 0.24431178417544E-01
 0.25752167941201E-01
 0.27165064950579E-01
 0.28578358708451E-01
 0.30049473150530E-01
 0.31574645833124E-01
 0.33135277245799E-01
 0.34740447681772E-01
 0.36387223226433E-01
 0.38100844986567E-01
 0.39821918542212E-01
 0.41586674511459E-01
 0.43362325944461E-01
 0.45201338283234E-01
 0.47050566515214E-01
 0.48917621005173E-01
 0.50795949194296E-01
 0.52860042901013E-01
 0.54433305145954E-01
 0.56298010789949E-01
 0.58506313418143E-01
 0.60541921416279E-01
 0.62366896233274E-01
 0.63953765489240E-01
 0.65527818627252E-01
 0.67264411984957E-01
 0.69238272312374E-01
 0.71208940294030E-01
 0.72894700693426E-01
 0.74034835794280E-01
 0.75774161293667E-01
 0.76972134663358E-01
 0.78490793227780E-01
 0.79589975839418E-01
 0.80883726597444E-01
 0.81668544049784E-01
 0.82590081008851E-01
 0.83323039778585E-01
 0.83946041630375E-01
 0.84384194747992E-01
 0.84724059791175E-01
 0.84721813787115E-01
 0.84677711762244E-01
 0.84540830229377E-01
 0.84188340079529E-01
 0.83657233033045E-01
 0.82754342174346E-01
 0.81735977569774E-01
 0.80702615208696E-01
 0.79595086276989E-01
 0.78339775233250E-01
 0.76948340507418E-01
 0.75417173387620E-01
 0.74016633538985E-01
 0.72405558466754E-01
 0.70747795619202E-01
 0.69009494579966E-01
 0.67491209973782E-01
 0.66112416739378E-01
 0.64985333164608E-01
 0.63428841661618E-01
 0.62024990770465E-01
 0.60865779672023E-01
 0.59733040479141E-01
 0.58744383976621E-01
 0.57554568885377E-01
 0.56702837723608E-01
 0.55786968607534E-01
 0.55019443947083E-01
 0.54233750864832E-01
 0.53393922163840E-01
 0.52681025393039E-01
 0.52072031826892E-01
 0.51465009436554E-01
 0.50758588853084E-01
 0.50079791692738E-01
 0.49472512500787E-01
 0.48948271342176E-01
 0.48528185851364E-01
 0.47922917696182E-01
 0.47229556095853E-01
 0.46704858021618E-01
 0.46323105828229E-01
 0.45903293424478E-01
 0.45349876006744E-01
 0.44900226151639E-01
 0.44281533425719E-01
 0.43808702277150E-01
 0.43556832523393E-01
 0.43137668444532E-01
 0.42481871422434E-01
 0.42225250093311E-01
 0.41780476675001E-01
 0.41317915065688E-01
 0.41020288599161E-01
 0.40512339252908E-01
 0.40190899000639E-01
 0.39809470898118E-01
 0.39396247617538E-01
 0.38982709066949E-01
 0.38728217856609E-01
 0.38429446946117E-01
 0.37976827105333E-01
 0.37590058611415E-01
 0.37387106227228E-01
 0.37110994766257E-01
 0.36740446153940E-01
 0.36412655926724E-01
 0.36088195186013E-01
 0.35816856793154E-01
 0.35559784459991E-01
 0.35281802910506E-01
 0.35006233824443E-01
 0.34637514254805E-01
 0.34375816652920E-01
 0.34247261546390E-01
 0.33948316140837E-01
 0.33609638240475E-01
 0.33466304323009E-01
 0.33334376004510E-01
 0.33028633350625E-01
 0.32699153458215E-01
 0.32524974464616E-01
 0.32387459711649E-01
 0.32161151427212E-01
 0.31921833074319E-01
 0.31748563894207E-01
 0.31549837333536E-01
 0.31332394897405E-01
 0.31171100894228E-01
 0.31074580872157E-01
 0.30937824770108E-01
 0.30722329262497E-01
 0.30504986352652E-01
 0.30300231755671E-01
 0.30328490552614E-01
 0.30157686029290E-01
 0.29910150803587E-01
 0.29777299695953E-01
 0.29730355611095E-01
 0.29648320356221E-01
 0.29526988927660E-01
 0.29344737018543E-01
 0.29149151143655E-01
 0.29098558624056E-01
 0.28998541386421E-01
 0.28804802701036E-01
 0.28727677752433E-01
 0.28650604496473E-01
 0.28651252469028E-01
 0.28588068318115E-01
 0.28482066141634E-01
 0.28394930934194E-01
 0.28306706984743E-01
 0.28211581039097E-01
 0.28146491743189E-01
 0.28048792061912E-01
 0.28005686671948E-01
 0.27958342565572E-01
 0.27878178006446E-01
 0.27955156454523E-01
 0.27842172925958E-01
 0.27724608976211E-01
 0.27744233511329E-01
 0.27716797273395E-01
 0.27577669368894E-01
 0.27508625726065E-01
 0.27641500370721E-01
 0.27542786524571E-01
 0.27483449901092E-01
 0.27348757133623E-01
 0.27420483881118E-01
 0.27463101666894E-01
 0.27434204458051E-01
 0.27324096213337E-01
 0.27243374818101E-01
 0.27259205677274E-01
