 0.10000000133514E-09
 0.10000000133514E-09
 0.10000000133514E-09
 0.10000000133514E-09
 0.10000000133514E-09
 0.10000000133514E-09
 0.10000000133514E-09
 0.10000000133514E-09
 0.10000000133514E-09
 0.10000000133514E-09
 0.10000000133514E-09
 0.10000000133514E-09
 0.10000000133514E-09
 0.10000000133514E-09
 0.10000000133514E-09
 0.10000000133514E-09
 0.10000000133514E-09
 0.10000000133514E-09
 0.10000000133514E-09
 0.10000000133514E-09
 0.10000000133514E-09
 0.10000000133514E-09
 0.10000000133514E-09
 0.10000000133514E-09
 0.10000000133514E-09
 0.10000000133514E-09
 0.10000000133514E-09
 0.10000000133514E-09
 0.14962853438304E-04
 0.14962853438304E-04
 0.29807886502196E-04
 0.40735581054864E-04
 0.54630544644205E-04
 0.72021328887164E-04
 0.93477734945404E-04
 0.11960810159414E-03
 0.15105621919274E-03
 0.18849804985208E-03
 0.23263863329148E-03
 0.28420906220404E-03
 0.34396377316674E-03
 0.41267751106039E-03
 0.49114316382126E-03
 0.58016945881486E-03
 0.68057909925044E-03
 0.79320699372962E-03
 0.91889871651308E-03
 0.10585091743893E-02
 0.12129022371581E-02
 0.13829488326854E-02
 0.15695264961244E-02
 0.17735189546676E-02
 0.19958157178653E-02
 0.22373117407055E-02
 0.24989063738495E-02
 0.27815031145933E-02
 0.30860094913760E-02
 0.34133379371651E-02
 0.37644040676304E-02
 0.41401261721335E-02
 0.45414278703458E-02
 0.49692343283344E-02
 0.54244756394917E-02
 0.59080863204325E-02
 0.64210049097810E-02
 0.69641717045856E-02
 0.75385313784031E-02
 0.81450352238303E-02
 0.87846404174510E-02
 0.94583071212852E-02
 0.10166998876225E-01
 0.10911690842042E-01
 0.11693360604452E-01
 0.12512988539416E-01
 0.13371574149187E-01
 0.14270125747394E-01
 0.15209656669975E-01
 0.16191180443732E-01
 0.17215743123895E-01
 0.18284396887024E-01
 0.19398200224164E-01
 0.20558236020302E-01
 0.21767769807791E-01
 0.23023850456885E-01
 0.24329527787430E-01
 0.25685964650916E-01
 0.27094329802032E-01
 0.28555835601224E-01
 0.30071705007472E-01
 0.31643180841943E-01
 0.33271543471224E-01
 0.34958105470871E-01
 0.36704203941203E-01
 0.38511210564770E-01
 0.40380548492219E-01
 0.42313648369903E-01
 0.44311970256527E-01
 0.46377010660156E-01
 0.48510337343267E-01
 0.50713554436679E-01
 0.52988276446195E-01
 0.55336174363657E-01
 0.57758945367488E-01
 0.60258334943624E-01
 0.62836147581664E-01
 0.65494202026758E-01
 0.68234356180067E-01
 0.71058523843572E-01
 0.73968642748558E-01
 0.76966670824487E-01
 0.80054614924269E-01
 0.83234509225487E-01
 0.86508383550192E-01
 0.89878310664658E-01
 0.93346406493987E-01
 0.96914658319090E-01
 0.10058519643824E+00
 0.10436006518576E+00
 0.10824243219895E+00
 0.11223211981396E+00
 0.11633207359436E+00
 0.12054419693736E+00
 0.12487025942881E+00
 0.12931195410924E+00
 0.13387088244483E+00
 0.13854842663304E+00
 0.14334586609257E+00
 0.14826425559306E+00
 0.15330452880448E+00
 0.15846729231390E+00
 0.16375295508941E+00
 0.16916158064426E+00
 0.17469299934114E+00
 0.18034664854011E+00
 0.18612167627497E+00
 0.19201678088990E+00
 0.19803033132598E+00
 0.20416026921106E+00
 0.21040410944872E+00
 0.21675895176637E+00
 0.22322145352743E+00
 0.22978789347371E+00
 0.23645408792179E+00
 0.24321548817042E+00
 0.25006713956998E+00
 0.25700372286024E+00
 0.26401960952642E+00
 0.27110887448499E+00
 0.27826535349303E+00
 0.28548261328422E+00
 0.29275492627069E+00
 0.30007398150831E+00
 0.30743377067252E+00
 0.31482745030161E+00
 0.32224819075210E+00
 0.32968925081215E+00
 0.33714383010069E+00
 0.34460536697199E+00
 0.35206737180401E+00
 0.35952353403714E+00
 0.36696777322853E+00
 0.37439415536587E+00
 0.38179691241097E+00
 0.38917058489889E+00
 0.39650986140579E+00
 0.40380972662461E+00
 0.41106534117126E+00
 0.41827201264364E+00
 0.42542536665168E+00
 0.43252109943711E+00
 0.43955519599090E+00
 0.44652381631763E+00
 0.45342320739229E+00
 0.46024992137366E+00
 0.46700057157723E+00
 0.47367210390348E+00
 0.48026149129871E+00
 0.48676603770229E+00
 0.49318335077325E+00
 0.49951121151059E+00
 0.50574774150821E+00
 0.51189132382735E+00
 0.51794070603277E+00
 0.52389488010550E+00
 0.52975337626043E+00
 0.53551591486159E+00
 0.54118266278771E+00
 0.54675396027914E+00
 0.55223031058804E+00
 0.55761331849393E+00
 0.56290385417851E+00
 0.56810349624818E+00
 0.57321380461390E+00
 0.57823666889967E+00
 0.58317397160861E+00
 0.58802769968593E+00
 0.59279997557311E+00
 0.59749288599001E+00
 0.60210857495672E+00
 0.60664932279403E+00
 0.61111690101237E+00
 0.61551353180744E+00
 0.61984122995247E+00
 0.62410197295762E+00
 0.62829768651940E+00
 0.63243019183320E+00
 0.63650125864878E+00
 0.64051262016654E+00
 0.64446592160572E+00
 0.64836271590688E+00
 0.65220450388528E+00
 0.65599273737912E+00
 0.65972880388598E+00
 0.66341401148277E+00
 0.66704960166427E+00
 0.67063677755339E+00
 0.67417668134758E+00
 0.67767043495368E+00
 0.68111892815003E+00
 0.68452345801522E+00
 0.68788481599779E+00
 0.69120392688887E+00
 0.69448168516917E+00
 0.69771891753061E+00
 0.70091644524890E+00
 0.70407504959554E+00
 0.70719547597530E+00
 0.71027844981033E+00
 0.71332465559374E+00
 0.71633477860537E+00
 0.71930946840690E+00
 0.72224934146824E+00
 0.72515500254728E+00
 0.72802705361992E+00
 0.73086604955240E+00
 0.73367253718287E+00
 0.73644706644781E+00
 0.73919015427643E+00
 0.74190230064281E+00
 0.74458399383479E+00
 0.74723572047899E+00
 0.74985794071604E+00
 0.75245111010161E+00
 0.75501567904123E+00
 0.75755206936846E+00
 0.76006070275002E+00
 0.76254200156046E+00
 0.76499635825088E+00
 0.76742417340321E+00
 0.76982583119950E+00
 0.77220170337044E+00
 0.77455216648055E+00
 0.77687757683671E+00
 0.77917828959184E+00
 0.78145465302077E+00
 0.78370700710936E+00
 0.78593568433560E+00
 0.78814101476430E+00
 0.79032331583967E+00
 0.79248290446511E+00
 0.79462008802270E+00
 0.79673517583851E+00
 0.79882845939110E+00
 0.80090023478154E+00
 0.80295079012736E+00
 0.80498040722017E+00
 0.80698936324481E+00
 0.80897793491925E+00
 0.81094638565292E+00
 0.81289497980380E+00
 0.81482398480170E+00
 0.81673364577062E+00
 0.81862421905921E+00
 0.82049595019450E+00
 0.82234908339157E+00
 0.82418385653578E+00
 0.82600050414724E+00
 0.82779925949601E+00
 0.82958034840277E+00
 0.83134399669384E+00
 0.83309042655061E+00
 0.83481985101631E+00
 0.83653248471978E+00
 0.83822854104436E+00
 0.83990822582884E+00
 0.84157174228618E+00
 0.84321929342867E+00
 0.84485107413196E+00
 0.84646728226526E+00
 0.84806810772783E+00
 0.84965374224370E+00
 0.85122436826903E+00
 0.85278017146285E+00
 0.85432133284196E+00
 0.85584803081878E+00
 0.85736043967683E+00
 0.85885873215082E+00
 0.86034308039533E+00
 0.86181365012463E+00
 0.86327060796086E+00
