 0.10000000133514E-09
 0.10000000133514E-09
 0.10000000133514E-09
 0.10000000133514E-09
 0.10000000133514E-09
 0.10000000133514E-09
 0.10000000133514E-09
 0.10000000133514E-09
 0.10000000133514E-09
 0.10000000133514E-09
 0.10000000133514E-09
 0.10000000133514E-09
 0.10000000133514E-09
 0.10000000133514E-09
 0.10000000133514E-09
 0.10000000133514E-09
 0.10000000133514E-09
 0.10000000133514E-09
 0.10000000133514E-09
 0.10000000133514E-09
 0.10000000133514E-09
 0.10000000133514E-09
 0.10000000133514E-09
 0.10000000133514E-09
 0.10000000133514E-09
 0.10000000133514E-09
 0.10000000133514E-09
 0.10000000133514E-09
 0.14901995367658E-03
 0.14901995367658E-03
 0.25589039458849E-03
 0.32692957234019E-03
 0.41156348810484E-03
 0.51119720861251E-03
 0.62723174804385E-03
 0.76105544852887E-03
 0.91403684660166E-03
 0.10875185429578E-02
 0.12828136684146E-02
 0.15012034178927E-02
 0.17439364847509E-02
 0.20122266940241E-02
 0.23072548416542E-02
 0.26301691145118E-02
 0.29820869410146E-02
 0.33640964908523E-02
 0.37772584772573E-02
 0.42226080806768E-02
 0.47011600101015E-02
 0.52139065499117E-02
 0.57618211547101E-02
 0.63458612318013E-02
 0.69669703910264E-02
 0.76260803840409E-02
 0.83241103362470E-02
 0.90619684954205E-02
 0.98405540114932E-02
 0.10660761416152E-01
 0.11523476667886E-01
 0.12429577185887E-01
 0.13379940825492E-01
 0.14375435712677E-01
 0.15416930742925E-01
 0.16505294725341E-01
 0.17641395585508E-01
 0.18826094446735E-01
 0.20060253159236E-01
 0.21344740383853E-01
 0.22680429314800E-01
 0.24068189989652E-01
 0.25508890316693E-01
 0.27003416480452E-01
 0.28552649507041E-01
 0.30157466195150E-01
 0.31818778270879E-01
 0.33537504966571E-01
 0.35314564324647E-01
 0.37150862277324E-01
 0.39047365104251E-01
 0.41005037190753E-01
 0.43024841804873E-01
 0.45107778986059E-01
 0.47259007061930E-01
 0.49471750469778E-01
 0.51750751988390E-01
 0.54097103836689E-01
 0.56511890075703E-01
 0.58996260152335E-01
 0.61551360783019E-01
 0.64178353834227E-01
 0.66878449279079E-01
 0.69652890849911E-01
 0.72502942751811E-01
 0.75429904153956E-01
 0.78435138321741E-01
 0.81519990342369E-01
 0.84685822958371E-01
 0.87934033559256E-01
 0.91266109239401E-01
 0.94683562581274E-01
 0.98187887915826E-01
 0.10178063025151E+00
 0.10546333933843E+00
 0.10923760578017E+00
 0.11310507112150E+00
 0.11706735501293E+00
 0.12112608966365E+00
 0.12528295132434E+00
 0.12953960377233E+00
 0.13389768803848E+00
 0.13835886967343E+00
 0.14292480197501E+00
 0.14759707329403E+00
 0.15237728108412E+00
 0.15726703245477E+00
 0.16226767132351E+00
 0.16738070794453E+00
 0.17260745704333E+00
 0.17795081501403E+00
 0.18340871409560E+00
 0.18898362174517E+00
 0.19467641000688E+00
 0.20048770909450E+00
 0.20641798264494E+00
 0.21246751467323E+00
 0.21863623420894E+00
 0.22492388915408E+00
 0.23132987970057E+00
 0.23785341866103E+00
 0.24449324108129E+00
 0.25124780750565E+00
 0.25811510982221E+00
 0.26509283810999E+00
 0.27217818339858E+00
 0.27936798235431E+00
 0.28665853915928E+00
 0.29404578012354E+00
 0.30152516619123E+00
 0.30909169648955E+00
 0.31673995066496E+00
 0.32446407281231E+00
 0.33225786551998E+00
 0.34011471239131E+00
 0.34802770219841E+00
 0.35598961207892E+00
 0.36399295958209E+00
 0.37203008508661E+00
 0.38009318568229E+00
 0.38817437195277E+00
 0.39626566666762E+00
 0.40436004287174E+00
 0.41244790675912E+00
 0.42052235948089E+00
 0.42857581320405E+00
 0.43660089747141E+00
 0.44459051866304E+00
 0.45253776376856E+00
 0.46043613196154E+00
 0.46827939926129E+00
 0.47606169624922E+00
 0.48377757650387E+00
 0.49142187369167E+00
 0.49898980393988E+00
 0.50647697590770E+00
 0.51387931109906E+00
 0.52119313387162E+00
 0.52841510856776E+00
 0.53554213245899E+00
 0.54257153818824E+00
 0.54950082435915E+00
 0.55632786444850E+00
 0.56305081703788E+00
 0.56966800633639E+00
 0.57617814496028E+00
 0.58258005010838E+00
 0.58887294980292E+00
 0.59505618299987E+00
 0.60112943921738E+00
 0.60709267733530E+00
 0.61294607570913E+00
 0.61869012478272E+00
 0.62432554129848E+00
 0.62985336878506E+00
 0.63527484649928E+00
 0.64059150340031E+00
 0.64580504929955E+00
 0.65091746397242E+00
 0.65593081705191E+00
 0.66084724593620E+00
 0.66566951797368E+00
 0.67039987041662E+00
 0.67504091500867E+00
 0.67959517958180E+00
 0.68406531799751E+00
 0.68845389251020E+00
 0.69276342787398E+00
 0.69699647454588E+00
 0.70115546289357E+00
 0.70524277821442E+00
 0.70926081295874E+00
 0.71321159186344E+00
 0.71709732335039E+00
 0.72092003862751E+00
 0.72468169112763E+00
 0.72838414094240E+00
 0.73202913362068E+00
 0.73561834020310E+00
 0.73915337548469E+00
 0.74263576196696E+00
 0.74606691844642E+00
 0.74944820244688E+00
 0.75278092651905E+00
 0.75606634470057E+00
 0.75930562205902E+00
 0.76249986370658E+00
 0.76565013491212E+00
 0.76875745896320E+00
 0.77182281571973E+00
 0.77484707382199E+00
 0.77783123162073E+00
 0.78077607113418E+00
 0.78368241443667E+00
 0.78655104659548E+00
 0.78938271115131E+00
 0.79217813519044E+00
 0.79493801425243E+00
 0.79766302202076E+00
 0.80035380296391E+00
 0.80301097697696E+00
 0.80563516138554E+00
 0.80822693914767E+00
 0.81078687509162E+00
 0.81331551893021E+00
 0.81581341228461E+00
 0.81828106816081E+00
 0.82071898809134E+00
 0.82312767413283E+00
 0.82550760196804E+00
 0.82785923395375E+00
 0.83018302233088E+00
 0.83247941522641E+00
 0.83474884172651E+00
 0.83699172560804E+00
 0.83920848394367E+00
 0.84139951318273E+00
 0.84356520639804E+00
 0.84570595640161E+00
 0.84782213393958E+00
 0.84991411311842E+00
 0.85198225410360E+00
 0.85402690792186E+00
 0.85604842643942E+00
 0.85804714663851E+00
 0.86002340204839E+00
 0.86197752085466E+00
 0.86390982362404E+00
 0.86582062417309E+00
 0.86771023283058E+00
 0.86957894987828E+00
 0.87142707385455E+00
 0.87325489570195E+00
 0.87506270541497E+00
 0.87685078023287E+00
 0.87861939800177E+00
 0.88036883087388E+00
 0.88209934499342E+00
 0.88381120173572E+00
 0.88550466085253E+00
 0.88717997229889E+00
 0.88883738497440E+00
 0.89047714831083E+00
 0.89209949634741E+00
 0.89370466814719E+00
 0.89529289580736E+00
 0.89686440820414E+00
 0.89841942950496E+00
 0.89995817985670E+00
 0.90148087767112E+00
 0.90298773554939E+00
 0.90447896506718E+00
 0.90595477351900E+00
 0.90741536176839E+00
 0.90886093042473E+00
 0.91029167828250E+00
 0.91170779846015E+00
 0.91310948096634E+00
 0.91449691439612E+00
 0.91587028183114E+00
 0.91722976613752E+00
 0.91857554638659E+00
 0.91990779946609E+00
 0.92122669654353E+00
 0.92253240932499E+00
 0.92382510623814E+00
 0.92510495265403E+00
 0.92637211083531E+00
 0.92762674112115E+00
 0.92886900223016E+00
 0.93009904857337E+00
 0.93131703389448E+00
