 0.29885054579258E+03
 0.29885054576272E+03
 0.29885054543346E+03
 0.29885054403703E+03
 0.29885054027915E+03
 0.29885053243528E+03
 0.29885051841994E+03
 0.29885049577361E+03
 0.29885046148725E+03
 0.29885041141947E+03
 0.29885033901938E+03
 0.29885023315464E+03
 0.29885007517472E+03
 0.29884983553993E+03
 0.29884947052016E+03
 0.29884891939019E+03
 0.29884810241000E+03
 0.29884691974002E+03
 0.29884525129029E+03
 0.29884295736032E+03
 0.29883987997172E+03
 0.29883584469399E+03
 0.29883066277096E+03
 0.29882413342997E+03
 0.29881604629781E+03
 0.29880618372553E+03
 0.29879432294050E+03
 0.29878023813505E+03
 0.29876370233531E+03
 0.29874448930815E+03
 0.29872237456561E+03
 0.29869713726771E+03
 0.29866856098397E+03
 0.29863643478800E+03
 0.29860055410167E+03
 0.29856072164091E+03
 0.29851674794108E+03
 0.29846845202984E+03
 0.29841566190956E+03
 0.29835821523995E+03
 0.29829595963181E+03
 0.29822875300336E+03
 0.29815646396315E+03
 0.29807897201926E+03
 0.29799616781127E+03
 0.29790795321965E+03
 0.29781424143851E+03
 0.29771495714302E+03
 0.29761003567086E+03
 0.29749942391747E+03
 0.29738307941339E+03
 0.29726097019418E+03
 0.29713307439349E+03
 0.29699937981316E+03
 0.29685988341718E+03
 0.29671459075992E+03
 0.29656351535502E+03
 0.29640667805987E+03
 0.29624410632562E+03
 0.29607583347419E+03
 0.29590189814115E+03
 0.29572234280152E+03
 0.29553721366474E+03
 0.29534655971522E+03
 0.29515043174614E+03
 0.29494888160065E+03
 0.29474196131960E+03
 0.29452972233310E+03
 0.29431221472351E+03
 0.29408948640202E+03
 0.29386158228387E+03
 0.29362854353100E+03
 0.29339040668748E+03
 0.29314720436981E+03
 0.29289896204687E+03
 0.29264569923323E+03
 0.29238742837945E+03
 0.29212415432090E+03
 0.29185587343183E+03
 0.29158257335472E+03
 0.29130423292201E+03
 0.29102081982732E+03
 0.29073226859104E+03
 0.29043856940970E+03
 0.29013963837715E+03
 0.28983539949268E+03
 0.28952576470993E+03
 0.28921063307896E+03
 0.28888989051467E+03
 0.28856341007716E+03
 0.28823105115918E+03
 0.28789265704001E+03
 0.28754805786738E+03
 0.28719706800716E+03
 0.28683948528788E+03
 0.28647509345050E+03
 0.28610365901831E+03
 0.28572493278033E+03
 0.28533864471010E+03
 0.28494450722824E+03
 0.28454221906977E+03
 0.28413145361487E+03
 0.28371186875941E+03
 0.28328310116323E+03
 0.28284476637723E+03
 0.28239645894653E+03
 0.28193775196380E+03
 0.28146819460096E+03
 0.28098731340566E+03
 0.28049461144745E+03
 0.27998956657917E+03
 0.27947163130378E+03
 0.27894023314691E+03
 0.27839477164519E+03
 0.27783461803219E+03
 0.27725912206240E+03
 0.27666759831595E+03
 0.27605933553234E+03
 0.27543354101921E+03
 0.27478954083078E+03
 0.27412648940941E+03
 0.27344355680657E+03
 0.27273988291590E+03
 0.27201457536947E+03
 0.27126671475814E+03
 0.27049535432754E+03
 0.26969951639676E+03
 0.26887819707066E+03
 0.26803036268148E+03
 0.26715495872160E+03
 0.26625090388262E+03
 0.26531709908645E+03
 0.26435242104363E+03
 0.26335573283043E+03
 0.26232587882249E+03
 0.26126169701011E+03
 0.26016200985267E+03
 0.25902563657366E+03
 0.25785139302402E+03
 0.25663809455995E+03
 0.25538456063024E+03
 0.25408961183878E+03
 0.25275208241963E+03
 0.25137081459017E+03
 0.24994466760849E+03
 0.24847251806386E+03
 0.24695325915726E+03
 0.24538580550534E+03
 0.24376909308801E+03
 0.24210209253719E+03
 0.24038370539636E+03
 0.23861312303165E+03
 0.23678932383206E+03
 0.23491141259975E+03
 0.23297852450202E+03
 0.23098983241474E+03
 0.22894460797096E+03
 0.22684214815642E+03
 0.22468184409857E+03
 0.22246317120453E+03
 0.22018570857843E+03
 0.21784916039296E+03
 0.21545338519985E+03
 0.21299839630464E+03
 0.21048441598176E+03
 0.20791188800320E+03
 0.20528151775045E+03
 0.20259433117180E+03
 0.19985166186926E+03
 0.19705524583242E+03
 0.19420721170541E+03
 0.19131013804357E+03
 0.18836709919547E+03
 0.18538163867117E+03
 0.18235783263779E+03
 0.17930023652604E+03
 0.17621393116628E+03
 0.17310441126046E+03
 0.16997757962352E+03
 0.16683967723032E+03
 0.16369717057423E+03
 0.16055669107682E+03
 0.15742489275918E+03
 0.15430838709781E+03
 0.15121358166678E+03
 0.14814663668444E+03
 0.14511333826291E+03
 0.14211907120463E+03
 0.13916876299637E+03
 0.13626667875730E+03
 0.13341670863278E+03
 0.13062212005677E+03
 0.12788566294292E+03
 0.12520954507709E+03
 0.12259549667051E+03
 0.12004479021524E+03
 0.11755826253764E+03
 0.11513638178526E+03
 0.11277926686048E+03
 0.11048565538290E+03
 0.10825724841003E+03
 0.10609232682084E+03
 0.10399003399347E+03
 0.10194934960220E+03
 0.99969117191736E+02
 0.98048079026021E+02
 0.96184889930656E+02
 0.94378135395449E+02
 0.92626354568910E+02
 0.90928056993015E+02
 0.89281725942364E+02
 0.87685836424978E+02
 0.86138865538659E+02
 0.84639298586696E+02
 0.83185636536720E+02
 0.81776396801575E+02
 0.80410129049642E+02
 0.79085400666929E+02
 0.77800832328517E+02
 0.76555040670426E+02
 0.75346714533168E+02
 0.74174566485034E+02
 0.73037344372680E+02
 0.71933839157948E+02
 0.70862875603974E+02
 0.69823320012002E+02
 0.68814075915548E+02
 0.67834083450235E+02
 0.66882322185379E+02
 0.65957805112652E+02
 0.65059581603023E+02
 0.64186737120319E+02
 0.63338389882041E+02
 0.62513689178385E+02
 0.61711819050664E+02
 0.60931992840917E+02
 0.60173453035423E+02
 0.59435471050380E+02
 0.58717346761288E+02
 0.58018407115483E+02
 0.57338003437865E+02
 0.56675512815618E+02
 0.56030335888314E+02
 0.55401895776516E+02
 0.54789638826888E+02
 0.54193031605834E+02
 0.53611560659279E+02
 0.53044733680316E+02
 0.52492075425281E+02
 0.51953129386056E+02
 0.51427456660269E+02
 0.50914634130482E+02
 0.50414255119837E+02
 0.49925927876162E+02
 0.49449275446911E+02
 0.48983934917934E+02
 0.48529556815499E+02
 0.48085804353043E+02
 0.47652353069257E+02
 0.47228891427948E+02
 0.46815117476431E+02
 0.46410741226900E+02
 0.46015483257186E+02
 0.45629073848794E+02
 0.45251253042706E+02
 0.44881770118184E+02
 0.44520383221360E+02
 0.44166858682538E+02
 0.43820971789440E+02
 0.43482504885956E+02
 0.43151248072381E+02
 0.42826999067314E+02
 0.42509561973156E+02
 0.42198747983210E+02
 0.41894374577710E+02
 0.41596265320208E+02
 0.41304249698482E+02
 0.41018162903374E+02
 0.40737845635499E+02
 0.40463143917863E+02
 0.40193908473455E+02
 0.39929995465965E+02
 0.39671265347565E+02
 0.39417582954692E+02
 0.39168817801627E+02
 0.38924843530408E+02
 0.38685537423116E+02
 0.38450781121841E+02
 0.38220459704131E+02
 0.37994461886068E+02
 0.37772679692329E+02
 0.37555008803310E+02
 0.37341347955166E+02
 0.37131598929979E+02
 0.36925666200903E+02
 0.36723457745675E+02
 0.36524883941691E+02
 0.36329857844743E+02
 0.36138295163935E+02
 0.35950113967721E+02
