 0.13586514181776E+03
 0.13586514181785E+03
 0.13586514181958E+03
 0.13586514182786E+03
 0.13586514184526E+03
 0.13586514185850E+03
 0.13586514182749E+03
 0.13586514168146E+03
 0.13586514132835E+03
 0.13586514069337E+03
 0.13586513980584E+03
 0.13586513895405E+03
 0.13586513890382E+03
 0.13586514116540E+03
 0.13586514827096E+03
 0.13586516402676E+03
 0.13586519371307E+03
 0.13586524420940E+03
 0.13586532398511E+03
 0.13586544311842E+03
 0.13586561311061E+03
 0.13586584668596E+03
 0.13586615754306E+03
 0.13586656011760E+03
 0.13586706918361E+03
 0.13586769949732E+03
 0.13586846601126E+03
 0.13586938349440E+03
 0.13587046629901E+03
 0.13587172777523E+03
 0.13587318151910E+03
 0.13587483990903E+03
 0.13587671522500E+03
 0.13587881930404E+03
 0.13588116372455E+03
 0.13588375984392E+03
 0.13588661898964E+03
 0.13588975255193E+03
 0.13589317221763E+03
 0.13589688972034E+03
 0.13590091712785E+03
 0.13590526703613E+03
 0.13590995245671E+03
 0.13591498701229E+03
 0.13592038489039E+03
 0.13592616090155E+03
 0.13593233052082E+03
 0.13593890956760E+03
 0.13594591574519E+03
 0.13595336645244E+03
 0.13596128035054E+03
 0.13596967704369E+03
 0.13597857717938E+03
 0.13598800253703E+03
 0.13599797609344E+03
 0.13600852217970E+03
 0.13601966663266E+03
 0.13603143675795E+03
 0.13604386163652E+03
 0.13605697220573E+03
 0.13607080105292E+03
 0.13608538378323E+03
 0.13610075782483E+03
 0.13611696312851E+03
 0.13613404232238E+03
 0.13615204085920E+03
 0.13617100725568E+03
 0.13619099320438E+03
 0.13621205371136E+03
 0.13623424732907E+03
 0.13625763634022E+03
 0.13628228696076E+03
 0.13630826967963E+03
 0.13633565792557E+03
 0.13636453090918E+03
 0.13639497203212E+03
 0.13642706929576E+03
 0.13646091554454E+03
 0.13649660880440E+03
 0.13653425229709E+03
 0.13657395397119E+03
 0.13661582903232E+03
 0.13666002170578E+03
 0.13670661337205E+03
 0.13675575673064E+03
 0.13680759043673E+03
 0.13686225958864E+03
 0.13691991633304E+03
 0.13698071987980E+03
 0.13704483627464E+03
 0.13711243888652E+03
 0.13718371080532E+03
 0.13725884145500E+03
 0.13733802901728E+03
 0.13742148121798E+03
 0.13750941448641E+03
 0.13760205460649E+03
 0.13769963632941E+03
 0.13780240768564E+03
 0.13791062619141E+03
 0.13802455797032E+03
 0.13814448475484E+03
 0.13827069831383E+03
 0.13840350373550E+03
 0.13854321996125E+03
 0.13869017926639E+03
 0.13884472817134E+03
 0.13900722983709E+03
 0.13917806270089E+03
 0.13935762149419E+03
 0.13954631894814E+03
 0.13974458604407E+03
 0.13995287189679E+03
 0.14017164604304E+03
 0.14040139884725E+03
 0.14064264011139E+03
 0.14089590544723E+03
 0.14116175107198E+03
 0.14144080086596E+03
 0.14173357829651E+03
 0.14204075169264E+03
 0.14236297783533E+03
 0.14270094098711E+03
 0.14305535039124E+03
 0.14342694871168E+03
 0.14381650394727E+03
 0.14422481109601E+03
 0.14465269563207E+03
 0.14510102164561E+03
 0.14557067424911E+03
 0.14606257363702E+03
 0.14657766788726E+03
 0.14711694033905E+03
 0.14768140257066E+03
 0.14827210109242E+03
 0.14889010860568E+03
 0.14953653478072E+03
 0.15021251910907E+03
 0.15091923362444E+03
 0.15165788445566E+03
 0.15242971073213E+03
 0.15323598796878E+03
 0.15407802693769E+03
 0.15495717925653E+03
 0.15587483586963E+03
 0.15683243217229E+03
 0.15783144930966E+03
 0.15887341938841E+03
 0.15995993424867E+03
 0.16109263758824E+03
 0.16227332139672E+03
 0.16350362575608E+03
 0.16478548088276E+03
 0.16612082491511E+03
 0.16751169376399E+03
 0.16896022350703E+03
 0.17046862834578E+03
 0.17203924498910E+03
 0.17367451586732E+03
 0.17537699498631E+03
 0.17714935379429E+03
 0.17899437638077E+03
 0.18091494473709E+03
 0.18291405936492E+03
 0.18499481171450E+03
 0.18716036483387E+03
 0.18941394651721E+03
 0.19175881334993E+03
 0.19419824300746E+03
 0.19673546554909E+03
 0.19937365495814E+03
 0.20211586461565E+03
 0.20496495500281E+03
 0.20792359046096E+03
 0.21099411660408E+03
 0.21417857092744E+03
 0.21747853534431E+03
 0.22089521829629E+03
 0.22442927207823E+03
 0.22808084181330E+03
 0.23184957703105E+03
 0.23573449707969E+03
 0.23973413138426E+03
 0.24384647753513E+03
 0.24806907690416E+03
 0.25239898290153E+03
 0.25683290043958E+03
 0.26136717231532E+03
 0.26599779638365E+03
 0.27072082444612E+03
 0.27553185001374E+03
 0.28042649579585E+03
 0.28540027571844E+03
 0.29044873194272E+03
 0.29556738330849E+03
 0.30075179025686E+03
 0.30599761122347E+03
 0.31130055716738E+03
 0.31665645149147E+03
 0.32206089881402E+03
 0.32751057048010E+03
 0.33300130218685E+03
 0.33852935148303E+03
 0.34409109669767E+03
 0.34968305266526E+03
 0.35530181783576E+03
 0.36094409729396E+03
 0.36660671656724E+03
 0.37228659609385E+03
 0.37798073669959E+03
 0.38368625622952E+03
 0.38940037148147E+03
 0.39512035934230E+03
 0.40084357887683E+03
 0.40656747005177E+03
 0.41228957003893E+03
 0.41800744780245E+03
 0.42371880426314E+03
 0.42942130262682E+03
 0.43511285621969E+03
 0.44079125780348E+03
 0.44645445629667E+03
 0.45210043242175E+03
 0.45772723591966E+03
 0.46333299231553E+03
 0.46891585699822E+03
 0.47447405147127E+03
 0.48000587821648E+03
 0.48550966030964E+03
 0.49098379054485E+03
 0.49642672761646E+03
 0.50183696580980E+03
 0.50721305856197E+03
 0.51255363185408E+03
 0.51785732643741E+03
 0.52312286259680E+03
 0.52834901590895E+03
 0.53353460473213E+03
 0.53867849588461E+03
 0.54377960298297E+03
 0.54883690243290E+03
 0.55384941643870E+03
 0.55881621568570E+03
 0.56373642407927E+03
 0.56860920407059E+03
 0.57343377958801E+03
 0.57820941957093E+03
 0.58293542549469E+03
 0.58761116481791E+03
 0.59223604513589E+03
 0.59680951735960E+03
 0.60133107536112E+03
 0.60580025691821E+03
 0.61021664608486E+03
 0.61457986992853E+03
 0.61888959448833E+03
 0.62314552761409E+03
 0.62734741814953E+03
 0.63149505047438E+03
 0.63558826426637E+03
 0.63962690537800E+03
 0.64361088154996E+03
 0.64754012372853E+03
 0.65141460671810E+03
 0.65523433060084E+03
 0.65899933033879E+03
 0.66270967270447E+03
 0.66636545791900E+03
 0.66996680621822E+03
 0.67351387894297E+03
 0.67700685755093E+03
 0.68044594739133E+03
 0.68383138710485E+03
 0.68716343140780E+03
 0.69044236339571E+03
 0.69366848295946E+03
 0.69684211959956E+03
 0.69996361657352E+03
 0.70303333844556E+03
 0.70605166571383E+03
 0.70901900212442E+03
 0.71193576292494E+03
 0.71480237348966E+03
 0.71761928980878E+03
 0.72038696272262E+03
 0.72310586536882E+03
 0.72577648788843E+03
 0.72839931675247E+03
 0.73097485978455E+03
 0.73350363357724E+03
 0.73598616018189E+03
 0.73842296680240E+03
 0.74081459169434E+03
 0.74316157904689E+03
 0.74546448566436E+03
 0.74772385643106E+03
 0.74994025139872E+03
 0.75211423431170E+03
 0.75424637143772E+03
 0.75633723298501E+03
