 0.00000000000000E+00
 0.00000000000000E+00
 0.00000000000000E+00
 0.00000000000000E+00
 0.13381834849486E-77
 0.12747687976304E-64
 0.23773147611763E-55
 0.21334356075873E-48
 0.54571331949008E-43
 0.11568435294743E-38
 0.40085333785544E-35
 0.35706575986961E-32
 0.11186815746645E-29
 0.15420799637930E-27
 0.11022111668259E-25
 0.46202782899051E-24
 0.12480180257700E-22
 0.23374301261982E-21
 0.32161810419873E-20
 0.34050453420721E-19
 0.28797553492315E-18
 0.20060933334918E-17
 0.11806132956750E-16
 0.59950246615221E-16
 0.26736268786605E-15
 0.10630475297441E-14
 0.38167801682647E-14
 0.12510997071957E-13
 0.37795365835067E-13
 0.10609420905827E-12
 0.27870656819358E-12
 0.68946764861146E-12
 0.16149980572745E-11
 0.35993290682414E-11
 0.76651793238751E-11
 0.15657671352749E-10
 0.30782934816384E-10
 0.58423737506878E-10
 0.10733665458125E-09
 0.19135971333892E-09
 0.33178510458621E-09
 0.56057740305247E-09
 0.92464266071446E-09
 0.14913765632609E-08
 0.23557393969539E-08
 0.36491208497290E-08
 0.55502677237479E-08
 0.82985517133490E-08
 0.12209852803483E-07
 0.17695323297775E-07
 0.25283284690829E-07
 0.35644485267658E-07
 0.49620920038036E-07
 0.68258380894304E-07
 0.92842867444503E-07
 0.12494094766652E-06
 0.16644411362722E-06
 0.21961713123490E-06
 0.28715033849552E-06
 0.37221579903899E-06
 0.47852716996707E-06
 0.61040312961710E-06
 0.77283410481210E-06
 0.97155208343867E-06
 0.12131032256531E-05
 0.15049229600515E-05
 0.18554132535332E-05
 0.22740217176826E-05
 0.27713222081920E-05
 0.33590965952006E-05
 0.40504173782393E-05
 0.48597308275296E-05
 0.58029403973632E-05
 0.68974897243942E-05
 0.81624462828228E-05
 0.96185836319624E-05
 0.11288463563394E-04
 0.13196517438974E-04
 0.15369126963435E-04
 0.17834704003675E-04
 0.20623769507614E-04
 0.23769033599470E-04
 0.27305496032941E-04
 0.31270439822498E-04
 0.35703628516565E-04
 0.40647312401374E-04
 0.46146326175252E-04
 0.52248172178751E-04
 0.59003105321913E-04
 0.66464219859057E-04
 0.74687541811579E-04
 0.83732131139643E-04
 0.93660176780801E-04
 0.10453711155104E-03
 0.11643173206208E-03
 0.12941631589420E-03
 0.14356676769969E-03
 0.15896276093654E-03
 0.17568792317262E-03
 0.19383000118050E-03
 0.21348102927467E-03
 0.23473760915405E-03
 0.25770108694741E-03
 0.28247784480587E-03
 0.30917958559247E-03
 0.33792364429719E-03
 0.36883333397500E-03
 0.40203834821511E-03
 0.43767516603827E-03
 0.47588751710394E-03
 0.51682690622203E-03
 0.56065317081895E-03
 0.60753508270298E-03
 0.65765106174471E-03
 0.71118992235814E-03
 0.76835154936680E-03
 0.82934802774584E-03
 0.89440444327960E-03
 0.96376126855061E-03
 0.10376707612110E-02
 0.11164050202676E-02
 0.12002530581548E-02
 0.12895233542124E-02
 0.13845455773967E-02
 0.14856722268711E-02
 0.15932805800843E-02
 0.17077749528958E-02
 0.18295888519484E-02
 0.19591876464110E-02
 0.20970709262834E-02
 0.22437757249418E-02
 0.23998793018844E-02
 0.25660029435191E-02
 0.27428151667372E-02
 0.29310360616643E-02
 0.31314409170445E-02
 0.33448655182288E-02
 0.35722104345998E-02
 0.38144464656934E-02
 0.40726203071208E-02
 0.43478604916003E-02
 0.46413844699724E-02
 0.49545047853441E-02
 0.52886374223938E-02
 0.56453093097814E-02
 0.60261672488783E-02
 0.64329876888486E-02
 0.68676865531590E-02
 0.73323303841385E-02
 0.78291462889611E-02
 0.83605513480624E-02
 0.89291082848893E-02
 0.95376198854968E-02
 0.10189090358347E-01
 0.10886756640220E-01
 0.11634104260833E-01
 0.12434871157580E-01
 0.13293080795740E-01
 0.14213044706854E-01
 0.15199381598740E-01
 0.16257028923544E-01
 0.17391251836810E-01
 0.18607646613405E-01
 0.19912149703313E-01
 0.21311024363885E-01
 0.22810853948015E-01
 0.24418517297356E-01
 0.26141143899978E-01
 0.27986086662295E-01
 0.29960832196177E-01
 0.32072939510288E-01
 0.34329927735025E-01
 0.36739143434634E-01
 0.39307646847458E-01
 0.42042021879778E-01
 0.44948235738818E-01
 0.48031413165191E-01
 0.51295707469143E-01
 0.54744091383074E-01
 0.58378193849596E-01
 0.62198187964930E-01
 0.66202655465437E-01
 0.70388559709410E-01
 0.74751185679005E-01
 0.79284229962546E-01
 0.83979818546513E-01
 0.88828671612746E-01
 0.93820203165816E-01
 0.98942697577518E-01
 0.10418375079176E+00
 0.10953005184029E+00
 0.11496793364732E+00
 0.12048344328865E+00
 0.12606260670866E+00
 0.13169154986257E+00
 0.13735667983262E+00
 0.14304485217795E+00
 0.14874343848379E+00
 0.15444045780142E+00
 0.16012681290353E+00
 0.16578770624032E+00
 0.17141546779450E+00
 0.17700115607424E+00
 0.18253664313228E+00
 0.18801460758816E+00
 0.19342849487740E+00
 0.19877250955648E+00
 0.20404158731319E+00
 0.20923134527353E+00
 0.21433803763127E+00
 0.21935853666752E+00
 0.22429027380050E+00
 0.22913119415720E+00
 0.23387971849897E+00
 0.23853469978038E+00
 0.24309539520093E+00
 0.24756139930859E+00
 0.25193265420342E+00
 0.25620933107448E+00
 0.26039195290016E+00
 0.26448117075316E+00
 0.26847786541560E+00
 0.27238309430290E+00
 0.27619804856300E+00
 0.27992405701397E+00
 0.28356254595428E+00
 0.28711503235574E+00
 0.29058310855326E+00
 0.29396841873083E+00
 0.29727266054299E+00
 0.30049756356398E+00
 0.30364487754188E+00
 0.30671637001582E+00
 0.30971382039463E+00
 0.31263900022196E+00
 0.31549367926341E+00
 0.31827961788441E+00
 0.32099856028441E+00
 0.32365222908891E+00
 0.32624232307107E+00
 0.32877051902658E+00
 0.33123846295327E+00
 0.33364777157896E+00
 0.33600003119038E+00
 0.33829679187351E+00
 0.34053957240889E+00
 0.34272985789803E+00
 0.34486909384681E+00
 0.34695869489343E+00
 0.34900003802709E+00
 0.35099446370749E+00
 0.35294327905961E+00
 0.35484775450300E+00
 0.35670912646552E+00
 0.35852859646264E+00
 0.36030733204441E+00
 0.36204646742098E+00
 0.36374710461636E+00
 0.36541031366467E+00
 0.36703713032317E+00
 0.36862856444662E+00
 0.37018559306285E+00
 0.37170916367881E+00
 0.37320019618587E+00
 0.37465958236821E+00
 0.37608818700128E+00
 0.37748684859226E+00
 0.37885638097804E+00
 0.38019757111833E+00
 0.38151118397191E+00
 0.38279796053629E+00
 0.38405861813607E+00
 0.38529385359194E+00
 0.38650434133058E+00
 0.38769073546175E+00
 0.38885367029750E+00
 0.38999376077071E+00
 0.39111160302699E+00
 0.39220777495461E+00
 0.39328283670823E+00
 0.39433733234969E+00
 0.39537178801070E+00
 0.39638671489934E+00
 0.39738260911425E+00
 0.39835995097404E+00
 0.39931920649069E+00
 0.40026082867262E+00
 0.40118525579338E+00
 0.40209291380078E+00
 0.40298421588823E+00
 0.40385956340295E+00
 0.40471934507000E+00
 0.40556393857301E+00
 0.40639371066183E+00
 0.40720901811064E+00
 0.40801020580472E+00
 0.40879760954684E+00
 0.40957155545289E+00
 0.41033236009884E+00
 0.41108033131991E+00
