 0.00000000000000E+00
 0.00000000000000E+00
 0.00000000000000E+00
 0.00000000000000E+00
 0.11019753719913E-25
 0.23360231460369E-21
 0.28753820835312E-18
 0.59753018131185E-16
 0.37930466552761E-14
 0.10497636745459E-12
 0.15885290746996E-11
 0.15284435449025E-10
 0.10380911652747E-09
 0.53625204894499E-09
 0.22254692673251E-08
 0.77307692098259E-08
 0.23195671128790E-07
 0.61599830759380E-07
 0.14760920179481E-06
 0.32412124047988E-06
 0.66036631365065E-06
 0.12611976818997E-05
 0.22770272833410E-05
 0.39137699247414E-05
 0.64421495397047E-05
 0.10205786100600E-04
 0.15627599113289E-04
 0.23214209112691E-04
 0.33558170539201E-04
 0.47338010395695E-04
 0.65316168468057E-04
 0.88335024235390E-04
 0.11731126487146E-03
 0.15322888206299E-03
 0.19713110293476E-03
 0.25011155446896E-03
 0.31330494746729E-03
 0.38787753448575E-03
 0.47501756810405E-03
 0.57592594522423E-03
 0.69180719774767E-03
 0.82386094709148E-03
 0.97327391174841E-03
 0.11412125339429E-02
 0.13288162609871E-02
 0.15371915031173E-02
 0.17674062686440E-02
 0.20204854596700E-02
 0.22974068530336E-02
 0.25990976302145E-02
 0.29264315630911E-02
 0.32802267181923E-02
 0.36612436838466E-02
 0.40701842711947E-02
 0.45076906541249E-02
 0.49743449113813E-02
 0.54706689358208E-02
 0.59971246705422E-02
 0.65541146543131E-02
 0.71419828332281E-02
 0.77610155911008E-02
 0.84114431081439E-02
 0.90934407503815E-02
 0.98071307246852E-02
 0.10552583893294E-01
 0.11329821694200E-01
 0.12138818191665E-01
 0.12979502221691E-01
 0.13851759610347E-01
 0.14755435480177E-01
 0.15690336620504E-01
 0.16656233895624E-01
 0.17652864718166E-01
 0.18679935174726E-01
 0.19737123094221E-01
 0.20824080098813E-01
 0.21940434185287E-01
 0.23085792169227E-01
 0.24259742201675E-01
 0.25461856105084E-01
 0.26691691604473E-01
 0.27948795244657E-01
 0.29232712124752E-01
 0.30542957875615E-01
 0.31879064297741E-01
 0.33240554030147E-01
 0.34626949109077E-01
 0.36037773175380E-01
 0.37472553401054E-01
 0.38930822135515E-01
 0.40412118917471E-01
 0.41915993168227E-01
 0.43442004528543E-01
 0.44989725502576E-01
 0.46558743298102E-01
 0.48148660100898E-01
 0.49759095840260E-01
 0.51389688770273E-01
 0.53040099215153E-01
 0.54710009224471E-01
 0.56399121640514E-01
 0.58107167205739E-01
 0.59833900511994E-01
 0.61579103991091E-01
 0.63342588846520E-01
 0.65124195925732E-01
 0.66923796844511E-01
 0.68741296274370E-01
 0.70576632041157E-01
 0.72429776410033E-01
 0.74300737911855E-01
 0.76189562202529E-01
 0.78096332558278E-01
 0.80021172491631E-01
 0.81964246715352E-01
 0.83925757349850E-01
 0.85905953520857E-01
 0.87905125965634E-01
 0.89923645788791E-01
 0.91961827933482E-01
 0.94020130173452E-01
 0.96099026186360E-01
 0.98199037263467E-01
 0.10032073443812E+00
 0.10246473531313E+00
 0.10463170474118E+00
 0.10682235797847E+00
 0.10903745770834E+00
 0.11127781718814E+00
 0.11354429389174E+00
 0.11583779439419E+00
 0.11815926770210E+00
 0.12050971051486E+00
 0.12289015909795E+00
 0.12530169339192E+00
 0.12774542711925E+00
 0.13022251509385E+00
 0.13273414306280E+00
 0.13528152746933E+00
 0.13786591266687E+00
 0.14048856654146E+00
 0.14315078242654E+00
 0.14585386771184E+00
 0.14859914780613E+00
 0.15138795730280E+00
 0.15422163854926E+00
 0.15710154108083E+00
 0.16002901603109E+00
 0.16300541473012E+00
 0.16603207493847E+00
 0.16911041533142E+00
 0.17224160059183E+00
 0.17542700509269E+00
 0.17866789646073E+00
 0.18196552206499E+00
 0.18532109965682E+00
 0.18873575522365E+00
 0.19221059016004E+00
 0.19574661084913E+00
 0.19934473356071E+00
 0.20300576030394E+00
 0.20673035179417E+00
 0.21051899135894E+00
 0.21437197728484E+00
 0.21828935952715E+00
 0.22227091759421E+00
 0.22631610917863E+00
 0.23042399748960E+00
 0.23459325290883E+00
 0.23882204068290E+00
 0.24310801793085E+00
 0.24744825956154E+00
 0.25183919558156E+00
 0.25627662765020E+00
 0.26075564922531E+00
 0.26527069495630E+00
 0.26981548358982E+00
 0.27438313824473E+00
 0.27896619418697E+00
 0.28355668183005E+00
 0.28814626270719E+00
 0.29272631151958E+00
 0.29728809473912E+00
 0.30182286531724E+00
 0.30632206967743E+00
 0.31077742173635E+00
 0.31518107258863E+00
 0.31952566517987E+00
 0.32380442017877E+00
 0.32801139253322E+00
 0.33214115455214E+00
 0.33618909520779E+00
 0.34015130728128E+00
 0.34402462158006E+00
 0.34780653440433E+00
 0.35149518417217E+00
 0.35508932313612E+00
 0.35858823490462E+00
 0.36199170578653E+00
 0.36530121390489E+00
 0.36851488283048E+00
 0.37163487840547E+00
 0.37466243110778E+00
 0.37759901876563E+00
 0.38044632655654E+00
 0.38320619908798E+00
 0.38588061720000E+00
 0.38847167036658E+00
 0.39098152411058E+00
 0.39341239525428E+00
 0.39576654300741E+00
 0.39804624391040E+00
 0.40025377609050E+00
 0.40239140884095E+00
 0.40446139116029E+00
 0.40646594822683E+00
 0.40840726146018E+00
 0.41028748288197E+00
 0.41210869399681E+00
 0.41387296811833E+00
 0.41558228487466E+00
 0.41723858319184E+00
 0.41884374786946E+00
 0.42039960061484E+00
 0.42190790999326E+00
 0.42337038288143E+00
 0.42478866917730E+00
 0.42616436257450E+00
 0.42749899771525E+00
 0.42879405690778E+00
 0.43005096726175E+00
 0.43127110138453E+00
 0.43245578134250E+00
 0.43360628085360E+00
 0.43472382187947E+00
 0.43580958084995E+00
 0.43686468929872E+00
 0.43789023458262E+00
 0.43888726088355E+00
 0.43985677116074E+00
 0.44079973042475E+00
 0.44171706480770E+00
 0.44260966432630E+00
 0.44347838445278E+00
 0.44432404583908E+00
 0.44514743783053E+00
 0.44594931914996E+00
 0.44673041717728E+00
 0.44749143247183E+00
 0.44823303751168E+00
 0.44895587823258E+00
 0.44966057622084E+00
 0.45034772844325E+00
 0.45101790910733E+00
 0.45167167013665E+00
 0.45230954225760E+00
 0.45293203591052E+00
 0.45353964229523E+00
 0.45413283402380E+00
 0.45471206484606E+00
 0.45527777313008E+00
 0.45583037985248E+00
 0.45637029020157E+00
 0.45689789464390E+00
 0.45741356911087E+00
 0.45791767572216E+00
 0.45841056335650E+00
 0.45889256850072E+00
 0.45936401473822E+00
 0.45982521471041E+00
 0.46027646965332E+00
 0.46071806971104E+00
 0.46115029524192E+00
 0.46157341633721E+00
 0.46198769371670E+00
 0.46239337906579E+00
 0.46279071532645E+00
 0.46317993703844E+00
 0.46356127064934E+00
 0.46393493481358E+00
 0.46430114107095E+00
 0.46466009330935E+00
 0.46501198890308E+00
 0.46535701873494E+00
 0.46569536704572E+00
 0.46602721202111E+00
 0.46635272631310E+00
 0.46667207650739E+00
 0.46698542401834E+00
 0.46729292499814E+00
 0.46759473070425E+00
 0.46789098728224E+00
 0.46818183635816E+00
 0.46846741511949E+00
 0.46874785668584E+00
 0.46902328948960E+00
 0.46929383827765E+00
 0.46955962393710E+00
 0.46982076357764E+00
 0.47007737083564E+00
