                  NaN
                  NaN
                  NaN
                  NaN
 0.82348601600524E+42
 0.18325073390316E+34
 0.12095083784778E+28
 0.28007884895362E+23
 0.69506214535189E+19
 0.90743792208361E+16
 0.39628685753622E+14
 0.42805660389875E+12
 0.92795948648851E+10
 0.34774594774612E+09
 0.20190953322732E+08
 0.16732269416555E+07
 0.18586108033251E+06
 0.26354661773683E+05
 0.45905820914310E+04
 0.95288617891953E+03
 0.23031379601263E+03
 0.63868583906421E+02
 0.20286949221250E+02
 0.75284400833268E+01
 0.34095636464257E+01
 0.19600792467715E+01
 0.14094637709696E+01
 0.11855633571825E+01
 0.13295711851106E+05
 0.66838640800466E+04
 0.69949067380540E+04
 0.52279303910261E+04
 0.39767698325414E+04
 0.30741979868959E+04
 0.24118724700009E+04
 0.19181506022480E+04
 0.15447463272484E+04
 0.12585367864348E+04
 0.10364280375952E+04
 0.86207274569165E+03
 0.72373520074209E+03
 0.61287796190947E+03
 0.52321416611650E+03
 0.45006051073118E+03
 0.38989050993323E+03
 0.34002168456231E+03
 0.29839403958570E+03
 0.26341137230221E+03
 0.23382649792099E+03
 0.20865689843773E+03
 0.18712277856175E+03
 0.16860082341121E+03
 0.15258940686099E+03
 0.13868222399770E+03
 0.12654811610311E+03
 0.11591561396415E+03
 0.10656095447719E+03
 0.98298753254788E+02
 0.90974595587029E+02
 0.84459244310455E+02
 0.78644092678730E+02
 0.73437398413465E+02
 0.68761395555812E+02
 0.64549884505543E+02
 0.60746285650509E+02
 0.57302042248075E+02
 0.54175358104632E+02
 0.51330143915274E+02
 0.48735124641277E+02
 0.46363094015775E+02
 0.44190316561275E+02
 0.42196055774188E+02
 0.40362104059485E+02
 0.38672435736272E+02
 0.37112951566813E+02
 0.35671181236819E+02
 0.34336058006028E+02
 0.33097728953351E+02
 0.31947462527703E+02
 0.30877449269106E+02
 0.29880691304092E+02
 0.28950928998449E+02
 0.28085176296731E+02
 0.27273167555776E+02
 0.26512885455056E+02
 0.25800209059235E+02
 0.25131391369984E+02
 0.24503051333504E+02
 0.23912103293980E+02
 0.23355734110650E+02
 0.22831385572492E+02
 0.22336720807466E+02
 0.21869597434048E+02
 0.21428051998547E+02
 0.21010288998282E+02
 0.20614642577919E+02
 0.20239574339963E+02
 0.19883664598992E+02
 0.19545611596933E+02
 0.19224206137453E+02
 0.18918315730335E+02
 0.18626889575884E+02
 0.18348944301433E+02
 0.18083562866432E+02
 0.17829890721133E+02
 0.17587118453947E+02
 0.17354484590470E+02
 0.17131274626266E+02
 0.16916810027040E+02
 0.16710444822973E+02
 0.16511568585131E+02
 0.16319599337295E+02
 0.16133976410293E+02
 0.15954166847766E+02
 0.15779663089788E+02
 0.15609957670816E+02
 0.15444581494672E+02
 0.15283070538320E+02
 0.15125104381402E+02
 0.14969995158726E+02
 0.14817438625230E+02
 0.14667024798290E+02
 0.14518348019441E+02
 0.14371014316285E+02
 0.14224641978254E+02
 0.14078851409990E+02
 0.13933277576449E+02
 0.13787562003856E+02
 0.13641362865019E+02
 0.13494342365987E+02
 0.13346178664381E+02
 0.13196559245760E+02
 0.13045190165939E+02
 0.12891789892931E+02
 0.12736097427078E+02
 0.12577867530687E+02
 0.12416878267649E+02
 0.12252929835038E+02
 0.12085846481397E+02
 0.11915479243613E+02
 0.11741706710137E+02
 0.11564438153437E+02
 0.11383612498253E+02
 0.11199201416420E+02
 0.11011208850649E+02
 0.10819671754802E+02
 0.10624660632845E+02
 0.10426278929250E+02
 0.10224662478908E+02
 0.10019978156912E+02
 0.98124315625779E+01
 0.96022297712448E+01
 0.93896335587669E+01
 0.91749190510620E+01
 0.89583829379109E+01
 0.87403406881330E+01
 0.85211265086290E+01
 0.83010866034172E+01
 0.80805793120270E+01
 0.78599715572543E+01
 0.76396372312155E+01
 0.74199536459426E+01
 0.72013006932275E+01
 0.69840577530273E+01
 0.67686025825919E+01
 0.65553093602794E+01
 0.63445466412236E+01
 0.61366769111841E+01
 0.59320529830597E+01
 0.57310182746306E+01
 0.55339035544228E+01
 0.53410258340940E+01
 0.51526866726588E+01
 0.49691683972755E+01
 0.47907331953462E+01
 0.46176191489144E+01
 0.44500393696198E+01
 0.42881766843976E+01
 0.41321830867666E+01
 0.39821771418572E+01
 0.38382415019657E+01
 0.37004230524446E+01
 0.35687313684814E+01
 0.34431404940293E+01
 0.33235886459763E+01
 0.32099819016322E+01
 0.31021959943306E+01
 0.30000807757127E+01
 0.29034639015442E+01
 0.28121511866419E+01
 0.27259374316309E+01
 0.26446050727265E+01
 0.25679298971529E+01
 0.24956836329972E+01
 0.24276376035470E+01
 0.23635650385934E+01
 0.23032429597759E+01
 0.22464543840570E+01
 0.21929893133455E+01
 0.21426262170158E+01
 0.20952118606837E+01
 0.20505428093226E+01
 0.20084450626167E+01
 0.19687542047980E+01
 0.19313153100118E+01
 0.18959828934338E+01
 0.18626205090662E+01
 0.18311003939391E+01
 0.18013031542002E+01
 0.17731173679732E+01
 0.17464390413235E+01
 0.17211712811044E+01
 0.16972238693829E+01
 0.16745128057461E+01
 0.16529599219086E+01
 0.16324924381886E+01
 0.16130427266426E+01
 0.15945477367544E+01
 0.15769490392160E+01
 0.15601918447825E+01
 0.15442255395885E+01
 0.15290028624073E+01
 0.15144797658639E+01
 0.15006152587867E+01
 0.14873710873932E+01
 0.14747116096127E+01
 0.14626035673459E+01
 0.14510159050918E+01
 0.14399196445685E+01
 0.14292876856040E+01
 0.14190946982977E+01
 0.14093170042720E+01
 0.13999324342619E+01
 0.13909202141163E+01
 0.13822609047082E+01
 0.13739362695737E+01
 0.13659291982949E+01
 0.13582236317711E+01
 0.13508044942377E+01
 0.13436576220972E+01
 0.13367696879816E+01
 0.13301281611171E+01
 0.13237212440447E+01
 0.13175378217098E+01
 0.13115674277992E+01
 0.13058001863510E+01
 0.13002267776285E+01
 0.12948384150097E+01
 0.12896267879709E+01
 0.12845840475820E+01
 0.12797027749553E+01
 0.12749759462163E+01
 0.12703969166419E+01
 0.12659593911398E+01
 0.12616574062924E+01
 0.12574853087004E+01
 0.12534377360783E+01
 0.12495095983786E+01
 0.12456960626389E+01
 0.12419925446108E+01
 0.12383946767246E+01
 0.12348983123608E+01
 0.12314995078392E+01
 0.12281945076596E+01
 0.12249797370598E+01
 0.12218517907542E+01
 0.12188074234631E+01
 0.12158435391755E+01
 0.12129571895415E+01
 0.12101455565913E+01
 0.12074059513096E+01
 0.12047358081986E+01
 0.12021326725964E+01
 0.11995942010366E+01
 0.11971181518321E+01
 0.11947023804753E+01
 0.11923448347554E+01
 0.11900435502094E+01
 0.11877966459318E+01
 0.11856023203210E+01
 0.11834588448176E+01
 0.11813645655105E+01
 0.11793178941223E+01
 0.11773173062785E+01
 0.11753613409551E+01
 0.11734485952673E+01
 0.11715777199789E+01
 0.11697474216677E+01
 0.11679564556232E+01
 0.11662036261602E+01
 0.11644877822561E+01
 0.11628078187467E+01
 0.11611626712796E+01
 0.11595513153980E+01
 0.11579727633287E+01
 0.11564260669037E+01
 0.11549103109602E+01
 0.11534246135407E+01
 0.11519681251307E+01
 0.11505400259070E+01
