 0.69215140312587E+01
 0.69215140312587E+01
 0.69215140312604E+01
 0.69215140312797E+01
 0.69215140313856E+01
 0.69215140317681E+01
 0.69215140328104E+01
 0.69215140351586E+01
 0.69215140398021E+01
 0.69215140480596E+01
 0.69215140615587E+01
 0.69215140820115E+01
 0.69215141109212E+01
 0.69215141489834E+01
 0.69215141953862E+01
 0.69215142469876E+01
 0.69215142973123E+01
 0.69215143355400E+01
 0.69215143456162E+01
 0.69215143052544E+01
 0.69215141851542E+01
 0.69215139483563E+01
 0.69215135498025E+01
 0.69215129360176E+01
 0.69215120456197E+01
 0.69215108089398E+01
 0.69215091493217E+01
 0.69215069837837E+01
 0.69215042234138E+01
 0.69215007735143E+01
 0.69214965377892E+01
 0.69214914191572E+01
 0.69214853195194E+01
 0.69214781407285E+01
 0.69214697858934E+01
 0.69214601615862E+01
 0.69214491770771E+01
 0.69214367454370E+01
 0.69214227820431E+01
 0.69214072086623E+01
 0.69213899513380E+01
 0.69213709377956E+01
 0.69213500986630E+01
 0.69213273665657E+01
 0.69213026753024E+01
 0.69212759586895E+01
 0.69212471496025E+01
 0.69212161821370E+01
 0.69211829763977E+01
 0.69211474590636E+01
 0.69211095469430E+01
 0.69210691497772E+01
 0.69210261688402E+01
 0.69209804957997E+01
 0.69209320116700E+01
 0.69208805853753E+01
 0.69208260726057E+01
 0.69207683153548E+01
 0.69207071401028E+01
 0.69206423571135E+01
 0.69205737589790E+01
 0.69205011210242E+01
 0.69204241982796E+01
 0.69203427272864E+01
 0.69202564225584E+01
 0.69201649771151E+01
 0.69200680611655E+01
 0.69199653213406E+01
 0.69198563807499E+01
 0.69197408364359E+01
 0.69196182587748E+01
 0.69194881907036E+01
 0.69193501462799E+01
 0.69192036159931E+01
 0.69190480534557E+01
 0.69188828830905E+01
 0.69187074970026E+01
 0.69185212533932E+01
 0.69183234756091E+01
 0.69181134504040E+01
 0.69178904266924E+01
 0.69176536143330E+01
 0.69174021178349E+01
 0.69171351762633E+01
 0.69168518206675E+01
 0.69165510847823E+01
 0.69162319543980E+01
 0.69158933639958E+01
 0.69155341942100E+01
 0.69151532732024E+01
 0.69147493704370E+01
 0.69143211919213E+01
 0.69138673828989E+01
 0.69133865221431E+01
 0.69128771143701E+01
 0.69123375960588E+01
 0.69117663268042E+01
 0.69111615823647E+01
 0.69105215611620E+01
 0.69098443699275E+01
 0.69091280162223E+01
 0.69083704247832E+01
 0.69075694148422E+01
 0.69067226956146E+01
 0.69058278674225E+01
 0.69048824187894E+01
 0.69038837163181E+01
 0.69028290000996E+01
 0.69017153797580E+01
 0.69005398292436E+01
 0.68992991785185E+01
 0.68979901092223E+01
 0.68966091512180E+01
 0.68951526709299E+01
 0.68936168708397E+01
 0.68919977877591E+01
 0.68902912696014E+01
 0.68884929865983E+01
 0.68865983063420E+01
 0.68846027346636E+01
 0.68825012552530E+01
 0.68802887522401E+01
 0.68779599001707E+01
 0.68755091695859E+01
 0.68729308029506E+01
 0.68702188310789E+01
 0.68673670623004E+01
 0.68643690783319E+01
 0.68612182474840E+01
 0.68579077106395E+01
 0.68544303858459E+01
 0.68507789799745E+01
 0.68469459738118E+01
 0.68429236446439E+01
 0.68387040550986E+01
 0.68342790740345E+01
 0.68296403687699E+01
 0.68247794338496E+01
 0.68196875790700E+01
 0.68143559455853E+01
 0.68087755185230E+01
 0.68029371287075E+01
 0.67968314761525E+01
 0.67904491187488E+01
 0.67837805130573E+01
 0.67768159950475E+01
 0.67695458073964E+01
 0.67619601018273E+01
 0.67540489282387E+01
 0.67458022907512E+01
 0.67372099725431E+01
 0.67282621177465E+01
 0.67189483993929E+01
 0.67092585968455E+01
 0.66991824458762E+01
 0.66887095379248E+01
 0.66778296360706E+01
 0.66665322867422E+01
 0.66548071118273E+01
 0.66426436563191E+01
 0.66300314593178E+01
 0.66169600358395E+01
 0.66034188975801E+01
 0.65893975161325E+01
 0.65748853559515E+01
 0.65598718226009E+01
 0.65443463582020E+01
 0.65282983442717E+01
 0.65117171565803E+01
 0.64945921608350E+01
 0.64769126373270E+01
 0.64586678583971E+01
 0.64398470708763E+01
 0.64204394349959E+01
 0.64004340701908E+01
 0.63798200074743E+01
 0.63585862584565E+01
 0.63367216753001E+01
 0.63142150072525E+01
 0.62910549301522E+01
 0.62672300136066E+01
 0.62427286633581E+01
 0.62175391766470E+01
 0.61916498157273E+01
 0.61650485804708E+01
 0.61377233609957E+01
 0.61096619344470E+01
 0.60808519841927E+01
 0.60512811043774E+01
 0.60209366460065E+01
 0.59898059791939E+01
 0.59578763016793E+01
 0.59251347439785E+01
 0.58915683304851E+01
 0.58571640038738E+01
 0.58219086262539E+01
 0.57857889765384E+01
 0.57487917763078E+01
 0.57109036448615E+01
 0.56721111511698E+01
 0.56324008260214E+01
 0.55917590899732E+01
 0.55501723418425E+01
 0.55076269196524E+01
 0.54641090519504E+01
 0.54196049310964E+01
 0.53741006952410E+01
 0.53275824332158E+01
 0.52800361687089E+01
 0.52314478741182E+01
 0.51818033700031E+01
 0.51310884891777E+01
 0.50792890570308E+01
 0.50263907651386E+01
 0.49723792441869E+01
 0.49172399947811E+01
 0.48609586597416E+01
 0.48035205465266E+01
 0.47449111437756E+01
 0.46851157056857E+01
 0.46241195143327E+01
 0.45619077791892E+01
 0.44984655741587E+01
 0.44337779931313E+01
 0.43678299730395E+01
 0.43006064772499E+01
 0.42320923752388E+01
 0.41622724234203E+01
 0.40911313921074E+01
 0.40186539470754E+01
 0.39448246663963E+01
 0.38696281160891E+01
 0.37930487762041E+01
 0.37150710270783E+01
 0.36356792520441E+01
 0.35548577254534E+01
 0.34725906882540E+01
 0.33888622691033E+01
 0.33036565688654E+01
 0.32169576566465E+01
 0.31287494934354E+01
 0.30390159897452E+01
 0.29477410046980E+01
 0.28549083232698E+01
 0.27605016884548E+01
 0.26645047468130E+01
 0.25669011068023E+01
 0.24676743450309E+01
 0.23668079322011E+01
 0.22642852910392E+01
 0.21600898021073E+01
 0.20542047738050E+01
 0.19466134544791E+01
 0.18372990259933E+01
 0.17262446236672E+01
 0.16134333288531E+01
 0.14988481571211E+01
 0.13824720623237E+01
 0.12642879145790E+01
 0.11442786187194E+01
 0.10224268953909E+01
 0.89871548875907E+00
 0.77312706650679E+00
 0.64564422787819E+00
 0.51624953534326E+00
 0.38492548217527E+00
 0.25165450370618E+00
 0.11641895548198E+00
-0.20798799990052E-01
-0.16001653949905E+00
-0.30125203375415E+00
-0.44452313330036E+00
-0.58984776222283E+00
-0.73724386141995E+00
-0.88672944666484E+00
-0.10383225960431E+01
-0.11920414543680E+01
-0.13479042066159E+01
-0.15059291040395E+01
-0.16661344219815E+01
-0.18285385592992E+01
-0.19931599101442E+01
-0.21600169368360E+01
-0.23291282007447E+01
-0.25005122585920E+01
-0.26741877378989E+01
-0.28501733807720E+01
-0.30284879026064E+01
-0.32091501134034E+01
-0.33921788880014E+01
-0.35775931659671E+01
-0.37654119010000E+01
-0.39556541161504E+01
-0.41483388974057E+01
-0.43434854646594E+01
-0.45411129482687E+01
-0.47412406145450E+01
-0.49438877804647E+01
-0.51490738192814E+01
-0.53568181793359E+01
