 0.11003733297191E+01
 0.11003733293926E+01
 0.11003733258756E+01
 0.11003733110890E+01
 0.11003732711308E+01
 0.11003731866943E+01
 0.11003730334000E+01
 0.11003727820619E+01
 0.11003723998508E+01
 0.11003718543107E+01
 0.11003711222533E+01
 0.11003702043823E+01
 0.11003691441862E+01
 0.11003680480822E+01
 0.11003671031184E+01
 0.11003665893212E+01
 0.11003668850749E+01
 0.11003684652103E+01
 0.11003718924363E+01
 0.11003778040349E+01
 0.11003868947623E+01
 0.11003998980215E+01
 0.11004175667391E+01
 0.11004406548522E+01
 0.11004699003014E+01
 0.11005060093154E+01
 0.11005496451355E+01
 0.11006014170793E+01
 0.11006618714546E+01
 0.11007314858289E+01
 0.11008106658269E+01
 0.11008997421422E+01
 0.11009989702789E+01
 0.11011085311456E+01
 0.11012285330328E+01
 0.11013590142683E+01
 0.11014999468807E+01
 0.11016512408857E+01
 0.11018127486117E+01
 0.11019842701782E+01
 0.11021655579838E+01
 0.11023563220667E+01
 0.11025562352005E+01
 0.11027649383221E+01
 0.11029820451730E+01
 0.11032071470888E+01
 0.11034398174782E+01
 0.11036796154105E+01
 0.11039260920287E+01
 0.11041787907253E+01
 0.11044372526613E+01
 0.11047010192813E+01
 0.11049696351577E+01
 0.11052426504350E+01
 0.11055196229437E+01
 0.11058001202255E+01
 0.11060837212767E+01
 0.11063700178776E+01
 0.11066586159055E+01
 0.11069491363776E+01
 0.11072412147739E+01
 0.11075345067453E+01
 0.11078286831285E+01
 0.11081234326928E+01
 0.11084184620953E+01
 0.11087134961934E+01
 0.11090082779187E+01
 0.11093025687600E+01
 0.11095961487836E+01
 0.11098888156726E+01
 0.11101803850941E+01
 0.11104706905327E+01
 0.11107595835895E+01
 0.11110469298896E+01
 0.11113326150366E+01
 0.11116165400361E+01
 0.11118986217481E+01
 0.11121787924442E+01
 0.11124570004915E+01
 0.11127332087537E+01
 0.11130073922340E+01
 0.11132795460639E+01
 0.11135496988996E+01
 0.11138178244401E+01
 0.11140839758975E+01
 0.11143481976472E+01
 0.11146105464445E+01
 0.11148710914261E+01
 0.11151299139017E+01
 0.11153871054338E+01
 0.11156427676520E+01
 0.11158970182189E+01
 0.11161499812186E+01
 0.11164017925737E+01
 0.11166526000009E+01
 0.11169025582495E+01
 0.11171518334110E+01
 0.11174005952701E+01
 0.11176490366781E+01
 0.11178973576086E+01
 0.11181457477585E+01
 0.11183944333421E+01
 0.11186436335374E+01
 0.11188935790373E+01
 0.11191445088331E+01
 0.11193966725007E+01
 0.11196503255507E+01
 0.11199057349038E+01
 0.11201631739364E+01
 0.11204229232388E+01
 0.11206852712349E+01
 0.11209505134269E+01
 0.11212189511169E+01
 0.11214908931741E+01
 0.11217666545198E+01
 0.11220465495226E+01
 0.11223309025823E+01
 0.11226200386719E+01
 0.11229143269266E+01
 0.11232140185089E+01
 0.11235194796131E+01
 0.11238310323172E+01
 0.11241489999310E+01
 0.11244737060019E+01
 0.11248054580657E+01
 0.11251445550744E+01
 0.11254912826749E+01
 0.11258459119557E+01
 0.11262087010830E+01
 0.11265798793578E+01
 0.11269596543888E+01
 0.11273482017517E+01
 0.11277456668377E+01
 0.11281521550914E+01
 0.11285677308799E+01
 0.11289924068438E+01
 0.11294261525876E+01
 0.11298688760786E+01
 0.11303204245468E+01
 0.11307805786262E+01
 0.11312490469779E+01
 0.11317254660058E+01
 0.11322093885466E+01
 0.11327002812236E+01
 0.11331975250812E+01
 0.11337004038568E+01
 0.11342081077005E+01
 0.11347197258472E+01
 0.11352342459673E+01
 0.11357505395653E+01
 0.11362674319638E+01
 0.11367834955257E+01
 0.11372973172024E+01
 0.11378073089789E+01
 0.11383118002352E+01
 0.11388090008763E+01
 0.11392969574724E+01
 0.11397736356868E+01
 0.11402368717675E+01
 0.11406843769757E+01
 0.11411137441699E+01
 0.11415224619632E+01
 0.11419078870627E+01
 0.11422672974581E+01
 0.11425978589328E+01
 0.11428966474137E+01
 0.11431606904032E+01
 0.11433869204136E+01
 0.11435722915474E+01
 0.11437137349424E+01
 0.11438082227720E+01
 0.11438527916127E+01
 0.11438445850030E+01
 0.11437809215786E+01
 0.11436593280717E+01
 0.11434775933667E+01
 0.11432338083189E+01
 0.11429264632383E+01
 0.11425544121586E+01
 0.11421169820716E+01
 0.11416140097027E+01
 0.11410457820444E+01
 0.11404131314231E+01
 0.11397174032867E+01
 0.11389604165839E+01
 0.11381444440046E+01
 0.11372721999738E+01
 0.11363467588557E+01
 0.11353715280064E+01
 0.11343501418913E+01
 0.11332864593051E+01
 0.11321844435944E+01
 0.11310481461631E+01
 0.11298816215376E+01
 0.11286888855285E+01
 0.11274738703578E+01
 0.11262403783316E+01
 0.11249920597049E+01
 0.11237323825273E+01
 0.11224646024907E+01
 0.11211917906864E+01
 0.11199167693208E+01
 0.11186421440593E+01
 0.11173702976801E+01
 0.11161033954399E+01
 0.11148433890940E+01
 0.11135920284258E+01
 0.11123508653000E+01
 0.11111212694600E+01
 0.11099044459058E+01
 0.11087014404407E+01
 0.11075131458096E+01
 0.11063403215655E+01
 0.11051836073049E+01
 0.11040435301337E+01
 0.11029205142219E+01
 0.11018148876377E+01
 0.11007269041437E+01
 0.10996567417667E+01
 0.10986044950807E+01
 0.10975702215810E+01
 0.10965539212473E+01
 0.10955555433214E+01
 0.10945749993959E+01
 0.10936121629810E+01
 0.10926668821183E+01
 0.10917389731322E+01
 0.10908282305427E+01
 0.10899344330293E+01
 0.10890573383795E+01
 0.10881966926360E+01
 0.10873522306625E+01
 0.10865236783669E+01
 0.10857107528677E+01
 0.10849131680113E+01
 0.10841306323659E+01
 0.10833628526260E+01
 0.10826095321677E+01
 0.10818703751886E+01
 0.10811450884014E+01
 0.10804333767724E+01
 0.10797349485197E+01
 0.10790495143630E+01
 0.10783767871918E+01
 0.10777164852720E+01
 0.10770683286809E+01
 0.10764320414534E+01
 0.10758073556706E+01
 0.10751940037651E+01
 0.10745917249915E+01
 0.10740002640348E+01
 0.10734193694083E+01
 0.10728487953201E+01
 0.10722883008043E+01
 0.10717376508068E+01
 0.10711966152034E+01
 0.10706649690819E+01
 0.10701424923595E+01
 0.10696289694142E+01
 0.10691241941323E+01
 0.10686279582238E+01
 0.10681400632860E+01
 0.10676603149449E+01
 0.10671885235799E+01
 0.10667245040133E+01
 0.10662680758755E+01
 0.10658190633843E+01
 0.10653772946347E+01
 0.10649426035072E+01
 0.10645148267195E+01
 0.10640938059081E+01
 0.10636793870536E+01
 0.10632714196359E+01
 0.10628697570579E+01
 0.10624742572299E+01
 0.10620847809373E+01
 0.10617011926772E+01
 0.10613233609616E+01
 0.10609511574667E+01
 0.10605844571403E+01
 0.10602231380767E+01
 0.10598670825400E+01
 0.10595161745865E+01
 0.10591703014676E+01
 0.10588293540842E+01
 0.10584932259735E+01
 0.10581618128529E+01
 0.10578350138011E+01
 0.10575127300923E+01
 0.10571948660949E+01
 0.10568813276285E+01
 0.10565720237685E+01
 0.10562668661527E+01
 0.10559657680647E+01
 0.10556686444580E+01
 0.10553754139206E+01
 0.10550859961657E+01
 0.10548003131378E+01
 0.10545182887113E+01
 0.10542398486729E+01
