 0.22154049914417E+00
 0.22154049914436E+00
 0.22154049914888E+00
 0.22154049917921E+00
 0.22154049928689E+00
 0.22154049955414E+00
 0.22154050008683E+00
 0.22154050100274E+00
 0.22154050239333E+00
 0.22154050420367E+00
 0.22154050596067E+00
 0.22154050631093E+00
 0.22154050239384E+00
 0.22154048913245E+00
 0.22154031899369E+00
 0.22154025972912E+00
 0.22154000234604E+00
 0.22153966882686E+00
 0.22153906147416E+00
 0.22153829563042E+00
 0.22153712387715E+00
 0.22153565928279E+00
 0.22153361170962E+00
 0.22153111844952E+00
 0.22152785945926E+00
 0.22152399714936E+00
 0.22151919568849E+00
 0.22151363356422E+00
 0.22150697710715E+00
 0.22149941211192E+00
 0.22149062271268E+00
 0.22148079393469E+00
 0.22146976688213E+00
 0.22145735123062E+00
 0.22144376943130E+00
 0.22142888103752E+00
 0.22141266330062E+00
 0.22139496380632E+00
 0.22137605331959E+00
 0.22135581875160E+00
 0.22133427557065E+00
 0.22131145220404E+00
 0.22128724044292E+00
 0.22126196603250E+00
 0.22123555452065E+00
 0.22120806718964E+00
 0.22117957707597E+00
 0.22115016542013E+00
 0.22111977690681E+00
 0.22108878824311E+00
 0.22105717116374E+00
 0.22102503564602E+00
 0.22099250076464E+00
 0.22095969245702E+00
 0.22092674313539E+00
 0.22089379158916E+00
 0.22086083688952E+00
 0.22082831371878E+00
 0.22079624167985E+00
 0.22076478098036E+00
 0.22073409857295E+00
 0.22070436649726E+00
 0.22067576164989E+00
 0.22064846568938E+00
 0.22062268833145E+00
 0.22059843331576E+00
 0.22057619848942E+00
 0.22055604599073E+00
 0.22053817861871E+00
 0.22052280455077E+00
 0.22051013631302E+00
 0.22050039071613E+00
 0.22049378875345E+00
 0.22049055579962E+00
 0.22049078015481E+00
 0.22049497402642E+00
 0.22050324149732E+00
 0.22051582667817E+00
 0.22053297913144E+00
 0.22055495404044E+00
 0.22058201232819E+00
 0.22061442116178E+00
 0.22065231893113E+00
 0.22069624961256E+00
 0.22074637149423E+00
 0.22080297928483E+00
 0.22086637657918E+00
 0.22093687355790E+00
 0.22101479201402E+00
 0.22110046243252E+00
 0.22119409296053E+00
 0.22129629311202E+00
 0.22140729932203E+00
 0.22152752277790E+00
 0.22165728922079E+00
 0.22179702990516E+00
 0.22194704105908E+00
 0.22210799082621E+00
 0.22228021242557E+00
 0.22246417033501E+00
 0.22266034905461E+00
 0.22286925073657E+00
 0.22309128463049E+00
 0.22332721551314E+00
 0.22357749294832E+00
 0.22384270394184E+00
 0.22412336028487E+00
 0.22442028151901E+00
 0.22473402839996E+00
 0.22506528144583E+00
 0.22541474512400E+00
 0.22578305966562E+00
 0.22617115395642E+00
 0.22657972241245E+00
 0.22700961769898E+00
 0.22746150539993E+00
 0.22793643339177E+00
 0.22843520725331E+00
 0.22895866133146E+00
 0.22950784381988E+00
 0.23008363989973E+00
 0.23068694888878E+00
 0.23131886019053E+00
 0.23198030952116E+00
 0.23267223735969E+00
 0.23339575077298E+00
 0.23415176609825E+00
 0.23494136039384E+00
 0.23576543698811E+00
 0.23662503091142E+00
 0.23752100475720E+00
 0.23845430351638E+00
 0.23942568729402E+00
 0.24043593650309E+00
 0.24148565696902E+00
 0.24257537439696E+00
 0.24370533624705E+00
 0.24487566384019E+00
 0.24608618320276E+00
 0.24733641801774E+00
 0.24862553388757E+00
 0.24995227445243E+00
 0.25131491719893E+00
 0.25271126768115E+00
 0.25413863262446E+00
 0.25559374491752E+00
 0.25707290715001E+00
 0.25857191584212E+00
 0.26008618464094E+00
 0.26161092177791E+00
 0.26314107286967E+00
 0.26467156839109E+00
 0.26619737070549E+00
 0.26771371016415E+00
 0.26921605302525E+00
 0.27070025421076E+00
 0.27216262618880E+00
 0.27359993817204E+00
 0.27500943265930E+00
 0.27638888207815E+00
 0.27773642772415E+00
 0.27905068608206E+00
 0.28033058089543E+00
 0.28157541620935E+00
 0.28278476576142E+00
 0.28395841804085E+00
 0.28509636540788E+00
 0.28619879556011E+00
 0.28726595206597E+00
 0.28829823532430E+00
 0.28929611419237E+00
 0.29026009309204E+00
 0.29119075757386E+00
 0.29208865903304E+00
 0.29295442471610E+00
 0.29378868693925E+00
 0.29459205607556E+00
 0.29536515942775E+00
 0.29610863036574E+00
 0.29682308335796E+00
 0.29750912909629E+00
 0.29816736509536E+00
 0.29879838285497E+00
 0.29940275824796E+00
 0.29998107440652E+00
 0.30053389165734E+00
 0.30106176041077E+00
 0.30156522389907E+00
 0.30204480785028E+00
 0.30250105888396E+00
 0.30293449065706E+00
 0.30334560776088E+00
 0.30373492045184E+00
 0.30410291253098E+00
 0.30445009704417E+00
 0.30477694949042E+00
 0.30508394262832E+00
 0.30537154889076E+00
 0.30564024877355E+00
 0.30589046870073E+00
 0.30612272081391E+00
 0.30633742109639E+00
 0.30653503066342E+00
 0.30671598155085E+00
 0.30688070910880E+00
 0.30702963549611E+00
 0.30716320110472E+00
 0.30728181827319E+00
 0.30738589905157E+00
 0.30747584323391E+00
 0.30755207307269E+00
 0.30761497372446E+00
 0.30766493907972E+00
 0.30770234460616E+00
 0.30772758841778E+00
 0.30774103328117E+00
 0.30774304945679E+00
 0.30773398522443E+00
 0.30771422485130E+00
 0.30768409719798E+00
 0.30764394486981E+00
 0.30759410831174E+00
 0.30753492808266E+00
 0.30746671510610E+00
 0.30738978828229E+00
 0.30730446117889E+00
 0.30721104657740E+00
 0.30710983259591E+00
 0.30700111458416E+00
 0.30688517080100E+00
 0.30676229517707E+00
 0.30663275617428E+00
 0.30649681361928E+00
 0.30635472727180E+00
 0.30620676247754E+00
 0.30605315658128E+00
 0.30589415354147E+00
 0.30572999172221E+00
 0.30556089446958E+00
 0.30538709347180E+00
 0.30520880054213E+00
 0.30502622873005E+00
 0.30483957912768E+00
 0.30464906129426E+00
 0.30445486425625E+00
 0.30425717778431E+00
 0.30405618073453E+00
 0.30385206009639E+00
 0.30364498439035E+00
 0.30343512117491E+00
 0.30322263327710E+00
 0.30300767529301E+00
 0.30279040626531E+00
 0.30257097118648E+00
 0.30234951405854E+00
 0.30212617365570E+00
 0.30190107818046E+00
 0.30167436636439E+00
 0.30144616116694E+00
 0.30121657775068E+00
 0.30098574550786E+00
 0.30075376224266E+00
 0.30052075290023E+00
 0.30028681576099E+00
 0.30005205169994E+00
 0.29981656064891E+00
 0.29958043212088E+00
 0.29934376795388E+00
 0.29910664895229E+00
 0.29886916032548E+00
 0.29863138476839E+00
 0.29839340063842E+00
 0.29815528014809E+00
 0.29791710321983E+00
 0.29767893212746E+00
 0.29744083643486E+00
 0.29720288123068E+00
 0.29696512658071E+00
 0.29672763065145E+00
 0.29649045545476E+00
 0.29625365668425E+00
 0.29601727241116E+00
 0.29578136564645E+00
 0.29554598072718E+00
 0.29531116045353E+00
 0.29507695295637E+00
 0.29484339748043E+00
 0.29461053365089E+00
 0.29437839951212E+00
 0.29414703119227E+00
 0.29391646108251E+00
 0.29368672587664E+00
 0.29345785385576E+00
 0.29322987662901E+00
 0.29300281967203E+00
 0.29277671155834E+00
 0.29255157681625E+00
 0.29232743748279E+00
 0.29210431968545E+00
 0.29188224729985E+00
