 0.00000000000000E+00
-0.27731104894871E-22
-0.73916257341193E-21
-0.53700027535530E-20
-0.20018294343406E-19
-0.58133935593224E-19
 0.18309811447555E-10
 0.44215734887995E-11
-0.63476885572977E-11
-0.23665790953535E-11
 0.42696028322642E-10
 0.68254548114501E-11
-0.13546613389854E-10
 0.64817285808662E-11
 0.85046311865835E-10
-0.21739139178862E-08
 0.36037772075544E-09
-0.26085581858263E-08
-0.21110323735787E-08
-0.69677321299155E-08
-0.27439967507019E-07
-0.60574859475354E-07
-0.15522640529083E-06
-0.28718190127689E-06
-0.56601563695406E-06
-0.91698808087600E-06
-0.15317831214495E-05
-0.22357400262104E-05
-0.33065680033467E-05
-0.44145807149314E-05
-0.59026506178631E-05
-0.72367892930750E-05
-0.84463042729753E-05
-0.97632585627344E-05
-0.10168656170797E-04
-0.96105307455259E-05
-0.76598162389087E-05
-0.44877943954704E-05
 0.17622019323479E-05
 0.11248680572470E-04
 0.24739775014549E-04
 0.10353107637531E-03
 0.67481016500297E-04
 0.97072490655619E-04
 0.13578882920395E-03
 0.18353337189573E-03
 0.22691051828811E-03
 0.23650206831275E-03
 0.34645197680715E-03
 0.48655061173258E-03
 0.59827353053916E-03
 0.75312460220806E-03
 0.84334304374356E-03
 0.10833930922276E-02
 0.11662485826962E-02
 0.13319460286371E-02
 0.17580068733447E-02
 0.19260562221878E-02
 0.21658450505178E-02
 0.24904820293403E-02
 0.28708407618908E-02
 0.32128419391181E-02
 0.35574536415205E-02
 0.39447362479574E-02
 0.44355202676715E-02
 0.50033700233412E-02
 0.55805115510289E-02
 0.61298631770808E-02
 0.67083151328319E-02
 0.73487913542319E-02
 0.80197145813221E-02
 0.86920178532951E-02
 0.94765008035284E-02
 0.10334475439706E-01
 0.11268800590271E-01
 0.12227488000594E-01
 0.13192012296977E-01
 0.14153128791773E-01
 0.15154274453293E-01
 0.16291612808863E-01
 0.17516203337432E-01
 0.18771117940256E-01
 0.20106238684818E-01
 0.21481068126511E-01
 0.22919449903663E-01
 0.24420654691166E-01
 0.25992189157800E-01
 0.27610464720239E-01
 0.29330713537788E-01
 0.31156716402812E-01
 0.33099820605363E-01
 0.35063891024869E-01
 0.37136387755022E-01
 0.39293391540447E-01
 0.41556766736221E-01
 0.43923977503467E-01
 0.46386949523562E-01
 0.48998181734332E-01
 0.51740138561320E-01
 0.54565577976340E-01
 0.57536385762550E-01
 0.60637775989588E-01
 0.63885839993026E-01
 0.67300374409659E-01
 0.70871662065185E-01
 0.74620704186787E-01
 0.78541555376685E-01
 0.82637336699251E-01
 0.86931943389437E-01
 0.91439602442869E-01
 0.96174196842203E-01
 0.10113590526616E+00
 0.10634497838859E+00
 0.11179249528853E+00
 0.11751798647941E+00
 0.12354435441709E+00
 0.12986553281480E+00
 0.13648966878565E+00
 0.14344208231679E+00
 0.15074960730050E+00
 0.15842892940413E+00
 0.16649655577956E+00
 0.17497592027419E+00
 0.18387487504147E+00
 0.19323362318557E+00
 0.20305772155308E+00
 0.21336051321686E+00
 0.22415827425687E+00
 0.23547114271567E+00
 0.24730363049817E+00
 0.25965547848737E+00
 0.27251985923877E+00
 0.28588623276404E+00
 0.29971624361108E+00
 0.31395956373729E+00
 0.32857434993070E+00
 0.34347361703216E+00
 0.35855404035866E+00
 0.37368609292182E+00
 0.38869252155439E+00
 0.40336625594594E+00
 0.41745007286824E+00
 0.43064212558461E+00
 0.44261899081540E+00
 0.45305293626035E+00
 0.46163544797215E+00
 0.46810301769867E+00
 0.47226884548591E+00
 0.47403563824208E+00
 0.47340762243355E+00
 0.47047702694921E+00
 0.46543255243253E+00
 0.45852975435214E+00
 0.45007654276334E+00
 0.44039851827540E+00
 0.42984315408876E+00
 0.41871734921296E+00
 0.40731953264225E+00
 0.39589627736002E+00
 0.38465701493298E+00
 0.37376856231771E+00
 0.36334192188137E+00
 0.35345824247970E+00
 0.34416154820779E+00
 0.33547151619470E+00
 0.32738589494833E+00
 0.31988533350373E+00
 0.31294461124565E+00
 0.30653231599737E+00
 0.30060816665269E+00
 0.29513813295171E+00
 0.29008244533201E+00
 0.28540625470517E+00
 0.28107303169782E+00
 0.27704726567998E+00
 0.27330069278844E+00
 0.26980816191598E+00
 0.26654242010413E+00
 0.26348323327101E+00
 0.26061217577740E+00
 0.25790887907854E+00
 0.25536035817576E+00
 0.25295091375881E+00
 0.25066849875006E+00
 0.24850421762895E+00
 0.24644636519765E+00
 0.24448846919749E+00
 0.24262158701510E+00
 0.24084026038906E+00
 0.23913616111917E+00
 0.23750690795659E+00
 0.23594579453947E+00
 0.23444828652404E+00
 0.23301167107816E+00
 0.23163238097288E+00
 0.23030691482660E+00
 0.22903147998025E+00
 0.22780369890103E+00
 0.22662149344150E+00
 0.22548255026431E+00
 0.22438636308056E+00
 0.22332863404023E+00
 0.22230916529514E+00
 0.22132558911731E+00
 0.22037670905669E+00
 0.21946121071733E+00
 0.21857917229193E+00
 0.21772597595889E+00
 0.21690321664402E+00
 0.21610948326018E+00
 0.21534321427780E+00
 0.21460081572558E+00
 0.21388753146061E+00
 0.21319847429269E+00
 0.21253305019031E+00
 0.21188885638474E+00
 0.21126852411932E+00
 0.21066956844933E+00
 0.21009091340475E+00
 0.20953119655321E+00
 0.20899147173998E+00
 0.20847392763329E+00
 0.20797162373188E+00
 0.20748779836684E+00
 0.20701896486661E+00
 0.20656972134503E+00
 0.20613500417344E+00
 0.20571525817387E+00
 0.20531070182313E+00
 0.20492040262279E+00
 0.20454541866340E+00
 0.20418385021970E+00
 0.20383554236520E+00
 0.20349906532550E+00
 0.20317582718348E+00
 0.20286439593155E+00
 0.20256351954440E+00
 0.20227532537080E+00
 0.20199542908296E+00
 0.20172815399131E+00
 0.20147074619552E+00
 0.20122154141211E+00
 0.20098109986875E+00
 0.20075362679007E+00
 0.20053122067359E+00
 0.20032076981171E+00
 0.20011610422738E+00
 0.19992177898631E+00
 0.19973207587973E+00
 0.19955014306852E+00
 0.19937694150021E+00
 0.19921144519798E+00
 0.19904984909179E+00
 0.19889796323495E+00
 0.19874881261969E+00
 0.19860955301757E+00
 0.19847531326776E+00
 0.19834539874262E+00
 0.19822183031795E+00
 0.19810350607293E+00
 0.19798927772110E+00
 0.19787818895763E+00
 0.19777435589627E+00
 0.19767327226413E+00
 0.19757659747676E+00
 0.19748676362549E+00
 0.19739709352189E+00
 0.19731113364592E+00
 0.19723243585204E+00
 0.19715566596373E+00
 0.19708300999933E+00
 0.19701559773826E+00
 0.19694964295386E+00
 0.19688657992857E+00
 0.19682632973796E+00
 0.19676797711128E+00
 0.19671393202420E+00
 0.19666339437092E+00
 0.19661402726174E+00
 0.19656544680809E+00
 0.19652017299251E+00
 0.19647598386717E+00
 0.19643642959023E+00
 0.19640012694691E+00
 0.19636278332734E+00
 0.19632802129774E+00
 0.19629738331319E+00
 0.19626692863695E+00
 0.19623640060582E+00
 0.19621115590352E+00
 0.19618486934105E+00
 0.19616248171001E+00
 0.19613974228710E+00
 0.19611921741834E+00
 0.19609833827963E+00
 0.19607985090346E+00
 0.19606165982222E+00
 0.19604658220973E+00
 0.19603185529457E+00
 0.19601889301645E+00
