 0.00000000000000E+00
 0.56629993259740E-24
 0.35666808986389E-22
 0.45373161011773E-21
 0.25261415171433E-20
 0.11107940035663E-19
-0.79462999316659E-11
-0.43319536397759E-11
 0.29481102729858E-11
 0.13016927520786E-11
-0.23466975556973E-10
-0.11859464504160E-10
 0.11498731898939E-10
-0.82105297678034E-11
-0.14174291857618E-09
 0.39177843657118E-08
-0.79054591188688E-10
 0.72128350806081E-08
-0.16199652669453E-08
-0.61089924915334E-08
-0.31937301906502E-07
-0.70330755316998E-07
-0.17148634832690E-06
-0.31331492625445E-06
-0.60209795048501E-06
-0.96969390173774E-06
-0.15959982298585E-05
-0.23233519307752E-05
-0.34040276845270E-05
-0.45406882613489E-05
-0.60328531560729E-05
-0.73983957402963E-05
-0.86469340453925E-05
-0.99514192581649E-05
-0.10393040264218E-04
-0.98784415389112E-05
-0.79777615906085E-05
-0.47502626031990E-05
 0.14673145996335E-05
 0.10915191183170E-04
 0.24371686180504E-04
-0.95421202935596E-03
 0.44207799247814E-04
 0.96389865088650E-04
 0.13566920484859E-03
 0.18354646561310E-03
 0.62393614497070E-03
 0.58179107126031E-03
 0.13865824855611E-02
 0.50435297490014E-03
 0.60124765539191E-03
 0.16444560452473E-03
 0.15331898940240E-02
 0.29455105638134E-04
 0.14697178952087E-02
 0.26634119820307E-02
 0.36382783816553E-03
 0.14077679017219E-02
 0.28587915762459E-02
 0.29381053702270E-02
 0.20773440319901E-02
 0.25071554143719E-02
 0.38916639147471E-02
 0.54211378661492E-02
 0.55086997358200E-02
 0.50877206093144E-02
 0.49427538767780E-02
 0.57784579891151E-02
 0.64325508914274E-02
 0.72212856962715E-02
 0.81071266446784E-02
 0.10965832646068E-01
 0.11964281628151E-01
 0.11948537321190E-01
 0.11061838815236E-01
 0.10981431021245E-01
 0.12041840813963E-01
 0.15385956998782E-01
 0.18988378938456E-01
 0.19698994343474E-01
 0.19769351138797E-01
 0.21131881088915E-01
 0.21976146067158E-01
 0.23802099374310E-01
 0.25833582726481E-01
 0.28138463057180E-01
 0.30345082794299E-01
 0.34246961581113E-01
 0.37054305837376E-01
 0.38635394459855E-01
 0.39264527330047E-01
 0.43445630351638E-01
 0.46709765405505E-01
 0.50869884363918E-01
 0.54791593469489E-01
 0.58950865155187E-01
 0.64080507311477E-01
 0.67704703891365E-01
 0.71055035130920E-01
 0.77656535174505E-01
 0.83489218447577E-01
 0.90225863310383E-01
 0.97501313135544E-01
 0.10424636979418E+00
 0.11191802120681E+00
 0.11981642955992E+00
 0.12913346463214E+00
 0.13974886790058E+00
 0.15103261556969E+00
 0.16301443693671E+00
 0.17534801132230E+00
 0.18918499076302E+00
 0.20409508844195E+00
 0.22197806129989E+00
 0.24035609861617E+00
 0.25919550895532E+00
 0.28016097065241E+00
 0.30423872469202E+00
 0.33108861088934E+00
 0.35963188528019E+00
 0.39065520882718E+00
 0.42422161840468E+00
 0.46034550549206E+00
 0.49997266099861E+00
 0.54131622897338E+00
 0.58582743079916E+00
 0.63388524138948E+00
 0.68597058952227E+00
 0.74108056293172E+00
 0.80018275097480E+00
 0.86351295925467E+00
 0.93115915423789E+00
 0.10017646232891E+01
 0.10752843054919E+01
 0.11500917281489E+01
 0.12201538654725E+01
 0.12799729059395E+01
 0.13213082290923E+01
 0.13336738606769E+01
 0.13080501525878E+01
 0.12350875298223E+01
 0.11088804918290E+01
 0.92940872116479E+00
 0.70161356795089E+00
 0.43577734361230E+00
 0.14719422436638E+00
-0.14629068810403E+00
-0.42644316713562E+00
-0.67674972907777E+00
-0.88434031837265E+00
-0.10398453557719E+01
-0.11397930937720E+01
-0.11851726710644E+01
-0.11811347823669E+01
-0.11349619317507E+01
-0.10576228949938E+01
-0.95741912267029E+00
-0.84481736876496E+00
-0.72727153887094E+00
-0.61228070973213E+00
-0.50519492525789E+00
-0.40843844335055E+00
-0.32389035506468E+00
-0.25167663239849E+00
-0.19165574538220E+00
-0.14264616565928E+00
-0.10301103949915E+00
-0.71652195012368E-01
-0.47523447637370E-01
-0.28877385947687E-01
-0.15360280250212E-01
-0.56255576794825E-02
 0.67191894320035E-03
 0.46218342810863E-02
 0.72985281728699E-02
 0.88809817798719E-02
 0.92691179216748E-02
 0.93700395726803E-02
 0.88764394258190E-02
 0.80088249622851E-02
 0.72118921934768E-02
 0.61131566798370E-02
 0.51567210676482E-02
 0.44382716540698E-02
 0.35181648190583E-02
 0.28379518826886E-02
 0.20827689249903E-02
 0.14078439455915E-02
 0.67412481821826E-03
 0.32417546224816E-03
-0.36082223828813E-03
-0.74568129912651E-03
-0.98694426061268E-03
-0.13269484282256E-02
-0.16323879012138E-02
-0.19556780039851E-02
-0.21546168040590E-02
-0.22048274744326E-02
-0.20924174844298E-02
-0.19438452989956E-02
-0.20521986245930E-02
-0.19205583091981E-02
-0.18168179630601E-02
-0.16740415074048E-02
-0.14569835951730E-02
-0.12585003056351E-02
-0.12811594306439E-02
-0.93185337558754E-03
-0.75087419725339E-03
-0.65026717091875E-03
-0.48044426716681E-03
 0.26860880715002E-03
 0.20960724457655E-03
 0.28715197609583E-03
 0.34479473665793E-03
 0.86450829818539E-03
 0.10661646822811E-02
 0.13271483040737E-02
 0.15686041789710E-02
 0.22345596911634E-02
 0.27833025314345E-02
 0.24879189411736E-02
 0.29209881013715E-02
 0.31197766834862E-02
 0.39257815959591E-02
 0.39543817895880E-02
 0.42620743811089E-02
 0.48096390950587E-02
 0.52138371727246E-02
 0.58222277472412E-02
 0.59276203412663E-02
 0.62319549729092E-02
 0.63324237959785E-02
 0.69636995829989E-02
 0.70880369165109E-02
 0.72590177978129E-02
 0.76274916908616E-02
 0.75686802813898E-02
 0.84040573657143E-02
 0.85064334843849E-02
 0.85506202685137E-02
 0.92407642813615E-02
 0.10145374392796E-01
 0.97055062910756E-02
 0.10403776431623E-01
 0.10045018909901E-01
 0.10575763692373E-01
 0.10412182685017E-01
 0.11291983253108E-01
 0.11985857937554E-01
 0.12222178497535E-01
 0.12183114796001E-01
 0.13055800708202E-01
 0.12578620487143E-01
 0.13612997224921E-01
 0.12887955008921E-01
 0.12750829988487E-01
 0.13030921798194E-01
 0.12752084846996E-01
 0.12737692273666E-01
 0.12949347367159E-01
 0.13859067032226E-01
 0.13779923829790E-01
 0.14237113411696E-01
 0.14666285786746E-01
 0.14430859074544E-01
 0.15497318926028E-01
 0.16518406362216E-01
 0.16203327533701E-01
 0.16445918941095E-01
 0.16291526716836E-01
 0.15798856313336E-01
 0.15846457223173E-01
 0.16031707223737E-01
 0.16258277769818E-01
 0.16746161256260E-01
 0.16719337332547E-01
 0.16429902058680E-01
 0.16488972025464E-01
 0.17199991830329E-01
 0.17767985524756E-01
 0.18553303765134E-01
 0.18606640498259E-01
 0.18013954745652E-01
 0.18886992692640E-01
 0.19116159281796E-01
 0.18842402141566E-01
 0.19044667351948E-01
 0.20024063155462E-01
 0.19412705812557E-01
 0.19947496434201E-01
 0.19518744097901E-01
 0.19704368322400E-01
 0.19553687158003E-01
 0.20214019736059E-01
 0.20360361579462E-01
 0.20861551823639E-01
 0.20611304919375E-01
 0.20718904835420E-01
 0.20632217791442E-01
