 0.80954940884255E-01
 0.80954940884255E-01
 0.80954940884255E-01
 0.80954940884255E-01
 0.80954940884255E-01
 0.80954940884255E-01
 0.80954940884255E-01
 0.80954940884255E-01
 0.80954940884255E-01
 0.80954940884255E-01
 0.80954940884255E-01
 0.80954940884255E-01
 0.80954940884255E-01
 0.80954940884255E-01
 0.80954720087662E-01
 0.80954720087662E-01
 0.80954476047096E-01
 0.80954211003623E-01
 0.80953648244642E-01
 0.80953011510366E-01
 0.80951955503849E-01
 0.80950708586222E-01
 0.80948864255531E-01
 0.80946693148859E-01
 0.80943743477122E-01
 0.80940324808790E-01
 0.80935958515978E-01
 0.80930974733693E-01
 0.80924891794750E-01
 0.80918041639876E-01
 0.80909962304803E-01
 0.80900972275263E-01
 0.80890841233691E-01
 0.80879282377074E-01
 0.80866648351285E-01
 0.80852712681833E-01
 0.80837423813779E-01
 0.80820517344839E-01
 0.80802379069506E-01
 0.80782783488435E-01
 0.80761694329226E-01
 0.80739083461970E-01
 0.80714698576435E-01
 0.80688948135598E-01
 0.80661606509605E-01
 0.80632646152197E-01
 0.80602044496594E-01
 0.80569778644657E-01
 0.80535602666112E-01
 0.80499922010211E-01
 0.80462505773120E-01
 0.80423322745363E-01
 0.80382342562387E-01
 0.80339532300111E-01
 0.80294856131750E-01
 0.80248274916484E-01
 0.80199523781668E-01
 0.80148988945112E-01
 0.80096410835319E-01
 0.80041731820805E-01
 0.79984891698989E-01
 0.79925825213759E-01
 0.79864461778631E-01
 0.79800725186033E-01
 0.79734523129982E-01
 0.79665565717895E-01
 0.79594179691871E-01
 0.79520055037520E-01
 0.79443081848347E-01
 0.79363144535984E-01
 0.79280119974975E-01
 0.79193877263266E-01
 0.79104277494998E-01
 0.79011173408149E-01
 0.78914191601352E-01
 0.78813591770094E-01
 0.78708992787605E-01
 0.78600209340076E-01
 0.78487047248070E-01
 0.78369301838579E-01
 0.78246757558364E-01
 0.78119187457601E-01
 0.77986140481196E-01
 0.77847780752378E-01
 0.77703642870320E-01
 0.77553449222541E-01
 0.77396908966409E-01
 0.77233718282345E-01
 0.77063556932164E-01
 0.76886089775005E-01
 0.76700750386022E-01
 0.76507590575629E-01
 0.76306020744221E-01
 0.76095613750239E-01
 0.75875987167886E-01
 0.75646680182711E-01
 0.75407023191982E-01
 0.75156934417382E-01
 0.74895712444675E-01
 0.74622828736320E-01
 0.74337730889752E-01
 0.74039842953040E-01
 0.73728356240967E-01
 0.73403043933957E-01
 0.73063062653322E-01
 0.72707732995138E-01
 0.72336158551773E-01
 0.71947973898491E-01
 0.71542243795876E-01
 0.71118180795975E-01
 0.70674972780493E-01
 0.70211589045526E-01
 0.69727536840643E-01
 0.69221751931388E-01
 0.68693286300963E-01
 0.68141095591611E-01
 0.67564564958521E-01
 0.66962562762537E-01
 0.66333944567755E-01
 0.65678080246111E-01
 0.64993832643574E-01
 0.64280071581696E-01
 0.63536171148811E-01
 0.62761050259030E-01
 0.61953655470435E-01
 0.61113452080289E-01
 0.60239346997813E-01
 0.59330911448596E-01
 0.58387248663714E-01
 0.57408097070413E-01
 0.56392823257779E-01
 0.55341435392597E-01
 0.54253653340932E-01
 0.53129885421813E-01
 0.51970311906830E-01
 0.50775882288876E-01
 0.49547411645152E-01
 0.48286434333885E-01
 0.46994874379353E-01
 0.45674788413316E-01
 0.44329022054988E-01
 0.42960890172357E-01
 0.41573928194378E-01
 0.40172432996813E-01
 0.38761034873381E-01
 0.37344843617156E-01
 0.35929043424636E-01
 0.34519262831966E-01
 0.33121139114271E-01
 0.31740307550608E-01
 0.30382070683933E-01
 0.29051575454889E-01
 0.27753542880731E-01
 0.26491968247241E-01
 0.25270405857046E-01
 0.24091724922380E-01
 0.22957993371603E-01
 0.21870750124403E-01
 0.20830913099699E-01
 0.19838677041975E-01
 0.18893924911388E-01
 0.17995963377769E-01
 0.17143864020724E-01
 0.16336325647123E-01
 0.15571827974591E-01
 0.14848769484492E-01
 0.14165362814287E-01
 0.13519758267129E-01
 0.12910140660196E-01
 0.12334631718136E-01
 0.11791396876620E-01
 0.11278644850818E-01
 0.10794642751794E-01
 0.10337708314614E-01
 0.99062457174624E-02
 0.94987282352018E-02
 0.91137083415468E-02
 0.87498341661954E-02
 0.84057719813523E-02
 0.80803238281304E-02
 0.77723440668376E-02
 0.74807576718196E-02
 0.72045572110599E-02
 0.69428183985971E-02
 0.66946187418896E-02
 0.64591518710102E-02
 0.62356459784570E-02
 0.60233793307476E-02
 0.58216974044959E-02
 0.56299304370115E-02
 0.54475101839287E-02
 0.52738869003713E-02
 0.51085468563537E-02
 0.49510294734633E-02
 0.48008466819566E-02
 0.46575987478481E-02
 0.45208934235233E-02
 0.43903832078964E-02
 0.42656847039456E-02
 0.41464967955532E-02
 0.40325175625678E-02
 0.39234848588036E-02
 0.38190937934192E-02
 0.37191166476097E-02
 0.36233207699905E-02
 0.35315071650064E-02
 0.34434302574342E-02
 0.33589180840635E-02
 0.32777891696065E-02
 0.31998927750977E-02
 0.31250283649459E-02
 0.30530653493696E-02
 0.29838616489026E-02
 0.29173027970759E-02
 0.28532226521091E-02
 0.27915223467820E-02
 0.27320895242421E-02
 0.26748377328721E-02
 0.26196266841087E-02
 0.25663819319093E-02
 0.25150141933309E-02
 0.24654583893610E-02
 0.24175943039860E-02
 0.23713663897479E-02
 0.23267027975046E-02
 0.22835553854539E-02
 0.22418193741555E-02
 0.22014539041543E-02
 0.21624009782237E-02
 0.21246252864818E-02
 0.20880342428342E-02
 0.20525983110265E-02
 0.20182706876177E-02
 0.19850261297268E-02
 0.19527815246986E-02
 0.19215166350300E-02
 0.18911928188872E-02
 0.18617730584727E-02
 0.18332418794181E-02
 0.18055263897804E-02
 0.17786145160031E-02
 0.17524759124095E-02
 0.17271011515109E-02
 0.17024227041862E-02
 0.16784341925994E-02
 0.16551102810533E-02
 0.16324470829295E-02
 0.16103808866261E-02
 0.15889100025513E-02
 0.15680134251491E-02
 0.15476709475547E-02
 0.15278829596191E-02
 0.15085907704323E-02
 0.14897971362939E-02
 0.14714850078330E-02
 0.14536380939934E-02
 0.14362603971702E-02
 0.14192972191111E-02
 0.14027541606956E-02
 0.13866175590305E-02
 0.13708741957024E-02
 0.13555308316700E-02
 0.13405358927116E-02
 0.13258973935484E-02
 0.13116042184092E-02
 0.12976455924572E-02
 0.12840308285959E-02
 0.12707099434819E-02
 0.12576933507172E-02
 0.12449718894966E-02
 0.12325366682562E-02
 0.12203791086087E-02
 0.12085104999555E-02
 0.11968833561383E-02
 0.11855097060173E-02
 0.11743823694422E-02
 0.11634942054860E-02
 0.11528383454811E-02
 0.11424276047239E-02
 0.11322163186398E-02
 0.11222178315644E-02
 0.11124264339780E-02
 0.11028363757624E-02
 0.10934420865417E-02
 0.10842577436313E-02
 0.10752387989164E-02
 0.10663997743785E-02
 0.10577360868698E-02
 0.10492430498831E-02
 0.10409161284578E-02
 0.10327707600315E-02
 0.10247628731197E-02
 0.10169080735166E-02
 0.10092026876810E-02
 0.10016428901334E-02
 0.99422495066548E-03
 0.98694526461040E-03
 0.97982012810172E-03
 0.97280646431657E-03
 0.96592057385297E-03
