                  NaN
                  NaN
                  NaN
                  NaN
 0.83408831098647E+42
 0.18521473945404E+34
 0.12206109599345E+28
 0.28232711263750E+23
 0.70001929074351E+19
 0.91326023141272E+16
 0.39859761862287E+14
 0.43034413276598E+12
 0.93253706835895E+10
 0.34933952164946E+09
 0.20277198475152E+08
 0.16799436745530E+07
 0.18656438013532E+06
 0.18304709512697E+08
 0.31926075796575E+07
 0.31776128487908E+07
 0.14777421930995E+07
 0.72688196744441E+06
 0.38014922763012E+06
 0.20982716382790E+06
 0.12147156278316E+06
 0.73368139302711E+05
 0.46025152568869E+05
 0.29871896443696E+05
 0.19991651247681E+05
 0.13756013908417E+05
 0.97069690075765E+04
 0.70089485237094E+04
 0.51681749856558E+04
 0.38848095802215E+04
 0.29721823789349E+04
 0.23112241792190E+04
 0.18244080954768E+04
 0.14602231112901E+04
 0.11838401568750E+04
 0.97126234320701E+03
 0.80571596686974E+03
 0.67529623493994E+03
 0.57143263467724E+03
 0.48788649365359E+03
 0.42004660259398E+03
 0.36447206929097E+03
 0.31856835535819E+03
 0.28035782632565E+03
 0.24831793897436E+03
 0.22127012033996E+03
 0.19828831089633E+03
 0.17864260696322E+03
 0.16175249492720E+03
 0.14715297162407E+03
 0.13446899778308E+03
 0.12339614172951E+03
 0.11368533403199E+03
 0.10513288142702E+03
 0.97569661819402E+02
 0.90855223852602E+02
 0.84872382636030E+02
 0.79522830924180E+02
 0.74723655312367E+02
 0.70404663040247E+02
 0.66519490672693E+02
 0.62990082633828E+02
 0.59786697900633E+02
 0.56871473181469E+02
 0.54211887267748E+02
 0.51779770680556E+02
 0.49550632538418E+02
 0.47503091208490E+02
 0.45618407986937E+02
 0.43880130831651E+02
 0.42273675344509E+02
 0.40786538459779E+02
 0.39407265043567E+02
 0.38125802642467E+02
 0.36933204112530E+02
 0.35821484228577E+02
 0.34783502511278E+02
 0.33812861919800E+02
 0.32903720697355E+02
 0.32051027757795E+02
 0.31250011704028E+02
 0.30496430573999E+02
 0.29786441771965E+02
 0.29116493256099E+02
 0.28483408492683E+02
 0.27884252975822E+02
 0.27316258558747E+02
 0.26777090602892E+02
 0.26264406227765E+02
 0.25776523167851E+02
 0.25310675513271E+02
 0.24865435413061E+02
 0.24439057319592E+02
 0.24030060515665E+02
 0.23636910629731E+02
 0.23258206879852E+02
 0.22892623987801E+02
 0.22538913275350E+02
 0.22195857478525E+02
 0.21862401425920E+02
 0.21537404842686E+02
 0.21219828766838E+02
 0.20908648941728E+02
 0.20602963872409E+02
 0.20301807758946E+02
 0.20004286011480E+02
 0.19709525549851E+02
 0.19416654041683E+02
 0.19124908751606E+02
 0.18833469175174E+02
 0.18541665072165E+02
 0.18248553770706E+02
 0.17953561773098E+02
 0.17655987884936E+02
 0.17355172154037E+02
 0.17050546046336E+02
 0.16741536324473E+02
 0.16427609645619E+02
 0.16108339267495E+02
 0.15783308542117E+02
 0.15452161955089E+02
 0.15114666113447E+02
 0.14770604499174E+02
 0.14419898480502E+02
 0.14062508580097E+02
 0.13698548425962E+02
 0.13328177908017E+02
 0.12951722865754E+02
 0.12569574910231E+02
 0.12182286510302E+02
 0.11790495809968E+02
 0.11394997691868E+02
 0.10996688422726E+02
 0.10596600919488E+02
 0.10195883162873E+02
 0.97957726473140E+01
 0.93976173769771E+01
 0.90028369846579E+01
 0.86128881499736E+01
 0.82292635846396E+01
 0.78534382552185E+01
 0.74868506196494E+01
 0.71308479160729E+01
 0.67866731919461E+01
 0.64554200477622E+01
 0.61380067074911E+01
 0.58351564745832E+01
 0.55473868575948E+01
 0.52750095330882E+01
 0.50181227654136E+01
 0.47766391587069E+01
 0.45502976970461E+01
 0.43386881374482E+01
 0.41412823774476E+01
 0.39574610548093E+01
 0.37865319012194E+01
 0.36277686478943E+01
 0.34804207700097E+01
 0.33437364124725E+01
 0.32169740190843E+01
 0.30994141621323E+01
 0.29903683328521E+01
 0.28891828968148E+01
 0.27952571297891E+01
 0.27079882126264E+01
 0.26268564760028E+01
 0.25513679009158E+01
 0.24810671285868E+01
 0.24155359376734E+01
 0.23543891530488E+01
 0.22972756139569E+01
 0.22438734986818E+01
 0.21938888262796E+01
 0.21470550387766E+01
 0.21031225724625E+01
 0.20618696345284E+01
 0.20230916919761E+01
 0.19866019074461E+01
 0.19522295728068E+01
 0.19198205545611E+01
 0.18892280580219E+01
 0.18603233429637E+01
 0.18329866466396E+01
 0.18071081446298E+01
 0.17825889412875E+01
 0.17593325959409E+01
 0.17372559729194E+01
 0.17162807835295E+01
 0.16963348950044E+01
 0.16773536714149E+01
 0.16592720545292E+01
 0.16420352740538E+01
 0.16255909764229E+01
 0.16098924964169E+01
 0.15948912813579E+01
 0.15805223976505E+01
 0.15667984454162E+01
 0.15536575705886E+01
 0.15410663997672E+01
 0.15289939516827E+01
 0.15174113707078E+01
 0.15062917472262E+01
 0.14956099589887E+01
 0.14853426041362E+01
 0.14754677874541E+01
 0.14659650446005E+01
 0.14568152072401E+01
 0.14480003407699E+01
 0.14395036394249E+01
 0.14313093287995E+01
 0.14234025949753E+01
 0.14157695375835E+01
 0.14083970819290E+01
 0.14012729349248E+01
 0.13943855035640E+01
 0.13877238955328E+01
 0.13812778229102E+01
 0.13750375952094E+01
 0.13689940446123E+01
 0.13631385323660E+01
 0.13574628953165E+01
 0.13519594029749E+01
 0.13466207324211E+01
 0.13414399707411E+01
 0.13364105572175E+01
 0.13315262834105E+01
 0.13267812434019E+01
 0.13221698409533E+01
 0.13176867744048E+01
 0.13133269942490E+01
 0.13090856989057E+01
 0.13049583325967E+01
 0.13009405529373E+01
 0.12970282292690E+01
 0.12932174283271E+01
 0.12895044003135E+01
 0.12858855721957E+01
 0.12823575361814E+01
 0.12789170405145E+01
 0.12755609799346E+01
 0.12722863891294E+01
 0.12690904366016E+01
 0.12659704146133E+01
 0.12629237330950E+01
 0.12599479159990E+01
 0.12570405927934E+01
 0.12541994940292E+01
 0.12514224449116E+01
 0.12487073643421E+01
 0.12460522548785E+01
 0.12434552022784E+01
 0.12409143703563E+01
 0.12384279962542E+01
 0.12359943892019E+01
 0.12336119257066E+01
 0.12312790433464E+01
 0.12289942429167E+01
 0.12267560838004E+01
 0.12245631791891E+01
 0.12224141972562E+01
 0.12203078524013E+01
 0.12182429157330E+01
 0.12162181897179E+01
 0.12142325365561E+01
 0.12122848532154E+01
 0.12103740704301E+01
 0.12084991670525E+01
 0.12066591565900E+01
 0.12048530845924E+01
 0.12030800294291E+01
 0.12013391051210E+01
 0.11996294556447E+01
 0.11979502531051E+01
 0.11963007005482E+01
 0.11946800231831E+01
 0.11930874758164E+01
 0.11915223353550E+01
 0.11899839079048E+01
 0.11884715182006E+01
 0.11869845145560E+01
 0.11855222635372E+01
 0.11840841574484E+01
 0.11826696034105E+01
 0.11812780292756E+01
 0.11799088806106E+01
 0.11785616197782E+01
 0.11772357248557E+01
 0.11759306949963E+01
 0.11746460397111E+01
 0.11733812843427E+01
 0.11721359704110E+01
 0.11709096513975E+01
 0.11697018948082E+01
 0.11685122789248E+01
 0.11673403999773E+01
 0.11661858608075E+01
