  -4.5787994e-05
  -1.4780095e-04
  -4.6472985e-04
  -9.9265887e-04
  -1.6954303e-03
  -2.5071691e-03
  -3.3586574e-03
  -4.1873867e-03
  -4.9270484e-03
  -5.4896211e-03
  -5.7536972e-03
  -5.5662356e-03
  -4.7568794e-03
  -5.8659985e-02
  -2.1694646e-02
  -1.9596442e-02
  -3.3243503e-02
  -4.6343041e-02
  -4.5983548e-02
  -5.1958521e-02
  -5.1135811e-02
  -5.6058860e-02
  -5.4110799e-02
  -5.5170244e-02
  -5.0258737e-02
  -4.6936654e-02
  -3.9359227e-02
  -3.2636415e-02
  -2.2981984e-02
  -1.4032303e-02
  -3.5468589e-03
   1.0798999e-02
   1.6889470e-02
   2.7717370e-02
   4.1312345e-02
   5.1405604e-02
   5.8042606e-02
   6.7869576e-02
   7.9393650e-02
   8.7941098e-02
   9.5925955e-02
   1.0129739e-01
   1.0859882e-01
   1.1685373e-01
   1.2286777e-01
   1.2839637e-01
   1.3342314e-01
   1.3664077e-01
   1.4105804e-01
   1.4614327e-01
   1.4968166e-01
   1.5291436e-01
   1.5589567e-01
   1.5865832e-01
   1.6123786e-01
   1.6280341e-01
   1.6524351e-01
   1.6827620e-01
   1.7047680e-01
   1.7265124e-01
   1.7483609e-01
   1.7705861e-01
   1.7934459e-01
   1.8172533e-01
   1.8366370e-01
   1.8634071e-01
   1.8961556e-01
   1.9256289e-01
   1.9569721e-01
   1.9904068e-01
   2.0261114e-01
   2.0642378e-01
   2.1049340e-01
   2.1447267e-01
   2.1913812e-01
   2.2440453e-01
   2.2965193e-01
   2.3522594e-01
   2.4114263e-01
   2.4741569e-01
   2.5405901e-01
   2.6082966e-01
   2.6827725e-01
   2.7635310e-01
   2.8461979e-01
   2.9333012e-01
   3.0249915e-01
   3.1214303e-01
   3.2228034e-01
   3.3273538e-01
   3.4392648e-01
   3.5583480e-01
   3.6814324e-01
   3.8103499e-01
   3.9453927e-01
   4.0853773e-01
   4.2335183e-01
   4.3898743e-01
   4.5520544e-01
   4.7216824e-01
   4.8990030e-01
   5.0832124e-01
   5.2770464e-01
   5.4806045e-01
   5.6920983e-01
   5.9120106e-01
   6.1427321e-01
   6.3843910e-01
   6.6356622e-01
   6.8977942e-01
   7.1703966e-01
   7.4555149e-01
   7.7533862e-01
   8.0630624e-01
   8.3848370e-01
   8.7204017e-01
   9.0701248e-01
   9.4325869e-01
   9.8098436e-01
   1.0202077e+00
   1.0608124e+00
   1.1029540e+00
   1.1466411e+00
   1.1917730e+00
   1.2384686e+00
   1.2866942e+00
   1.3364247e+00
   1.3876323e+00
   1.4403035e+00
   1.4943820e+00
   1.5497999e+00
   1.6064996e+00
   1.6643731e+00
   1.7233189e+00
   1.7831899e+00
   1.8438385e+00
   1.9050621e+00
   1.9666361e+00
   2.0282704e+00
   2.0896666e+00
   2.1504891e+00
   2.2103598e+00
   2.2688498e+00
   2.3254913e+00
   2.3798754e+00
   2.4315557e+00
   2.4800643e+00
   2.5250005e+00
   2.5660155e+00
   2.6028434e+00
   2.6352931e+00
   2.6632762e+00
   2.6868192e+00
   2.7060188e+00
   2.7210595e+00
   2.7322295e+00
   2.7398482e+00
   2.7442609e+00
   2.7458631e+00
   2.7450607e+00
   2.7422319e+00
   2.7377267e+00
   2.7318750e+00
   2.7249951e+00
   2.7173507e+00
   2.7091737e+00
   2.7006758e+00
   2.6920162e+00
   2.6833427e+00
   2.6747780e+00
   2.6664115e+00
   2.6583199e+00
   2.6505565e+00
   2.6431671e+00
   2.6361851e+00
   2.6296258e+00
   2.6234980e+00
   2.6178110e+00
   2.6125633e+00
   2.6077451e+00
   2.6033499e+00
   2.5993629e+00
   2.5957674e+00
   2.5925527e+00
   2.5897006e+00
   2.5871887e+00
   2.5850008e+00
   2.5831138e+00
   2.5815137e+00
   2.5801826e+00
   2.5790950e+00
   2.5782368e+00
   2.5775892e+00
   2.5771338e+00
   2.5768573e+00
   2.5767409e+00
   2.5767647e+00
   2.5769193e+00
   2.5771884e+00
   2.5775570e+00
   2.5780127e+00
   2.5785423e+00
   2.5791352e+00
   2.5797762e+00
   2.5804544e+00
   2.5811627e+00
   2.5818922e+00
   2.5826282e+00
   2.5833608e+00
   2.5840879e+00
   2.5848004e+00
   2.5854849e+00
   2.5861397e+00
   2.5867571e+00
   2.5873310e+00
   2.5878545e+00
   2.5883220e+00
   2.5887274e+00
   2.5890687e+00
   2.5893446e+00
   2.5895383e+00
   2.5896550e+00
   2.5896987e+00
   2.5896549e+00
   2.5895150e+00
   2.5892898e+00
   2.5889798e+00
   2.5885691e+00
   2.5880560e+00
   2.5874487e+00
   2.5867453e+00
   2.5859385e+00
   2.5850249e+00
   2.5840062e+00
   2.5828870e+00
   2.5816635e+00
   2.5803333e+00
   2.5788956e+00
   2.5773513e+00
   2.5757015e+00
   2.5739445e+00
   2.5720794e+00
   2.5701091e+00
   2.5680338e+00
   2.5658520e+00
   2.5635643e+00
   2.5611732e+00
   2.5586793e+00
   2.5560818e+00
   2.5533820e+00
   2.5505795e+00
   2.5476783e+00
   2.5446790e+00
   2.5415797e+00
   2.5383825e+00
   2.5350901e+00
   2.5317048e+00
   2.5282257e+00
   2.5246547e+00
   2.5209916e+00
   2.5172369e+00
   2.5133956e+00
   2.5094686e+00
   2.5054601e+00
   2.5013598e+00
   2.4971807e+00
   2.4929246e+00
   2.4885773e+00
   2.4841625e+00
   2.4796748e+00
   2.4751023e+00
   2.4704515e+00
   2.4657370e+00
   2.4609599e+00
   2.4561074e+00
   2.4511836e+00
   2.4461918e+00
   2.4411344e+00
   2.4360199e+00
   2.4308476e+00
   2.4256162e+00
   2.4203209e+00
   2.4149636e+00
   2.4095540e+00
   2.4040913e+00
   2.3985761e+00
   2.3930092e+00
   2.3873926e+00
   2.3817275e+00
   2.3760151e+00
   2.3702573e+00
   2.3644556e+00
   2.3586112e+00
   2.3527240e+00
   2.3467955e+00
   2.3408285e+00
   2.3348236e+00
   2.3287824e+00
   2.3227028e+00
   2.2432408e+00
