 0.65371971211632E+01
 0.65371971211632E+01
 0.65371971211649E+01
 0.65371971211842E+01
 0.65371971212908E+01
 0.65371971216679E+01
 0.65371971226781E+01
 0.65371971249189E+01
 0.65371971292618E+01
 0.65371971368554E+01
 0.65371971490566E+01
 0.65371971672429E+01
 0.65371971924635E+01
 0.65371972249051E+01
 0.65371974640610E+01
 0.65371975043632E+01
 0.65371977615364E+01
 0.65371980211478E+01
 0.65371985180296E+01
 0.65371990253283E+01
 0.65371998279780E+01
 0.65372006811514E+01
 0.65372019098728E+01
 0.65372032151998E+01
 0.65372049472140E+01
 0.65372067553676E+01
 0.65372089997369E+01
 0.65372112968143E+01
 0.65372139949279E+01
 0.65372166909771E+01
 0.65372197132920E+01
 0.65372226605795E+01
 0.65372256313889E+01
 0.65372287715498E+01
 0.65372316415734E+01
 0.65372343255599E+01
 0.65372367456614E+01
 0.65372390150030E+01
 0.65372406531334E+01
 0.65372417325570E+01
 0.65372421515590E+01
 0.65372417983988E+01
 0.65372407622283E+01
 0.65372385286041E+01
 0.65372351610537E+01
 0.65372305228649E+01
 0.65372244852426E+01
 0.65372169087427E+01
 0.65372078506834E+01
 0.65371967706103E+01
 0.65371836985168E+01
 0.65371684750288E+01
 0.65371509307937E+01
 0.65371308889602E+01
 0.65371081651076E+01
 0.65370825654353E+01
 0.65370540875240E+01
 0.65370221253961E+01
 0.65369866425681E+01
 0.65369474032770E+01
 0.65369041563812E+01
 0.65368566363167E+01
 0.65368045620269E+01
 0.65367476358091E+01
 0.65366855397246E+01
 0.65366181414188E+01
 0.65365446965499E+01
 0.65364650160620E+01
 0.65363787014732E+01
 0.65362853280778E+01
 0.65361844445260E+01
 0.65360755712637E+01
 0.65359581995524E+01
 0.65358317888812E+01
 0.65356959591102E+01
 0.65355497212630E+01
 0.65353926124704E+01
 0.65352239469677E+01
 0.65350429953823E+01
 0.65348489835584E+01
 0.65346410899833E+01
 0.65344184428989E+01
 0.65341803043514E+01
 0.65339253282166E+01
 0.65336526523117E+01
 0.65333611735791E+01
 0.65330497211634E+01
 0.65327170554583E+01
 0.65323618608675E+01
 0.65319827428448E+01
 0.65315784091668E+01
 0.65311469309146E+01
 0.65306868207878E+01
 0.65301963132156E+01
 0.65296735559303E+01
 0.65291165611232E+01
 0.65285234120011E+01
 0.65278915511607E+01
 0.65272187845218E+01
 0.65265026208464E+01
 0.65257404163416E+01
 0.65249293812328E+01
 0.65240667056266E+01
 0.65231489365112E+01
 0.65221728973345E+01
 0.65211350775998E+01
 0.65200318930675E+01
 0.65188591048496E+01
 0.65176126854672E+01
 0.65162882157088E+01
 0.65148810331698E+01
 0.65133863394799E+01
 0.65117986410965E+01
 0.65101125639408E+01
 0.65083222756479E+01
 0.65064218028584E+01
 0.65044044119788E+01
 0.65022634213672E+01
 0.64999917739288E+01
 0.64975816994878E+01
 0.64950253877719E+01
 0.64923146244769E+01
 0.64894405069465E+01
 0.64863940089852E+01
 0.64831656842065E+01
 0.64797453954660E+01
 0.64761229187828E+01
 0.64722873205141E+01
 0.64682275537392E+01
 0.64639318239291E+01
 0.64593883086665E+01
 0.64545844896784E+01
 0.64495077696113E+01
 0.64441450278630E+01
 0.64384830473779E+01
 0.64325082657122E+01
 0.64262070532654E+01
 0.64195656683193E+01
 0.64125704383878E+01
 0.64052078932773E+01
 0.63974647696792E+01
 0.63893282608422E+01
 0.63807860703802E+01
 0.63718267165128E+01
 0.63624395799300E+01
 0.63526148371693E+01
 0.63423438790650E+01
 0.63316192174183E+01
 0.63204345345492E+01
 0.63087846301026E+01
 0.62966653130186E+01
 0.62840733414550E+01
 0.62710061530590E+01
 0.62574616851451E+01
 0.62434382580404E+01
 0.62289342701005E+01
 0.62139479414219E+01
 0.61984773137800E+01
 0.61825200052734E+01
 0.61660730507230E+01
 0.61491328365687E+01
 0.61316951375344E+01
 0.61137550683571E+01
 0.60953070808159E+01
 0.60763448752266E+01
 0.60568616481753E+01
 0.60368499089495E+01
 0.60163016590699E+01
 0.59952084283928E+01
 0.59735612241329E+01
 0.59513506562259E+01
 0.59285669616582E+01
 0.59052000071435E+01
 0.58812393975886E+01
 0.58566743845937E+01
 0.58314940069994E+01
 0.58056870595439E+01
 0.57792421527734E+01
 0.57521476389950E+01
 0.57243917519333E+01
 0.56959625290640E+01
 0.56668478619903E+01
 0.56370355079503E+01
 0.56065131011785E+01
 0.55752680924688E+01
 0.55432878764203E+01
 0.55105597061737E+01
 0.54770707349587E+01
 0.54428080399159E+01
 0.54077585312859E+01
 0.53719090806437E+01
 0.53352464740864E+01
 0.52977573650452E+01
 0.52594283727321E+01
 0.52202459900808E+01
 0.51801966389732E+01
 0.51392666712543E+01
 0.50974423966445E+01
 0.50547099568019E+01
 0.50110555270644E+01
 0.49664651147209E+01
 0.49209247404537E+01
 0.48744202751455E+01
 0.48269375819597E+01
 0.47784624368079E+01
 0.47289805677883E+01
 0.46784775818768E+01
 0.46269390620036E+01
 0.45743505466678E+01
 0.45206975090134E+01
 0.44659652858819E+01
 0.44101392386338E+01
 0.43532046562519E+01
 0.42951467152195E+01
 0.42359505945741E+01
 0.41756013547128E+01
 0.41140840701877E+01
 0.40513836896300E+01
 0.39874851846626E+01
 0.39223733571838E+01
 0.38560330194851E+01
 0.37884490400107E+01
 0.37196060015500E+01
 0.36494885462672E+01
 0.35780813117024E+01
 0.35053689199524E+01
 0.34313357041327E+01
 0.33559661273379E+01
 0.32792446254719E+01
 0.32011555558538E+01
 0.31216830981930E+01
 0.30408115010974E+01
 0.29585249371468E+01
 0.28748075879901E+01
 0.27896434845540E+01
 0.27030166120789E+01
 0.26149109468592E+01
 0.25253104049550E+01
 0.24341988692679E+01
 0.23415601342653E+01
 0.22473779563609E+01
 0.21516360624424E+01
 0.20543181268236E+01
 0.19554077243501E+01
 0.18548884274390E+01
 0.17527437502832E+01
 0.16489571626584E+01
 0.15435120380796E+01
 0.14363917471677E+01
 0.13275795937574E+01
 0.12170588370934E+01
 0.11048127079633E+01
 0.99082430392039E+00
 0.87507675573457E+00
 0.75755312664056E+00
 0.63823642448385E+00
 0.51710957885597E+00
 0.39415546824255E+00
 0.26935696937971E+00
 0.14269684376999E+00
 0.14157900265629E-01
-0.11627718139500E+00
-0.24862577629799E+00
-0.38290530100036E+00
-0.51913329980051E+00
-0.65732701121306E+00
-0.79750435524461E+00
-0.93968269680269E+00
-0.10838796587181E+01
-0.12301132656483E+01
-0.13784010869515E+01
-0.15287608940780E+01
-0.16812104870612E+01
-0.18357680850109E+01
-0.19924516010486E+01
-0.21512789677228E+01
-0.23122682691660E+01
-0.24754375927677E+01
-0.26408051470789E+01
-0.28083893275533E+01
-0.29782083970980E+01
-0.31502807799161E+01
-0.33246246579590E+01
-0.35012585683064E+01
-0.36802010435746E+01
-0.38614706703261E+01
-0.40450860578469E+01
-0.42310658865565E+01
-0.44194288891906E+01
-0.46101938527256E+01
-0.48033796085362E+01
-0.49990050699455E+01
-0.51970891884911E+01
-0.53976509741193E+01
-0.56007094500067E+01
-0.58062837375023E+01
-0.60143930168170E+01
-0.62250565030575E+01
-0.64382934960713E+01
-0.66541232037700E+01
