 0.13460747472231E+01
 0.13460747472208E+01
 0.13460747471658E+01
 0.13460747467973E+01
 0.13460747454887E+01
 0.13460747422411E+01
 0.13460747357677E+01
 0.13460747246375E+01
 0.13460747077388E+01
 0.13460746857394E+01
 0.13460746643885E+01
 0.13460746601330E+01
 0.13460747077356E+01
 0.13460748688915E+01
 0.13460769364179E+01
 0.13460776566067E+01
 0.13460807843347E+01
 0.13460848372834E+01
 0.13460922179219E+01
 0.13461015246686E+01
 0.13461157643101E+01
 0.13461335629865E+01
 0.13461584469694E+01
 0.13461887482683E+01
 0.13462283572828E+01
 0.13462753012634E+01
 0.13463336634238E+01
 0.13464012762263E+01
 0.13464821983275E+01
 0.13465741743658E+01
 0.13466810485772E+01
 0.13468005761905E+01
 0.13469346949440E+01
 0.13470857267499E+01
 0.13472509733775E+01
 0.13474321519507E+01
 0.13476295490223E+01
 0.13478450310568E+01
 0.13480753133866E+01
 0.13483217850701E+01
 0.13485842708969E+01
 0.13488624383432E+01
 0.13491576213938E+01
 0.13494658633419E+01
 0.13497880859294E+01
 0.13501235562903E+01
 0.13504713971622E+01
 0.13508306303456E+01
 0.13512019454117E+01
 0.13515807513532E+01
 0.13519674032500E+01
 0.13523605652765E+01
 0.13527587880972E+01
 0.13531605358383E+01
 0.13535641904760E+01
 0.13539680530183E+01
 0.13543721350029E+01
 0.13547711030646E+01
 0.13551647096616E+01
 0.13555509802248E+01
 0.13559278541038E+01
 0.13562932049570E+01
 0.13566448436956E+01
 0.13569805198360E+01
 0.13572976351235E+01
 0.13575961239364E+01
 0.13578698382544E+01
 0.13581179903064E+01
 0.13583380608576E+01
 0.13585274644449E+01
 0.13586835628233E+01
 0.13588036666440E+01
 0.13588850376346E+01
 0.13589248872929E+01
 0.13589221217239E+01
 0.13588704280126E+01
 0.13587685318568E+01
 0.13586134421536E+01
 0.13584021117966E+01
 0.13581314374287E+01
 0.13577982600403E+01
 0.13573993610128E+01
 0.13569331252189E+01
 0.13563929703319E+01
 0.13557770846240E+01
 0.13550820059566E+01
 0.13543041944928E+01
 0.13534400642255E+01
 0.13524859256020E+01
 0.13514380255218E+01
 0.13502941514472E+01
 0.13490472400393E+01
 0.13476948447481E+01
 0.13462324477438E+01
 0.13446566395655E+01
 0.13429628023785E+01
 0.13411480331509E+01
 0.13392050206454E+01
 0.13371306056349E+01
 0.13349201456604E+01
 0.13325688734840E+01
 0.13300719344881E+01
 0.13274257165241E+01
 0.13246225172596E+01
 0.13216585554712E+01
 0.13185285826818E+01
 0.13152284198361E+01
 0.13117504729468E+01
 0.13080904098583E+01
 0.13042427255702E+01
 0.13002018876880E+01
 0.12959633700973E+01
 0.12915196155175E+01
 0.12868660789511E+01
 0.12819967354101E+01
 0.12769080222318E+01
 0.12715924384213E+01
 0.12660456158483E+01
 0.12602632674385E+01
 0.12542391895342E+01
 0.12479694481055E+01
 0.12414504253000E+01
 0.12346769600816E+01
 0.12276460868871E+01
 0.12203553190708E+01
 0.12128009819382E+01
 0.12049819867011E+01
 0.11968961594220E+01
 0.11885437022312E+01
 0.11799240815681E+01
 0.11710390830043E+01
 0.11618902437082E+01
 0.11524814641493E+01
 0.11428169559148E+01
 0.11329030649318E+01
 0.11227472772040E+01
 0.11123599711727E+01
 0.11017528355382E+01
 0.10909402587101E+01
 0.10799391742952E+01
 0.10687693040539E+01
 0.10574534160569E+01
 0.10460173767572E+01
 0.10344898268456E+01
 0.10229020632678E+01
 0.10112883119408E+01
 0.99968416388239E+00
 0.98812690930064E+00
 0.97665430545247E+00
 0.96530308470466E+00
 0.95410934873283E+00
 0.94310674023891E+00
 0.93232623371936E+00
 0.92179468560828E+00
 0.91153535829174E+00
 0.90156719219529E+00
 0.89190470738927E+00
 0.88255838207990E+00
 0.87353489083648E+00
 0.86483706189493E+00
 0.85646522860278E+00
 0.84841674651904E+00
 0.84068725798222E+00
 0.83327038142529E+00
 0.82615853869607E+00
 0.81934332272820E+00
 0.81281564610515E+00
 0.80656581699201E+00
 0.80058436831846E+00
 0.79486147432853E+00
 0.78938744709812E+00
 0.78415290538072E+00
 0.77914850700814E+00
 0.77436555204297E+00
 0.76979536335462E+00
 0.76542964716060E+00
 0.76126060096093E+00
 0.75728069406370E+00
 0.75348269721699E+00
 0.74985979748629E+00
 0.74640548429816E+00
 0.74311358529334E+00
 0.73997820951278E+00
 0.73699378035350E+00
 0.73415490399341E+00
 0.73145650467947E+00
 0.72889374472506E+00
 0.72646199884444E+00
 0.72415689054115E+00
 0.72197410117689E+00
 0.71990961209327E+00
 0.71795958136293E+00
 0.71612027004399E+00
 0.71438817882629E+00
 0.71275977879838E+00
 0.71123182769345E+00
 0.70980118332636E+00
 0.70846479662953E+00
 0.70721966812675E+00
 0.70606312402194E+00
 0.70499216525233E+00
 0.70400430729041E+00
 0.70309691936248E+00
 0.70226756290777E+00
 0.70151383824673E+00
 0.70083345728849E+00
 0.70022409471238E+00
 0.69968359763882E+00
 0.69920985285513E+00
 0.69880084010728E+00
 0.69845447436226E+00
 0.69816886629687E+00
 0.69794211654005E+00
 0.69777243808016E+00
 0.69765796193984E+00
 0.69759700409641E+00
 0.69758786245440E+00
 0.69762895897071E+00
 0.69771855988849E+00
 0.69785520410024E+00
 0.69803737938121E+00
 0.69826358970452E+00
 0.69853235435943E+00
 0.69884233597733E+00
 0.69919216214010E+00
 0.69958049416733E+00
 0.70000600583549E+00
 0.70046748410695E+00
 0.70096368450619E+00
 0.70149344321966E+00
 0.70205553089275E+00
 0.70264883331291E+00
 0.70327227344079E+00
 0.70392477559116E+00
 0.70460523876115E+00
 0.70531268868069E+00
 0.70604611912473E+00
 0.70680454666200E+00
 0.70758705462873E+00
 0.70839268389305E+00
 0.70922056557886E+00
 0.71006982046548E+00
 0.71093962147748E+00
 0.71182909795921E+00
 0.71273747059454E+00
 0.71366395233040E+00
 0.71460780282497E+00
 0.71556823883600E+00
 0.71654455905919E+00
 0.71753606199526E+00
 0.71854206346313E+00
 0.71956191333506E+00
 0.72059493592555E+00
 0.72164051687211E+00
 0.72269804155225E+00
 0.72376691525623E+00
 0.72484658971574E+00
 0.72593646093424E+00
 0.72703599436513E+00
 0.72814469258903E+00
 0.72926197968787E+00
 0.73038743114052E+00
 0.73152048510920E+00
 0.73266070523951E+00
 0.73380763868742E+00
 0.73496082956126E+00
 0.73611987568359E+00
 0.73728430435247E+00
 0.73845374139683E+00
 0.73962779472132E+00
 0.74080607432690E+00
 0.74198820827148E+00
 0.74317385163057E+00
 0.74436262278091E+00
 0.74555422040283E+00
 0.74674830289117E+00
 0.74794454915514E+00
 0.74914265903674E+00
 0.75034234074236E+00
 0.75154328159056E+00
 0.75274519589660E+00
 0.75394788511130E+00
 0.75515101993201E+00
 0.75635436561105E+00
 0.75755769293218E+00
 0.75876074276086E+00
 0.75996329935350E+00
 0.76116514311061E+00
 0.76236606064940E+00
 0.76356584662402E+00
 0.76476431328160E+00
 0.76596124873983E+00
 0.76715648334054E+00
 0.76834982890578E+00
 0.76954112665162E+00
 0.77073020144974E+00
 0.77191689772738E+00
 0.77310107182921E+00
 0.77428255731418E+00
 0.77546119775740E+00
