 0.00000000000000E+00
-0.28617497016887E-05
-0.31456385972956E-04
-0.12474914048869E-03
-0.30956778758921E-03
-0.59055644597438E-03
-0.95670906993151E-03
-0.13902856132326E-02
-0.18715981085870E-02
-0.23793404470225E-02
-0.28887042364909E-02
-0.33694380879859E-02
-0.37852155488081E-02
-0.40946310783475E-02
-0.10270042308830E-01
-0.88658044818676E-02
-0.11625455067412E-01
-0.12999228358853E-01
-0.16252228977339E-01
-0.18045005929082E-01
-0.21103443094010E-01
-0.23042480162595E-01
-0.25946399481833E-01
-0.27850194227667E-01
-0.30377161209493E-01
-0.31965595028466E-01
-0.33889289290264E-01
-0.34966829654059E-01
-0.36170416640463E-01
-0.36628792635205E-01
-0.37086386922203E-01
-0.36923221286627E-01
-0.36443352649145E-01
-0.35902054018241E-01
-0.34869987576354E-01
-0.33576498284150E-01
-0.32050107752290E-01
-0.30459859657577E-01
-0.28533424692740E-01
-0.26434388684994E-01
-0.24187734496248E-01
-0.21813776034747E-01
-0.19421664269696E-01
-0.16848476408551E-01
-0.14201993020617E-01
-0.11495285535456E-01
-0.87448063034883E-02
-0.59633179365034E-02
-0.31623001950376E-02
-0.40147885797041E-03
 0.24102650814484E-02
 0.52151066457977E-02
 0.80055763211352E-02
 0.10775842072552E-01
 0.13520914544784E-01
 0.16236734788054E-01
 0.18920015690963E-01
 0.21568173389784E-01
 0.24154620140239E-01
 0.26727952091352E-01
 0.29262205358797E-01
 0.31756737761009E-01
 0.34211568102385E-01
 0.36627083140765E-01
 0.39003992397830E-01
 0.41343288486521E-01
 0.43646229080971E-01
 0.45914255806349E-01
 0.48149007825673E-01
 0.50352296143652E-01
 0.52526064685181E-01
 0.54672347618025E-01
 0.56793331963404E-01
 0.58881291854019E-01
 0.60958742700062E-01
 0.63017887162488E-01
 0.65061089289136E-01
 0.67090776437161E-01
 0.69109439078145E-01
 0.71119591933490E-01
 0.73123769182048E-01
 0.75124524320455E-01
 0.77124415602360E-01
 0.79126013004294E-01
 0.81132067176718E-01
 0.83144915326416E-01
 0.85167197766876E-01
 0.87201556899586E-01
 0.89250785319057E-01
 0.91314382401629E-01
 0.93398923779727E-01
 0.95507883578702E-01
 0.97642087471018E-01
 0.99804198926552E-01
 0.10199690867101E+00
 0.10422294588910E+00
 0.10648507316777E+00
 0.10878603806882E+00
 0.11112863991633E+00
 0.11351567141366E+00
 0.11595000894638E+00
 0.11843465834245E+00
 0.12097229615300E+00
 0.12356374123432E+00
 0.12621689398380E+00
 0.12893235621570E+00
 0.13171321420135E+00
 0.13456270393949E+00
 0.13748409066351E+00
 0.14048073647543E+00
 0.14355607530842E+00
 0.14671350728370E+00
 0.14995653054322E+00
 0.15328892451098E+00
 0.15671322925166E+00
 0.16023468035138E+00
 0.16385724990644E+00
 0.16758430508866E+00
 0.17141985239208E+00
 0.17536796863944E+00
 0.17943287865650E+00
 0.18361884280952E+00
 0.18793004297690E+00
 0.19237078666013E+00
 0.19694492936369E+00
 0.20165864096439E+00
 0.20651560480111E+00
 0.21152044628266E+00
 0.21667786570171E+00
 0.22199243181545E+00
 0.22746907364490E+00
 0.23311226234125E+00
 0.23892633453802E+00
 0.24491713864987E+00
 0.25108867635706E+00
 0.25744562241360E+00
 0.26399232736490E+00
 0.27073341539862E+00
 0.27767297084140E+00
 0.28481470016044E+00
 0.29216359247208E+00
 0.29972293579854E+00
 0.30749617238644E+00
 0.31548670703275E+00
 0.32369751754572E+00
 0.33213104006030E+00
 0.34079011201359E+00
 0.34967678556104E+00
 0.35879265511361E+00
 0.36813907945902E+00
 0.37771691327036E+00
 0.38752655649581E+00
 0.39756858704132E+00
 0.40784250310270E+00
 0.41834761479578E+00
 0.42908274142574E+00
 0.44004623351866E+00
 0.45123630303864E+00
 0.46265065509403E+00
 0.47428638568206E+00
 0.48614034365926E+00
 0.49820885563100E+00
 0.51048838010232E+00
 0.52297446321792E+00
 0.53566254990217E+00
 0.54854771017997E+00
 0.56162483874934E+00
 0.57488847863095E+00
 0.58833286959765E+00
 0.60195204020520E+00
 0.61573979607263E+00
 0.62968977212882E+00
 0.64379527073239E+00
 0.65804946269176E+00
 0.67244544435629E+00
 0.68697599907323E+00
 0.70163382156516E+00
 0.71641145165441E+00
 0.73130139724294E+00
 0.74629596417074E+00
 0.76138740251406E+00
 0.77656792535501E+00
 0.79182966892259E+00
 0.80716477869831E+00
 0.82256539337107E+00
 0.83802371449885E+00
 0.85353198174472E+00
 0.86908252337066E+00
 0.88466777468267E+00
 0.90028038668990E+00
 0.91591317440704E+00
 0.93155918527788E+00
 0.94721166254454E+00
 0.96286416240567E+00
 0.97851049724680E+00
 0.99414481480886E+00
 0.10097615634303E+01
 0.10253555134542E+01
 0.10409217716867E+01
 0.10564557714451E+01
 0.10719532715290E+01
 0.10874103419953E+01
 0.11028233651192E+01
 0.11181890255494E+01
 0.11335042813056E+01
 0.11487663581442E+01
 0.11639727258205E+01
 0.11791210775163E+01
 0.11942093728008E+01
 0.12092357492261E+01
 0.12241985380540E+01
 0.12390962314078E+01
 0.12539274787564E+01
 0.12686910879675E+01
 0.12833860054922E+01
 0.12980112814211E+01
 0.13125660791226E+01
 0.13270496602665E+01
 0.13414613903361E+01
 0.13558007170545E+01
 0.13700671561661E+01
 0.13842602921423E+01
 0.13983797655567E+01
 0.14124252852095E+01
 0.14263966179481E+01
 0.14402935519299E+01
 0.14541159298866E+01
 0.14678636322191E+01
 0.14815365873043E+01
 0.14951347358361E+01
 0.15086580496252E+01
 0.15221065385492E+01
 0.15354802218801E+01
 0.15487791451521E+01
 0.15620034031248E+01
 0.15751530582148E+01
 0.15882282268639E+01
 0.16012290088355E+01
 0.16141555527596E+01
 0.16270080243583E+01
 0.16397865689344E+01
 0.16524913457234E+01
 0.16651225338361E+01
 0.16776803281982E+01
 0.16901649322836E+01
 0.17025765527081E+01
 0.17149154194309E+01
 0.17271817411241E+01
 0.17393757539007E+01
 0.17514976874059E+01
 0.17635477943539E+01
 0.17755263177927E+01
 0.17874335090577E+01
 0.17992696282786E+01
 0.18110349340820E+01
 0.18227296943882E+01
 0.18343541951142E+01
 0.18459087018134E+01
 0.18573934924139E+01
 0.18688088494607E+01
 0.18801550585734E+01
 0.18914324065247E+01
 0.19026411908344E+01
 0.19137817046153E+01
 0.19248542540802E+01
 0.19358591296920E+01
 0.19467966340888E+01
 0.19576670742934E+01
 0.19684707580167E+01
 0.19792079948091E+01
 0.19898790986345E+01
 0.20004843794319E+01
 0.20110241522389E+01
 0.20214987315492E+01
 0.20319084348340E+01
 0.20422535848823E+01
 0.20525345029421E+01
 0.20627515061449E+01
 0.20729049215983E+01
 0.20829950716544E+01
 0.20930222806360E+01
 0.21029868751484E+01
 0.21128891820213E+01
 0.21227295302538E+01
 0.21325082488075E+01
 0.21422256633166E+01
 0.21518821065339E+01
 0.21614779068392E+01
 0.21710133962123E+01
 0.21804889036095E+01
 0.21899047633064E+01
 0.21992613027969E+01
 0.22085588567344E+01
 0.22177977502044E+01
 0.22269783212672E+01
 0.22361009068978E+01
 0.22451658301331E+01
 0.22541734255596E+01
 0.22631240254233E+01
 0.22720179619627E+01
