 0.00000000000000E+00
-0.17747907132718E-22
-0.47306404698364E-21
-0.34368017622739E-20
-0.12811708379780E-19
-0.37205718779663E-19
-0.74134841650031E-19
-0.16732736451171E-18
-0.27452272877351E-18
-0.36615673679017E-18
-0.61271012601899E-18
-0.75058493538103E-18
-0.11634714278740E-17
-0.11453327684567E-11
-0.26000362426875E-11
-0.34973612818136E-11
 0.13538678425416E-11
-0.75606035195584E-11
 0.29899263883090E-11
-0.37307527991587E-12
 0.17859619339975E-11
 0.27168913884376E-11
 0.62153139108393E-11
 0.33322492557976E-12
 0.24727940997814E-11
-0.31347708587114E-09
-0.70379644264478E-09
 0.37365486280021E-08
 0.10971560101337E-07
-0.44947275006323E-07
 0.12191040436894E-08
 0.89473272855264E-08
-0.61031948395920E-08
-0.19483019477209E-08
 0.66224766580311E-08
 0.17471694351691E-09
-0.90327724619270E-10
-0.71338078026546E-10
 0.93361473356994E-10
 0.49972165748887E-09
 0.13258075252325E-08
 0.28653072079925E-08
 0.54087991692307E-08
 0.98284930246080E-08
 0.16921673893785E-07
 0.27924950680059E-07
 0.44516151574760E-07
 0.68918849701696E-07
 0.10402494080531E-06
 0.15264113167159E-06
 0.22096657400291E-06
 0.31415300908441E-06
 0.43933955917933E-06
 0.60522656754687E-06
 0.82227403535360E-06
 0.11029388627802E-05
 0.14619231857888E-05
 0.19164344606563E-05
 0.24821234703615E-05
 0.31897613525781E-05
 0.40621549593741E-05
 0.51291877946123E-05
 0.64246702481671E-05
 0.79865999722316E-05
 0.98574476036278E-05
 0.12084443055307E-04
 0.14719835987738E-04
 0.17821343311791E-04
 0.21452199064193E-04
 0.25681625444494E-04
 0.30584795276551E-04
 0.36243896042837E-04
 0.42747463215167E-04
 0.50167508462579E-04
 0.58651580324361E-04
 0.68288858393847E-04
 0.79198571004166E-04
 0.91506844644052E-04
 0.10534877955764E-03
 0.12086810379296E-03
 0.13821743129917E-03
 0.15763744284365E-03
 0.17896545134283E-03
 0.20392159138375E-03
 0.22855884768450E-03
 0.25846440294513E-03
 0.29054199778207E-03
 0.32580592223023E-03
 0.35720584174398E-03
 0.40973887032594E-03
 0.45304288589320E-03
 0.50349401542196E-03
 0.55844660411297E-03
 0.61818950194584E-03
 0.68303943597628E-03
 0.75333135896779E-03
 0.82941063828156E-03
 0.91164317792135E-03
 0.10004141324846E-02
 0.10961181686838E-02
 0.11991796594558E-02
 0.13046935391931E-02
 0.14311125879919E-02
 0.15569123263169E-02
 0.16939984952344E-02
 0.18408528689495E-02
 0.19980430610096E-02
 0.21661284509256E-02
 0.23457317495840E-02
 0.25376320863350E-02
 0.27420612575474E-02
 0.29601252902737E-02
 0.31914559348703E-02
 0.34412858826506E-02
 0.37069117932237E-02
 0.39823038448492E-02
 0.42795305275187E-02
 0.45947678192844E-02
 0.49296767602093E-02
 0.52854960290087E-02
 0.56639367820818E-02
 0.60589422158454E-02
 0.64835370623860E-02
 0.69213304008825E-02
 0.74013260916869E-02
 0.79007129057738E-02
 0.84282177261387E-02
 0.89851275842978E-02
 0.95699475361228E-02
 0.10194786672922E-01
 0.10846127907814E-01
 0.11526699680864E-01
 0.12255725199223E-01
 0.13016349788551E-01
 0.13817406248165E-01
 0.14652205388487E-01
 0.15537782406878E-01
 0.16455907610217E-01
 0.17415715061262E-01
 0.18433889206957E-01
 0.19491688871418E-01
 0.20591711935952E-01
 0.21745344125694E-01
 0.22943065608576E-01
 0.24184092202380E-01
 0.25488563063411E-01
 0.26832364105011E-01
 0.28230953017747E-01
 0.29679462192969E-01
 0.31173601954416E-01
 0.32718023019768E-01
 0.34323518211974E-01
 0.35964398739453E-01
 0.37659770478840E-01
 0.39399351308817E-01
 0.41184018684363E-01
 0.43023242767749E-01
 0.44902679472859E-01
 0.46823046726834E-01
 0.48783388697061E-01
 0.50785005347554E-01
 0.52833247367372E-01
 0.54904789258759E-01
 0.57013416867602E-01
 0.59154491984711E-01
 0.61328337046098E-01
 0.63525094252127E-01
 0.65745581681166E-01
 0.67987989393333E-01
 0.70250529075124E-01
 0.72526369199946E-01
 0.74812211476981E-01
 0.77107969067242E-01
 0.79409560507381E-01
 0.81707301226116E-01
 0.84002413436634E-01
 0.86289603217809E-01
 0.88566029849113E-01
 0.90822633247077E-01
 0.93057756267670E-01
 0.95266953071247E-01
 0.97444116861248E-01
 0.99587364342728E-01
 0.10169003331552E+00
 0.10374921491394E+00
 0.10576061541927E+00
 0.10772000052015E+00
 0.10962402898171E+00
 0.11147187522470E+00
 0.11326026826955E+00
 0.11498838028923E+00
 0.11665248240368E+00
 0.11825423614128E+00
 0.11979294478650E+00
 0.12126916092664E+00
 0.12268269005830E+00
 0.12403518561549E+00
 0.12532832952469E+00
 0.12656362618958E+00
 0.12774326106929E+00
 0.12886881116407E+00
 0.12994315326747E+00
 0.13096901955790E+00
 0.13194812875970E+00
 0.13288266270204E+00
 0.13377433219312E+00
 0.13462640510305E+00
 0.13544295445737E+00
 0.13622373185176E+00
 0.13697195462333E+00
 0.13768847835284E+00
 0.13837581620998E+00
 0.13903638879407E+00
 0.13967153806701E+00
 0.14028246336344E+00
 0.14087072929694E+00
 0.14143765197963E+00
 0.14198530164449E+00
 0.14251452268157E+00
 0.14302611096919E+00
 0.14352120475720E+00
 0.14400079956157E+00
 0.14446657633843E+00
 0.14491863232909E+00
 0.14535749434755E+00
 0.14578439925767E+00
 0.14620037552232E+00
 0.14660592896350E+00
 0.14700060707989E+00
 0.14738629686047E+00
 0.14776319292255E+00
 0.14813092781648E+00
 0.14849091126848E+00
 0.14884398335211E+00
 0.14918893300452E+00
 0.14952794046202E+00
 0.14985887166067E+00
 0.15018560139036E+00
 0.15050607799049E+00
 0.15082022095233E+00
 0.15112942356527E+00
 0.15143355495459E+00
 0.15173252876654E+00
 0.15202768245910E+00
 0.15231890592630E+00
 0.15260585216103E+00
 0.15288813949198E+00
 0.15316616995426E+00
 0.15344074205593E+00
 0.15371318504209E+00
 0.15398075240895E+00
 0.15424578862413E+00
 0.15450736630412E+00
 0.15476600428653E+00
 0.15502202499507E+00
 0.15527632778595E+00
 0.15552653566281E+00
 0.15577490730578E+00
 0.15602046078836E+00
 0.15626336262692E+00
 0.15650408577414E+00
 0.15674316064369E+00
 0.15697976901292E+00
 0.15721475729783E+00
 0.15744737185045E+00
 0.15767801102692E+00
 0.15790677405322E+00
 0.15813361487564E+00
 0.15835864413926E+00
 0.15858196507880E+00
 0.15880363930913E+00
 0.15902349287520E+00
 0.15924158834465E+00
 0.15945834895075E+00
 0.15967377376609E+00
 0.15988758938329E+00
 0.16009966304225E+00
 0.16031052757934E+00
 0.16051988088010E+00
 0.16072779603126E+00
 0.16093443623618E+00
 0.16113971880734E+00
 0.16134394410588E+00
 0.16154630701043E+00
 0.16174742769248E+00
 0.16194751137611E+00
 0.16214626986992E+00
 0.16234381204586E+00
 0.16254010024062E+00
 0.16273547532994E+00
 0.16292923950773E+00
 0.16312192067920E+00
 0.16331327288443E+00
 0.16350397270634E+00
 0.16369345435738E+00
 0.16388130911351E+00
 0.16406838774942E+00
 0.16425428330109E+00
 0.16443929488432E+00
 0.16462302103561E+00
