 0.00000000000000E+00
 0.35966530070308E-24
 0.22329989267583E-22
 0.93844976921912E-22
 0.86124899575128E-21
 0.29589695029467E-20
 0.58280007231290E-20
 0.14051957299100E-19
 0.16788479449343E-19
 0.79778854343277E-19
 0.13428341598827E-18
 0.90254865519667E-19
 0.16662436711323E-18
-0.51002396543122E-12
-0.27653030326343E-11
 0.13178411031182E-10
-0.27295021293309E-12
-0.74185720700839E-11
-0.83853243038148E-11
-0.11533051694552E-10
 0.10356495020372E-10
 0.51813907880885E-11
-0.64628652884405E-11
-0.24980580251260E-11
 0.11977593937518E-11
-0.69459770549662E-09
-0.22768872445693E-08
 0.11547964930879E-07
-0.31595713896783E-07
-0.15406767597383E-07
 0.19041051650043E-07
-0.10901268593466E-07
-0.68287971581568E-08
 0.58565665315861E-08
 0.65810602525108E-08
 0.18952452247569E-09
-0.81373563996554E-10
-0.65573275207985E-10
 0.79102565360515E-10
 0.41215501121709E-09
 0.10977175290541E-08
 0.23686948156056E-08
 0.44243607689094E-08
 0.79676314215765E-08
 0.13573250093724E-07
 0.22176794918839E-07
 0.34968088953627E-07
 0.53564868176716E-07
 0.79969854876243E-07
 0.11613124891378E-06
 0.16628736828674E-06
 0.23383053410806E-06
 0.32343811995782E-06
 0.44068998732239E-06
 0.59220220526459E-06
 0.78565955047953E-06
 0.10300348647834E-05
 0.13355959323270E-05
 0.17113811832002E-05
 0.21754890317533E-05
 0.27406029364484E-05
 0.34233132926142E-05
 0.42420777433439E-05
 0.52172074731183E-05
 0.63710366775306E-05
 0.77279486378359E-05
 0.93144185331169E-05
 0.11159188284514E-04
 0.13293151641641E-04
 0.15749554380459E-04
 0.18562981072027E-04
 0.21774061647871E-04
 0.25420563589743E-04
 0.29533974437589E-04
 0.34182550575599E-04
 0.39402928473786E-04
 0.45245881065569E-04
 0.51763995366350E-04
 0.59012785618709E-04
 0.67050313432156E-04
 0.75937264888021E-04
 0.85157673919231E-04
 0.98571068432486E-04
 0.10875179602705E-03
 0.11831304495821E-03
 0.13547552813879E-03
 0.15085891683765E-03
 0.16762736677954E-03
 0.12621297095742E-03
 0.34844837433853E-03
 0.22754721446354E-03
 0.24993232628151E-03
 0.27478634521983E-03
 0.30154966074210E-03
 0.33032520702603E-03
 0.36122395479814E-03
 0.39435343075208E-03
 0.42983832535551E-03
 0.46780249127315E-03
 0.50836506517423E-03
 0.55166418203281E-03
 0.54763093110020E-03
 0.59173603377265E-03
 0.69914778329112E-03
 0.75502777712572E-03
 0.81418976969556E-03
 0.87702282905607E-03
 0.94367702032519E-03
 0.10143573094104E-02
 0.10897708205684E-02
 0.11685819046525E-02
 0.12527152284734E-02
 0.13576871386223E-02
 0.13882681443587E-02
 0.16116019213577E-02
 0.16389570816898E-02
 0.17509291246170E-02
 0.18634890476261E-02
 0.19908811737809E-02
 0.21216593242210E-02
 0.22723062088625E-02
 0.24110139034178E-02
 0.25083196548291E-02
 0.27245226937946E-02
 0.28745784385973E-02
 0.30498777741845E-02
 0.32339041038732E-02
 0.34269948167945E-02
 0.35968708457401E-02
 0.38820633897690E-02
 0.40285431571067E-02
 0.43013700177468E-02
 0.45381540285130E-02
 0.47913375775169E-02
 0.50786038444347E-02
 0.53083543168227E-02
 0.56490888256291E-02
 0.58646143442573E-02
 0.62183400492283E-02
 0.65442171196221E-02
 0.68907178133572E-02
 0.72122769719216E-02
 0.76029417852832E-02
 0.79146297748035E-02
 0.82855687059119E-02
 0.87427123652506E-02
 0.90809348136033E-02
 0.95232611352191E-02
 0.99345538040386E-02
 0.10312638330390E-01
 0.10792016256717E-01
 0.11212995796633E-01
 0.11689049836131E-01
 0.12135030198607E-01
 0.12563278739107E-01
 0.13042340677497E-01
 0.13557428637356E-01
 0.14019949762573E-01
 0.14479738090638E-01
 0.14931702684109E-01
 0.15430640464957E-01
 0.15951028520451E-01
 0.16409493812917E-01
 0.16868259366289E-01
 0.17367681459109E-01
 0.17862934638828E-01
 0.18297531295446E-01
 0.18737458397272E-01
 0.19202311628629E-01
 0.19669066735243E-01
 0.20039479999867E-01
 0.20439040037866E-01
 0.20837489685546E-01
 0.21191622736373E-01
 0.21505482353973E-01
 0.21810942664369E-01
 0.22094103498390E-01
 0.22309605177668E-01
 0.22497629631265E-01
 0.22642446112175E-01
 0.22736343118211E-01
 0.22796378741028E-01
 0.22809069434982E-01
 0.22760491277037E-01
 0.22667624851819E-01
 0.22525967764079E-01
 0.22325383440467E-01
 0.22079598705400E-01
 0.21806794219730E-01
 0.21483555751729E-01
 0.21112980442640E-01
 0.20724339498947E-01
 0.20296738877466E-01
 0.19866845737922E-01
 0.19403302579434E-01
 0.18925770489310E-01
 0.18449015910230E-01
 0.17963933337645E-01
 0.17480064509976E-01
 0.17001544963338E-01
 0.16524007247924E-01
 0.16061551477112E-01
 0.15617023627832E-01
 0.15178514067847E-01
 0.14744491288618E-01
 0.14320687315294E-01
 0.13939827827308E-01
 0.13561848552273E-01
 0.13200779151714E-01
 0.12857506005717E-01
 0.12519594188880E-01
 0.12201130993841E-01
 0.11906708788287E-01
 0.11619532476616E-01
 0.11347742328008E-01
 0.11085868401860E-01
 0.10838163661556E-01
 0.10609502746919E-01
 0.10381663601846E-01
 0.10169592184408E-01
 0.99616432399386E-02
 0.97688493588274E-02
 0.95929001046157E-02
 0.94110705983436E-02
 0.92445090630923E-02
 0.90783762203564E-02
 0.89327404202431E-02
 0.87855383895245E-02
 0.86379787015563E-02
 0.85101838261355E-02
 0.83791863239662E-02
 0.82507233228779E-02
 0.81365317377235E-02
 0.80164517297504E-02
 0.79139866515033E-02
 0.78128735693987E-02
 0.77045921391137E-02
 0.76141538417924E-02
 0.75178442710901E-02
 0.74226996756087E-02
 0.73316433205121E-02
 0.72451476217420E-02
 0.71651588707485E-02
 0.71055867051289E-02
 0.70003038361999E-02
 0.69413126042567E-02
 0.68667486886189E-02
 0.67854523604954E-02
 0.67288387968246E-02
 0.66647813515332E-02
 0.66051067031480E-02
 0.65429626532490E-02
 0.64853198378182E-02
 0.64279032962704E-02
 0.63798300263045E-02
 0.63274951961149E-02
 0.62679814003472E-02
 0.62236623346356E-02
 0.61653206416070E-02
 0.61111300860795E-02
 0.60664744764581E-02
 0.60264891686895E-02
 0.59837923789455E-02
 0.59403186531562E-02
 0.59006053643451E-02
 0.58602445541990E-02
 0.58173014179564E-02
 0.57746297144561E-02
 0.57388170652321E-02
 0.57029768270499E-02
 0.56662102951271E-02
 0.56273252093072E-02
 0.55904973522089E-02
 0.55612595066116E-02
 0.55279326082402E-02
 0.54965484401712E-02
 0.54625453748860E-02
 0.54329459290873E-02
 0.54034085395353E-02
 0.53742980609572E-02
 0.53464990480948E-02
 0.53206104783951E-02
 0.52922135573447E-02
 0.52597159461464E-02
 0.52334571464035E-02
 0.52080728986146E-02
 0.51816209852913E-02
 0.51562687971489E-02
 0.51360811441977E-02
 0.51134085238222E-02
 0.50888574491106E-02
 0.50555117620811E-02
 0.50402193921514E-02
 0.50223730645577E-02
 0.49919898898717E-02
 0.49745600066507E-02
 0.49486241779428E-02
 0.49294922327806E-02
 0.49080297124360E-02
 0.48904882473354E-02
