 0.27276187932143E+03
 0.27276185701543E+03
 0.27276164773519E+03
 0.27276087374862E+03
 0.27275899453934E+03
 0.27275535187171E+03
 0.27274919951120E+03
 0.27273984691575E+03
 0.27272719536171E+03
 0.27271289503427E+03
 0.27270195062517E+03
 0.27270419104287E+03
 0.27273498469040E+03
 0.27281489974218E+03
 0.27297229208120E+03
 0.27322584541102E+03
 0.27361009136542E+03
 0.27414532701044E+03
 0.27485709745112E+03
 0.27575718095068E+03
 0.27686232278890E+03
 0.27817318474586E+03
 0.27969688429469E+03
 0.28142280556641E+03
 0.28334983519241E+03
 0.28545834032934E+03
 0.28774131222307E+03
 0.29017316685063E+03
 0.29274333995143E+03
 0.29542325465614E+03
 0.29820065360754E+03
 0.30104636915716E+03
 0.30394345279386E+03
 0.30687710704640E+03
 0.30981877019367E+03
 0.31275406567394E+03
 0.31566582748106E+03
 0.31854325255035E+03
 0.32136131041610E+03
 0.32411083982096E+03
 0.32677951666848E+03
 0.32935612024589E+03
 0.33183622565163E+03
 0.33420031775783E+03
 0.33644569283522E+03
 0.33856573675824E+03
 0.34055486014716E+03
 0.34240838041414E+03
 0.34412250302366E+03
 0.34569997260398E+03
 0.34712749127177E+03
 0.34840885843495E+03
 0.34954331375577E+03
 0.35053060480159E+03
 0.35137100453046E+03
 0.35206528462965E+03
 0.35261465789806E+03
 0.35302073342722E+03
 0.35329080238521E+03
 0.35341666171493E+03
 0.35340596086568E+03
 0.35326155524113E+03
 0.35298645942320E+03
 0.35258387106872E+03
 0.35205714452127E+03
 0.35140976641217E+03
 0.35064533355815E+03
 0.34976752742990E+03
 0.34878009955009E+03
 0.34768685416715E+03
 0.34649163006355E+03
 0.34519828041767E+03
 0.34381067439265E+03
 0.34233725129347E+03
 0.34077276658231E+03
 0.33912551452307E+03
 0.33739927537787E+03
 0.33559783672544E+03
 0.33372488814058E+03
 0.33178406371471E+03
 0.32977893621105E+03
 0.32771301000749E+03
 0.32558972052850E+03
 0.32341243149235E+03
 0.32118449652547E+03
 0.31890898661002E+03
 0.31658907794766E+03
 0.31422779144325E+03
 0.31182807259799E+03
 0.30939624067333E+03
 0.30692815375997E+03
 0.30442990446949E+03
 0.30190408941849E+03
 0.29935319319748E+03
 0.29677961055296E+03
 0.29418561845405E+03
 0.29157339742995E+03
 0.28894512300891E+03
 0.28630284698072E+03
 0.28364844803823E+03
 0.28098376436966E+03
 0.27831054194279E+03
 0.27563044376641E+03
 0.27294763201108E+03
 0.27025830528431E+03
 0.26756657719761E+03
 0.26487366547014E+03
 0.26218078608183E+03
 0.25948904201227E+03
 0.25679945296736E+03
 0.25411285172193E+03
 0.25143026863637E+03
 0.24875239845315E+03
 0.24607976497740E+03
 0.24341505862922E+03
 0.24075470779939E+03
 0.23810108479859E+03
 0.23545446892742E+03
 0.23281508865477E+03
 0.23018299451701E+03
 0.22755812637282E+03
 0.22494034246829E+03
 0.22232943362333E+03
 0.21972504539184E+03
 0.21712826652221E+03
 0.21453543673002E+03
 0.21194737982372E+03
 0.20936326682403E+03
 0.20678213194283E+03
 0.20420288888211E+03
 0.20162430567696E+03
 0.19904500648018E+03
 0.19646465001322E+03
 0.19387919605904E+03
 0.19128798961936E+03
 0.18868904366393E+03
 0.18608020805154E+03
 0.18345916468979E+03
 0.18082345165238E+03
 0.17817131858487E+03
 0.17549816518763E+03
 0.17280191166607E+03
 0.17007942272160E+03
 0.16732741750307E+03
 0.16454247195475E+03
 0.16172166636056E+03
 0.15885997222600E+03
 0.15595435364907E+03
 0.15300088171715E+03
 0.14999559181942E+03
 0.14693449597648E+03
 0.14381400916779E+03
 0.14062937814264E+03
 0.13737706747147E+03
 0.13405347490127E+03
 0.13065494413916E+03
 0.12717839301231E+03
 0.12362039379778E+03
 0.11997866882100E+03
 0.11625100645068E+03
 0.11243611829850E+03
 0.10853321943524E+03
 0.10454213949084E+03
 0.10046409556913E+03
 0.96301037438749E+02
 0.92056132533883E+02
 0.87733806906238E+02
 0.83339851828664E+02
 0.78881389559387E+02
 0.74367049660116E+02
 0.69806790032392E+02
 0.65212202103361E+02
 0.60596125815985E+02
 0.55972588309998E+02
 0.51357148488405E+02
 0.46765988260748E+02
 0.42216165241946E+02
 0.37725135549075E+02
 0.33311135654461E+02
 0.28991959392280E+02
 0.24785157681353E+02
 0.20708287588480E+02
 0.16777655788811E+02
 0.13008779924062E+02
 0.94158263026532E+01
 0.60121228435182E+01
 0.28090250824061E+01
-0.18367831548365E+00
-0.29573898868570E+01
-0.55056150301696E+01
-0.78236369958737E+01
-0.99079021545598E+01
-0.11756899429154E+02
-0.13370536296747E+02
-0.14750287720519E+02
-0.15898703344171E+02
-0.16819868692012E+02
-0.17518903171378E+02
-0.18001989700764E+02
-0.18275972396479E+02
-0.18348631883504E+02
-0.18228285760512E+02
-0.17923758529103E+02
-0.17444113488392E+02
-0.16798773204582E+02
-0.15997257816399E+02
-0.15049138759685E+02
-0.13963948482975E+02
-0.12751116114660E+02
-0.11419886421306E+02
-0.99793961460558E+01
-0.84383787443039E+01
-0.68053767271505E+01
-0.50886138063562E+01
-0.32959677656807E+01
-0.14350145763286E+01
 0.48703359413157E+00
 0.24633092339526E+01
 0.44872738446374E+01
 0.65527043847893E+01
 0.86536551364732E+01
 0.10784764719039E+02
 0.12940701840868E+02
 0.15116522277513E+02
 0.17307582261885E+02
 0.19509521257021E+02
 0.21718263227368E+02
 0.23929912691258E+02
 0.26140945974915E+02
 0.28347846157348E+02
 0.30547567817442E+02
 0.32737175241479E+02
 0.34913921800605E+02
 0.37075037365585E+02
 0.39218598460252E+02
 0.41342192843723E+02
 0.43443776020579E+02
 0.45521473283703E+02
 0.47573539495437E+02
 0.49598447941745E+02
 0.51594670211400E+02
 0.53560872424194E+02
 0.55495888515286E+02
 0.57398254814312E+02
 0.59267598542055E+02
 0.61102788905638E+02
 0.62903047617352E+02
 0.64667332923108E+02
 0.66395416556856E+02
 0.68086621951865E+02
 0.69740478202874E+02
 0.71356594184366E+02
 0.72934133711939E+02
 0.74473856362814E+02
 0.75975127905931E+02
 0.77437584572399E+02
 0.78861413441139E+02
 0.80246464141820E+02
 0.81592767155078E+02
 0.82900381424112E+02
 0.84169409711318E+02
 0.85399372926955E+02
 0.86591704636609E+02
 0.87745993209369E+02
 0.88862523121322E+02
 0.89941591010283E+02
 0.90983672535579E+02
 0.91988445894174E+02
 0.92956995490935E+02
 0.93888699195641E+02
 0.94785460838068E+02
 0.95646973761531E+02
 0.96473665987784E+02
 0.97266021113928E+02
 0.98024547920545E+02
 0.98749638369465E+02
 0.99441871202248E+02
 0.10010089044228E+03
 0.10072891295989E+03
 0.10132562581549E+03
 0.10189157595706E+03
 0.10242727071003E+03
 0.10293352268853E+03
 0.10341033075874E+03
 0.10385872609882E+03
 0.10427792634551E+03
 0.10467081778287E+03
 0.10503681790208E+03
 0.10537649173423E+03
 0.10569040232578E+03
 0.10597912100260E+03
 0.10624318637736E+03
 0.10648320122702E+03
 0.10669862230682E+03
 0.10689210906907E+03
 0.10706315600484E+03
 0.10721232553551E+03
 0.10734019348967E+03
 0.10744719981646E+03
 0.10753372573711E+03
