 0.92121790860073E+02
 0.92121790860027E+02
 0.92121790859548E+02
 0.92121790860743E+02
 0.92121790880881E+02
 0.92121790969858E+02
 0.92121791222144E+02
 0.92121791777010E+02
 0.92121792791779E+02
 0.92121794348156E+02
 0.92121796236996E+02
 0.92121797586021E+02
 0.92121796341470E+02
 0.92121788662425E+02
 0.92121837897866E+02
 0.92121795686413E+02
 0.92121796030660E+02
 0.92121752575248E+02
 0.92121732904214E+02
 0.92121643414142E+02
 0.92121566757822E+02
 0.92121402012317E+02
 0.92121246185189E+02
 0.92120981100639E+02
 0.92120715237494E+02
 0.92120316358033E+02
 0.92119900933199E+02
 0.92119330610317E+02
 0.92118724008605E+02
 0.92117943548044E+02
 0.92117105349855E+02
 0.92116078963568E+02
 0.92114910105753E+02
 0.92113662604127E+02
 0.92112202074851E+02
 0.92110577629188E+02
 0.92108785118432E+02
 0.92106889172922E+02
 0.92104750481858E+02
 0.92102424051214E+02
 0.92099906168988E+02
 0.92097191395841E+02
 0.92094345479159E+02
 0.92091226506887E+02
 0.92087892557322E+02
 0.92084339019961E+02
 0.92080559707519E+02
 0.92076547965736E+02
 0.92072296657242E+02
 0.92067870492359E+02
 0.92063120647515E+02
 0.92058105045138E+02
 0.92052814798728E+02
 0.92047239120279E+02
 0.92041366282122E+02
 0.92035183474932E+02
 0.92028676762796E+02
 0.92021831005551E+02
 0.92014700884604E+02
 0.92007129420969E+02
 0.91999164778356E+02
 0.91990786973569E+02
 0.91981973726729E+02
 0.91972701096356E+02
 0.91962943411755E+02
 0.91952673202835E+02
 0.91941861117220E+02
 0.91930475874983E+02
 0.91918484170008E+02
 0.91905850594192E+02
 0.91892537566986E+02
 0.91878505288925E+02
 0.91863711602013E+02
 0.91848185788008E+02
 0.91831735465807E+02
 0.91814382179290E+02
 0.91796074431413E+02
 0.91776757093239E+02
 0.91756372482420E+02
 0.91734860033810E+02
 0.91712156209211E+02
 0.91688194408627E+02
 0.91662904860846E+02
 0.91636214497278E+02
 0.91608032671020E+02
 0.91578305559769E+02
 0.91546937592573E+02
 0.91513841691324E+02
 0.91478926798198E+02
 0.91442172635050E+02
 0.91403333372583E+02
 0.91362377840465E+02
 0.91319198876334E+02
 0.91273684455494E+02
 0.91225718016594E+02
 0.91175178214914E+02
 0.91121938821888E+02
 0.91065867846520E+02
 0.91006828318944E+02
 0.90944678096226E+02
 0.90879269018580E+02
 0.90810447150965E+02
 0.90738052226360E+02
 0.90661993206327E+02
 0.90581949497109E+02
 0.90497813440941E+02
 0.90409398719572E+02
 0.90316511643886E+02
 0.90218950939528E+02
 0.90116507685312E+02
 0.90008966274241E+02
 0.89896100558068E+02
 0.89777678597561E+02
 0.89653458715800E+02
 0.89523264102500E+02
 0.89386693902222E+02
 0.89243550835382E+02
 0.89093559060628E+02
 0.88936433683867E+02
 0.88771881093305E+02
 0.88599573890916E+02
 0.88419247934580E+02
 0.88230561575268E+02
 0.88033186901378E+02
 0.87826860506121E+02
 0.87611099020835E+02
 0.87385620634852E+02
 0.87150069719745E+02
 0.86904085489647E+02
 0.86647301359404E+02
 0.86379347009148E+02
 0.86099849979126E+02
 0.85808502956233E+02
 0.85504801773136E+02
 0.85188437295552E+02
 0.84859038574998E+02
 0.84516239247125E+02
 0.84159679822084E+02
 0.83789005315505E+02
 0.83403931895684E+02
 0.83004007529214E+02
 0.82588967011690E+02
 0.82158500739014E+02
 0.81712314473284E+02
 0.81250128611757E+02
 0.80771732490064E+02
 0.80276778345078E+02
 0.79765089056033E+02
 0.79236456402572E+02
 0.78690692207295E+02
 0.78127626904122E+02
 0.77547156440451E+02
 0.76949027215276E+02
 0.76333236328349E+02
 0.75699661776509E+02
 0.75048234440066E+02
 0.74378942826900E+02
 0.73691680609735E+02
 0.72986475612448E+02
 0.72263345077993E+02
 0.71522320270967E+02
 0.70763502085666E+02
 0.69986915971926E+02
 0.69192717649678E+02
 0.68381062365575E+02
 0.67552169685730E+02
 0.66706223351657E+02
 0.65843531966680E+02
 0.64964424890483E+02
 0.64069289914172E+02
 0.63158601973136E+02
 0.62232843553094E+02
 0.61292629827894E+02
 0.60338658285370E+02
 0.59371661314093E+02
 0.58392516643686E+02
 0.57402182012796E+02
 0.56401729544309E+02
 0.55392296217586E+02
 0.54375160430172E+02
 0.53351699404879E+02
 0.52323351040364E+02
 0.51291682936043E+02
 0.50258321300673E+02
 0.49224965411580E+02
 0.48193353068303E+02
 0.47165267976651E+02
 0.46142509056290E+02
 0.45126849143288E+02
 0.44120067444515E+02
 0.43123831417811E+02
 0.42139784967185E+02
 0.41169472416251E+02
 0.40214326861609E+02
 0.39275661306712E+02
 0.38354649672391E+02
 0.37452333780496E+02
 0.36569609100472E+02
 0.35707225780748E+02
 0.34865549207080E+02
 0.34045510113478E+02
 0.33247215061764E+02
 0.32470872905845E+02
 0.31716572346808E+02
 0.30984300280429E+02
 0.30273946600486E+02
 0.29585317526303E+02
 0.28918142092015E+02
 0.28272089687752E+02
 0.27646772773275E+02
 0.27041760884878E+02
 0.26456584860939E+02
 0.25890747940216E+02
 0.25343731125571E+02
 0.24814998689776E+02
 0.24304005296895E+02
 0.23810199411706E+02
 0.23333027856688E+02
 0.22871939346995E+02
 0.22426386640700E+02
 0.21995833562725E+02
 0.21579742195213E+02
 0.21177596975132E+02
 0.20788890382766E+02
 0.20413127453475E+02
 0.20049827774986E+02
 0.19698524952731E+02
 0.19358768205019E+02
 0.19030120697140E+02
 0.18712161471805E+02
 0.18404483903785E+02
 0.18106696703609E+02
 0.17818423333829E+02
 0.17539301467948E+02
 0.17268982683941E+02
 0.17007132860546E+02
 0.16753430746618E+02
 0.16507568419117E+02
 0.16269250069137E+02
 0.16038191826742E+02
 0.15814122041847E+02
 0.15596779965328E+02
 0.15385916068413E+02
 0.15181290552445E+02
 0.14982674424147E+02
 0.14789847046053E+02
 0.14602597880892E+02
 0.14420724959663E+02
 0.14244034317555E+02
 0.14072340783234E+02
 0.13905465955520E+02
 0.13743239504291E+02
 0.13585497793299E+02
 0.13432084129306E+02
 0.13282847987333E+02
 0.13137645133048E+02
 0.12996336922824E+02
 0.12858790684142E+02
 0.12724878944201E+02
 0.12594479303782E+02
 0.12467474277794E+02
 0.12343750992748E+02
 0.12223201167796E+02
 0.12105720710387E+02
 0.11991209451259E+02
 0.11879571347051E+02
 0.11770713964198E+02
 0.11664548512818E+02
 0.11560989485431E+02
 0.11459954516954E+02
 0.11361364730124E+02
 0.11265143948601E+02
 0.11171218918358E+02
 0.11079519077924E+02
 0.10989976510173E+02
 0.10902525759872E+02
 0.10817103811661E+02
 0.10733649834935E+02
 0.10652105448927E+02
 0.10572414129216E+02
 0.10494521438674E+02
 0.10418374909992E+02
 0.10343923880847E+02
 0.10271119472879E+02
 0.10199914517956E+02
 0.10130263430105E+02
 0.10062122450194E+02
 0.99954490245820E+01
 0.99302021426047E+01
 0.98663422107325E+01
 0.98038309564544E+01
 0.97426313711669E+01
 0.96827077179462E+01
 0.96240253015079E+01
 0.95665508891319E+01
 0.95102519665221E+01
 0.94550973257871E+01
 0.94010566413796E+01
 0.93481006175244E+01
 0.92962008699008E+01
