 0.64888479906181E+01
 0.64888479899769E+01
 0.64888479829047E+01
 0.64888479526946E+01
 0.64888478702820E+01
 0.64888476951796E+01
 0.64888473761743E+01
 0.64888468510915E+01
 0.64888460449813E+01
 0.64888448648541E+01
 0.64888431885039E+01
 0.64888408462883E+01
 0.64888375972675E+01
 0.64888331031242E+01
 0.64888229121046E+01
 0.64888144085300E+01
 0.64887984353803E+01
 0.64887781161721E+01
 0.64887473810202E+01
 0.64887090616110E+01
 0.64886555549586E+01
 0.64885895083980E+01
 0.64885019611078E+01
 0.64883961088477E+01
 0.64882619726124E+01
 0.64881032989772E+01
 0.64879094741609E+01
 0.64876845247404E+01
 0.64874177088759E+01
 0.64871130978404E+01
 0.64867602567899E+01
 0.64863630865135E+01
 0.64859154898815E+01
 0.64854104837721E+01
 0.64848527752707E+01
 0.64842366613213E+01
 0.64835597530343E+01
 0.64828158888022E+01
 0.64820110352973E+01
 0.64811400853681E+01
 0.64802015921821E+01
 0.64791944467829E+01
 0.64781135796972E+01
 0.64769663562004E+01
 0.64757486003224E+01
 0.64744600015791E+01
 0.64731005400424E+01
 0.64716703870127E+01
 0.64701698962386E+01
 0.64685952640210E+01
 0.64669555652951E+01
 0.64652476420739E+01
 0.64634724123533E+01
 0.64616309853365E+01
 0.64597245899161E+01
 0.64577545670960E+01
 0.64557223598660E+01
 0.64536295046853E+01
 0.64514732788815E+01
 0.64492638771794E+01
 0.64469989639393E+01
 0.64446803298451E+01
 0.64423098678613E+01
 0.64398895244808E+01
 0.64374212943478E+01
 0.64349072156498E+01
 0.64323493664574E+01
 0.64297498597268E+01
 0.64271108412366E+01
 0.64244344868096E+01
 0.64217229994065E+01
 0.64189786053504E+01
 0.64162035560328E+01
 0.64133954576847E+01
 0.64105657804806E+01
 0.64077123500673E+01
 0.64048374522926E+01
 0.64019434426647E+01
 0.63990326804105E+01
 0.63961075406751E+01
 0.63931704142343E+01
 0.63902237070290E+01
 0.63872698415468E+01
 0.63843112569842E+01
 0.63813508353593E+01
 0.63783902595162E+01
 0.63754323868289E+01
 0.63724797202376E+01
 0.63695347883490E+01
 0.63665952832256E+01
 0.63636733192050E+01
 0.63607668028270E+01
 0.63578783222439E+01
 0.63550105117609E+01
 0.63521660289282E+01
 0.63493475553983E+01
 0.63465578014234E+01
 0.63437995299130E+01
 0.63410755216697E+01
 0.63383885759991E+01
 0.63357415444175E+01
 0.63331373074829E+01
 0.63305787956211E+01
 0.63280639762019E+01
 0.63256056542106E+01
 0.63232021015573E+01
 0.63208563822790E+01
 0.63185716431007E+01
 0.63163510793668E+01
 0.63141979383474E+01
 0.63121154843706E+01
 0.63101071213815E+01
 0.63081762143208E+01
 0.63063262280604E+01
 0.63045557290887E+01
 0.63028779563622E+01
 0.63012917682240E+01
 0.62998008084255E+01
 0.62984087928438E+01
 0.62971194611365E+01
 0.62959371108604E+01
 0.62948645650878E+01
 0.62939061339097E+01
 0.62930656749195E+01
 0.62923421104140E+01
 0.62917489807235E+01
 0.62912854219128E+01
 0.62909552536807E+01
 0.62907622550065E+01
 0.62907101842362E+01
 0.62908027299089E+01
 0.62910434904823E+01
 0.62914312460182E+01
 0.62919785858582E+01
 0.62926842421926E+01
 0.62935513118220E+01
 0.62945827158172E+01
 0.62957811698478E+01
 0.62971492366683E+01
 0.62986848167923E+01
 0.63003986154145E+01
 0.63022882952707E+01
 0.63043554963872E+01
 0.63066016143265E+01
 0.63090278407844E+01
 0.63116311432001E+01
 0.63144201178346E+01
 0.63173915862378E+01
 0.63205459598405E+01
 0.63238835565304E+01
 0.63274046354147E+01
 0.63311057396983E+01
 0.63349948815818E+01
 0.63390677373681E+01
 0.63433253097045E+01
 0.63477681612746E+01
 0.63523937992910E+01
 0.63572098942440E+01
 0.63622148307008E+01
 0.63674104669868E+01
 0.63727994892121E+01
 0.63783818384279E+01
 0.63841669898128E+01
 0.63901565655985E+01
 0.63963556672149E+01
 0.64027676355198E+01
 0.64094043303933E+01
 0.64162709535680E+01
 0.64233761536443E+01
 0.64307296300576E+01
 0.64383394120184E+01
 0.64462213567655E+01
 0.64543855719632E+01
 0.64628430791568E+01
 0.64716115309273E+01
 0.64807033381094E+01
 0.64901332264484E+01
 0.64999144536248E+01
 0.65100653329580E+01
 0.65205989562217E+01
 0.65315280509056E+01
 0.65428689682160E+01
 0.65546324021952E+01
 0.65668292257267E+01
 0.65794674317258E+01
 0.65925560377627E+01
 0.66060985300448E+01
 0.66200956213280E+01
 0.66345485497259E+01
 0.66494517045799E+01
 0.66647980869848E+01
 0.66805787713077E+01
 0.66967797657906E+01
 0.67133849871612E+01
 0.67303750181597E+01
 0.67477299053299E+01
 0.67654255697263E+01
 0.67834366880648E+01
 0.68017359698966E+01
 0.68202966603988E+01
 0.68390890968946E+01
 0.68580841828481E+01
 0.68772520574968E+01
 0.68965642021674E+01
 0.69159912266307E+01
 0.69355047561511E+01
 0.69550770248636E+01
 0.69746817574266E+01
 0.69942932225077E+01
 0.70138870320918E+01
 0.70334397573545E+01
 0.70529296379486E+01
 0.70723359575568E+01
 0.70916393373840E+01
 0.71108217635862E+01
 0.71298663973669E+01
 0.71487576763603E+01
 0.71674812507542E+01
 0.71860237953954E+01
 0.72043732081965E+01
 0.72225183891532E+01
 0.72404493082680E+01
 0.72581567796824E+01
 0.72756325193226E+01
 0.72928691910407E+01
 0.73098601819151E+01
 0.73265996595224E+01
 0.73430823495497E+01
 0.73593038534127E+01
 0.73752601632879E+01
 0.73909480283949E+01
 0.74063646616814E+01
 0.74215077408755E+01
 0.74363755451793E+01
 0.74509664398187E+01
 0.74652795189042E+01
 0.74793141672028E+01
 0.74930700588593E+01
 0.75065472596865E+01
 0.75197461157141E+01
 0.75326672145460E+01
 0.75453115348397E+01
 0.75576800265160E+01
 0.75697741637349E+01
 0.75815952183849E+01
 0.75931451204329E+01
 0.76044256978324E+01
 0.76154389720181E+01
 0.76261872277865E+01
 0.76366726954740E+01
 0.76468979377256E+01
 0.76568654717147E+01
 0.76665780114482E+01
 0.76760382108800E+01
 0.76852490006135E+01
 0.76942132866561E+01
 0.77029340997584E+01
 0.77114144860850E+01
 0.77196575549784E+01
 0.77276664765815E+01
 0.77354444628158E+01
 0.77429948130441E+01
 0.77503207007749E+01
 0.77574254706614E+01
 0.77643124919898E+01
 0.77709850852368E+01
 0.77774466279643E+01
 0.77837004385051E+01
 0.77897499237404E+01
 0.77955985329509E+01
 0.78012495356718E+01
 0.78067063503793E+01
 0.78119723349419E+01
 0.78170508625035E+01
 0.78219452763853E+01
 0.78266589188236E+01
 0.78311950860041E+01
 0.78355571220772E+01
 0.78397482309290E+01
 0.78437717046899E+01
 0.78476307775242E+01
 0.78513286400482E+01
 0.78548684927995E+01
 0.78582534679555E+01
 0.78614867041644E+01
 0.78645713004475E+01
 0.78675102658045E+01
 0.78703066560936E+01
 0.78729634641698E+01
 0.78754836449832E+01
 0.78778701171903E+01
 0.78801257746645E+01
 0.78822534379022E+01
 0.78842559817899E+01
 0.78861361288809E+01
 0.78878966390002E+01
 0.78895402084810E+01
 0.78910695114961E+01
 0.78924871499798E+01
 0.78937957335008E+01
