 0.10000000133514E-09
 0.10000000133514E-09
 0.10000000133514E-09
 0.10000000133514E-09
 0.10000000133514E-09
 0.10000000133514E-09
 0.10000000133514E-09
 0.10000000133514E-09
 0.10000000133514E-09
 0.10000000133514E-09
 0.10000000133514E-09
 0.10000000133514E-09
 0.10000000133514E-09
 0.10000000133514E-09
 0.10000000133514E-09
 0.10000000133514E-09
 0.10000000133514E-09
 0.10000000133514E-09
 0.10000000133514E-09
 0.10000000133514E-09
 0.10000000133514E-09
 0.10000000133514E-09
 0.10000000133514E-09
 0.10000000133514E-09
 0.10000000133514E-09
 0.10000000133514E-09
 0.10000000133514E-09
 0.10000000133514E-09
 0.10000000133514E-09
 0.11337378746608E-03
 0.11337378746608E-03
 0.19475180017005E-03
 0.19475180017005E-03
 0.31398211870961E-03
 0.39067041988231E-03
 0.48030900835152E-03
 0.58408097651811E-03
 0.70316640427852E-03
 0.83873942537696E-03
 0.99196037934996E-03
 0.11639747060859E-02
 0.13559100936780E-02
 0.15688734033628E-02
 0.18039544543880E-02
 0.20622201410907E-02
 0.23447161568015E-02
 0.26524688299794E-02
 0.29864846471534E-02
 0.33477523548603E-02
 0.37372417144164E-02
 0.41559119215221E-02
 0.46047016108148E-02
 0.50845375047017E-02
 0.55963341552601E-02
 0.61409955836996E-02
 0.67194168376576E-02
 0.73324847754595E-02
 0.79810804523169E-02
 0.86660766129976E-02
 0.93883361448395E-02
 0.10148731266355E-01
 0.10948119891921E-01
 0.11787360964627E-01
 0.12667313484675E-01
 0.13588838666808E-01
 0.14552794621333E-01
 0.15560042642840E-01
 0.16611445847884E-01
 0.17707869866484E-01
 0.18850186492695E-01
 0.20039276878242E-01
 0.21276028401428E-01
 0.22561335548614E-01
 0.23896096135535E-01
 0.25281217379319E-01
 0.26717615476638E-01
 0.28206245626856E-01
 0.29748046267216E-01
 0.31343981687641E-01
 0.32995029200185E-01
 0.34702181926634E-01
 0.36466448271652E-01
 0.38288868974925E-01
 0.40170507600302E-01
 0.42116260771519E-01
 0.44120035554675E-01
 0.46186363077547E-01
 0.48316393140605E-01
 0.50511325911778E-01
 0.52772366374904E-01
 0.55100719735922E-01
 0.57497691451951E-01
 0.59964578528387E-01
 0.62502720307327E-01
 0.65113467772283E-01
 0.67798231213391E-01
 0.70558446057553E-01
 0.73395570893248E-01
 0.76311122459925E-01
 0.79306644030200E-01
 0.82383709132894E-01
 0.85543922712986E-01
 0.88788942952072E-01
 0.92120404399991E-01
 0.95540076053123E-01
 0.99049628111459E-01
 0.10265087364485E+00
 0.10634557473543E+00
 0.11013554096486E+00
 0.11402258584891E+00
 0.11800850905855E+00
 0.12209518628762E+00
 0.12628440602368E+00
 0.13057806248632E+00
 0.13497791778544E+00
 0.13948569378082E+00
 0.14410316448640E+00
 0.14883201539692E+00
 0.15367383612950E+00
 0.15863017277802E+00
 0.16370410982786E+00
 0.16889386668814E+00
 0.17420210965364E+00
 0.17962988762968E+00
 0.18517799956966E+00
 0.19084718206640E+00
 0.19663789582816E+00
 0.20255032323928E+00
 0.20858435903647E+00
 0.21473965071720E+00
 0.22101552896070E+00
 0.22741095900936E+00
 0.23392449768987E+00
 0.24055438924486E+00
 0.24729839916480E+00
 0.25415391535370E+00
 0.26111785776549E+00
 0.26818664874008E+00
 0.27535635151817E+00
 0.28262246006823E+00
 0.28998011961330E+00
 0.29742398255496E+00
 0.30494829549575E+00
 0.31254687190833E+00
 0.32021319156709E+00
 0.32794038903375E+00
 0.33572134779148E+00
 0.34354864446094E+00
 0.35141468475487E+00
 0.35931172217405E+00
 0.36723192257451E+00
 0.37516742712572E+00
 0.38311120233389E+00
 0.39105386451945E+00
 0.39898850812021E+00
 0.40690765287210E+00
 0.41480400512826E+00
 0.42267053158831E+00
 0.43050047155923E+00
 0.43828739733968E+00
 0.44602521449215E+00
 0.45370815275852E+00
 0.46133074062547E+00
 0.46888792631152E+00
 0.47637501890734E+00
 0.48378768772797E+00
 0.49112195265495E+00
 0.49837419659067E+00
 0.50554117342614E+00
 0.51261995736902E+00
 0.51960793494538E+00
 0.52650279929571E+00
 0.53330255696502E+00
 0.54000545623949E+00
 0.54661004546820E+00
 0.55311510540334E+00
 0.55951965216434E+00
 0.56582294544114E+00
 0.57202445336004E+00
 0.57812385166776E+00
 0.58412101467762E+00
 0.59001607686918E+00
 0.59580927134282E+00
 0.60150108453603E+00
 0.60709219620894E+00
 0.61258339416517E+00
 0.61797568518478E+00
 0.62327022714657E+00
 0.62846833385894E+00
 0.63357123913086E+00
 0.63858103511396E+00
 0.64349919325029E+00
 0.64832754441674E+00
 0.65306802393722E+00
 0.65772265551076E+00
 0.66229352279150E+00
 0.66678273761581E+00
 0.67119245234776E+00
 0.67552483742910E+00
 0.67978213949464E+00
 0.68396633980642E+00
 0.68807965009950E+00
 0.69212414597252E+00
 0.69610186363196E+00
 0.70001478185403E+00
 0.70386482333980E+00
 0.70765384063390E+00
 0.71138362682225E+00
 0.71505589277427E+00
 0.71867228702836E+00
 0.72223438557032E+00
 0.72574369819226E+00
 0.72920166458761E+00
 0.73260965799455E+00
 0.73596899171175E+00
 0.73928091493466E+00
 0.74254662135165E+00
 0.74576724439472E+00
 0.74894387111421E+00
 0.75207753628500E+00
 0.75516915302242E+00
 0.75821983272878E+00
 0.76123038753622E+00
 0.76420168288592E+00
 0.76713454670687E+00
 0.77002977741160E+00
 0.77288814278612E+00
 0.77571036954703E+00
 0.77849716204791E+00
 0.78124920019031E+00
 0.78396714910892E+00
 0.78665163418395E+00
 0.78930326500654E+00
 0.79192263225925E+00
 0.79451030959926E+00
 0.79706684864971E+00
 0.79959278517350E+00
 0.80208864037349E+00
 0.80455491950256E+00
 0.80699211376971E+00
 0.80940070139378E+00
 0.81178114677025E+00
 0.81413390201752E+00
 0.81645940856128E+00
 0.81875809611512E+00
 0.82103038463301E+00
 0.82327668212781E+00
 0.82549739109112E+00
 0.82769290052029E+00
 0.82986359290588E+00
 0.83200984305659E+00
 0.83413201402661E+00
 0.83623046416876E+00
 0.83830554344047E+00
 0.84035759520955E+00
 0.84238695519597E+00
 0.84439395359189E+00
 0.84637891126675E+00
 0.84834214525391E+00
 0.85028396682271E+00
 0.85220467894914E+00
 0.85410457867939E+00
 0.85598396410010E+00
 0.85784311907603E+00
 0.85968232557745E+00
 0.86150186256452E+00
 0.86330200207863E+00
 0.86508300984702E+00
 0.86684515004786E+00
 0.86858868048135E+00
 0.87031385576475E+00
 0.87202092386746E+00
 0.87371012945174E+00
 0.87538171402311E+00
 0.87703591403679E+00
 0.87867296263866E+00
 0.88029308741287E+00
 0.88189651405431E+00
 0.88348346425609E+00
 0.88505415538913E+00
 0.88660880216721E+00
 0.88814761390465E+00
 0.88967079810383E+00
 0.89117855917291E+00
 0.89267109755007E+00
 0.89414861062340E+00
 0.89561129150645E+00
 0.89705933216223E+00
 0.89849292049335E+00
 0.89991224164522E+00
 0.90131747747825E+00
 0.90270880799382E+00
 0.90408640989429E+00
 0.90545045664857E+00
 0.90680111903059E+00
 0.90813856577443E+00
 0.90946296279612E+00
 0.91077447339731E+00
 0.91207325849696E+00
 0.91335947657191E+00
