 0.00000000000000E+00
 0.00000000000000E+00
 0.00000000000000E+00
 0.00000000000000E+00
 0.10949492372892E-25
 0.23236046150587E-21
 0.28622750855516E-18
 0.59514626112946E-16
 0.37795926762879E-14
 0.10464120441231E-12
 0.15839178496663E-11
 0.15243758498320E-10
 0.10355401711453E-09
 0.53502754670166E-09
 0.22207314217174E-08
 0.77152991825688E-08
 0.23151908750319E-07
 0.61489606917458E-07
 0.14735782997484E-06
 0.32359233293066E-06
 0.65932957709325E-06
 0.12592780555645E-05
 0.22736520609545E-05
 0.39080710355500E-05
 0.64328875136075E-05
 0.10191161056117E-04
 0.15605152016455E-04
 0.23180462756452E-04
 0.33508513257161E-04
 0.47266052629832E-04
 0.65213614995576E-04
 0.88190602532491E-04
 0.11711032729760E-03
 0.15295280868450E-03
 0.19675523772828E-03
 0.24960477583499E-03
 0.31262796586690E-03
 0.38698209103009E-03
 0.47384206068194E-03
 0.57439540978874E-03
 0.68983028059153E-03
 0.82132723105643E-03
 0.97005317911907E-03
 0.11371458476620E-02
 0.13237180758310E-02
 0.15308447366897E-02
 0.17595587825492E-02
 0.20108465671501E-02
 0.22856437956300E-02
 0.25848374103424E-02
 0.29092427716461E-02
 0.32596302820371E-02
 0.36367056620881E-02
 0.40411131039031E-02
 0.44734347954355E-02
 0.49341908314241E-02
 0.54238395135702E-02
 0.59427780170862E-02
 0.64913549907753E-02
 0.70698268050472E-02
 0.76784244876956E-02
 0.83173134423349E-02
 0.89866053250725E-02
 0.96863602627008E-02
 0.10416589092253E-01
 0.11177255708329E-01
 0.11968279501188E-01
 0.12789537855539E-01
 0.13640868707084E-01
 0.14522073127693E-01
 0.15432917928199E-01
 0.16373138259438E-01
 0.17342440217039E-01
 0.18340531536064E-01
 0.19367013700564E-01
 0.20421546886830E-01
 0.21503746547500E-01
 0.22613211500889E-01
 0.23749526341929E-01
 0.24912263799360E-01
 0.26100986983187E-01
 0.27315251569275E-01
 0.28554607911636E-01
 0.29818603123900E-01
 0.31106792174034E-01
 0.32418705210894E-01
 0.33753898647180E-01
 0.35111925721990E-01
 0.36492345746892E-01
 0.37894772503513E-01
 0.39318690821725E-01
 0.40763732126819E-01
 0.42229495999350E-01
 0.43715595633860E-01
 0.45221659305964E-01
 0.46747331863696E-01
 0.48292275884335E-01
 0.49856173538871E-01
 0.51438727198968E-01
 0.53039660675695E-01
 0.54658720711557E-01
 0.56295678035461E-01
 0.57950328650913E-01
 0.59622554487907E-01
 0.61312087906014E-01
 0.63018864364801E-01
 0.64742792159766E-01
 0.66483809593820E-01
 0.68241887167624E-01
 0.70017028358578E-01
 0.71809269471854E-01
 0.73618684300064E-01
 0.75445380737048E-01
 0.77289505229290E-01
 0.79151307221951E-01
 0.81030880974498E-01
 0.82928553355725E-01
 0.84844629405792E-01
 0.86779455736198E-01
 0.88733422155206E-01
 0.90707000102980E-01
 0.92700597180103E-01
 0.94714768944677E-01
 0.96750083973277E-01
 0.98807222169070E-01
 0.10088671152746E+00
 0.10298932294635E+00
 0.10511580657094E+00
 0.10726695658957E+00
 0.10944361287939E+00
 0.11164665847669E+00
 0.11387701704088E+00
 0.11613571670472E+00
 0.11842363156374E+00
 0.12074186052729E+00
 0.12309147429341E+00
 0.12547357212476E+00
 0.12788927706049E+00
 0.13033973992541E+00
 0.13282618624942E+00
 0.13534967863020E+00
 0.13791146681483E+00
 0.14051274797845E+00
 0.14315471831563E+00
 0.14583857225565E+00
 0.14856555107739E+00
 0.15133671992281E+00
 0.15415328605758E+00
 0.15701638376981E+00
 0.15992711731940E+00
 0.16288656133286E+00
 0.16589580369177E+00
 0.16895582270747E+00
 0.17206747471331E+00
 0.17523173276356E+00
 0.17844944122930E+00
 0.18172143027079E+00
 0.18504833099890E+00
 0.18843083047312E+00
 0.19186948015710E+00
 0.19536475595286E+00
 0.19891704349044E+00
 0.20252651232358E+00
 0.20619329560312E+00
 0.20991735316535E+00
 0.21369850950198E+00
 0.21753630081231E+00
 0.22143015142056E+00
 0.22537923895713E+00
 0.22938247939786E+00
 0.23343854030460E+00
 0.23754568751657E+00
 0.24170195937187E+00
 0.24590502432738E+00
 0.25015210270886E+00
 0.25444008230746E+00
 0.25876541257465E+00
 0.26312413298303E+00
 0.26751177871657E+00
 0.27192351432835E+00
 0.27635407459996E+00
 0.28079774992999E+00
 0.28524848024992E+00
 0.28969988650451E+00
 0.29414532544337E+00
 0.29857787073539E+00
 0.30299052296273E+00
 0.30737621457168E+00
 0.31172786428072E+00
 0.31603849324746E+00
 0.32030150859721E+00
 0.32451038095270E+00
 0.32865904458642E+00
 0.33274185530516E+00
 0.33675367030968E+00
 0.34068985122981E+00
 0.34454634795876E+00
 0.34831968060940E+00
 0.35200696468443E+00
 0.35560677939598E+00
 0.35911559949006E+00
 0.36253306647452E+00
 0.36585846119449E+00
 0.36909151598703E+00
 0.37223239774624E+00
 0.37528164966426E+00
 0.37824015039321E+00
 0.38110907641738E+00
 0.38388984609287E+00
 0.38658410274146E+00
 0.38919366169690E+00
 0.39172048398467E+00
 0.39416664224404E+00
 0.39653429476584E+00
 0.39882566311389E+00
 0.40104300621344E+00
 0.40318860488500E+00
 0.40526474414073E+00
 0.40727370099273E+00
 0.40921773270468E+00
 0.41109905064241E+00
 0.41291987177651E+00
 0.41468232192847E+00
 0.41638849341135E+00
 0.41804042552020E+00
 0.41964009867170E+00
 0.42118943532966E+00
 0.42269029560447E+00
 0.42414448000697E+00
 0.42555372651911E+00
 0.42691971250921E+00
 0.42824405345384E+00
 0.42952830485867E+00
 0.43077396245105E+00
 0.43198246941793E+00
 0.43315520638195E+00
 0.43429350242437E+00
 0.43539863269706E+00
 0.43647182209670E+00
 0.43751424678993E+00
 0.43852703333694E+00
 0.43951126249569E+00
 0.44046797129953E+00
 0.44139815402878E+00
 0.44230276488249E+00
 0.44318271894784E+00
 0.44403889253034E+00
 0.44487212642043E+00
 0.44568322756022E+00
 0.44647296834606E+00
 0.44724209154887E+00
 0.44799130808939E+00
 0.44872130034379E+00
 0.44943272388572E+00
 0.45012620679877E+00
 0.45080235220019E+00
 0.45146173967907E+00
 0.45210492462941E+00
 0.45273244086041E+00
 0.45334480112950E+00
 0.45394249790271E+00
 0.45452600407446E+00
 0.45509577508038E+00
 0.45565224757226E+00
 0.45619584206267E+00
 0.45672696246997E+00
 0.45724599744687E+00
 0.45775332095806E+00
 0.45824929283141E+00
 0.45873425942943E+00
 0.45920855426165E+00
 0.45967249817236E+00
 0.46012640034759E+00
 0.46057055862783E+00
 0.46100525996969E+00
 0.46143078099437E+00
 0.46184738833997E+00
 0.46225533901864E+00
 0.46265488098287E+00
 0.46304625334301E+00
 0.46342968685431E+00
 0.46380540416103E+00
 0.46417362017322E+00
 0.46453454254002E+00
 0.46488837160714E+00
 0.46523530099683E+00
 0.46557551749358E+00
 0.46590920191093E+00
 0.46623652892858E+00
 0.46655766733402E+00
 0.46687278038014E+00
 0.46718202596361E+00
 0.46748555684308E+00
 0.46778352081473E+00
 0.46807606059553E+00
 0.46836331495561E+00
 0.46864541760894E+00
 0.46892249838969E+00
 0.46919468299064E+00
 0.46946209307124E+00
