                  NaN
                  NaN
                  NaN
                  NaN
 0.10000000133514E-09
 0.10000000133514E-09
 0.10000000133514E-09
 0.10000000133514E-09
 0.10000000133514E-09
 0.10000000133517E-09
 0.10000000133562E-09
 0.10000000133995E-09
 0.10000000137693E-09
 0.10000000178191E-09
 0.10000000693301E-09
 0.10000006317558E-09
 0.10000054429163E-09
 0.10000380075448E-09
 0.10002175988216E-09
 0.10010481051248E-09
 0.10043491548533E-09
 0.10158616633142E-09
 0.10517021238869E-09
 0.11527437204854E-09
 0.14138477161318E-09
 0.20386599782661E-09
 0.34353685335096E-09
 0.63737817802054E-09
 0.12229433948536E-08
 0.37339443733263E-04
 0.37346203354360E-04
 0.68778927169222E-04
 0.68798123811193E-04
 0.11795752237866E-03
 0.15099101182031E-03
 0.19069198836945E-03
 0.23788413655347E-03
 0.29342195527940E-03
 0.35818857551667E-03
 0.43309140215085E-03
 0.51906059204132E-03
 0.61704696501983E-03
 0.72801992400545E-03
 0.85296863081222E-03
 0.99289903569423E-03
 0.11488344003636E-02
 0.13218161667374E-02
 0.15129038457372E-02
 0.17231763026468E-02
 0.19537315337221E-02
 0.22056911905269E-02
 0.24801962860999E-02
 0.27784119726646E-02
 0.31015280770200E-02
 0.34507606019277E-02
 0.38273532180585E-02
 0.42325783222608E-02
 0.46677390155906E-02
 0.51341686363609E-02
 0.56332287098722E-02
 0.61663231116518E-02
 0.67348831384787E-02
 0.73403773218293E-02
 0.79843113294405E-02
 0.86682297020865E-02
 0.93937128135106E-02
 0.10162381080555E-01
 0.10975894328747E-01
 0.11835952406920E-01
 0.12744297711041E-01
 0.13702717564110E-01
 0.14713042270854E-01
 0.15777145781643E-01
 0.16896945971761E-01
 0.18074397333159E-01
 0.19311507359016E-01
 0.20610347325303E-01
 0.21973015127405E-01
 0.23401665545926E-01
 0.24898501173375E-01
 0.26465774293112E-01
 0.28105786205319E-01
 0.29820900363115E-01
 0.31613535348088E-01
 0.33489250217410E-01
 0.35444769235456E-01
 0.37485407349990E-01
 0.39613798691425E-01
 0.41832654583160E-01
 0.44144737390997E-01
 0.46552811277714E-01
 0.49059790320744E-01
 0.51668606356437E-01
 0.54382260510711E-01
 0.57203797484282E-01
 0.60136345023491E-01
 0.63183084643493E-01
 0.66347249529346E-01
 0.69632153940607E-01
 0.73041164418080E-01
 0.76577702976691E-01
 0.80245246445914E-01
 0.84047345127153E-01
 0.87987576722940E-01
 0.92069588628692E-01
 0.96297028646933E-01
 0.10067367225429E+00
 0.10520326014559E+00
 0.10988958907043E+00
 0.11473646720737E+00
 0.11974769220584E+00
 0.12492713373327E+00
 0.13027857162464E+00
 0.13580588009715E+00
 0.14151282546170E+00
 0.14740299081415E+00
 0.15348009697984E+00
 0.15974770192962E+00
 0.16620921927003E+00
 0.17286796280836E+00
 0.17972880098628E+00
 0.18679142666765E+00
 0.19406010069006E+00
 0.20153729766019E+00
 0.20922517309915E+00
 0.21712552480825E+00
 0.22523988728770E+00
 0.23356929024514E+00
 0.24211428835773E+00
 0.25087498910837E+00
 0.25985096184442E+00
 0.26904116615789E+00
 0.27844395902865E+00
 0.28805691935513E+00
 0.29787703975929E+00
 0.30790057113995E+00
 0.31812297227846E+00
 0.32853886501626E+00
 0.33914218271398E+00
 0.34992600123847E+00
 0.36088250008223E+00
 0.37200321601408E+00
 0.38327887138183E+00
 0.39469941582187E+00
 0.40625414585983E+00
 0.41793177659513E+00
 0.42972028209059E+00
 0.44160726143697E+00
 0.45357984389962E+00
 0.46562479060490E+00
 0.47772859947092E+00
 0.48987765578966E+00
 0.50205898351770E+00
 0.51425698907574E+00
 0.52645879551432E+00
 0.53865079556521E+00
 0.55081962335182E+00
 0.56295201208464E+00
 0.57503517011659E+00
 0.58705662437184E+00
 0.59900431890847E+00
 0.61086660460776E+00
 0.62263207918989E+00
 0.63428995490832E+00
 0.64582984773874E+00
 0.65724184034134E+00
 0.66851629314941E+00
 0.67964410440613E+00
 0.69061657896240E+00
 0.70142535939632E+00
 0.71206247222813E+00
 0.72252015607892E+00
 0.73279110814203E+00
 0.74286828005481E+00
 0.75274485997820E+00
 0.76241439090522E+00
 0.77187068175124E+00
 0.78110787787828E+00
 0.79012036371672E+00
 0.79890294550689E+00
 0.80745080639959E+00
 0.81575955454808E+00
 0.82382523811335E+00
 0.83164449106819E+00
 0.83921455232708E+00
 0.84653318778053E+00
 0.85359894963040E+00
 0.86041111082098E+00
 0.86696967707026E+00
 0.87327533803179E+00
 0.87933010833006E+00
 0.88513624282527E+00
 0.89069700324880E+00
 0.89601640424846E+00
 0.90109918657235E+00
 0.90595071964308E+00
 0.91057697133947E+00
 0.91498441392525E+00
 0.91917995650717E+00
 0.92317151403643E+00
 0.92696525117502E+00
 0.93056952300424E+00
 0.93399212507014E+00
 0.93724088509756E+00
 0.94032361357299E+00
 0.94324803983768E+00
 0.94602176354938E+00
 0.94865222142894E+00
 0.95114663959364E+00
 0.95351202640248E+00
 0.95575513973202E+00
 0.95788247812758E+00
 0.95990026793680E+00
 0.96181445942140E+00
 0.96363072672159E+00
 0.96535446569624E+00
 0.96699080039526E+00
 0.96854458689160E+00
 0.97002042310423E+00
 0.97142265583982E+00
 0.97275537509016E+00
 0.97402248577706E+00
 0.97522762121351E+00
 0.97637422208811E+00
 0.97746552898502E+00
 0.97850459237238E+00
 0.97949428353300E+00
 0.98043730202255E+00
 0.98133618870149E+00
 0.98219333342835E+00
 0.98301098526826E+00
 0.98379125781369E+00
 0.98453613986355E+00
 0.98524750221754E+00
 0.98592710707408E+00
 0.98657661038516E+00
 0.98719757196446E+00
 0.98779146021941E+00
 0.98835965830088E+00
 0.98890346942384E+00
 0.98942412114938E+00
 0.98992277055544E+00
 0.99040050885918E+00
 0.99085836530056E+00
 0.99129731129931E+00
 0.99171826377607E+00
 0.99212208819422E+00
 0.99250960236248E+00
 0.99288157908914E+00
 0.99323874861967E+00
 0.99358180210133E+00
 0.99391139280500E+00
 0.99422813923761E+00
 0.99453262719609E+00
 0.99482541124409E+00
 0.99510701695905E+00
 0.99537794265100E+00
 0.99563866055790E+00
 0.99588961882402E+00
 0.99613124271990E+00
 0.99636393592500E+00
 0.99658808175498E+00
 0.99680404469851E+00
 0.99701217077433E+00
 0.99721278915902E+00
 0.99740621287138E+00
 0.99759273974938E+00
 0.99777265325649E+00
 0.99794622331619E+00
 0.99811370700265E+00
 0.99827534929827E+00
 0.99843138360565E+00
 0.99858203251786E+00
 0.99872750832010E+00
 0.99886801356894E+00
 0.99900374156747E+00
 0.99913487687697E+00
 0.99926159574736E+00
 0.99938406654242E+00
 0.99950245017479E+00
 0.99961690044669E+00
 0.99972756442701E+00
 0.99983458278257E+00
 0.99993809012847E+00
 0.10000382152779E+01
 0.10001350814972E+01
 0.10002288069729E+01
 0.10003195047783E+01
 0.10004072833083E+01
 0.10004922464387E+01
 0.10005744937748E+01
 0.10006541208142E+01
 0.10007312191581E+01
 0.10008058767100E+01
 0.10008781777944E+01
 0.10009482034306E+01
 0.10010160313329E+01
 0.10010817361891E+01
 0.10011453897505E+01
 0.10012070609472E+01
