 0.13460747472231E+01
 0.13460747472208E+01
 0.13460747471658E+01
 0.13460747467973E+01
 0.13460747454887E+01
 0.13460747422411E+01
 0.13460747357677E+01
 0.13460747246375E+01
 0.13460747077388E+01
 0.13460746857394E+01
 0.13460746643885E+01
 0.13460746601330E+01
 0.13460747077356E+01
 0.13460748688915E+01
 0.13460769364180E+01
 0.13460776566072E+01
 0.13460807843373E+01
 0.13460848373683E+01
 0.13460922181264E+01
 0.13461015255885E+01
 0.13461157668512E+01
 0.13461335694110E+01
 0.13461584619077E+01
 0.13461887807694E+01
 0.13462284236025E+01
 0.13462754297401E+01
 0.13463339001564E+01
 0.13464016947386E+01
 0.13464829093288E+01
 0.13465753377701E+01
 0.13466829003755E+01
 0.13468034363756E+01
 0.13469390116370E+01
 0.13470920679367E+01
 0.13472601088692E+01
 0.13474450566250E+01
 0.13476474514853E+01
 0.13478694483437E+01
 0.13481081212549E+01
 0.13483652467214E+01
 0.13486410951850E+01
 0.13489358344371E+01
 0.13492513329313E+01
 0.13495842869964E+01
 0.13499362752590E+01
 0.13503072978199E+01
 0.13506972713971E+01
 0.13511060723452E+01
 0.13515335378913E+01
 0.13519812669043E+01
 0.13524455382687E+01
 0.13529277474407E+01
 0.13534276218384E+01
 0.13539448344311E+01
 0.13544790309255E+01
 0.13550298302231E+01
 0.13555968261668E+01
 0.13561795886349E+01
 0.13567794461727E+01
 0.13573924372445E+01
 0.13580197518036E+01
 0.13586608909135E+01
 0.13593153176157E+01
 0.13599824751959E+01
 0.13606617877845E+01
 0.13613526607614E+01
 0.13620544809311E+01
 0.13627666172644E+01
 0.13634884206433E+01
 0.13642192239779E+01
 0.13649583424437E+01
 0.13657050741560E+01
 0.13664586988557E+01
 0.13672203541624E+01
 0.13679855936327E+01
 0.13687554492025E+01
 0.13695291479081E+01
 0.13703058762447E+01
 0.13710848086567E+01
 0.13718651014421E+01
 0.13726458925710E+01
 0.13734263016150E+01
 0.13742054290283E+01
 0.13749823556514E+01
 0.13757559515408E+01
 0.13765256119504E+01
 0.13772901938015E+01
 0.13780487000127E+01
 0.13788001094617E+01
 0.13795453002564E+01
 0.13802794314178E+01
 0.13810032698702E+01
 0.13817157155234E+01
 0.13824156357870E+01
 0.13831018747537E+01
 0.13837732533280E+01
 0.13844285671796E+01
 0.13850665724916E+01
 0.13856860058400E+01
 0.13862855827034E+01
 0.13868639820362E+01
 0.13874198562906E+01
 0.13879518225357E+01
 0.13884604238660E+01
 0.13889403867279E+01
 0.13893920986497E+01
 0.13898140620961E+01
 0.13902047308547E+01
 0.13905625225311E+01
 0.13908858182446E+01
 0.13911729821433E+01
 0.13914222917323E+01
 0.13916320340082E+01
 0.13918004461286E+01
 0.13919276281221E+01
 0.13920080005982E+01
 0.13920415238452E+01
 0.13920262941729E+01
 0.13919603623043E+01
 0.13918417560729E+01
 0.13916682246824E+01
 0.13914382160473E+01
 0.13911494492105E+01
 0.13907998516754E+01
 0.13903892272889E+01
 0.13899117811717E+01
 0.13893672167169E+01
 0.13887534412530E+01
 0.13880683740211E+01
 0.13873099360139E+01
 0.13864760745432E+01
 0.13855647746659E+01
 0.13845758361473E+01
 0.13835038727410E+01
 0.13823487228288E+01
 0.13811085921974E+01
 0.13797817694059E+01
 0.13783666420782E+01
 0.13768616680156E+01
 0.13752670526193E+01
 0.13735783088081E+01
 0.13717957899755E+01
 0.13699184123654E+01
 0.13679452182585E+01
 0.13658753579531E+01
 0.13637095374501E+01
 0.13614443220399E+01
 0.13590805516768E+01
 0.13566178148431E+01
 0.13540557827990E+01
 0.13513941861515E+01
 0.13486341024139E+01
 0.13457725466353E+01
 0.13428111692070E+01
 0.13397495430351E+01
 0.13365875568235E+01
 0.13333261778656E+01
 0.13299630014291E+01
 0.13264988420294E+01
 0.13229334579470E+01
 0.13192663741296E+01
 0.13154981896111E+01
 0.13116264863659E+01
 0.13076515961644E+01
 0.13035728857080E+01
 0.12993904670900E+01
 0.12951020221348E+01
 0.12907075935175E+01
 0.12862064181805E+01
 0.12815977383173E+01
 0.12768816608236E+01
 0.12720564030564E+01
 0.12671222521575E+01
 0.12620796795222E+01
 0.12569277543731E+01
 0.12516675317344E+01
 0.12462999149855E+01
 0.12408267053446E+01
 0.12352488777757E+01
 0.12295692803655E+01
 0.12237912903779E+01
 0.12179177670505E+01
 0.12119534192898E+01
 0.12059031252718E+01
 0.11997726577841E+01
 0.11935677768546E+01
 0.11872954724181E+01
 0.11809633320733E+01
 0.11745786092156E+01
 0.11681499401951E+01
 0.11616856004095E+01
 0.11551941002070E+01
 0.11486843704184E+01
 0.11421652191262E+01
 0.11356454625741E+01
 0.11291334139088E+01
 0.11226375052352E+01
 0.11161657585935E+01
 0.11097259025731E+01
 0.11033249357080E+01
 0.10969698799314E+01
 0.10906670208434E+01
 0.10844223064979E+01
 0.10782409908768E+01
 0.10721280737526E+01
 0.10660880116900E+01
 0.10601248620118E+01
 0.10542420254386E+01
 0.10484427877988E+01
 0.10427298477594E+01
 0.10371056591205E+01
 0.10315722008948E+01
 0.10261312046465E+01
 0.10207840892560E+01
 0.10155319727759E+01
 0.10103757442734E+01
 0.10053160430432E+01
 0.10003532888567E+01
 0.99548774207126E+00
 0.99071944629371E+00
 0.98604832911122E+00
 0.98147407361798E+00
 0.97699633228374E+00
 0.97261461097514E+00
 0.96832828203914E+00
 0.96413664106346E+00
 0.96003888866157E+00
 0.95603418512231E+00
 0.95212156440760E+00
 0.94830005961526E+00
 0.94456860365801E+00
 0.94092610286953E+00
 0.93737143071755E+00
 0.93390340951039E+00
 0.93052086567431E+00
 0.92722257433232E+00
 0.92400729434227E+00
 0.92087377787520E+00
 0.91782075302611E+00
 0.91484693802363E+00
 0.91195105686248E+00
 0.90913179350543E+00
 0.90638789698612E+00
 0.90371805557227E+00
 0.90112101711693E+00
 0.89859546173644E+00
 0.89614012965815E+00
 0.89375375500868E+00
 0.89143505867988E+00
 0.88918280648484E+00
 0.88699573770617E+00
 0.88487262961738E+00
 0.88281226504012E+00
 0.88081344079130E+00
 0.87887495689869E+00
 0.87699563857485E+00
 0.87517431683773E+00
 0.87340984198569E+00
 0.87170107980827E+00
 0.87004690896458E+00
 0.86844622385368E+00
 0.86689793185603E+00
 0.86540096554105E+00
 0.86395426714761E+00
 0.86255678805996E+00
 0.86120750670367E+00
 0.85990540955457E+00
 0.85864951464540E+00
 0.85743883778243E+00
 0.85627241035137E+00
 0.85514929538107E+00
 0.85406856122542E+00
 0.85302929631690E+00
 0.85203059952495E+00
 0.85107158904373E+00
 0.85015139598176E+00
 0.84926917288394E+00
 0.84842407923143E+00
 0.84761529672098E+00
 0.84684201694186E+00
 0.84610344718254E+00
 0.84539881340135E+00
 0.84472734729363E+00
 0.84408830433604E+00
 0.84348094508285E+00
 0.84290455174360E+00
 0.84235841627165E+00
 0.84184184345002E+00
 0.84135415205339E+00
 0.84089467465816E+00
 0.84046275692524E+00
 0.84005775468538E+00
 0.83967904556027E+00
 0.83932600066460E+00
 0.83899801719632E+00
 0.83869450229292E+00
 0.83841487379894E+00
 0.83815855867292E+00
 0.83792500258998E+00
 0.83771365158161E+00
