 0.10930123522451E+01
 0.10930123519207E+01
 0.10930123484239E+01
 0.10930123337184E+01
 0.10930122940021E+01
 0.10930122101953E+01
 0.10930120583507E+01
 0.10930118099669E+01
 0.10930114331741E+01
 0.10930108966883E+01
 0.10930101785718E+01
 0.10930092805017E+01
 0.10930082460668E+01
 0.10930071799019E+01
 0.10930066118204E+01
 0.10930061164039E+01
 0.10930067876155E+01
 0.10930087235520E+01
 0.10930128877028E+01
 0.10930195168696E+01
 0.10930297911384E+01
 0.10930440095504E+01
 0.10930634829522E+01
 0.10930884372269E+01
 0.10931202199429E+01
 0.10931589247721E+01
 0.10932058546600E+01
 0.10932609549529E+01
 0.10933254136495E+01
 0.10933990329171E+01
 0.10934828333685E+01
 0.10935764888157E+01
 0.10936805011833E+01
 0.10937954068598E+01
 0.10939206063991E+01
 0.10940564054453E+01
 0.10942027609987E+01
 0.10943599445568E+01
 0.10945270615382E+01
 0.10947042218902E+01
 0.10948911731373E+01
 0.10950876143823E+01
 0.10952936149960E+01
 0.10955080422172E+01
 0.10957308690252E+01
 0.10959616956024E+01
 0.10962001024167E+01
 0.10964456576043E+01
 0.10966979218081E+01
 0.10969568836262E+01
 0.10972212625000E+01
 0.10974910116872E+01
 0.10977656970958E+01
 0.10980448843118E+01
 0.10983281463206E+01
 0.10986150651817E+01
 0.10989052334025E+01
 0.10991982550812E+01
 0.10994941952764E+01
 0.10997918083621E+01
 0.11000911608354E+01
 0.11003919155813E+01
 0.11006937457451E+01
 0.11009963394354E+01
 0.11012993999110E+01
 0.11016026456401E+01
 0.11019058102451E+01
 0.11022086424110E+01
 0.11025109057525E+01
 0.11028123786113E+01
 0.11031128538156E+01
 0.11034121383149E+01
 0.11037100530011E+01
 0.11040069235187E+01
 0.11043016311814E+01
 0.11045945082938E+01
 0.11048854297291E+01
 0.11051742825364E+01
 0.11054609635383E+01
 0.11057453809448E+01
 0.11060274540010E+01
 0.11063071126447E+01
 0.11065842969969E+01
 0.11068589573101E+01
 0.11071310694740E+01
 0.11074005727889E+01
 0.11076674587524E+01
 0.11079317141389E+01
 0.11081933338401E+01
 0.11084528244696E+01
 0.11087092042869E+01
 0.11089629785484E+01
 0.11092141750728E+01
 0.11094628266958E+01
 0.11097089728897E+01
 0.11099526584956E+01
 0.11101939337680E+01
 0.11104328613436E+01
 0.11106695049646E+01
 0.11109039353551E+01
 0.11111362283611E+01
 0.11113664658178E+01
 0.11115947344902E+01
 0.11118216294868E+01
 0.11120462535946E+01
 0.11122692011695E+01
 0.11124905812696E+01
 0.11127105044891E+01
 0.11129290872628E+01
 0.11131464504102E+01
 0.11133627126532E+01
 0.11135780105300E+01
 0.11137924781827E+01
 0.11140062415213E+01
 0.11142199364478E+01
 0.11144327432822E+01
 0.11146452814779E+01
 0.11148576993258E+01
 0.11150701459203E+01
 0.11152827734964E+01
 0.11154957531948E+01
 0.11157091988417E+01
 0.11159232845545E+01
 0.11161381641226E+01
 0.11163544582132E+01
 0.11165713935067E+01
 0.11167895700964E+01
 0.11170091310315E+01
 0.11172302131472E+01
 0.11174529488417E+01
 0.11176774626472E+01
 0.11179038689279E+01
 0.11181327142579E+01
 0.11183632306988E+01
 0.11185959231505E+01
 0.11188308605725E+01
 0.11190680954277E+01
 0.11193076605934E+01
 0.11195495757548E+01
 0.11197942436775E+01
 0.11200408462529E+01
 0.11202897254554E+01
 0.11205408112664E+01
 0.11207940076671E+01
 0.11210491936388E+01
 0.11213065877843E+01
 0.11215652970373E+01
 0.11218254689811E+01
 0.11220868806517E+01
 0.11223492676417E+01
 0.11226123412615E+01
 0.11228761040924E+01
 0.11231395975977E+01
 0.11234027055282E+01
 0.11236650498042E+01
 0.11239261779657E+01
 0.11241859141017E+01
 0.11244431739293E+01
 0.11246977099005E+01
 0.11249489291950E+01
 0.11251962322839E+01
 0.11254392044999E+01
 0.11256766633622E+01
 0.11259080940114E+01
 0.11261327045339E+01
 0.11263498801747E+01
 0.11265582801817E+01
 0.11267571554273E+01
 0.11269454935396E+01
 0.11271222084945E+01
 0.11272863571827E+01
 0.11274362947151E+01
 0.11275709417909E+01
 0.11276891113549E+01
 0.11277890329583E+01
 0.11278693871430E+01
 0.11279286368152E+01
 0.11279653471013E+01
 0.11279776074159E+01
 0.11279639328138E+01
 0.11279228319156E+01
 0.11278524703162E+01
 0.11277514222310E+01
 0.11276182564394E+01
 0.11274517511089E+01
 0.11272504925467E+01
 0.11270135886289E+01
 0.11267403229222E+01
 0.11264299536566E+01
 0.11260822408025E+01
 0.11256972042162E+01
 0.11252749044533E+01
 0.11248159248747E+01
 0.11243210132187E+01
 0.11237912598798E+01
 0.11232277929016E+01
 0.11226321492535E+01
 0.11220059855120E+01
 0.11213511662370E+01
 0.11206695352861E+01
 0.11199631793514E+01
 0.11192341918051E+01
 0.11184847357159E+01
 0.11177168724283E+01
 0.11169327496695E+01
 0.11161344375299E+01
 0.11153239450486E+01
 0.11145032454926E+01
 0.11136741249678E+01
 0.11128383667543E+01
 0.11119976172456E+01
 0.11111534284001E+01
 0.11103072391894E+01
 0.11094603805245E+01
 0.11086140781227E+01
 0.11077694535769E+01
 0.11069275301040E+01
 0.11060892353023E+01
 0.11052554035419E+01
 0.11044267878510E+01
 0.11036040387292E+01
 0.11027877770378E+01
 0.11019785127954E+01
 0.11011767042134E+01
 0.11003827485827E+01
 0.10995969870377E+01
 0.10988197102161E+01
 0.10980511622368E+01
 0.10972915474624E+01
 0.10965410288352E+01
 0.10957997352399E+01
 0.10950677635778E+01
 0.10943451831181E+01
 0.10936320235714E+01
 0.10929283348396E+01
 0.10922341018102E+01
 0.10915493047726E+01
 0.10908739115631E+01
 0.10902078707587E+01
 0.10895511226859E+01
 0.10889035931381E+01
 0.10882652017085E+01
 0.10876358555395E+01
 0.10870154455080E+01
 0.10864038892966E+01
 0.10858010666536E+01
 0.10852068593989E+01
 0.10846211515935E+01
 0.10840438191441E+01
 0.10834747420539E+01
 0.10829137892630E+01
 0.10823608364886E+01
 0.10818157438130E+01
 0.10812784041639E+01
 0.10807486773959E+01
 0.10802264347009E+01
 0.10797115439967E+01
 0.10792038792671E+01
 0.10787033130207E+01
 0.10782097186015E+01
 0.10777229706388E+01
 0.10772429363686E+01
 0.10767695105612E+01
 0.10763025632829E+01
 0.10758419733355E+01
 0.10753876241364E+01
 0.10749393997178E+01
 0.10744971855061E+01
 0.10740608689443E+01
 0.10736303310520E+01
 0.10732054792935E+01
 0.10727861988023E+01
 0.10723723845873E+01
 0.10719639337242E+01
 0.10715607452516E+01
 0.10711627198696E+01
 0.10707697603541E+01
 0.10703817645550E+01
 0.10699986532898E+01
 0.10696203279143E+01
 0.10692466987955E+01
 0.10688776776674E+01
 0.10685131791398E+01
 0.10681531182797E+01
 0.10677974132414E+01
 0.10674459767692E+01
 0.10670987428166E+01
 0.10667556275245E+01
 0.10664165552062E+01
 0.10660814517238E+01
 0.10657502445448E+01
 0.10654228628948E+01
 0.10650992355180E+01
 0.10647792921712E+01
 0.10644629769214E+01
 0.10641502180195E+01
 0.10638409527187E+01
 0.10635351187405E+01
 0.10632326543898E+01
 0.10629335009588E+01
